Time,Fitness,Sequence,Best_sequence,Best_fitness,Number of evaluations
0.0010175704956054688,920884,"[ 95  54  59 117  77  46  31  81  48  98  97  99   2  92 113  56 106 103
  67  62 112  17  83 108  73  96  35  44  91 114  33  42  58  66  10  53
  32  80  38  19 119  27  36 111  39  69  89  85  40  55  65  88  23  34
  78 105   4  82  15 102  41  51  45 110  52  26  43  24  94  74 100  49
  21  70   3 118  30 116  47  90   8  60   0 109  57  22  61  63   7 115
  13  86  93  87  68 104  14  29  28  11  84  18 101  20  50  25   6  71
  76   1  16  64  79   5  75   9  72  12 107  37]","[ 95  54  59 117  77  46  31  81  48  98  97  99   2  92 113  56 106 103
  67  62 112  17  83 108  73  96  35  44  91 114  33  42  58  66  10  53
  32  80  38  19 119  27  36 111  39  69  89  85  40  55  65  88  23  34
  78 105   4  82  15 102  41  51  45 110  52  26  43  24  94  74 100  49
  21  70   3 118  30 116  47  90   8  60   0 109  57  22  61  63   7 115
  13  86  93  87  68 104  14  29  28  11  84  18 101  20  50  25   6  71
  76   1  16  64  79   5  75   9  72  12 107  37]",920884,2
99.70865559577942,883407,"[97, 54, 117, 46, 81, 98, 99, 2, 92, 113, 56, 106, 103, 67, 62, 112, 17, 83, 108, 73, 96, 35, 44, 91, 114, 33, 42, 58, 66, 10, 53, 32, 80, 38, 19, 119, 27, 36, 111, 39, 69, 89, 85, 40, 55, 65, 88, 23, 34, 78, 105, 4, 82, 15, 102, 41, 51, 45, 110, 52, 26, 95, 43, 24, 94, 74, 100, 49, 21, 70, 3, 118, 30, 116, 47, 90, 8, 60, 0, 109, 57, 22, 61, 63, 7, 115, 13, 86, 93, 59, 87, 68, 104, 14, 29, 28, 11, 84, 18, 101, 20, 50, 25, 6, 71, 76, 1, 16, 64, 79, 5, 75, 9, 72, 12, 77, 31, 48, 107, 37]","[97, 54, 117, 46, 81, 98, 99, 2, 92, 113, 56, 106, 103, 67, 62, 112, 17, 83, 108, 73, 96, 35, 44, 91, 114, 33, 42, 58, 66, 10, 53, 32, 80, 38, 19, 119, 27, 36, 111, 39, 69, 89, 85, 40, 55, 65, 88, 23, 34, 78, 105, 4, 82, 15, 102, 41, 51, 45, 110, 52, 26, 95, 43, 24, 94, 74, 100, 49, 21, 70, 3, 118, 30, 116, 47, 90, 8, 60, 0, 109, 57, 22, 61, 63, 7, 115, 13, 86, 93, 59, 87, 68, 104, 14, 29, 28, 11, 84, 18, 101, 20, 50, 25, 6, 71, 76, 1, 16, 64, 79, 5, 75, 9, 72, 12, 77, 31, 48, 107, 37]",883407,602
