Sequence,Fitness,Best_sequence,Best_fitness,Time
"[0, 1, 2, 3, 4, 5, 6, 7, 8, 9, 10, 11, 12, 13, 14, 15, 16, 17, 18, 19]",859,"[0, 1, 2, 3, 4, 5, 6, 7, 8, 9, 10, 11, 12, 13, 14, 15, 16, 17, 18, 19]",859,1.9073486328125e-05
"[0, 1, 2, 3, 4, 5, 6, 7, 8, 9, 10, 11, 12, 13, 14, 15, 16, 17, 18, 19]",859,"[0, 1, 2, 3, 4, 5, 6, 7, 8, 9, 10, 11, 12, 13, 14, 15, 16, 17, 18, 19]",859,0.021301984786987305
"[0, 1, 2, 3, 4, 5, 6, 7, 8, 9, 10, 11, 12, 13, 14, 15, 16, 17, 18, 19]",859,"[0, 1, 2, 3, 4, 5, 6, 7, 8, 9, 10, 11, 12, 13, 14, 15, 16, 17, 18, 19]",859,0.04282999038696289
"[0, 1, 2, 3, 4, 5, 6, 7, 8, 9, 10, 11, 12, 13, 14, 15, 16, 17, 18, 19]",859,"[0, 1, 2, 3, 4, 5, 6, 7, 8, 9, 10, 11, 12, 13, 14, 15, 16, 17, 18, 19]",859,0.06473302841186523
"[0, 1, 2, 3, 4, 5, 6, 7, 8, 9, 10, 11, 12, 13, 14, 15, 16, 17, 18, 19]",859,"[0, 1, 2, 3, 4, 5, 6, 7, 8, 9, 10, 11, 12, 13, 14, 15, 16, 17, 18, 19]",859,0.08626317977905273
"[0, 1, 2, 3, 4, 5, 6, 7, 8, 9, 10, 11, 12, 13, 14, 15, 16, 17, 18, 19]",859,"[0, 1, 2, 3, 4, 5, 6, 7, 8, 9, 10, 11, 12, 13, 14, 15, 16, 17, 18, 19]",859,0.10791397094726562
"[16, 1, 2, 3, 4, 5, 6, 7, 8, 9, 10, 11, 12, 13, 14, 15, 0, 17, 18, 19]",826,"[16, 1, 2, 3, 4, 5, 6, 7, 8, 9, 10, 11, 12, 13, 14, 15, 0, 17, 18, 19]",826,0.12962889671325684
"[16, 1, 2, 3, 4, 5, 6, 7, 8, 9, 10, 11, 12, 13, 14, 15, 0, 17, 18, 19]",826,"[16, 1, 2, 3, 4, 5, 6, 7, 8, 9, 10, 11, 12, 13, 14, 15, 0, 17, 18, 19]",826,0.1525111198425293
"[16, 1, 2, 3, 4, 5, 6, 7, 8, 9, 10, 11, 12, 13, 14, 15, 0, 17, 18, 19]",826,"[16, 1, 2, 3, 4, 5, 6, 7, 8, 9, 10, 11, 12, 13, 14, 15, 0, 17, 18, 19]",826,0.17499494552612305
"[16, 1, 2, 3, 4, 5, 6, 7, 8, 9, 10, 11, 12, 13, 14, 15, 0, 17, 18, 19]",826,"[16, 1, 2, 3, 4, 5, 6, 7, 8, 9, 10, 11, 12, 13, 14, 15, 0, 17, 18, 19]",826,0.19975709915161133
"[16, 1, 2, 3, 4, 5, 6, 7, 8, 9, 10, 11, 12, 13, 14, 15, 0, 17, 18, 19]",826,"[16, 1, 2, 3, 4, 5, 6, 7, 8, 9, 10, 11, 12, 13, 14, 15, 0, 17, 18, 19]",826,0.2241370677947998
"[16, 1, 2, 3, 4, 5, 6, 7, 8, 9, 10, 11, 12, 13, 14, 15, 0, 17, 18, 19]",826,"[16, 1, 2, 3, 4, 5, 6, 7, 8, 9, 10, 11, 12, 13, 14, 15, 0, 17, 18, 19]",826,0.2495100498199463
"[16, 1, 2, 3, 4, 5, 6, 7, 8, 9, 10, 11, 12, 13, 14, 15, 0, 17, 18, 19]",826,"[16, 1, 2, 3, 4, 5, 6, 7, 8, 9, 10, 11, 12, 13, 14, 15, 0, 17, 18, 19]",826,0.2729799747467041
"[16, 1, 2, 3, 4, 5, 6, 7, 8, 9, 10, 11, 12, 13, 14, 15, 0, 17, 18, 19]",826,"[16, 1, 2, 3, 4, 5, 6, 7, 8, 9, 10, 11, 12, 13, 14, 15, 0, 17, 18, 19]",826,0.2955200672149658
"[16, 1, 2, 3, 4, 5, 6, 7, 8, 9, 10, 11, 12, 13, 14, 15, 0, 17, 18, 19]",826,"[16, 1, 2, 3, 4, 5, 6, 7, 8, 9, 10, 11, 12, 13, 14, 15, 0, 17, 18, 19]",826,0.31826305389404297
"[16, 1, 2, 3, 4, 5, 6, 7, 8, 9, 10, 11, 12, 13, 14, 15, 0, 17, 18, 19]",826,"[16, 1, 2, 3, 4, 5, 6, 7, 8, 9, 10, 11, 12, 13, 14, 15, 0, 17, 18, 19]",826,0.3404660224914551
"[16, 1, 2, 3, 4, 5, 6, 7, 8, 9, 10, 11, 12, 13, 14, 15, 0, 17, 18, 19]",826,"[16, 1, 2, 3, 4, 5, 6, 7, 8, 9, 10, 11, 12, 13, 14, 15, 0, 17, 18, 19]",826,0.3622610569000244
"[16, 1, 2, 3, 4, 5, 6, 7, 8, 9, 10, 11, 12, 13, 14, 15, 0, 17, 18, 19]",826,"[16, 1, 2, 3, 4, 5, 6, 7, 8, 9, 10, 11, 12, 13, 14, 15, 0, 17, 18, 19]",826,0.383983850479126
"[16, 1, 2, 3, 4, 5, 6, 7, 8, 9, 10, 11, 12, 13, 14, 15, 0, 17, 18, 19]",826,"[16, 1, 2, 3, 4, 5, 6, 7, 8, 9, 10, 11, 12, 13, 14, 15, 0, 17, 18, 19]",826,0.4058849811553955
"[16, 1, 2, 3, 4, 5, 6, 7, 8, 9, 10, 11, 12, 13, 14, 15, 0, 17, 18, 19]",826,"[16, 1, 2, 3, 4, 5, 6, 7, 8, 9, 10, 11, 12, 13, 14, 15, 0, 17, 18, 19]",826,0.42772412300109863
"[16, 1, 2, 3, 4, 5, 6, 7, 8, 9, 10, 11, 12, 13, 14, 15, 0, 17, 18, 19]",826,"[16, 1, 2, 3, 4, 5, 6, 7, 8, 9, 10, 11, 12, 13, 14, 15, 0, 17, 18, 19]",826,0.4497201442718506
"[16, 1, 2, 3, 4, 5, 6, 7, 8, 9, 10, 11, 12, 13, 14, 15, 0, 17, 18, 19]",826,"[16, 1, 2, 3, 4, 5, 6, 7, 8, 9, 10, 11, 12, 13, 14, 15, 0, 17, 18, 19]",826,0.4717068672180176
"[16, 1, 2, 3, 4, 5, 6, 7, 8, 9, 10, 11, 12, 13, 14, 15, 0, 17, 18, 19]",826,"[16, 1, 2, 3, 4, 5, 6, 7, 8, 9, 10, 11, 12, 13, 14, 15, 0, 17, 18, 19]",826,0.49424004554748535
"[16, 1, 2, 17, 4, 5, 6, 7, 8, 9, 10, 11, 12, 13, 14, 15, 0, 3, 18, 19]",808,"[16, 1, 2, 17, 4, 5, 6, 7, 8, 9, 10, 11, 12, 13, 14, 15, 0, 3, 18, 19]",808,0.5168020725250244
"[16, 1, 2, 17, 4, 5, 6, 7, 8, 9, 10, 11, 12, 13, 14, 15, 0, 3, 18, 19]",808,"[16, 1, 2, 17, 4, 5, 6, 7, 8, 9, 10, 11, 12, 13, 14, 15, 0, 3, 18, 19]",808,0.5390291213989258
"[16, 1, 2, 17, 4, 5, 6, 7, 8, 9, 10, 11, 12, 13, 14, 15, 0, 3, 18, 19]",808,"[16, 1, 2, 17, 4, 5, 6, 7, 8, 9, 10, 11, 12, 13, 14, 15, 0, 3, 18, 19]",808,0.5609910488128662
"[16, 1, 2, 17, 4, 5, 6, 7, 8, 9, 10, 11, 12, 13, 14, 15, 0, 3, 18, 19]",808,"[16, 1, 2, 17, 4, 5, 6, 7, 8, 9, 10, 11, 12, 13, 14, 15, 0, 3, 18, 19]",808,0.5828549861907959
"[16, 1, 2, 17, 4, 5, 6, 7, 8, 9, 10, 11, 12, 13, 14, 15, 0, 3, 18, 19]",808,"[16, 1, 2, 17, 4, 5, 6, 7, 8, 9, 10, 11, 12, 13, 14, 15, 0, 3, 18, 19]",808,0.604921817779541
"[16, 1, 2, 17, 4, 5, 6, 7, 8, 9, 10, 11, 12, 13, 14, 18, 0, 3, 15, 19]",771,"[16, 1, 2, 17, 4, 5, 6, 7, 8, 9, 10, 11, 12, 13, 14, 18, 0, 3, 15, 19]",771,0.6271188259124756
"[16, 1, 2, 17, 4, 5, 6, 7, 8, 9, 10, 11, 12, 13, 14, 18, 0, 3, 15, 19]",771,"[16, 1, 2, 17, 4, 5, 6, 7, 8, 9, 10, 11, 12, 13, 14, 18, 0, 3, 15, 19]",771,0.6503770351409912
"[16, 1, 18, 17, 4, 5, 6, 7, 8, 9, 10, 11, 12, 13, 14, 2, 0, 3, 15, 19]",757,"[16, 1, 18, 17, 4, 5, 6, 7, 8, 9, 10, 11, 12, 13, 14, 2, 0, 3, 15, 19]",757,0.6759459972381592
"[16, 1, 18, 17, 4, 5, 6, 7, 8, 9, 10, 11, 12, 13, 14, 2, 0, 3, 15, 19]",757,"[16, 1, 18, 17, 4, 5, 6, 7, 8, 9, 10, 11, 12, 13, 14, 2, 0, 3, 15, 19]",757,0.7008709907531738
"[16, 1, 18, 17, 4, 5, 6, 7, 8, 9, 10, 11, 12, 13, 14, 2, 0, 3, 15, 19]",757,"[16, 1, 18, 17, 4, 5, 6, 7, 8, 9, 10, 11, 12, 13, 14, 2, 0, 3, 15, 19]",757,0.7249479293823242
"[16, 1, 18, 17, 4, 5, 6, 7, 8, 9, 10, 11, 12, 13, 14, 2, 0, 3, 15, 19]",757,"[16, 1, 18, 17, 4, 5, 6, 7, 8, 9, 10, 11, 12, 13, 14, 2, 0, 3, 15, 19]",757,0.7486200332641602
"[16, 1, 18, 17, 4, 5, 6, 7, 8, 9, 10, 11, 12, 13, 14, 2, 0, 3, 15, 19]",757,"[16, 1, 18, 17, 4, 5, 6, 7, 8, 9, 10, 11, 12, 13, 14, 2, 0, 3, 15, 19]",757,0.7720000743865967
"[16, 1, 18, 17, 4, 5, 6, 7, 8, 9, 10, 11, 12, 13, 14, 2, 0, 3, 15, 19]",757,"[16, 1, 18, 17, 4, 5, 6, 7, 8, 9, 10, 11, 12, 13, 14, 2, 0, 3, 15, 19]",757,0.7954208850860596
"[16, 1, 18, 17, 4, 5, 6, 7, 8, 9, 10, 11, 12, 13, 14, 2, 0, 3, 15, 19]",757,"[16, 1, 18, 17, 4, 5, 6, 7, 8, 9, 10, 11, 12, 13, 14, 2, 0, 3, 15, 19]",757,0.8183801174163818
"[16, 1, 18, 17, 4, 5, 6, 7, 8, 9, 10, 11, 12, 13, 14, 2, 0, 3, 15, 19]",757,"[16, 1, 18, 17, 4, 5, 6, 7, 8, 9, 10, 11, 12, 13, 14, 2, 0, 3, 15, 19]",757,0.8411049842834473
"[16, 1, 18, 17, 4, 5, 6, 2, 8, 9, 10, 11, 12, 13, 14, 7, 0, 3, 15, 19]",751,"[16, 1, 18, 17, 4, 5, 6, 2, 8, 9, 10, 11, 12, 13, 14, 7, 0, 3, 15, 19]",751,0.8636901378631592
"[16, 1, 18, 17, 4, 5, 6, 2, 8, 9, 19, 11, 12, 13, 14, 7, 0, 3, 15, 10]",738,"[16, 1, 18, 17, 4, 5, 6, 2, 8, 9, 19, 11, 12, 13, 14, 7, 0, 3, 15, 10]",738,0.8856241703033447
"[16, 1, 18, 17, 4, 5, 6, 2, 8, 9, 19, 11, 12, 13, 14, 7, 0, 3, 15, 10]",738,"[16, 1, 18, 17, 4, 5, 6, 2, 8, 9, 19, 11, 12, 13, 14, 7, 0, 3, 15, 10]",738,0.9079399108886719
"[16, 1, 18, 17, 4, 5, 6, 2, 8, 9, 19, 11, 12, 13, 14, 7, 0, 3, 15, 10]",738,"[16, 1, 18, 17, 4, 5, 6, 2, 8, 9, 19, 11, 12, 13, 14, 7, 0, 3, 15, 10]",738,0.9309680461883545
"[16, 1, 18, 17, 4, 5, 6, 2, 8, 9, 19, 11, 12, 13, 14, 7, 0, 3, 15, 10]",738,"[16, 1, 18, 17, 4, 5, 6, 2, 8, 9, 19, 11, 12, 13, 14, 7, 0, 3, 15, 10]",738,0.9525830745697021
"[16, 1, 18, 17, 4, 5, 6, 2, 8, 9, 19, 11, 12, 13, 14, 7, 0, 3, 15, 10]",738,"[16, 1, 18, 17, 4, 5, 6, 2, 8, 9, 19, 11, 12, 13, 14, 7, 0, 3, 15, 10]",738,0.9752588272094727
"[16, 1, 18, 17, 4, 5, 6, 2, 8, 9, 19, 11, 12, 13, 14, 7, 0, 3, 15, 10]",738,"[16, 1, 18, 17, 4, 5, 6, 2, 8, 9, 19, 11, 12, 13, 14, 7, 0, 3, 15, 10]",738,0.9979238510131836
"[16, 1, 18, 17, 4, 5, 6, 2, 8, 9, 19, 11, 12, 13, 14, 7, 0, 3, 15, 10]",738,"[16, 1, 18, 17, 4, 5, 6, 2, 8, 9, 19, 11, 12, 13, 14, 7, 0, 3, 15, 10]",738,1.0207929611206055
"[16, 1, 18, 17, 4, 5, 6, 2, 8, 9, 19, 11, 12, 13, 14, 7, 0, 3, 15, 10]",738,"[16, 1, 18, 17, 4, 5, 6, 2, 8, 9, 19, 11, 12, 13, 14, 7, 0, 3, 15, 10]",738,1.04374098777771
"[16, 1, 18, 17, 4, 5, 6, 2, 8, 9, 19, 11, 12, 13, 14, 7, 0, 3, 15, 10]",738,"[16, 1, 18, 17, 4, 5, 6, 2, 8, 9, 19, 11, 12, 13, 14, 7, 0, 3, 15, 10]",738,1.0663189888000488
"[16, 1, 18, 17, 4, 5, 6, 2, 8, 9, 19, 11, 12, 13, 14, 7, 0, 3, 15, 10]",738,"[16, 1, 18, 17, 4, 5, 6, 2, 8, 9, 19, 11, 12, 13, 14, 7, 0, 3, 15, 10]",738,1.0885369777679443
"[16, 1, 18, 17, 4, 5, 6, 2, 8, 9, 19, 11, 12, 13, 14, 7, 0, 3, 15, 10]",738,"[16, 1, 18, 17, 4, 5, 6, 2, 8, 9, 19, 11, 12, 13, 14, 7, 0, 3, 15, 10]",738,1.1110758781433105
"[16, 1, 18, 17, 4, 5, 6, 2, 8, 9, 19, 11, 12, 13, 14, 7, 0, 3, 15, 10]",738,"[16, 1, 18, 17, 4, 5, 6, 2, 8, 9, 19, 11, 12, 13, 14, 7, 0, 3, 15, 10]",738,1.1335790157318115
"[16, 1, 18, 17, 4, 5, 6, 2, 8, 9, 19, 11, 12, 13, 14, 7, 0, 3, 15, 10]",738,"[16, 1, 18, 17, 4, 5, 6, 2, 8, 9, 19, 11, 12, 13, 14, 7, 0, 3, 15, 10]",738,1.1564748287200928
"[16, 1, 18, 17, 4, 5, 6, 2, 8, 9, 19, 11, 12, 13, 14, 7, 0, 3, 15, 10]",738,"[16, 1, 18, 17, 4, 5, 6, 2, 8, 9, 19, 11, 12, 13, 14, 7, 0, 3, 15, 10]",738,1.1785218715667725
"[16, 1, 18, 17, 4, 5, 6, 2, 8, 9, 19, 11, 12, 13, 14, 7, 0, 3, 15, 10]",738,"[16, 1, 18, 17, 4, 5, 6, 2, 8, 9, 19, 11, 12, 13, 14, 7, 0, 3, 15, 10]",738,1.2010009288787842
"[16, 1, 18, 17, 4, 5, 6, 2, 8, 9, 19, 11, 12, 13, 14, 7, 0, 3, 15, 10]",738,"[16, 1, 18, 17, 4, 5, 6, 2, 8, 9, 19, 11, 12, 13, 14, 7, 0, 3, 15, 10]",738,1.2243850231170654
"[16, 1, 18, 17, 4, 5, 6, 2, 8, 9, 19, 11, 12, 13, 14, 7, 0, 3, 15, 10]",738,"[16, 1, 18, 17, 4, 5, 6, 2, 8, 9, 19, 11, 12, 13, 14, 7, 0, 3, 15, 10]",738,1.2470448017120361
"[16, 1, 18, 17, 4, 5, 6, 2, 8, 9, 19, 11, 12, 13, 14, 7, 0, 3, 15, 10]",738,"[16, 1, 18, 17, 4, 5, 6, 2, 8, 9, 19, 11, 12, 13, 14, 7, 0, 3, 15, 10]",738,1.2695949077606201
"[16, 1, 18, 17, 4, 5, 6, 2, 8, 9, 19, 11, 12, 13, 14, 7, 0, 3, 15, 10]",738,"[16, 1, 18, 17, 4, 5, 6, 2, 8, 9, 19, 11, 12, 13, 14, 7, 0, 3, 15, 10]",738,1.2920498847961426
"[16, 1, 18, 17, 4, 5, 6, 2, 8, 9, 19, 11, 12, 13, 14, 7, 0, 3, 15, 10]",738,"[16, 1, 18, 17, 4, 5, 6, 2, 8, 9, 19, 11, 12, 13, 14, 7, 0, 3, 15, 10]",738,1.3144359588623047
"[16, 1, 18, 17, 4, 5, 6, 2, 8, 9, 19, 11, 12, 13, 14, 7, 0, 3, 15, 10]",738,"[16, 1, 18, 17, 4, 5, 6, 2, 8, 9, 19, 11, 12, 13, 14, 7, 0, 3, 15, 10]",738,1.3373069763183594
"[16, 1, 18, 17, 4, 5, 6, 2, 8, 9, 19, 11, 12, 13, 14, 7, 0, 3, 15, 10]",738,"[16, 1, 18, 17, 4, 5, 6, 2, 8, 9, 19, 11, 12, 13, 14, 7, 0, 3, 15, 10]",738,1.3590679168701172
"[16, 1, 18, 17, 4, 5, 6, 2, 8, 9, 19, 11, 12, 13, 14, 7, 0, 3, 15, 10]",738,"[16, 1, 18, 17, 4, 5, 6, 2, 8, 9, 19, 11, 12, 13, 14, 7, 0, 3, 15, 10]",738,1.3813269138336182
"[16, 1, 18, 17, 4, 5, 6, 2, 8, 9, 19, 11, 12, 13, 14, 7, 0, 3, 15, 10]",738,"[16, 1, 18, 17, 4, 5, 6, 2, 8, 9, 19, 11, 12, 13, 14, 7, 0, 3, 15, 10]",738,1.4036650657653809
"[16, 1, 18, 17, 4, 5, 6, 2, 8, 9, 19, 11, 12, 13, 14, 7, 0, 3, 15, 10]",738,"[16, 1, 18, 17, 4, 5, 6, 2, 8, 9, 19, 11, 12, 13, 14, 7, 0, 3, 15, 10]",738,1.4259998798370361
"[16, 1, 18, 17, 4, 5, 6, 2, 8, 9, 19, 11, 12, 13, 14, 7, 0, 3, 15, 10]",738,"[16, 1, 18, 17, 4, 5, 6, 2, 8, 9, 19, 11, 12, 13, 14, 7, 0, 3, 15, 10]",738,1.4628911018371582
"[16, 1, 18, 17, 4, 5, 6, 2, 8, 9, 19, 11, 12, 13, 14, 7, 0, 3, 15, 10]",738,"[16, 1, 18, 17, 4, 5, 6, 2, 8, 9, 19, 11, 12, 13, 14, 7, 0, 3, 15, 10]",738,1.4854679107666016
"[16, 1, 18, 17, 4, 5, 6, 2, 8, 9, 19, 11, 12, 13, 14, 7, 0, 3, 15, 10]",738,"[16, 1, 18, 17, 4, 5, 6, 2, 8, 9, 19, 11, 12, 13, 14, 7, 0, 3, 15, 10]",738,1.5078229904174805
"[16, 1, 18, 17, 4, 5, 6, 2, 8, 9, 19, 11, 12, 13, 14, 7, 0, 3, 15, 10]",738,"[16, 1, 18, 17, 4, 5, 6, 2, 8, 9, 19, 11, 12, 13, 14, 7, 0, 3, 15, 10]",738,1.530102014541626
"[16, 1, 18, 17, 4, 5, 6, 2, 8, 9, 19, 11, 12, 13, 14, 7, 0, 3, 15, 10]",738,"[16, 1, 18, 17, 4, 5, 6, 2, 8, 9, 19, 11, 12, 13, 14, 7, 0, 3, 15, 10]",738,1.5523560047149658
"[16, 1, 18, 17, 4, 5, 6, 2, 8, 9, 19, 11, 12, 13, 14, 7, 0, 3, 15, 10]",738,"[16, 1, 18, 17, 4, 5, 6, 2, 8, 9, 19, 11, 12, 13, 14, 7, 0, 3, 15, 10]",738,1.5743160247802734
"[16, 15, 18, 17, 4, 5, 6, 2, 8, 9, 19, 11, 12, 13, 14, 7, 0, 3, 1, 10]",734,"[16, 15, 18, 17, 4, 5, 6, 2, 8, 9, 19, 11, 12, 13, 14, 7, 0, 3, 1, 10]",734,1.5972809791564941
"[16, 15, 18, 17, 4, 5, 6, 2, 8, 9, 19, 11, 12, 13, 14, 7, 0, 3, 1, 10]",734,"[16, 15, 18, 17, 4, 5, 6, 2, 8, 9, 19, 11, 12, 13, 14, 7, 0, 3, 1, 10]",734,1.6198270320892334
"[16, 15, 18, 17, 4, 5, 6, 2, 8, 9, 19, 11, 12, 13, 14, 7, 0, 3, 1, 10]",734,"[16, 15, 18, 17, 4, 5, 6, 2, 8, 9, 19, 11, 12, 13, 14, 7, 0, 3, 1, 10]",734,1.6421749591827393
"[16, 15, 18, 17, 4, 5, 6, 2, 8, 9, 19, 11, 12, 13, 14, 7, 0, 3, 1, 10]",734,"[16, 15, 18, 17, 4, 5, 6, 2, 8, 9, 19, 11, 12, 13, 14, 7, 0, 3, 1, 10]",734,1.664632797241211
"[16, 15, 18, 17, 4, 5, 6, 2, 8, 9, 19, 11, 12, 13, 14, 7, 0, 3, 1, 10]",734,"[16, 15, 18, 17, 4, 5, 6, 2, 8, 9, 19, 11, 12, 13, 14, 7, 0, 3, 1, 10]",734,1.6868338584899902
"[16, 15, 18, 17, 4, 5, 6, 2, 8, 9, 19, 11, 12, 13, 14, 7, 0, 3, 1, 10]",734,"[16, 15, 18, 17, 4, 5, 6, 2, 8, 9, 19, 11, 12, 13, 14, 7, 0, 3, 1, 10]",734,1.7090959548950195
"[16, 15, 18, 17, 4, 5, 6, 2, 8, 9, 19, 11, 12, 13, 14, 7, 0, 3, 1, 10]",734,"[16, 15, 18, 17, 4, 5, 6, 2, 8, 9, 19, 11, 12, 13, 14, 7, 0, 3, 1, 10]",734,1.7305359840393066
"[16, 15, 18, 17, 4, 5, 6, 2, 8, 9, 19, 11, 12, 13, 14, 7, 0, 3, 1, 10]",734,"[16, 15, 18, 17, 4, 5, 6, 2, 8, 9, 19, 11, 12, 13, 14, 7, 0, 3, 1, 10]",734,1.7527849674224854
"[16, 15, 18, 17, 4, 5, 6, 2, 8, 9, 19, 11, 12, 13, 14, 7, 0, 3, 1, 10]",734,"[16, 15, 18, 17, 4, 5, 6, 2, 8, 9, 19, 11, 12, 13, 14, 7, 0, 3, 1, 10]",734,1.7748439311981201
"[16, 15, 18, 17, 4, 5, 6, 2, 8, 9, 19, 11, 12, 13, 14, 7, 0, 3, 1, 10]",734,"[16, 15, 18, 17, 4, 5, 6, 2, 8, 9, 19, 11, 12, 13, 14, 7, 0, 3, 1, 10]",734,1.7971301078796387
"[16, 15, 18, 17, 4, 5, 6, 2, 8, 9, 19, 11, 12, 13, 14, 7, 0, 3, 1, 10]",734,"[16, 15, 18, 17, 4, 5, 6, 2, 8, 9, 19, 11, 12, 13, 14, 7, 0, 3, 1, 10]",734,1.8194241523742676
"[16, 15, 18, 17, 4, 5, 6, 2, 8, 9, 19, 11, 12, 13, 14, 7, 0, 3, 1, 10]",734,"[16, 15, 18, 17, 4, 5, 6, 2, 8, 9, 19, 11, 12, 13, 14, 7, 0, 3, 1, 10]",734,1.8417091369628906
"[16, 15, 18, 17, 4, 5, 6, 2, 8, 9, 19, 11, 12, 13, 14, 7, 0, 3, 1, 10]",734,"[16, 15, 18, 17, 4, 5, 6, 2, 8, 9, 19, 11, 12, 13, 14, 7, 0, 3, 1, 10]",734,1.8639838695526123
"[16, 15, 18, 17, 4, 5, 6, 2, 8, 9, 19, 11, 12, 13, 14, 7, 0, 3, 1, 10]",734,"[16, 15, 18, 17, 4, 5, 6, 2, 8, 9, 19, 11, 12, 13, 14, 7, 0, 3, 1, 10]",734,1.8862040042877197
"[16, 15, 18, 17, 4, 5, 6, 2, 8, 9, 19, 11, 12, 13, 14, 7, 0, 3, 1, 10]",734,"[16, 15, 18, 17, 4, 5, 6, 2, 8, 9, 19, 11, 12, 13, 14, 7, 0, 3, 1, 10]",734,1.9083449840545654
"[16, 15, 18, 17, 4, 5, 6, 2, 8, 9, 19, 11, 12, 13, 14, 7, 0, 3, 1, 10]",734,"[16, 15, 18, 17, 4, 5, 6, 2, 8, 9, 19, 11, 12, 13, 14, 7, 0, 3, 1, 10]",734,1.930811882019043
"[16, 15, 17, 18, 4, 5, 6, 2, 8, 9, 19, 11, 12, 13, 14, 7, 0, 3, 1, 10]",728,"[16, 15, 17, 18, 4, 5, 6, 2, 8, 9, 19, 11, 12, 13, 14, 7, 0, 3, 1, 10]",728,1.9527690410614014
"[16, 15, 17, 18, 4, 5, 6, 2, 8, 9, 19, 11, 12, 13, 14, 7, 0, 3, 1, 10]",728,"[16, 15, 17, 18, 4, 5, 6, 2, 8, 9, 19, 11, 12, 13, 14, 7, 0, 3, 1, 10]",728,1.9750621318817139
"[16, 15, 17, 18, 4, 5, 6, 2, 8, 9, 19, 11, 12, 13, 14, 7, 0, 3, 1, 10]",728,"[16, 15, 17, 18, 4, 5, 6, 2, 8, 9, 19, 11, 12, 13, 14, 7, 0, 3, 1, 10]",728,1.9969868659973145
"[16, 15, 17, 18, 4, 5, 6, 2, 8, 9, 19, 11, 12, 13, 14, 7, 0, 3, 1, 10]",728,"[16, 15, 17, 18, 4, 5, 6, 2, 8, 9, 19, 11, 12, 13, 14, 7, 0, 3, 1, 10]",728,2.0198960304260254
"[16, 15, 17, 18, 4, 5, 6, 2, 8, 9, 19, 11, 12, 13, 14, 7, 0, 3, 1, 10]",728,"[16, 15, 17, 18, 4, 5, 6, 2, 8, 9, 19, 11, 12, 13, 14, 7, 0, 3, 1, 10]",728,2.0417520999908447
"[16, 15, 17, 18, 4, 5, 6, 2, 8, 9, 19, 11, 12, 13, 14, 7, 0, 3, 1, 10]",728,"[16, 15, 17, 18, 4, 5, 6, 2, 8, 9, 19, 11, 12, 13, 14, 7, 0, 3, 1, 10]",728,2.06402587890625
"[16, 15, 17, 18, 4, 5, 6, 2, 8, 9, 19, 11, 12, 13, 14, 7, 0, 3, 1, 10]",728,"[16, 15, 17, 18, 4, 5, 6, 2, 8, 9, 19, 11, 12, 13, 14, 7, 0, 3, 1, 10]",728,2.086456060409546
"[16, 15, 17, 18, 4, 5, 6, 2, 8, 9, 19, 11, 12, 13, 14, 7, 0, 3, 1, 10]",728,"[16, 15, 17, 18, 4, 5, 6, 2, 8, 9, 19, 11, 12, 13, 14, 7, 0, 3, 1, 10]",728,2.108649969100952
"[16, 15, 17, 18, 4, 5, 6, 2, 8, 9, 19, 11, 12, 13, 14, 7, 0, 3, 1, 10]",728,"[16, 15, 17, 18, 4, 5, 6, 2, 8, 9, 19, 11, 12, 13, 14, 7, 0, 3, 1, 10]",728,2.13124418258667
"[16, 15, 17, 18, 4, 5, 6, 2, 8, 9, 19, 11, 12, 13, 14, 7, 0, 3, 1, 10]",728,"[16, 15, 17, 18, 4, 5, 6, 2, 8, 9, 19, 11, 12, 13, 14, 7, 0, 3, 1, 10]",728,2.1532938480377197
"[16, 15, 17, 18, 4, 5, 6, 2, 8, 9, 19, 11, 12, 13, 14, 7, 0, 3, 1, 10]",728,"[16, 15, 17, 18, 4, 5, 6, 2, 8, 9, 19, 11, 12, 13, 14, 7, 0, 3, 1, 10]",728,2.1753721237182617
"[16, 15, 17, 18, 4, 5, 6, 2, 8, 9, 19, 11, 12, 13, 14, 7, 0, 3, 1, 10]",728,"[16, 15, 17, 18, 4, 5, 6, 2, 8, 9, 19, 11, 12, 13, 14, 7, 0, 3, 1, 10]",728,2.1977379322052
"[16, 15, 17, 18, 4, 5, 6, 2, 8, 9, 19, 11, 12, 13, 14, 7, 0, 3, 1, 10]",728,"[16, 15, 17, 18, 4, 5, 6, 2, 8, 9, 19, 11, 12, 13, 14, 7, 0, 3, 1, 10]",728,2.2193491458892822
"[16, 15, 17, 18, 4, 5, 6, 2, 8, 9, 19, 11, 12, 13, 14, 7, 0, 3, 1, 10]",728,"[16, 15, 17, 18, 4, 5, 6, 2, 8, 9, 19, 11, 12, 13, 14, 7, 0, 3, 1, 10]",728,2.241508960723877
"[16, 15, 17, 18, 4, 5, 6, 2, 8, 9, 19, 11, 12, 13, 14, 7, 0, 3, 1, 10]",728,"[16, 15, 17, 18, 4, 5, 6, 2, 8, 9, 19, 11, 12, 13, 14, 7, 0, 3, 1, 10]",728,2.2639999389648438
"[16, 15, 17, 18, 4, 5, 6, 2, 8, 9, 19, 11, 12, 13, 14, 7, 0, 3, 1, 10]",728,"[16, 15, 17, 18, 4, 5, 6, 2, 8, 9, 19, 11, 12, 13, 14, 7, 0, 3, 1, 10]",728,2.2862000465393066
"[16, 15, 17, 18, 4, 5, 6, 2, 8, 9, 19, 11, 12, 13, 14, 7, 0, 3, 1, 10]",728,"[16, 15, 17, 18, 4, 5, 6, 2, 8, 9, 19, 11, 12, 13, 14, 7, 0, 3, 1, 10]",728,2.30824613571167
"[16, 15, 17, 18, 4, 5, 6, 2, 8, 9, 19, 11, 12, 13, 14, 7, 0, 3, 1, 10]",728,"[16, 15, 17, 18, 4, 5, 6, 2, 8, 9, 19, 11, 12, 13, 14, 7, 0, 3, 1, 10]",728,2.3305790424346924
"[16, 15, 17, 18, 4, 5, 6, 2, 8, 9, 19, 11, 12, 13, 14, 7, 0, 3, 1, 10]",728,"[16, 15, 17, 18, 4, 5, 6, 2, 8, 9, 19, 11, 12, 13, 14, 7, 0, 3, 1, 10]",728,2.3536529541015625
"[16, 15, 17, 18, 4, 5, 6, 2, 8, 9, 19, 11, 12, 13, 14, 7, 0, 3, 1, 10]",728,"[16, 15, 17, 18, 4, 5, 6, 2, 8, 9, 19, 11, 12, 13, 14, 7, 0, 3, 1, 10]",728,2.3758339881896973
"[16, 15, 17, 18, 4, 5, 6, 2, 8, 9, 19, 11, 12, 13, 14, 7, 0, 3, 1, 10]",728,"[16, 15, 17, 18, 4, 5, 6, 2, 8, 9, 19, 11, 12, 13, 14, 7, 0, 3, 1, 10]",728,2.3977348804473877
"[16, 15, 17, 18, 4, 5, 6, 2, 8, 9, 19, 11, 12, 13, 14, 7, 0, 3, 1, 10]",728,"[16, 15, 17, 18, 4, 5, 6, 2, 8, 9, 19, 11, 12, 13, 14, 7, 0, 3, 1, 10]",728,2.4195709228515625
"[16, 15, 17, 18, 4, 5, 6, 2, 8, 9, 19, 11, 12, 13, 14, 7, 0, 3, 1, 10]",728,"[16, 15, 17, 18, 4, 5, 6, 2, 8, 9, 19, 11, 12, 13, 14, 7, 0, 3, 1, 10]",728,2.4419310092926025
"[16, 15, 17, 18, 4, 5, 6, 2, 8, 9, 19, 11, 12, 13, 14, 7, 0, 3, 1, 10]",728,"[16, 15, 17, 18, 4, 5, 6, 2, 8, 9, 19, 11, 12, 13, 14, 7, 0, 3, 1, 10]",728,2.465147018432617
"[16, 15, 17, 18, 4, 5, 6, 2, 8, 9, 19, 11, 12, 13, 14, 7, 0, 3, 1, 10]",728,"[16, 15, 17, 18, 4, 5, 6, 2, 8, 9, 19, 11, 12, 13, 14, 7, 0, 3, 1, 10]",728,2.487070083618164
"[16, 15, 17, 18, 4, 5, 6, 2, 8, 9, 19, 11, 12, 13, 14, 7, 0, 3, 1, 10]",728,"[16, 15, 17, 18, 4, 5, 6, 2, 8, 9, 19, 11, 12, 13, 14, 7, 0, 3, 1, 10]",728,2.5087361335754395
"[16, 15, 17, 18, 4, 5, 6, 2, 8, 9, 19, 11, 12, 13, 14, 7, 0, 3, 1, 10]",728,"[16, 15, 17, 18, 4, 5, 6, 2, 8, 9, 19, 11, 12, 13, 14, 7, 0, 3, 1, 10]",728,2.5310449600219727
"[16, 15, 17, 18, 4, 5, 6, 2, 8, 9, 19, 11, 12, 13, 14, 7, 0, 3, 1, 10]",728,"[16, 15, 17, 18, 4, 5, 6, 2, 8, 9, 19, 11, 12, 13, 14, 7, 0, 3, 1, 10]",728,2.5533909797668457
"[16, 15, 17, 18, 4, 5, 6, 2, 8, 9, 19, 11, 12, 13, 14, 7, 0, 3, 1, 10]",728,"[16, 15, 17, 18, 4, 5, 6, 2, 8, 9, 19, 11, 12, 13, 14, 7, 0, 3, 1, 10]",728,2.5753769874572754
"[16, 15, 17, 18, 4, 5, 6, 2, 8, 9, 19, 11, 12, 13, 14, 7, 0, 3, 1, 10]",728,"[16, 15, 17, 18, 4, 5, 6, 2, 8, 9, 19, 11, 12, 13, 14, 7, 0, 3, 1, 10]",728,2.597155809402466
"[16, 15, 17, 18, 4, 5, 6, 2, 8, 9, 19, 11, 12, 13, 14, 7, 0, 3, 1, 10]",728,"[16, 15, 17, 18, 4, 5, 6, 2, 8, 9, 19, 11, 12, 13, 14, 7, 0, 3, 1, 10]",728,2.619053840637207
"[16, 15, 17, 18, 4, 5, 6, 2, 8, 9, 19, 11, 12, 13, 14, 7, 0, 3, 1, 10]",728,"[16, 15, 17, 18, 4, 5, 6, 2, 8, 9, 19, 11, 12, 13, 14, 7, 0, 3, 1, 10]",728,2.6402981281280518
"[16, 15, 17, 18, 4, 5, 6, 2, 8, 9, 19, 11, 12, 13, 14, 7, 0, 3, 1, 10]",728,"[16, 15, 17, 18, 4, 5, 6, 2, 8, 9, 19, 11, 12, 13, 14, 7, 0, 3, 1, 10]",728,2.6625568866729736
"[16, 15, 17, 18, 4, 5, 6, 2, 8, 9, 19, 11, 12, 13, 14, 7, 0, 3, 1, 10]",728,"[16, 15, 17, 18, 4, 5, 6, 2, 8, 9, 19, 11, 12, 13, 14, 7, 0, 3, 1, 10]",728,2.684454917907715
"[16, 15, 17, 18, 4, 5, 6, 2, 8, 9, 19, 11, 12, 13, 14, 7, 0, 3, 1, 10]",728,"[16, 15, 17, 18, 4, 5, 6, 2, 8, 9, 19, 11, 12, 13, 14, 7, 0, 3, 1, 10]",728,2.706501007080078
"[16, 15, 17, 18, 4, 5, 6, 2, 8, 9, 19, 11, 12, 13, 14, 7, 0, 3, 1, 10]",728,"[16, 15, 17, 18, 4, 5, 6, 2, 8, 9, 19, 11, 12, 13, 14, 7, 0, 3, 1, 10]",728,2.7287330627441406
"[16, 15, 17, 18, 4, 5, 6, 2, 8, 9, 19, 11, 12, 13, 14, 7, 0, 3, 1, 10]",728,"[16, 15, 17, 18, 4, 5, 6, 2, 8, 9, 19, 11, 12, 13, 14, 7, 0, 3, 1, 10]",728,2.75089693069458
"[16, 15, 17, 18, 4, 5, 6, 2, 8, 9, 19, 11, 12, 13, 14, 7, 0, 3, 1, 10]",728,"[16, 15, 17, 18, 4, 5, 6, 2, 8, 9, 19, 11, 12, 13, 14, 7, 0, 3, 1, 10]",728,2.772902011871338
"[16, 15, 17, 18, 4, 5, 6, 2, 8, 9, 19, 11, 12, 13, 14, 7, 0, 3, 1, 10]",728,"[16, 15, 17, 18, 4, 5, 6, 2, 8, 9, 19, 11, 12, 13, 14, 7, 0, 3, 1, 10]",728,2.79544997215271
"[16, 15, 17, 18, 4, 5, 6, 2, 8, 9, 19, 11, 12, 13, 14, 7, 0, 3, 1, 10]",728,"[16, 15, 17, 18, 4, 5, 6, 2, 8, 9, 19, 11, 12, 13, 14, 7, 0, 3, 1, 10]",728,2.8178279399871826
"[16, 15, 17, 18, 4, 5, 6, 2, 8, 9, 19, 11, 12, 13, 14, 7, 0, 3, 1, 10]",728,"[16, 15, 17, 18, 4, 5, 6, 2, 8, 9, 19, 11, 12, 13, 14, 7, 0, 3, 1, 10]",728,2.840226173400879
"[16, 15, 17, 18, 4, 5, 6, 2, 8, 9, 19, 11, 12, 13, 14, 7, 0, 3, 1, 10]",728,"[16, 15, 17, 18, 4, 5, 6, 2, 8, 9, 19, 11, 12, 13, 14, 7, 0, 3, 1, 10]",728,2.8621041774749756
"[16, 15, 17, 18, 4, 5, 6, 2, 8, 9, 19, 11, 12, 13, 14, 7, 0, 3, 1, 10]",728,"[16, 15, 17, 18, 4, 5, 6, 2, 8, 9, 19, 11, 12, 13, 14, 7, 0, 3, 1, 10]",728,2.884322166442871
"[16, 15, 17, 18, 4, 5, 6, 2, 8, 9, 19, 11, 12, 13, 14, 7, 0, 3, 1, 10]",728,"[16, 15, 17, 18, 4, 5, 6, 2, 8, 9, 19, 11, 12, 13, 14, 7, 0, 3, 1, 10]",728,2.906259059906006
"[16, 15, 17, 18, 4, 5, 6, 2, 8, 9, 19, 11, 12, 13, 14, 7, 0, 3, 1, 10]",728,"[16, 15, 17, 18, 4, 5, 6, 2, 8, 9, 19, 11, 12, 13, 14, 7, 0, 3, 1, 10]",728,2.928692102432251
"[16, 15, 17, 18, 4, 5, 6, 2, 8, 9, 19, 11, 12, 13, 14, 7, 0, 3, 1, 10]",728,"[16, 15, 17, 18, 4, 5, 6, 2, 8, 9, 19, 11, 12, 13, 14, 7, 0, 3, 1, 10]",728,2.952054977416992
"[16, 15, 17, 18, 4, 5, 6, 2, 8, 9, 19, 11, 12, 13, 14, 7, 0, 3, 1, 10]",728,"[16, 15, 17, 18, 4, 5, 6, 2, 8, 9, 19, 11, 12, 13, 14, 7, 0, 3, 1, 10]",728,2.9739551544189453
"[16, 15, 17, 18, 4, 5, 6, 2, 8, 9, 19, 11, 12, 13, 14, 7, 0, 3, 1, 10]",728,"[16, 15, 17, 18, 4, 5, 6, 2, 8, 9, 19, 11, 12, 13, 14, 7, 0, 3, 1, 10]",728,2.9958789348602295
"[16, 15, 17, 18, 4, 5, 6, 2, 8, 9, 19, 11, 12, 13, 14, 7, 0, 3, 1, 10]",728,"[16, 15, 17, 18, 4, 5, 6, 2, 8, 9, 19, 11, 12, 13, 14, 7, 0, 3, 1, 10]",728,3.017918109893799
"[16, 15, 17, 18, 4, 5, 6, 2, 8, 9, 19, 11, 12, 13, 14, 7, 0, 3, 1, 10]",728,"[16, 15, 17, 18, 4, 5, 6, 2, 8, 9, 19, 11, 12, 13, 14, 7, 0, 3, 1, 10]",728,3.0399649143218994
"[16, 15, 17, 18, 4, 5, 6, 2, 8, 9, 19, 11, 12, 13, 14, 7, 0, 3, 1, 10]",728,"[16, 15, 17, 18, 4, 5, 6, 2, 8, 9, 19, 11, 12, 13, 14, 7, 0, 3, 1, 10]",728,3.0632619857788086
"[16, 15, 17, 18, 4, 5, 6, 2, 8, 9, 19, 11, 12, 13, 14, 7, 0, 3, 1, 10]",728,"[16, 15, 17, 18, 4, 5, 6, 2, 8, 9, 19, 11, 12, 13, 14, 7, 0, 3, 1, 10]",728,3.0856971740722656
"[16, 15, 17, 18, 4, 5, 6, 2, 8, 9, 19, 11, 12, 13, 14, 7, 0, 3, 1, 10]",728,"[16, 15, 17, 18, 4, 5, 6, 2, 8, 9, 19, 11, 12, 13, 14, 7, 0, 3, 1, 10]",728,3.107576847076416
"[16, 15, 17, 18, 4, 5, 6, 2, 8, 9, 19, 11, 12, 13, 14, 7, 0, 3, 1, 10]",728,"[16, 15, 17, 18, 4, 5, 6, 2, 8, 9, 19, 11, 12, 13, 14, 7, 0, 3, 1, 10]",728,3.1294360160827637
"[16, 15, 17, 18, 4, 5, 6, 2, 8, 9, 19, 11, 12, 13, 14, 7, 0, 3, 1, 10]",728,"[16, 15, 17, 18, 4, 5, 6, 2, 8, 9, 19, 11, 12, 13, 14, 7, 0, 3, 1, 10]",728,3.151279926300049
"[16, 15, 17, 18, 4, 5, 6, 2, 8, 9, 19, 11, 12, 13, 14, 7, 0, 3, 1, 10]",728,"[16, 15, 17, 18, 4, 5, 6, 2, 8, 9, 19, 11, 12, 13, 14, 7, 0, 3, 1, 10]",728,3.1729609966278076
"[16, 15, 17, 18, 4, 5, 6, 2, 8, 9, 19, 11, 12, 13, 14, 7, 0, 3, 1, 10]",728,"[16, 15, 17, 18, 4, 5, 6, 2, 8, 9, 19, 11, 12, 13, 14, 7, 0, 3, 1, 10]",728,3.1953229904174805
"[16, 15, 17, 18, 4, 5, 6, 2, 8, 9, 19, 11, 12, 13, 14, 7, 0, 3, 1, 10]",728,"[16, 15, 17, 18, 4, 5, 6, 2, 8, 9, 19, 11, 12, 13, 14, 7, 0, 3, 1, 10]",728,3.2170279026031494
"[16, 15, 17, 18, 4, 5, 6, 2, 8, 9, 19, 11, 12, 13, 14, 7, 0, 3, 1, 10]",728,"[16, 15, 17, 18, 4, 5, 6, 2, 8, 9, 19, 11, 12, 13, 14, 7, 0, 3, 1, 10]",728,3.2383968830108643
"[16, 15, 17, 18, 4, 5, 6, 2, 8, 9, 19, 11, 12, 13, 14, 7, 0, 3, 1, 10]",728,"[16, 15, 17, 18, 4, 5, 6, 2, 8, 9, 19, 11, 12, 13, 14, 7, 0, 3, 1, 10]",728,3.261218786239624
"[16, 15, 17, 18, 4, 5, 6, 2, 8, 9, 19, 11, 12, 13, 14, 7, 0, 3, 1, 10]",728,"[16, 15, 17, 18, 4, 5, 6, 2, 8, 9, 19, 11, 12, 13, 14, 7, 0, 3, 1, 10]",728,3.283435106277466
"[16, 15, 17, 18, 4, 5, 6, 2, 8, 9, 19, 11, 12, 13, 14, 7, 0, 3, 1, 10]",728,"[16, 15, 17, 18, 4, 5, 6, 2, 8, 9, 19, 11, 12, 13, 14, 7, 0, 3, 1, 10]",728,3.305755853652954
"[16, 15, 17, 18, 4, 5, 6, 2, 8, 9, 19, 11, 12, 13, 14, 7, 0, 3, 1, 10]",728,"[16, 15, 17, 18, 4, 5, 6, 2, 8, 9, 19, 11, 12, 13, 14, 7, 0, 3, 1, 10]",728,3.327854871749878
"[16, 15, 17, 18, 4, 5, 6, 2, 8, 9, 19, 11, 12, 13, 14, 7, 0, 3, 1, 10]",728,"[16, 15, 17, 18, 4, 5, 6, 2, 8, 9, 19, 11, 12, 13, 14, 7, 0, 3, 1, 10]",728,3.350050210952759
"[16, 15, 17, 18, 4, 5, 6, 2, 8, 9, 19, 11, 12, 13, 14, 7, 0, 3, 1, 10]",728,"[16, 15, 17, 18, 4, 5, 6, 2, 8, 9, 19, 11, 12, 13, 14, 7, 0, 3, 1, 10]",728,3.3721070289611816
"[16, 15, 17, 18, 4, 5, 6, 2, 8, 9, 19, 11, 12, 13, 14, 7, 0, 3, 1, 10]",728,"[16, 15, 17, 18, 4, 5, 6, 2, 8, 9, 19, 11, 12, 13, 14, 7, 0, 3, 1, 10]",728,3.394582986831665
"[16, 15, 17, 18, 4, 5, 6, 2, 8, 9, 19, 11, 12, 13, 14, 7, 0, 3, 1, 10]",728,"[16, 15, 17, 18, 4, 5, 6, 2, 8, 9, 19, 11, 12, 13, 14, 7, 0, 3, 1, 10]",728,3.4167299270629883
"[16, 15, 17, 18, 4, 5, 6, 2, 8, 9, 19, 11, 12, 13, 14, 7, 0, 3, 1, 10]",728,"[16, 15, 17, 18, 4, 5, 6, 2, 8, 9, 19, 11, 12, 13, 14, 7, 0, 3, 1, 10]",728,3.438817024230957
"[16, 15, 17, 18, 4, 5, 6, 2, 8, 9, 19, 11, 12, 13, 14, 7, 0, 3, 1, 10]",728,"[16, 15, 17, 18, 4, 5, 6, 2, 8, 9, 19, 11, 12, 13, 14, 7, 0, 3, 1, 10]",728,3.4612271785736084
"[16, 15, 17, 18, 4, 5, 6, 2, 8, 9, 19, 11, 12, 13, 14, 7, 0, 3, 1, 10]",728,"[16, 15, 17, 18, 4, 5, 6, 2, 8, 9, 19, 11, 12, 13, 14, 7, 0, 3, 1, 10]",728,3.4835541248321533
"[16, 15, 17, 18, 4, 5, 6, 2, 8, 9, 19, 11, 12, 13, 14, 7, 0, 3, 1, 10]",728,"[16, 15, 17, 18, 4, 5, 6, 2, 8, 9, 19, 11, 12, 13, 14, 7, 0, 3, 1, 10]",728,3.505707025527954
"[16, 15, 17, 18, 4, 5, 6, 2, 8, 9, 19, 11, 12, 13, 14, 7, 0, 3, 1, 10]",728,"[16, 15, 17, 18, 4, 5, 6, 2, 8, 9, 19, 11, 12, 13, 14, 7, 0, 3, 1, 10]",728,3.52822208404541
"[16, 15, 17, 18, 4, 5, 6, 2, 8, 9, 19, 11, 12, 13, 14, 7, 0, 3, 1, 10]",728,"[16, 15, 17, 18, 4, 5, 6, 2, 8, 9, 19, 11, 12, 13, 14, 7, 0, 3, 1, 10]",728,3.5503549575805664
"[16, 15, 17, 18, 4, 5, 6, 2, 8, 9, 19, 11, 12, 13, 14, 7, 0, 3, 1, 10]",728,"[16, 15, 17, 18, 4, 5, 6, 2, 8, 9, 19, 11, 12, 13, 14, 7, 0, 3, 1, 10]",728,3.571773052215576
"[16, 15, 17, 18, 4, 5, 6, 2, 8, 9, 19, 11, 12, 13, 14, 7, 0, 3, 1, 10]",728,"[16, 15, 17, 18, 4, 5, 6, 2, 8, 9, 19, 11, 12, 13, 14, 7, 0, 3, 1, 10]",728,3.593585968017578
"[16, 15, 17, 18, 4, 5, 6, 2, 8, 9, 19, 11, 12, 13, 14, 7, 0, 3, 1, 10]",728,"[16, 15, 17, 18, 4, 5, 6, 2, 8, 9, 19, 11, 12, 13, 14, 7, 0, 3, 1, 10]",728,3.6157729625701904
"[16, 15, 17, 18, 4, 5, 6, 2, 8, 9, 19, 11, 12, 13, 14, 7, 0, 3, 1, 10]",728,"[16, 15, 17, 18, 4, 5, 6, 2, 8, 9, 19, 11, 12, 13, 14, 7, 0, 3, 1, 10]",728,3.6377480030059814
"[16, 15, 17, 18, 4, 5, 6, 2, 8, 9, 19, 11, 12, 13, 14, 7, 0, 3, 1, 10]",728,"[16, 15, 17, 18, 4, 5, 6, 2, 8, 9, 19, 11, 12, 13, 14, 7, 0, 3, 1, 10]",728,3.660053014755249
"[16, 15, 17, 18, 4, 5, 6, 2, 8, 9, 19, 11, 12, 13, 14, 7, 0, 3, 1, 10]",728,"[16, 15, 17, 18, 4, 5, 6, 2, 8, 9, 19, 11, 12, 13, 14, 7, 0, 3, 1, 10]",728,3.6823229789733887
"[16, 15, 17, 18, 4, 5, 6, 2, 8, 9, 19, 11, 12, 13, 14, 7, 0, 3, 1, 10]",728,"[16, 15, 17, 18, 4, 5, 6, 2, 8, 9, 19, 11, 12, 13, 14, 7, 0, 3, 1, 10]",728,3.704317092895508
"[16, 15, 17, 18, 4, 5, 6, 2, 8, 9, 19, 11, 12, 13, 14, 7, 0, 3, 1, 10]",728,"[16, 15, 17, 18, 4, 5, 6, 2, 8, 9, 19, 11, 12, 13, 14, 7, 0, 3, 1, 10]",728,3.7265801429748535
"[16, 15, 17, 18, 4, 5, 6, 2, 8, 9, 19, 11, 12, 13, 14, 7, 0, 3, 1, 10]",728,"[16, 15, 17, 18, 4, 5, 6, 2, 8, 9, 19, 11, 12, 13, 14, 7, 0, 3, 1, 10]",728,3.748300075531006
"[16, 15, 17, 18, 4, 5, 6, 2, 8, 9, 19, 11, 12, 13, 14, 7, 0, 3, 1, 10]",728,"[16, 15, 17, 18, 4, 5, 6, 2, 8, 9, 19, 11, 12, 13, 14, 7, 0, 3, 1, 10]",728,3.77081298828125
"[16, 6, 17, 18, 4, 5, 15, 2, 8, 9, 19, 11, 12, 13, 14, 7, 0, 3, 1, 10]",722,"[16, 6, 17, 18, 4, 5, 15, 2, 8, 9, 19, 11, 12, 13, 14, 7, 0, 3, 1, 10]",722,3.7932369709014893
"[16, 6, 17, 18, 4, 5, 15, 2, 8, 9, 19, 11, 12, 13, 14, 7, 0, 3, 1, 10]",722,"[16, 6, 17, 18, 4, 5, 15, 2, 8, 9, 19, 11, 12, 13, 14, 7, 0, 3, 1, 10]",722,3.8156330585479736
"[16, 6, 17, 18, 4, 5, 15, 2, 8, 9, 19, 11, 12, 13, 14, 7, 0, 3, 1, 10]",722,"[16, 6, 17, 18, 4, 5, 15, 2, 8, 9, 19, 11, 12, 13, 14, 7, 0, 3, 1, 10]",722,3.8376080989837646
"[16, 6, 17, 18, 4, 5, 15, 2, 8, 9, 19, 11, 12, 13, 14, 7, 0, 3, 1, 10]",722,"[16, 6, 17, 18, 4, 5, 15, 2, 8, 9, 19, 11, 12, 13, 14, 7, 0, 3, 1, 10]",722,3.859956979751587
"[16, 6, 17, 18, 4, 5, 15, 2, 8, 9, 19, 11, 12, 13, 14, 7, 0, 3, 1, 10]",722,"[16, 6, 17, 18, 4, 5, 15, 2, 8, 9, 19, 11, 12, 13, 14, 7, 0, 3, 1, 10]",722,3.8820760250091553
"[16, 6, 17, 18, 4, 5, 15, 2, 8, 9, 19, 11, 12, 13, 14, 7, 0, 3, 1, 10]",722,"[16, 6, 17, 18, 4, 5, 15, 2, 8, 9, 19, 11, 12, 13, 14, 7, 0, 3, 1, 10]",722,3.9044768810272217
"[16, 6, 17, 18, 4, 5, 15, 2, 8, 9, 19, 11, 12, 13, 14, 7, 0, 3, 1, 10]",722,"[16, 6, 17, 18, 4, 5, 15, 2, 8, 9, 19, 11, 12, 13, 14, 7, 0, 3, 1, 10]",722,3.926553964614868
"[16, 6, 17, 18, 4, 5, 15, 2, 8, 9, 19, 11, 12, 13, 14, 7, 0, 3, 1, 10]",722,"[16, 6, 17, 18, 4, 5, 15, 2, 8, 9, 19, 11, 12, 13, 14, 7, 0, 3, 1, 10]",722,3.948976993560791
"[16, 6, 17, 18, 4, 5, 15, 2, 8, 9, 19, 11, 12, 13, 14, 7, 0, 3, 1, 10]",722,"[16, 6, 17, 18, 4, 5, 15, 2, 8, 9, 19, 11, 12, 13, 14, 7, 0, 3, 1, 10]",722,3.971215009689331
"[16, 6, 17, 18, 4, 5, 15, 2, 8, 9, 19, 11, 12, 13, 14, 7, 0, 3, 1, 10]",722,"[16, 6, 17, 18, 4, 5, 15, 2, 8, 9, 19, 11, 12, 13, 14, 7, 0, 3, 1, 10]",722,3.9931530952453613
"[16, 6, 17, 18, 4, 5, 15, 2, 8, 9, 19, 11, 12, 13, 14, 7, 0, 3, 1, 10]",722,"[16, 6, 17, 18, 4, 5, 15, 2, 8, 9, 19, 11, 12, 13, 14, 7, 0, 3, 1, 10]",722,4.01465916633606
"[16, 6, 17, 18, 4, 5, 15, 2, 8, 9, 19, 11, 12, 13, 14, 7, 0, 3, 1, 10]",722,"[16, 6, 17, 18, 4, 5, 15, 2, 8, 9, 19, 11, 12, 13, 14, 7, 0, 3, 1, 10]",722,4.036603927612305
"[16, 6, 17, 18, 4, 5, 15, 2, 8, 9, 19, 11, 12, 13, 14, 7, 0, 3, 1, 10]",722,"[16, 6, 17, 18, 4, 5, 15, 2, 8, 9, 19, 11, 12, 13, 14, 7, 0, 3, 1, 10]",722,4.059410095214844
"[16, 6, 17, 18, 4, 5, 15, 2, 8, 9, 19, 11, 12, 13, 14, 7, 0, 3, 1, 10]",722,"[16, 6, 17, 18, 4, 5, 15, 2, 8, 9, 19, 11, 12, 13, 14, 7, 0, 3, 1, 10]",722,4.081862926483154
"[16, 6, 17, 18, 4, 5, 15, 2, 8, 9, 19, 11, 12, 13, 14, 7, 0, 3, 1, 10]",722,"[16, 6, 17, 18, 4, 5, 15, 2, 8, 9, 19, 11, 12, 13, 14, 7, 0, 3, 1, 10]",722,4.1042890548706055
"[16, 6, 17, 18, 4, 5, 15, 2, 8, 9, 19, 11, 12, 13, 14, 7, 0, 3, 1, 10]",722,"[16, 6, 17, 18, 4, 5, 15, 2, 8, 9, 19, 11, 12, 13, 14, 7, 0, 3, 1, 10]",722,4.126753091812134
"[16, 6, 17, 18, 4, 5, 15, 2, 8, 9, 19, 11, 12, 13, 14, 7, 0, 3, 1, 10]",722,"[16, 6, 17, 18, 4, 5, 15, 2, 8, 9, 19, 11, 12, 13, 14, 7, 0, 3, 1, 10]",722,4.149245977401733
"[16, 6, 17, 18, 4, 5, 15, 2, 8, 9, 19, 11, 12, 13, 14, 7, 0, 3, 1, 10]",722,"[16, 6, 17, 18, 4, 5, 15, 2, 8, 9, 19, 11, 12, 13, 14, 7, 0, 3, 1, 10]",722,4.171846866607666
"[16, 6, 17, 18, 4, 5, 15, 2, 8, 9, 19, 11, 12, 13, 14, 7, 0, 3, 1, 10]",722,"[16, 6, 17, 18, 4, 5, 15, 2, 8, 9, 19, 11, 12, 13, 14, 7, 0, 3, 1, 10]",722,4.1944899559021
"[16, 6, 17, 18, 4, 5, 15, 2, 8, 9, 19, 11, 12, 13, 14, 7, 0, 3, 1, 10]",722,"[16, 6, 17, 18, 4, 5, 15, 2, 8, 9, 19, 11, 12, 13, 14, 7, 0, 3, 1, 10]",722,4.218791961669922
"[16, 6, 17, 18, 4, 5, 15, 2, 8, 9, 19, 11, 12, 13, 14, 7, 0, 3, 1, 10]",722,"[16, 6, 17, 18, 4, 5, 15, 2, 8, 9, 19, 11, 12, 13, 14, 7, 0, 3, 1, 10]",722,4.243025064468384
"[16, 6, 17, 18, 4, 5, 15, 2, 8, 9, 19, 11, 12, 13, 14, 7, 0, 3, 1, 10]",722,"[16, 6, 17, 18, 4, 5, 15, 2, 8, 9, 19, 11, 12, 13, 14, 7, 0, 3, 1, 10]",722,4.277992010116577
"[16, 6, 17, 18, 4, 5, 15, 2, 8, 9, 19, 11, 12, 13, 14, 7, 0, 3, 1, 10]",722,"[16, 6, 17, 18, 4, 5, 15, 2, 8, 9, 19, 11, 12, 13, 14, 7, 0, 3, 1, 10]",722,4.300762891769409
"[16, 6, 17, 18, 4, 5, 15, 2, 8, 9, 19, 11, 12, 13, 14, 7, 0, 3, 1, 10]",722,"[16, 6, 17, 18, 4, 5, 15, 2, 8, 9, 19, 11, 12, 13, 14, 7, 0, 3, 1, 10]",722,4.323290824890137
"[16, 6, 17, 18, 4, 5, 15, 2, 8, 9, 19, 11, 12, 13, 14, 7, 0, 3, 1, 10]",722,"[16, 6, 17, 18, 4, 5, 15, 2, 8, 9, 19, 11, 12, 13, 14, 7, 0, 3, 1, 10]",722,4.345874071121216
"[16, 6, 17, 18, 4, 5, 15, 2, 8, 9, 19, 11, 12, 13, 14, 7, 0, 3, 1, 10]",722,"[16, 6, 17, 18, 4, 5, 15, 2, 8, 9, 19, 11, 12, 13, 14, 7, 0, 3, 1, 10]",722,4.369096040725708
"[16, 6, 17, 18, 4, 5, 15, 2, 8, 9, 19, 11, 12, 13, 14, 7, 0, 3, 1, 10]",722,"[16, 6, 17, 18, 4, 5, 15, 2, 8, 9, 19, 11, 12, 13, 14, 7, 0, 3, 1, 10]",722,4.391256093978882
"[16, 6, 17, 18, 4, 5, 15, 2, 8, 9, 19, 11, 12, 13, 14, 7, 0, 3, 1, 10]",722,"[16, 6, 17, 18, 4, 5, 15, 2, 8, 9, 19, 11, 12, 13, 14, 7, 0, 3, 1, 10]",722,4.41358494758606
"[16, 6, 17, 18, 4, 5, 15, 2, 8, 9, 19, 11, 12, 13, 14, 7, 0, 3, 1, 10]",722,"[16, 6, 17, 18, 4, 5, 15, 2, 8, 9, 19, 11, 12, 13, 14, 7, 0, 3, 1, 10]",722,4.435476064682007
"[16, 6, 17, 18, 4, 5, 15, 2, 8, 9, 19, 11, 12, 13, 14, 7, 0, 3, 1, 10]",722,"[16, 6, 17, 18, 4, 5, 15, 2, 8, 9, 19, 11, 12, 13, 14, 7, 0, 3, 1, 10]",722,4.4575231075286865
"[16, 6, 17, 18, 4, 5, 15, 2, 8, 9, 19, 11, 12, 13, 14, 7, 0, 3, 1, 10]",722,"[16, 6, 17, 18, 4, 5, 15, 2, 8, 9, 19, 11, 12, 13, 14, 7, 0, 3, 1, 10]",722,4.479669094085693
"[16, 6, 17, 18, 4, 5, 15, 2, 8, 9, 19, 11, 12, 13, 14, 7, 0, 3, 1, 10]",722,"[16, 6, 17, 18, 4, 5, 15, 2, 8, 9, 19, 11, 12, 13, 14, 7, 0, 3, 1, 10]",722,4.501449108123779
"[16, 6, 17, 18, 4, 5, 15, 2, 8, 9, 19, 11, 12, 13, 14, 7, 0, 3, 1, 10]",722,"[16, 6, 17, 18, 4, 5, 15, 2, 8, 9, 19, 11, 12, 13, 14, 7, 0, 3, 1, 10]",722,4.5233988761901855
"[16, 6, 17, 18, 4, 5, 15, 2, 8, 9, 19, 11, 12, 13, 14, 7, 0, 3, 1, 10]",722,"[16, 6, 17, 18, 4, 5, 15, 2, 8, 9, 19, 11, 12, 13, 14, 7, 0, 3, 1, 10]",722,4.545762777328491
"[16, 6, 17, 18, 4, 5, 15, 2, 8, 9, 19, 11, 12, 13, 14, 7, 0, 3, 1, 10]",722,"[16, 6, 17, 18, 4, 5, 15, 2, 8, 9, 19, 11, 12, 13, 14, 7, 0, 3, 1, 10]",722,4.568209886550903
"[16, 6, 17, 18, 4, 5, 15, 2, 8, 9, 19, 11, 12, 13, 14, 7, 0, 3, 1, 10]",722,"[16, 6, 17, 18, 4, 5, 15, 2, 8, 9, 19, 11, 12, 13, 14, 7, 0, 3, 1, 10]",722,4.590616226196289
"[16, 6, 17, 18, 4, 5, 15, 2, 8, 9, 19, 11, 12, 13, 14, 7, 0, 3, 1, 10]",722,"[16, 6, 17, 18, 4, 5, 15, 2, 8, 9, 19, 11, 12, 13, 14, 7, 0, 3, 1, 10]",722,4.613173961639404
"[16, 6, 17, 18, 4, 5, 15, 2, 8, 9, 19, 11, 12, 13, 14, 7, 0, 3, 1, 10]",722,"[16, 6, 17, 18, 4, 5, 15, 2, 8, 9, 19, 11, 12, 13, 14, 7, 0, 3, 1, 10]",722,4.63623309135437
"[16, 6, 17, 18, 4, 5, 15, 2, 8, 9, 19, 11, 12, 13, 14, 7, 0, 3, 1, 10]",722,"[16, 6, 17, 18, 4, 5, 15, 2, 8, 9, 19, 11, 12, 13, 14, 7, 0, 3, 1, 10]",722,4.658210039138794
"[16, 6, 17, 18, 4, 5, 15, 2, 8, 9, 19, 11, 12, 13, 14, 7, 0, 3, 1, 10]",722,"[16, 6, 17, 18, 4, 5, 15, 2, 8, 9, 19, 11, 12, 13, 14, 7, 0, 3, 1, 10]",722,4.680114984512329
"[16, 6, 17, 18, 4, 5, 15, 2, 8, 9, 19, 11, 12, 13, 14, 7, 0, 3, 1, 10]",722,"[16, 6, 17, 18, 4, 5, 15, 2, 8, 9, 19, 11, 12, 13, 14, 7, 0, 3, 1, 10]",722,4.702291011810303
"[16, 6, 17, 18, 4, 5, 15, 2, 8, 9, 19, 11, 12, 13, 14, 7, 0, 3, 1, 10]",722,"[16, 6, 17, 18, 4, 5, 15, 2, 8, 9, 19, 11, 12, 13, 14, 7, 0, 3, 1, 10]",722,4.724480152130127
"[16, 6, 17, 18, 4, 5, 15, 2, 8, 9, 19, 11, 12, 13, 14, 7, 0, 3, 1, 10]",722,"[16, 6, 17, 18, 4, 5, 15, 2, 8, 9, 19, 11, 12, 13, 14, 7, 0, 3, 1, 10]",722,4.746728897094727
"[16, 6, 17, 18, 4, 5, 15, 2, 8, 9, 19, 11, 12, 13, 14, 7, 0, 3, 1, 10]",722,"[16, 6, 17, 18, 4, 5, 15, 2, 8, 9, 19, 11, 12, 13, 14, 7, 0, 3, 1, 10]",722,4.769207000732422
"[16, 6, 17, 18, 4, 5, 15, 2, 8, 9, 19, 11, 12, 13, 14, 7, 0, 3, 1, 10]",722,"[16, 6, 17, 18, 4, 5, 15, 2, 8, 9, 19, 11, 12, 13, 14, 7, 0, 3, 1, 10]",722,4.79212498664856
"[16, 6, 17, 18, 4, 5, 15, 2, 8, 9, 19, 11, 12, 13, 14, 7, 0, 3, 1, 10]",722,"[16, 6, 17, 18, 4, 5, 15, 2, 8, 9, 19, 11, 12, 13, 14, 7, 0, 3, 1, 10]",722,4.8150200843811035
"[16, 6, 17, 18, 4, 5, 15, 2, 8, 9, 19, 11, 12, 13, 14, 7, 0, 3, 1, 10]",722,"[16, 6, 17, 18, 4, 5, 15, 2, 8, 9, 19, 11, 12, 13, 14, 7, 0, 3, 1, 10]",722,4.837290048599243
"[16, 6, 17, 18, 4, 5, 15, 2, 8, 9, 19, 11, 12, 13, 14, 7, 0, 3, 1, 10]",722,"[16, 6, 17, 18, 4, 5, 15, 2, 8, 9, 19, 11, 12, 13, 14, 7, 0, 3, 1, 10]",722,4.859376907348633
"[16, 6, 17, 18, 4, 5, 15, 2, 8, 9, 19, 11, 12, 13, 14, 7, 0, 3, 1, 10]",722,"[16, 6, 17, 18, 4, 5, 15, 2, 8, 9, 19, 11, 12, 13, 14, 7, 0, 3, 1, 10]",722,4.8819379806518555
"[16, 6, 17, 18, 4, 5, 15, 2, 8, 9, 19, 11, 12, 13, 14, 7, 0, 3, 1, 10]",722,"[16, 6, 17, 18, 4, 5, 15, 2, 8, 9, 19, 11, 12, 13, 14, 7, 0, 3, 1, 10]",722,4.904440879821777
"[16, 6, 17, 18, 4, 5, 15, 2, 8, 9, 19, 11, 12, 13, 14, 7, 0, 3, 1, 10]",722,"[16, 6, 17, 18, 4, 5, 15, 2, 8, 9, 19, 11, 12, 13, 14, 7, 0, 3, 1, 10]",722,4.926825046539307
"[16, 6, 17, 18, 4, 5, 15, 2, 8, 9, 19, 11, 12, 13, 14, 7, 0, 3, 1, 10]",722,"[16, 6, 17, 18, 4, 5, 15, 2, 8, 9, 19, 11, 12, 13, 14, 7, 0, 3, 1, 10]",722,4.9491400718688965
"[16, 6, 17, 18, 4, 5, 15, 2, 8, 9, 19, 11, 12, 13, 14, 7, 0, 3, 1, 10]",722,"[16, 6, 17, 18, 4, 5, 15, 2, 8, 9, 19, 11, 12, 13, 14, 7, 0, 3, 1, 10]",722,4.971479177474976
"[16, 6, 17, 18, 4, 5, 15, 2, 8, 9, 19, 11, 12, 13, 14, 7, 0, 3, 1, 10]",722,"[16, 6, 17, 18, 4, 5, 15, 2, 8, 9, 19, 11, 12, 13, 14, 7, 0, 3, 1, 10]",722,4.993937015533447
"[16, 6, 17, 18, 4, 5, 15, 2, 8, 9, 19, 11, 12, 13, 14, 7, 0, 3, 1, 10]",722,"[16, 6, 17, 18, 4, 5, 15, 2, 8, 9, 19, 11, 12, 13, 14, 7, 0, 3, 1, 10]",722,5.016455888748169
"[16, 6, 17, 18, 4, 5, 15, 2, 8, 9, 19, 11, 12, 13, 14, 7, 0, 3, 1, 10]",722,"[16, 6, 17, 18, 4, 5, 15, 2, 8, 9, 19, 11, 12, 13, 14, 7, 0, 3, 1, 10]",722,5.039034843444824
"[16, 6, 17, 18, 4, 5, 15, 2, 8, 9, 19, 11, 12, 13, 14, 7, 0, 3, 1, 10]",722,"[16, 6, 17, 18, 4, 5, 15, 2, 8, 9, 19, 11, 12, 13, 14, 7, 0, 3, 1, 10]",722,5.061861991882324
"[16, 6, 17, 18, 4, 5, 15, 2, 8, 9, 19, 11, 12, 13, 14, 7, 0, 3, 1, 10]",722,"[16, 6, 17, 18, 4, 5, 15, 2, 8, 9, 19, 11, 12, 13, 14, 7, 0, 3, 1, 10]",722,5.085652112960815
"[16, 6, 17, 18, 4, 5, 15, 2, 8, 9, 19, 11, 12, 13, 14, 7, 0, 3, 1, 10]",722,"[16, 6, 17, 18, 4, 5, 15, 2, 8, 9, 19, 11, 12, 13, 14, 7, 0, 3, 1, 10]",722,5.108474969863892
"[16, 6, 17, 18, 4, 5, 15, 2, 8, 9, 19, 11, 12, 13, 14, 7, 0, 3, 1, 10]",722,"[16, 6, 17, 18, 4, 5, 15, 2, 8, 9, 19, 11, 12, 13, 14, 7, 0, 3, 1, 10]",722,5.130722761154175
"[16, 6, 17, 18, 4, 5, 15, 2, 8, 9, 19, 11, 12, 13, 14, 7, 0, 3, 1, 10]",722,"[16, 6, 17, 18, 4, 5, 15, 2, 8, 9, 19, 11, 12, 13, 14, 7, 0, 3, 1, 10]",722,5.153650999069214
"[16, 6, 17, 18, 4, 5, 15, 2, 8, 9, 19, 11, 12, 13, 14, 7, 0, 3, 1, 10]",722,"[16, 6, 17, 18, 4, 5, 15, 2, 8, 9, 19, 11, 12, 13, 14, 7, 0, 3, 1, 10]",722,5.176178932189941
"[16, 6, 17, 18, 4, 5, 15, 2, 8, 9, 19, 11, 12, 13, 14, 7, 0, 3, 1, 10]",722,"[16, 6, 17, 18, 4, 5, 15, 2, 8, 9, 19, 11, 12, 13, 14, 7, 0, 3, 1, 10]",722,5.198328971862793
"[16, 6, 17, 18, 4, 5, 15, 2, 8, 9, 19, 11, 12, 13, 14, 7, 0, 3, 1, 10]",722,"[16, 6, 17, 18, 4, 5, 15, 2, 8, 9, 19, 11, 12, 13, 14, 7, 0, 3, 1, 10]",722,5.221014022827148
"[16, 6, 17, 18, 4, 5, 15, 2, 8, 9, 19, 11, 12, 13, 14, 7, 0, 3, 1, 10]",722,"[16, 6, 17, 18, 4, 5, 15, 2, 8, 9, 19, 11, 12, 13, 14, 7, 0, 3, 1, 10]",722,5.243388891220093
"[16, 6, 17, 18, 4, 5, 15, 2, 8, 9, 19, 11, 12, 13, 14, 7, 0, 3, 1, 10]",722,"[16, 6, 17, 18, 4, 5, 15, 2, 8, 9, 19, 11, 12, 13, 14, 7, 0, 3, 1, 10]",722,5.265830993652344
"[16, 6, 17, 18, 4, 5, 15, 2, 8, 9, 19, 11, 12, 13, 14, 7, 0, 3, 1, 10]",722,"[16, 6, 17, 18, 4, 5, 15, 2, 8, 9, 19, 11, 12, 13, 14, 7, 0, 3, 1, 10]",722,5.288570880889893
"[16, 6, 17, 18, 4, 5, 15, 2, 8, 9, 19, 11, 12, 13, 14, 7, 0, 3, 1, 10]",722,"[16, 6, 17, 18, 4, 5, 15, 2, 8, 9, 19, 11, 12, 13, 14, 7, 0, 3, 1, 10]",722,5.311068058013916
"[16, 6, 17, 18, 4, 5, 15, 2, 8, 9, 19, 11, 12, 13, 14, 7, 0, 3, 1, 10]",722,"[16, 6, 17, 18, 4, 5, 15, 2, 8, 9, 19, 11, 12, 13, 14, 7, 0, 3, 1, 10]",722,5.333547115325928
"[16, 6, 17, 18, 4, 5, 15, 2, 8, 9, 19, 11, 12, 13, 14, 7, 0, 3, 1, 10]",722,"[16, 6, 17, 18, 4, 5, 15, 2, 8, 9, 19, 11, 12, 13, 14, 7, 0, 3, 1, 10]",722,5.355896949768066
"[16, 6, 17, 18, 4, 5, 15, 2, 8, 9, 19, 11, 12, 13, 14, 7, 0, 3, 1, 10]",722,"[16, 6, 17, 18, 4, 5, 15, 2, 8, 9, 19, 11, 12, 13, 14, 7, 0, 3, 1, 10]",722,5.377942085266113
"[16, 6, 17, 18, 4, 5, 15, 2, 8, 9, 19, 11, 12, 13, 14, 7, 0, 3, 1, 10]",722,"[16, 6, 17, 18, 4, 5, 15, 2, 8, 9, 19, 11, 12, 13, 14, 7, 0, 3, 1, 10]",722,5.400132894515991
"[16, 6, 17, 18, 4, 5, 15, 2, 8, 9, 19, 11, 12, 13, 14, 7, 0, 3, 1, 10]",722,"[16, 6, 17, 18, 4, 5, 15, 2, 8, 9, 19, 11, 12, 13, 14, 7, 0, 3, 1, 10]",722,5.423059940338135
"[16, 6, 17, 18, 4, 5, 15, 2, 8, 9, 19, 11, 12, 13, 14, 7, 0, 3, 1, 10]",722,"[16, 6, 17, 18, 4, 5, 15, 2, 8, 9, 19, 11, 12, 13, 14, 7, 0, 3, 1, 10]",722,5.445159912109375
"[16, 6, 17, 18, 4, 5, 15, 2, 8, 9, 19, 11, 12, 13, 14, 7, 0, 3, 1, 10]",722,"[16, 6, 17, 18, 4, 5, 15, 2, 8, 9, 19, 11, 12, 13, 14, 7, 0, 3, 1, 10]",722,5.467509031295776
"[16, 6, 17, 18, 4, 5, 15, 2, 8, 9, 19, 11, 12, 13, 14, 7, 0, 3, 1, 10]",722,"[16, 6, 17, 18, 4, 5, 15, 2, 8, 9, 19, 11, 12, 13, 14, 7, 0, 3, 1, 10]",722,5.48981785774231
"[16, 6, 17, 18, 4, 5, 15, 2, 8, 9, 19, 11, 12, 13, 14, 7, 0, 3, 1, 10]",722,"[16, 6, 17, 18, 4, 5, 15, 2, 8, 9, 19, 11, 12, 13, 14, 7, 0, 3, 1, 10]",722,5.51200795173645
"[16, 6, 17, 18, 4, 5, 15, 2, 8, 9, 19, 11, 12, 13, 14, 7, 0, 3, 1, 10]",722,"[16, 6, 17, 18, 4, 5, 15, 2, 8, 9, 19, 11, 12, 13, 14, 7, 0, 3, 1, 10]",722,5.53487491607666
"[16, 6, 17, 18, 4, 5, 15, 2, 8, 9, 19, 11, 12, 13, 14, 7, 0, 3, 1, 10]",722,"[16, 6, 17, 18, 4, 5, 15, 2, 8, 9, 19, 11, 12, 13, 14, 7, 0, 3, 1, 10]",722,5.557487964630127
"[16, 6, 17, 18, 4, 5, 15, 2, 8, 9, 19, 11, 12, 13, 14, 7, 0, 3, 1, 10]",722,"[16, 6, 17, 18, 4, 5, 15, 2, 8, 9, 19, 11, 12, 13, 14, 7, 0, 3, 1, 10]",722,5.5798420906066895
"[16, 6, 17, 18, 4, 5, 15, 2, 8, 9, 19, 11, 12, 13, 14, 7, 0, 3, 1, 10]",722,"[16, 6, 17, 18, 4, 5, 15, 2, 8, 9, 19, 11, 12, 13, 14, 7, 0, 3, 1, 10]",722,5.602216958999634
"[16, 6, 17, 18, 4, 5, 15, 2, 8, 9, 19, 11, 12, 13, 14, 7, 0, 3, 1, 10]",722,"[16, 6, 17, 18, 4, 5, 15, 2, 8, 9, 19, 11, 12, 13, 14, 7, 0, 3, 1, 10]",722,5.6247169971466064
"[16, 6, 17, 18, 4, 5, 15, 2, 8, 9, 19, 11, 12, 13, 14, 7, 0, 3, 1, 10]",722,"[16, 6, 17, 18, 4, 5, 15, 2, 8, 9, 19, 11, 12, 13, 14, 7, 0, 3, 1, 10]",722,5.6466591358184814
"[16, 6, 17, 18, 4, 5, 15, 2, 8, 9, 19, 11, 12, 13, 14, 7, 0, 3, 1, 10]",722,"[16, 6, 17, 18, 4, 5, 15, 2, 8, 9, 19, 11, 12, 13, 14, 7, 0, 3, 1, 10]",722,5.669654130935669
"[16, 6, 17, 18, 4, 5, 15, 2, 8, 9, 19, 11, 12, 13, 14, 7, 0, 3, 1, 10]",722,"[16, 6, 17, 18, 4, 5, 15, 2, 8, 9, 19, 11, 12, 13, 14, 7, 0, 3, 1, 10]",722,5.692509889602661
"[16, 6, 17, 18, 4, 5, 15, 2, 8, 9, 19, 11, 12, 13, 14, 7, 0, 3, 1, 10]",722,"[16, 6, 17, 18, 4, 5, 15, 2, 8, 9, 19, 11, 12, 13, 14, 7, 0, 3, 1, 10]",722,5.7158050537109375
"[16, 6, 17, 18, 4, 5, 15, 2, 8, 9, 19, 11, 12, 13, 14, 7, 0, 3, 1, 10]",722,"[16, 6, 17, 18, 4, 5, 15, 2, 8, 9, 19, 11, 12, 13, 14, 7, 0, 3, 1, 10]",722,5.738453149795532
"[16, 6, 17, 18, 4, 5, 15, 2, 8, 9, 19, 11, 12, 13, 14, 7, 0, 3, 1, 10]",722,"[16, 6, 17, 18, 4, 5, 15, 2, 8, 9, 19, 11, 12, 13, 14, 7, 0, 3, 1, 10]",722,5.761444807052612
"[16, 6, 17, 18, 4, 5, 15, 2, 8, 9, 19, 11, 12, 13, 14, 7, 0, 3, 1, 10]",722,"[16, 6, 17, 18, 4, 5, 15, 2, 8, 9, 19, 11, 12, 13, 14, 7, 0, 3, 1, 10]",722,5.784109115600586
"[16, 6, 17, 18, 4, 5, 15, 2, 8, 9, 19, 11, 12, 13, 14, 7, 0, 3, 1, 10]",722,"[16, 6, 17, 18, 4, 5, 15, 2, 8, 9, 19, 11, 12, 13, 14, 7, 0, 3, 1, 10]",722,5.806258916854858
"[16, 6, 17, 18, 4, 5, 15, 2, 8, 9, 19, 11, 12, 13, 14, 7, 0, 3, 1, 10]",722,"[16, 6, 17, 18, 4, 5, 15, 2, 8, 9, 19, 11, 12, 13, 14, 7, 0, 3, 1, 10]",722,5.828462839126587
"[16, 6, 17, 18, 4, 5, 15, 2, 8, 9, 19, 11, 12, 13, 14, 7, 0, 3, 1, 10]",722,"[16, 6, 17, 18, 4, 5, 15, 2, 8, 9, 19, 11, 12, 13, 14, 7, 0, 3, 1, 10]",722,5.851724147796631
"[16, 6, 17, 18, 4, 5, 15, 2, 8, 9, 19, 11, 12, 13, 14, 7, 0, 3, 1, 10]",722,"[16, 6, 17, 18, 4, 5, 15, 2, 8, 9, 19, 11, 12, 13, 14, 7, 0, 3, 1, 10]",722,5.874477863311768
"[16, 6, 17, 18, 4, 5, 15, 2, 8, 9, 19, 11, 12, 13, 14, 7, 0, 3, 1, 10]",722,"[16, 6, 17, 18, 4, 5, 15, 2, 8, 9, 19, 11, 12, 13, 14, 7, 0, 3, 1, 10]",722,5.896949052810669
"[16, 6, 17, 18, 4, 5, 15, 2, 8, 9, 19, 11, 12, 13, 14, 7, 0, 3, 1, 10]",722,"[16, 6, 17, 18, 4, 5, 15, 2, 8, 9, 19, 11, 12, 13, 14, 7, 0, 3, 1, 10]",722,5.933111190795898
"[16, 6, 17, 18, 4, 5, 15, 2, 8, 9, 19, 11, 12, 13, 14, 7, 0, 3, 1, 10]",722,"[16, 6, 17, 18, 4, 5, 15, 2, 8, 9, 19, 11, 12, 13, 14, 7, 0, 3, 1, 10]",722,5.955577850341797
"[16, 6, 17, 18, 4, 5, 15, 2, 8, 9, 19, 11, 12, 13, 14, 7, 0, 3, 1, 10]",722,"[16, 6, 17, 18, 4, 5, 15, 2, 8, 9, 19, 11, 12, 13, 14, 7, 0, 3, 1, 10]",722,5.978082895278931
"[16, 6, 17, 18, 4, 5, 15, 2, 8, 9, 19, 11, 12, 13, 14, 7, 0, 3, 1, 10]",722,"[16, 6, 17, 18, 4, 5, 15, 2, 8, 9, 19, 11, 12, 13, 14, 7, 0, 3, 1, 10]",722,6.000380039215088
"[16, 6, 17, 18, 4, 5, 15, 2, 8, 9, 19, 11, 12, 13, 14, 7, 0, 3, 1, 10]",722,"[16, 6, 17, 18, 4, 5, 15, 2, 8, 9, 19, 11, 12, 13, 14, 7, 0, 3, 1, 10]",722,6.022157192230225
"[16, 6, 17, 18, 4, 5, 15, 2, 8, 9, 19, 11, 12, 13, 14, 7, 0, 3, 1, 10]",722,"[16, 6, 17, 18, 4, 5, 15, 2, 8, 9, 19, 11, 12, 13, 14, 7, 0, 3, 1, 10]",722,6.044543027877808
"[16, 6, 17, 18, 4, 5, 15, 2, 8, 9, 19, 11, 12, 13, 14, 7, 0, 3, 1, 10]",722,"[16, 6, 17, 18, 4, 5, 15, 2, 8, 9, 19, 11, 12, 13, 14, 7, 0, 3, 1, 10]",722,6.068152904510498
"[16, 6, 17, 18, 4, 5, 15, 2, 8, 9, 19, 11, 12, 13, 14, 7, 0, 3, 1, 10]",722,"[16, 6, 17, 18, 4, 5, 15, 2, 8, 9, 19, 11, 12, 13, 14, 7, 0, 3, 1, 10]",722,6.089756011962891
"[16, 6, 17, 18, 4, 5, 15, 2, 8, 9, 19, 11, 12, 13, 14, 7, 0, 3, 1, 10]",722,"[16, 6, 17, 18, 4, 5, 15, 2, 8, 9, 19, 11, 12, 13, 14, 7, 0, 3, 1, 10]",722,6.112046957015991
"[16, 6, 17, 18, 4, 5, 15, 2, 8, 9, 19, 11, 12, 13, 14, 7, 0, 3, 1, 10]",722,"[16, 6, 17, 18, 4, 5, 15, 2, 8, 9, 19, 11, 12, 13, 14, 7, 0, 3, 1, 10]",722,6.13459587097168
"[16, 6, 17, 18, 4, 5, 15, 2, 8, 9, 19, 11, 12, 13, 14, 7, 0, 3, 1, 10]",722,"[16, 6, 17, 18, 4, 5, 15, 2, 8, 9, 19, 11, 12, 13, 14, 7, 0, 3, 1, 10]",722,6.156733989715576
"[16, 6, 17, 18, 4, 5, 15, 2, 8, 9, 19, 11, 12, 13, 14, 7, 0, 3, 1, 10]",722,"[16, 6, 17, 18, 4, 5, 15, 2, 8, 9, 19, 11, 12, 13, 14, 7, 0, 3, 1, 10]",722,6.179362773895264
"[16, 6, 17, 18, 4, 5, 15, 2, 8, 9, 19, 11, 12, 13, 14, 7, 0, 3, 1, 10]",722,"[16, 6, 17, 18, 4, 5, 15, 2, 8, 9, 19, 11, 12, 13, 14, 7, 0, 3, 1, 10]",722,6.201714992523193
"[16, 6, 17, 18, 4, 5, 15, 2, 8, 9, 19, 11, 12, 13, 14, 7, 0, 3, 1, 10]",722,"[16, 6, 17, 18, 4, 5, 15, 2, 8, 9, 19, 11, 12, 13, 14, 7, 0, 3, 1, 10]",722,6.22413182258606
"[16, 6, 17, 18, 4, 5, 15, 2, 8, 9, 19, 11, 12, 13, 14, 7, 0, 3, 1, 10]",722,"[16, 6, 17, 18, 4, 5, 15, 2, 8, 9, 19, 11, 12, 13, 14, 7, 0, 3, 1, 10]",722,6.245914936065674
"[16, 6, 17, 18, 4, 5, 15, 2, 8, 9, 19, 11, 12, 13, 14, 7, 0, 3, 1, 10]",722,"[16, 6, 17, 18, 4, 5, 15, 2, 8, 9, 19, 11, 12, 13, 14, 7, 0, 3, 1, 10]",722,6.268633842468262
"[16, 6, 17, 18, 4, 5, 15, 2, 8, 9, 19, 11, 12, 13, 14, 7, 0, 3, 1, 10]",722,"[16, 6, 17, 18, 4, 5, 15, 2, 8, 9, 19, 11, 12, 13, 14, 7, 0, 3, 1, 10]",722,6.290605068206787
"[16, 6, 17, 18, 4, 5, 15, 2, 8, 9, 19, 11, 12, 13, 14, 7, 0, 3, 1, 10]",722,"[16, 6, 17, 18, 4, 5, 15, 2, 8, 9, 19, 11, 12, 13, 14, 7, 0, 3, 1, 10]",722,6.3128650188446045
"[16, 6, 17, 18, 4, 5, 15, 2, 8, 9, 19, 11, 12, 13, 14, 7, 0, 3, 1, 10]",722,"[16, 6, 17, 18, 4, 5, 15, 2, 8, 9, 19, 11, 12, 13, 14, 7, 0, 3, 1, 10]",722,6.33540415763855
"[16, 6, 17, 18, 4, 5, 15, 2, 8, 9, 19, 11, 12, 13, 14, 7, 0, 3, 1, 10]",722,"[16, 6, 17, 18, 4, 5, 15, 2, 8, 9, 19, 11, 12, 13, 14, 7, 0, 3, 1, 10]",722,6.35867714881897
"[16, 6, 17, 18, 4, 5, 15, 2, 8, 9, 19, 11, 12, 13, 14, 7, 0, 3, 1, 10]",722,"[16, 6, 17, 18, 4, 5, 15, 2, 8, 9, 19, 11, 12, 13, 14, 7, 0, 3, 1, 10]",722,6.381219863891602
"[16, 6, 17, 18, 4, 5, 15, 2, 8, 9, 19, 11, 12, 13, 14, 7, 0, 3, 1, 10]",722,"[16, 6, 17, 18, 4, 5, 15, 2, 8, 9, 19, 11, 12, 13, 14, 7, 0, 3, 1, 10]",722,6.4024248123168945
"[16, 6, 17, 18, 4, 5, 15, 2, 8, 9, 19, 11, 12, 13, 14, 7, 0, 3, 1, 10]",722,"[16, 6, 17, 18, 4, 5, 15, 2, 8, 9, 19, 11, 12, 13, 14, 7, 0, 3, 1, 10]",722,6.425539970397949
"[16, 6, 17, 18, 4, 5, 15, 2, 8, 9, 19, 11, 12, 13, 14, 7, 0, 3, 1, 10]",722,"[16, 6, 17, 18, 4, 5, 15, 2, 8, 9, 19, 11, 12, 13, 14, 7, 0, 3, 1, 10]",722,6.44757604598999
"[16, 6, 17, 18, 4, 5, 15, 2, 8, 9, 19, 11, 12, 13, 14, 7, 0, 3, 1, 10]",722,"[16, 6, 17, 18, 4, 5, 15, 2, 8, 9, 19, 11, 12, 13, 14, 7, 0, 3, 1, 10]",722,6.470139026641846
"[16, 6, 17, 18, 4, 5, 15, 2, 8, 9, 19, 11, 12, 13, 14, 7, 0, 3, 1, 10]",722,"[16, 6, 17, 18, 4, 5, 15, 2, 8, 9, 19, 11, 12, 13, 14, 7, 0, 3, 1, 10]",722,6.492581844329834
"[16, 6, 17, 18, 4, 5, 15, 2, 8, 9, 19, 11, 12, 13, 14, 7, 0, 3, 1, 10]",722,"[16, 6, 17, 18, 4, 5, 15, 2, 8, 9, 19, 11, 12, 13, 14, 7, 0, 3, 1, 10]",722,6.515127182006836
"[16, 6, 17, 18, 4, 5, 15, 2, 8, 9, 19, 11, 12, 13, 14, 7, 0, 3, 1, 10]",722,"[16, 6, 17, 18, 4, 5, 15, 2, 8, 9, 19, 11, 12, 13, 14, 7, 0, 3, 1, 10]",722,6.537645101547241
"[16, 6, 17, 18, 4, 5, 15, 2, 8, 9, 19, 11, 12, 13, 14, 7, 0, 3, 1, 10]",722,"[16, 6, 17, 18, 4, 5, 15, 2, 8, 9, 19, 11, 12, 13, 14, 7, 0, 3, 1, 10]",722,6.559906005859375
"[16, 6, 17, 18, 4, 5, 15, 2, 8, 9, 19, 11, 12, 13, 14, 7, 0, 3, 1, 10]",722,"[16, 6, 17, 18, 4, 5, 15, 2, 8, 9, 19, 11, 12, 13, 14, 7, 0, 3, 1, 10]",722,6.581645965576172
"[16, 6, 17, 18, 4, 5, 15, 2, 8, 9, 19, 11, 12, 13, 14, 7, 0, 3, 1, 10]",722,"[16, 6, 17, 18, 4, 5, 15, 2, 8, 9, 19, 11, 12, 13, 14, 7, 0, 3, 1, 10]",722,6.604865074157715
"[16, 6, 17, 18, 4, 5, 15, 2, 8, 9, 19, 11, 12, 13, 14, 7, 0, 3, 1, 10]",722,"[16, 6, 17, 18, 4, 5, 15, 2, 8, 9, 19, 11, 12, 13, 14, 7, 0, 3, 1, 10]",722,6.627042770385742
"[16, 6, 17, 18, 4, 5, 15, 2, 8, 9, 19, 11, 12, 13, 14, 7, 0, 3, 1, 10]",722,"[16, 6, 17, 18, 4, 5, 15, 2, 8, 9, 19, 11, 12, 13, 14, 7, 0, 3, 1, 10]",722,6.649199962615967
"[16, 6, 17, 18, 4, 5, 15, 2, 8, 9, 19, 11, 12, 13, 14, 7, 0, 3, 1, 10]",722,"[16, 6, 17, 18, 4, 5, 15, 2, 8, 9, 19, 11, 12, 13, 14, 7, 0, 3, 1, 10]",722,6.671074151992798
"[16, 6, 17, 18, 4, 5, 15, 2, 8, 9, 19, 11, 12, 13, 14, 7, 0, 3, 1, 10]",722,"[16, 6, 17, 18, 4, 5, 15, 2, 8, 9, 19, 11, 12, 13, 14, 7, 0, 3, 1, 10]",722,6.693349838256836
"[16, 6, 17, 18, 4, 5, 15, 2, 8, 9, 19, 11, 12, 13, 14, 7, 0, 3, 1, 10]",722,"[16, 6, 17, 18, 4, 5, 15, 2, 8, 9, 19, 11, 12, 13, 14, 7, 0, 3, 1, 10]",722,6.715659141540527
"[16, 6, 17, 18, 4, 5, 15, 2, 8, 9, 19, 11, 12, 13, 14, 7, 0, 3, 1, 10]",722,"[16, 6, 17, 18, 4, 5, 15, 2, 8, 9, 19, 11, 12, 13, 14, 7, 0, 3, 1, 10]",722,6.737881898880005
"[16, 6, 17, 18, 4, 5, 15, 2, 8, 9, 19, 11, 12, 13, 14, 7, 0, 3, 1, 10]",722,"[16, 6, 17, 18, 4, 5, 15, 2, 8, 9, 19, 11, 12, 13, 14, 7, 0, 3, 1, 10]",722,6.759342908859253
"[16, 6, 17, 18, 4, 5, 15, 2, 8, 9, 19, 11, 12, 13, 14, 7, 0, 3, 1, 10]",722,"[16, 6, 17, 18, 4, 5, 15, 2, 8, 9, 19, 11, 12, 13, 14, 7, 0, 3, 1, 10]",722,6.781192064285278
"[16, 6, 17, 18, 4, 5, 15, 2, 8, 9, 19, 11, 12, 13, 14, 7, 0, 3, 1, 10]",722,"[16, 6, 17, 18, 4, 5, 15, 2, 8, 9, 19, 11, 12, 13, 14, 7, 0, 3, 1, 10]",722,6.802667140960693
"[16, 6, 17, 18, 4, 5, 15, 2, 8, 9, 19, 11, 12, 13, 14, 7, 0, 3, 1, 10]",722,"[16, 6, 17, 18, 4, 5, 15, 2, 8, 9, 19, 11, 12, 13, 14, 7, 0, 3, 1, 10]",722,6.824248790740967
"[16, 6, 17, 18, 4, 5, 15, 2, 8, 9, 19, 11, 12, 13, 14, 7, 0, 3, 1, 10]",722,"[16, 6, 17, 18, 4, 5, 15, 2, 8, 9, 19, 11, 12, 13, 14, 7, 0, 3, 1, 10]",722,6.846780061721802
"[16, 6, 17, 18, 4, 5, 15, 2, 8, 9, 19, 11, 12, 13, 14, 7, 0, 3, 1, 10]",722,"[16, 6, 17, 18, 4, 5, 15, 2, 8, 9, 19, 11, 12, 13, 14, 7, 0, 3, 1, 10]",722,6.869270086288452
"[16, 6, 17, 18, 4, 5, 15, 2, 8, 9, 19, 11, 12, 13, 14, 7, 0, 3, 1, 10]",722,"[16, 6, 17, 18, 4, 5, 15, 2, 8, 9, 19, 11, 12, 13, 14, 7, 0, 3, 1, 10]",722,6.891852140426636
"[16, 6, 17, 18, 4, 5, 15, 2, 8, 9, 19, 11, 12, 13, 14, 7, 0, 3, 1, 10]",722,"[16, 6, 17, 18, 4, 5, 15, 2, 8, 9, 19, 11, 12, 13, 14, 7, 0, 3, 1, 10]",722,6.913962125778198
"[16, 6, 17, 18, 4, 5, 15, 2, 8, 9, 19, 11, 12, 13, 14, 7, 0, 3, 1, 10]",722,"[16, 6, 17, 18, 4, 5, 15, 2, 8, 9, 19, 11, 12, 13, 14, 7, 0, 3, 1, 10]",722,6.936428070068359
"[16, 6, 17, 18, 4, 5, 15, 2, 8, 9, 19, 11, 12, 13, 14, 7, 0, 3, 1, 10]",722,"[16, 6, 17, 18, 4, 5, 15, 2, 8, 9, 19, 11, 12, 13, 14, 7, 0, 3, 1, 10]",722,6.959597110748291
"[16, 6, 17, 18, 4, 5, 15, 2, 8, 9, 19, 11, 12, 13, 14, 7, 0, 3, 1, 10]",722,"[16, 6, 17, 18, 4, 5, 15, 2, 8, 9, 19, 11, 12, 13, 14, 7, 0, 3, 1, 10]",722,6.981877088546753
"[16, 6, 17, 18, 4, 5, 15, 2, 8, 9, 19, 11, 12, 13, 14, 7, 0, 3, 1, 10]",722,"[16, 6, 17, 18, 4, 5, 15, 2, 8, 9, 19, 11, 12, 13, 14, 7, 0, 3, 1, 10]",722,7.0044920444488525
"[16, 6, 17, 18, 4, 5, 15, 2, 8, 9, 19, 11, 12, 13, 14, 7, 0, 3, 1, 10]",722,"[16, 6, 17, 18, 4, 5, 15, 2, 8, 9, 19, 11, 12, 13, 14, 7, 0, 3, 1, 10]",722,7.026005029678345
"[16, 6, 17, 18, 4, 5, 15, 2, 8, 9, 19, 11, 12, 13, 14, 7, 0, 3, 1, 10]",722,"[16, 6, 17, 18, 4, 5, 15, 2, 8, 9, 19, 11, 12, 13, 14, 7, 0, 3, 1, 10]",722,7.047784090042114
"[16, 6, 17, 18, 4, 5, 15, 2, 8, 9, 19, 11, 12, 13, 14, 7, 0, 3, 1, 10]",722,"[16, 6, 17, 18, 4, 5, 15, 2, 8, 9, 19, 11, 12, 13, 14, 7, 0, 3, 1, 10]",722,7.070586919784546
"[16, 6, 17, 18, 4, 5, 15, 2, 8, 9, 19, 11, 12, 13, 14, 7, 0, 3, 1, 10]",722,"[16, 6, 17, 18, 4, 5, 15, 2, 8, 9, 19, 11, 12, 13, 14, 7, 0, 3, 1, 10]",722,7.092888116836548
"[16, 6, 17, 18, 4, 5, 15, 2, 8, 9, 19, 11, 12, 13, 14, 7, 0, 3, 1, 10]",722,"[16, 6, 17, 18, 4, 5, 15, 2, 8, 9, 19, 11, 12, 13, 14, 7, 0, 3, 1, 10]",722,7.11561393737793
"[16, 6, 17, 18, 4, 5, 15, 2, 8, 9, 19, 11, 12, 13, 14, 7, 0, 3, 1, 10]",722,"[16, 6, 17, 18, 4, 5, 15, 2, 8, 9, 19, 11, 12, 13, 14, 7, 0, 3, 1, 10]",722,7.137664079666138
"[16, 6, 17, 18, 4, 5, 15, 2, 8, 9, 19, 11, 12, 13, 14, 7, 0, 3, 1, 10]",722,"[16, 6, 17, 18, 4, 5, 15, 2, 8, 9, 19, 11, 12, 13, 14, 7, 0, 3, 1, 10]",722,7.1597208976745605
"[16, 6, 17, 18, 4, 5, 15, 2, 8, 9, 19, 11, 12, 13, 14, 7, 0, 3, 1, 10]",722,"[16, 6, 17, 18, 4, 5, 15, 2, 8, 9, 19, 11, 12, 13, 14, 7, 0, 3, 1, 10]",722,7.181624174118042
"[16, 6, 17, 18, 4, 5, 15, 2, 8, 9, 19, 11, 12, 13, 14, 7, 0, 3, 1, 10]",722,"[16, 6, 17, 18, 4, 5, 15, 2, 8, 9, 19, 11, 12, 13, 14, 7, 0, 3, 1, 10]",722,7.20373797416687
"[16, 6, 17, 18, 4, 5, 15, 2, 8, 9, 19, 11, 12, 13, 14, 7, 0, 3, 1, 10]",722,"[16, 6, 17, 18, 4, 5, 15, 2, 8, 9, 19, 11, 12, 13, 14, 7, 0, 3, 1, 10]",722,7.226304054260254
"[16, 6, 17, 18, 4, 5, 15, 2, 8, 9, 19, 11, 12, 13, 14, 7, 0, 3, 1, 10]",722,"[16, 6, 17, 18, 4, 5, 15, 2, 8, 9, 19, 11, 12, 13, 14, 7, 0, 3, 1, 10]",722,7.249122858047485
"[16, 6, 17, 18, 4, 5, 15, 2, 8, 9, 19, 11, 12, 13, 14, 7, 0, 3, 1, 10]",722,"[16, 6, 17, 18, 4, 5, 15, 2, 8, 9, 19, 11, 12, 13, 14, 7, 0, 3, 1, 10]",722,7.271028995513916
"[16, 6, 17, 18, 4, 5, 15, 2, 8, 9, 19, 11, 12, 13, 14, 7, 0, 3, 1, 10]",722,"[16, 6, 17, 18, 4, 5, 15, 2, 8, 9, 19, 11, 12, 13, 14, 7, 0, 3, 1, 10]",722,7.2935380935668945
"[16, 6, 17, 18, 4, 5, 15, 2, 8, 9, 19, 11, 12, 13, 14, 7, 0, 3, 1, 10]",722,"[16, 6, 17, 18, 4, 5, 15, 2, 8, 9, 19, 11, 12, 13, 14, 7, 0, 3, 1, 10]",722,7.315814971923828
"[16, 6, 17, 18, 4, 5, 15, 2, 8, 9, 19, 11, 12, 13, 14, 7, 0, 3, 1, 10]",722,"[16, 6, 17, 18, 4, 5, 15, 2, 8, 9, 19, 11, 12, 13, 14, 7, 0, 3, 1, 10]",722,7.338075876235962
"[16, 6, 17, 18, 4, 5, 15, 2, 8, 9, 19, 11, 12, 13, 14, 7, 0, 3, 1, 10]",722,"[16, 6, 17, 18, 4, 5, 15, 2, 8, 9, 19, 11, 12, 13, 14, 7, 0, 3, 1, 10]",722,7.360576152801514
"[16, 6, 17, 18, 4, 5, 15, 2, 8, 9, 19, 11, 12, 13, 14, 7, 0, 3, 1, 10]",722,"[16, 6, 17, 18, 4, 5, 15, 2, 8, 9, 19, 11, 12, 13, 14, 7, 0, 3, 1, 10]",722,7.38316798210144
"[16, 6, 17, 18, 4, 5, 15, 2, 8, 9, 19, 11, 12, 13, 14, 7, 0, 3, 1, 10]",722,"[16, 6, 17, 18, 4, 5, 15, 2, 8, 9, 19, 11, 12, 13, 14, 7, 0, 3, 1, 10]",722,7.404901027679443
"[16, 6, 17, 18, 4, 5, 15, 2, 8, 9, 19, 11, 12, 13, 14, 7, 0, 3, 1, 10]",722,"[16, 6, 17, 18, 4, 5, 15, 2, 8, 9, 19, 11, 12, 13, 14, 7, 0, 3, 1, 10]",722,7.4263739585876465
"[16, 6, 17, 18, 4, 5, 15, 2, 8, 9, 19, 11, 12, 13, 14, 7, 0, 3, 1, 10]",722,"[16, 6, 17, 18, 4, 5, 15, 2, 8, 9, 19, 11, 12, 13, 14, 7, 0, 3, 1, 10]",722,7.448671102523804
"[16, 6, 17, 18, 4, 5, 15, 2, 8, 9, 19, 11, 12, 13, 14, 7, 0, 3, 1, 10]",722,"[16, 6, 17, 18, 4, 5, 15, 2, 8, 9, 19, 11, 12, 13, 14, 7, 0, 3, 1, 10]",722,7.470793008804321
"[16, 6, 17, 18, 4, 5, 15, 2, 8, 9, 19, 11, 12, 13, 14, 7, 0, 3, 1, 10]",722,"[16, 6, 17, 18, 4, 5, 15, 2, 8, 9, 19, 11, 12, 13, 14, 7, 0, 3, 1, 10]",722,7.492460012435913
"[16, 6, 17, 18, 4, 5, 15, 2, 8, 9, 19, 11, 12, 13, 14, 7, 0, 3, 1, 10]",722,"[16, 6, 17, 18, 4, 5, 15, 2, 8, 9, 19, 11, 12, 13, 14, 7, 0, 3, 1, 10]",722,7.51472282409668
"[16, 6, 17, 18, 4, 5, 15, 2, 8, 9, 19, 11, 12, 13, 14, 7, 0, 3, 1, 10]",722,"[16, 6, 17, 18, 4, 5, 15, 2, 8, 9, 19, 11, 12, 13, 14, 7, 0, 3, 1, 10]",722,7.548902988433838
"[16, 6, 17, 18, 4, 5, 15, 2, 8, 9, 19, 11, 12, 13, 14, 7, 0, 3, 1, 10]",722,"[16, 6, 17, 18, 4, 5, 15, 2, 8, 9, 19, 11, 12, 13, 14, 7, 0, 3, 1, 10]",722,7.571416139602661
"[16, 6, 17, 18, 4, 5, 15, 2, 8, 9, 19, 11, 12, 13, 14, 7, 0, 3, 1, 10]",722,"[16, 6, 17, 18, 4, 5, 15, 2, 8, 9, 19, 11, 12, 13, 14, 7, 0, 3, 1, 10]",722,7.593626976013184
"[16, 6, 17, 18, 4, 5, 15, 2, 8, 9, 19, 11, 12, 13, 14, 7, 0, 3, 1, 10]",722,"[16, 6, 17, 18, 4, 5, 15, 2, 8, 9, 19, 11, 12, 13, 14, 7, 0, 3, 1, 10]",722,7.616077184677124
"[16, 6, 17, 18, 4, 5, 15, 2, 8, 9, 19, 11, 12, 13, 14, 7, 0, 3, 1, 10]",722,"[16, 6, 17, 18, 4, 5, 15, 2, 8, 9, 19, 11, 12, 13, 14, 7, 0, 3, 1, 10]",722,7.638216972351074
"[16, 6, 17, 18, 4, 5, 15, 2, 8, 9, 19, 11, 12, 13, 14, 7, 0, 3, 1, 10]",722,"[16, 6, 17, 18, 4, 5, 15, 2, 8, 9, 19, 11, 12, 13, 14, 7, 0, 3, 1, 10]",722,7.660834074020386
"[16, 6, 17, 18, 4, 5, 15, 2, 8, 9, 19, 11, 12, 13, 14, 7, 0, 3, 1, 10]",722,"[16, 6, 17, 18, 4, 5, 15, 2, 8, 9, 19, 11, 12, 13, 14, 7, 0, 3, 1, 10]",722,7.68372106552124
"[16, 6, 17, 18, 4, 5, 15, 2, 8, 9, 19, 11, 12, 13, 14, 7, 0, 3, 1, 10]",722,"[16, 6, 17, 18, 4, 5, 15, 2, 8, 9, 19, 11, 12, 13, 14, 7, 0, 3, 1, 10]",722,7.706134080886841
"[16, 6, 17, 18, 4, 5, 15, 2, 8, 9, 19, 11, 12, 13, 14, 7, 0, 3, 1, 10]",722,"[16, 6, 17, 18, 4, 5, 15, 2, 8, 9, 19, 11, 12, 13, 14, 7, 0, 3, 1, 10]",722,7.728752851486206
"[16, 6, 17, 18, 4, 5, 15, 2, 8, 9, 19, 11, 12, 13, 14, 7, 0, 3, 1, 10]",722,"[16, 6, 17, 18, 4, 5, 15, 2, 8, 9, 19, 11, 12, 13, 14, 7, 0, 3, 1, 10]",722,7.750903129577637
"[16, 6, 17, 18, 4, 5, 15, 2, 8, 9, 19, 11, 12, 13, 14, 7, 0, 3, 1, 10]",722,"[16, 6, 17, 18, 4, 5, 15, 2, 8, 9, 19, 11, 12, 13, 14, 7, 0, 3, 1, 10]",722,7.773069858551025
"[16, 6, 17, 18, 4, 5, 15, 2, 8, 9, 19, 11, 12, 13, 14, 7, 0, 3, 1, 10]",722,"[16, 6, 17, 18, 4, 5, 15, 2, 8, 9, 19, 11, 12, 13, 14, 7, 0, 3, 1, 10]",722,7.795500040054321
"[16, 6, 17, 18, 4, 5, 15, 2, 8, 9, 19, 11, 12, 13, 14, 7, 0, 3, 1, 10]",722,"[16, 6, 17, 18, 4, 5, 15, 2, 8, 9, 19, 11, 12, 13, 14, 7, 0, 3, 1, 10]",722,7.817880153656006
"[16, 6, 17, 18, 4, 5, 15, 2, 8, 9, 19, 11, 12, 13, 14, 7, 0, 3, 1, 10]",722,"[16, 6, 17, 18, 4, 5, 15, 2, 8, 9, 19, 11, 12, 13, 14, 7, 0, 3, 1, 10]",722,7.8401758670806885
"[16, 6, 17, 18, 4, 5, 15, 2, 8, 9, 19, 11, 12, 13, 14, 7, 0, 3, 1, 10]",722,"[16, 6, 17, 18, 4, 5, 15, 2, 8, 9, 19, 11, 12, 13, 14, 7, 0, 3, 1, 10]",722,7.862739086151123
"[16, 6, 17, 18, 4, 5, 15, 2, 8, 9, 19, 11, 12, 13, 14, 7, 0, 3, 1, 10]",722,"[16, 6, 17, 18, 4, 5, 15, 2, 8, 9, 19, 11, 12, 13, 14, 7, 0, 3, 1, 10]",722,7.883738994598389
"[16, 6, 17, 18, 4, 5, 15, 2, 8, 9, 19, 11, 12, 13, 14, 7, 0, 3, 1, 10]",722,"[16, 6, 17, 18, 4, 5, 15, 2, 8, 9, 19, 11, 12, 13, 14, 7, 0, 3, 1, 10]",722,7.905700922012329
"[16, 6, 17, 18, 4, 5, 15, 2, 8, 9, 19, 11, 12, 13, 14, 7, 0, 3, 1, 10]",722,"[16, 6, 17, 18, 4, 5, 15, 2, 8, 9, 19, 11, 12, 13, 14, 7, 0, 3, 1, 10]",722,7.928313970565796
"[16, 6, 17, 18, 4, 5, 15, 2, 8, 9, 19, 11, 12, 13, 14, 7, 0, 3, 1, 10]",722,"[16, 6, 17, 18, 4, 5, 15, 2, 8, 9, 19, 11, 12, 13, 14, 7, 0, 3, 1, 10]",722,7.950963020324707
"[16, 6, 17, 18, 4, 5, 15, 2, 8, 9, 19, 11, 12, 13, 14, 7, 0, 3, 1, 10]",722,"[16, 6, 17, 18, 4, 5, 15, 2, 8, 9, 19, 11, 12, 13, 14, 7, 0, 3, 1, 10]",722,7.97321891784668
"[16, 6, 17, 18, 4, 5, 15, 2, 8, 9, 19, 11, 12, 13, 14, 7, 0, 3, 1, 10]",722,"[16, 6, 17, 18, 4, 5, 15, 2, 8, 9, 19, 11, 12, 13, 14, 7, 0, 3, 1, 10]",722,7.9955480098724365
"[16, 6, 17, 18, 4, 5, 15, 2, 8, 9, 19, 11, 12, 13, 14, 7, 0, 3, 1, 10]",722,"[16, 6, 17, 18, 4, 5, 15, 2, 8, 9, 19, 11, 12, 13, 14, 7, 0, 3, 1, 10]",722,8.017906904220581
"[16, 6, 17, 18, 4, 5, 15, 2, 8, 9, 19, 11, 12, 13, 14, 7, 0, 3, 1, 10]",722,"[16, 6, 17, 18, 4, 5, 15, 2, 8, 9, 19, 11, 12, 13, 14, 7, 0, 3, 1, 10]",722,8.040255069732666
"[16, 6, 17, 18, 4, 5, 15, 2, 8, 9, 19, 11, 12, 13, 14, 7, 0, 3, 1, 10]",722,"[16, 6, 17, 18, 4, 5, 15, 2, 8, 9, 19, 11, 12, 13, 14, 7, 0, 3, 1, 10]",722,8.06292200088501
"[16, 6, 17, 18, 4, 5, 15, 2, 8, 9, 19, 11, 12, 13, 14, 7, 0, 3, 1, 10]",722,"[16, 6, 17, 18, 4, 5, 15, 2, 8, 9, 19, 11, 12, 13, 14, 7, 0, 3, 1, 10]",722,8.086853981018066
"[16, 6, 17, 18, 4, 5, 15, 2, 8, 9, 19, 11, 12, 13, 14, 7, 0, 3, 1, 10]",722,"[16, 6, 17, 18, 4, 5, 15, 2, 8, 9, 19, 11, 12, 13, 14, 7, 0, 3, 1, 10]",722,8.109285831451416
"[16, 6, 17, 18, 4, 5, 15, 2, 8, 9, 19, 11, 12, 13, 14, 7, 0, 3, 1, 10]",722,"[16, 6, 17, 18, 4, 5, 15, 2, 8, 9, 19, 11, 12, 13, 14, 7, 0, 3, 1, 10]",722,8.131860971450806
"[16, 6, 17, 18, 4, 5, 15, 2, 8, 9, 19, 11, 12, 13, 14, 7, 0, 3, 1, 10]",722,"[16, 6, 17, 18, 4, 5, 15, 2, 8, 9, 19, 11, 12, 13, 14, 7, 0, 3, 1, 10]",722,8.15377688407898
"[16, 6, 17, 18, 4, 5, 15, 2, 8, 9, 19, 11, 12, 13, 14, 7, 0, 3, 1, 10]",722,"[16, 6, 17, 18, 4, 5, 15, 2, 8, 9, 19, 11, 12, 13, 14, 7, 0, 3, 1, 10]",722,8.177045106887817
"[16, 6, 17, 18, 4, 5, 15, 2, 8, 9, 19, 11, 12, 13, 14, 7, 0, 3, 1, 10]",722,"[16, 6, 17, 18, 4, 5, 15, 2, 8, 9, 19, 11, 12, 13, 14, 7, 0, 3, 1, 10]",722,8.199291944503784
"[16, 6, 17, 18, 4, 5, 15, 2, 8, 9, 19, 11, 12, 13, 14, 7, 0, 3, 1, 10]",722,"[16, 6, 17, 18, 4, 5, 15, 2, 8, 9, 19, 11, 12, 13, 14, 7, 0, 3, 1, 10]",722,8.221828937530518
"[16, 6, 17, 18, 4, 5, 15, 2, 8, 9, 19, 11, 12, 13, 14, 7, 0, 3, 1, 10]",722,"[16, 6, 17, 18, 4, 5, 15, 2, 8, 9, 19, 11, 12, 13, 14, 7, 0, 3, 1, 10]",722,8.245098114013672
"[16, 6, 17, 18, 4, 5, 15, 2, 8, 9, 19, 11, 12, 13, 14, 7, 0, 3, 1, 10]",722,"[16, 6, 17, 18, 4, 5, 15, 2, 8, 9, 19, 11, 12, 13, 14, 7, 0, 3, 1, 10]",722,8.267614126205444
"[16, 6, 17, 18, 4, 5, 15, 2, 8, 9, 19, 11, 12, 13, 14, 7, 0, 3, 1, 10]",722,"[16, 6, 17, 18, 4, 5, 15, 2, 8, 9, 19, 11, 12, 13, 14, 7, 0, 3, 1, 10]",722,8.290019989013672
"[16, 6, 17, 18, 4, 5, 15, 2, 8, 9, 19, 11, 12, 13, 14, 7, 0, 3, 1, 10]",722,"[16, 6, 17, 18, 4, 5, 15, 2, 8, 9, 19, 11, 12, 13, 14, 7, 0, 3, 1, 10]",722,8.3126060962677
"[16, 6, 17, 18, 4, 5, 15, 2, 8, 9, 19, 11, 12, 13, 14, 7, 0, 3, 1, 10]",722,"[16, 6, 17, 18, 4, 5, 15, 2, 8, 9, 19, 11, 12, 13, 14, 7, 0, 3, 1, 10]",722,8.335235118865967
"[16, 6, 17, 18, 4, 5, 15, 2, 8, 9, 19, 11, 12, 13, 14, 7, 0, 3, 1, 10]",722,"[16, 6, 17, 18, 4, 5, 15, 2, 8, 9, 19, 11, 12, 13, 14, 7, 0, 3, 1, 10]",722,8.357890129089355
"[16, 6, 17, 18, 4, 5, 15, 2, 8, 9, 19, 11, 12, 13, 14, 7, 0, 3, 1, 10]",722,"[16, 6, 17, 18, 4, 5, 15, 2, 8, 9, 19, 11, 12, 13, 14, 7, 0, 3, 1, 10]",722,8.38044810295105
"[16, 6, 17, 18, 4, 5, 15, 2, 8, 9, 19, 11, 12, 13, 14, 7, 0, 3, 1, 10]",722,"[16, 6, 17, 18, 4, 5, 15, 2, 8, 9, 19, 11, 12, 13, 14, 7, 0, 3, 1, 10]",722,8.403634071350098
"[16, 6, 17, 18, 4, 5, 15, 2, 8, 9, 19, 11, 12, 13, 14, 7, 0, 3, 1, 10]",722,"[16, 6, 17, 18, 4, 5, 15, 2, 8, 9, 19, 11, 12, 13, 14, 7, 0, 3, 1, 10]",722,8.425994157791138
"[16, 6, 17, 18, 4, 5, 15, 2, 8, 9, 19, 11, 12, 13, 14, 7, 0, 3, 1, 10]",722,"[16, 6, 17, 18, 4, 5, 15, 2, 8, 9, 19, 11, 12, 13, 14, 7, 0, 3, 1, 10]",722,8.448561906814575
"[16, 6, 17, 18, 4, 5, 15, 2, 8, 9, 19, 11, 12, 13, 14, 7, 0, 3, 1, 10]",722,"[16, 6, 17, 18, 4, 5, 15, 2, 8, 9, 19, 11, 12, 13, 14, 7, 0, 3, 1, 10]",722,8.470605850219727
"[16, 6, 17, 18, 4, 5, 15, 2, 8, 9, 19, 11, 12, 13, 14, 7, 0, 3, 1, 10]",722,"[16, 6, 17, 18, 4, 5, 15, 2, 8, 9, 19, 11, 12, 13, 14, 7, 0, 3, 1, 10]",722,8.492552042007446
"[16, 6, 17, 18, 4, 5, 15, 2, 8, 9, 19, 11, 12, 13, 14, 7, 0, 3, 1, 10]",722,"[16, 6, 17, 18, 4, 5, 15, 2, 8, 9, 19, 11, 12, 13, 14, 7, 0, 3, 1, 10]",722,8.513381958007812
"[16, 6, 17, 18, 4, 5, 15, 2, 8, 9, 19, 11, 12, 13, 14, 7, 0, 3, 1, 10]",722,"[16, 6, 17, 18, 4, 5, 15, 2, 8, 9, 19, 11, 12, 13, 14, 7, 0, 3, 1, 10]",722,8.535248041152954
"[16, 6, 17, 18, 4, 5, 15, 2, 8, 9, 19, 11, 12, 13, 14, 7, 0, 3, 1, 10]",722,"[16, 6, 17, 18, 4, 5, 15, 2, 8, 9, 19, 11, 12, 13, 14, 7, 0, 3, 1, 10]",722,8.557685136795044
"[16, 6, 17, 18, 4, 5, 15, 2, 8, 9, 19, 11, 12, 13, 14, 7, 0, 3, 1, 10]",722,"[16, 6, 17, 18, 4, 5, 15, 2, 8, 9, 19, 11, 12, 13, 14, 7, 0, 3, 1, 10]",722,8.57939100265503
"[16, 6, 17, 18, 4, 5, 15, 2, 8, 9, 19, 11, 12, 13, 14, 7, 0, 3, 1, 10]",722,"[16, 6, 17, 18, 4, 5, 15, 2, 8, 9, 19, 11, 12, 13, 14, 7, 0, 3, 1, 10]",722,8.601844072341919
"[16, 6, 17, 18, 4, 5, 15, 2, 8, 9, 19, 11, 12, 13, 14, 7, 0, 3, 1, 10]",722,"[16, 6, 17, 18, 4, 5, 15, 2, 8, 9, 19, 11, 12, 13, 14, 7, 0, 3, 1, 10]",722,8.624309062957764
"[16, 6, 17, 18, 4, 5, 15, 2, 8, 9, 19, 11, 12, 13, 14, 7, 0, 3, 1, 10]",722,"[16, 6, 17, 18, 4, 5, 15, 2, 8, 9, 19, 11, 12, 13, 14, 7, 0, 3, 1, 10]",722,8.646456956863403
"[16, 6, 17, 18, 4, 5, 15, 2, 8, 9, 19, 11, 12, 13, 14, 7, 0, 3, 1, 10]",722,"[16, 6, 17, 18, 4, 5, 15, 2, 8, 9, 19, 11, 12, 13, 14, 7, 0, 3, 1, 10]",722,8.668329954147339
"[16, 6, 17, 18, 4, 5, 15, 2, 8, 9, 19, 11, 12, 13, 14, 7, 0, 3, 1, 10]",722,"[16, 6, 17, 18, 4, 5, 15, 2, 8, 9, 19, 11, 12, 13, 14, 7, 0, 3, 1, 10]",722,8.690536975860596
"[16, 6, 17, 18, 4, 5, 15, 2, 8, 9, 19, 11, 12, 13, 14, 7, 0, 3, 1, 10]",722,"[16, 6, 17, 18, 4, 5, 15, 2, 8, 9, 19, 11, 12, 13, 14, 7, 0, 3, 1, 10]",722,8.712755918502808
"[16, 6, 17, 18, 4, 5, 15, 2, 8, 9, 19, 11, 12, 13, 14, 7, 0, 3, 1, 10]",722,"[16, 6, 17, 18, 4, 5, 15, 2, 8, 9, 19, 11, 12, 13, 14, 7, 0, 3, 1, 10]",722,8.735128164291382
"[16, 6, 17, 18, 4, 5, 15, 2, 8, 9, 19, 11, 12, 13, 14, 7, 0, 3, 1, 10]",722,"[16, 6, 17, 18, 4, 5, 15, 2, 8, 9, 19, 11, 12, 13, 14, 7, 0, 3, 1, 10]",722,8.757499933242798
"[16, 6, 17, 18, 4, 5, 15, 2, 8, 9, 19, 11, 12, 13, 14, 7, 0, 3, 1, 10]",722,"[16, 6, 17, 18, 4, 5, 15, 2, 8, 9, 19, 11, 12, 13, 14, 7, 0, 3, 1, 10]",722,8.779600858688354
"[16, 6, 17, 18, 4, 5, 15, 2, 8, 9, 19, 11, 12, 13, 14, 7, 0, 3, 1, 10]",722,"[16, 6, 17, 18, 4, 5, 15, 2, 8, 9, 19, 11, 12, 13, 14, 7, 0, 3, 1, 10]",722,8.801846981048584
"[16, 6, 17, 18, 4, 5, 15, 2, 8, 9, 19, 11, 12, 13, 14, 7, 0, 3, 1, 10]",722,"[16, 6, 17, 18, 4, 5, 15, 2, 8, 9, 19, 11, 12, 13, 14, 7, 0, 3, 1, 10]",722,8.823920011520386
"[16, 6, 17, 18, 4, 5, 15, 2, 8, 9, 19, 11, 12, 13, 14, 7, 0, 3, 1, 10]",722,"[16, 6, 17, 18, 4, 5, 15, 2, 8, 9, 19, 11, 12, 13, 14, 7, 0, 3, 1, 10]",722,8.845643043518066
"[16, 6, 17, 18, 4, 5, 15, 2, 8, 9, 19, 11, 12, 13, 14, 7, 0, 3, 1, 10]",722,"[16, 6, 17, 18, 4, 5, 15, 2, 8, 9, 19, 11, 12, 13, 14, 7, 0, 3, 1, 10]",722,8.868392944335938
"[16, 6, 17, 18, 4, 5, 15, 2, 8, 9, 19, 11, 12, 13, 14, 7, 0, 3, 1, 10]",722,"[16, 6, 17, 18, 4, 5, 15, 2, 8, 9, 19, 11, 12, 13, 14, 7, 0, 3, 1, 10]",722,8.890703916549683
"[16, 6, 17, 18, 4, 5, 15, 2, 8, 9, 19, 11, 12, 13, 14, 7, 0, 3, 1, 10]",722,"[16, 6, 17, 18, 4, 5, 15, 2, 8, 9, 19, 11, 12, 13, 14, 7, 0, 3, 1, 10]",722,8.912806987762451
"[16, 6, 17, 18, 4, 5, 15, 2, 8, 9, 19, 11, 12, 13, 14, 7, 0, 3, 1, 10]",722,"[16, 6, 17, 18, 4, 5, 15, 2, 8, 9, 19, 11, 12, 13, 14, 7, 0, 3, 1, 10]",722,8.935689926147461
"[16, 6, 17, 18, 4, 5, 15, 2, 8, 9, 19, 11, 12, 13, 14, 7, 0, 3, 1, 10]",722,"[16, 6, 17, 18, 4, 5, 15, 2, 8, 9, 19, 11, 12, 13, 14, 7, 0, 3, 1, 10]",722,8.957844018936157
"[16, 6, 17, 18, 4, 5, 15, 2, 8, 9, 19, 11, 12, 13, 14, 7, 0, 3, 1, 10]",722,"[16, 6, 17, 18, 4, 5, 15, 2, 8, 9, 19, 11, 12, 13, 14, 7, 0, 3, 1, 10]",722,8.980355978012085
"[16, 6, 17, 18, 4, 5, 15, 2, 8, 9, 19, 11, 12, 13, 14, 7, 0, 3, 1, 10]",722,"[16, 6, 17, 18, 4, 5, 15, 2, 8, 9, 19, 11, 12, 13, 14, 7, 0, 3, 1, 10]",722,9.002700090408325
