Sequence,Fitness,Best_sequence,Best_fitness,Time
"[0, 1, 2, 3, 4, 5, 6, 7, 8, 9, 10, 11, 12, 13, 14, 15, 16, 17, 18, 19, 20, 21, 22, 23, 24, 25, 26, 27, 28, 29, 30, 31, 32, 33, 34, 35, 36, 37, 38, 39]",2479,"[0, 1, 2, 3, 4, 5, 6, 7, 8, 9, 10, 11, 12, 13, 14, 15, 16, 17, 18, 19, 20, 21, 22, 23, 24, 25, 26, 27, 28, 29, 30, 31, 32, 33, 34, 35, 36, 37, 38, 39]",2479,2.5033950805664062e-05
"[0, 1, 2, 3, 4, 5, 6, 7, 8, 9, 10, 11, 12, 13, 14, 15, 16, 17, 18, 19, 20, 21, 22, 23, 24, 25, 26, 27, 28, 29, 30, 31, 32, 33, 34, 35, 36, 37, 38, 39]",2479,"[0, 1, 2, 3, 4, 5, 6, 7, 8, 9, 10, 11, 12, 13, 14, 15, 16, 17, 18, 19, 20, 21, 22, 23, 24, 25, 26, 27, 28, 29, 30, 31, 32, 33, 34, 35, 36, 37, 38, 39]",2479,0.04653120040893555
"[0, 1, 2, 3, 4, 5, 6, 7, 8, 9, 10, 11, 12, 13, 14, 15, 16, 17, 18, 19, 20, 21, 22, 23, 24, 25, 26, 27, 28, 29, 30, 31, 32, 33, 34, 35, 36, 37, 38, 39]",2479,"[0, 1, 2, 3, 4, 5, 6, 7, 8, 9, 10, 11, 12, 13, 14, 15, 16, 17, 18, 19, 20, 21, 22, 23, 24, 25, 26, 27, 28, 29, 30, 31, 32, 33, 34, 35, 36, 37, 38, 39]",2479,0.09365296363830566
"[0, 1, 2, 3, 4, 5, 6, 7, 8, 9, 10, 11, 12, 13, 14, 15, 16, 17, 18, 19, 20, 21, 22, 23, 24, 25, 26, 27, 28, 29, 30, 31, 32, 33, 34, 35, 36, 37, 38, 39]",2479,"[0, 1, 2, 3, 4, 5, 6, 7, 8, 9, 10, 11, 12, 13, 14, 15, 16, 17, 18, 19, 20, 21, 22, 23, 24, 25, 26, 27, 28, 29, 30, 31, 32, 33, 34, 35, 36, 37, 38, 39]",2479,0.1400740146636963
"[0, 1, 2, 3, 4, 5, 6, 7, 8, 9, 10, 11, 12, 13, 14, 15, 16, 17, 18, 19, 20, 21, 22, 23, 24, 25, 26, 27, 28, 29, 30, 31, 32, 33, 34, 35, 36, 37, 38, 39]",2479,"[0, 1, 2, 3, 4, 5, 6, 7, 8, 9, 10, 11, 12, 13, 14, 15, 16, 17, 18, 19, 20, 21, 22, 23, 24, 25, 26, 27, 28, 29, 30, 31, 32, 33, 34, 35, 36, 37, 38, 39]",2479,0.18675017356872559
"[0, 1, 2, 3, 4, 5, 6, 7, 8, 9, 10, 11, 12, 13, 14, 15, 16, 17, 18, 19, 20, 21, 22, 23, 24, 25, 26, 27, 28, 29, 30, 31, 32, 33, 34, 35, 36, 37, 38, 39]",2479,"[0, 1, 2, 3, 4, 5, 6, 7, 8, 9, 10, 11, 12, 13, 14, 15, 16, 17, 18, 19, 20, 21, 22, 23, 24, 25, 26, 27, 28, 29, 30, 31, 32, 33, 34, 35, 36, 37, 38, 39]",2479,0.2344970703125
"[0, 1, 2, 3, 4, 5, 6, 7, 8, 9, 10, 11, 12, 13, 14, 15, 16, 17, 18, 19, 20, 21, 22, 23, 24, 25, 26, 27, 28, 29, 30, 31, 32, 33, 34, 35, 36, 37, 38, 39]",2479,"[0, 1, 2, 3, 4, 5, 6, 7, 8, 9, 10, 11, 12, 13, 14, 15, 16, 17, 18, 19, 20, 21, 22, 23, 24, 25, 26, 27, 28, 29, 30, 31, 32, 33, 34, 35, 36, 37, 38, 39]",2479,0.28359127044677734
"[0, 1, 2, 3, 4, 5, 6, 7, 8, 9, 10, 11, 12, 13, 14, 15, 16, 17, 18, 19, 20, 21, 22, 23, 24, 25, 26, 27, 28, 29, 30, 31, 32, 33, 34, 35, 36, 37, 38, 39]",2479,"[0, 1, 2, 3, 4, 5, 6, 7, 8, 9, 10, 11, 12, 13, 14, 15, 16, 17, 18, 19, 20, 21, 22, 23, 24, 25, 26, 27, 28, 29, 30, 31, 32, 33, 34, 35, 36, 37, 38, 39]",2479,0.3419198989868164
"[0, 1, 2, 3, 4, 5, 6, 7, 8, 9, 10, 11, 12, 13, 14, 15, 16, 17, 18, 19, 20, 21, 22, 23, 24, 25, 26, 27, 28, 29, 30, 31, 32, 33, 34, 35, 36, 37, 38, 39]",2479,"[0, 1, 2, 3, 4, 5, 6, 7, 8, 9, 10, 11, 12, 13, 14, 15, 16, 17, 18, 19, 20, 21, 22, 23, 24, 25, 26, 27, 28, 29, 30, 31, 32, 33, 34, 35, 36, 37, 38, 39]",2479,0.39081597328186035
"[0, 1, 2, 3, 4, 5, 6, 7, 8, 9, 10, 11, 12, 13, 14, 15, 16, 17, 18, 19, 20, 21, 22, 23, 24, 25, 26, 27, 28, 29, 30, 31, 32, 33, 34, 35, 36, 37, 38, 39]",2479,"[0, 1, 2, 3, 4, 5, 6, 7, 8, 9, 10, 11, 12, 13, 14, 15, 16, 17, 18, 19, 20, 21, 22, 23, 24, 25, 26, 27, 28, 29, 30, 31, 32, 33, 34, 35, 36, 37, 38, 39]",2479,0.4392890930175781
"[0, 1, 2, 3, 4, 5, 6, 7, 8, 9, 10, 11, 12, 13, 14, 15, 16, 17, 18, 19, 20, 21, 22, 23, 24, 25, 26, 27, 28, 29, 30, 31, 32, 33, 34, 35, 36, 37, 38, 39]",2479,"[0, 1, 2, 3, 4, 5, 6, 7, 8, 9, 10, 11, 12, 13, 14, 15, 16, 17, 18, 19, 20, 21, 22, 23, 24, 25, 26, 27, 28, 29, 30, 31, 32, 33, 34, 35, 36, 37, 38, 39]",2479,0.4867739677429199
"[0, 1, 2, 3, 4, 5, 6, 7, 8, 9, 10, 11, 12, 13, 14, 15, 16, 17, 18, 19, 20, 21, 22, 23, 24, 25, 26, 27, 28, 29, 30, 31, 32, 33, 34, 35, 36, 37, 38, 39]",2479,"[0, 1, 2, 3, 4, 5, 6, 7, 8, 9, 10, 11, 12, 13, 14, 15, 16, 17, 18, 19, 20, 21, 22, 23, 24, 25, 26, 27, 28, 29, 30, 31, 32, 33, 34, 35, 36, 37, 38, 39]",2479,0.5369031429290771
"[0, 1, 2, 3, 4, 5, 6, 7, 8, 9, 10, 11, 12, 13, 14, 15, 16, 17, 18, 19, 20, 21, 22, 23, 24, 25, 26, 27, 28, 29, 30, 31, 32, 33, 34, 35, 36, 37, 38, 39]",2479,"[0, 1, 2, 3, 4, 5, 6, 7, 8, 9, 10, 11, 12, 13, 14, 15, 16, 17, 18, 19, 20, 21, 22, 23, 24, 25, 26, 27, 28, 29, 30, 31, 32, 33, 34, 35, 36, 37, 38, 39]",2479,0.5846362113952637
"[0, 1, 2, 3, 23, 5, 6, 7, 8, 9, 10, 11, 12, 13, 14, 15, 16, 17, 18, 19, 20, 21, 22, 4, 24, 25, 26, 27, 28, 29, 30, 31, 32, 33, 34, 35, 36, 37, 38, 39]",2426,"[0, 1, 2, 3, 23, 5, 6, 7, 8, 9, 10, 11, 12, 13, 14, 15, 16, 17, 18, 19, 20, 21, 22, 4, 24, 25, 26, 27, 28, 29, 30, 31, 32, 33, 34, 35, 36, 37, 38, 39]",2426,0.6312301158905029
"[0, 1, 2, 3, 23, 5, 6, 7, 8, 9, 10, 11, 12, 13, 14, 15, 16, 17, 18, 19, 20, 21, 22, 4, 24, 25, 26, 27, 28, 29, 30, 31, 32, 33, 34, 35, 36, 37, 38, 39]",2426,"[0, 1, 2, 3, 23, 5, 6, 7, 8, 9, 10, 11, 12, 13, 14, 15, 16, 17, 18, 19, 20, 21, 22, 4, 24, 25, 26, 27, 28, 29, 30, 31, 32, 33, 34, 35, 36, 37, 38, 39]",2426,0.6765611171722412
"[0, 1, 2, 3, 23, 5, 6, 7, 8, 9, 10, 11, 12, 13, 14, 15, 16, 17, 18, 19, 20, 21, 32, 4, 24, 25, 26, 27, 28, 29, 30, 31, 22, 33, 34, 35, 36, 37, 38, 39]",2425,"[0, 1, 2, 3, 23, 5, 6, 7, 8, 9, 10, 11, 12, 13, 14, 15, 16, 17, 18, 19, 20, 21, 32, 4, 24, 25, 26, 27, 28, 29, 30, 31, 22, 33, 34, 35, 36, 37, 38, 39]",2425,0.7224760055541992
"[0, 1, 2, 3, 23, 5, 6, 7, 8, 9, 10, 11, 12, 13, 14, 15, 16, 17, 18, 19, 20, 21, 32, 4, 24, 25, 26, 27, 28, 29, 30, 31, 22, 33, 34, 35, 36, 37, 38, 39]",2425,"[0, 1, 2, 3, 23, 5, 6, 7, 8, 9, 10, 11, 12, 13, 14, 15, 16, 17, 18, 19, 20, 21, 32, 4, 24, 25, 26, 27, 28, 29, 30, 31, 22, 33, 34, 35, 36, 37, 38, 39]",2425,0.7708971500396729
"[0, 1, 2, 3, 23, 5, 6, 7, 8, 9, 10, 11, 12, 13, 14, 15, 16, 17, 18, 19, 20, 21, 32, 4, 24, 25, 26, 27, 28, 29, 30, 31, 22, 33, 34, 35, 36, 37, 38, 39]",2425,"[0, 1, 2, 3, 23, 5, 6, 7, 8, 9, 10, 11, 12, 13, 14, 15, 16, 17, 18, 19, 20, 21, 32, 4, 24, 25, 26, 27, 28, 29, 30, 31, 22, 33, 34, 35, 36, 37, 38, 39]",2425,0.8163602352142334
"[1, 0, 2, 3, 23, 5, 6, 7, 8, 9, 10, 11, 12, 13, 14, 15, 16, 17, 18, 19, 20, 21, 32, 4, 24, 25, 26, 27, 28, 29, 30, 31, 22, 33, 34, 35, 36, 37, 38, 39]",2419,"[1, 0, 2, 3, 23, 5, 6, 7, 8, 9, 10, 11, 12, 13, 14, 15, 16, 17, 18, 19, 20, 21, 32, 4, 24, 25, 26, 27, 28, 29, 30, 31, 22, 33, 34, 35, 36, 37, 38, 39]",2419,0.8646090030670166
"[1, 0, 2, 3, 23, 5, 6, 7, 17, 9, 10, 11, 12, 13, 14, 15, 16, 8, 18, 19, 20, 21, 32, 4, 24, 25, 26, 27, 28, 29, 30, 31, 22, 33, 34, 35, 36, 37, 38, 39]",2287,"[1, 0, 2, 3, 23, 5, 6, 7, 17, 9, 10, 11, 12, 13, 14, 15, 16, 8, 18, 19, 20, 21, 32, 4, 24, 25, 26, 27, 28, 29, 30, 31, 22, 33, 34, 35, 36, 37, 38, 39]",2287,0.9139430522918701
"[1, 0, 2, 3, 23, 5, 6, 7, 17, 9, 10, 11, 12, 13, 14, 15, 16, 8, 18, 19, 20, 21, 32, 4, 24, 25, 26, 27, 28, 29, 30, 31, 22, 33, 34, 35, 36, 37, 38, 39]",2287,"[1, 0, 2, 3, 23, 5, 6, 7, 17, 9, 10, 11, 12, 13, 14, 15, 16, 8, 18, 19, 20, 21, 32, 4, 24, 25, 26, 27, 28, 29, 30, 31, 22, 33, 34, 35, 36, 37, 38, 39]",2287,0.9605441093444824
"[1, 0, 2, 3, 23, 5, 6, 7, 17, 9, 10, 11, 12, 13, 14, 15, 16, 8, 18, 19, 20, 21, 32, 4, 24, 25, 26, 27, 28, 29, 30, 31, 22, 33, 34, 35, 36, 37, 38, 39]",2287,"[1, 0, 2, 3, 23, 5, 6, 7, 17, 9, 10, 11, 12, 13, 14, 15, 16, 8, 18, 19, 20, 21, 32, 4, 24, 25, 26, 27, 28, 29, 30, 31, 22, 33, 34, 35, 36, 37, 38, 39]",2287,1.0058979988098145
"[1, 0, 2, 3, 23, 5, 6, 7, 17, 9, 10, 11, 12, 13, 14, 15, 16, 8, 18, 19, 20, 21, 32, 4, 24, 25, 26, 27, 28, 29, 30, 31, 22, 33, 34, 35, 36, 37, 38, 39]",2287,"[1, 0, 2, 3, 23, 5, 6, 7, 17, 9, 10, 11, 12, 13, 14, 15, 16, 8, 18, 19, 20, 21, 32, 4, 24, 25, 26, 27, 28, 29, 30, 31, 22, 33, 34, 35, 36, 37, 38, 39]",2287,1.0723111629486084
"[1, 0, 2, 3, 23, 5, 6, 7, 17, 9, 10, 11, 12, 13, 14, 15, 16, 8, 18, 19, 20, 21, 32, 4, 24, 25, 26, 27, 28, 29, 30, 31, 22, 33, 34, 35, 36, 37, 38, 39]",2287,"[1, 0, 2, 3, 23, 5, 6, 7, 17, 9, 10, 11, 12, 13, 14, 15, 16, 8, 18, 19, 20, 21, 32, 4, 24, 25, 26, 27, 28, 29, 30, 31, 22, 33, 34, 35, 36, 37, 38, 39]",2287,1.119042158126831
"[1, 0, 2, 3, 23, 5, 6, 7, 17, 9, 10, 11, 12, 13, 14, 15, 16, 8, 18, 19, 20, 21, 32, 4, 24, 25, 26, 27, 28, 29, 30, 31, 22, 33, 34, 35, 36, 37, 38, 39]",2287,"[1, 0, 2, 3, 23, 5, 6, 7, 17, 9, 10, 11, 12, 13, 14, 15, 16, 8, 18, 19, 20, 21, 32, 4, 24, 25, 26, 27, 28, 29, 30, 31, 22, 33, 34, 35, 36, 37, 38, 39]",2287,1.1632282733917236
"[1, 0, 2, 3, 23, 5, 6, 7, 17, 9, 10, 11, 12, 13, 14, 15, 16, 8, 18, 19, 20, 21, 32, 4, 24, 25, 26, 27, 28, 29, 30, 31, 22, 33, 34, 35, 36, 37, 38, 39]",2287,"[1, 0, 2, 3, 23, 5, 6, 7, 17, 9, 10, 11, 12, 13, 14, 15, 16, 8, 18, 19, 20, 21, 32, 4, 24, 25, 26, 27, 28, 29, 30, 31, 22, 33, 34, 35, 36, 37, 38, 39]",2287,1.2082030773162842
"[1, 0, 2, 3, 23, 5, 6, 7, 17, 9, 10, 11, 12, 13, 14, 15, 16, 8, 18, 19, 20, 21, 32, 4, 24, 25, 26, 27, 28, 29, 30, 31, 22, 33, 34, 35, 36, 37, 38, 39]",2287,"[1, 0, 2, 3, 23, 5, 6, 7, 17, 9, 10, 11, 12, 13, 14, 15, 16, 8, 18, 19, 20, 21, 32, 4, 24, 25, 26, 27, 28, 29, 30, 31, 22, 33, 34, 35, 36, 37, 38, 39]",2287,1.253542184829712
"[1, 0, 2, 3, 23, 5, 6, 7, 17, 9, 10, 11, 12, 13, 14, 15, 16, 8, 18, 19, 20, 21, 32, 4, 24, 25, 26, 27, 28, 29, 30, 31, 22, 33, 34, 35, 36, 37, 38, 39]",2287,"[1, 0, 2, 3, 23, 5, 6, 7, 17, 9, 10, 11, 12, 13, 14, 15, 16, 8, 18, 19, 20, 21, 32, 4, 24, 25, 26, 27, 28, 29, 30, 31, 22, 33, 34, 35, 36, 37, 38, 39]",2287,1.301854133605957
"[1, 0, 2, 3, 23, 5, 6, 7, 17, 9, 10, 11, 12, 13, 14, 15, 16, 8, 18, 19, 20, 21, 32, 4, 24, 25, 26, 27, 28, 29, 30, 31, 22, 33, 34, 35, 36, 37, 38, 39]",2287,"[1, 0, 2, 3, 23, 5, 6, 7, 17, 9, 10, 11, 12, 13, 14, 15, 16, 8, 18, 19, 20, 21, 32, 4, 24, 25, 26, 27, 28, 29, 30, 31, 22, 33, 34, 35, 36, 37, 38, 39]",2287,1.3480932712554932
"[1, 0, 2, 3, 23, 5, 6, 7, 17, 9, 10, 11, 12, 13, 14, 15, 16, 8, 18, 19, 20, 21, 32, 4, 24, 25, 26, 27, 28, 29, 30, 31, 22, 33, 34, 35, 36, 37, 38, 39]",2287,"[1, 0, 2, 3, 23, 5, 6, 7, 17, 9, 10, 11, 12, 13, 14, 15, 16, 8, 18, 19, 20, 21, 32, 4, 24, 25, 26, 27, 28, 29, 30, 31, 22, 33, 34, 35, 36, 37, 38, 39]",2287,1.3932430744171143
"[1, 0, 2, 3, 23, 5, 6, 7, 17, 9, 10, 11, 12, 13, 14, 15, 16, 8, 18, 19, 20, 21, 32, 4, 24, 25, 26, 27, 28, 29, 30, 31, 22, 33, 34, 35, 36, 37, 38, 39]",2287,"[1, 0, 2, 3, 23, 5, 6, 7, 17, 9, 10, 11, 12, 13, 14, 15, 16, 8, 18, 19, 20, 21, 32, 4, 24, 25, 26, 27, 28, 29, 30, 31, 22, 33, 34, 35, 36, 37, 38, 39]",2287,1.4386239051818848
"[1, 0, 2, 3, 23, 5, 6, 7, 17, 9, 10, 11, 12, 13, 14, 15, 16, 8, 18, 19, 20, 21, 32, 4, 24, 25, 26, 27, 28, 29, 30, 31, 22, 33, 34, 35, 36, 37, 38, 39]",2287,"[1, 0, 2, 3, 23, 5, 6, 7, 17, 9, 10, 11, 12, 13, 14, 15, 16, 8, 18, 19, 20, 21, 32, 4, 24, 25, 26, 27, 28, 29, 30, 31, 22, 33, 34, 35, 36, 37, 38, 39]",2287,1.4835402965545654
"[1, 0, 2, 3, 23, 5, 6, 7, 17, 9, 10, 11, 12, 13, 14, 15, 16, 8, 18, 19, 20, 21, 32, 4, 24, 25, 26, 27, 28, 29, 30, 31, 22, 33, 34, 35, 36, 37, 38, 39]",2287,"[1, 0, 2, 3, 23, 5, 6, 7, 17, 9, 10, 11, 12, 13, 14, 15, 16, 8, 18, 19, 20, 21, 32, 4, 24, 25, 26, 27, 28, 29, 30, 31, 22, 33, 34, 35, 36, 37, 38, 39]",2287,1.5298891067504883
"[1, 0, 2, 3, 23, 5, 6, 7, 17, 9, 10, 11, 12, 13, 14, 15, 16, 8, 18, 19, 20, 21, 32, 4, 24, 25, 26, 27, 28, 29, 30, 31, 22, 33, 34, 35, 36, 37, 38, 39]",2287,"[1, 0, 2, 3, 23, 5, 6, 7, 17, 9, 10, 11, 12, 13, 14, 15, 16, 8, 18, 19, 20, 21, 32, 4, 24, 25, 26, 27, 28, 29, 30, 31, 22, 33, 34, 35, 36, 37, 38, 39]",2287,1.5790011882781982
"[1, 0, 2, 3, 23, 5, 6, 7, 17, 9, 10, 11, 12, 13, 14, 15, 16, 8, 18, 19, 20, 21, 32, 4, 24, 25, 26, 27, 28, 29, 30, 31, 22, 33, 34, 35, 36, 37, 38, 39]",2287,"[1, 0, 2, 3, 23, 5, 6, 7, 17, 9, 10, 11, 12, 13, 14, 15, 16, 8, 18, 19, 20, 21, 32, 4, 24, 25, 26, 27, 28, 29, 30, 31, 22, 33, 34, 35, 36, 37, 38, 39]",2287,1.6251330375671387
"[1, 0, 2, 3, 23, 5, 6, 7, 17, 9, 10, 11, 12, 13, 14, 15, 16, 8, 18, 19, 20, 21, 32, 4, 24, 25, 26, 27, 28, 29, 30, 31, 22, 33, 34, 35, 36, 37, 38, 39]",2287,"[1, 0, 2, 3, 23, 5, 6, 7, 17, 9, 10, 11, 12, 13, 14, 15, 16, 8, 18, 19, 20, 21, 32, 4, 24, 25, 26, 27, 28, 29, 30, 31, 22, 33, 34, 35, 36, 37, 38, 39]",2287,1.6717963218688965
"[1, 0, 2, 3, 23, 5, 6, 7, 17, 9, 10, 11, 12, 13, 14, 15, 16, 8, 18, 19, 20, 21, 32, 4, 24, 25, 26, 27, 28, 29, 30, 31, 22, 33, 34, 35, 36, 37, 38, 39]",2287,"[1, 0, 2, 3, 23, 5, 6, 7, 17, 9, 10, 11, 12, 13, 14, 15, 16, 8, 18, 19, 20, 21, 32, 4, 24, 25, 26, 27, 28, 29, 30, 31, 22, 33, 34, 35, 36, 37, 38, 39]",2287,1.7175369262695312
"[1, 0, 2, 3, 23, 5, 6, 7, 17, 9, 10, 11, 12, 13, 14, 15, 16, 8, 18, 19, 20, 21, 32, 4, 24, 25, 26, 27, 28, 29, 30, 31, 22, 33, 34, 35, 36, 37, 38, 39]",2287,"[1, 0, 2, 3, 23, 5, 6, 7, 17, 9, 10, 11, 12, 13, 14, 15, 16, 8, 18, 19, 20, 21, 32, 4, 24, 25, 26, 27, 28, 29, 30, 31, 22, 33, 34, 35, 36, 37, 38, 39]",2287,1.7622241973876953
"[1, 0, 2, 3, 23, 5, 6, 7, 17, 9, 10, 11, 12, 13, 14, 15, 16, 8, 18, 19, 20, 21, 32, 4, 24, 25, 26, 27, 28, 29, 30, 31, 22, 33, 34, 35, 36, 37, 38, 39]",2287,"[1, 0, 2, 3, 23, 5, 6, 7, 17, 9, 10, 11, 12, 13, 14, 15, 16, 8, 18, 19, 20, 21, 32, 4, 24, 25, 26, 27, 28, 29, 30, 31, 22, 33, 34, 35, 36, 37, 38, 39]",2287,1.808340311050415
"[1, 0, 2, 3, 23, 5, 6, 7, 17, 9, 10, 11, 12, 13, 14, 4, 16, 8, 18, 19, 20, 21, 32, 15, 24, 25, 26, 27, 28, 29, 30, 31, 22, 33, 34, 35, 36, 37, 38, 39]",2230,"[1, 0, 2, 3, 23, 5, 6, 7, 17, 9, 10, 11, 12, 13, 14, 4, 16, 8, 18, 19, 20, 21, 32, 15, 24, 25, 26, 27, 28, 29, 30, 31, 22, 33, 34, 35, 36, 37, 38, 39]",2230,1.8557512760162354
"[1, 0, 2, 3, 23, 5, 6, 7, 17, 9, 10, 11, 12, 13, 14, 4, 16, 8, 18, 19, 20, 21, 32, 15, 24, 25, 26, 27, 28, 29, 30, 31, 22, 33, 34, 35, 36, 37, 38, 39]",2230,"[1, 0, 2, 3, 23, 5, 6, 7, 17, 9, 10, 11, 12, 13, 14, 4, 16, 8, 18, 19, 20, 21, 32, 15, 24, 25, 26, 27, 28, 29, 30, 31, 22, 33, 34, 35, 36, 37, 38, 39]",2230,1.900841236114502
"[1, 0, 2, 3, 23, 5, 6, 7, 17, 9, 10, 11, 12, 13, 14, 4, 16, 8, 18, 19, 20, 21, 32, 15, 24, 25, 26, 27, 28, 29, 30, 31, 22, 33, 34, 35, 36, 37, 38, 39]",2230,"[1, 0, 2, 3, 23, 5, 6, 7, 17, 9, 10, 11, 12, 13, 14, 4, 16, 8, 18, 19, 20, 21, 32, 15, 24, 25, 26, 27, 28, 29, 30, 31, 22, 33, 34, 35, 36, 37, 38, 39]",2230,1.9470341205596924
"[1, 0, 2, 3, 23, 5, 6, 7, 17, 9, 10, 11, 12, 13, 14, 4, 16, 8, 18, 19, 20, 21, 32, 15, 24, 25, 26, 27, 28, 29, 30, 31, 22, 33, 34, 35, 36, 37, 38, 39]",2230,"[1, 0, 2, 3, 23, 5, 6, 7, 17, 9, 10, 11, 12, 13, 14, 4, 16, 8, 18, 19, 20, 21, 32, 15, 24, 25, 26, 27, 28, 29, 30, 31, 22, 33, 34, 35, 36, 37, 38, 39]",2230,1.992699146270752
"[1, 0, 2, 3, 23, 5, 6, 7, 17, 9, 10, 11, 12, 13, 14, 4, 16, 8, 18, 19, 20, 21, 32, 15, 24, 25, 26, 27, 28, 29, 30, 31, 22, 33, 34, 35, 36, 37, 38, 39]",2230,"[1, 0, 2, 3, 23, 5, 6, 7, 17, 9, 10, 11, 12, 13, 14, 4, 16, 8, 18, 19, 20, 21, 32, 15, 24, 25, 26, 27, 28, 29, 30, 31, 22, 33, 34, 35, 36, 37, 38, 39]",2230,2.0392041206359863
"[1, 0, 2, 3, 23, 5, 6, 7, 17, 9, 10, 11, 12, 13, 14, 4, 16, 8, 18, 19, 20, 21, 32, 15, 24, 25, 26, 27, 28, 29, 30, 31, 22, 33, 34, 35, 36, 37, 38, 39]",2230,"[1, 0, 2, 3, 23, 5, 6, 7, 17, 9, 10, 11, 12, 13, 14, 4, 16, 8, 18, 19, 20, 21, 32, 15, 24, 25, 26, 27, 28, 29, 30, 31, 22, 33, 34, 35, 36, 37, 38, 39]",2230,2.087268114089966
"[1, 0, 2, 3, 23, 5, 6, 7, 17, 9, 10, 11, 12, 13, 14, 4, 16, 8, 18, 19, 20, 21, 32, 15, 24, 25, 26, 27, 28, 29, 30, 31, 22, 33, 34, 35, 36, 37, 38, 39]",2230,"[1, 0, 2, 3, 23, 5, 6, 7, 17, 9, 10, 11, 12, 13, 14, 4, 16, 8, 18, 19, 20, 21, 32, 15, 24, 25, 26, 27, 28, 29, 30, 31, 22, 33, 34, 35, 36, 37, 38, 39]",2230,2.1333789825439453
"[1, 0, 2, 3, 23, 5, 6, 7, 17, 9, 10, 11, 12, 13, 14, 4, 16, 8, 18, 19, 20, 21, 32, 15, 24, 25, 26, 27, 28, 29, 30, 31, 22, 33, 34, 35, 36, 37, 38, 39]",2230,"[1, 0, 2, 3, 23, 5, 6, 7, 17, 9, 10, 11, 12, 13, 14, 4, 16, 8, 18, 19, 20, 21, 32, 15, 24, 25, 26, 27, 28, 29, 30, 31, 22, 33, 34, 35, 36, 37, 38, 39]",2230,2.179137945175171
"[1, 0, 2, 3, 23, 5, 6, 7, 17, 9, 10, 11, 12, 13, 14, 4, 16, 8, 18, 19, 20, 21, 32, 15, 24, 25, 26, 27, 28, 29, 30, 31, 22, 33, 34, 35, 36, 37, 38, 39]",2230,"[1, 0, 2, 3, 23, 5, 6, 7, 17, 9, 10, 11, 12, 13, 14, 4, 16, 8, 18, 19, 20, 21, 32, 15, 24, 25, 26, 27, 28, 29, 30, 31, 22, 33, 34, 35, 36, 37, 38, 39]",2230,2.2258222103118896
"[1, 0, 2, 3, 23, 5, 6, 7, 17, 9, 10, 11, 12, 13, 14, 4, 16, 8, 18, 19, 20, 21, 32, 15, 24, 25, 26, 27, 28, 29, 30, 31, 22, 33, 34, 35, 36, 37, 38, 39]",2230,"[1, 0, 2, 3, 23, 5, 6, 7, 17, 9, 10, 11, 12, 13, 14, 4, 16, 8, 18, 19, 20, 21, 32, 15, 24, 25, 26, 27, 28, 29, 30, 31, 22, 33, 34, 35, 36, 37, 38, 39]",2230,2.272188186645508
"[1, 0, 2, 3, 23, 5, 6, 7, 17, 9, 10, 11, 12, 13, 14, 4, 16, 8, 18, 19, 20, 21, 32, 15, 24, 25, 26, 27, 28, 29, 30, 31, 22, 33, 34, 35, 36, 37, 38, 39]",2230,"[1, 0, 2, 3, 23, 5, 6, 7, 17, 9, 10, 11, 12, 13, 14, 4, 16, 8, 18, 19, 20, 21, 32, 15, 24, 25, 26, 27, 28, 29, 30, 31, 22, 33, 34, 35, 36, 37, 38, 39]",2230,2.3175690174102783
"[1, 0, 2, 3, 23, 5, 6, 7, 17, 9, 10, 11, 12, 13, 14, 4, 16, 8, 18, 19, 20, 21, 32, 15, 24, 25, 26, 27, 28, 29, 30, 31, 22, 33, 34, 35, 36, 37, 38, 39]",2230,"[1, 0, 2, 3, 23, 5, 6, 7, 17, 9, 10, 11, 12, 13, 14, 4, 16, 8, 18, 19, 20, 21, 32, 15, 24, 25, 26, 27, 28, 29, 30, 31, 22, 33, 34, 35, 36, 37, 38, 39]",2230,2.362011194229126
"[1, 0, 2, 3, 23, 5, 6, 7, 17, 9, 10, 11, 12, 13, 14, 4, 16, 8, 18, 19, 20, 21, 32, 15, 24, 25, 26, 27, 28, 29, 30, 31, 22, 33, 34, 35, 36, 37, 38, 39]",2230,"[1, 0, 2, 3, 23, 5, 6, 7, 17, 9, 10, 11, 12, 13, 14, 4, 16, 8, 18, 19, 20, 21, 32, 15, 24, 25, 26, 27, 28, 29, 30, 31, 22, 33, 34, 35, 36, 37, 38, 39]",2230,2.4076850414276123
"[1, 0, 2, 3, 23, 5, 6, 7, 17, 9, 10, 11, 12, 13, 14, 4, 16, 8, 18, 19, 20, 21, 32, 15, 24, 25, 26, 27, 28, 29, 30, 31, 22, 33, 34, 35, 36, 37, 38, 39]",2230,"[1, 0, 2, 3, 23, 5, 6, 7, 17, 9, 10, 11, 12, 13, 14, 4, 16, 8, 18, 19, 20, 21, 32, 15, 24, 25, 26, 27, 28, 29, 30, 31, 22, 33, 34, 35, 36, 37, 38, 39]",2230,2.4521000385284424
"[1, 0, 2, 3, 23, 5, 6, 7, 17, 9, 10, 11, 12, 13, 14, 4, 16, 8, 18, 19, 20, 21, 32, 15, 24, 25, 26, 27, 28, 29, 30, 31, 22, 33, 34, 35, 36, 37, 38, 39]",2230,"[1, 0, 2, 3, 23, 5, 6, 7, 17, 9, 10, 11, 12, 13, 14, 4, 16, 8, 18, 19, 20, 21, 32, 15, 24, 25, 26, 27, 28, 29, 30, 31, 22, 33, 34, 35, 36, 37, 38, 39]",2230,2.511444330215454
"[1, 0, 2, 3, 23, 5, 6, 7, 17, 9, 10, 11, 12, 13, 14, 4, 16, 8, 18, 19, 20, 21, 32, 15, 24, 25, 26, 27, 28, 29, 30, 31, 22, 33, 34, 35, 39, 37, 38, 36]",2227,"[1, 0, 2, 3, 23, 5, 6, 7, 17, 9, 10, 11, 12, 13, 14, 4, 16, 8, 18, 19, 20, 21, 32, 15, 24, 25, 26, 27, 28, 29, 30, 31, 22, 33, 34, 35, 39, 37, 38, 36]",2227,2.5612919330596924
"[1, 0, 2, 3, 23, 5, 6, 7, 17, 9, 10, 11, 12, 13, 14, 4, 16, 8, 18, 19, 20, 21, 32, 15, 24, 25, 26, 27, 28, 29, 30, 31, 22, 33, 34, 35, 39, 37, 38, 36]",2227,"[1, 0, 2, 3, 23, 5, 6, 7, 17, 9, 10, 11, 12, 13, 14, 4, 16, 8, 18, 19, 20, 21, 32, 15, 24, 25, 26, 27, 28, 29, 30, 31, 22, 33, 34, 35, 39, 37, 38, 36]",2227,2.6133580207824707
"[1, 0, 2, 3, 23, 5, 6, 7, 17, 9, 10, 11, 12, 13, 14, 4, 16, 8, 18, 19, 20, 21, 32, 15, 24, 25, 26, 27, 28, 29, 30, 31, 22, 33, 34, 35, 39, 37, 38, 36]",2227,"[1, 0, 2, 3, 23, 5, 6, 7, 17, 9, 10, 11, 12, 13, 14, 4, 16, 8, 18, 19, 20, 21, 32, 15, 24, 25, 26, 27, 28, 29, 30, 31, 22, 33, 34, 35, 39, 37, 38, 36]",2227,2.6607601642608643
"[1, 0, 2, 3, 23, 5, 6, 7, 17, 9, 10, 11, 12, 13, 14, 4, 16, 8, 18, 19, 20, 21, 32, 15, 24, 25, 26, 27, 28, 29, 30, 31, 22, 33, 34, 35, 39, 37, 38, 36]",2227,"[1, 0, 2, 3, 23, 5, 6, 7, 17, 9, 10, 11, 12, 13, 14, 4, 16, 8, 18, 19, 20, 21, 32, 15, 24, 25, 26, 27, 28, 29, 30, 31, 22, 33, 34, 35, 39, 37, 38, 36]",2227,2.7087931632995605
"[1, 0, 2, 3, 23, 5, 6, 7, 17, 9, 10, 11, 12, 13, 14, 4, 16, 8, 18, 19, 20, 21, 32, 15, 24, 25, 26, 27, 28, 29, 30, 31, 22, 33, 34, 35, 39, 37, 38, 36]",2227,"[1, 0, 2, 3, 23, 5, 6, 7, 17, 9, 10, 11, 12, 13, 14, 4, 16, 8, 18, 19, 20, 21, 32, 15, 24, 25, 26, 27, 28, 29, 30, 31, 22, 33, 34, 35, 39, 37, 38, 36]",2227,2.7540042400360107
"[1, 0, 2, 3, 23, 5, 6, 7, 17, 9, 10, 11, 12, 13, 14, 4, 16, 8, 18, 19, 20, 21, 32, 15, 24, 25, 26, 27, 28, 29, 30, 31, 22, 33, 34, 35, 39, 37, 38, 36]",2227,"[1, 0, 2, 3, 23, 5, 6, 7, 17, 9, 10, 11, 12, 13, 14, 4, 16, 8, 18, 19, 20, 21, 32, 15, 24, 25, 26, 27, 28, 29, 30, 31, 22, 33, 34, 35, 39, 37, 38, 36]",2227,2.8000781536102295
"[1, 0, 2, 3, 23, 5, 6, 7, 17, 9, 10, 11, 12, 13, 14, 4, 16, 8, 18, 19, 20, 21, 32, 15, 24, 25, 26, 27, 28, 29, 30, 31, 22, 33, 34, 35, 39, 37, 38, 36]",2227,"[1, 0, 2, 3, 23, 5, 6, 7, 17, 9, 10, 11, 12, 13, 14, 4, 16, 8, 18, 19, 20, 21, 32, 15, 24, 25, 26, 27, 28, 29, 30, 31, 22, 33, 34, 35, 39, 37, 38, 36]",2227,2.8453402519226074
"[1, 0, 2, 3, 23, 5, 6, 7, 17, 9, 10, 11, 12, 13, 14, 4, 16, 8, 18, 19, 20, 21, 32, 15, 24, 25, 26, 27, 28, 29, 30, 31, 22, 33, 34, 35, 39, 37, 38, 36]",2227,"[1, 0, 2, 3, 23, 5, 6, 7, 17, 9, 10, 11, 12, 13, 14, 4, 16, 8, 18, 19, 20, 21, 32, 15, 24, 25, 26, 27, 28, 29, 30, 31, 22, 33, 34, 35, 39, 37, 38, 36]",2227,2.8916401863098145
"[1, 12, 2, 3, 23, 5, 6, 7, 17, 9, 10, 11, 0, 13, 14, 4, 16, 8, 18, 19, 20, 21, 32, 15, 24, 25, 26, 27, 28, 29, 30, 31, 22, 33, 34, 35, 39, 37, 38, 36]",2218,"[1, 12, 2, 3, 23, 5, 6, 7, 17, 9, 10, 11, 0, 13, 14, 4, 16, 8, 18, 19, 20, 21, 32, 15, 24, 25, 26, 27, 28, 29, 30, 31, 22, 33, 34, 35, 39, 37, 38, 36]",2218,2.9388809204101562
"[1, 12, 2, 3, 23, 5, 6, 7, 17, 9, 10, 11, 0, 13, 14, 4, 16, 8, 18, 19, 20, 21, 32, 15, 24, 25, 26, 27, 28, 29, 30, 31, 22, 33, 34, 35, 39, 37, 38, 36]",2218,"[1, 12, 2, 3, 23, 5, 6, 7, 17, 9, 10, 11, 0, 13, 14, 4, 16, 8, 18, 19, 20, 21, 32, 15, 24, 25, 26, 27, 28, 29, 30, 31, 22, 33, 34, 35, 39, 37, 38, 36]",2218,2.985542058944702
"[1, 12, 2, 3, 23, 5, 6, 7, 17, 9, 10, 11, 0, 13, 14, 4, 16, 8, 18, 19, 20, 21, 32, 15, 24, 25, 26, 27, 28, 29, 30, 31, 22, 33, 34, 35, 39, 37, 38, 36]",2218,"[1, 12, 2, 3, 23, 5, 6, 7, 17, 9, 10, 11, 0, 13, 14, 4, 16, 8, 18, 19, 20, 21, 32, 15, 24, 25, 26, 27, 28, 29, 30, 31, 22, 33, 34, 35, 39, 37, 38, 36]",2218,3.030334234237671
"[1, 12, 2, 3, 23, 5, 6, 7, 17, 9, 10, 11, 0, 13, 14, 4, 16, 8, 18, 19, 20, 21, 32, 15, 24, 25, 26, 27, 28, 29, 30, 31, 22, 33, 34, 35, 39, 37, 38, 36]",2218,"[1, 12, 2, 3, 23, 5, 6, 7, 17, 9, 10, 11, 0, 13, 14, 4, 16, 8, 18, 19, 20, 21, 32, 15, 24, 25, 26, 27, 28, 29, 30, 31, 22, 33, 34, 35, 39, 37, 38, 36]",2218,3.0759851932525635
"[1, 12, 2, 3, 23, 5, 6, 7, 17, 9, 10, 11, 0, 13, 14, 4, 16, 8, 18, 19, 20, 21, 32, 15, 24, 25, 26, 27, 28, 29, 30, 31, 22, 33, 36, 35, 39, 37, 38, 34]",2182,"[1, 12, 2, 3, 23, 5, 6, 7, 17, 9, 10, 11, 0, 13, 14, 4, 16, 8, 18, 19, 20, 21, 32, 15, 24, 25, 26, 27, 28, 29, 30, 31, 22, 33, 36, 35, 39, 37, 38, 34]",2182,3.124234914779663
"[1, 12, 2, 3, 23, 5, 6, 7, 17, 9, 10, 11, 0, 13, 14, 4, 16, 8, 18, 19, 20, 21, 32, 15, 24, 25, 26, 27, 28, 29, 30, 31, 22, 33, 36, 35, 39, 37, 38, 34]",2182,"[1, 12, 2, 3, 23, 5, 6, 7, 17, 9, 10, 11, 0, 13, 14, 4, 16, 8, 18, 19, 20, 21, 32, 15, 24, 25, 26, 27, 28, 29, 30, 31, 22, 33, 36, 35, 39, 37, 38, 34]",2182,3.1717920303344727
"[1, 12, 2, 3, 23, 5, 6, 7, 17, 9, 10, 11, 0, 13, 14, 4, 16, 8, 18, 19, 20, 21, 32, 15, 24, 25, 26, 27, 28, 29, 30, 31, 22, 33, 36, 35, 39, 37, 38, 34]",2182,"[1, 12, 2, 3, 23, 5, 6, 7, 17, 9, 10, 11, 0, 13, 14, 4, 16, 8, 18, 19, 20, 21, 32, 15, 24, 25, 26, 27, 28, 29, 30, 31, 22, 33, 36, 35, 39, 37, 38, 34]",2182,3.2181999683380127
"[1, 12, 6, 3, 23, 5, 2, 7, 17, 9, 10, 11, 0, 13, 14, 4, 16, 8, 18, 19, 20, 21, 32, 15, 24, 25, 26, 27, 28, 29, 30, 31, 22, 33, 36, 35, 39, 37, 38, 34]",2164,"[1, 12, 6, 3, 23, 5, 2, 7, 17, 9, 10, 11, 0, 13, 14, 4, 16, 8, 18, 19, 20, 21, 32, 15, 24, 25, 26, 27, 28, 29, 30, 31, 22, 33, 36, 35, 39, 37, 38, 34]",2164,3.2627110481262207
"[1, 12, 6, 3, 23, 5, 2, 7, 17, 9, 10, 11, 0, 13, 14, 4, 16, 8, 18, 19, 20, 21, 32, 15, 24, 25, 26, 27, 28, 29, 30, 31, 22, 33, 36, 35, 39, 37, 38, 34]",2164,"[1, 12, 6, 3, 23, 5, 2, 7, 17, 9, 10, 11, 0, 13, 14, 4, 16, 8, 18, 19, 20, 21, 32, 15, 24, 25, 26, 27, 28, 29, 30, 31, 22, 33, 36, 35, 39, 37, 38, 34]",2164,3.3103420734405518
"[1, 12, 6, 3, 23, 5, 2, 7, 17, 9, 10, 11, 0, 13, 14, 4, 16, 8, 18, 19, 20, 21, 32, 15, 24, 25, 26, 27, 28, 29, 30, 31, 22, 33, 36, 35, 39, 37, 38, 34]",2164,"[1, 12, 6, 3, 23, 5, 2, 7, 17, 9, 10, 11, 0, 13, 14, 4, 16, 8, 18, 19, 20, 21, 32, 15, 24, 25, 26, 27, 28, 29, 30, 31, 22, 33, 36, 35, 39, 37, 38, 34]",2164,3.3575632572174072
"[1, 12, 6, 3, 23, 5, 2, 7, 17, 9, 10, 11, 0, 13, 14, 4, 16, 8, 18, 19, 20, 21, 32, 15, 24, 25, 26, 27, 28, 29, 30, 31, 22, 33, 36, 35, 39, 37, 38, 34]",2164,"[1, 12, 6, 3, 23, 5, 2, 7, 17, 9, 10, 11, 0, 13, 14, 4, 16, 8, 18, 19, 20, 21, 32, 15, 24, 25, 26, 27, 28, 29, 30, 31, 22, 33, 36, 35, 39, 37, 38, 34]",2164,3.4032371044158936
"[1, 12, 6, 3, 23, 5, 2, 7, 17, 9, 10, 11, 0, 13, 14, 4, 16, 8, 18, 19, 20, 21, 32, 15, 24, 25, 26, 27, 28, 29, 30, 31, 22, 33, 36, 35, 39, 37, 38, 34]",2164,"[1, 12, 6, 3, 23, 5, 2, 7, 17, 9, 10, 11, 0, 13, 14, 4, 16, 8, 18, 19, 20, 21, 32, 15, 24, 25, 26, 27, 28, 29, 30, 31, 22, 33, 36, 35, 39, 37, 38, 34]",2164,3.4495420455932617
"[1, 12, 6, 3, 23, 5, 2, 7, 17, 9, 10, 11, 0, 13, 14, 4, 16, 8, 18, 19, 20, 21, 32, 15, 24, 25, 26, 27, 28, 29, 30, 31, 22, 33, 36, 35, 39, 37, 38, 34]",2164,"[1, 12, 6, 3, 23, 5, 2, 7, 17, 9, 10, 11, 0, 13, 14, 4, 16, 8, 18, 19, 20, 21, 32, 15, 24, 25, 26, 27, 28, 29, 30, 31, 22, 33, 36, 35, 39, 37, 38, 34]",2164,3.49692702293396
"[1, 12, 6, 3, 23, 5, 2, 7, 17, 9, 10, 11, 0, 13, 14, 4, 16, 8, 18, 19, 20, 21, 32, 15, 24, 25, 26, 27, 28, 29, 30, 31, 22, 33, 36, 35, 39, 37, 38, 34]",2164,"[1, 12, 6, 3, 23, 5, 2, 7, 17, 9, 10, 11, 0, 13, 14, 4, 16, 8, 18, 19, 20, 21, 32, 15, 24, 25, 26, 27, 28, 29, 30, 31, 22, 33, 36, 35, 39, 37, 38, 34]",2164,3.5447261333465576
"[1, 12, 6, 3, 23, 5, 2, 7, 17, 9, 10, 11, 0, 13, 14, 4, 16, 8, 18, 19, 20, 21, 32, 15, 24, 25, 26, 27, 28, 29, 30, 31, 22, 33, 36, 35, 39, 37, 38, 34]",2164,"[1, 12, 6, 3, 23, 5, 2, 7, 17, 9, 10, 11, 0, 13, 14, 4, 16, 8, 18, 19, 20, 21, 32, 15, 24, 25, 26, 27, 28, 29, 30, 31, 22, 33, 36, 35, 39, 37, 38, 34]",2164,3.5903360843658447
"[1, 12, 6, 3, 23, 5, 2, 7, 17, 9, 10, 11, 0, 13, 14, 4, 16, 8, 18, 19, 20, 21, 32, 15, 24, 25, 26, 27, 28, 29, 30, 31, 22, 33, 36, 35, 39, 37, 38, 34]",2164,"[1, 12, 6, 3, 23, 5, 2, 7, 17, 9, 10, 11, 0, 13, 14, 4, 16, 8, 18, 19, 20, 21, 32, 15, 24, 25, 26, 27, 28, 29, 30, 31, 22, 33, 36, 35, 39, 37, 38, 34]",2164,3.636230230331421
"[1, 12, 6, 3, 23, 5, 2, 7, 17, 9, 10, 11, 0, 13, 14, 4, 16, 8, 18, 19, 20, 21, 32, 15, 24, 25, 26, 27, 28, 29, 30, 31, 22, 33, 36, 35, 39, 37, 38, 34]",2164,"[1, 12, 6, 3, 23, 5, 2, 7, 17, 9, 10, 11, 0, 13, 14, 4, 16, 8, 18, 19, 20, 21, 32, 15, 24, 25, 26, 27, 28, 29, 30, 31, 22, 33, 36, 35, 39, 37, 38, 34]",2164,3.68202805519104
"[1, 12, 6, 3, 23, 5, 2, 7, 17, 9, 10, 11, 0, 13, 14, 4, 16, 8, 18, 19, 20, 21, 32, 15, 24, 25, 26, 27, 28, 29, 30, 31, 22, 33, 36, 35, 39, 37, 38, 34]",2164,"[1, 12, 6, 3, 23, 5, 2, 7, 17, 9, 10, 11, 0, 13, 14, 4, 16, 8, 18, 19, 20, 21, 32, 15, 24, 25, 26, 27, 28, 29, 30, 31, 22, 33, 36, 35, 39, 37, 38, 34]",2164,3.7277190685272217
"[1, 12, 6, 3, 23, 5, 2, 7, 17, 9, 10, 11, 0, 13, 14, 4, 16, 8, 18, 19, 20, 21, 32, 15, 24, 25, 26, 27, 28, 29, 30, 31, 22, 33, 36, 35, 39, 37, 38, 34]",2164,"[1, 12, 6, 3, 23, 5, 2, 7, 17, 9, 10, 11, 0, 13, 14, 4, 16, 8, 18, 19, 20, 21, 32, 15, 24, 25, 26, 27, 28, 29, 30, 31, 22, 33, 36, 35, 39, 37, 38, 34]",2164,3.7728512287139893
"[1, 12, 6, 3, 23, 5, 2, 7, 17, 9, 10, 11, 0, 13, 14, 4, 16, 8, 18, 19, 20, 21, 32, 15, 24, 25, 26, 27, 28, 29, 30, 31, 22, 33, 36, 35, 39, 37, 38, 34]",2164,"[1, 12, 6, 3, 23, 5, 2, 7, 17, 9, 10, 11, 0, 13, 14, 4, 16, 8, 18, 19, 20, 21, 32, 15, 24, 25, 26, 27, 28, 29, 30, 31, 22, 33, 36, 35, 39, 37, 38, 34]",2164,3.8214142322540283
"[1, 12, 6, 3, 23, 5, 2, 7, 17, 9, 10, 11, 0, 13, 14, 4, 16, 8, 18, 19, 20, 21, 32, 15, 24, 25, 26, 27, 28, 29, 30, 31, 22, 33, 36, 35, 39, 37, 38, 34]",2164,"[1, 12, 6, 3, 23, 5, 2, 7, 17, 9, 10, 11, 0, 13, 14, 4, 16, 8, 18, 19, 20, 21, 32, 15, 24, 25, 26, 27, 28, 29, 30, 31, 22, 33, 36, 35, 39, 37, 38, 34]",2164,3.8758420944213867
"[1, 12, 6, 3, 23, 5, 2, 7, 17, 9, 10, 11, 0, 13, 14, 4, 16, 8, 18, 19, 20, 21, 32, 15, 24, 25, 26, 27, 28, 29, 30, 31, 22, 33, 36, 35, 39, 37, 38, 34]",2164,"[1, 12, 6, 3, 23, 5, 2, 7, 17, 9, 10, 11, 0, 13, 14, 4, 16, 8, 18, 19, 20, 21, 32, 15, 24, 25, 26, 27, 28, 29, 30, 31, 22, 33, 36, 35, 39, 37, 38, 34]",2164,3.921684980392456
"[1, 12, 6, 3, 23, 5, 2, 7, 17, 9, 10, 11, 0, 13, 14, 4, 16, 8, 18, 19, 20, 21, 32, 15, 24, 25, 26, 27, 28, 29, 30, 31, 22, 33, 36, 35, 39, 37, 38, 34]",2164,"[1, 12, 6, 3, 23, 5, 2, 7, 17, 9, 10, 11, 0, 13, 14, 4, 16, 8, 18, 19, 20, 21, 32, 15, 24, 25, 26, 27, 28, 29, 30, 31, 22, 33, 36, 35, 39, 37, 38, 34]",2164,3.966722011566162
"[1, 12, 6, 3, 23, 5, 2, 7, 17, 9, 10, 11, 0, 13, 14, 4, 16, 8, 18, 19, 20, 21, 32, 15, 24, 25, 26, 27, 28, 29, 30, 31, 22, 33, 36, 35, 39, 37, 38, 34]",2164,"[1, 12, 6, 3, 23, 5, 2, 7, 17, 9, 10, 11, 0, 13, 14, 4, 16, 8, 18, 19, 20, 21, 32, 15, 24, 25, 26, 27, 28, 29, 30, 31, 22, 33, 36, 35, 39, 37, 38, 34]",2164,4.014919281005859
"[1, 12, 6, 3, 23, 5, 2, 7, 17, 9, 10, 11, 0, 13, 14, 4, 16, 8, 18, 19, 20, 21, 32, 15, 24, 25, 26, 27, 28, 29, 30, 31, 22, 33, 36, 35, 39, 37, 38, 34]",2164,"[1, 12, 6, 3, 23, 5, 2, 7, 17, 9, 10, 11, 0, 13, 14, 4, 16, 8, 18, 19, 20, 21, 32, 15, 24, 25, 26, 27, 28, 29, 30, 31, 22, 33, 36, 35, 39, 37, 38, 34]",2164,4.062118053436279
"[1, 12, 6, 3, 23, 5, 2, 7, 17, 9, 10, 11, 0, 13, 14, 4, 16, 8, 18, 19, 20, 21, 32, 15, 24, 25, 26, 27, 28, 29, 30, 31, 22, 33, 36, 35, 39, 37, 38, 34]",2164,"[1, 12, 6, 3, 23, 5, 2, 7, 17, 9, 10, 11, 0, 13, 14, 4, 16, 8, 18, 19, 20, 21, 32, 15, 24, 25, 26, 27, 28, 29, 30, 31, 22, 33, 36, 35, 39, 37, 38, 34]",2164,4.1080639362335205
"[1, 12, 6, 3, 23, 5, 2, 7, 17, 9, 10, 11, 0, 13, 14, 4, 16, 8, 18, 19, 20, 21, 32, 15, 24, 25, 26, 27, 28, 29, 30, 31, 22, 33, 36, 35, 39, 37, 38, 34]",2164,"[1, 12, 6, 3, 23, 5, 2, 7, 17, 9, 10, 11, 0, 13, 14, 4, 16, 8, 18, 19, 20, 21, 32, 15, 24, 25, 26, 27, 28, 29, 30, 31, 22, 33, 36, 35, 39, 37, 38, 34]",2164,4.153162002563477
"[1, 12, 6, 3, 23, 5, 2, 7, 17, 9, 10, 11, 0, 13, 14, 4, 16, 8, 18, 19, 20, 21, 32, 15, 24, 25, 26, 27, 28, 29, 30, 31, 22, 33, 36, 35, 39, 37, 38, 34]",2164,"[1, 12, 6, 3, 23, 5, 2, 7, 17, 9, 10, 11, 0, 13, 14, 4, 16, 8, 18, 19, 20, 21, 32, 15, 24, 25, 26, 27, 28, 29, 30, 31, 22, 33, 36, 35, 39, 37, 38, 34]",2164,4.1987690925598145
"[1, 12, 6, 3, 23, 5, 2, 7, 17, 9, 10, 11, 0, 13, 14, 4, 16, 8, 18, 19, 20, 21, 32, 15, 24, 25, 26, 27, 28, 29, 30, 31, 22, 33, 36, 35, 39, 37, 38, 34]",2164,"[1, 12, 6, 3, 23, 5, 2, 7, 17, 9, 10, 11, 0, 13, 14, 4, 16, 8, 18, 19, 20, 21, 32, 15, 24, 25, 26, 27, 28, 29, 30, 31, 22, 33, 36, 35, 39, 37, 38, 34]",2164,4.244070053100586
"[1, 12, 6, 3, 23, 5, 2, 7, 17, 9, 10, 11, 0, 13, 14, 4, 16, 8, 18, 19, 20, 21, 32, 15, 24, 25, 26, 27, 28, 29, 30, 31, 22, 33, 36, 35, 39, 37, 38, 34]",2164,"[1, 12, 6, 3, 23, 5, 2, 7, 17, 9, 10, 11, 0, 13, 14, 4, 16, 8, 18, 19, 20, 21, 32, 15, 24, 25, 26, 27, 28, 29, 30, 31, 22, 33, 36, 35, 39, 37, 38, 34]",2164,4.290793180465698
"[1, 12, 6, 3, 23, 5, 2, 7, 17, 9, 10, 11, 0, 13, 14, 4, 16, 8, 18, 19, 20, 21, 32, 15, 24, 25, 26, 27, 28, 29, 30, 31, 22, 33, 36, 35, 39, 37, 38, 34]",2164,"[1, 12, 6, 3, 23, 5, 2, 7, 17, 9, 10, 11, 0, 13, 14, 4, 16, 8, 18, 19, 20, 21, 32, 15, 24, 25, 26, 27, 28, 29, 30, 31, 22, 33, 36, 35, 39, 37, 38, 34]",2164,4.337218999862671
"[1, 12, 6, 3, 23, 5, 2, 7, 17, 9, 10, 11, 0, 13, 14, 4, 16, 8, 18, 19, 20, 21, 32, 15, 24, 25, 26, 27, 28, 29, 30, 31, 22, 33, 36, 35, 39, 37, 38, 34]",2164,"[1, 12, 6, 3, 23, 5, 2, 7, 17, 9, 10, 11, 0, 13, 14, 4, 16, 8, 18, 19, 20, 21, 32, 15, 24, 25, 26, 27, 28, 29, 30, 31, 22, 33, 36, 35, 39, 37, 38, 34]",2164,4.383792161941528
"[1, 12, 6, 3, 23, 5, 2, 7, 17, 9, 10, 11, 0, 13, 14, 4, 16, 8, 18, 19, 20, 21, 32, 15, 24, 25, 26, 27, 28, 29, 30, 31, 22, 33, 36, 35, 39, 37, 38, 34]",2164,"[1, 12, 6, 3, 23, 5, 2, 7, 17, 9, 10, 11, 0, 13, 14, 4, 16, 8, 18, 19, 20, 21, 32, 15, 24, 25, 26, 27, 28, 29, 30, 31, 22, 33, 36, 35, 39, 37, 38, 34]",2164,4.429178237915039
"[1, 12, 6, 3, 23, 5, 2, 7, 17, 9, 10, 11, 0, 13, 14, 4, 16, 8, 18, 19, 20, 21, 32, 15, 24, 25, 26, 27, 28, 29, 30, 31, 22, 33, 36, 35, 39, 37, 38, 34]",2164,"[1, 12, 6, 3, 23, 5, 2, 7, 17, 9, 10, 11, 0, 13, 14, 4, 16, 8, 18, 19, 20, 21, 32, 15, 24, 25, 26, 27, 28, 29, 30, 31, 22, 33, 36, 35, 39, 37, 38, 34]",2164,4.475194215774536
"[1, 12, 6, 3, 23, 5, 2, 7, 17, 9, 10, 11, 0, 13, 14, 4, 16, 8, 18, 19, 20, 21, 32, 15, 24, 25, 26, 27, 28, 29, 30, 31, 22, 33, 36, 35, 39, 37, 38, 34]",2164,"[1, 12, 6, 3, 23, 5, 2, 7, 17, 9, 10, 11, 0, 13, 14, 4, 16, 8, 18, 19, 20, 21, 32, 15, 24, 25, 26, 27, 28, 29, 30, 31, 22, 33, 36, 35, 39, 37, 38, 34]",2164,4.520236015319824
"[1, 12, 6, 3, 23, 5, 2, 7, 17, 9, 10, 11, 0, 13, 14, 4, 16, 8, 18, 19, 20, 21, 32, 15, 24, 25, 26, 27, 28, 29, 30, 31, 22, 33, 36, 35, 39, 37, 38, 34]",2164,"[1, 12, 6, 3, 23, 5, 2, 7, 17, 9, 10, 11, 0, 13, 14, 4, 16, 8, 18, 19, 20, 21, 32, 15, 24, 25, 26, 27, 28, 29, 30, 31, 22, 33, 36, 35, 39, 37, 38, 34]",2164,4.565481901168823
"[1, 12, 6, 3, 23, 5, 2, 7, 17, 9, 10, 11, 0, 13, 14, 4, 16, 8, 18, 19, 20, 21, 32, 15, 24, 25, 26, 27, 28, 29, 30, 31, 22, 33, 36, 35, 39, 37, 38, 34]",2164,"[1, 12, 6, 3, 23, 5, 2, 7, 17, 9, 10, 11, 0, 13, 14, 4, 16, 8, 18, 19, 20, 21, 32, 15, 24, 25, 26, 27, 28, 29, 30, 31, 22, 33, 36, 35, 39, 37, 38, 34]",2164,4.651720285415649
"[1, 12, 6, 3, 23, 5, 2, 7, 17, 9, 10, 11, 0, 13, 14, 4, 16, 8, 18, 19, 20, 21, 32, 15, 24, 25, 26, 27, 28, 29, 30, 31, 22, 33, 36, 35, 39, 37, 38, 34]",2164,"[1, 12, 6, 3, 23, 5, 2, 7, 17, 9, 10, 11, 0, 13, 14, 4, 16, 8, 18, 19, 20, 21, 32, 15, 24, 25, 26, 27, 28, 29, 30, 31, 22, 33, 36, 35, 39, 37, 38, 34]",2164,4.6997480392456055
"[1, 12, 6, 3, 23, 5, 2, 7, 17, 9, 10, 11, 0, 13, 14, 4, 16, 8, 18, 19, 20, 21, 32, 15, 24, 25, 26, 27, 28, 29, 30, 31, 22, 33, 36, 35, 39, 37, 38, 34]",2164,"[1, 12, 6, 3, 23, 5, 2, 7, 17, 9, 10, 11, 0, 13, 14, 4, 16, 8, 18, 19, 20, 21, 32, 15, 24, 25, 26, 27, 28, 29, 30, 31, 22, 33, 36, 35, 39, 37, 38, 34]",2164,4.745916128158569
"[1, 12, 6, 3, 23, 5, 2, 7, 17, 9, 10, 11, 0, 13, 14, 4, 16, 8, 18, 19, 20, 21, 32, 15, 24, 25, 26, 27, 28, 29, 30, 31, 22, 33, 36, 35, 39, 37, 38, 34]",2164,"[1, 12, 6, 3, 23, 5, 2, 7, 17, 9, 10, 11, 0, 13, 14, 4, 16, 8, 18, 19, 20, 21, 32, 15, 24, 25, 26, 27, 28, 29, 30, 31, 22, 33, 36, 35, 39, 37, 38, 34]",2164,4.791651010513306
"[1, 12, 6, 3, 23, 5, 2, 7, 17, 9, 10, 11, 0, 13, 14, 4, 16, 8, 18, 19, 20, 21, 32, 15, 24, 25, 26, 27, 28, 29, 30, 31, 22, 33, 36, 35, 39, 37, 38, 34]",2164,"[1, 12, 6, 3, 23, 5, 2, 7, 17, 9, 10, 11, 0, 13, 14, 4, 16, 8, 18, 19, 20, 21, 32, 15, 24, 25, 26, 27, 28, 29, 30, 31, 22, 33, 36, 35, 39, 37, 38, 34]",2164,4.8403849601745605
"[1, 12, 6, 3, 23, 5, 2, 7, 17, 9, 10, 11, 0, 13, 14, 4, 16, 8, 18, 19, 20, 21, 32, 15, 24, 25, 26, 27, 28, 29, 30, 31, 22, 33, 36, 35, 39, 37, 38, 34]",2164,"[1, 12, 6, 3, 23, 5, 2, 7, 17, 9, 10, 11, 0, 13, 14, 4, 16, 8, 18, 19, 20, 21, 32, 15, 24, 25, 26, 27, 28, 29, 30, 31, 22, 33, 36, 35, 39, 37, 38, 34]",2164,4.886974334716797
"[1, 12, 6, 3, 23, 5, 2, 7, 17, 9, 10, 11, 0, 13, 14, 4, 16, 8, 18, 19, 20, 21, 32, 15, 24, 25, 26, 27, 28, 29, 30, 31, 22, 33, 36, 35, 39, 37, 38, 34]",2164,"[1, 12, 6, 3, 23, 5, 2, 7, 17, 9, 10, 11, 0, 13, 14, 4, 16, 8, 18, 19, 20, 21, 32, 15, 24, 25, 26, 27, 28, 29, 30, 31, 22, 33, 36, 35, 39, 37, 38, 34]",2164,4.933228015899658
"[1, 12, 6, 3, 23, 5, 2, 7, 17, 9, 10, 11, 0, 13, 14, 4, 16, 8, 18, 19, 20, 21, 32, 15, 24, 25, 26, 27, 28, 29, 30, 31, 22, 33, 36, 35, 39, 37, 38, 34]",2164,"[1, 12, 6, 3, 23, 5, 2, 7, 17, 9, 10, 11, 0, 13, 14, 4, 16, 8, 18, 19, 20, 21, 32, 15, 24, 25, 26, 27, 28, 29, 30, 31, 22, 33, 36, 35, 39, 37, 38, 34]",2164,4.978104114532471
"[1, 12, 6, 3, 23, 5, 2, 7, 17, 9, 10, 11, 0, 13, 14, 4, 16, 8, 18, 19, 20, 21, 32, 15, 24, 25, 26, 27, 28, 29, 30, 31, 22, 33, 36, 35, 39, 37, 38, 34]",2164,"[1, 12, 6, 3, 23, 5, 2, 7, 17, 9, 10, 11, 0, 13, 14, 4, 16, 8, 18, 19, 20, 21, 32, 15, 24, 25, 26, 27, 28, 29, 30, 31, 22, 33, 36, 35, 39, 37, 38, 34]",2164,5.0248801708221436
"[1, 12, 6, 3, 23, 5, 2, 7, 17, 9, 10, 11, 0, 13, 14, 4, 16, 8, 18, 19, 20, 21, 32, 15, 24, 25, 26, 27, 28, 29, 30, 31, 22, 33, 36, 35, 39, 37, 38, 34]",2164,"[1, 12, 6, 3, 23, 5, 2, 7, 17, 9, 10, 11, 0, 13, 14, 4, 16, 8, 18, 19, 20, 21, 32, 15, 24, 25, 26, 27, 28, 29, 30, 31, 22, 33, 36, 35, 39, 37, 38, 34]",2164,5.070525169372559
"[1, 12, 6, 3, 23, 5, 2, 7, 17, 9, 10, 11, 0, 13, 14, 4, 16, 8, 18, 19, 20, 21, 32, 15, 24, 25, 26, 27, 28, 29, 30, 31, 22, 33, 36, 35, 39, 37, 38, 34]",2164,"[1, 12, 6, 3, 23, 5, 2, 7, 17, 9, 10, 11, 0, 13, 14, 4, 16, 8, 18, 19, 20, 21, 32, 15, 24, 25, 26, 27, 28, 29, 30, 31, 22, 33, 36, 35, 39, 37, 38, 34]",2164,5.115797996520996
"[1, 12, 6, 3, 23, 5, 2, 7, 17, 9, 10, 11, 0, 13, 14, 4, 16, 8, 18, 19, 20, 21, 32, 15, 24, 25, 26, 27, 28, 29, 30, 31, 22, 33, 36, 35, 39, 37, 38, 34]",2164,"[1, 12, 6, 3, 23, 5, 2, 7, 17, 9, 10, 11, 0, 13, 14, 4, 16, 8, 18, 19, 20, 21, 32, 15, 24, 25, 26, 27, 28, 29, 30, 31, 22, 33, 36, 35, 39, 37, 38, 34]",2164,5.172826051712036
"[1, 12, 6, 3, 23, 5, 2, 7, 17, 9, 10, 11, 0, 13, 14, 4, 16, 8, 18, 19, 20, 21, 32, 15, 24, 25, 26, 27, 28, 29, 30, 31, 22, 33, 36, 35, 39, 37, 38, 34]",2164,"[1, 12, 6, 3, 23, 5, 2, 7, 17, 9, 10, 11, 0, 13, 14, 4, 16, 8, 18, 19, 20, 21, 32, 15, 24, 25, 26, 27, 28, 29, 30, 31, 22, 33, 36, 35, 39, 37, 38, 34]",2164,5.224898099899292
"[1, 12, 6, 3, 23, 5, 2, 7, 17, 9, 10, 11, 0, 13, 14, 4, 16, 8, 18, 19, 20, 21, 32, 15, 24, 25, 26, 27, 28, 29, 30, 31, 22, 33, 36, 35, 39, 37, 38, 34]",2164,"[1, 12, 6, 3, 23, 5, 2, 7, 17, 9, 10, 11, 0, 13, 14, 4, 16, 8, 18, 19, 20, 21, 32, 15, 24, 25, 26, 27, 28, 29, 30, 31, 22, 33, 36, 35, 39, 37, 38, 34]",2164,5.272182941436768
"[1, 12, 6, 3, 23, 5, 2, 7, 17, 9, 10, 11, 0, 13, 14, 4, 16, 8, 18, 19, 20, 21, 32, 15, 24, 25, 26, 27, 28, 29, 30, 31, 22, 33, 36, 35, 39, 37, 38, 34]",2164,"[1, 12, 6, 3, 23, 5, 2, 7, 17, 9, 10, 11, 0, 13, 14, 4, 16, 8, 18, 19, 20, 21, 32, 15, 24, 25, 26, 27, 28, 29, 30, 31, 22, 33, 36, 35, 39, 37, 38, 34]",2164,5.320542335510254
"[1, 12, 6, 3, 23, 5, 2, 7, 17, 9, 10, 11, 0, 13, 14, 4, 16, 8, 18, 19, 20, 21, 32, 15, 24, 25, 26, 27, 28, 29, 30, 31, 22, 33, 36, 35, 39, 37, 38, 34]",2164,"[1, 12, 6, 3, 23, 5, 2, 7, 17, 9, 10, 11, 0, 13, 14, 4, 16, 8, 18, 19, 20, 21, 32, 15, 24, 25, 26, 27, 28, 29, 30, 31, 22, 33, 36, 35, 39, 37, 38, 34]",2164,5.367721319198608
"[1, 12, 6, 3, 23, 5, 2, 7, 17, 9, 10, 11, 0, 13, 14, 4, 16, 8, 18, 19, 20, 21, 32, 15, 24, 25, 26, 27, 28, 29, 30, 31, 22, 33, 36, 35, 39, 37, 38, 34]",2164,"[1, 12, 6, 3, 23, 5, 2, 7, 17, 9, 10, 11, 0, 13, 14, 4, 16, 8, 18, 19, 20, 21, 32, 15, 24, 25, 26, 27, 28, 29, 30, 31, 22, 33, 36, 35, 39, 37, 38, 34]",2164,5.412377119064331
"[1, 12, 6, 3, 23, 5, 2, 7, 17, 9, 10, 11, 0, 13, 14, 4, 16, 8, 18, 19, 20, 21, 32, 15, 24, 25, 26, 27, 28, 29, 30, 31, 22, 33, 36, 35, 39, 37, 38, 34]",2164,"[1, 12, 6, 3, 23, 5, 2, 7, 17, 9, 10, 11, 0, 13, 14, 4, 16, 8, 18, 19, 20, 21, 32, 15, 24, 25, 26, 27, 28, 29, 30, 31, 22, 33, 36, 35, 39, 37, 38, 34]",2164,5.458406209945679
"[1, 12, 6, 3, 23, 5, 2, 7, 17, 9, 10, 11, 0, 13, 14, 4, 16, 8, 18, 19, 20, 21, 32, 15, 24, 25, 26, 27, 28, 29, 30, 31, 22, 33, 36, 35, 39, 37, 38, 34]",2164,"[1, 12, 6, 3, 23, 5, 2, 7, 17, 9, 10, 11, 0, 13, 14, 4, 16, 8, 18, 19, 20, 21, 32, 15, 24, 25, 26, 27, 28, 29, 30, 31, 22, 33, 36, 35, 39, 37, 38, 34]",2164,5.504184007644653
"[1, 12, 6, 3, 23, 5, 2, 7, 17, 9, 10, 11, 0, 13, 14, 4, 16, 8, 18, 19, 20, 21, 32, 15, 24, 25, 26, 27, 28, 29, 30, 31, 22, 33, 36, 35, 39, 37, 38, 34]",2164,"[1, 12, 6, 3, 23, 5, 2, 7, 17, 9, 10, 11, 0, 13, 14, 4, 16, 8, 18, 19, 20, 21, 32, 15, 24, 25, 26, 27, 28, 29, 30, 31, 22, 33, 36, 35, 39, 37, 38, 34]",2164,5.549498081207275
"[1, 12, 6, 3, 23, 5, 2, 7, 17, 9, 10, 11, 0, 13, 14, 4, 16, 8, 18, 19, 20, 21, 32, 15, 24, 25, 26, 27, 28, 29, 30, 31, 22, 33, 36, 35, 39, 37, 38, 34]",2164,"[1, 12, 6, 3, 23, 5, 2, 7, 17, 9, 10, 11, 0, 13, 14, 4, 16, 8, 18, 19, 20, 21, 32, 15, 24, 25, 26, 27, 28, 29, 30, 31, 22, 33, 36, 35, 39, 37, 38, 34]",2164,5.6049652099609375
"[1, 12, 6, 3, 23, 5, 2, 7, 17, 9, 10, 11, 0, 13, 14, 4, 16, 8, 18, 19, 20, 21, 32, 15, 24, 25, 26, 27, 28, 29, 30, 31, 22, 33, 36, 35, 39, 37, 38, 34]",2164,"[1, 12, 6, 3, 23, 5, 2, 7, 17, 9, 10, 11, 0, 13, 14, 4, 16, 8, 18, 19, 20, 21, 32, 15, 24, 25, 26, 27, 28, 29, 30, 31, 22, 33, 36, 35, 39, 37, 38, 34]",2164,5.6548919677734375
"[1, 12, 6, 3, 23, 5, 2, 7, 17, 9, 10, 11, 0, 13, 14, 4, 16, 8, 18, 19, 20, 21, 32, 15, 24, 25, 26, 27, 28, 29, 30, 31, 22, 33, 36, 35, 39, 37, 38, 34]",2164,"[1, 12, 6, 3, 23, 5, 2, 7, 17, 9, 10, 11, 0, 13, 14, 4, 16, 8, 18, 19, 20, 21, 32, 15, 24, 25, 26, 27, 28, 29, 30, 31, 22, 33, 36, 35, 39, 37, 38, 34]",2164,5.701375961303711
"[1, 12, 6, 3, 23, 5, 2, 7, 17, 9, 10, 11, 0, 13, 14, 4, 16, 8, 18, 19, 20, 21, 32, 15, 24, 25, 26, 27, 28, 29, 30, 31, 22, 33, 36, 35, 39, 37, 38, 34]",2164,"[1, 12, 6, 3, 23, 5, 2, 7, 17, 9, 10, 11, 0, 13, 14, 4, 16, 8, 18, 19, 20, 21, 32, 15, 24, 25, 26, 27, 28, 29, 30, 31, 22, 33, 36, 35, 39, 37, 38, 34]",2164,5.74626612663269
"[1, 12, 6, 3, 23, 5, 2, 7, 17, 9, 10, 11, 0, 13, 14, 4, 16, 8, 18, 19, 20, 21, 32, 15, 24, 25, 26, 27, 28, 29, 30, 31, 22, 33, 36, 35, 39, 37, 38, 34]",2164,"[1, 12, 6, 3, 23, 5, 2, 7, 17, 9, 10, 11, 0, 13, 14, 4, 16, 8, 18, 19, 20, 21, 32, 15, 24, 25, 26, 27, 28, 29, 30, 31, 22, 33, 36, 35, 39, 37, 38, 34]",2164,5.792058229446411
"[1, 12, 6, 3, 23, 5, 2, 7, 17, 9, 10, 11, 0, 13, 14, 4, 16, 8, 18, 19, 20, 21, 32, 15, 24, 25, 26, 27, 28, 29, 30, 31, 22, 33, 36, 35, 39, 37, 38, 34]",2164,"[1, 12, 6, 3, 23, 5, 2, 7, 17, 9, 10, 11, 0, 13, 14, 4, 16, 8, 18, 19, 20, 21, 32, 15, 24, 25, 26, 27, 28, 29, 30, 31, 22, 33, 36, 35, 39, 37, 38, 34]",2164,5.837479114532471
"[1, 12, 6, 3, 23, 5, 2, 7, 17, 9, 10, 11, 0, 13, 14, 4, 16, 8, 18, 19, 20, 21, 32, 15, 24, 25, 26, 27, 28, 29, 30, 31, 22, 33, 36, 35, 39, 37, 38, 34]",2164,"[1, 12, 6, 3, 23, 5, 2, 7, 17, 9, 10, 11, 0, 13, 14, 4, 16, 8, 18, 19, 20, 21, 32, 15, 24, 25, 26, 27, 28, 29, 30, 31, 22, 33, 36, 35, 39, 37, 38, 34]",2164,5.882369041442871
"[1, 12, 6, 3, 23, 5, 2, 7, 17, 9, 10, 11, 0, 13, 14, 4, 16, 8, 18, 19, 20, 21, 32, 15, 24, 25, 26, 27, 28, 29, 30, 31, 22, 33, 36, 35, 39, 37, 38, 34]",2164,"[1, 12, 6, 3, 23, 5, 2, 7, 17, 9, 10, 11, 0, 13, 14, 4, 16, 8, 18, 19, 20, 21, 32, 15, 24, 25, 26, 27, 28, 29, 30, 31, 22, 33, 36, 35, 39, 37, 38, 34]",2164,5.9285430908203125
"[1, 12, 6, 3, 23, 5, 2, 7, 17, 9, 10, 11, 0, 13, 14, 4, 16, 8, 18, 19, 20, 21, 32, 15, 24, 25, 26, 27, 28, 29, 30, 31, 22, 33, 36, 35, 39, 37, 38, 34]",2164,"[1, 12, 6, 3, 23, 5, 2, 7, 17, 9, 10, 11, 0, 13, 14, 4, 16, 8, 18, 19, 20, 21, 32, 15, 24, 25, 26, 27, 28, 29, 30, 31, 22, 33, 36, 35, 39, 37, 38, 34]",2164,5.975265026092529
"[1, 12, 6, 3, 23, 5, 2, 7, 17, 9, 10, 11, 0, 13, 14, 4, 16, 8, 18, 19, 20, 21, 32, 15, 24, 25, 26, 27, 28, 29, 30, 31, 22, 33, 36, 35, 39, 37, 38, 34]",2164,"[1, 12, 6, 3, 23, 5, 2, 7, 17, 9, 10, 11, 0, 13, 14, 4, 16, 8, 18, 19, 20, 21, 32, 15, 24, 25, 26, 27, 28, 29, 30, 31, 22, 33, 36, 35, 39, 37, 38, 34]",2164,6.0220489501953125
"[1, 12, 6, 3, 23, 5, 2, 7, 17, 9, 10, 11, 0, 13, 14, 4, 16, 8, 18, 19, 20, 21, 32, 15, 24, 25, 26, 27, 28, 29, 30, 31, 22, 33, 36, 35, 39, 37, 38, 34]",2164,"[1, 12, 6, 3, 23, 5, 2, 7, 17, 9, 10, 11, 0, 13, 14, 4, 16, 8, 18, 19, 20, 21, 32, 15, 24, 25, 26, 27, 28, 29, 30, 31, 22, 33, 36, 35, 39, 37, 38, 34]",2164,6.067098140716553
"[1, 12, 6, 3, 23, 5, 2, 7, 17, 9, 10, 11, 0, 13, 14, 4, 19, 8, 18, 16, 20, 21, 32, 15, 24, 25, 26, 27, 28, 29, 30, 31, 22, 33, 36, 35, 39, 37, 38, 34]",2162,"[1, 12, 6, 3, 23, 5, 2, 7, 17, 9, 10, 11, 0, 13, 14, 4, 19, 8, 18, 16, 20, 21, 32, 15, 24, 25, 26, 27, 28, 29, 30, 31, 22, 33, 36, 35, 39, 37, 38, 34]",2162,6.1112120151519775
"[1, 12, 6, 3, 23, 5, 2, 7, 17, 9, 10, 11, 0, 13, 14, 4, 19, 8, 18, 16, 20, 21, 32, 15, 24, 25, 26, 27, 28, 29, 30, 31, 22, 33, 36, 35, 39, 37, 38, 34]",2162,"[1, 12, 6, 3, 23, 5, 2, 7, 17, 9, 10, 11, 0, 13, 14, 4, 19, 8, 18, 16, 20, 21, 32, 15, 24, 25, 26, 27, 28, 29, 30, 31, 22, 33, 36, 35, 39, 37, 38, 34]",2162,6.156365156173706
"[1, 12, 6, 3, 23, 5, 2, 7, 17, 9, 10, 11, 0, 13, 14, 4, 19, 8, 18, 16, 20, 21, 32, 15, 24, 25, 26, 27, 28, 29, 30, 31, 22, 33, 36, 35, 39, 37, 38, 34]",2162,"[1, 12, 6, 3, 23, 5, 2, 7, 17, 9, 10, 11, 0, 13, 14, 4, 19, 8, 18, 16, 20, 21, 32, 15, 24, 25, 26, 27, 28, 29, 30, 31, 22, 33, 36, 35, 39, 37, 38, 34]",2162,6.203114032745361
"[1, 12, 6, 3, 23, 5, 2, 7, 17, 9, 10, 11, 0, 13, 14, 4, 19, 8, 18, 16, 20, 21, 32, 15, 24, 25, 26, 27, 28, 29, 30, 31, 22, 33, 36, 35, 39, 37, 38, 34]",2162,"[1, 12, 6, 3, 23, 5, 2, 7, 17, 9, 10, 11, 0, 13, 14, 4, 19, 8, 18, 16, 20, 21, 32, 15, 24, 25, 26, 27, 28, 29, 30, 31, 22, 33, 36, 35, 39, 37, 38, 34]",2162,6.249265193939209
"[1, 12, 6, 3, 23, 5, 2, 7, 17, 9, 10, 11, 0, 13, 14, 4, 19, 8, 18, 16, 20, 21, 32, 15, 24, 25, 26, 27, 28, 29, 30, 31, 22, 33, 36, 35, 39, 37, 38, 34]",2162,"[1, 12, 6, 3, 23, 5, 2, 7, 17, 9, 10, 11, 0, 13, 14, 4, 19, 8, 18, 16, 20, 21, 32, 15, 24, 25, 26, 27, 28, 29, 30, 31, 22, 33, 36, 35, 39, 37, 38, 34]",2162,6.294900178909302
"[1, 12, 6, 3, 23, 5, 2, 7, 17, 9, 10, 11, 0, 13, 14, 4, 19, 8, 18, 16, 20, 21, 32, 15, 24, 25, 26, 27, 28, 29, 30, 31, 22, 33, 36, 35, 39, 37, 38, 34]",2162,"[1, 12, 6, 3, 23, 5, 2, 7, 17, 9, 10, 11, 0, 13, 14, 4, 19, 8, 18, 16, 20, 21, 32, 15, 24, 25, 26, 27, 28, 29, 30, 31, 22, 33, 36, 35, 39, 37, 38, 34]",2162,6.33982515335083
"[1, 12, 6, 3, 23, 5, 2, 7, 17, 9, 10, 11, 0, 13, 14, 4, 19, 8, 18, 16, 20, 21, 32, 15, 24, 25, 26, 27, 28, 29, 30, 31, 22, 33, 36, 35, 39, 37, 38, 34]",2162,"[1, 12, 6, 3, 23, 5, 2, 7, 17, 9, 10, 11, 0, 13, 14, 4, 19, 8, 18, 16, 20, 21, 32, 15, 24, 25, 26, 27, 28, 29, 30, 31, 22, 33, 36, 35, 39, 37, 38, 34]",2162,6.3850181102752686
"[1, 12, 6, 3, 23, 5, 2, 7, 17, 9, 10, 11, 0, 13, 14, 4, 19, 8, 18, 16, 20, 21, 32, 15, 24, 25, 26, 27, 28, 29, 30, 31, 22, 33, 36, 35, 39, 37, 38, 34]",2162,"[1, 12, 6, 3, 23, 5, 2, 7, 17, 9, 10, 11, 0, 13, 14, 4, 19, 8, 18, 16, 20, 21, 32, 15, 24, 25, 26, 27, 28, 29, 30, 31, 22, 33, 36, 35, 39, 37, 38, 34]",2162,6.430369138717651
"[1, 12, 6, 3, 23, 5, 2, 7, 17, 9, 10, 11, 0, 13, 14, 4, 19, 8, 18, 16, 20, 21, 32, 15, 24, 25, 26, 27, 28, 29, 30, 31, 22, 33, 36, 35, 39, 37, 38, 34]",2162,"[1, 12, 6, 3, 23, 5, 2, 7, 17, 9, 10, 11, 0, 13, 14, 4, 19, 8, 18, 16, 20, 21, 32, 15, 24, 25, 26, 27, 28, 29, 30, 31, 22, 33, 36, 35, 39, 37, 38, 34]",2162,6.475296974182129
"[1, 12, 6, 3, 23, 5, 2, 7, 17, 9, 10, 11, 0, 13, 14, 4, 19, 8, 18, 16, 20, 21, 32, 15, 24, 25, 26, 27, 28, 29, 30, 31, 22, 33, 36, 35, 39, 37, 38, 34]",2162,"[1, 12, 6, 3, 23, 5, 2, 7, 17, 9, 10, 11, 0, 13, 14, 4, 19, 8, 18, 16, 20, 21, 32, 15, 24, 25, 26, 27, 28, 29, 30, 31, 22, 33, 36, 35, 39, 37, 38, 34]",2162,6.520454168319702
"[1, 12, 6, 3, 23, 5, 2, 7, 17, 9, 10, 11, 0, 13, 14, 4, 19, 8, 18, 16, 20, 21, 32, 15, 24, 25, 26, 27, 28, 29, 30, 31, 22, 33, 36, 35, 39, 37, 38, 34]",2162,"[1, 12, 6, 3, 23, 5, 2, 7, 17, 9, 10, 11, 0, 13, 14, 4, 19, 8, 18, 16, 20, 21, 32, 15, 24, 25, 26, 27, 28, 29, 30, 31, 22, 33, 36, 35, 39, 37, 38, 34]",2162,6.565850019454956
"[1, 12, 6, 3, 23, 5, 2, 7, 17, 9, 10, 11, 0, 13, 14, 4, 19, 8, 18, 16, 20, 21, 32, 15, 24, 25, 26, 27, 28, 29, 30, 31, 22, 33, 36, 35, 39, 37, 38, 34]",2162,"[1, 12, 6, 3, 23, 5, 2, 7, 17, 9, 10, 11, 0, 13, 14, 4, 19, 8, 18, 16, 20, 21, 32, 15, 24, 25, 26, 27, 28, 29, 30, 31, 22, 33, 36, 35, 39, 37, 38, 34]",2162,6.610944032669067
"[1, 12, 6, 3, 23, 5, 2, 7, 17, 9, 10, 11, 0, 13, 14, 4, 19, 8, 18, 16, 20, 21, 32, 15, 24, 25, 26, 27, 28, 29, 30, 31, 22, 33, 36, 35, 39, 37, 38, 34]",2162,"[1, 12, 6, 3, 23, 5, 2, 7, 17, 9, 10, 11, 0, 13, 14, 4, 19, 8, 18, 16, 20, 21, 32, 15, 24, 25, 26, 27, 28, 29, 30, 31, 22, 33, 36, 35, 39, 37, 38, 34]",2162,6.656530141830444
"[1, 12, 6, 3, 23, 5, 2, 7, 17, 9, 10, 11, 0, 13, 14, 4, 19, 8, 18, 16, 20, 21, 32, 15, 24, 25, 26, 27, 28, 29, 30, 31, 22, 33, 36, 35, 39, 37, 38, 34]",2162,"[1, 12, 6, 3, 23, 5, 2, 7, 17, 9, 10, 11, 0, 13, 14, 4, 19, 8, 18, 16, 20, 21, 32, 15, 24, 25, 26, 27, 28, 29, 30, 31, 22, 33, 36, 35, 39, 37, 38, 34]",2162,6.7007222175598145
"[1, 12, 6, 3, 23, 5, 2, 7, 17, 9, 10, 11, 0, 13, 14, 4, 19, 8, 18, 16, 20, 21, 32, 15, 24, 25, 26, 27, 28, 29, 30, 31, 22, 33, 36, 35, 39, 37, 38, 34]",2162,"[1, 12, 6, 3, 23, 5, 2, 7, 17, 9, 10, 11, 0, 13, 14, 4, 19, 8, 18, 16, 20, 21, 32, 15, 24, 25, 26, 27, 28, 29, 30, 31, 22, 33, 36, 35, 39, 37, 38, 34]",2162,6.757673978805542
"[1, 12, 6, 3, 23, 5, 2, 7, 17, 9, 10, 11, 0, 13, 14, 4, 19, 8, 18, 16, 20, 21, 32, 15, 24, 25, 26, 27, 28, 29, 30, 31, 22, 33, 36, 35, 39, 37, 38, 34]",2162,"[1, 12, 6, 3, 23, 5, 2, 7, 17, 9, 10, 11, 0, 13, 14, 4, 19, 8, 18, 16, 20, 21, 32, 15, 24, 25, 26, 27, 28, 29, 30, 31, 22, 33, 36, 35, 39, 37, 38, 34]",2162,6.803903341293335
"[1, 12, 6, 3, 23, 5, 2, 7, 17, 9, 10, 11, 0, 13, 14, 4, 19, 8, 18, 16, 20, 21, 32, 15, 24, 25, 26, 27, 28, 29, 30, 31, 22, 33, 36, 35, 39, 37, 38, 34]",2162,"[1, 12, 6, 3, 23, 5, 2, 7, 17, 9, 10, 11, 0, 13, 14, 4, 19, 8, 18, 16, 20, 21, 32, 15, 24, 25, 26, 27, 28, 29, 30, 31, 22, 33, 36, 35, 39, 37, 38, 34]",2162,6.8491692543029785
"[1, 12, 6, 3, 23, 5, 2, 7, 17, 9, 10, 11, 0, 13, 14, 4, 19, 8, 18, 16, 20, 21, 32, 15, 24, 25, 26, 27, 28, 29, 30, 31, 22, 33, 36, 35, 39, 37, 38, 34]",2162,"[1, 12, 6, 3, 23, 5, 2, 7, 17, 9, 10, 11, 0, 13, 14, 4, 19, 8, 18, 16, 20, 21, 32, 15, 24, 25, 26, 27, 28, 29, 30, 31, 22, 33, 36, 35, 39, 37, 38, 34]",2162,6.8957390785217285
"[1, 12, 6, 3, 23, 5, 2, 7, 17, 9, 10, 11, 0, 13, 14, 4, 19, 8, 18, 16, 20, 21, 32, 15, 24, 25, 26, 27, 28, 29, 30, 31, 22, 33, 36, 35, 39, 37, 38, 34]",2162,"[1, 12, 6, 3, 23, 5, 2, 7, 17, 9, 10, 11, 0, 13, 14, 4, 19, 8, 18, 16, 20, 21, 32, 15, 24, 25, 26, 27, 28, 29, 30, 31, 22, 33, 36, 35, 39, 37, 38, 34]",2162,6.9413323402404785
"[1, 12, 6, 3, 23, 5, 2, 7, 17, 9, 10, 11, 0, 13, 14, 4, 19, 8, 18, 16, 20, 21, 32, 15, 24, 25, 26, 27, 28, 29, 30, 31, 22, 33, 36, 35, 39, 37, 38, 34]",2162,"[1, 12, 6, 3, 23, 5, 2, 7, 17, 9, 10, 11, 0, 13, 14, 4, 19, 8, 18, 16, 20, 21, 32, 15, 24, 25, 26, 27, 28, 29, 30, 31, 22, 33, 36, 35, 39, 37, 38, 34]",2162,6.98668909072876
"[1, 12, 6, 3, 23, 5, 2, 7, 17, 9, 10, 11, 0, 13, 14, 4, 19, 8, 18, 16, 20, 21, 32, 15, 24, 25, 26, 27, 28, 29, 30, 31, 22, 33, 36, 35, 39, 37, 38, 34]",2162,"[1, 12, 6, 3, 23, 5, 2, 7, 17, 9, 10, 11, 0, 13, 14, 4, 19, 8, 18, 16, 20, 21, 32, 15, 24, 25, 26, 27, 28, 29, 30, 31, 22, 33, 36, 35, 39, 37, 38, 34]",2162,7.03203821182251
"[1, 12, 6, 3, 23, 5, 2, 7, 17, 9, 10, 11, 0, 13, 14, 4, 19, 8, 18, 16, 20, 21, 32, 15, 24, 25, 26, 27, 28, 29, 30, 31, 22, 33, 36, 35, 39, 37, 38, 34]",2162,"[1, 12, 6, 3, 23, 5, 2, 7, 17, 9, 10, 11, 0, 13, 14, 4, 19, 8, 18, 16, 20, 21, 32, 15, 24, 25, 26, 27, 28, 29, 30, 31, 22, 33, 36, 35, 39, 37, 38, 34]",2162,7.077347993850708
"[1, 12, 6, 3, 23, 5, 2, 7, 17, 9, 10, 11, 0, 13, 14, 4, 19, 8, 18, 16, 20, 21, 32, 15, 24, 25, 26, 27, 28, 29, 30, 31, 22, 33, 36, 35, 39, 37, 38, 34]",2162,"[1, 12, 6, 3, 23, 5, 2, 7, 17, 9, 10, 11, 0, 13, 14, 4, 19, 8, 18, 16, 20, 21, 32, 15, 24, 25, 26, 27, 28, 29, 30, 31, 22, 33, 36, 35, 39, 37, 38, 34]",2162,7.122852087020874
"[1, 12, 6, 3, 23, 5, 2, 7, 17, 9, 10, 11, 0, 13, 14, 4, 19, 8, 18, 16, 20, 21, 32, 15, 24, 25, 26, 27, 28, 29, 30, 31, 22, 33, 36, 35, 39, 37, 38, 34]",2162,"[1, 12, 6, 3, 23, 5, 2, 7, 17, 9, 10, 11, 0, 13, 14, 4, 19, 8, 18, 16, 20, 21, 32, 15, 24, 25, 26, 27, 28, 29, 30, 31, 22, 33, 36, 35, 39, 37, 38, 34]",2162,7.16775107383728
"[1, 12, 6, 3, 23, 5, 2, 7, 17, 9, 10, 11, 0, 13, 14, 4, 19, 8, 18, 16, 20, 21, 32, 15, 24, 25, 26, 27, 28, 29, 30, 31, 22, 33, 36, 35, 39, 37, 38, 34]",2162,"[1, 12, 6, 3, 23, 5, 2, 7, 17, 9, 10, 11, 0, 13, 14, 4, 19, 8, 18, 16, 20, 21, 32, 15, 24, 25, 26, 27, 28, 29, 30, 31, 22, 33, 36, 35, 39, 37, 38, 34]",2162,7.213684320449829
"[1, 12, 6, 3, 23, 5, 2, 7, 17, 9, 10, 11, 0, 13, 14, 4, 19, 8, 18, 16, 20, 21, 32, 15, 24, 25, 26, 27, 28, 29, 30, 31, 22, 33, 36, 35, 39, 37, 38, 34]",2162,"[1, 12, 6, 3, 23, 5, 2, 7, 17, 9, 10, 11, 0, 13, 14, 4, 19, 8, 18, 16, 20, 21, 32, 15, 24, 25, 26, 27, 28, 29, 30, 31, 22, 33, 36, 35, 39, 37, 38, 34]",2162,7.259514093399048
"[1, 12, 6, 3, 23, 5, 2, 7, 17, 9, 10, 11, 0, 13, 14, 4, 19, 8, 18, 16, 20, 21, 32, 15, 24, 25, 26, 27, 28, 29, 30, 31, 22, 33, 36, 35, 39, 37, 38, 34]",2162,"[1, 12, 6, 3, 23, 5, 2, 7, 17, 9, 10, 11, 0, 13, 14, 4, 19, 8, 18, 16, 20, 21, 32, 15, 24, 25, 26, 27, 28, 29, 30, 31, 22, 33, 36, 35, 39, 37, 38, 34]",2162,7.305845022201538
"[1, 12, 6, 3, 23, 5, 2, 7, 17, 9, 10, 11, 0, 13, 14, 4, 19, 8, 18, 16, 20, 21, 32, 15, 24, 25, 26, 27, 28, 29, 30, 31, 22, 33, 36, 35, 39, 37, 38, 34]",2162,"[1, 12, 6, 3, 23, 5, 2, 7, 17, 9, 10, 11, 0, 13, 14, 4, 19, 8, 18, 16, 20, 21, 32, 15, 24, 25, 26, 27, 28, 29, 30, 31, 22, 33, 36, 35, 39, 37, 38, 34]",2162,7.351057052612305
"[1, 12, 6, 3, 23, 5, 2, 7, 17, 9, 10, 11, 0, 13, 14, 4, 19, 8, 18, 16, 20, 21, 32, 15, 24, 25, 26, 27, 28, 29, 30, 31, 22, 33, 36, 35, 39, 37, 38, 34]",2162,"[1, 12, 6, 3, 23, 5, 2, 7, 17, 9, 10, 11, 0, 13, 14, 4, 19, 8, 18, 16, 20, 21, 32, 15, 24, 25, 26, 27, 28, 29, 30, 31, 22, 33, 36, 35, 39, 37, 38, 34]",2162,7.39574408531189
"[1, 12, 6, 3, 23, 5, 2, 7, 17, 9, 10, 11, 0, 13, 14, 4, 19, 8, 18, 16, 20, 21, 32, 15, 24, 25, 26, 27, 28, 29, 30, 31, 22, 33, 36, 35, 39, 37, 38, 34]",2162,"[1, 12, 6, 3, 23, 5, 2, 7, 17, 9, 10, 11, 0, 13, 14, 4, 19, 8, 18, 16, 20, 21, 32, 15, 24, 25, 26, 27, 28, 29, 30, 31, 22, 33, 36, 35, 39, 37, 38, 34]",2162,7.4399542808532715
"[1, 12, 6, 3, 23, 5, 2, 7, 17, 9, 10, 11, 0, 13, 14, 4, 19, 8, 18, 16, 20, 21, 32, 15, 24, 25, 26, 27, 28, 29, 30, 31, 22, 33, 36, 35, 39, 37, 38, 34]",2162,"[1, 12, 6, 3, 23, 5, 2, 7, 17, 9, 10, 11, 0, 13, 14, 4, 19, 8, 18, 16, 20, 21, 32, 15, 24, 25, 26, 27, 28, 29, 30, 31, 22, 33, 36, 35, 39, 37, 38, 34]",2162,7.485198020935059
"[1, 12, 6, 3, 23, 5, 2, 7, 17, 9, 10, 11, 0, 13, 14, 4, 19, 8, 18, 16, 20, 21, 32, 15, 24, 25, 26, 27, 28, 29, 30, 31, 22, 33, 36, 35, 39, 37, 38, 34]",2162,"[1, 12, 6, 3, 23, 5, 2, 7, 17, 9, 10, 11, 0, 13, 14, 4, 19, 8, 18, 16, 20, 21, 32, 15, 24, 25, 26, 27, 28, 29, 30, 31, 22, 33, 36, 35, 39, 37, 38, 34]",2162,7.5315539836883545
"[1, 12, 6, 3, 23, 5, 2, 7, 17, 9, 10, 11, 0, 13, 14, 4, 19, 8, 18, 16, 20, 21, 32, 15, 24, 25, 26, 27, 28, 29, 30, 31, 22, 33, 36, 35, 39, 37, 38, 34]",2162,"[1, 12, 6, 3, 23, 5, 2, 7, 17, 9, 10, 11, 0, 13, 14, 4, 19, 8, 18, 16, 20, 21, 32, 15, 24, 25, 26, 27, 28, 29, 30, 31, 22, 33, 36, 35, 39, 37, 38, 34]",2162,7.576205015182495
"[1, 12, 6, 3, 23, 5, 2, 7, 17, 9, 10, 11, 0, 13, 14, 4, 19, 8, 18, 16, 20, 21, 32, 15, 24, 25, 26, 27, 28, 29, 30, 31, 22, 33, 36, 35, 39, 37, 38, 34]",2162,"[1, 12, 6, 3, 23, 5, 2, 7, 17, 9, 10, 11, 0, 13, 14, 4, 19, 8, 18, 16, 20, 21, 32, 15, 24, 25, 26, 27, 28, 29, 30, 31, 22, 33, 36, 35, 39, 37, 38, 34]",2162,7.621408939361572
"[1, 12, 6, 3, 23, 5, 2, 7, 17, 9, 10, 11, 0, 13, 14, 4, 19, 8, 18, 16, 20, 21, 32, 15, 24, 25, 26, 27, 28, 29, 30, 31, 22, 33, 36, 35, 39, 37, 38, 34]",2162,"[1, 12, 6, 3, 23, 5, 2, 7, 17, 9, 10, 11, 0, 13, 14, 4, 19, 8, 18, 16, 20, 21, 32, 15, 24, 25, 26, 27, 28, 29, 30, 31, 22, 33, 36, 35, 39, 37, 38, 34]",2162,7.666795969009399
"[1, 12, 6, 3, 23, 5, 2, 7, 17, 9, 10, 11, 18, 13, 14, 4, 19, 8, 0, 16, 20, 21, 32, 15, 24, 25, 26, 27, 28, 29, 30, 31, 22, 33, 36, 35, 39, 37, 38, 34]",2149,"[1, 12, 6, 3, 23, 5, 2, 7, 17, 9, 10, 11, 18, 13, 14, 4, 19, 8, 0, 16, 20, 21, 32, 15, 24, 25, 26, 27, 28, 29, 30, 31, 22, 33, 36, 35, 39, 37, 38, 34]",2149,7.711214065551758
"[1, 12, 6, 3, 23, 5, 2, 7, 17, 9, 10, 11, 18, 13, 14, 4, 19, 8, 0, 16, 20, 21, 32, 15, 24, 25, 26, 27, 28, 29, 30, 31, 22, 33, 36, 35, 39, 37, 38, 34]",2149,"[1, 12, 6, 3, 23, 5, 2, 7, 17, 9, 10, 11, 18, 13, 14, 4, 19, 8, 0, 16, 20, 21, 32, 15, 24, 25, 26, 27, 28, 29, 30, 31, 22, 33, 36, 35, 39, 37, 38, 34]",2149,7.756104230880737
"[1, 12, 6, 3, 23, 5, 2, 7, 17, 9, 10, 11, 18, 13, 14, 4, 19, 8, 0, 16, 20, 21, 32, 15, 24, 25, 26, 27, 28, 29, 30, 31, 22, 33, 36, 35, 39, 37, 38, 34]",2149,"[1, 12, 6, 3, 23, 5, 2, 7, 17, 9, 10, 11, 18, 13, 14, 4, 19, 8, 0, 16, 20, 21, 32, 15, 24, 25, 26, 27, 28, 29, 30, 31, 22, 33, 36, 35, 39, 37, 38, 34]",2149,7.801263093948364
"[1, 12, 6, 3, 23, 5, 2, 7, 17, 9, 10, 11, 18, 13, 14, 4, 19, 8, 0, 16, 20, 21, 32, 15, 24, 25, 26, 27, 28, 29, 30, 31, 22, 33, 36, 35, 39, 37, 38, 34]",2149,"[1, 12, 6, 3, 23, 5, 2, 7, 17, 9, 10, 11, 18, 13, 14, 4, 19, 8, 0, 16, 20, 21, 32, 15, 24, 25, 26, 27, 28, 29, 30, 31, 22, 33, 36, 35, 39, 37, 38, 34]",2149,7.84815526008606
"[1, 12, 6, 3, 23, 5, 2, 7, 17, 9, 10, 11, 18, 13, 14, 4, 19, 8, 0, 16, 20, 21, 32, 15, 24, 25, 26, 27, 28, 29, 30, 31, 22, 33, 36, 35, 39, 37, 38, 34]",2149,"[1, 12, 6, 3, 23, 5, 2, 7, 17, 9, 10, 11, 18, 13, 14, 4, 19, 8, 0, 16, 20, 21, 32, 15, 24, 25, 26, 27, 28, 29, 30, 31, 22, 33, 36, 35, 39, 37, 38, 34]",2149,7.893034934997559
"[1, 12, 6, 3, 23, 5, 2, 7, 17, 9, 10, 11, 18, 13, 14, 4, 19, 8, 0, 16, 20, 21, 32, 15, 24, 25, 26, 27, 28, 29, 30, 31, 22, 33, 36, 35, 39, 37, 38, 34]",2149,"[1, 12, 6, 3, 23, 5, 2, 7, 17, 9, 10, 11, 18, 13, 14, 4, 19, 8, 0, 16, 20, 21, 32, 15, 24, 25, 26, 27, 28, 29, 30, 31, 22, 33, 36, 35, 39, 37, 38, 34]",2149,7.938435077667236
"[1, 12, 6, 3, 23, 5, 2, 7, 17, 9, 10, 11, 18, 13, 14, 4, 19, 8, 0, 16, 20, 21, 32, 15, 24, 25, 26, 27, 28, 29, 30, 31, 22, 33, 36, 35, 39, 37, 38, 34]",2149,"[1, 12, 6, 3, 23, 5, 2, 7, 17, 9, 10, 11, 18, 13, 14, 4, 19, 8, 0, 16, 20, 21, 32, 15, 24, 25, 26, 27, 28, 29, 30, 31, 22, 33, 36, 35, 39, 37, 38, 34]",2149,7.98400616645813
"[1, 12, 6, 3, 23, 5, 2, 7, 17, 9, 10, 11, 18, 13, 14, 4, 19, 8, 0, 16, 20, 21, 32, 15, 24, 25, 26, 27, 28, 29, 30, 31, 22, 33, 36, 35, 39, 37, 38, 34]",2149,"[1, 12, 6, 3, 23, 5, 2, 7, 17, 9, 10, 11, 18, 13, 14, 4, 19, 8, 0, 16, 20, 21, 32, 15, 24, 25, 26, 27, 28, 29, 30, 31, 22, 33, 36, 35, 39, 37, 38, 34]",2149,8.030782222747803
"[1, 12, 6, 3, 23, 5, 2, 7, 17, 9, 10, 11, 18, 13, 14, 4, 19, 8, 0, 16, 20, 21, 32, 15, 24, 25, 26, 27, 28, 29, 30, 31, 22, 33, 36, 35, 39, 37, 38, 34]",2149,"[1, 12, 6, 3, 23, 5, 2, 7, 17, 9, 10, 11, 18, 13, 14, 4, 19, 8, 0, 16, 20, 21, 32, 15, 24, 25, 26, 27, 28, 29, 30, 31, 22, 33, 36, 35, 39, 37, 38, 34]",2149,8.075030088424683
"[1, 12, 6, 3, 23, 5, 2, 7, 17, 9, 10, 11, 18, 13, 14, 4, 19, 8, 0, 16, 20, 21, 32, 15, 24, 25, 26, 27, 28, 29, 30, 31, 22, 33, 36, 35, 39, 37, 38, 34]",2149,"[1, 12, 6, 3, 23, 5, 2, 7, 17, 9, 10, 11, 18, 13, 14, 4, 19, 8, 0, 16, 20, 21, 32, 15, 24, 25, 26, 27, 28, 29, 30, 31, 22, 33, 36, 35, 39, 37, 38, 34]",2149,8.120381116867065
"[1, 12, 6, 3, 23, 5, 2, 7, 17, 9, 10, 11, 18, 13, 14, 4, 19, 8, 0, 16, 20, 21, 32, 15, 24, 25, 26, 27, 28, 29, 30, 31, 22, 33, 36, 35, 39, 37, 38, 34]",2149,"[1, 12, 6, 3, 23, 5, 2, 7, 17, 9, 10, 11, 18, 13, 14, 4, 19, 8, 0, 16, 20, 21, 32, 15, 24, 25, 26, 27, 28, 29, 30, 31, 22, 33, 36, 35, 39, 37, 38, 34]",2149,8.166913032531738
"[1, 12, 6, 3, 23, 5, 2, 7, 17, 9, 10, 11, 18, 13, 14, 4, 19, 8, 0, 16, 20, 21, 32, 15, 24, 25, 26, 27, 28, 29, 30, 31, 22, 33, 36, 35, 39, 37, 38, 34]",2149,"[1, 12, 6, 3, 23, 5, 2, 7, 17, 9, 10, 11, 18, 13, 14, 4, 19, 8, 0, 16, 20, 21, 32, 15, 24, 25, 26, 27, 28, 29, 30, 31, 22, 33, 36, 35, 39, 37, 38, 34]",2149,8.21422815322876
"[1, 12, 6, 3, 23, 5, 2, 7, 17, 9, 10, 11, 18, 13, 14, 4, 19, 8, 0, 16, 20, 21, 32, 15, 24, 25, 26, 27, 28, 29, 30, 31, 22, 33, 36, 35, 39, 37, 38, 34]",2149,"[1, 12, 6, 3, 23, 5, 2, 7, 17, 9, 10, 11, 18, 13, 14, 4, 19, 8, 0, 16, 20, 21, 32, 15, 24, 25, 26, 27, 28, 29, 30, 31, 22, 33, 36, 35, 39, 37, 38, 34]",2149,8.261941909790039
"[1, 12, 6, 3, 23, 5, 2, 7, 17, 9, 10, 11, 18, 13, 14, 4, 19, 8, 0, 16, 20, 21, 32, 15, 24, 25, 26, 27, 28, 29, 30, 31, 22, 33, 36, 35, 39, 37, 38, 34]",2149,"[1, 12, 6, 3, 23, 5, 2, 7, 17, 9, 10, 11, 18, 13, 14, 4, 19, 8, 0, 16, 20, 21, 32, 15, 24, 25, 26, 27, 28, 29, 30, 31, 22, 33, 36, 35, 39, 37, 38, 34]",2149,8.308497190475464
"[1, 12, 6, 3, 23, 5, 2, 7, 17, 9, 10, 11, 18, 13, 14, 4, 19, 8, 0, 16, 20, 21, 32, 15, 24, 25, 26, 27, 28, 29, 30, 31, 22, 33, 36, 35, 39, 37, 38, 34]",2149,"[1, 12, 6, 3, 23, 5, 2, 7, 17, 9, 10, 11, 18, 13, 14, 4, 19, 8, 0, 16, 20, 21, 32, 15, 24, 25, 26, 27, 28, 29, 30, 31, 22, 33, 36, 35, 39, 37, 38, 34]",2149,8.354643106460571
"[1, 12, 6, 3, 23, 5, 2, 7, 17, 9, 10, 11, 18, 13, 14, 4, 19, 8, 0, 16, 20, 21, 32, 15, 24, 25, 26, 27, 28, 29, 30, 31, 22, 33, 36, 35, 39, 37, 38, 34]",2149,"[1, 12, 6, 3, 23, 5, 2, 7, 17, 9, 10, 11, 18, 13, 14, 4, 19, 8, 0, 16, 20, 21, 32, 15, 24, 25, 26, 27, 28, 29, 30, 31, 22, 33, 36, 35, 39, 37, 38, 34]",2149,8.400033950805664
"[1, 12, 6, 3, 23, 5, 2, 7, 17, 9, 10, 11, 18, 13, 14, 4, 19, 8, 0, 16, 20, 21, 32, 15, 24, 25, 26, 27, 28, 29, 30, 31, 22, 33, 36, 35, 39, 37, 38, 34]",2149,"[1, 12, 6, 3, 23, 5, 2, 7, 17, 9, 10, 11, 18, 13, 14, 4, 19, 8, 0, 16, 20, 21, 32, 15, 24, 25, 26, 27, 28, 29, 30, 31, 22, 33, 36, 35, 39, 37, 38, 34]",2149,8.445805072784424
"[1, 12, 6, 3, 23, 5, 2, 7, 17, 9, 10, 11, 18, 13, 14, 4, 19, 8, 0, 16, 20, 21, 32, 15, 24, 25, 26, 27, 28, 29, 30, 31, 22, 33, 36, 35, 39, 37, 38, 34]",2149,"[1, 12, 6, 3, 23, 5, 2, 7, 17, 9, 10, 11, 18, 13, 14, 4, 19, 8, 0, 16, 20, 21, 32, 15, 24, 25, 26, 27, 28, 29, 30, 31, 22, 33, 36, 35, 39, 37, 38, 34]",2149,8.49140191078186
"[1, 12, 6, 3, 23, 5, 2, 7, 17, 9, 10, 11, 18, 13, 14, 4, 19, 8, 0, 16, 20, 21, 32, 15, 24, 25, 26, 27, 28, 29, 30, 31, 22, 33, 36, 35, 39, 37, 38, 34]",2149,"[1, 12, 6, 3, 23, 5, 2, 7, 17, 9, 10, 11, 18, 13, 14, 4, 19, 8, 0, 16, 20, 21, 32, 15, 24, 25, 26, 27, 28, 29, 30, 31, 22, 33, 36, 35, 39, 37, 38, 34]",2149,8.538065195083618
"[1, 12, 6, 3, 23, 5, 2, 7, 17, 9, 10, 11, 18, 13, 14, 4, 19, 8, 0, 16, 20, 21, 32, 15, 24, 25, 26, 27, 28, 29, 30, 31, 22, 33, 36, 35, 39, 37, 38, 34]",2149,"[1, 12, 6, 3, 23, 5, 2, 7, 17, 9, 10, 11, 18, 13, 14, 4, 19, 8, 0, 16, 20, 21, 32, 15, 24, 25, 26, 27, 28, 29, 30, 31, 22, 33, 36, 35, 39, 37, 38, 34]",2149,8.60474419593811
"[1, 12, 6, 3, 23, 5, 2, 7, 17, 9, 10, 11, 18, 13, 14, 4, 19, 8, 0, 16, 20, 21, 32, 15, 24, 25, 26, 27, 28, 29, 30, 31, 22, 33, 36, 35, 39, 37, 38, 34]",2149,"[1, 12, 6, 3, 23, 5, 2, 7, 17, 9, 10, 11, 18, 13, 14, 4, 19, 8, 0, 16, 20, 21, 32, 15, 24, 25, 26, 27, 28, 29, 30, 31, 22, 33, 36, 35, 39, 37, 38, 34]",2149,8.65258526802063
"[1, 12, 6, 3, 23, 5, 2, 7, 17, 9, 10, 11, 18, 13, 14, 4, 19, 8, 0, 16, 20, 21, 32, 15, 24, 25, 26, 27, 28, 29, 30, 31, 22, 33, 36, 35, 39, 37, 38, 34]",2149,"[1, 12, 6, 3, 23, 5, 2, 7, 17, 9, 10, 11, 18, 13, 14, 4, 19, 8, 0, 16, 20, 21, 32, 15, 24, 25, 26, 27, 28, 29, 30, 31, 22, 33, 36, 35, 39, 37, 38, 34]",2149,8.700249195098877
"[1, 12, 6, 3, 23, 5, 2, 7, 17, 9, 10, 11, 18, 13, 14, 4, 19, 8, 0, 16, 20, 21, 32, 15, 24, 25, 26, 27, 28, 29, 30, 31, 22, 33, 36, 35, 39, 37, 38, 34]",2149,"[1, 12, 6, 3, 23, 5, 2, 7, 17, 9, 10, 11, 18, 13, 14, 4, 19, 8, 0, 16, 20, 21, 32, 15, 24, 25, 26, 27, 28, 29, 30, 31, 22, 33, 36, 35, 39, 37, 38, 34]",2149,8.747402906417847
"[1, 12, 6, 3, 23, 5, 2, 7, 17, 9, 10, 11, 18, 13, 14, 4, 19, 8, 0, 16, 20, 21, 32, 15, 24, 25, 26, 27, 28, 29, 30, 31, 22, 33, 36, 35, 39, 37, 38, 34]",2149,"[1, 12, 6, 3, 23, 5, 2, 7, 17, 9, 10, 11, 18, 13, 14, 4, 19, 8, 0, 16, 20, 21, 32, 15, 24, 25, 26, 27, 28, 29, 30, 31, 22, 33, 36, 35, 39, 37, 38, 34]",2149,8.79412293434143
"[1, 12, 6, 3, 23, 5, 2, 7, 17, 9, 10, 11, 18, 13, 14, 4, 19, 8, 0, 16, 20, 21, 32, 15, 24, 25, 26, 27, 28, 29, 30, 31, 22, 33, 36, 35, 39, 37, 38, 34]",2149,"[1, 12, 6, 3, 23, 5, 2, 7, 17, 9, 10, 11, 18, 13, 14, 4, 19, 8, 0, 16, 20, 21, 32, 15, 24, 25, 26, 27, 28, 29, 30, 31, 22, 33, 36, 35, 39, 37, 38, 34]",2149,8.841862201690674
"[1, 12, 6, 3, 23, 5, 2, 7, 17, 9, 10, 11, 18, 13, 14, 4, 19, 8, 0, 16, 20, 21, 32, 15, 24, 25, 26, 27, 28, 29, 30, 31, 22, 33, 36, 35, 39, 37, 38, 34]",2149,"[1, 12, 6, 3, 23, 5, 2, 7, 17, 9, 10, 11, 18, 13, 14, 4, 19, 8, 0, 16, 20, 21, 32, 15, 24, 25, 26, 27, 28, 29, 30, 31, 22, 33, 36, 35, 39, 37, 38, 34]",2149,8.891148090362549
"[1, 12, 6, 3, 23, 5, 2, 7, 17, 9, 10, 11, 18, 13, 14, 4, 19, 8, 0, 16, 20, 21, 32, 15, 24, 25, 26, 27, 28, 29, 30, 31, 22, 33, 36, 35, 39, 37, 38, 34]",2149,"[1, 12, 6, 3, 23, 5, 2, 7, 17, 9, 10, 11, 18, 13, 14, 4, 19, 8, 0, 16, 20, 21, 32, 15, 24, 25, 26, 27, 28, 29, 30, 31, 22, 33, 36, 35, 39, 37, 38, 34]",2149,8.939728021621704
"[1, 12, 6, 3, 23, 5, 2, 7, 17, 9, 10, 11, 18, 13, 14, 4, 19, 8, 0, 16, 20, 21, 32, 15, 24, 25, 26, 27, 28, 29, 30, 31, 22, 33, 36, 35, 39, 37, 38, 34]",2149,"[1, 12, 6, 3, 23, 5, 2, 7, 17, 9, 10, 11, 18, 13, 14, 4, 19, 8, 0, 16, 20, 21, 32, 15, 24, 25, 26, 27, 28, 29, 30, 31, 22, 33, 36, 35, 39, 37, 38, 34]",2149,8.986180067062378
"[1, 12, 6, 3, 23, 5, 2, 7, 17, 9, 10, 11, 18, 13, 14, 4, 19, 8, 0, 16, 20, 21, 32, 15, 24, 25, 26, 27, 28, 29, 30, 31, 22, 33, 36, 35, 39, 37, 38, 34]",2149,"[1, 12, 6, 3, 23, 5, 2, 7, 17, 9, 10, 11, 18, 13, 14, 4, 19, 8, 0, 16, 20, 21, 32, 15, 24, 25, 26, 27, 28, 29, 30, 31, 22, 33, 36, 35, 39, 37, 38, 34]",2149,9.033159255981445
"[1, 12, 6, 3, 23, 5, 2, 7, 17, 9, 10, 11, 18, 13, 14, 4, 19, 8, 0, 16, 20, 21, 32, 15, 24, 25, 26, 27, 28, 29, 30, 31, 22, 33, 36, 35, 39, 37, 38, 34]",2149,"[1, 12, 6, 3, 23, 5, 2, 7, 17, 9, 10, 11, 18, 13, 14, 4, 19, 8, 0, 16, 20, 21, 32, 15, 24, 25, 26, 27, 28, 29, 30, 31, 22, 33, 36, 35, 39, 37, 38, 34]",2149,9.078006982803345
"[1, 12, 6, 3, 23, 5, 2, 7, 17, 9, 10, 11, 18, 13, 14, 4, 19, 8, 0, 16, 20, 21, 32, 15, 24, 25, 26, 27, 28, 29, 30, 31, 22, 33, 36, 35, 39, 37, 38, 34]",2149,"[1, 12, 6, 3, 23, 5, 2, 7, 17, 9, 10, 11, 18, 13, 14, 4, 19, 8, 0, 16, 20, 21, 32, 15, 24, 25, 26, 27, 28, 29, 30, 31, 22, 33, 36, 35, 39, 37, 38, 34]",2149,9.123812198638916
"[1, 12, 6, 3, 23, 5, 2, 7, 17, 9, 10, 11, 18, 13, 14, 4, 19, 8, 0, 16, 20, 21, 32, 15, 24, 25, 26, 27, 28, 29, 30, 31, 22, 33, 36, 35, 39, 37, 38, 34]",2149,"[1, 12, 6, 3, 23, 5, 2, 7, 17, 9, 10, 11, 18, 13, 14, 4, 19, 8, 0, 16, 20, 21, 32, 15, 24, 25, 26, 27, 28, 29, 30, 31, 22, 33, 36, 35, 39, 37, 38, 34]",2149,9.168335199356079
"[1, 12, 6, 3, 23, 5, 2, 7, 17, 9, 10, 11, 18, 13, 14, 4, 19, 8, 0, 16, 20, 21, 32, 15, 24, 25, 26, 27, 28, 29, 30, 31, 22, 33, 36, 35, 39, 37, 38, 34]",2149,"[1, 12, 6, 3, 23, 5, 2, 7, 17, 9, 10, 11, 18, 13, 14, 4, 19, 8, 0, 16, 20, 21, 32, 15, 24, 25, 26, 27, 28, 29, 30, 31, 22, 33, 36, 35, 39, 37, 38, 34]",2149,9.227687120437622
"[1, 12, 6, 3, 23, 5, 2, 7, 17, 9, 10, 11, 18, 13, 14, 4, 19, 8, 0, 16, 20, 21, 32, 15, 24, 25, 26, 27, 28, 29, 30, 31, 22, 33, 36, 35, 39, 37, 38, 34]",2149,"[1, 12, 6, 3, 23, 5, 2, 7, 17, 9, 10, 11, 18, 13, 14, 4, 19, 8, 0, 16, 20, 21, 32, 15, 24, 25, 26, 27, 28, 29, 30, 31, 22, 33, 36, 35, 39, 37, 38, 34]",2149,9.274701118469238
"[1, 12, 6, 3, 23, 5, 2, 7, 17, 9, 10, 11, 18, 13, 14, 4, 19, 8, 0, 16, 20, 21, 32, 15, 24, 25, 26, 27, 28, 29, 30, 31, 22, 33, 36, 35, 39, 37, 38, 34]",2149,"[1, 12, 6, 3, 23, 5, 2, 7, 17, 9, 10, 11, 18, 13, 14, 4, 19, 8, 0, 16, 20, 21, 32, 15, 24, 25, 26, 27, 28, 29, 30, 31, 22, 33, 36, 35, 39, 37, 38, 34]",2149,9.320531129837036
"[1, 12, 6, 3, 23, 5, 2, 7, 17, 9, 10, 11, 18, 13, 14, 4, 19, 8, 0, 16, 20, 21, 32, 15, 24, 25, 26, 27, 28, 29, 30, 31, 22, 33, 36, 35, 39, 37, 38, 34]",2149,"[1, 12, 6, 3, 23, 5, 2, 7, 17, 9, 10, 11, 18, 13, 14, 4, 19, 8, 0, 16, 20, 21, 32, 15, 24, 25, 26, 27, 28, 29, 30, 31, 22, 33, 36, 35, 39, 37, 38, 34]",2149,9.368529081344604
"[1, 12, 6, 3, 23, 5, 2, 7, 17, 9, 10, 11, 18, 13, 14, 4, 19, 8, 0, 16, 20, 21, 32, 15, 24, 25, 26, 27, 28, 29, 30, 31, 22, 33, 36, 35, 39, 37, 38, 34]",2149,"[1, 12, 6, 3, 23, 5, 2, 7, 17, 9, 10, 11, 18, 13, 14, 4, 19, 8, 0, 16, 20, 21, 32, 15, 24, 25, 26, 27, 28, 29, 30, 31, 22, 33, 36, 35, 39, 37, 38, 34]",2149,9.41395115852356
