Sequence,Fitness,Best_sequence,Best_fitness,Time
"[0, 1, 2, 3, 4, 5, 6, 7, 8, 9, 10, 11, 12, 13, 14, 15, 16, 17, 18, 19, 20, 21, 22, 23, 24, 25, 26, 27, 28, 29, 30, 31, 32, 33, 34, 35, 36, 37, 38, 39]",4435,"[0, 1, 2, 3, 4, 5, 6, 7, 8, 9, 10, 11, 12, 13, 14, 15, 16, 17, 18, 19, 20, 21, 22, 23, 24, 25, 26, 27, 28, 29, 30, 31, 32, 33, 34, 35, 36, 37, 38, 39]",4435,2.47955322265625e-05
"[0, 1, 2, 3, 4, 5, 6, 7, 8, 9, 10, 11, 12, 13, 14, 15, 16, 17, 18, 19, 20, 21, 22, 23, 24, 25, 26, 27, 28, 29, 30, 31, 32, 33, 34, 35, 36, 37, 38, 39]",4435,"[0, 1, 2, 3, 4, 5, 6, 7, 8, 9, 10, 11, 12, 13, 14, 15, 16, 17, 18, 19, 20, 21, 22, 23, 24, 25, 26, 27, 28, 29, 30, 31, 32, 33, 34, 35, 36, 37, 38, 39]",4435,0.055194854736328125
"[0, 1, 2, 3, 4, 5, 6, 7, 8, 9, 10, 11, 12, 13, 14, 15, 16, 17, 18, 19, 20, 21, 22, 23, 24, 25, 26, 27, 28, 29, 30, 31, 32, 33, 34, 35, 36, 37, 38, 39]",4435,"[0, 1, 2, 3, 4, 5, 6, 7, 8, 9, 10, 11, 12, 13, 14, 15, 16, 17, 18, 19, 20, 21, 22, 23, 24, 25, 26, 27, 28, 29, 30, 31, 32, 33, 34, 35, 36, 37, 38, 39]",4435,0.11298584938049316
"[0, 1, 2, 3, 4, 5, 6, 7, 8, 9, 10, 11, 12, 13, 14, 15, 16, 17, 18, 19, 20, 21, 22, 23, 24, 25, 26, 27, 28, 29, 30, 31, 32, 33, 34, 35, 36, 37, 38, 39]",4435,"[0, 1, 2, 3, 4, 5, 6, 7, 8, 9, 10, 11, 12, 13, 14, 15, 16, 17, 18, 19, 20, 21, 22, 23, 24, 25, 26, 27, 28, 29, 30, 31, 32, 33, 34, 35, 36, 37, 38, 39]",4435,0.1696789264678955
"[0, 1, 2, 3, 4, 11, 6, 7, 8, 9, 10, 5, 12, 13, 14, 15, 16, 17, 18, 19, 20, 21, 22, 23, 24, 25, 26, 27, 28, 29, 30, 31, 32, 33, 34, 35, 36, 37, 38, 39]",4317,"[0, 1, 2, 3, 4, 11, 6, 7, 8, 9, 10, 5, 12, 13, 14, 15, 16, 17, 18, 19, 20, 21, 22, 23, 24, 25, 26, 27, 28, 29, 30, 31, 32, 33, 34, 35, 36, 37, 38, 39]",4317,0.22519612312316895
"[15, 1, 2, 3, 4, 11, 6, 7, 8, 9, 10, 5, 12, 13, 14, 0, 16, 17, 18, 19, 20, 21, 22, 23, 24, 25, 26, 27, 28, 29, 30, 31, 32, 33, 34, 35, 36, 37, 38, 39]",4236,"[15, 1, 2, 3, 4, 11, 6, 7, 8, 9, 10, 5, 12, 13, 14, 0, 16, 17, 18, 19, 20, 21, 22, 23, 24, 25, 26, 27, 28, 29, 30, 31, 32, 33, 34, 35, 36, 37, 38, 39]",4236,0.281480073928833
"[15, 16, 2, 3, 4, 11, 6, 7, 8, 9, 10, 5, 12, 13, 14, 0, 1, 17, 18, 19, 20, 21, 22, 23, 24, 25, 26, 27, 28, 29, 30, 31, 32, 33, 34, 35, 36, 37, 38, 39]",4173,"[15, 16, 2, 3, 4, 11, 6, 7, 8, 9, 10, 5, 12, 13, 14, 0, 1, 17, 18, 19, 20, 21, 22, 23, 24, 25, 26, 27, 28, 29, 30, 31, 32, 33, 34, 35, 36, 37, 38, 39]",4173,0.339008092880249
"[15, 16, 2, 3, 4, 11, 6, 12, 8, 9, 10, 5, 7, 13, 14, 0, 1, 17, 18, 19, 20, 21, 22, 23, 24, 25, 26, 27, 28, 29, 30, 31, 32, 33, 34, 35, 36, 37, 38, 39]",4163,"[15, 16, 2, 3, 4, 11, 6, 12, 8, 9, 10, 5, 7, 13, 14, 0, 1, 17, 18, 19, 20, 21, 22, 23, 24, 25, 26, 27, 28, 29, 30, 31, 32, 33, 34, 35, 36, 37, 38, 39]",4163,0.39553213119506836
"[15, 16, 2, 3, 4, 11, 6, 12, 8, 9, 10, 5, 7, 13, 14, 0, 1, 17, 18, 19, 20, 21, 22, 23, 24, 25, 26, 27, 28, 29, 30, 31, 32, 33, 34, 35, 36, 37, 38, 39]",4163,"[15, 16, 2, 3, 4, 11, 6, 12, 8, 9, 10, 5, 7, 13, 14, 0, 1, 17, 18, 19, 20, 21, 22, 23, 24, 25, 26, 27, 28, 29, 30, 31, 32, 33, 34, 35, 36, 37, 38, 39]",4163,0.4532959461212158
"[15, 16, 2, 3, 4, 11, 6, 12, 8, 9, 10, 5, 7, 13, 14, 0, 1, 17, 18, 19, 20, 21, 22, 23, 24, 25, 26, 27, 28, 29, 30, 31, 32, 33, 34, 35, 36, 37, 38, 39]",4163,"[15, 16, 2, 3, 4, 11, 6, 12, 8, 9, 10, 5, 7, 13, 14, 0, 1, 17, 18, 19, 20, 21, 22, 23, 24, 25, 26, 27, 28, 29, 30, 31, 32, 33, 34, 35, 36, 37, 38, 39]",4163,0.5097610950469971
"[15, 16, 2, 3, 4, 11, 6, 12, 8, 9, 10, 5, 7, 13, 14, 0, 1, 17, 18, 19, 20, 21, 22, 23, 24, 25, 26, 27, 28, 29, 30, 31, 32, 33, 34, 35, 36, 37, 38, 39]",4163,"[15, 16, 2, 3, 4, 11, 6, 12, 8, 9, 10, 5, 7, 13, 14, 0, 1, 17, 18, 19, 20, 21, 22, 23, 24, 25, 26, 27, 28, 29, 30, 31, 32, 33, 34, 35, 36, 37, 38, 39]",4163,0.5632469654083252
"[15, 16, 2, 3, 4, 11, 6, 12, 8, 9, 10, 5, 7, 13, 14, 0, 1, 17, 18, 19, 20, 21, 22, 23, 24, 25, 26, 27, 28, 29, 30, 31, 32, 33, 34, 35, 36, 37, 38, 39]",4163,"[15, 16, 2, 3, 4, 11, 6, 12, 8, 9, 10, 5, 7, 13, 14, 0, 1, 17, 18, 19, 20, 21, 22, 23, 24, 25, 26, 27, 28, 29, 30, 31, 32, 33, 34, 35, 36, 37, 38, 39]",4163,0.6174249649047852
"[15, 16, 2, 3, 4, 11, 6, 12, 8, 9, 10, 5, 7, 13, 14, 0, 1, 17, 18, 19, 20, 21, 22, 23, 24, 25, 26, 27, 28, 29, 30, 31, 32, 33, 34, 35, 36, 37, 38, 39]",4163,"[15, 16, 2, 3, 4, 11, 6, 12, 8, 9, 10, 5, 7, 13, 14, 0, 1, 17, 18, 19, 20, 21, 22, 23, 24, 25, 26, 27, 28, 29, 30, 31, 32, 33, 34, 35, 36, 37, 38, 39]",4163,0.6707179546356201
"[15, 16, 2, 3, 23, 11, 6, 12, 8, 9, 10, 5, 7, 13, 14, 0, 1, 17, 18, 19, 20, 21, 22, 4, 24, 25, 26, 27, 28, 29, 30, 31, 32, 33, 34, 35, 36, 37, 38, 39]",4122,"[15, 16, 2, 3, 23, 11, 6, 12, 8, 9, 10, 5, 7, 13, 14, 0, 1, 17, 18, 19, 20, 21, 22, 4, 24, 25, 26, 27, 28, 29, 30, 31, 32, 33, 34, 35, 36, 37, 38, 39]",4122,0.7247350215911865
"[15, 16, 2, 3, 23, 11, 6, 12, 8, 9, 10, 5, 7, 13, 14, 0, 1, 17, 18, 19, 20, 21, 22, 4, 24, 25, 26, 27, 28, 29, 30, 31, 32, 33, 34, 35, 36, 37, 38, 39]",4122,"[15, 16, 2, 3, 23, 11, 6, 12, 8, 9, 10, 5, 7, 13, 14, 0, 1, 17, 18, 19, 20, 21, 22, 4, 24, 25, 26, 27, 28, 29, 30, 31, 32, 33, 34, 35, 36, 37, 38, 39]",4122,0.7814080715179443
"[15, 16, 2, 3, 23, 11, 6, 12, 8, 9, 10, 5, 7, 13, 14, 0, 1, 17, 18, 19, 20, 21, 22, 4, 24, 25, 26, 27, 28, 29, 30, 31, 32, 33, 34, 35, 36, 37, 38, 39]",4122,"[15, 16, 2, 3, 23, 11, 6, 12, 8, 9, 10, 5, 7, 13, 14, 0, 1, 17, 18, 19, 20, 21, 22, 4, 24, 25, 26, 27, 28, 29, 30, 31, 32, 33, 34, 35, 36, 37, 38, 39]",4122,0.8391859531402588
"[15, 16, 2, 3, 23, 11, 6, 12, 8, 9, 10, 5, 7, 13, 14, 0, 1, 17, 18, 19, 20, 21, 22, 4, 24, 25, 26, 27, 28, 29, 30, 31, 32, 33, 34, 35, 36, 37, 38, 39]",4122,"[15, 16, 2, 3, 23, 11, 6, 12, 8, 9, 10, 5, 7, 13, 14, 0, 1, 17, 18, 19, 20, 21, 22, 4, 24, 25, 26, 27, 28, 29, 30, 31, 32, 33, 34, 35, 36, 37, 38, 39]",4122,0.8933570384979248
"[15, 16, 2, 3, 23, 11, 6, 12, 8, 9, 10, 5, 7, 13, 14, 0, 1, 17, 18, 19, 20, 21, 22, 4, 24, 25, 26, 27, 28, 29, 30, 31, 32, 33, 34, 35, 36, 37, 38, 39]",4122,"[15, 16, 2, 3, 23, 11, 6, 12, 8, 9, 10, 5, 7, 13, 14, 0, 1, 17, 18, 19, 20, 21, 22, 4, 24, 25, 26, 27, 28, 29, 30, 31, 32, 33, 34, 35, 36, 37, 38, 39]",4122,0.9480841159820557
"[16, 15, 2, 3, 23, 11, 6, 12, 8, 9, 10, 5, 7, 13, 14, 0, 1, 17, 18, 19, 20, 21, 22, 4, 24, 25, 26, 27, 28, 29, 30, 31, 32, 33, 34, 35, 36, 37, 38, 39]",4101,"[16, 15, 2, 3, 23, 11, 6, 12, 8, 9, 10, 5, 7, 13, 14, 0, 1, 17, 18, 19, 20, 21, 22, 4, 24, 25, 26, 27, 28, 29, 30, 31, 32, 33, 34, 35, 36, 37, 38, 39]",4101,1.0036261081695557
"[16, 15, 2, 3, 23, 11, 6, 12, 17, 9, 10, 5, 7, 13, 14, 0, 1, 8, 18, 19, 20, 21, 22, 4, 24, 25, 26, 27, 28, 29, 30, 31, 32, 33, 34, 35, 36, 37, 38, 39]",4099,"[16, 15, 2, 3, 23, 11, 6, 12, 17, 9, 10, 5, 7, 13, 14, 0, 1, 8, 18, 19, 20, 21, 22, 4, 24, 25, 26, 27, 28, 29, 30, 31, 32, 33, 34, 35, 36, 37, 38, 39]",4099,1.0585858821868896
"[16, 15, 2, 3, 23, 11, 6, 12, 17, 9, 10, 5, 7, 13, 14, 0, 1, 8, 18, 19, 20, 21, 22, 4, 24, 25, 26, 27, 28, 29, 30, 31, 32, 33, 34, 35, 36, 37, 38, 39]",4099,"[16, 15, 2, 3, 23, 11, 6, 12, 17, 9, 10, 5, 7, 13, 14, 0, 1, 8, 18, 19, 20, 21, 22, 4, 24, 25, 26, 27, 28, 29, 30, 31, 32, 33, 34, 35, 36, 37, 38, 39]",4099,1.1140491962432861
"[16, 15, 2, 3, 23, 11, 6, 12, 17, 9, 10, 5, 7, 13, 14, 0, 1, 8, 18, 19, 20, 21, 22, 4, 24, 25, 26, 27, 28, 29, 30, 31, 32, 33, 34, 35, 36, 37, 38, 39]",4099,"[16, 15, 2, 3, 23, 11, 6, 12, 17, 9, 10, 5, 7, 13, 14, 0, 1, 8, 18, 19, 20, 21, 22, 4, 24, 25, 26, 27, 28, 29, 30, 31, 32, 33, 34, 35, 36, 37, 38, 39]",4099,1.168945074081421
"[16, 15, 2, 3, 23, 11, 6, 12, 17, 9, 10, 5, 7, 13, 14, 0, 1, 8, 18, 19, 20, 21, 22, 4, 24, 25, 26, 27, 28, 29, 30, 31, 32, 33, 34, 35, 36, 37, 38, 39]",4099,"[16, 15, 2, 3, 23, 11, 6, 12, 17, 9, 10, 5, 7, 13, 14, 0, 1, 8, 18, 19, 20, 21, 22, 4, 24, 25, 26, 27, 28, 29, 30, 31, 32, 33, 34, 35, 36, 37, 38, 39]",4099,1.2251331806182861
"[16, 15, 2, 3, 23, 11, 6, 12, 17, 9, 10, 5, 7, 13, 14, 0, 1, 8, 18, 19, 20, 21, 22, 4, 24, 25, 26, 27, 28, 29, 30, 31, 32, 33, 34, 35, 36, 37, 38, 39]",4099,"[16, 15, 2, 3, 23, 11, 6, 12, 17, 9, 10, 5, 7, 13, 14, 0, 1, 8, 18, 19, 20, 21, 22, 4, 24, 25, 26, 27, 28, 29, 30, 31, 32, 33, 34, 35, 36, 37, 38, 39]",4099,1.2817339897155762
"[16, 15, 2, 3, 23, 11, 6, 12, 17, 9, 10, 5, 7, 13, 14, 0, 1, 8, 18, 19, 20, 21, 22, 4, 24, 25, 26, 27, 28, 29, 30, 31, 32, 33, 34, 35, 36, 37, 38, 39]",4099,"[16, 15, 2, 3, 23, 11, 6, 12, 17, 9, 10, 5, 7, 13, 14, 0, 1, 8, 18, 19, 20, 21, 22, 4, 24, 25, 26, 27, 28, 29, 30, 31, 32, 33, 34, 35, 36, 37, 38, 39]",4099,1.350843906402588
"[16, 15, 2, 3, 23, 11, 6, 12, 17, 9, 10, 5, 7, 13, 14, 0, 1, 8, 18, 19, 20, 21, 22, 4, 24, 25, 26, 27, 28, 29, 30, 31, 32, 33, 34, 35, 36, 37, 38, 39]",4099,"[16, 15, 2, 3, 23, 11, 6, 12, 17, 9, 10, 5, 7, 13, 14, 0, 1, 8, 18, 19, 20, 21, 22, 4, 24, 25, 26, 27, 28, 29, 30, 31, 32, 33, 34, 35, 36, 37, 38, 39]",4099,1.4059221744537354
"[16, 15, 2, 3, 23, 11, 6, 12, 17, 9, 10, 5, 7, 13, 14, 0, 1, 8, 18, 19, 20, 21, 22, 4, 24, 25, 26, 27, 28, 29, 30, 31, 32, 33, 34, 35, 36, 37, 38, 39]",4099,"[16, 15, 2, 3, 23, 11, 6, 12, 17, 9, 10, 5, 7, 13, 14, 0, 1, 8, 18, 19, 20, 21, 22, 4, 24, 25, 26, 27, 28, 29, 30, 31, 32, 33, 34, 35, 36, 37, 38, 39]",4099,1.4582509994506836
"[16, 15, 2, 3, 23, 11, 6, 12, 17, 9, 10, 5, 7, 13, 14, 0, 1, 8, 18, 19, 20, 21, 22, 4, 24, 25, 26, 27, 28, 29, 30, 31, 32, 33, 34, 35, 36, 37, 38, 39]",4099,"[16, 15, 2, 3, 23, 11, 6, 12, 17, 9, 10, 5, 7, 13, 14, 0, 1, 8, 18, 19, 20, 21, 22, 4, 24, 25, 26, 27, 28, 29, 30, 31, 32, 33, 34, 35, 36, 37, 38, 39]",4099,1.5099420547485352
"[16, 15, 2, 3, 23, 11, 6, 12, 17, 9, 10, 5, 7, 13, 14, 0, 1, 8, 18, 19, 20, 21, 22, 4, 24, 25, 26, 27, 28, 29, 30, 31, 32, 33, 34, 35, 36, 37, 38, 39]",4099,"[16, 15, 2, 3, 23, 11, 6, 12, 17, 9, 10, 5, 7, 13, 14, 0, 1, 8, 18, 19, 20, 21, 22, 4, 24, 25, 26, 27, 28, 29, 30, 31, 32, 33, 34, 35, 36, 37, 38, 39]",4099,1.5645010471343994
"[16, 15, 2, 3, 23, 11, 6, 12, 17, 9, 10, 5, 7, 13, 14, 0, 1, 8, 18, 19, 20, 21, 22, 4, 24, 25, 26, 27, 28, 29, 30, 31, 32, 33, 34, 35, 36, 37, 38, 39]",4099,"[16, 15, 2, 3, 23, 11, 6, 12, 17, 9, 10, 5, 7, 13, 14, 0, 1, 8, 18, 19, 20, 21, 22, 4, 24, 25, 26, 27, 28, 29, 30, 31, 32, 33, 34, 35, 36, 37, 38, 39]",4099,1.6191940307617188
"[16, 15, 2, 3, 23, 11, 6, 12, 17, 9, 10, 5, 7, 13, 14, 0, 1, 8, 18, 19, 20, 21, 22, 4, 24, 25, 26, 27, 28, 29, 30, 31, 32, 33, 34, 35, 36, 37, 38, 39]",4099,"[16, 15, 2, 3, 23, 11, 6, 12, 17, 9, 10, 5, 7, 13, 14, 0, 1, 8, 18, 19, 20, 21, 22, 4, 24, 25, 26, 27, 28, 29, 30, 31, 32, 33, 34, 35, 36, 37, 38, 39]",4099,1.674043893814087
"[16, 15, 2, 3, 23, 11, 6, 12, 17, 9, 10, 5, 7, 13, 14, 0, 1, 8, 18, 19, 20, 21, 22, 4, 24, 25, 26, 27, 28, 29, 30, 31, 32, 33, 34, 35, 36, 37, 38, 39]",4099,"[16, 15, 2, 3, 23, 11, 6, 12, 17, 9, 10, 5, 7, 13, 14, 0, 1, 8, 18, 19, 20, 21, 22, 4, 24, 25, 26, 27, 28, 29, 30, 31, 32, 33, 34, 35, 36, 37, 38, 39]",4099,1.7289421558380127
"[16, 15, 2, 3, 23, 11, 6, 12, 17, 22, 10, 5, 7, 13, 14, 0, 1, 8, 18, 19, 20, 21, 9, 4, 24, 25, 26, 27, 28, 29, 30, 31, 32, 33, 34, 35, 36, 37, 38, 39]",4045,"[16, 15, 2, 3, 23, 11, 6, 12, 17, 22, 10, 5, 7, 13, 14, 0, 1, 8, 18, 19, 20, 21, 9, 4, 24, 25, 26, 27, 28, 29, 30, 31, 32, 33, 34, 35, 36, 37, 38, 39]",4045,1.7846448421478271
"[16, 15, 2, 3, 23, 11, 6, 12, 17, 22, 10, 5, 7, 13, 14, 0, 1, 8, 18, 19, 20, 21, 9, 4, 24, 25, 26, 27, 28, 29, 30, 31, 32, 33, 34, 35, 36, 37, 38, 39]",4045,"[16, 15, 2, 3, 23, 11, 6, 12, 17, 22, 10, 5, 7, 13, 14, 0, 1, 8, 18, 19, 20, 21, 9, 4, 24, 25, 26, 27, 28, 29, 30, 31, 32, 33, 34, 35, 36, 37, 38, 39]",4045,1.8410580158233643
"[16, 15, 2, 3, 23, 11, 6, 12, 17, 22, 10, 5, 7, 13, 14, 0, 1, 8, 18, 19, 20, 21, 9, 4, 24, 25, 26, 27, 28, 29, 30, 31, 32, 33, 34, 35, 36, 37, 38, 39]",4045,"[16, 15, 2, 3, 23, 11, 6, 12, 17, 22, 10, 5, 7, 13, 14, 0, 1, 8, 18, 19, 20, 21, 9, 4, 24, 25, 26, 27, 28, 29, 30, 31, 32, 33, 34, 35, 36, 37, 38, 39]",4045,1.8952982425689697
"[16, 15, 2, 3, 23, 11, 6, 12, 17, 22, 10, 5, 7, 13, 14, 0, 1, 8, 18, 19, 20, 21, 9, 4, 24, 25, 26, 27, 28, 29, 30, 31, 32, 33, 34, 35, 36, 37, 38, 39]",4045,"[16, 15, 2, 3, 23, 11, 6, 12, 17, 22, 10, 5, 7, 13, 14, 0, 1, 8, 18, 19, 20, 21, 9, 4, 24, 25, 26, 27, 28, 29, 30, 31, 32, 33, 34, 35, 36, 37, 38, 39]",4045,1.9511399269104004
"[16, 15, 2, 3, 23, 11, 6, 12, 17, 22, 10, 5, 7, 13, 14, 0, 1, 8, 18, 19, 20, 21, 9, 4, 24, 25, 26, 27, 28, 29, 30, 31, 32, 33, 34, 35, 36, 37, 38, 39]",4045,"[16, 15, 2, 3, 23, 11, 6, 12, 17, 22, 10, 5, 7, 13, 14, 0, 1, 8, 18, 19, 20, 21, 9, 4, 24, 25, 26, 27, 28, 29, 30, 31, 32, 33, 34, 35, 36, 37, 38, 39]",4045,2.0045151710510254
"[16, 15, 2, 3, 23, 11, 6, 12, 17, 22, 10, 5, 7, 13, 14, 0, 1, 8, 18, 19, 20, 21, 9, 4, 24, 25, 26, 27, 28, 29, 30, 31, 32, 33, 34, 35, 36, 37, 38, 39]",4045,"[16, 15, 2, 3, 23, 11, 6, 12, 17, 22, 10, 5, 7, 13, 14, 0, 1, 8, 18, 19, 20, 21, 9, 4, 24, 25, 26, 27, 28, 29, 30, 31, 32, 33, 34, 35, 36, 37, 38, 39]",4045,2.0579910278320312
"[16, 15, 2, 3, 23, 11, 6, 12, 17, 22, 10, 5, 7, 13, 14, 0, 1, 8, 18, 19, 20, 21, 9, 4, 24, 25, 26, 27, 28, 29, 30, 31, 32, 33, 34, 35, 36, 37, 38, 39]",4045,"[16, 15, 2, 3, 23, 11, 6, 12, 17, 22, 10, 5, 7, 13, 14, 0, 1, 8, 18, 19, 20, 21, 9, 4, 24, 25, 26, 27, 28, 29, 30, 31, 32, 33, 34, 35, 36, 37, 38, 39]",4045,2.1118369102478027
"[16, 15, 2, 3, 23, 11, 6, 12, 17, 22, 10, 5, 7, 13, 14, 0, 1, 8, 18, 19, 20, 21, 9, 4, 24, 25, 26, 27, 28, 29, 30, 31, 32, 33, 34, 35, 36, 37, 38, 39]",4045,"[16, 15, 2, 3, 23, 11, 6, 12, 17, 22, 10, 5, 7, 13, 14, 0, 1, 8, 18, 19, 20, 21, 9, 4, 24, 25, 26, 27, 28, 29, 30, 31, 32, 33, 34, 35, 36, 37, 38, 39]",4045,2.1649889945983887
"[16, 15, 2, 3, 23, 11, 6, 12, 17, 22, 10, 5, 7, 13, 14, 0, 1, 8, 18, 19, 20, 21, 9, 4, 24, 25, 26, 27, 28, 29, 30, 31, 32, 33, 34, 35, 36, 37, 38, 39]",4045,"[16, 15, 2, 3, 23, 11, 6, 12, 17, 22, 10, 5, 7, 13, 14, 0, 1, 8, 18, 19, 20, 21, 9, 4, 24, 25, 26, 27, 28, 29, 30, 31, 32, 33, 34, 35, 36, 37, 38, 39]",4045,2.218231201171875
"[16, 15, 2, 3, 23, 11, 6, 12, 17, 22, 10, 5, 7, 13, 14, 0, 1, 8, 18, 19, 20, 21, 9, 4, 24, 25, 26, 27, 28, 29, 30, 31, 32, 33, 34, 35, 36, 37, 38, 39]",4045,"[16, 15, 2, 3, 23, 11, 6, 12, 17, 22, 10, 5, 7, 13, 14, 0, 1, 8, 18, 19, 20, 21, 9, 4, 24, 25, 26, 27, 28, 29, 30, 31, 32, 33, 34, 35, 36, 37, 38, 39]",4045,2.2709991931915283
"[16, 15, 2, 3, 23, 11, 6, 12, 17, 22, 10, 5, 7, 13, 14, 0, 1, 8, 18, 19, 20, 21, 9, 4, 24, 25, 26, 27, 28, 29, 30, 31, 32, 33, 34, 35, 36, 37, 38, 39]",4045,"[16, 15, 2, 3, 23, 11, 6, 12, 17, 22, 10, 5, 7, 13, 14, 0, 1, 8, 18, 19, 20, 21, 9, 4, 24, 25, 26, 27, 28, 29, 30, 31, 32, 33, 34, 35, 36, 37, 38, 39]",4045,2.324864149093628
"[16, 15, 2, 3, 23, 11, 6, 12, 17, 22, 10, 5, 7, 13, 14, 0, 1, 8, 18, 19, 20, 21, 9, 4, 24, 25, 26, 27, 28, 29, 30, 31, 32, 33, 34, 35, 36, 37, 38, 39]",4045,"[16, 15, 2, 3, 23, 11, 6, 12, 17, 22, 10, 5, 7, 13, 14, 0, 1, 8, 18, 19, 20, 21, 9, 4, 24, 25, 26, 27, 28, 29, 30, 31, 32, 33, 34, 35, 36, 37, 38, 39]",4045,2.3789360523223877
"[16, 15, 2, 3, 23, 11, 6, 12, 17, 22, 10, 5, 7, 13, 14, 0, 1, 8, 18, 19, 20, 21, 9, 4, 24, 25, 26, 27, 28, 29, 30, 31, 32, 33, 34, 35, 36, 37, 38, 39]",4045,"[16, 15, 2, 3, 23, 11, 6, 12, 17, 22, 10, 5, 7, 13, 14, 0, 1, 8, 18, 19, 20, 21, 9, 4, 24, 25, 26, 27, 28, 29, 30, 31, 32, 33, 34, 35, 36, 37, 38, 39]",4045,2.43257999420166
"[16, 15, 2, 3, 23, 11, 6, 12, 17, 22, 10, 5, 7, 13, 14, 0, 1, 8, 18, 19, 20, 21, 9, 4, 24, 25, 26, 27, 28, 29, 30, 31, 32, 33, 34, 35, 36, 37, 38, 39]",4045,"[16, 15, 2, 3, 23, 11, 6, 12, 17, 22, 10, 5, 7, 13, 14, 0, 1, 8, 18, 19, 20, 21, 9, 4, 24, 25, 26, 27, 28, 29, 30, 31, 32, 33, 34, 35, 36, 37, 38, 39]",4045,2.4879770278930664
"[16, 15, 2, 3, 23, 11, 13, 12, 17, 22, 10, 5, 7, 6, 14, 0, 1, 8, 18, 19, 20, 21, 9, 4, 24, 25, 26, 27, 28, 29, 30, 31, 32, 33, 34, 35, 36, 37, 38, 39]",4033,"[16, 15, 2, 3, 23, 11, 13, 12, 17, 22, 10, 5, 7, 6, 14, 0, 1, 8, 18, 19, 20, 21, 9, 4, 24, 25, 26, 27, 28, 29, 30, 31, 32, 33, 34, 35, 36, 37, 38, 39]",4033,2.5425851345062256
"[16, 15, 2, 3, 23, 11, 13, 12, 17, 22, 10, 5, 7, 6, 14, 0, 1, 8, 18, 19, 20, 21, 9, 4, 24, 25, 26, 27, 28, 29, 30, 31, 32, 33, 34, 35, 36, 37, 38, 39]",4033,"[16, 15, 2, 3, 23, 11, 13, 12, 17, 22, 10, 5, 7, 6, 14, 0, 1, 8, 18, 19, 20, 21, 9, 4, 24, 25, 26, 27, 28, 29, 30, 31, 32, 33, 34, 35, 36, 37, 38, 39]",4033,2.598179817199707
"[16, 15, 2, 3, 23, 11, 13, 12, 17, 22, 10, 5, 7, 6, 14, 0, 1, 8, 18, 19, 20, 21, 9, 4, 24, 25, 26, 27, 28, 29, 30, 31, 32, 33, 34, 35, 36, 37, 38, 39]",4033,"[16, 15, 2, 3, 23, 11, 13, 12, 17, 22, 10, 5, 7, 6, 14, 0, 1, 8, 18, 19, 20, 21, 9, 4, 24, 25, 26, 27, 28, 29, 30, 31, 32, 33, 34, 35, 36, 37, 38, 39]",4033,2.6529648303985596
"[16, 15, 2, 3, 23, 11, 13, 12, 17, 22, 10, 5, 7, 6, 14, 0, 1, 8, 18, 19, 20, 21, 9, 4, 24, 25, 26, 27, 28, 29, 30, 31, 32, 33, 34, 35, 36, 37, 38, 39]",4033,"[16, 15, 2, 3, 23, 11, 13, 12, 17, 22, 10, 5, 7, 6, 14, 0, 1, 8, 18, 19, 20, 21, 9, 4, 24, 25, 26, 27, 28, 29, 30, 31, 32, 33, 34, 35, 36, 37, 38, 39]",4033,2.7056169509887695
"[16, 15, 2, 3, 23, 11, 13, 12, 17, 22, 10, 5, 7, 6, 14, 0, 1, 8, 18, 19, 20, 21, 9, 4, 24, 25, 26, 27, 28, 29, 30, 31, 32, 33, 34, 35, 36, 37, 38, 39]",4033,"[16, 15, 2, 3, 23, 11, 13, 12, 17, 22, 10, 5, 7, 6, 14, 0, 1, 8, 18, 19, 20, 21, 9, 4, 24, 25, 26, 27, 28, 29, 30, 31, 32, 33, 34, 35, 36, 37, 38, 39]",4033,2.758390188217163
"[16, 15, 2, 3, 23, 11, 13, 12, 17, 22, 10, 5, 7, 6, 14, 0, 1, 8, 18, 19, 20, 21, 9, 4, 24, 25, 26, 27, 28, 29, 30, 31, 32, 33, 34, 35, 36, 37, 38, 39]",4033,"[16, 15, 2, 3, 23, 11, 13, 12, 17, 22, 10, 5, 7, 6, 14, 0, 1, 8, 18, 19, 20, 21, 9, 4, 24, 25, 26, 27, 28, 29, 30, 31, 32, 33, 34, 35, 36, 37, 38, 39]",4033,2.812808036804199
"[16, 15, 2, 3, 23, 11, 13, 12, 17, 22, 10, 5, 7, 6, 14, 0, 1, 8, 18, 19, 20, 21, 9, 4, 24, 25, 26, 27, 28, 29, 30, 31, 32, 33, 34, 35, 36, 37, 38, 39]",4033,"[16, 15, 2, 3, 23, 11, 13, 12, 17, 22, 10, 5, 7, 6, 14, 0, 1, 8, 18, 19, 20, 21, 9, 4, 24, 25, 26, 27, 28, 29, 30, 31, 32, 33, 34, 35, 36, 37, 38, 39]",4033,2.8661370277404785
"[16, 15, 2, 3, 23, 11, 13, 12, 17, 22, 10, 5, 7, 6, 14, 0, 1, 8, 18, 19, 20, 21, 9, 4, 24, 25, 26, 27, 28, 29, 30, 31, 32, 33, 34, 35, 36, 37, 38, 39]",4033,"[16, 15, 2, 3, 23, 11, 13, 12, 17, 22, 10, 5, 7, 6, 14, 0, 1, 8, 18, 19, 20, 21, 9, 4, 24, 25, 26, 27, 28, 29, 30, 31, 32, 33, 34, 35, 36, 37, 38, 39]",4033,2.9192309379577637
"[16, 15, 2, 3, 23, 11, 13, 12, 17, 22, 10, 5, 7, 6, 14, 0, 1, 8, 18, 19, 20, 21, 9, 4, 24, 25, 26, 27, 28, 29, 30, 31, 32, 33, 34, 35, 39, 37, 38, 36]",4020,"[16, 15, 2, 3, 23, 11, 13, 12, 17, 22, 10, 5, 7, 6, 14, 0, 1, 8, 18, 19, 20, 21, 9, 4, 24, 25, 26, 27, 28, 29, 30, 31, 32, 33, 34, 35, 39, 37, 38, 36]",4020,2.9721548557281494
"[16, 15, 2, 3, 23, 11, 13, 12, 17, 22, 10, 5, 7, 6, 14, 0, 1, 8, 18, 19, 20, 21, 9, 4, 24, 25, 26, 27, 28, 29, 30, 31, 32, 33, 34, 35, 39, 37, 38, 36]",4020,"[16, 15, 2, 3, 23, 11, 13, 12, 17, 22, 10, 5, 7, 6, 14, 0, 1, 8, 18, 19, 20, 21, 9, 4, 24, 25, 26, 27, 28, 29, 30, 31, 32, 33, 34, 35, 39, 37, 38, 36]",4020,3.024786949157715
"[16, 15, 2, 3, 23, 11, 13, 12, 17, 22, 10, 5, 7, 6, 14, 0, 1, 8, 18, 19, 20, 21, 9, 4, 24, 25, 26, 27, 28, 29, 30, 31, 32, 33, 34, 35, 39, 37, 38, 36]",4020,"[16, 15, 2, 3, 23, 11, 13, 12, 17, 22, 10, 5, 7, 6, 14, 0, 1, 8, 18, 19, 20, 21, 9, 4, 24, 25, 26, 27, 28, 29, 30, 31, 32, 33, 34, 35, 39, 37, 38, 36]",4020,3.078169822692871
"[16, 15, 2, 3, 23, 11, 13, 12, 17, 22, 10, 5, 7, 6, 14, 0, 1, 8, 18, 19, 20, 21, 9, 4, 24, 25, 26, 27, 28, 29, 30, 31, 32, 33, 34, 35, 39, 37, 38, 36]",4020,"[16, 15, 2, 3, 23, 11, 13, 12, 17, 22, 10, 5, 7, 6, 14, 0, 1, 8, 18, 19, 20, 21, 9, 4, 24, 25, 26, 27, 28, 29, 30, 31, 32, 33, 34, 35, 39, 37, 38, 36]",4020,3.131256103515625
"[16, 15, 2, 3, 23, 11, 13, 12, 17, 22, 10, 5, 7, 6, 14, 0, 1, 8, 18, 19, 20, 21, 9, 4, 24, 25, 26, 27, 28, 29, 30, 31, 32, 33, 34, 35, 39, 37, 38, 36]",4020,"[16, 15, 2, 3, 23, 11, 13, 12, 17, 22, 10, 5, 7, 6, 14, 0, 1, 8, 18, 19, 20, 21, 9, 4, 24, 25, 26, 27, 28, 29, 30, 31, 32, 33, 34, 35, 39, 37, 38, 36]",4020,3.1846730709075928
"[16, 15, 2, 3, 23, 11, 13, 12, 17, 22, 10, 5, 7, 6, 14, 0, 1, 8, 18, 19, 20, 21, 9, 4, 24, 25, 26, 27, 28, 29, 30, 31, 32, 33, 34, 35, 39, 37, 38, 36]",4020,"[16, 15, 2, 3, 23, 11, 13, 12, 17, 22, 10, 5, 7, 6, 14, 0, 1, 8, 18, 19, 20, 21, 9, 4, 24, 25, 26, 27, 28, 29, 30, 31, 32, 33, 34, 35, 39, 37, 38, 36]",4020,3.2387442588806152
"[16, 15, 2, 3, 23, 11, 13, 12, 17, 22, 10, 5, 7, 6, 14, 0, 1, 8, 18, 19, 20, 21, 9, 4, 24, 25, 26, 27, 28, 29, 30, 31, 32, 33, 34, 35, 39, 37, 38, 36]",4020,"[16, 15, 2, 3, 23, 11, 13, 12, 17, 22, 10, 5, 7, 6, 14, 0, 1, 8, 18, 19, 20, 21, 9, 4, 24, 25, 26, 27, 28, 29, 30, 31, 32, 33, 34, 35, 39, 37, 38, 36]",4020,3.2938480377197266
"[16, 15, 2, 3, 23, 11, 13, 12, 17, 22, 10, 5, 7, 6, 14, 0, 1, 8, 18, 19, 20, 21, 9, 4, 24, 25, 26, 27, 28, 29, 30, 31, 32, 33, 34, 35, 39, 37, 38, 36]",4020,"[16, 15, 2, 3, 23, 11, 13, 12, 17, 22, 10, 5, 7, 6, 14, 0, 1, 8, 18, 19, 20, 21, 9, 4, 24, 25, 26, 27, 28, 29, 30, 31, 32, 33, 34, 35, 39, 37, 38, 36]",4020,3.3486201763153076
"[16, 15, 2, 3, 23, 11, 13, 12, 17, 22, 10, 5, 7, 6, 14, 0, 1, 8, 18, 19, 20, 21, 9, 4, 24, 25, 26, 27, 28, 29, 30, 31, 32, 33, 34, 35, 39, 37, 38, 36]",4020,"[16, 15, 2, 3, 23, 11, 13, 12, 17, 22, 10, 5, 7, 6, 14, 0, 1, 8, 18, 19, 20, 21, 9, 4, 24, 25, 26, 27, 28, 29, 30, 31, 32, 33, 34, 35, 39, 37, 38, 36]",4020,3.4031171798706055
"[16, 15, 2, 3, 23, 11, 13, 12, 17, 22, 10, 5, 7, 6, 14, 0, 1, 8, 18, 19, 20, 21, 9, 4, 24, 25, 26, 27, 28, 29, 30, 31, 32, 33, 34, 35, 39, 37, 38, 36]",4020,"[16, 15, 2, 3, 23, 11, 13, 12, 17, 22, 10, 5, 7, 6, 14, 0, 1, 8, 18, 19, 20, 21, 9, 4, 24, 25, 26, 27, 28, 29, 30, 31, 32, 33, 34, 35, 39, 37, 38, 36]",4020,3.45819091796875
"[16, 15, 2, 3, 23, 11, 13, 12, 17, 22, 10, 5, 7, 6, 14, 0, 1, 8, 18, 19, 20, 21, 9, 4, 24, 25, 26, 27, 28, 29, 30, 31, 32, 33, 34, 35, 39, 37, 38, 36]",4020,"[16, 15, 2, 3, 23, 11, 13, 12, 17, 22, 10, 5, 7, 6, 14, 0, 1, 8, 18, 19, 20, 21, 9, 4, 24, 25, 26, 27, 28, 29, 30, 31, 32, 33, 34, 35, 39, 37, 38, 36]",4020,3.512392044067383
"[16, 15, 2, 3, 23, 11, 13, 12, 17, 22, 10, 5, 7, 6, 14, 0, 1, 8, 18, 19, 20, 21, 9, 4, 24, 25, 26, 27, 28, 29, 30, 31, 32, 33, 34, 35, 39, 37, 38, 36]",4020,"[16, 15, 2, 3, 23, 11, 13, 12, 17, 22, 10, 5, 7, 6, 14, 0, 1, 8, 18, 19, 20, 21, 9, 4, 24, 25, 26, 27, 28, 29, 30, 31, 32, 33, 34, 35, 39, 37, 38, 36]",4020,3.5676119327545166
"[16, 15, 2, 3, 23, 11, 13, 12, 17, 22, 10, 5, 7, 6, 14, 0, 1, 8, 18, 19, 20, 21, 9, 4, 24, 25, 26, 27, 28, 29, 30, 31, 32, 33, 34, 35, 39, 37, 38, 36]",4020,"[16, 15, 2, 3, 23, 11, 13, 12, 17, 22, 10, 5, 7, 6, 14, 0, 1, 8, 18, 19, 20, 21, 9, 4, 24, 25, 26, 27, 28, 29, 30, 31, 32, 33, 34, 35, 39, 37, 38, 36]",4020,3.6232750415802
"[16, 15, 2, 3, 23, 11, 13, 12, 17, 22, 10, 5, 7, 6, 14, 0, 1, 8, 18, 19, 20, 21, 9, 4, 24, 25, 26, 27, 28, 29, 30, 31, 32, 33, 34, 35, 39, 37, 38, 36]",4020,"[16, 15, 2, 3, 23, 11, 13, 12, 17, 22, 10, 5, 7, 6, 14, 0, 1, 8, 18, 19, 20, 21, 9, 4, 24, 25, 26, 27, 28, 29, 30, 31, 32, 33, 34, 35, 39, 37, 38, 36]",4020,3.676906108856201
"[16, 15, 2, 3, 23, 11, 13, 12, 17, 22, 10, 5, 7, 6, 14, 0, 1, 8, 18, 19, 20, 21, 9, 4, 24, 25, 26, 27, 28, 29, 30, 31, 32, 33, 34, 35, 39, 37, 38, 36]",4020,"[16, 15, 2, 3, 23, 11, 13, 12, 17, 22, 10, 5, 7, 6, 14, 0, 1, 8, 18, 19, 20, 21, 9, 4, 24, 25, 26, 27, 28, 29, 30, 31, 32, 33, 34, 35, 39, 37, 38, 36]",4020,3.7421741485595703
"[16, 15, 2, 3, 23, 11, 13, 12, 17, 22, 10, 5, 7, 6, 14, 0, 1, 8, 18, 19, 20, 21, 9, 4, 24, 25, 26, 27, 28, 29, 30, 31, 32, 33, 34, 35, 39, 37, 38, 36]",4020,"[16, 15, 2, 3, 23, 11, 13, 12, 17, 22, 10, 5, 7, 6, 14, 0, 1, 8, 18, 19, 20, 21, 9, 4, 24, 25, 26, 27, 28, 29, 30, 31, 32, 33, 34, 35, 39, 37, 38, 36]",4020,3.796600103378296
"[16, 15, 2, 3, 23, 11, 13, 12, 17, 22, 10, 5, 7, 6, 14, 0, 1, 8, 18, 19, 20, 21, 9, 4, 24, 25, 26, 27, 28, 29, 30, 31, 32, 33, 34, 35, 39, 37, 38, 36]",4020,"[16, 15, 2, 3, 23, 11, 13, 12, 17, 22, 10, 5, 7, 6, 14, 0, 1, 8, 18, 19, 20, 21, 9, 4, 24, 25, 26, 27, 28, 29, 30, 31, 32, 33, 34, 35, 39, 37, 38, 36]",4020,3.8501498699188232
"[16, 15, 2, 3, 23, 11, 13, 12, 17, 22, 10, 5, 7, 6, 14, 0, 1, 8, 18, 19, 20, 21, 9, 4, 24, 25, 26, 27, 28, 29, 30, 31, 32, 33, 34, 35, 39, 37, 38, 36]",4020,"[16, 15, 2, 3, 23, 11, 13, 12, 17, 22, 10, 5, 7, 6, 14, 0, 1, 8, 18, 19, 20, 21, 9, 4, 24, 25, 26, 27, 28, 29, 30, 31, 32, 33, 34, 35, 39, 37, 38, 36]",4020,3.9035420417785645
"[16, 15, 2, 3, 23, 11, 13, 12, 17, 22, 10, 5, 7, 6, 14, 0, 1, 20, 18, 19, 8, 21, 9, 4, 24, 25, 26, 27, 28, 29, 30, 31, 32, 33, 34, 35, 39, 37, 38, 36]",4001,"[16, 15, 2, 3, 23, 11, 13, 12, 17, 22, 10, 5, 7, 6, 14, 0, 1, 20, 18, 19, 8, 21, 9, 4, 24, 25, 26, 27, 28, 29, 30, 31, 32, 33, 34, 35, 39, 37, 38, 36]",4001,3.956176996231079
"[16, 15, 2, 3, 23, 11, 13, 12, 17, 22, 10, 5, 7, 6, 14, 0, 1, 20, 18, 19, 8, 21, 9, 4, 24, 25, 26, 27, 28, 29, 30, 31, 32, 33, 34, 35, 39, 37, 38, 36]",4001,"[16, 15, 2, 3, 23, 11, 13, 12, 17, 22, 10, 5, 7, 6, 14, 0, 1, 20, 18, 19, 8, 21, 9, 4, 24, 25, 26, 27, 28, 29, 30, 31, 32, 33, 34, 35, 39, 37, 38, 36]",4001,4.008739233016968
"[16, 15, 2, 3, 23, 11, 13, 12, 17, 22, 10, 5, 7, 6, 14, 0, 1, 20, 18, 19, 8, 21, 9, 4, 24, 25, 26, 27, 28, 29, 30, 31, 32, 33, 34, 35, 39, 37, 38, 36]",4001,"[16, 15, 2, 3, 23, 11, 13, 12, 17, 22, 10, 5, 7, 6, 14, 0, 1, 20, 18, 19, 8, 21, 9, 4, 24, 25, 26, 27, 28, 29, 30, 31, 32, 33, 34, 35, 39, 37, 38, 36]",4001,4.061369895935059
"[16, 15, 2, 3, 23, 11, 13, 12, 17, 22, 10, 5, 7, 6, 14, 0, 1, 20, 18, 19, 8, 21, 9, 4, 24, 25, 26, 27, 28, 29, 30, 31, 32, 33, 34, 35, 39, 37, 38, 36]",4001,"[16, 15, 2, 3, 23, 11, 13, 12, 17, 22, 10, 5, 7, 6, 14, 0, 1, 20, 18, 19, 8, 21, 9, 4, 24, 25, 26, 27, 28, 29, 30, 31, 32, 33, 34, 35, 39, 37, 38, 36]",4001,4.115094184875488
"[16, 15, 2, 3, 23, 11, 13, 12, 17, 22, 10, 5, 7, 6, 14, 0, 1, 20, 18, 19, 8, 21, 9, 4, 24, 32, 26, 27, 28, 29, 30, 31, 25, 33, 34, 35, 39, 37, 38, 36]",3956,"[16, 15, 2, 3, 23, 11, 13, 12, 17, 22, 10, 5, 7, 6, 14, 0, 1, 20, 18, 19, 8, 21, 9, 4, 24, 32, 26, 27, 28, 29, 30, 31, 25, 33, 34, 35, 39, 37, 38, 36]",3956,4.168123960494995
"[16, 15, 2, 3, 23, 11, 13, 12, 17, 22, 10, 5, 7, 6, 14, 0, 1, 20, 18, 19, 8, 21, 9, 4, 24, 32, 26, 27, 28, 29, 30, 31, 25, 33, 34, 35, 39, 37, 38, 36]",3956,"[16, 15, 2, 3, 23, 11, 13, 12, 17, 22, 10, 5, 7, 6, 14, 0, 1, 20, 18, 19, 8, 21, 9, 4, 24, 32, 26, 27, 28, 29, 30, 31, 25, 33, 34, 35, 39, 37, 38, 36]",3956,4.220953941345215
"[16, 15, 2, 3, 23, 11, 13, 12, 17, 22, 10, 5, 7, 6, 14, 0, 1, 20, 18, 19, 8, 21, 9, 4, 24, 32, 26, 27, 28, 29, 30, 31, 25, 33, 34, 35, 39, 37, 38, 36]",3956,"[16, 15, 2, 3, 23, 11, 13, 12, 17, 22, 10, 5, 7, 6, 14, 0, 1, 20, 18, 19, 8, 21, 9, 4, 24, 32, 26, 27, 28, 29, 30, 31, 25, 33, 34, 35, 39, 37, 38, 36]",3956,4.27388596534729
"[16, 15, 2, 3, 23, 11, 13, 12, 17, 22, 10, 5, 7, 6, 14, 0, 1, 20, 18, 19, 8, 21, 9, 4, 24, 32, 26, 27, 28, 29, 30, 31, 25, 33, 34, 35, 39, 37, 38, 36]",3956,"[16, 15, 2, 3, 23, 11, 13, 12, 17, 22, 10, 5, 7, 6, 14, 0, 1, 20, 18, 19, 8, 21, 9, 4, 24, 32, 26, 27, 28, 29, 30, 31, 25, 33, 34, 35, 39, 37, 38, 36]",3956,4.326427936553955
"[16, 15, 2, 3, 23, 11, 13, 12, 17, 22, 10, 5, 7, 6, 14, 0, 1, 20, 18, 19, 8, 21, 9, 4, 24, 32, 26, 27, 28, 29, 30, 31, 25, 33, 34, 35, 39, 37, 38, 36]",3956,"[16, 15, 2, 3, 23, 11, 13, 12, 17, 22, 10, 5, 7, 6, 14, 0, 1, 20, 18, 19, 8, 21, 9, 4, 24, 32, 26, 27, 28, 29, 30, 31, 25, 33, 34, 35, 39, 37, 38, 36]",3956,4.379227876663208
"[16, 15, 2, 3, 23, 11, 13, 12, 17, 22, 10, 5, 7, 6, 14, 0, 1, 20, 18, 19, 8, 21, 9, 4, 24, 32, 26, 27, 28, 29, 30, 31, 25, 33, 34, 35, 39, 37, 38, 36]",3956,"[16, 15, 2, 3, 23, 11, 13, 12, 17, 22, 10, 5, 7, 6, 14, 0, 1, 20, 18, 19, 8, 21, 9, 4, 24, 32, 26, 27, 28, 29, 30, 31, 25, 33, 34, 35, 39, 37, 38, 36]",3956,4.431190013885498
"[16, 15, 2, 3, 23, 11, 13, 12, 17, 22, 10, 5, 7, 6, 14, 0, 1, 20, 18, 19, 8, 21, 9, 4, 24, 32, 26, 27, 28, 29, 30, 31, 25, 33, 34, 35, 39, 37, 38, 36]",3956,"[16, 15, 2, 3, 23, 11, 13, 12, 17, 22, 10, 5, 7, 6, 14, 0, 1, 20, 18, 19, 8, 21, 9, 4, 24, 32, 26, 27, 28, 29, 30, 31, 25, 33, 34, 35, 39, 37, 38, 36]",3956,4.48416805267334
"[16, 15, 2, 3, 23, 11, 13, 12, 17, 22, 10, 5, 7, 6, 14, 0, 1, 20, 18, 19, 8, 21, 9, 4, 24, 32, 26, 27, 28, 29, 30, 31, 25, 33, 34, 35, 39, 37, 38, 36]",3956,"[16, 15, 2, 3, 23, 11, 13, 12, 17, 22, 10, 5, 7, 6, 14, 0, 1, 20, 18, 19, 8, 21, 9, 4, 24, 32, 26, 27, 28, 29, 30, 31, 25, 33, 34, 35, 39, 37, 38, 36]",3956,4.537098169326782
"[16, 15, 2, 3, 23, 11, 13, 12, 17, 22, 10, 5, 7, 6, 14, 0, 1, 20, 18, 19, 8, 21, 9, 4, 24, 32, 26, 27, 28, 29, 30, 31, 25, 33, 34, 35, 39, 37, 38, 36]",3956,"[16, 15, 2, 3, 23, 11, 13, 12, 17, 22, 10, 5, 7, 6, 14, 0, 1, 20, 18, 19, 8, 21, 9, 4, 24, 32, 26, 27, 28, 29, 30, 31, 25, 33, 34, 35, 39, 37, 38, 36]",3956,4.590130090713501
"[16, 15, 2, 3, 23, 11, 13, 12, 17, 22, 10, 5, 7, 6, 14, 0, 1, 20, 18, 19, 8, 21, 9, 4, 24, 32, 26, 27, 28, 29, 30, 31, 25, 33, 34, 35, 39, 37, 38, 36]",3956,"[16, 15, 2, 3, 23, 11, 13, 12, 17, 22, 10, 5, 7, 6, 14, 0, 1, 20, 18, 19, 8, 21, 9, 4, 24, 32, 26, 27, 28, 29, 30, 31, 25, 33, 34, 35, 39, 37, 38, 36]",3956,4.6465349197387695
"[16, 15, 2, 3, 23, 11, 13, 12, 17, 22, 10, 5, 7, 6, 14, 0, 1, 20, 18, 19, 8, 21, 9, 4, 24, 32, 26, 27, 28, 29, 30, 31, 25, 33, 34, 35, 39, 37, 38, 36]",3956,"[16, 15, 2, 3, 23, 11, 13, 12, 17, 22, 10, 5, 7, 6, 14, 0, 1, 20, 18, 19, 8, 21, 9, 4, 24, 32, 26, 27, 28, 29, 30, 31, 25, 33, 34, 35, 39, 37, 38, 36]",3956,4.702221155166626
"[16, 15, 2, 3, 23, 11, 13, 12, 17, 22, 10, 5, 7, 6, 14, 0, 1, 20, 18, 19, 8, 21, 9, 4, 24, 32, 26, 27, 28, 29, 30, 31, 25, 33, 34, 35, 39, 37, 38, 36]",3956,"[16, 15, 2, 3, 23, 11, 13, 12, 17, 22, 10, 5, 7, 6, 14, 0, 1, 20, 18, 19, 8, 21, 9, 4, 24, 32, 26, 27, 28, 29, 30, 31, 25, 33, 34, 35, 39, 37, 38, 36]",3956,4.756394147872925
"[16, 15, 2, 3, 23, 11, 13, 12, 17, 22, 10, 5, 7, 6, 14, 0, 1, 20, 18, 19, 8, 21, 9, 4, 24, 32, 26, 27, 28, 29, 30, 31, 25, 33, 34, 35, 39, 37, 38, 36]",3956,"[16, 15, 2, 3, 23, 11, 13, 12, 17, 22, 10, 5, 7, 6, 14, 0, 1, 20, 18, 19, 8, 21, 9, 4, 24, 32, 26, 27, 28, 29, 30, 31, 25, 33, 34, 35, 39, 37, 38, 36]",3956,4.80957818031311
"[16, 15, 2, 3, 23, 11, 13, 12, 17, 22, 10, 5, 7, 6, 14, 0, 1, 20, 18, 19, 8, 21, 9, 4, 24, 32, 26, 27, 28, 29, 30, 31, 25, 33, 34, 35, 39, 37, 38, 36]",3956,"[16, 15, 2, 3, 23, 11, 13, 12, 17, 22, 10, 5, 7, 6, 14, 0, 1, 20, 18, 19, 8, 21, 9, 4, 24, 32, 26, 27, 28, 29, 30, 31, 25, 33, 34, 35, 39, 37, 38, 36]",3956,4.862875938415527
"[16, 15, 3, 2, 23, 11, 13, 12, 17, 22, 10, 5, 7, 6, 14, 0, 1, 20, 18, 19, 8, 21, 9, 4, 24, 32, 26, 27, 28, 29, 30, 31, 25, 33, 34, 35, 39, 37, 38, 36]",3950,"[16, 15, 3, 2, 23, 11, 13, 12, 17, 22, 10, 5, 7, 6, 14, 0, 1, 20, 18, 19, 8, 21, 9, 4, 24, 32, 26, 27, 28, 29, 30, 31, 25, 33, 34, 35, 39, 37, 38, 36]",3950,4.916459083557129
"[16, 15, 3, 2, 23, 11, 13, 12, 17, 22, 10, 5, 7, 6, 14, 0, 1, 20, 18, 19, 8, 21, 9, 4, 24, 32, 26, 27, 28, 29, 30, 31, 25, 33, 34, 35, 39, 37, 38, 36]",3950,"[16, 15, 3, 2, 23, 11, 13, 12, 17, 22, 10, 5, 7, 6, 14, 0, 1, 20, 18, 19, 8, 21, 9, 4, 24, 32, 26, 27, 28, 29, 30, 31, 25, 33, 34, 35, 39, 37, 38, 36]",3950,4.969825029373169
"[16, 15, 3, 2, 23, 11, 13, 12, 17, 22, 10, 5, 7, 6, 14, 0, 1, 20, 18, 19, 8, 21, 9, 4, 24, 32, 26, 27, 28, 29, 30, 31, 25, 33, 34, 35, 39, 37, 38, 36]",3950,"[16, 15, 3, 2, 23, 11, 13, 12, 17, 22, 10, 5, 7, 6, 14, 0, 1, 20, 18, 19, 8, 21, 9, 4, 24, 32, 26, 27, 28, 29, 30, 31, 25, 33, 34, 35, 39, 37, 38, 36]",3950,5.0228071212768555
"[16, 15, 3, 2, 23, 11, 13, 12, 17, 22, 10, 5, 7, 6, 14, 0, 1, 20, 18, 19, 8, 21, 9, 4, 24, 32, 26, 27, 28, 29, 30, 31, 25, 33, 34, 35, 39, 37, 38, 36]",3950,"[16, 15, 3, 2, 23, 11, 13, 12, 17, 22, 10, 5, 7, 6, 14, 0, 1, 20, 18, 19, 8, 21, 9, 4, 24, 32, 26, 27, 28, 29, 30, 31, 25, 33, 34, 35, 39, 37, 38, 36]",3950,5.074235916137695
"[16, 15, 3, 2, 23, 11, 13, 12, 17, 22, 10, 5, 7, 6, 14, 0, 1, 20, 18, 19, 8, 21, 9, 4, 24, 32, 26, 27, 28, 29, 30, 31, 25, 33, 34, 35, 39, 37, 38, 36]",3950,"[16, 15, 3, 2, 23, 11, 13, 12, 17, 22, 10, 5, 7, 6, 14, 0, 1, 20, 18, 19, 8, 21, 9, 4, 24, 32, 26, 27, 28, 29, 30, 31, 25, 33, 34, 35, 39, 37, 38, 36]",3950,5.1275951862335205
"[16, 15, 3, 2, 23, 11, 13, 12, 17, 22, 10, 5, 7, 6, 14, 0, 1, 20, 18, 19, 8, 21, 9, 4, 24, 32, 26, 27, 28, 29, 30, 31, 25, 33, 34, 35, 39, 37, 38, 36]",3950,"[16, 15, 3, 2, 23, 11, 13, 12, 17, 22, 10, 5, 7, 6, 14, 0, 1, 20, 18, 19, 8, 21, 9, 4, 24, 32, 26, 27, 28, 29, 30, 31, 25, 33, 34, 35, 39, 37, 38, 36]",3950,5.180082082748413
"[16, 15, 3, 2, 23, 11, 13, 12, 17, 22, 10, 5, 7, 6, 14, 0, 1, 20, 18, 19, 8, 21, 9, 4, 24, 32, 26, 27, 28, 29, 30, 31, 25, 33, 34, 35, 39, 37, 38, 36]",3950,"[16, 15, 3, 2, 23, 11, 13, 12, 17, 22, 10, 5, 7, 6, 14, 0, 1, 20, 18, 19, 8, 21, 9, 4, 24, 32, 26, 27, 28, 29, 30, 31, 25, 33, 34, 35, 39, 37, 38, 36]",3950,5.233514070510864
"[16, 15, 3, 2, 23, 11, 13, 12, 17, 22, 10, 5, 7, 6, 14, 0, 1, 20, 18, 19, 8, 21, 9, 4, 24, 32, 26, 27, 28, 29, 30, 31, 25, 33, 34, 35, 39, 37, 38, 36]",3950,"[16, 15, 3, 2, 23, 11, 13, 12, 17, 22, 10, 5, 7, 6, 14, 0, 1, 20, 18, 19, 8, 21, 9, 4, 24, 32, 26, 27, 28, 29, 30, 31, 25, 33, 34, 35, 39, 37, 38, 36]",3950,5.286180019378662
"[16, 15, 3, 2, 23, 11, 13, 12, 17, 22, 10, 5, 7, 6, 14, 0, 1, 20, 18, 19, 8, 21, 9, 4, 24, 32, 26, 27, 28, 29, 30, 31, 25, 33, 34, 35, 39, 37, 38, 36]",3950,"[16, 15, 3, 2, 23, 11, 13, 12, 17, 22, 10, 5, 7, 6, 14, 0, 1, 20, 18, 19, 8, 21, 9, 4, 24, 32, 26, 27, 28, 29, 30, 31, 25, 33, 34, 35, 39, 37, 38, 36]",3950,5.33904504776001
"[16, 15, 3, 2, 23, 11, 13, 12, 17, 22, 10, 5, 7, 6, 14, 0, 1, 20, 18, 19, 8, 21, 9, 4, 24, 32, 26, 27, 28, 29, 30, 31, 25, 33, 34, 35, 39, 37, 38, 36]",3950,"[16, 15, 3, 2, 23, 11, 13, 12, 17, 22, 10, 5, 7, 6, 14, 0, 1, 20, 18, 19, 8, 21, 9, 4, 24, 32, 26, 27, 28, 29, 30, 31, 25, 33, 34, 35, 39, 37, 38, 36]",3950,5.391967058181763
"[16, 15, 3, 2, 23, 11, 13, 12, 17, 22, 10, 5, 7, 6, 14, 0, 1, 20, 18, 19, 8, 21, 9, 4, 24, 32, 26, 27, 28, 29, 30, 31, 35, 33, 34, 25, 39, 37, 38, 36]",3930,"[16, 15, 3, 2, 23, 11, 13, 12, 17, 22, 10, 5, 7, 6, 14, 0, 1, 20, 18, 19, 8, 21, 9, 4, 24, 32, 26, 27, 28, 29, 30, 31, 35, 33, 34, 25, 39, 37, 38, 36]",3930,5.444752931594849
"[16, 15, 3, 2, 23, 11, 13, 12, 17, 22, 10, 5, 7, 6, 14, 0, 1, 20, 18, 19, 8, 21, 9, 4, 24, 32, 26, 27, 28, 29, 30, 31, 35, 33, 34, 25, 39, 37, 38, 36]",3930,"[16, 15, 3, 2, 23, 11, 13, 12, 17, 22, 10, 5, 7, 6, 14, 0, 1, 20, 18, 19, 8, 21, 9, 4, 24, 32, 26, 27, 28, 29, 30, 31, 35, 33, 34, 25, 39, 37, 38, 36]",3930,5.497621059417725
"[16, 15, 3, 2, 23, 11, 13, 12, 17, 22, 10, 5, 7, 6, 14, 0, 1, 20, 18, 19, 8, 21, 9, 4, 24, 32, 26, 27, 28, 29, 30, 31, 35, 33, 34, 25, 39, 37, 38, 36]",3930,"[16, 15, 3, 2, 23, 11, 13, 12, 17, 22, 10, 5, 7, 6, 14, 0, 1, 20, 18, 19, 8, 21, 9, 4, 24, 32, 26, 27, 28, 29, 30, 31, 35, 33, 34, 25, 39, 37, 38, 36]",3930,5.548820972442627
"[16, 15, 3, 2, 23, 11, 13, 12, 17, 22, 10, 5, 7, 6, 14, 0, 1, 20, 18, 19, 8, 21, 9, 4, 24, 32, 26, 27, 28, 29, 30, 31, 35, 33, 34, 25, 39, 37, 38, 36]",3930,"[16, 15, 3, 2, 23, 11, 13, 12, 17, 22, 10, 5, 7, 6, 14, 0, 1, 20, 18, 19, 8, 21, 9, 4, 24, 32, 26, 27, 28, 29, 30, 31, 35, 33, 34, 25, 39, 37, 38, 36]",3930,5.601170063018799
"[16, 15, 3, 2, 23, 11, 13, 12, 17, 22, 10, 5, 7, 6, 14, 0, 1, 20, 18, 19, 8, 21, 9, 4, 24, 32, 26, 27, 28, 29, 30, 31, 35, 33, 34, 25, 39, 37, 38, 36]",3930,"[16, 15, 3, 2, 23, 11, 13, 12, 17, 22, 10, 5, 7, 6, 14, 0, 1, 20, 18, 19, 8, 21, 9, 4, 24, 32, 26, 27, 28, 29, 30, 31, 35, 33, 34, 25, 39, 37, 38, 36]",3930,5.655630826950073
"[16, 15, 3, 2, 23, 11, 13, 12, 17, 22, 10, 5, 7, 6, 14, 0, 1, 20, 18, 19, 8, 21, 9, 4, 24, 32, 26, 27, 28, 29, 30, 31, 35, 33, 34, 25, 39, 37, 38, 36]",3930,"[16, 15, 3, 2, 23, 11, 13, 12, 17, 22, 10, 5, 7, 6, 14, 0, 1, 20, 18, 19, 8, 21, 9, 4, 24, 32, 26, 27, 28, 29, 30, 31, 35, 33, 34, 25, 39, 37, 38, 36]",3930,5.709097146987915
"[16, 15, 3, 2, 23, 11, 13, 12, 17, 22, 10, 5, 7, 6, 14, 0, 1, 20, 18, 19, 8, 21, 9, 4, 24, 32, 26, 27, 28, 29, 30, 31, 35, 33, 34, 25, 39, 37, 38, 36]",3930,"[16, 15, 3, 2, 23, 11, 13, 12, 17, 22, 10, 5, 7, 6, 14, 0, 1, 20, 18, 19, 8, 21, 9, 4, 24, 32, 26, 27, 28, 29, 30, 31, 35, 33, 34, 25, 39, 37, 38, 36]",3930,5.761811017990112
"[16, 15, 3, 2, 23, 11, 13, 12, 17, 22, 10, 5, 7, 6, 14, 0, 1, 20, 18, 19, 8, 21, 9, 4, 24, 32, 26, 27, 28, 29, 30, 31, 35, 33, 34, 25, 39, 37, 38, 36]",3930,"[16, 15, 3, 2, 23, 11, 13, 12, 17, 22, 10, 5, 7, 6, 14, 0, 1, 20, 18, 19, 8, 21, 9, 4, 24, 32, 26, 27, 28, 29, 30, 31, 35, 33, 34, 25, 39, 37, 38, 36]",3930,5.814222097396851
"[16, 15, 3, 2, 23, 11, 13, 12, 17, 22, 10, 5, 7, 6, 14, 0, 1, 20, 18, 19, 8, 21, 9, 4, 24, 32, 26, 27, 28, 29, 30, 31, 35, 33, 34, 25, 39, 37, 38, 36]",3930,"[16, 15, 3, 2, 23, 11, 13, 12, 17, 22, 10, 5, 7, 6, 14, 0, 1, 20, 18, 19, 8, 21, 9, 4, 24, 32, 26, 27, 28, 29, 30, 31, 35, 33, 34, 25, 39, 37, 38, 36]",3930,5.86744499206543
"[16, 15, 3, 2, 23, 11, 13, 12, 17, 22, 10, 5, 7, 6, 14, 0, 1, 20, 18, 19, 8, 21, 9, 4, 24, 32, 26, 27, 28, 29, 30, 31, 35, 33, 34, 25, 39, 37, 38, 36]",3930,"[16, 15, 3, 2, 23, 11, 13, 12, 17, 22, 10, 5, 7, 6, 14, 0, 1, 20, 18, 19, 8, 21, 9, 4, 24, 32, 26, 27, 28, 29, 30, 31, 35, 33, 34, 25, 39, 37, 38, 36]",3930,5.92011022567749
"[16, 15, 3, 2, 23, 11, 13, 12, 17, 22, 10, 5, 7, 6, 14, 0, 1, 20, 18, 19, 8, 21, 9, 4, 24, 32, 26, 27, 28, 29, 30, 31, 35, 33, 34, 25, 39, 37, 38, 36]",3930,"[16, 15, 3, 2, 23, 11, 13, 12, 17, 22, 10, 5, 7, 6, 14, 0, 1, 20, 18, 19, 8, 21, 9, 4, 24, 32, 26, 27, 28, 29, 30, 31, 35, 33, 34, 25, 39, 37, 38, 36]",3930,5.974478244781494
"[16, 15, 3, 2, 23, 11, 13, 12, 17, 22, 10, 5, 7, 6, 14, 0, 1, 20, 18, 19, 8, 21, 9, 4, 24, 32, 26, 27, 28, 29, 30, 31, 35, 33, 34, 25, 39, 37, 38, 36]",3930,"[16, 15, 3, 2, 23, 11, 13, 12, 17, 22, 10, 5, 7, 6, 14, 0, 1, 20, 18, 19, 8, 21, 9, 4, 24, 32, 26, 27, 28, 29, 30, 31, 35, 33, 34, 25, 39, 37, 38, 36]",3930,6.03065824508667
"[16, 15, 3, 2, 23, 11, 13, 12, 17, 22, 10, 5, 7, 6, 14, 0, 1, 20, 18, 19, 8, 21, 9, 4, 24, 32, 26, 27, 28, 29, 30, 31, 35, 33, 34, 25, 39, 37, 38, 36]",3930,"[16, 15, 3, 2, 23, 11, 13, 12, 17, 22, 10, 5, 7, 6, 14, 0, 1, 20, 18, 19, 8, 21, 9, 4, 24, 32, 26, 27, 28, 29, 30, 31, 35, 33, 34, 25, 39, 37, 38, 36]",3930,6.098258018493652
"[16, 15, 3, 2, 23, 11, 13, 12, 17, 22, 10, 5, 7, 6, 14, 0, 1, 20, 18, 19, 8, 21, 9, 4, 24, 32, 26, 27, 28, 29, 30, 31, 35, 33, 34, 25, 39, 37, 38, 36]",3930,"[16, 15, 3, 2, 23, 11, 13, 12, 17, 22, 10, 5, 7, 6, 14, 0, 1, 20, 18, 19, 8, 21, 9, 4, 24, 32, 26, 27, 28, 29, 30, 31, 35, 33, 34, 25, 39, 37, 38, 36]",3930,6.153321981430054
"[16, 15, 3, 2, 23, 11, 13, 12, 17, 22, 10, 5, 7, 6, 14, 0, 1, 20, 18, 19, 8, 21, 9, 4, 24, 32, 26, 27, 28, 29, 38, 31, 35, 33, 34, 25, 39, 37, 30, 36]",3767,"[16, 15, 3, 2, 23, 11, 13, 12, 17, 22, 10, 5, 7, 6, 14, 0, 1, 20, 18, 19, 8, 21, 9, 4, 24, 32, 26, 27, 28, 29, 38, 31, 35, 33, 34, 25, 39, 37, 30, 36]",3767,6.204852104187012
"[16, 15, 3, 2, 23, 11, 13, 12, 17, 22, 10, 5, 7, 6, 14, 0, 1, 20, 18, 19, 8, 21, 9, 4, 24, 32, 26, 27, 28, 29, 38, 31, 35, 33, 34, 25, 39, 37, 30, 36]",3767,"[16, 15, 3, 2, 23, 11, 13, 12, 17, 22, 10, 5, 7, 6, 14, 0, 1, 20, 18, 19, 8, 21, 9, 4, 24, 32, 26, 27, 28, 29, 38, 31, 35, 33, 34, 25, 39, 37, 30, 36]",3767,6.256958961486816
"[16, 15, 3, 2, 23, 11, 13, 12, 17, 22, 10, 5, 7, 6, 14, 0, 1, 20, 18, 19, 8, 21, 9, 4, 24, 32, 26, 27, 28, 29, 38, 31, 35, 33, 34, 25, 39, 37, 30, 36]",3767,"[16, 15, 3, 2, 23, 11, 13, 12, 17, 22, 10, 5, 7, 6, 14, 0, 1, 20, 18, 19, 8, 21, 9, 4, 24, 32, 26, 27, 28, 29, 38, 31, 35, 33, 34, 25, 39, 37, 30, 36]",3767,6.309458017349243
"[16, 15, 3, 2, 23, 11, 13, 12, 17, 22, 10, 5, 7, 6, 14, 0, 1, 20, 18, 19, 8, 21, 9, 4, 24, 32, 26, 27, 28, 29, 38, 31, 35, 33, 34, 25, 39, 37, 30, 36]",3767,"[16, 15, 3, 2, 23, 11, 13, 12, 17, 22, 10, 5, 7, 6, 14, 0, 1, 20, 18, 19, 8, 21, 9, 4, 24, 32, 26, 27, 28, 29, 38, 31, 35, 33, 34, 25, 39, 37, 30, 36]",3767,6.361026048660278
"[16, 15, 3, 2, 23, 11, 13, 12, 17, 22, 10, 5, 7, 6, 14, 0, 1, 20, 18, 19, 8, 21, 9, 4, 24, 32, 26, 27, 28, 29, 38, 31, 35, 33, 34, 25, 39, 37, 30, 36]",3767,"[16, 15, 3, 2, 23, 11, 13, 12, 17, 22, 10, 5, 7, 6, 14, 0, 1, 20, 18, 19, 8, 21, 9, 4, 24, 32, 26, 27, 28, 29, 38, 31, 35, 33, 34, 25, 39, 37, 30, 36]",3767,6.415694952011108
"[16, 15, 3, 2, 23, 11, 13, 12, 17, 22, 10, 5, 7, 6, 14, 0, 1, 20, 18, 19, 8, 21, 9, 4, 24, 32, 26, 27, 28, 29, 38, 31, 35, 33, 34, 25, 39, 37, 30, 36]",3767,"[16, 15, 3, 2, 23, 11, 13, 12, 17, 22, 10, 5, 7, 6, 14, 0, 1, 20, 18, 19, 8, 21, 9, 4, 24, 32, 26, 27, 28, 29, 38, 31, 35, 33, 34, 25, 39, 37, 30, 36]",3767,6.470629930496216
"[16, 15, 3, 2, 23, 11, 13, 12, 17, 22, 10, 5, 7, 6, 14, 0, 1, 20, 18, 19, 8, 21, 9, 4, 24, 32, 26, 27, 28, 29, 38, 31, 35, 33, 34, 25, 39, 37, 30, 36]",3767,"[16, 15, 3, 2, 23, 11, 13, 12, 17, 22, 10, 5, 7, 6, 14, 0, 1, 20, 18, 19, 8, 21, 9, 4, 24, 32, 26, 27, 28, 29, 38, 31, 35, 33, 34, 25, 39, 37, 30, 36]",3767,6.52562403678894
"[16, 15, 3, 2, 23, 11, 13, 12, 17, 22, 10, 5, 7, 6, 14, 0, 1, 20, 18, 19, 8, 21, 9, 4, 24, 32, 26, 27, 28, 29, 38, 31, 35, 33, 34, 25, 39, 37, 30, 36]",3767,"[16, 15, 3, 2, 23, 11, 13, 12, 17, 22, 10, 5, 7, 6, 14, 0, 1, 20, 18, 19, 8, 21, 9, 4, 24, 32, 26, 27, 28, 29, 38, 31, 35, 33, 34, 25, 39, 37, 30, 36]",3767,6.580003976821899
"[16, 15, 3, 2, 23, 11, 13, 12, 17, 22, 10, 5, 7, 6, 14, 0, 1, 20, 18, 19, 8, 21, 9, 4, 24, 32, 26, 27, 28, 29, 38, 31, 35, 33, 34, 25, 39, 37, 30, 36]",3767,"[16, 15, 3, 2, 23, 11, 13, 12, 17, 22, 10, 5, 7, 6, 14, 0, 1, 20, 18, 19, 8, 21, 9, 4, 24, 32, 26, 27, 28, 29, 38, 31, 35, 33, 34, 25, 39, 37, 30, 36]",3767,6.634840965270996
"[16, 15, 3, 2, 23, 11, 13, 12, 17, 22, 10, 5, 7, 6, 14, 0, 1, 20, 18, 19, 8, 21, 9, 4, 24, 32, 26, 27, 28, 29, 38, 31, 35, 33, 34, 25, 39, 37, 30, 36]",3767,"[16, 15, 3, 2, 23, 11, 13, 12, 17, 22, 10, 5, 7, 6, 14, 0, 1, 20, 18, 19, 8, 21, 9, 4, 24, 32, 26, 27, 28, 29, 38, 31, 35, 33, 34, 25, 39, 37, 30, 36]",3767,6.689533948898315
"[16, 15, 3, 2, 23, 11, 13, 12, 17, 22, 10, 5, 7, 6, 14, 0, 1, 20, 18, 19, 8, 21, 9, 4, 24, 32, 26, 27, 28, 29, 38, 31, 35, 33, 34, 25, 39, 37, 30, 36]",3767,"[16, 15, 3, 2, 23, 11, 13, 12, 17, 22, 10, 5, 7, 6, 14, 0, 1, 20, 18, 19, 8, 21, 9, 4, 24, 32, 26, 27, 28, 29, 38, 31, 35, 33, 34, 25, 39, 37, 30, 36]",3767,6.743195056915283
"[16, 15, 3, 2, 23, 11, 13, 12, 17, 22, 10, 5, 7, 6, 14, 0, 1, 20, 18, 19, 8, 21, 9, 4, 24, 32, 26, 27, 28, 29, 38, 31, 35, 33, 34, 25, 39, 37, 30, 36]",3767,"[16, 15, 3, 2, 23, 11, 13, 12, 17, 22, 10, 5, 7, 6, 14, 0, 1, 20, 18, 19, 8, 21, 9, 4, 24, 32, 26, 27, 28, 29, 38, 31, 35, 33, 34, 25, 39, 37, 30, 36]",3767,6.795982837677002
"[16, 15, 3, 2, 23, 11, 13, 12, 17, 22, 10, 5, 7, 6, 14, 0, 1, 20, 18, 19, 8, 21, 9, 4, 24, 32, 26, 27, 28, 29, 38, 31, 35, 33, 34, 25, 39, 37, 30, 36]",3767,"[16, 15, 3, 2, 23, 11, 13, 12, 17, 22, 10, 5, 7, 6, 14, 0, 1, 20, 18, 19, 8, 21, 9, 4, 24, 32, 26, 27, 28, 29, 38, 31, 35, 33, 34, 25, 39, 37, 30, 36]",3767,6.8491129875183105
"[16, 15, 3, 2, 23, 11, 13, 12, 17, 22, 10, 5, 7, 6, 14, 0, 1, 20, 18, 19, 8, 21, 9, 4, 24, 32, 26, 27, 28, 29, 38, 31, 35, 33, 34, 25, 39, 37, 30, 36]",3767,"[16, 15, 3, 2, 23, 11, 13, 12, 17, 22, 10, 5, 7, 6, 14, 0, 1, 20, 18, 19, 8, 21, 9, 4, 24, 32, 26, 27, 28, 29, 38, 31, 35, 33, 34, 25, 39, 37, 30, 36]",3767,6.901462078094482
"[16, 15, 3, 2, 23, 11, 13, 12, 17, 22, 10, 5, 7, 6, 14, 0, 1, 20, 18, 19, 8, 21, 9, 4, 24, 32, 26, 27, 28, 29, 38, 31, 35, 33, 34, 25, 39, 37, 30, 36]",3767,"[16, 15, 3, 2, 23, 11, 13, 12, 17, 22, 10, 5, 7, 6, 14, 0, 1, 20, 18, 19, 8, 21, 9, 4, 24, 32, 26, 27, 28, 29, 38, 31, 35, 33, 34, 25, 39, 37, 30, 36]",3767,6.954077959060669
"[16, 15, 3, 2, 23, 11, 13, 12, 17, 22, 10, 5, 7, 6, 14, 0, 1, 20, 18, 19, 8, 21, 9, 4, 24, 32, 26, 27, 28, 29, 38, 31, 35, 33, 34, 25, 39, 37, 30, 36]",3767,"[16, 15, 3, 2, 23, 11, 13, 12, 17, 22, 10, 5, 7, 6, 14, 0, 1, 20, 18, 19, 8, 21, 9, 4, 24, 32, 26, 27, 28, 29, 38, 31, 35, 33, 34, 25, 39, 37, 30, 36]",3767,7.006551027297974
"[16, 15, 3, 2, 23, 11, 13, 12, 17, 22, 10, 5, 7, 6, 14, 0, 1, 20, 18, 19, 8, 21, 9, 4, 24, 32, 26, 27, 28, 29, 38, 31, 35, 33, 34, 25, 39, 37, 30, 36]",3767,"[16, 15, 3, 2, 23, 11, 13, 12, 17, 22, 10, 5, 7, 6, 14, 0, 1, 20, 18, 19, 8, 21, 9, 4, 24, 32, 26, 27, 28, 29, 38, 31, 35, 33, 34, 25, 39, 37, 30, 36]",3767,7.058516025543213
"[16, 15, 3, 2, 23, 11, 13, 12, 17, 22, 10, 5, 7, 6, 14, 0, 1, 20, 18, 19, 8, 21, 9, 4, 24, 32, 26, 27, 28, 29, 38, 31, 35, 33, 34, 25, 39, 37, 30, 36]",3767,"[16, 15, 3, 2, 23, 11, 13, 12, 17, 22, 10, 5, 7, 6, 14, 0, 1, 20, 18, 19, 8, 21, 9, 4, 24, 32, 26, 27, 28, 29, 38, 31, 35, 33, 34, 25, 39, 37, 30, 36]",3767,7.1113080978393555
"[16, 15, 3, 2, 23, 11, 13, 12, 17, 22, 10, 5, 7, 6, 14, 0, 1, 20, 18, 19, 8, 21, 9, 4, 24, 32, 26, 27, 28, 29, 38, 31, 35, 33, 34, 25, 39, 37, 30, 36]",3767,"[16, 15, 3, 2, 23, 11, 13, 12, 17, 22, 10, 5, 7, 6, 14, 0, 1, 20, 18, 19, 8, 21, 9, 4, 24, 32, 26, 27, 28, 29, 38, 31, 35, 33, 34, 25, 39, 37, 30, 36]",3767,7.166507005691528
"[16, 15, 3, 2, 23, 11, 13, 12, 17, 22, 10, 5, 7, 6, 14, 0, 1, 20, 18, 19, 8, 21, 9, 4, 24, 32, 26, 27, 28, 29, 38, 31, 35, 33, 34, 25, 39, 37, 30, 36]",3767,"[16, 15, 3, 2, 23, 11, 13, 12, 17, 22, 10, 5, 7, 6, 14, 0, 1, 20, 18, 19, 8, 21, 9, 4, 24, 32, 26, 27, 28, 29, 38, 31, 35, 33, 34, 25, 39, 37, 30, 36]",3767,7.219409942626953
"[16, 15, 3, 2, 23, 11, 13, 12, 17, 22, 10, 5, 7, 6, 14, 0, 1, 20, 18, 19, 8, 21, 9, 4, 24, 32, 26, 27, 28, 29, 38, 31, 35, 33, 34, 25, 39, 37, 30, 36]",3767,"[16, 15, 3, 2, 23, 11, 13, 12, 17, 22, 10, 5, 7, 6, 14, 0, 1, 20, 18, 19, 8, 21, 9, 4, 24, 32, 26, 27, 28, 29, 38, 31, 35, 33, 34, 25, 39, 37, 30, 36]",3767,7.2718400955200195
"[16, 15, 3, 2, 23, 11, 13, 12, 17, 22, 10, 5, 7, 6, 14, 0, 1, 20, 18, 19, 8, 21, 9, 4, 24, 32, 26, 27, 28, 29, 38, 31, 35, 33, 34, 25, 39, 37, 30, 36]",3767,"[16, 15, 3, 2, 23, 11, 13, 12, 17, 22, 10, 5, 7, 6, 14, 0, 1, 20, 18, 19, 8, 21, 9, 4, 24, 32, 26, 27, 28, 29, 38, 31, 35, 33, 34, 25, 39, 37, 30, 36]",3767,7.325031995773315
"[16, 15, 3, 2, 23, 11, 13, 12, 17, 22, 10, 5, 7, 6, 14, 0, 1, 20, 18, 19, 8, 21, 9, 4, 24, 32, 26, 27, 28, 29, 38, 31, 35, 33, 34, 25, 39, 37, 30, 36]",3767,"[16, 15, 3, 2, 23, 11, 13, 12, 17, 22, 10, 5, 7, 6, 14, 0, 1, 20, 18, 19, 8, 21, 9, 4, 24, 32, 26, 27, 28, 29, 38, 31, 35, 33, 34, 25, 39, 37, 30, 36]",3767,7.377283811569214
"[16, 15, 3, 2, 23, 11, 13, 12, 17, 22, 10, 5, 7, 6, 14, 0, 1, 20, 18, 19, 8, 21, 9, 4, 24, 32, 26, 27, 28, 29, 38, 31, 35, 33, 34, 25, 39, 37, 30, 36]",3767,"[16, 15, 3, 2, 23, 11, 13, 12, 17, 22, 10, 5, 7, 6, 14, 0, 1, 20, 18, 19, 8, 21, 9, 4, 24, 32, 26, 27, 28, 29, 38, 31, 35, 33, 34, 25, 39, 37, 30, 36]",3767,7.4301230907440186
"[16, 15, 3, 2, 23, 11, 13, 12, 17, 22, 10, 5, 7, 6, 14, 0, 1, 20, 18, 19, 8, 21, 9, 4, 24, 32, 26, 27, 28, 29, 38, 31, 35, 33, 34, 25, 39, 37, 30, 36]",3767,"[16, 15, 3, 2, 23, 11, 13, 12, 17, 22, 10, 5, 7, 6, 14, 0, 1, 20, 18, 19, 8, 21, 9, 4, 24, 32, 26, 27, 28, 29, 38, 31, 35, 33, 34, 25, 39, 37, 30, 36]",3767,7.483224868774414
"[16, 15, 3, 2, 23, 11, 13, 12, 17, 22, 10, 5, 7, 6, 14, 0, 1, 20, 18, 19, 8, 21, 9, 4, 24, 32, 26, 27, 28, 29, 38, 31, 35, 33, 34, 25, 39, 37, 30, 36]",3767,"[16, 15, 3, 2, 23, 11, 13, 12, 17, 22, 10, 5, 7, 6, 14, 0, 1, 20, 18, 19, 8, 21, 9, 4, 24, 32, 26, 27, 28, 29, 38, 31, 35, 33, 34, 25, 39, 37, 30, 36]",3767,7.538509130477905
"[16, 15, 3, 2, 23, 11, 13, 12, 17, 22, 10, 5, 7, 6, 14, 0, 1, 20, 18, 19, 8, 21, 9, 4, 24, 32, 26, 27, 28, 29, 38, 31, 35, 33, 34, 25, 39, 37, 30, 36]",3767,"[16, 15, 3, 2, 23, 11, 13, 12, 17, 22, 10, 5, 7, 6, 14, 0, 1, 20, 18, 19, 8, 21, 9, 4, 24, 32, 26, 27, 28, 29, 38, 31, 35, 33, 34, 25, 39, 37, 30, 36]",3767,7.593217134475708
"[16, 15, 3, 2, 23, 11, 13, 12, 17, 22, 10, 5, 7, 6, 14, 0, 1, 20, 18, 19, 8, 21, 9, 4, 24, 32, 26, 27, 28, 29, 38, 31, 35, 33, 34, 25, 39, 37, 30, 36]",3767,"[16, 15, 3, 2, 23, 11, 13, 12, 17, 22, 10, 5, 7, 6, 14, 0, 1, 20, 18, 19, 8, 21, 9, 4, 24, 32, 26, 27, 28, 29, 38, 31, 35, 33, 34, 25, 39, 37, 30, 36]",3767,7.647662878036499
"[16, 15, 3, 2, 23, 11, 13, 12, 17, 22, 10, 5, 7, 6, 14, 0, 1, 20, 18, 19, 8, 21, 9, 4, 24, 32, 26, 27, 28, 29, 38, 31, 35, 33, 34, 25, 39, 37, 30, 36]",3767,"[16, 15, 3, 2, 23, 11, 13, 12, 17, 22, 10, 5, 7, 6, 14, 0, 1, 20, 18, 19, 8, 21, 9, 4, 24, 32, 26, 27, 28, 29, 38, 31, 35, 33, 34, 25, 39, 37, 30, 36]",3767,7.701625108718872
"[16, 15, 3, 2, 23, 11, 13, 12, 17, 22, 10, 5, 7, 6, 14, 0, 1, 20, 18, 19, 8, 21, 9, 4, 24, 32, 26, 27, 28, 29, 38, 31, 35, 33, 34, 25, 39, 37, 30, 36]",3767,"[16, 15, 3, 2, 23, 11, 13, 12, 17, 22, 10, 5, 7, 6, 14, 0, 1, 20, 18, 19, 8, 21, 9, 4, 24, 32, 26, 27, 28, 29, 38, 31, 35, 33, 34, 25, 39, 37, 30, 36]",3767,7.756304025650024
"[16, 15, 3, 2, 23, 11, 13, 12, 17, 22, 10, 5, 7, 6, 14, 0, 1, 20, 18, 19, 8, 21, 9, 4, 24, 32, 26, 27, 28, 29, 38, 31, 35, 33, 34, 25, 39, 37, 30, 36]",3767,"[16, 15, 3, 2, 23, 11, 13, 12, 17, 22, 10, 5, 7, 6, 14, 0, 1, 20, 18, 19, 8, 21, 9, 4, 24, 32, 26, 27, 28, 29, 38, 31, 35, 33, 34, 25, 39, 37, 30, 36]",3767,7.810080051422119
"[16, 15, 3, 2, 23, 11, 13, 12, 17, 22, 10, 5, 7, 6, 14, 0, 1, 20, 18, 19, 8, 21, 9, 4, 24, 32, 26, 27, 28, 29, 38, 31, 35, 33, 34, 25, 39, 37, 30, 36]",3767,"[16, 15, 3, 2, 23, 11, 13, 12, 17, 22, 10, 5, 7, 6, 14, 0, 1, 20, 18, 19, 8, 21, 9, 4, 24, 32, 26, 27, 28, 29, 38, 31, 35, 33, 34, 25, 39, 37, 30, 36]",3767,7.863101005554199
"[16, 15, 3, 2, 23, 11, 13, 12, 17, 22, 10, 5, 7, 6, 14, 0, 1, 20, 18, 19, 8, 21, 9, 4, 24, 32, 26, 27, 28, 29, 38, 31, 35, 33, 34, 25, 39, 37, 30, 36]",3767,"[16, 15, 3, 2, 23, 11, 13, 12, 17, 22, 10, 5, 7, 6, 14, 0, 1, 20, 18, 19, 8, 21, 9, 4, 24, 32, 26, 27, 28, 29, 38, 31, 35, 33, 34, 25, 39, 37, 30, 36]",3767,7.915853023529053
"[16, 15, 3, 2, 23, 11, 13, 12, 17, 22, 10, 5, 7, 6, 14, 0, 1, 20, 18, 19, 8, 21, 9, 4, 24, 32, 26, 27, 28, 29, 38, 31, 35, 33, 34, 25, 39, 37, 30, 36]",3767,"[16, 15, 3, 2, 23, 11, 13, 12, 17, 22, 10, 5, 7, 6, 14, 0, 1, 20, 18, 19, 8, 21, 9, 4, 24, 32, 26, 27, 28, 29, 38, 31, 35, 33, 34, 25, 39, 37, 30, 36]",3767,7.968398094177246
"[16, 15, 3, 2, 23, 11, 13, 12, 17, 22, 10, 5, 7, 6, 14, 0, 1, 20, 18, 19, 8, 21, 9, 4, 24, 32, 26, 27, 28, 29, 38, 31, 35, 33, 34, 25, 39, 37, 30, 36]",3767,"[16, 15, 3, 2, 23, 11, 13, 12, 17, 22, 10, 5, 7, 6, 14, 0, 1, 20, 18, 19, 8, 21, 9, 4, 24, 32, 26, 27, 28, 29, 38, 31, 35, 33, 34, 25, 39, 37, 30, 36]",3767,8.021305084228516
"[16, 15, 3, 2, 23, 11, 13, 12, 17, 22, 10, 5, 7, 6, 14, 0, 1, 20, 18, 19, 8, 21, 9, 4, 24, 32, 26, 27, 28, 29, 38, 31, 35, 33, 34, 25, 39, 37, 30, 36]",3767,"[16, 15, 3, 2, 23, 11, 13, 12, 17, 22, 10, 5, 7, 6, 14, 0, 1, 20, 18, 19, 8, 21, 9, 4, 24, 32, 26, 27, 28, 29, 38, 31, 35, 33, 34, 25, 39, 37, 30, 36]",3767,8.073224067687988
"[16, 15, 3, 2, 23, 11, 13, 12, 17, 22, 10, 5, 7, 6, 14, 0, 1, 20, 18, 19, 8, 21, 9, 4, 24, 32, 26, 27, 28, 29, 38, 31, 35, 33, 34, 25, 39, 37, 30, 36]",3767,"[16, 15, 3, 2, 23, 11, 13, 12, 17, 22, 10, 5, 7, 6, 14, 0, 1, 20, 18, 19, 8, 21, 9, 4, 24, 32, 26, 27, 28, 29, 38, 31, 35, 33, 34, 25, 39, 37, 30, 36]",3767,8.125679969787598
"[16, 15, 3, 2, 23, 11, 13, 12, 17, 22, 10, 5, 7, 6, 14, 0, 1, 20, 18, 19, 8, 21, 9, 4, 24, 32, 26, 27, 28, 29, 38, 31, 35, 33, 34, 25, 39, 37, 30, 36]",3767,"[16, 15, 3, 2, 23, 11, 13, 12, 17, 22, 10, 5, 7, 6, 14, 0, 1, 20, 18, 19, 8, 21, 9, 4, 24, 32, 26, 27, 28, 29, 38, 31, 35, 33, 34, 25, 39, 37, 30, 36]",3767,8.178874015808105
"[16, 15, 3, 2, 23, 11, 13, 12, 17, 22, 10, 5, 7, 6, 14, 0, 1, 20, 18, 19, 8, 21, 9, 4, 24, 32, 26, 27, 28, 29, 38, 31, 35, 33, 34, 25, 39, 37, 30, 36]",3767,"[16, 15, 3, 2, 23, 11, 13, 12, 17, 22, 10, 5, 7, 6, 14, 0, 1, 20, 18, 19, 8, 21, 9, 4, 24, 32, 26, 27, 28, 29, 38, 31, 35, 33, 34, 25, 39, 37, 30, 36]",3767,8.231784105300903
"[16, 15, 3, 2, 23, 11, 13, 12, 17, 22, 10, 5, 7, 6, 14, 0, 1, 20, 18, 19, 8, 21, 9, 4, 24, 32, 26, 27, 28, 29, 38, 31, 35, 33, 34, 25, 39, 37, 30, 36]",3767,"[16, 15, 3, 2, 23, 11, 13, 12, 17, 22, 10, 5, 7, 6, 14, 0, 1, 20, 18, 19, 8, 21, 9, 4, 24, 32, 26, 27, 28, 29, 38, 31, 35, 33, 34, 25, 39, 37, 30, 36]",3767,8.283744096755981
"[16, 15, 3, 2, 23, 11, 13, 12, 17, 22, 10, 5, 7, 6, 14, 0, 1, 20, 18, 19, 8, 21, 9, 4, 24, 32, 26, 27, 28, 29, 38, 31, 35, 33, 34, 25, 39, 37, 30, 36]",3767,"[16, 15, 3, 2, 23, 11, 13, 12, 17, 22, 10, 5, 7, 6, 14, 0, 1, 20, 18, 19, 8, 21, 9, 4, 24, 32, 26, 27, 28, 29, 38, 31, 35, 33, 34, 25, 39, 37, 30, 36]",3767,8.337796926498413
"[16, 15, 3, 2, 23, 11, 13, 12, 17, 22, 10, 5, 7, 6, 14, 0, 1, 20, 18, 19, 8, 21, 9, 4, 24, 32, 26, 27, 28, 29, 38, 31, 35, 33, 34, 25, 39, 37, 30, 36]",3767,"[16, 15, 3, 2, 23, 11, 13, 12, 17, 22, 10, 5, 7, 6, 14, 0, 1, 20, 18, 19, 8, 21, 9, 4, 24, 32, 26, 27, 28, 29, 38, 31, 35, 33, 34, 25, 39, 37, 30, 36]",3767,8.401835203170776
"[16, 15, 3, 2, 23, 11, 13, 12, 17, 22, 10, 5, 7, 6, 14, 0, 1, 20, 18, 19, 8, 21, 9, 4, 24, 32, 26, 27, 28, 29, 38, 31, 35, 33, 34, 25, 39, 37, 30, 36]",3767,"[16, 15, 3, 2, 23, 11, 13, 12, 17, 22, 10, 5, 7, 6, 14, 0, 1, 20, 18, 19, 8, 21, 9, 4, 24, 32, 26, 27, 28, 29, 38, 31, 35, 33, 34, 25, 39, 37, 30, 36]",3767,8.454279899597168
"[16, 15, 3, 2, 23, 11, 13, 12, 17, 22, 10, 5, 7, 6, 14, 0, 1, 20, 18, 19, 8, 21, 9, 4, 24, 32, 26, 27, 28, 29, 38, 31, 35, 33, 34, 25, 39, 37, 30, 36]",3767,"[16, 15, 3, 2, 23, 11, 13, 12, 17, 22, 10, 5, 7, 6, 14, 0, 1, 20, 18, 19, 8, 21, 9, 4, 24, 32, 26, 27, 28, 29, 38, 31, 35, 33, 34, 25, 39, 37, 30, 36]",3767,8.506519079208374
"[16, 15, 3, 2, 23, 11, 13, 12, 17, 22, 10, 5, 7, 6, 14, 0, 1, 20, 18, 19, 8, 21, 9, 4, 24, 32, 26, 27, 28, 29, 38, 31, 35, 33, 34, 25, 39, 37, 30, 36]",3767,"[16, 15, 3, 2, 23, 11, 13, 12, 17, 22, 10, 5, 7, 6, 14, 0, 1, 20, 18, 19, 8, 21, 9, 4, 24, 32, 26, 27, 28, 29, 38, 31, 35, 33, 34, 25, 39, 37, 30, 36]",3767,8.558938980102539
"[16, 15, 3, 2, 23, 11, 13, 12, 17, 22, 10, 5, 7, 6, 14, 0, 1, 20, 18, 19, 8, 21, 9, 4, 24, 32, 26, 27, 28, 29, 38, 31, 35, 33, 34, 25, 39, 37, 30, 36]",3767,"[16, 15, 3, 2, 23, 11, 13, 12, 17, 22, 10, 5, 7, 6, 14, 0, 1, 20, 18, 19, 8, 21, 9, 4, 24, 32, 26, 27, 28, 29, 38, 31, 35, 33, 34, 25, 39, 37, 30, 36]",3767,8.61154317855835
"[16, 15, 3, 2, 23, 11, 13, 12, 17, 22, 10, 5, 7, 6, 14, 0, 1, 20, 18, 19, 8, 21, 9, 4, 24, 32, 26, 27, 28, 29, 38, 31, 35, 33, 34, 25, 39, 37, 30, 36]",3767,"[16, 15, 3, 2, 23, 11, 13, 12, 17, 22, 10, 5, 7, 6, 14, 0, 1, 20, 18, 19, 8, 21, 9, 4, 24, 32, 26, 27, 28, 29, 38, 31, 35, 33, 34, 25, 39, 37, 30, 36]",3767,8.664384126663208
"[16, 15, 3, 2, 23, 11, 13, 12, 17, 22, 10, 5, 7, 6, 14, 0, 1, 20, 18, 19, 8, 21, 9, 4, 24, 32, 26, 27, 28, 29, 38, 31, 35, 33, 34, 25, 39, 37, 30, 36]",3767,"[16, 15, 3, 2, 23, 11, 13, 12, 17, 22, 10, 5, 7, 6, 14, 0, 1, 20, 18, 19, 8, 21, 9, 4, 24, 32, 26, 27, 28, 29, 38, 31, 35, 33, 34, 25, 39, 37, 30, 36]",3767,8.716833114624023
"[16, 15, 3, 2, 23, 11, 13, 12, 17, 22, 10, 5, 7, 6, 14, 0, 1, 20, 18, 19, 8, 21, 9, 4, 24, 32, 26, 27, 28, 29, 38, 31, 35, 33, 34, 25, 39, 37, 30, 36]",3767,"[16, 15, 3, 2, 23, 11, 13, 12, 17, 22, 10, 5, 7, 6, 14, 0, 1, 20, 18, 19, 8, 21, 9, 4, 24, 32, 26, 27, 28, 29, 38, 31, 35, 33, 34, 25, 39, 37, 30, 36]",3767,8.771004915237427
"[16, 15, 3, 2, 23, 11, 13, 12, 17, 22, 10, 5, 7, 6, 14, 0, 1, 20, 18, 19, 8, 21, 9, 4, 24, 32, 26, 27, 28, 29, 38, 31, 35, 33, 34, 25, 39, 37, 30, 36]",3767,"[16, 15, 3, 2, 23, 11, 13, 12, 17, 22, 10, 5, 7, 6, 14, 0, 1, 20, 18, 19, 8, 21, 9, 4, 24, 32, 26, 27, 28, 29, 38, 31, 35, 33, 34, 25, 39, 37, 30, 36]",3767,8.8263840675354
"[16, 15, 3, 2, 23, 11, 13, 12, 17, 22, 10, 5, 18, 6, 14, 0, 1, 20, 7, 19, 8, 21, 9, 4, 24, 32, 26, 27, 28, 29, 38, 31, 35, 33, 34, 25, 39, 37, 30, 36]",3762,"[16, 15, 3, 2, 23, 11, 13, 12, 17, 22, 10, 5, 18, 6, 14, 0, 1, 20, 7, 19, 8, 21, 9, 4, 24, 32, 26, 27, 28, 29, 38, 31, 35, 33, 34, 25, 39, 37, 30, 36]",3762,8.881795883178711
"[16, 15, 3, 2, 23, 11, 13, 12, 17, 22, 10, 5, 18, 6, 14, 0, 1, 20, 7, 19, 8, 21, 9, 4, 24, 32, 26, 27, 28, 29, 38, 31, 35, 33, 34, 25, 39, 37, 30, 36]",3762,"[16, 15, 3, 2, 23, 11, 13, 12, 17, 22, 10, 5, 18, 6, 14, 0, 1, 20, 7, 19, 8, 21, 9, 4, 24, 32, 26, 27, 28, 29, 38, 31, 35, 33, 34, 25, 39, 37, 30, 36]",3762,8.936180114746094
"[16, 15, 3, 2, 23, 11, 13, 12, 17, 22, 10, 5, 18, 6, 14, 0, 1, 20, 7, 19, 8, 21, 9, 4, 24, 32, 26, 27, 28, 29, 38, 31, 35, 33, 34, 25, 39, 37, 30, 36]",3762,"[16, 15, 3, 2, 23, 11, 13, 12, 17, 22, 10, 5, 18, 6, 14, 0, 1, 20, 7, 19, 8, 21, 9, 4, 24, 32, 26, 27, 28, 29, 38, 31, 35, 33, 34, 25, 39, 37, 30, 36]",3762,8.989954233169556
"[16, 15, 3, 2, 23, 11, 13, 12, 17, 22, 10, 5, 18, 6, 14, 0, 1, 20, 7, 19, 8, 21, 9, 4, 24, 32, 26, 27, 28, 29, 38, 31, 35, 33, 34, 25, 39, 37, 30, 36]",3762,"[16, 15, 3, 2, 23, 11, 13, 12, 17, 22, 10, 5, 18, 6, 14, 0, 1, 20, 7, 19, 8, 21, 9, 4, 24, 32, 26, 27, 28, 29, 38, 31, 35, 33, 34, 25, 39, 37, 30, 36]",3762,9.043480157852173
"[16, 15, 3, 2, 23, 11, 13, 12, 17, 22, 10, 5, 18, 6, 14, 0, 1, 20, 7, 19, 8, 21, 9, 4, 24, 32, 26, 27, 28, 29, 38, 31, 35, 33, 34, 25, 39, 37, 30, 36]",3762,"[16, 15, 3, 2, 23, 11, 13, 12, 17, 22, 10, 5, 18, 6, 14, 0, 1, 20, 7, 19, 8, 21, 9, 4, 24, 32, 26, 27, 28, 29, 38, 31, 35, 33, 34, 25, 39, 37, 30, 36]",3762,9.09608006477356
"[16, 15, 3, 2, 23, 11, 13, 12, 17, 22, 10, 5, 18, 6, 14, 0, 1, 20, 7, 19, 8, 21, 9, 4, 24, 32, 26, 27, 28, 29, 38, 31, 35, 33, 34, 25, 39, 37, 30, 36]",3762,"[16, 15, 3, 2, 23, 11, 13, 12, 17, 22, 10, 5, 18, 6, 14, 0, 1, 20, 7, 19, 8, 21, 9, 4, 24, 32, 26, 27, 28, 29, 38, 31, 35, 33, 34, 25, 39, 37, 30, 36]",3762,9.148540019989014
"[16, 15, 3, 2, 23, 11, 13, 12, 17, 22, 10, 5, 18, 6, 14, 0, 1, 20, 7, 19, 8, 21, 9, 4, 24, 32, 26, 27, 28, 29, 38, 31, 35, 33, 34, 25, 39, 37, 30, 36]",3762,"[16, 15, 3, 2, 23, 11, 13, 12, 17, 22, 10, 5, 18, 6, 14, 0, 1, 20, 7, 19, 8, 21, 9, 4, 24, 32, 26, 27, 28, 29, 38, 31, 35, 33, 34, 25, 39, 37, 30, 36]",3762,9.20090103149414
"[16, 15, 3, 2, 23, 11, 13, 12, 17, 22, 10, 5, 18, 6, 14, 0, 1, 20, 7, 19, 8, 21, 9, 4, 24, 32, 26, 27, 28, 29, 38, 31, 35, 33, 34, 25, 39, 37, 30, 36]",3762,"[16, 15, 3, 2, 23, 11, 13, 12, 17, 22, 10, 5, 18, 6, 14, 0, 1, 20, 7, 19, 8, 21, 9, 4, 24, 32, 26, 27, 28, 29, 38, 31, 35, 33, 34, 25, 39, 37, 30, 36]",3762,9.253024101257324
"[16, 15, 3, 2, 23, 11, 13, 12, 17, 22, 10, 5, 18, 6, 14, 0, 1, 20, 7, 19, 8, 21, 9, 4, 24, 32, 26, 27, 28, 29, 38, 31, 35, 33, 34, 25, 39, 37, 30, 36]",3762,"[16, 15, 3, 2, 23, 11, 13, 12, 17, 22, 10, 5, 18, 6, 14, 0, 1, 20, 7, 19, 8, 21, 9, 4, 24, 32, 26, 27, 28, 29, 38, 31, 35, 33, 34, 25, 39, 37, 30, 36]",3762,9.306059122085571
"[16, 15, 3, 2, 23, 11, 13, 12, 17, 22, 10, 5, 18, 6, 14, 0, 1, 20, 7, 19, 8, 21, 9, 4, 24, 32, 26, 27, 28, 29, 38, 31, 35, 33, 34, 25, 39, 37, 30, 36]",3762,"[16, 15, 3, 2, 23, 11, 13, 12, 17, 22, 10, 5, 18, 6, 14, 0, 1, 20, 7, 19, 8, 21, 9, 4, 24, 32, 26, 27, 28, 29, 38, 31, 35, 33, 34, 25, 39, 37, 30, 36]",3762,9.35981011390686
"[16, 15, 3, 2, 23, 11, 13, 12, 17, 22, 10, 5, 18, 6, 14, 0, 1, 20, 7, 19, 8, 21, 9, 4, 24, 32, 26, 27, 28, 29, 38, 31, 35, 33, 34, 25, 39, 37, 30, 36]",3762,"[16, 15, 3, 2, 23, 11, 13, 12, 17, 22, 10, 5, 18, 6, 14, 0, 1, 20, 7, 19, 8, 21, 9, 4, 24, 32, 26, 27, 28, 29, 38, 31, 35, 33, 34, 25, 39, 37, 30, 36]",3762,9.412577152252197
"[16, 15, 3, 2, 23, 11, 13, 12, 17, 22, 10, 5, 18, 6, 14, 0, 1, 20, 7, 19, 8, 21, 9, 4, 24, 32, 26, 27, 28, 29, 38, 31, 35, 33, 34, 25, 39, 37, 30, 36]",3762,"[16, 15, 3, 2, 23, 11, 13, 12, 17, 22, 10, 5, 18, 6, 14, 0, 1, 20, 7, 19, 8, 21, 9, 4, 24, 32, 26, 27, 28, 29, 38, 31, 35, 33, 34, 25, 39, 37, 30, 36]",3762,9.465242862701416
"[16, 15, 3, 2, 23, 11, 13, 12, 17, 22, 10, 5, 18, 6, 14, 0, 1, 20, 7, 19, 8, 21, 9, 4, 24, 32, 26, 27, 28, 29, 38, 31, 35, 33, 34, 25, 39, 37, 30, 36]",3762,"[16, 15, 3, 2, 23, 11, 13, 12, 17, 22, 10, 5, 18, 6, 14, 0, 1, 20, 7, 19, 8, 21, 9, 4, 24, 32, 26, 27, 28, 29, 38, 31, 35, 33, 34, 25, 39, 37, 30, 36]",3762,9.518083095550537
"[16, 15, 3, 2, 23, 11, 13, 12, 17, 22, 10, 5, 18, 6, 14, 0, 1, 20, 7, 19, 8, 21, 9, 4, 24, 32, 26, 27, 28, 29, 38, 31, 35, 33, 34, 25, 39, 37, 30, 36]",3762,"[16, 15, 3, 2, 23, 11, 13, 12, 17, 22, 10, 5, 18, 6, 14, 0, 1, 20, 7, 19, 8, 21, 9, 4, 24, 32, 26, 27, 28, 29, 38, 31, 35, 33, 34, 25, 39, 37, 30, 36]",3762,9.569889068603516
"[16, 15, 3, 2, 23, 11, 13, 12, 17, 22, 10, 5, 18, 6, 14, 0, 1, 20, 7, 19, 8, 21, 9, 4, 24, 32, 26, 27, 28, 29, 38, 31, 35, 33, 34, 25, 39, 37, 30, 36]",3762,"[16, 15, 3, 2, 23, 11, 13, 12, 17, 22, 10, 5, 18, 6, 14, 0, 1, 20, 7, 19, 8, 21, 9, 4, 24, 32, 26, 27, 28, 29, 38, 31, 35, 33, 34, 25, 39, 37, 30, 36]",3762,9.622179985046387
"[16, 15, 3, 2, 23, 11, 13, 12, 17, 22, 10, 5, 18, 6, 14, 0, 1, 20, 7, 19, 8, 21, 9, 4, 24, 32, 26, 27, 28, 29, 38, 31, 35, 33, 34, 25, 39, 37, 30, 36]",3762,"[16, 15, 3, 2, 23, 11, 13, 12, 17, 22, 10, 5, 18, 6, 14, 0, 1, 20, 7, 19, 8, 21, 9, 4, 24, 32, 26, 27, 28, 29, 38, 31, 35, 33, 34, 25, 39, 37, 30, 36]",3762,9.675990104675293
"[16, 15, 3, 2, 23, 11, 13, 12, 17, 22, 10, 5, 18, 6, 14, 0, 1, 20, 7, 19, 8, 21, 9, 4, 24, 32, 26, 27, 28, 29, 38, 31, 35, 33, 34, 25, 39, 37, 30, 36]",3762,"[16, 15, 3, 2, 23, 11, 13, 12, 17, 22, 10, 5, 18, 6, 14, 0, 1, 20, 7, 19, 8, 21, 9, 4, 24, 32, 26, 27, 28, 29, 38, 31, 35, 33, 34, 25, 39, 37, 30, 36]",3762,9.728684186935425
"[16, 15, 3, 2, 23, 11, 13, 12, 17, 22, 10, 5, 18, 6, 14, 0, 1, 20, 7, 19, 8, 21, 9, 4, 24, 32, 26, 27, 28, 29, 38, 31, 35, 33, 34, 25, 39, 37, 30, 36]",3762,"[16, 15, 3, 2, 23, 11, 13, 12, 17, 22, 10, 5, 18, 6, 14, 0, 1, 20, 7, 19, 8, 21, 9, 4, 24, 32, 26, 27, 28, 29, 38, 31, 35, 33, 34, 25, 39, 37, 30, 36]",3762,9.780675172805786
"[16, 15, 3, 2, 23, 11, 13, 12, 17, 22, 10, 5, 18, 6, 14, 0, 1, 20, 7, 19, 8, 21, 9, 4, 24, 32, 26, 27, 28, 29, 38, 31, 35, 33, 34, 25, 39, 37, 30, 36]",3762,"[16, 15, 3, 2, 23, 11, 13, 12, 17, 22, 10, 5, 18, 6, 14, 0, 1, 20, 7, 19, 8, 21, 9, 4, 24, 32, 26, 27, 28, 29, 38, 31, 35, 33, 34, 25, 39, 37, 30, 36]",3762,9.833652019500732
"[16, 15, 3, 2, 23, 11, 13, 12, 17, 22, 10, 5, 18, 6, 14, 0, 1, 20, 7, 19, 8, 21, 9, 4, 24, 32, 26, 27, 28, 29, 38, 31, 35, 33, 34, 25, 39, 37, 30, 36]",3762,"[16, 15, 3, 2, 23, 11, 13, 12, 17, 22, 10, 5, 18, 6, 14, 0, 1, 20, 7, 19, 8, 21, 9, 4, 24, 32, 26, 27, 28, 29, 38, 31, 35, 33, 34, 25, 39, 37, 30, 36]",3762,9.885175228118896
"[16, 15, 3, 2, 23, 11, 13, 12, 17, 22, 10, 5, 18, 6, 14, 0, 1, 20, 7, 19, 8, 21, 9, 4, 24, 32, 26, 27, 28, 29, 38, 31, 35, 33, 34, 25, 39, 37, 30, 36]",3762,"[16, 15, 3, 2, 23, 11, 13, 12, 17, 22, 10, 5, 18, 6, 14, 0, 1, 20, 7, 19, 8, 21, 9, 4, 24, 32, 26, 27, 28, 29, 38, 31, 35, 33, 34, 25, 39, 37, 30, 36]",3762,9.937091827392578
"[16, 15, 3, 2, 23, 11, 13, 12, 17, 22, 10, 5, 18, 6, 14, 0, 1, 20, 7, 19, 8, 21, 9, 4, 24, 32, 26, 27, 28, 29, 38, 31, 35, 33, 34, 25, 39, 37, 30, 36]",3762,"[16, 15, 3, 2, 23, 11, 13, 12, 17, 22, 10, 5, 18, 6, 14, 0, 1, 20, 7, 19, 8, 21, 9, 4, 24, 32, 26, 27, 28, 29, 38, 31, 35, 33, 34, 25, 39, 37, 30, 36]",3762,9.99190092086792
"[16, 15, 3, 2, 23, 11, 13, 12, 17, 22, 10, 5, 18, 6, 14, 0, 1, 20, 7, 19, 8, 21, 9, 4, 24, 32, 26, 27, 28, 29, 38, 31, 35, 33, 34, 25, 39, 37, 30, 36]",3762,"[16, 15, 3, 2, 23, 11, 13, 12, 17, 22, 10, 5, 18, 6, 14, 0, 1, 20, 7, 19, 8, 21, 9, 4, 24, 32, 26, 27, 28, 29, 38, 31, 35, 33, 34, 25, 39, 37, 30, 36]",3762,10.047062158584595
"[16, 15, 3, 2, 23, 11, 13, 12, 17, 22, 10, 5, 18, 6, 14, 0, 1, 20, 7, 19, 8, 21, 9, 4, 24, 32, 26, 27, 28, 29, 38, 31, 35, 33, 34, 25, 39, 37, 30, 36]",3762,"[16, 15, 3, 2, 23, 11, 13, 12, 17, 22, 10, 5, 18, 6, 14, 0, 1, 20, 7, 19, 8, 21, 9, 4, 24, 32, 26, 27, 28, 29, 38, 31, 35, 33, 34, 25, 39, 37, 30, 36]",3762,10.101219892501831
"[16, 15, 3, 2, 23, 11, 13, 12, 17, 22, 10, 5, 18, 6, 14, 0, 1, 20, 7, 19, 8, 21, 9, 4, 24, 32, 26, 30, 28, 29, 38, 31, 35, 33, 34, 25, 39, 37, 27, 36]",3759,"[16, 15, 3, 2, 23, 11, 13, 12, 17, 22, 10, 5, 18, 6, 14, 0, 1, 20, 7, 19, 8, 21, 9, 4, 24, 32, 26, 30, 28, 29, 38, 31, 35, 33, 34, 25, 39, 37, 27, 36]",3759,10.153872013092041
"[16, 15, 3, 2, 23, 11, 13, 12, 17, 22, 10, 5, 18, 6, 14, 0, 1, 20, 7, 19, 8, 21, 9, 4, 24, 32, 26, 30, 28, 29, 38, 31, 35, 33, 34, 25, 39, 37, 27, 36]",3759,"[16, 15, 3, 2, 23, 11, 13, 12, 17, 22, 10, 5, 18, 6, 14, 0, 1, 20, 7, 19, 8, 21, 9, 4, 24, 32, 26, 30, 28, 29, 38, 31, 35, 33, 34, 25, 39, 37, 27, 36]",3759,10.206037998199463
"[16, 15, 3, 2, 23, 11, 13, 12, 17, 22, 10, 5, 18, 6, 14, 0, 1, 20, 7, 19, 8, 21, 9, 4, 24, 32, 26, 30, 28, 29, 38, 31, 35, 33, 34, 25, 39, 37, 27, 36]",3759,"[16, 15, 3, 2, 23, 11, 13, 12, 17, 22, 10, 5, 18, 6, 14, 0, 1, 20, 7, 19, 8, 21, 9, 4, 24, 32, 26, 30, 28, 29, 38, 31, 35, 33, 34, 25, 39, 37, 27, 36]",3759,10.258929967880249
"[16, 15, 3, 2, 23, 11, 13, 12, 17, 22, 10, 5, 18, 6, 14, 0, 1, 20, 7, 19, 8, 21, 9, 4, 24, 32, 26, 30, 28, 29, 38, 31, 35, 33, 34, 25, 39, 37, 27, 36]",3759,"[16, 15, 3, 2, 23, 11, 13, 12, 17, 22, 10, 5, 18, 6, 14, 0, 1, 20, 7, 19, 8, 21, 9, 4, 24, 32, 26, 30, 28, 29, 38, 31, 35, 33, 34, 25, 39, 37, 27, 36]",3759,10.311986923217773
"[16, 15, 3, 2, 23, 11, 13, 12, 17, 22, 10, 5, 18, 6, 14, 0, 1, 20, 7, 19, 8, 21, 9, 4, 24, 32, 26, 30, 28, 29, 38, 31, 35, 33, 34, 25, 39, 37, 27, 36]",3759,"[16, 15, 3, 2, 23, 11, 13, 12, 17, 22, 10, 5, 18, 6, 14, 0, 1, 20, 7, 19, 8, 21, 9, 4, 24, 32, 26, 30, 28, 29, 38, 31, 35, 33, 34, 25, 39, 37, 27, 36]",3759,10.364542961120605
"[16, 15, 3, 2, 23, 11, 13, 12, 17, 22, 10, 5, 18, 6, 14, 0, 1, 20, 7, 19, 8, 21, 9, 4, 24, 32, 26, 30, 28, 29, 38, 31, 35, 33, 34, 25, 39, 37, 27, 36]",3759,"[16, 15, 3, 2, 23, 11, 13, 12, 17, 22, 10, 5, 18, 6, 14, 0, 1, 20, 7, 19, 8, 21, 9, 4, 24, 32, 26, 30, 28, 29, 38, 31, 35, 33, 34, 25, 39, 37, 27, 36]",3759,10.416291236877441
"[16, 15, 3, 2, 23, 11, 13, 12, 17, 22, 10, 5, 18, 6, 14, 0, 1, 20, 7, 19, 8, 21, 9, 4, 24, 32, 26, 30, 28, 29, 38, 31, 35, 33, 34, 25, 39, 37, 27, 36]",3759,"[16, 15, 3, 2, 23, 11, 13, 12, 17, 22, 10, 5, 18, 6, 14, 0, 1, 20, 7, 19, 8, 21, 9, 4, 24, 32, 26, 30, 28, 29, 38, 31, 35, 33, 34, 25, 39, 37, 27, 36]",3759,10.46824312210083
"[16, 15, 3, 2, 23, 11, 13, 12, 17, 22, 10, 5, 18, 6, 14, 0, 1, 20, 7, 19, 8, 21, 9, 4, 24, 32, 26, 30, 28, 29, 38, 31, 35, 33, 34, 25, 39, 37, 27, 36]",3759,"[16, 15, 3, 2, 23, 11, 13, 12, 17, 22, 10, 5, 18, 6, 14, 0, 1, 20, 7, 19, 8, 21, 9, 4, 24, 32, 26, 30, 28, 29, 38, 31, 35, 33, 34, 25, 39, 37, 27, 36]",3759,10.521260023117065
"[16, 15, 3, 2, 23, 11, 13, 12, 17, 22, 10, 5, 18, 6, 14, 0, 1, 20, 7, 19, 8, 21, 9, 4, 24, 32, 26, 30, 28, 29, 38, 31, 35, 33, 34, 25, 39, 37, 27, 36]",3759,"[16, 15, 3, 2, 23, 11, 13, 12, 17, 22, 10, 5, 18, 6, 14, 0, 1, 20, 7, 19, 8, 21, 9, 4, 24, 32, 26, 30, 28, 29, 38, 31, 35, 33, 34, 25, 39, 37, 27, 36]",3759,10.57333517074585
"[16, 15, 3, 2, 23, 11, 13, 12, 17, 22, 10, 5, 18, 6, 14, 0, 1, 20, 7, 19, 8, 21, 9, 4, 24, 32, 26, 30, 28, 29, 38, 31, 35, 33, 34, 25, 39, 37, 27, 36]",3759,"[16, 15, 3, 2, 23, 11, 13, 12, 17, 22, 10, 5, 18, 6, 14, 0, 1, 20, 7, 19, 8, 21, 9, 4, 24, 32, 26, 30, 28, 29, 38, 31, 35, 33, 34, 25, 39, 37, 27, 36]",3759,10.625955820083618
"[16, 15, 3, 2, 23, 11, 13, 12, 17, 22, 10, 5, 18, 6, 14, 0, 1, 20, 7, 19, 8, 21, 9, 4, 24, 32, 26, 30, 28, 29, 38, 31, 35, 33, 34, 25, 39, 37, 27, 36]",3759,"[16, 15, 3, 2, 23, 11, 13, 12, 17, 22, 10, 5, 18, 6, 14, 0, 1, 20, 7, 19, 8, 21, 9, 4, 24, 32, 26, 30, 28, 29, 38, 31, 35, 33, 34, 25, 39, 37, 27, 36]",3759,10.679299116134644
"[16, 15, 3, 2, 23, 11, 13, 12, 17, 22, 10, 5, 18, 6, 14, 0, 1, 20, 7, 19, 8, 21, 9, 4, 24, 32, 26, 30, 28, 29, 38, 31, 35, 33, 34, 25, 39, 37, 27, 36]",3759,"[16, 15, 3, 2, 23, 11, 13, 12, 17, 22, 10, 5, 18, 6, 14, 0, 1, 20, 7, 19, 8, 21, 9, 4, 24, 32, 26, 30, 28, 29, 38, 31, 35, 33, 34, 25, 39, 37, 27, 36]",3759,10.731713056564331
"[16, 15, 3, 2, 23, 11, 13, 12, 17, 22, 10, 5, 18, 6, 14, 0, 1, 20, 7, 19, 8, 21, 9, 4, 24, 32, 26, 30, 28, 29, 38, 31, 35, 33, 34, 25, 39, 37, 27, 36]",3759,"[16, 15, 3, 2, 23, 11, 13, 12, 17, 22, 10, 5, 18, 6, 14, 0, 1, 20, 7, 19, 8, 21, 9, 4, 24, 32, 26, 30, 28, 29, 38, 31, 35, 33, 34, 25, 39, 37, 27, 36]",3759,10.795721054077148
