Sequence,Fitness,Best_sequence,Best_fitness,Time
"[2, 31, 3, 21, 27, 29, 22, 39, 19, 26, 32, 17, 30, 36, 33, 28, 4, 14, 10, 35, 23, 24, 34, 20, 18, 25, 6, 13, 7, 38, 1, 16, 0, 15, 5, 11, 9, 8, 12, 37]",4668.0,"[2, 31, 3, 21, 27, 29, 22, 39, 19, 26, 32, 17, 30, 36, 33, 28, 4, 14, 10, 35, 23, 24, 34, 20, 18, 25, 6, 13, 7, 38, 1, 16, 0, 15, 5, 11, 9, 8, 12, 37]",4668.0,0.0
"[2, 31, 3, 21, 27, 29, 22, 39, 19, 26, 32, 17, 30, 36, 33, 28, 4, 14, 10, 35, 23, 24, 34, 20, 18, 25, 6, 13, 7, 38, 1, 16, 0, 15, 5, 11, 9, 8, 12, 37]",4668.0,"[2, 31, 3, 21, 27, 29, 22, 39, 19, 26, 32, 17, 30, 36, 33, 28, 4, 14, 10, 35, 23, 24, 34, 20, 18, 25, 6, 13, 7, 38, 1, 16, 0, 15, 5, 11, 9, 8, 12, 37]",4668.0,0.17498326301574707
"[2, 31, 3, 21, 27, 29, 22, 39, 18, 26, 32, 17, 30, 36, 33, 28, 4, 14, 10, 35, 23, 24, 34, 20, 19, 25, 6, 13, 7, 38, 1, 16, 0, 15, 5, 11, 9, 8, 12, 37]",4542.0,"[2, 31, 3, 21, 27, 29, 22, 39, 18, 26, 32, 17, 30, 36, 33, 28, 4, 14, 10, 35, 23, 24, 34, 20, 19, 25, 6, 13, 7, 38, 1, 16, 0, 15, 5, 11, 9, 8, 12, 37]",4542.0,0.34398579597473145
"[2, 31, 3, 21, 27, 29, 22, 39, 18, 26, 32, 17, 30, 36, 33, 28, 4, 14, 10, 35, 23, 24, 34, 20, 19, 25, 6, 13, 7, 38, 1, 16, 0, 15, 5, 11, 9, 8, 12, 37]",4542.0,"[2, 31, 3, 21, 27, 29, 22, 39, 18, 26, 32, 17, 30, 36, 33, 28, 4, 14, 10, 35, 23, 24, 34, 20, 19, 25, 6, 13, 7, 38, 1, 16, 0, 15, 5, 11, 9, 8, 12, 37]",4542.0,0.508986234664917
"[2, 31, 3, 21, 27, 29, 22, 1, 18, 26, 32, 17, 30, 36, 33, 28, 4, 14, 10, 35, 23, 24, 34, 20, 19, 25, 6, 13, 7, 38, 39, 16, 0, 15, 5, 11, 9, 8, 12, 37]",4286.5,"[2, 31, 3, 21, 27, 29, 22, 1, 18, 26, 32, 17, 30, 36, 33, 28, 4, 14, 10, 35, 23, 24, 34, 20, 19, 25, 6, 13, 7, 38, 39, 16, 0, 15, 5, 11, 9, 8, 12, 37]",4286.5,0.6770000457763672
"[2, 31, 3, 22, 27, 29, 21, 1, 18, 26, 32, 17, 30, 36, 33, 28, 4, 14, 10, 35, 23, 24, 34, 20, 19, 25, 6, 13, 7, 38, 39, 16, 0, 15, 5, 11, 9, 8, 12, 37]",4273.0,"[2, 31, 3, 22, 27, 29, 21, 1, 18, 26, 32, 17, 30, 36, 33, 28, 4, 14, 10, 35, 23, 24, 34, 20, 19, 25, 6, 13, 7, 38, 39, 16, 0, 15, 5, 11, 9, 8, 12, 37]",4273.0,0.8579909801483154
"[2, 31, 3, 24, 27, 29, 21, 1, 18, 26, 32, 17, 30, 36, 33, 28, 4, 14, 10, 35, 23, 22, 34, 20, 19, 25, 6, 13, 7, 38, 39, 16, 0, 15, 5, 11, 9, 8, 12, 37]",4255.0,"[2, 31, 3, 24, 27, 29, 21, 1, 18, 26, 32, 17, 30, 36, 33, 28, 4, 14, 10, 35, 23, 22, 34, 20, 19, 25, 6, 13, 7, 38, 39, 16, 0, 15, 5, 11, 9, 8, 12, 37]",4255.0,1.021989345550537
"[2, 31, 3, 24, 19, 29, 21, 1, 18, 26, 32, 17, 30, 36, 33, 28, 4, 14, 10, 35, 23, 22, 34, 20, 27, 25, 6, 13, 7, 38, 39, 16, 0, 15, 5, 11, 9, 8, 12, 37]",4060.0,"[2, 31, 3, 24, 19, 29, 21, 1, 18, 26, 32, 17, 30, 36, 33, 28, 4, 14, 10, 35, 23, 22, 34, 20, 27, 25, 6, 13, 7, 38, 39, 16, 0, 15, 5, 11, 9, 8, 12, 37]",4060.0,1.1880223751068115
"[2, 31, 3, 24, 19, 29, 21, 1, 18, 26, 32, 17, 6, 36, 33, 28, 4, 14, 10, 35, 23, 22, 34, 20, 27, 25, 30, 13, 7, 38, 39, 16, 0, 15, 5, 11, 9, 8, 12, 37]",3900.5,"[2, 31, 3, 24, 19, 29, 21, 1, 18, 26, 32, 17, 6, 36, 33, 28, 4, 14, 10, 35, 23, 22, 34, 20, 27, 25, 30, 13, 7, 38, 39, 16, 0, 15, 5, 11, 9, 8, 12, 37]",3900.5,1.3509957790374756
"[2, 31, 3, 24, 19, 29, 21, 1, 18, 26, 32, 17, 6, 36, 33, 28, 4, 14, 10, 35, 23, 22, 34, 20, 27, 25, 30, 13, 7, 38, 39, 16, 0, 15, 5, 11, 9, 8, 12, 37]",3900.5,"[2, 31, 3, 24, 19, 29, 21, 1, 18, 26, 32, 17, 6, 36, 33, 28, 4, 14, 10, 35, 23, 22, 34, 20, 27, 25, 30, 13, 7, 38, 39, 16, 0, 15, 5, 11, 9, 8, 12, 37]",3900.5,1.5609955787658691
"[28, 31, 3, 24, 19, 29, 21, 1, 18, 26, 32, 17, 6, 36, 33, 2, 4, 14, 10, 35, 23, 22, 34, 20, 27, 25, 30, 13, 7, 38, 39, 16, 0, 15, 5, 11, 9, 8, 12, 37]",3868.5,"[28, 31, 3, 24, 19, 29, 21, 1, 18, 26, 32, 17, 6, 36, 33, 2, 4, 14, 10, 35, 23, 22, 34, 20, 27, 25, 30, 13, 7, 38, 39, 16, 0, 15, 5, 11, 9, 8, 12, 37]",3868.5,1.7460002899169922
"[28, 31, 3, 24, 19, 29, 21, 1, 18, 26, 32, 17, 6, 36, 33, 2, 4, 14, 10, 35, 23, 22, 34, 20, 27, 25, 30, 13, 7, 38, 39, 16, 0, 15, 5, 11, 9, 8, 12, 37]",3868.5,"[28, 31, 3, 24, 19, 29, 21, 1, 18, 26, 32, 17, 6, 36, 33, 2, 4, 14, 10, 35, 23, 22, 34, 20, 27, 25, 30, 13, 7, 38, 39, 16, 0, 15, 5, 11, 9, 8, 12, 37]",3868.5,1.9119975566864014
"[28, 31, 3, 24, 19, 29, 21, 1, 18, 26, 32, 17, 6, 36, 33, 2, 4, 14, 10, 35, 23, 22, 34, 5, 27, 25, 30, 13, 7, 38, 39, 16, 0, 15, 20, 11, 9, 8, 12, 37]",3589.0,"[28, 31, 3, 24, 19, 29, 21, 1, 18, 26, 32, 17, 6, 36, 33, 2, 4, 14, 10, 35, 23, 22, 34, 5, 27, 25, 30, 13, 7, 38, 39, 16, 0, 15, 20, 11, 9, 8, 12, 37]",3589.0,2.0880050659179688
"[28, 31, 3, 24, 19, 29, 21, 1, 18, 26, 32, 17, 6, 36, 33, 2, 4, 14, 10, 35, 23, 22, 34, 5, 27, 25, 30, 13, 7, 38, 39, 16, 0, 15, 20, 11, 9, 8, 12, 37]",3589.0,"[28, 31, 3, 24, 19, 29, 21, 1, 18, 26, 32, 17, 6, 36, 33, 2, 4, 14, 10, 35, 23, 22, 34, 5, 27, 25, 30, 13, 7, 38, 39, 16, 0, 15, 20, 11, 9, 8, 12, 37]",3589.0,2.286006212234497
"[28, 31, 3, 24, 19, 29, 21, 1, 18, 26, 32, 17, 6, 36, 33, 2, 4, 14, 10, 35, 23, 22, 34, 5, 27, 25, 30, 13, 7, 38, 39, 16, 0, 15, 20, 11, 9, 8, 12, 37]",3589.0,"[28, 31, 3, 24, 19, 29, 21, 1, 18, 26, 32, 17, 6, 36, 33, 2, 4, 14, 10, 35, 23, 22, 34, 5, 27, 25, 30, 13, 7, 38, 39, 16, 0, 15, 20, 11, 9, 8, 12, 37]",3589.0,2.4450042247772217
"[28, 31, 3, 24, 19, 29, 21, 1, 18, 26, 32, 17, 6, 36, 33, 2, 4, 14, 10, 35, 23, 22, 34, 5, 27, 25, 30, 13, 7, 38, 39, 16, 0, 15, 20, 11, 9, 8, 12, 37]",3589.0,"[28, 31, 3, 24, 19, 29, 21, 1, 18, 26, 32, 17, 6, 36, 33, 2, 4, 14, 10, 35, 23, 22, 34, 5, 27, 25, 30, 13, 7, 38, 39, 16, 0, 15, 20, 11, 9, 8, 12, 37]",3589.0,2.613006114959717
"[28, 31, 3, 24, 19, 29, 21, 1, 18, 26, 32, 17, 6, 36, 33, 2, 4, 14, 10, 35, 23, 22, 34, 5, 27, 25, 30, 13, 7, 38, 39, 16, 0, 15, 20, 11, 9, 8, 12, 37]",3589.0,"[28, 31, 3, 24, 19, 29, 21, 1, 18, 26, 32, 17, 6, 36, 33, 2, 4, 14, 10, 35, 23, 22, 34, 5, 27, 25, 30, 13, 7, 38, 39, 16, 0, 15, 20, 11, 9, 8, 12, 37]",3589.0,2.7820093631744385
"[28, 31, 3, 24, 19, 29, 21, 1, 18, 26, 32, 17, 6, 36, 33, 2, 4, 14, 10, 35, 23, 22, 34, 5, 27, 25, 30, 13, 7, 38, 39, 16, 0, 15, 20, 11, 9, 8, 12, 37]",3589.0,"[28, 31, 3, 24, 19, 29, 21, 1, 18, 26, 32, 17, 6, 36, 33, 2, 4, 14, 10, 35, 23, 22, 34, 5, 27, 25, 30, 13, 7, 38, 39, 16, 0, 15, 20, 11, 9, 8, 12, 37]",3589.0,2.9410157203674316
"[28, 31, 3, 24, 19, 29, 21, 1, 18, 26, 32, 17, 6, 36, 33, 2, 4, 14, 10, 8, 23, 22, 34, 5, 27, 25, 30, 13, 7, 38, 39, 16, 0, 15, 20, 11, 9, 35, 12, 37]",3501.5,"[28, 31, 3, 24, 19, 29, 21, 1, 18, 26, 32, 17, 6, 36, 33, 2, 4, 14, 10, 8, 23, 22, 34, 5, 27, 25, 30, 13, 7, 38, 39, 16, 0, 15, 20, 11, 9, 35, 12, 37]",3501.5,3.100032329559326
"[28, 31, 3, 24, 19, 29, 21, 1, 18, 26, 32, 17, 6, 36, 33, 2, 4, 14, 10, 8, 23, 22, 34, 5, 27, 25, 30, 13, 7, 38, 39, 16, 0, 15, 20, 11, 9, 35, 12, 37]",3501.5,"[28, 31, 3, 24, 19, 29, 21, 1, 18, 26, 32, 17, 6, 36, 33, 2, 4, 14, 10, 8, 23, 22, 34, 5, 27, 25, 30, 13, 7, 38, 39, 16, 0, 15, 20, 11, 9, 35, 12, 37]",3501.5,3.2650580406188965
"[28, 31, 3, 24, 19, 29, 21, 1, 18, 26, 32, 17, 6, 36, 33, 2, 4, 14, 10, 8, 23, 22, 34, 5, 27, 25, 30, 13, 7, 38, 39, 16, 20, 15, 0, 11, 9, 35, 12, 37]",3469.0,"[28, 31, 3, 24, 19, 29, 21, 1, 18, 26, 32, 17, 6, 36, 33, 2, 4, 14, 10, 8, 23, 22, 34, 5, 27, 25, 30, 13, 7, 38, 39, 16, 20, 15, 0, 11, 9, 35, 12, 37]",3469.0,3.42901349067688
"[28, 31, 3, 24, 19, 29, 21, 1, 18, 26, 5, 17, 6, 36, 33, 2, 4, 14, 10, 8, 23, 22, 34, 32, 27, 25, 30, 13, 7, 38, 39, 16, 20, 15, 0, 11, 9, 35, 12, 37]",3413.5,"[28, 31, 3, 24, 19, 29, 21, 1, 18, 26, 5, 17, 6, 36, 33, 2, 4, 14, 10, 8, 23, 22, 34, 32, 27, 25, 30, 13, 7, 38, 39, 16, 20, 15, 0, 11, 9, 35, 12, 37]",3413.5,3.5940303802490234
"[28, 31, 3, 24, 19, 29, 21, 1, 18, 26, 5, 17, 6, 36, 33, 2, 4, 14, 10, 8, 23, 22, 34, 32, 27, 25, 30, 13, 7, 38, 39, 16, 20, 15, 0, 11, 9, 35, 12, 37]",3413.5,"[28, 31, 3, 24, 19, 29, 21, 1, 18, 26, 5, 17, 6, 36, 33, 2, 4, 14, 10, 8, 23, 22, 34, 32, 27, 25, 30, 13, 7, 38, 39, 16, 20, 15, 0, 11, 9, 35, 12, 37]",3413.5,3.759056329727173
"[28, 31, 3, 24, 19, 29, 21, 1, 18, 26, 5, 17, 6, 36, 33, 2, 4, 14, 10, 8, 23, 22, 34, 32, 27, 25, 30, 13, 7, 38, 39, 16, 20, 15, 0, 11, 9, 35, 12, 37]",3413.5,"[28, 31, 3, 24, 19, 29, 21, 1, 18, 26, 5, 17, 6, 36, 33, 2, 4, 14, 10, 8, 23, 22, 34, 32, 27, 25, 30, 13, 7, 38, 39, 16, 20, 15, 0, 11, 9, 35, 12, 37]",3413.5,3.917025327682495
"[28, 31, 3, 24, 19, 29, 21, 1, 18, 26, 7, 17, 6, 36, 33, 2, 4, 14, 10, 8, 23, 22, 34, 32, 27, 25, 30, 13, 5, 38, 39, 16, 20, 15, 0, 11, 9, 35, 12, 37]",3341.0,"[28, 31, 3, 24, 19, 29, 21, 1, 18, 26, 7, 17, 6, 36, 33, 2, 4, 14, 10, 8, 23, 22, 34, 32, 27, 25, 30, 13, 5, 38, 39, 16, 20, 15, 0, 11, 9, 35, 12, 37]",3341.0,4.080025911331177
"[28, 31, 3, 24, 19, 29, 21, 1, 18, 26, 7, 17, 6, 36, 33, 2, 4, 14, 10, 8, 23, 22, 34, 32, 20, 25, 30, 13, 5, 38, 39, 16, 27, 15, 0, 11, 9, 35, 12, 37]",3257.5,"[28, 31, 3, 24, 19, 29, 21, 1, 18, 26, 7, 17, 6, 36, 33, 2, 4, 14, 10, 8, 23, 22, 34, 32, 20, 25, 30, 13, 5, 38, 39, 16, 27, 15, 0, 11, 9, 35, 12, 37]",3257.5,4.238026857376099
"[28, 31, 3, 24, 19, 29, 21, 1, 18, 26, 7, 17, 6, 36, 33, 2, 4, 14, 10, 8, 23, 22, 34, 32, 20, 25, 30, 13, 5, 38, 39, 16, 27, 15, 0, 11, 9, 35, 12, 37]",3257.5,"[28, 31, 3, 24, 19, 29, 21, 1, 18, 26, 7, 17, 6, 36, 33, 2, 4, 14, 10, 8, 23, 22, 34, 32, 20, 25, 30, 13, 5, 38, 39, 16, 27, 15, 0, 11, 9, 35, 12, 37]",3257.5,4.401026010513306
"[28, 31, 3, 24, 19, 29, 21, 1, 18, 26, 7, 17, 6, 36, 33, 2, 4, 14, 10, 8, 23, 22, 34, 32, 20, 25, 30, 13, 5, 38, 39, 16, 27, 15, 0, 11, 9, 35, 12, 37]",3257.5,"[28, 31, 3, 24, 19, 29, 21, 1, 18, 26, 7, 17, 6, 36, 33, 2, 4, 14, 10, 8, 23, 22, 34, 32, 20, 25, 30, 13, 5, 38, 39, 16, 27, 15, 0, 11, 9, 35, 12, 37]",3257.5,4.562036514282227
"[28, 31, 3, 24, 19, 29, 21, 1, 18, 26, 7, 17, 6, 36, 33, 2, 4, 14, 10, 8, 23, 22, 34, 32, 20, 25, 30, 13, 5, 38, 39, 16, 27, 15, 0, 11, 9, 35, 12, 37]",3257.5,"[28, 31, 3, 24, 19, 29, 21, 1, 18, 26, 7, 17, 6, 36, 33, 2, 4, 14, 10, 8, 23, 22, 34, 32, 20, 25, 30, 13, 5, 38, 39, 16, 27, 15, 0, 11, 9, 35, 12, 37]",3257.5,4.728034496307373
"[28, 31, 3, 24, 19, 29, 22, 1, 18, 26, 7, 17, 6, 36, 33, 2, 4, 14, 10, 8, 23, 21, 34, 32, 20, 25, 30, 13, 5, 38, 39, 16, 27, 15, 0, 11, 9, 35, 12, 37]",3242.0,"[28, 31, 3, 24, 19, 29, 22, 1, 18, 26, 7, 17, 6, 36, 33, 2, 4, 14, 10, 8, 23, 21, 34, 32, 20, 25, 30, 13, 5, 38, 39, 16, 27, 15, 0, 11, 9, 35, 12, 37]",3242.0,4.89403510093689
"[28, 31, 3, 24, 19, 29, 22, 1, 18, 26, 7, 17, 6, 36, 33, 2, 4, 14, 10, 8, 23, 21, 34, 32, 20, 25, 30, 13, 5, 38, 39, 16, 27, 15, 0, 11, 9, 35, 12, 37]",3242.0,"[28, 31, 3, 24, 19, 29, 22, 1, 18, 26, 7, 17, 6, 36, 33, 2, 4, 14, 10, 8, 23, 21, 34, 32, 20, 25, 30, 13, 5, 38, 39, 16, 27, 15, 0, 11, 9, 35, 12, 37]",3242.0,5.056031703948975
"[28, 31, 3, 24, 19, 29, 22, 1, 18, 26, 7, 17, 6, 36, 33, 2, 4, 14, 10, 8, 23, 21, 34, 32, 20, 25, 30, 13, 5, 38, 39, 16, 27, 15, 0, 11, 9, 35, 12, 37]",3242.0,"[28, 31, 3, 24, 19, 29, 22, 1, 18, 26, 7, 17, 6, 36, 33, 2, 4, 14, 10, 8, 23, 21, 34, 32, 20, 25, 30, 13, 5, 38, 39, 16, 27, 15, 0, 11, 9, 35, 12, 37]",3242.0,5.2240378856658936
"[28, 31, 3, 24, 19, 29, 22, 1, 18, 26, 7, 17, 6, 36, 33, 2, 4, 14, 10, 8, 23, 21, 34, 32, 20, 25, 30, 13, 5, 38, 39, 16, 27, 15, 0, 11, 9, 35, 12, 37]",3242.0,"[28, 31, 3, 24, 19, 29, 22, 1, 18, 26, 7, 17, 6, 36, 33, 2, 4, 14, 10, 8, 23, 21, 34, 32, 20, 25, 30, 13, 5, 38, 39, 16, 27, 15, 0, 11, 9, 35, 12, 37]",3242.0,5.387034893035889
"[28, 31, 3, 24, 19, 29, 22, 1, 18, 26, 7, 17, 6, 36, 33, 2, 4, 14, 10, 8, 23, 21, 34, 32, 20, 25, 30, 13, 5, 38, 39, 16, 27, 15, 0, 11, 9, 35, 12, 37]",3242.0,"[28, 31, 3, 24, 19, 29, 22, 1, 18, 26, 7, 17, 6, 36, 33, 2, 4, 14, 10, 8, 23, 21, 34, 32, 20, 25, 30, 13, 5, 38, 39, 16, 27, 15, 0, 11, 9, 35, 12, 37]",3242.0,5.546176195144653
"[28, 31, 3, 24, 19, 29, 22, 1, 17, 26, 7, 18, 6, 36, 33, 2, 4, 14, 10, 8, 23, 21, 34, 32, 20, 25, 30, 13, 5, 38, 39, 16, 27, 15, 0, 11, 9, 35, 12, 37]",3233.0,"[28, 31, 3, 24, 19, 29, 22, 1, 17, 26, 7, 18, 6, 36, 33, 2, 4, 14, 10, 8, 23, 21, 34, 32, 20, 25, 30, 13, 5, 38, 39, 16, 27, 15, 0, 11, 9, 35, 12, 37]",3233.0,5.707041025161743
"[28, 31, 3, 24, 19, 29, 22, 1, 17, 26, 7, 18, 6, 36, 33, 2, 4, 14, 10, 8, 23, 21, 34, 32, 20, 25, 30, 13, 5, 38, 39, 16, 27, 15, 0, 11, 9, 35, 12, 37]",3233.0,"[28, 31, 3, 24, 19, 29, 22, 1, 17, 26, 7, 18, 6, 36, 33, 2, 4, 14, 10, 8, 23, 21, 34, 32, 20, 25, 30, 13, 5, 38, 39, 16, 27, 15, 0, 11, 9, 35, 12, 37]",3233.0,5.866045236587524
"[28, 31, 3, 24, 19, 29, 22, 1, 17, 26, 7, 18, 6, 36, 33, 2, 4, 14, 10, 8, 23, 21, 34, 32, 20, 25, 30, 13, 5, 38, 9, 16, 27, 15, 0, 11, 39, 35, 12, 37]",3170.5,"[28, 31, 3, 24, 19, 29, 22, 1, 17, 26, 7, 18, 6, 36, 33, 2, 4, 14, 10, 8, 23, 21, 34, 32, 20, 25, 30, 13, 5, 38, 9, 16, 27, 15, 0, 11, 39, 35, 12, 37]",3170.5,6.027069091796875
"[28, 31, 3, 24, 19, 29, 22, 1, 17, 26, 7, 18, 6, 36, 33, 2, 4, 14, 10, 8, 23, 21, 34, 32, 20, 25, 30, 13, 5, 38, 9, 16, 27, 15, 0, 11, 39, 35, 12, 37]",3170.5,"[28, 31, 3, 24, 19, 29, 22, 1, 17, 26, 7, 18, 6, 36, 33, 2, 4, 14, 10, 8, 23, 21, 34, 32, 20, 25, 30, 13, 5, 38, 9, 16, 27, 15, 0, 11, 39, 35, 12, 37]",3170.5,6.186047077178955
"[28, 31, 3, 24, 19, 29, 22, 1, 17, 26, 7, 18, 6, 36, 33, 2, 4, 14, 10, 8, 23, 21, 34, 32, 20, 25, 30, 13, 5, 38, 9, 16, 27, 15, 0, 11, 39, 35, 12, 37]",3170.5,"[28, 31, 3, 24, 19, 29, 22, 1, 17, 26, 7, 18, 6, 36, 33, 2, 4, 14, 10, 8, 23, 21, 34, 32, 20, 25, 30, 13, 5, 38, 9, 16, 27, 15, 0, 11, 39, 35, 12, 37]",3170.5,6.351067781448364
"[28, 31, 3, 24, 19, 29, 22, 1, 17, 26, 7, 18, 6, 36, 33, 2, 4, 14, 10, 8, 23, 21, 34, 32, 20, 25, 30, 13, 5, 38, 9, 16, 27, 15, 0, 11, 39, 35, 12, 37]",3170.5,"[28, 31, 3, 24, 19, 29, 22, 1, 17, 26, 7, 18, 6, 36, 33, 2, 4, 14, 10, 8, 23, 21, 34, 32, 20, 25, 30, 13, 5, 38, 9, 16, 27, 15, 0, 11, 39, 35, 12, 37]",3170.5,6.516046047210693
"[28, 31, 3, 24, 19, 29, 22, 1, 17, 26, 7, 18, 6, 36, 33, 2, 4, 14, 10, 8, 23, 21, 34, 32, 20, 25, 30, 13, 5, 38, 9, 16, 27, 15, 0, 11, 39, 35, 12, 37]",3170.5,"[28, 31, 3, 24, 19, 29, 22, 1, 17, 26, 7, 18, 6, 36, 33, 2, 4, 14, 10, 8, 23, 21, 34, 32, 20, 25, 30, 13, 5, 38, 9, 16, 27, 15, 0, 11, 39, 35, 12, 37]",3170.5,6.677050590515137
"[28, 31, 3, 24, 19, 29, 22, 1, 17, 26, 7, 18, 6, 36, 33, 2, 4, 14, 10, 8, 23, 21, 34, 32, 20, 25, 30, 13, 5, 38, 9, 16, 27, 15, 0, 11, 39, 35, 12, 37]",3170.5,"[28, 31, 3, 24, 19, 29, 22, 1, 17, 26, 7, 18, 6, 36, 33, 2, 4, 14, 10, 8, 23, 21, 34, 32, 20, 25, 30, 13, 5, 38, 9, 16, 27, 15, 0, 11, 39, 35, 12, 37]",3170.5,6.834051132202148
"[28, 31, 3, 24, 19, 29, 22, 1, 17, 26, 7, 18, 6, 36, 33, 2, 4, 14, 10, 8, 23, 21, 34, 32, 20, 25, 30, 13, 5, 38, 9, 16, 27, 15, 0, 11, 39, 35, 12, 37]",3170.5,"[28, 31, 3, 24, 19, 29, 22, 1, 17, 26, 7, 18, 6, 36, 33, 2, 4, 14, 10, 8, 23, 21, 34, 32, 20, 25, 30, 13, 5, 38, 9, 16, 27, 15, 0, 11, 39, 35, 12, 37]",3170.5,6.995051383972168
"[28, 31, 3, 24, 19, 29, 22, 1, 17, 26, 7, 18, 6, 36, 33, 2, 4, 14, 10, 8, 5, 21, 34, 32, 20, 25, 30, 13, 23, 38, 9, 16, 27, 15, 0, 11, 39, 35, 12, 37]",3155.0,"[28, 31, 3, 24, 19, 29, 22, 1, 17, 26, 7, 18, 6, 36, 33, 2, 4, 14, 10, 8, 5, 21, 34, 32, 20, 25, 30, 13, 23, 38, 9, 16, 27, 15, 0, 11, 39, 35, 12, 37]",3155.0,7.161056280136108
"[28, 31, 3, 24, 19, 29, 22, 1, 17, 26, 7, 18, 6, 36, 33, 2, 4, 14, 10, 8, 5, 21, 34, 32, 20, 25, 30, 13, 23, 38, 9, 16, 27, 15, 0, 11, 39, 35, 12, 37]",3155.0,"[28, 31, 3, 24, 19, 29, 22, 1, 17, 26, 7, 18, 6, 36, 33, 2, 4, 14, 10, 8, 5, 21, 34, 32, 20, 25, 30, 13, 23, 38, 9, 16, 27, 15, 0, 11, 39, 35, 12, 37]",3155.0,7.321054458618164
"[28, 9, 3, 24, 19, 29, 22, 1, 17, 26, 7, 18, 6, 36, 33, 2, 4, 14, 10, 8, 5, 21, 34, 32, 20, 25, 30, 13, 23, 38, 31, 16, 27, 15, 0, 11, 39, 35, 12, 37]",3053.5,"[28, 9, 3, 24, 19, 29, 22, 1, 17, 26, 7, 18, 6, 36, 33, 2, 4, 14, 10, 8, 5, 21, 34, 32, 20, 25, 30, 13, 23, 38, 31, 16, 27, 15, 0, 11, 39, 35, 12, 37]",3053.5,7.480055332183838
"[28, 9, 3, 24, 19, 29, 22, 1, 17, 26, 7, 18, 6, 36, 33, 2, 4, 14, 10, 8, 5, 21, 34, 32, 20, 25, 30, 13, 23, 38, 31, 16, 27, 15, 0, 11, 39, 35, 12, 37]",3053.5,"[28, 9, 3, 24, 19, 29, 22, 1, 17, 26, 7, 18, 6, 36, 33, 2, 4, 14, 10, 8, 5, 21, 34, 32, 20, 25, 30, 13, 23, 38, 31, 16, 27, 15, 0, 11, 39, 35, 12, 37]",3053.5,7.642056941986084
"[28, 9, 3, 24, 19, 29, 22, 1, 17, 26, 7, 18, 6, 36, 33, 2, 4, 14, 10, 8, 5, 21, 34, 32, 20, 25, 30, 13, 23, 38, 31, 16, 27, 15, 0, 11, 39, 35, 12, 37]",3053.5,"[28, 9, 3, 24, 19, 29, 22, 1, 17, 26, 7, 18, 6, 36, 33, 2, 4, 14, 10, 8, 5, 21, 34, 32, 20, 25, 30, 13, 23, 38, 31, 16, 27, 15, 0, 11, 39, 35, 12, 37]",3053.5,7.802057266235352
"[28, 9, 3, 24, 19, 29, 22, 1, 17, 26, 7, 18, 6, 36, 33, 2, 4, 14, 10, 8, 5, 21, 34, 32, 20, 25, 30, 13, 23, 38, 31, 16, 27, 15, 0, 11, 39, 35, 12, 37]",3053.5,"[28, 9, 3, 24, 19, 29, 22, 1, 17, 26, 7, 18, 6, 36, 33, 2, 4, 14, 10, 8, 5, 21, 34, 32, 20, 25, 30, 13, 23, 38, 31, 16, 27, 15, 0, 11, 39, 35, 12, 37]",3053.5,7.959064483642578
"[28, 9, 3, 24, 19, 29, 22, 1, 17, 26, 7, 18, 6, 36, 33, 2, 4, 14, 10, 8, 5, 21, 34, 32, 20, 25, 30, 13, 23, 38, 31, 16, 27, 15, 0, 11, 39, 35, 12, 37]",3053.5,"[28, 9, 3, 24, 19, 29, 22, 1, 17, 26, 7, 18, 6, 36, 33, 2, 4, 14, 10, 8, 5, 21, 34, 32, 20, 25, 30, 13, 23, 38, 31, 16, 27, 15, 0, 11, 39, 35, 12, 37]",3053.5,8.122067928314209
"[28, 9, 3, 24, 19, 29, 22, 1, 17, 26, 7, 18, 6, 36, 33, 2, 4, 14, 10, 8, 5, 21, 34, 32, 20, 25, 30, 13, 23, 38, 31, 16, 27, 15, 0, 11, 39, 35, 12, 37]",3053.5,"[28, 9, 3, 24, 19, 29, 22, 1, 17, 26, 7, 18, 6, 36, 33, 2, 4, 14, 10, 8, 5, 21, 34, 32, 20, 25, 30, 13, 23, 38, 31, 16, 27, 15, 0, 11, 39, 35, 12, 37]",3053.5,8.283067464828491
"[28, 9, 3, 24, 19, 29, 22, 1, 17, 26, 7, 18, 6, 36, 33, 2, 4, 14, 10, 8, 5, 21, 34, 32, 20, 25, 30, 13, 23, 38, 31, 16, 27, 15, 0, 11, 39, 35, 12, 37]",3053.5,"[28, 9, 3, 24, 19, 29, 22, 1, 17, 26, 7, 18, 6, 36, 33, 2, 4, 14, 10, 8, 5, 21, 34, 32, 20, 25, 30, 13, 23, 38, 31, 16, 27, 15, 0, 11, 39, 35, 12, 37]",3053.5,8.446067571640015
"[28, 9, 3, 24, 19, 29, 22, 1, 17, 26, 7, 18, 6, 36, 33, 2, 4, 14, 10, 8, 5, 21, 34, 32, 20, 25, 30, 13, 23, 38, 31, 16, 27, 15, 0, 11, 39, 35, 12, 37]",3053.5,"[28, 9, 3, 24, 19, 29, 22, 1, 17, 26, 7, 18, 6, 36, 33, 2, 4, 14, 10, 8, 5, 21, 34, 32, 20, 25, 30, 13, 23, 38, 31, 16, 27, 15, 0, 11, 39, 35, 12, 37]",3053.5,8.60607361793518
"[28, 9, 3, 24, 19, 29, 22, 1, 17, 26, 7, 18, 6, 36, 33, 2, 4, 14, 10, 8, 5, 21, 34, 32, 20, 25, 30, 13, 23, 38, 31, 16, 27, 15, 0, 11, 39, 35, 12, 37]",3053.5,"[28, 9, 3, 24, 19, 29, 22, 1, 17, 26, 7, 18, 6, 36, 33, 2, 4, 14, 10, 8, 5, 21, 34, 32, 20, 25, 30, 13, 23, 38, 31, 16, 27, 15, 0, 11, 39, 35, 12, 37]",3053.5,8.768069744110107
"[28, 9, 3, 24, 19, 29, 22, 1, 17, 26, 7, 18, 6, 36, 33, 2, 4, 14, 10, 8, 5, 21, 34, 32, 20, 25, 30, 13, 23, 38, 31, 16, 27, 15, 0, 11, 39, 35, 12, 37]",3053.5,"[28, 9, 3, 24, 19, 29, 22, 1, 17, 26, 7, 18, 6, 36, 33, 2, 4, 14, 10, 8, 5, 21, 34, 32, 20, 25, 30, 13, 23, 38, 31, 16, 27, 15, 0, 11, 39, 35, 12, 37]",3053.5,8.926075220108032
"[28, 9, 3, 24, 19, 29, 22, 1, 17, 26, 7, 18, 6, 36, 33, 2, 4, 14, 10, 8, 5, 21, 34, 32, 20, 25, 30, 13, 23, 38, 31, 16, 27, 15, 0, 11, 39, 35, 12, 37]",3053.5,"[28, 9, 3, 24, 19, 29, 22, 1, 17, 26, 7, 18, 6, 36, 33, 2, 4, 14, 10, 8, 5, 21, 34, 32, 20, 25, 30, 13, 23, 38, 31, 16, 27, 15, 0, 11, 39, 35, 12, 37]",3053.5,9.083075284957886
"[28, 9, 3, 24, 19, 29, 22, 1, 17, 26, 7, 18, 6, 36, 33, 2, 4, 14, 10, 8, 5, 21, 34, 32, 20, 25, 30, 13, 23, 38, 31, 16, 27, 15, 0, 11, 39, 35, 12, 37]",3053.5,"[28, 9, 3, 24, 19, 29, 22, 1, 17, 26, 7, 18, 6, 36, 33, 2, 4, 14, 10, 8, 5, 21, 34, 32, 20, 25, 30, 13, 23, 38, 31, 16, 27, 15, 0, 11, 39, 35, 12, 37]",3053.5,9.252070665359497
"[28, 9, 3, 24, 19, 29, 22, 1, 17, 26, 7, 18, 6, 36, 33, 2, 4, 14, 10, 8, 5, 21, 34, 32, 20, 25, 30, 13, 23, 38, 31, 16, 27, 15, 0, 11, 39, 35, 12, 37]",3053.5,"[28, 9, 3, 24, 19, 29, 22, 1, 17, 26, 7, 18, 6, 36, 33, 2, 4, 14, 10, 8, 5, 21, 34, 32, 20, 25, 30, 13, 23, 38, 31, 16, 27, 15, 0, 11, 39, 35, 12, 37]",3053.5,9.445079565048218
"[28, 9, 3, 24, 19, 29, 22, 1, 17, 26, 7, 18, 6, 36, 33, 2, 4, 14, 10, 8, 5, 21, 34, 32, 20, 25, 30, 13, 23, 38, 31, 16, 27, 15, 0, 11, 39, 35, 12, 37]",3053.5,"[28, 9, 3, 24, 19, 29, 22, 1, 17, 26, 7, 18, 6, 36, 33, 2, 4, 14, 10, 8, 5, 21, 34, 32, 20, 25, 30, 13, 23, 38, 31, 16, 27, 15, 0, 11, 39, 35, 12, 37]",3053.5,9.605087518692017
"[28, 9, 3, 24, 19, 29, 22, 1, 17, 26, 7, 18, 6, 36, 33, 2, 4, 14, 10, 8, 5, 21, 34, 32, 20, 25, 30, 13, 23, 38, 31, 16, 27, 15, 0, 11, 39, 35, 12, 37]",3053.5,"[28, 9, 3, 24, 19, 29, 22, 1, 17, 26, 7, 18, 6, 36, 33, 2, 4, 14, 10, 8, 5, 21, 34, 32, 20, 25, 30, 13, 23, 38, 31, 16, 27, 15, 0, 11, 39, 35, 12, 37]",3053.5,9.778080940246582
"[28, 9, 3, 24, 19, 29, 22, 1, 17, 26, 7, 18, 6, 36, 33, 2, 4, 14, 10, 8, 5, 21, 34, 32, 20, 25, 30, 13, 23, 38, 31, 16, 37, 15, 0, 11, 39, 35, 12, 27]",3011.0,"[28, 9, 3, 24, 19, 29, 22, 1, 17, 26, 7, 18, 6, 36, 33, 2, 4, 14, 10, 8, 5, 21, 34, 32, 20, 25, 30, 13, 23, 38, 31, 16, 37, 15, 0, 11, 39, 35, 12, 27]",3011.0,9.940086364746094
"[28, 9, 3, 24, 19, 29, 22, 1, 17, 26, 7, 18, 6, 36, 33, 2, 4, 14, 10, 8, 5, 21, 34, 32, 20, 25, 30, 13, 23, 38, 31, 16, 37, 15, 0, 11, 39, 35, 12, 27]",3011.0,"[28, 9, 3, 24, 19, 29, 22, 1, 17, 26, 7, 18, 6, 36, 33, 2, 4, 14, 10, 8, 5, 21, 34, 32, 20, 25, 30, 13, 23, 38, 31, 16, 37, 15, 0, 11, 39, 35, 12, 27]",3011.0,10.093088388442993
"[28, 9, 3, 24, 19, 29, 22, 1, 17, 26, 7, 18, 6, 36, 33, 2, 4, 14, 10, 8, 5, 21, 34, 32, 20, 25, 30, 13, 23, 38, 31, 16, 37, 15, 0, 11, 39, 35, 12, 27]",3011.0,"[28, 9, 3, 24, 19, 29, 22, 1, 17, 26, 7, 18, 6, 36, 33, 2, 4, 14, 10, 8, 5, 21, 34, 32, 20, 25, 30, 13, 23, 38, 31, 16, 37, 15, 0, 11, 39, 35, 12, 27]",3011.0,10.25608515739441
"[28, 9, 3, 24, 19, 29, 5, 1, 17, 26, 7, 18, 6, 36, 33, 2, 4, 14, 10, 8, 22, 21, 34, 32, 20, 25, 30, 13, 23, 38, 31, 16, 37, 15, 0, 11, 39, 35, 12, 27]",2997.5,"[28, 9, 3, 24, 19, 29, 5, 1, 17, 26, 7, 18, 6, 36, 33, 2, 4, 14, 10, 8, 22, 21, 34, 32, 20, 25, 30, 13, 23, 38, 31, 16, 37, 15, 0, 11, 39, 35, 12, 27]",2997.5,10.418084383010864
"[28, 9, 3, 24, 19, 29, 5, 1, 17, 26, 7, 18, 6, 36, 33, 2, 4, 14, 10, 8, 22, 21, 34, 32, 20, 25, 30, 13, 23, 38, 31, 16, 37, 15, 0, 11, 39, 35, 12, 27]",2997.5,"[28, 9, 3, 24, 19, 29, 5, 1, 17, 26, 7, 18, 6, 36, 33, 2, 4, 14, 10, 8, 22, 21, 34, 32, 20, 25, 30, 13, 23, 38, 31, 16, 37, 15, 0, 11, 39, 35, 12, 27]",2997.5,10.577088356018066
"[28, 9, 3, 24, 19, 29, 5, 1, 17, 20, 7, 18, 6, 36, 33, 2, 4, 14, 10, 8, 22, 21, 34, 32, 26, 25, 30, 13, 23, 38, 31, 16, 37, 15, 0, 11, 39, 35, 12, 27]",2994.5,"[28, 9, 3, 24, 19, 29, 5, 1, 17, 20, 7, 18, 6, 36, 33, 2, 4, 14, 10, 8, 22, 21, 34, 32, 26, 25, 30, 13, 23, 38, 31, 16, 37, 15, 0, 11, 39, 35, 12, 27]",2994.5,10.74109148979187
"[28, 9, 3, 24, 19, 29, 5, 1, 17, 20, 7, 18, 6, 36, 33, 2, 4, 14, 10, 8, 22, 21, 34, 32, 26, 25, 30, 13, 23, 38, 31, 16, 37, 15, 0, 11, 39, 35, 12, 27]",2994.5,"[28, 9, 3, 24, 19, 29, 5, 1, 17, 20, 7, 18, 6, 36, 33, 2, 4, 14, 10, 8, 22, 21, 34, 32, 26, 25, 30, 13, 23, 38, 31, 16, 37, 15, 0, 11, 39, 35, 12, 27]",2994.5,10.90409231185913
"[28, 9, 3, 24, 19, 29, 5, 1, 17, 20, 7, 18, 6, 36, 33, 2, 4, 14, 10, 8, 22, 21, 34, 32, 26, 25, 30, 13, 23, 38, 31, 16, 37, 15, 0, 11, 39, 35, 12, 27]",2994.5,"[28, 9, 3, 24, 19, 29, 5, 1, 17, 20, 7, 18, 6, 36, 33, 2, 4, 14, 10, 8, 22, 21, 34, 32, 26, 25, 30, 13, 23, 38, 31, 16, 37, 15, 0, 11, 39, 35, 12, 27]",2994.5,11.072092056274414
"[28, 9, 3, 24, 19, 29, 5, 1, 17, 20, 7, 18, 6, 36, 33, 2, 4, 14, 10, 8, 22, 21, 34, 32, 26, 25, 30, 13, 23, 38, 31, 16, 37, 15, 0, 11, 39, 35, 12, 27]",2994.5,"[28, 9, 3, 24, 19, 29, 5, 1, 17, 20, 7, 18, 6, 36, 33, 2, 4, 14, 10, 8, 22, 21, 34, 32, 26, 25, 30, 13, 23, 38, 31, 16, 37, 15, 0, 11, 39, 35, 12, 27]",2994.5,11.235098123550415
"[28, 9, 3, 24, 19, 29, 5, 1, 17, 20, 7, 18, 6, 13, 33, 2, 4, 14, 10, 8, 22, 21, 34, 32, 26, 25, 30, 36, 23, 38, 31, 16, 37, 15, 0, 11, 39, 35, 12, 27]",2914.5,"[28, 9, 3, 24, 19, 29, 5, 1, 17, 20, 7, 18, 6, 13, 33, 2, 4, 14, 10, 8, 22, 21, 34, 32, 26, 25, 30, 36, 23, 38, 31, 16, 37, 15, 0, 11, 39, 35, 12, 27]",2914.5,11.39709734916687
"[28, 9, 3, 24, 19, 29, 5, 1, 17, 20, 7, 18, 6, 13, 33, 2, 4, 14, 10, 8, 22, 21, 34, 32, 26, 25, 30, 36, 23, 38, 31, 16, 37, 15, 0, 11, 39, 35, 12, 27]",2914.5,"[28, 9, 3, 24, 19, 29, 5, 1, 17, 20, 7, 18, 6, 13, 33, 2, 4, 14, 10, 8, 22, 21, 34, 32, 26, 25, 30, 36, 23, 38, 31, 16, 37, 15, 0, 11, 39, 35, 12, 27]",2914.5,11.559178829193115
"[28, 9, 3, 24, 19, 29, 5, 1, 17, 20, 7, 18, 6, 13, 33, 2, 4, 14, 10, 8, 22, 21, 34, 32, 26, 25, 30, 36, 23, 38, 31, 16, 37, 15, 0, 11, 39, 35, 12, 27]",2914.5,"[28, 9, 3, 24, 19, 29, 5, 1, 17, 20, 7, 18, 6, 13, 33, 2, 4, 14, 10, 8, 22, 21, 34, 32, 26, 25, 30, 36, 23, 38, 31, 16, 37, 15, 0, 11, 39, 35, 12, 27]",2914.5,11.716100215911865
"[28, 9, 3, 24, 19, 29, 5, 1, 17, 20, 7, 18, 6, 13, 33, 2, 4, 14, 10, 8, 22, 21, 34, 32, 26, 25, 30, 36, 23, 38, 31, 16, 37, 15, 0, 11, 39, 35, 12, 27]",2914.5,"[28, 9, 3, 24, 19, 29, 5, 1, 17, 20, 7, 18, 6, 13, 33, 2, 4, 14, 10, 8, 22, 21, 34, 32, 26, 25, 30, 36, 23, 38, 31, 16, 37, 15, 0, 11, 39, 35, 12, 27]",2914.5,11.882102251052856
"[28, 9, 3, 24, 19, 29, 5, 1, 17, 20, 7, 18, 6, 13, 33, 2, 4, 14, 10, 8, 22, 21, 34, 32, 26, 25, 30, 36, 23, 38, 31, 16, 37, 15, 0, 11, 39, 35, 12, 27]",2914.5,"[28, 9, 3, 24, 19, 29, 5, 1, 17, 20, 7, 18, 6, 13, 33, 2, 4, 14, 10, 8, 22, 21, 34, 32, 26, 25, 30, 36, 23, 38, 31, 16, 37, 15, 0, 11, 39, 35, 12, 27]",2914.5,12.049156904220581
"[28, 9, 3, 24, 19, 29, 5, 1, 17, 20, 7, 18, 6, 13, 33, 2, 4, 14, 10, 8, 22, 21, 34, 32, 26, 25, 30, 36, 23, 38, 31, 16, 37, 15, 0, 11, 39, 35, 12, 27]",2914.5,"[28, 9, 3, 24, 19, 29, 5, 1, 17, 20, 7, 18, 6, 13, 33, 2, 4, 14, 10, 8, 22, 21, 34, 32, 26, 25, 30, 36, 23, 38, 31, 16, 37, 15, 0, 11, 39, 35, 12, 27]",2914.5,12.216105699539185
"[28, 9, 3, 24, 19, 29, 5, 1, 17, 20, 7, 18, 6, 13, 33, 2, 4, 14, 10, 8, 22, 21, 34, 32, 26, 25, 30, 36, 23, 38, 31, 16, 37, 15, 0, 11, 39, 35, 12, 27]",2914.5,"[28, 9, 3, 24, 19, 29, 5, 1, 17, 20, 7, 18, 6, 13, 33, 2, 4, 14, 10, 8, 22, 21, 34, 32, 26, 25, 30, 36, 23, 38, 31, 16, 37, 15, 0, 11, 39, 35, 12, 27]",2914.5,12.38310956954956
"[28, 9, 3, 24, 19, 29, 5, 1, 17, 20, 7, 18, 6, 13, 33, 2, 4, 14, 10, 8, 22, 21, 34, 32, 26, 25, 30, 36, 23, 38, 31, 16, 37, 15, 0, 11, 39, 35, 12, 27]",2914.5,"[28, 9, 3, 24, 19, 29, 5, 1, 17, 20, 7, 18, 6, 13, 33, 2, 4, 14, 10, 8, 22, 21, 34, 32, 26, 25, 30, 36, 23, 38, 31, 16, 37, 15, 0, 11, 39, 35, 12, 27]",2914.5,12.54311990737915
"[28, 9, 3, 24, 19, 29, 5, 1, 17, 20, 7, 18, 6, 13, 33, 2, 4, 14, 10, 8, 22, 21, 34, 32, 26, 25, 30, 36, 23, 38, 31, 16, 37, 15, 0, 11, 39, 35, 12, 27]",2914.5,"[28, 9, 3, 24, 19, 29, 5, 1, 17, 20, 7, 18, 6, 13, 33, 2, 4, 14, 10, 8, 22, 21, 34, 32, 26, 25, 30, 36, 23, 38, 31, 16, 37, 15, 0, 11, 39, 35, 12, 27]",2914.5,12.718115091323853
"[28, 9, 3, 24, 19, 29, 5, 1, 17, 20, 7, 18, 6, 13, 33, 2, 4, 14, 10, 8, 22, 21, 34, 32, 26, 25, 30, 36, 23, 38, 31, 16, 37, 15, 0, 11, 39, 35, 12, 27]",2914.5,"[28, 9, 3, 24, 19, 29, 5, 1, 17, 20, 7, 18, 6, 13, 33, 2, 4, 14, 10, 8, 22, 21, 34, 32, 26, 25, 30, 36, 23, 38, 31, 16, 37, 15, 0, 11, 39, 35, 12, 27]",2914.5,12.880121946334839
"[28, 9, 3, 24, 19, 29, 5, 1, 17, 20, 7, 18, 6, 13, 33, 2, 4, 14, 10, 8, 22, 21, 34, 32, 26, 25, 30, 36, 23, 38, 31, 16, 37, 15, 0, 11, 39, 35, 12, 27]",2914.5,"[28, 9, 3, 24, 19, 29, 5, 1, 17, 20, 7, 18, 6, 13, 33, 2, 4, 14, 10, 8, 22, 21, 34, 32, 26, 25, 30, 36, 23, 38, 31, 16, 37, 15, 0, 11, 39, 35, 12, 27]",2914.5,13.041115045547485
"[28, 9, 3, 24, 19, 29, 5, 1, 17, 20, 7, 18, 6, 13, 33, 2, 4, 14, 10, 8, 22, 21, 34, 32, 26, 25, 30, 36, 23, 38, 31, 16, 37, 15, 0, 11, 39, 35, 12, 27]",2914.5,"[28, 9, 3, 24, 19, 29, 5, 1, 17, 20, 7, 18, 6, 13, 33, 2, 4, 14, 10, 8, 22, 21, 34, 32, 26, 25, 30, 36, 23, 38, 31, 16, 37, 15, 0, 11, 39, 35, 12, 27]",2914.5,13.200119256973267
"[28, 9, 3, 24, 19, 29, 5, 1, 17, 20, 7, 18, 6, 13, 33, 2, 4, 14, 10, 8, 22, 21, 34, 32, 26, 25, 30, 36, 23, 38, 31, 16, 37, 15, 0, 11, 39, 35, 12, 27]",2914.5,"[28, 9, 3, 24, 19, 29, 5, 1, 17, 20, 7, 18, 6, 13, 33, 2, 4, 14, 10, 8, 22, 21, 34, 32, 26, 25, 30, 36, 23, 38, 31, 16, 37, 15, 0, 11, 39, 35, 12, 27]",2914.5,13.369118452072144
"[28, 9, 3, 24, 19, 29, 5, 1, 17, 20, 7, 18, 6, 13, 33, 2, 4, 14, 10, 8, 22, 21, 34, 32, 26, 25, 30, 36, 23, 38, 31, 16, 37, 15, 0, 11, 39, 35, 12, 27]",2914.5,"[28, 9, 3, 24, 19, 29, 5, 1, 17, 20, 7, 18, 6, 13, 33, 2, 4, 14, 10, 8, 22, 21, 34, 32, 26, 25, 30, 36, 23, 38, 31, 16, 37, 15, 0, 11, 39, 35, 12, 27]",2914.5,13.52612018585205
"[28, 9, 3, 24, 19, 29, 5, 1, 17, 20, 7, 18, 6, 13, 33, 2, 4, 14, 10, 8, 22, 21, 34, 32, 26, 25, 30, 36, 23, 38, 31, 16, 37, 15, 0, 11, 39, 35, 12, 27]",2914.5,"[28, 9, 3, 24, 19, 29, 5, 1, 17, 20, 7, 18, 6, 13, 33, 2, 4, 14, 10, 8, 22, 21, 34, 32, 26, 25, 30, 36, 23, 38, 31, 16, 37, 15, 0, 11, 39, 35, 12, 27]",2914.5,13.687121629714966
"[28, 9, 3, 24, 19, 29, 5, 1, 17, 20, 7, 18, 6, 13, 33, 2, 4, 14, 10, 8, 22, 21, 34, 32, 26, 25, 30, 36, 23, 38, 31, 16, 37, 15, 0, 11, 39, 35, 12, 27]",2914.5,"[28, 9, 3, 24, 19, 29, 5, 1, 17, 20, 7, 18, 6, 13, 33, 2, 4, 14, 10, 8, 22, 21, 34, 32, 26, 25, 30, 36, 23, 38, 31, 16, 37, 15, 0, 11, 39, 35, 12, 27]",2914.5,13.850127935409546
"[2, 9, 3, 24, 19, 29, 5, 1, 17, 20, 7, 18, 6, 13, 33, 28, 4, 14, 10, 8, 22, 21, 34, 32, 26, 25, 30, 36, 23, 38, 31, 16, 37, 15, 0, 11, 39, 35, 12, 27]",2913.0,"[2, 9, 3, 24, 19, 29, 5, 1, 17, 20, 7, 18, 6, 13, 33, 28, 4, 14, 10, 8, 22, 21, 34, 32, 26, 25, 30, 36, 23, 38, 31, 16, 37, 15, 0, 11, 39, 35, 12, 27]",2913.0,14.015124797821045
"[2, 9, 3, 24, 19, 29, 5, 1, 17, 20, 7, 18, 6, 13, 33, 28, 4, 14, 10, 8, 22, 21, 34, 32, 26, 25, 30, 36, 23, 38, 31, 16, 37, 15, 0, 11, 39, 35, 12, 27]",2913.0,"[2, 9, 3, 24, 19, 29, 5, 1, 17, 20, 7, 18, 6, 13, 33, 28, 4, 14, 10, 8, 22, 21, 34, 32, 26, 25, 30, 36, 23, 38, 31, 16, 37, 15, 0, 11, 39, 35, 12, 27]",2913.0,14.17612624168396
"[2, 9, 3, 24, 19, 29, 5, 1, 17, 20, 7, 18, 6, 13, 33, 28, 4, 14, 10, 8, 22, 21, 34, 32, 26, 25, 30, 36, 23, 38, 31, 16, 37, 15, 0, 11, 39, 35, 12, 27]",2913.0,"[2, 9, 3, 24, 19, 29, 5, 1, 17, 20, 7, 18, 6, 13, 33, 28, 4, 14, 10, 8, 22, 21, 34, 32, 26, 25, 30, 36, 23, 38, 31, 16, 37, 15, 0, 11, 39, 35, 12, 27]",2913.0,14.336125373840332
"[2, 9, 3, 24, 19, 29, 5, 1, 17, 20, 7, 18, 6, 13, 33, 28, 4, 14, 10, 8, 22, 21, 34, 32, 26, 25, 30, 36, 23, 38, 31, 16, 37, 15, 0, 11, 39, 35, 12, 27]",2913.0,"[2, 9, 3, 24, 19, 29, 5, 1, 17, 20, 7, 18, 6, 13, 33, 28, 4, 14, 10, 8, 22, 21, 34, 32, 26, 25, 30, 36, 23, 38, 31, 16, 37, 15, 0, 11, 39, 35, 12, 27]",2913.0,14.49313735961914
"[2, 9, 3, 24, 19, 29, 5, 1, 17, 20, 7, 18, 6, 13, 8, 28, 4, 14, 10, 33, 22, 21, 34, 32, 26, 25, 30, 36, 23, 38, 31, 16, 37, 15, 0, 11, 39, 35, 12, 27]",2791.0,"[2, 9, 3, 24, 19, 29, 5, 1, 17, 20, 7, 18, 6, 13, 8, 28, 4, 14, 10, 33, 22, 21, 34, 32, 26, 25, 30, 36, 23, 38, 31, 16, 37, 15, 0, 11, 39, 35, 12, 27]",2791.0,14.652130365371704
"[2, 9, 3, 24, 19, 29, 5, 1, 17, 20, 7, 18, 6, 13, 8, 28, 4, 14, 10, 33, 22, 21, 34, 32, 26, 25, 30, 36, 23, 38, 31, 16, 37, 15, 0, 11, 39, 35, 12, 27]",2791.0,"[2, 9, 3, 24, 19, 29, 5, 1, 17, 20, 7, 18, 6, 13, 8, 28, 4, 14, 10, 33, 22, 21, 34, 32, 26, 25, 30, 36, 23, 38, 31, 16, 37, 15, 0, 11, 39, 35, 12, 27]",2791.0,14.821777105331421
"[2, 9, 3, 24, 19, 29, 5, 1, 17, 20, 7, 18, 6, 13, 8, 28, 4, 14, 10, 33, 22, 21, 34, 32, 26, 25, 30, 36, 23, 38, 31, 16, 37, 15, 0, 11, 39, 35, 12, 27]",2791.0,"[2, 9, 3, 24, 19, 29, 5, 1, 17, 20, 7, 18, 6, 13, 8, 28, 4, 14, 10, 33, 22, 21, 34, 32, 26, 25, 30, 36, 23, 38, 31, 16, 37, 15, 0, 11, 39, 35, 12, 27]",2791.0,14.999134302139282
"[2, 9, 3, 24, 19, 29, 5, 1, 17, 20, 7, 18, 6, 13, 8, 28, 4, 14, 10, 33, 22, 21, 34, 32, 26, 25, 30, 36, 23, 38, 31, 16, 37, 15, 0, 11, 39, 35, 12, 27]",2791.0,"[2, 9, 3, 24, 19, 29, 5, 1, 17, 20, 7, 18, 6, 13, 8, 28, 4, 14, 10, 33, 22, 21, 34, 32, 26, 25, 30, 36, 23, 38, 31, 16, 37, 15, 0, 11, 39, 35, 12, 27]",2791.0,15.16713571548462
"[2, 9, 3, 24, 19, 29, 5, 1, 17, 20, 7, 18, 6, 13, 8, 28, 4, 14, 10, 33, 22, 21, 34, 32, 26, 25, 30, 36, 23, 38, 31, 16, 37, 15, 0, 11, 39, 35, 12, 27]",2791.0,"[2, 9, 3, 24, 19, 29, 5, 1, 17, 20, 7, 18, 6, 13, 8, 28, 4, 14, 10, 33, 22, 21, 34, 32, 26, 25, 30, 36, 23, 38, 31, 16, 37, 15, 0, 11, 39, 35, 12, 27]",2791.0,15.336140155792236
"[2, 9, 3, 24, 19, 29, 5, 1, 17, 20, 7, 18, 6, 13, 8, 28, 4, 14, 10, 33, 22, 21, 34, 32, 26, 25, 30, 36, 23, 38, 31, 16, 37, 15, 0, 11, 39, 35, 12, 27]",2791.0,"[2, 9, 3, 24, 19, 29, 5, 1, 17, 20, 7, 18, 6, 13, 8, 28, 4, 14, 10, 33, 22, 21, 34, 32, 26, 25, 30, 36, 23, 38, 31, 16, 37, 15, 0, 11, 39, 35, 12, 27]",2791.0,15.49914026260376
"[2, 9, 3, 24, 19, 29, 5, 1, 17, 20, 7, 18, 6, 13, 8, 28, 4, 14, 10, 33, 22, 21, 34, 32, 26, 25, 30, 36, 23, 38, 31, 16, 37, 15, 0, 11, 39, 35, 12, 27]",2791.0,"[2, 9, 3, 24, 19, 29, 5, 1, 17, 20, 7, 18, 6, 13, 8, 28, 4, 14, 10, 33, 22, 21, 34, 32, 26, 25, 30, 36, 23, 38, 31, 16, 37, 15, 0, 11, 39, 35, 12, 27]",2791.0,15.663142681121826
"[2, 9, 3, 24, 19, 29, 5, 1, 17, 20, 7, 18, 6, 13, 8, 28, 4, 14, 10, 33, 22, 21, 34, 32, 26, 25, 30, 36, 23, 38, 31, 16, 37, 15, 0, 11, 39, 35, 12, 27]",2791.0,"[2, 9, 3, 24, 19, 29, 5, 1, 17, 20, 7, 18, 6, 13, 8, 28, 4, 14, 10, 33, 22, 21, 34, 32, 26, 25, 30, 36, 23, 38, 31, 16, 37, 15, 0, 11, 39, 35, 12, 27]",2791.0,15.825142860412598
"[2, 9, 3, 24, 19, 29, 5, 1, 17, 20, 7, 18, 6, 13, 8, 28, 4, 14, 10, 33, 22, 21, 34, 32, 26, 25, 30, 36, 23, 38, 31, 16, 37, 15, 0, 11, 39, 35, 12, 27]",2791.0,"[2, 9, 3, 24, 19, 29, 5, 1, 17, 20, 7, 18, 6, 13, 8, 28, 4, 14, 10, 33, 22, 21, 34, 32, 26, 25, 30, 36, 23, 38, 31, 16, 37, 15, 0, 11, 39, 35, 12, 27]",2791.0,15.983141899108887
"[2, 9, 3, 24, 19, 28, 5, 1, 17, 20, 7, 18, 6, 13, 8, 29, 4, 14, 10, 33, 22, 21, 34, 32, 26, 25, 30, 36, 23, 38, 31, 16, 37, 15, 0, 11, 39, 35, 12, 27]",2785.5,"[2, 9, 3, 24, 19, 28, 5, 1, 17, 20, 7, 18, 6, 13, 8, 29, 4, 14, 10, 33, 22, 21, 34, 32, 26, 25, 30, 36, 23, 38, 31, 16, 37, 15, 0, 11, 39, 35, 12, 27]",2785.5,16.140148401260376
"[2, 9, 3, 24, 19, 28, 5, 1, 17, 20, 7, 18, 6, 13, 8, 29, 4, 14, 10, 33, 22, 21, 34, 32, 26, 25, 30, 36, 23, 38, 31, 16, 37, 15, 0, 11, 39, 35, 12, 27]",2785.5,"[2, 9, 3, 24, 19, 28, 5, 1, 17, 20, 7, 18, 6, 13, 8, 29, 4, 14, 10, 33, 22, 21, 34, 32, 26, 25, 30, 36, 23, 38, 31, 16, 37, 15, 0, 11, 39, 35, 12, 27]",2785.5,16.298145294189453
"[2, 9, 3, 24, 19, 28, 5, 1, 17, 20, 7, 18, 6, 13, 8, 29, 4, 14, 10, 33, 22, 21, 34, 32, 26, 25, 30, 36, 23, 38, 31, 16, 37, 15, 0, 11, 39, 35, 12, 27]",2785.5,"[2, 9, 3, 24, 19, 28, 5, 1, 17, 20, 7, 18, 6, 13, 8, 29, 4, 14, 10, 33, 22, 21, 34, 32, 26, 25, 30, 36, 23, 38, 31, 16, 37, 15, 0, 11, 39, 35, 12, 27]",2785.5,16.491154193878174
