Sequence,Fitness,Best_sequence,Best_fitness,Time
"[3, 16, 6, 10, 2, 14, 4, 17, 7, 1, 13, 0, 19, 18, 9, 15, 8, 12, 11, 5]",1549.0,"[3, 16, 6, 10, 2, 14, 4, 17, 7, 1, 13, 0, 19, 18, 9, 15, 8, 12, 11, 5]",1549.0,0.0
"[3, 16, 6, 10, 2, 14, 4, 17, 7, 1, 13, 0, 19, 18, 9, 15, 8, 12, 11, 5]",1549.0,"[3, 16, 6, 10, 2, 14, 4, 17, 7, 1, 13, 0, 19, 18, 9, 15, 8, 12, 11, 5]",1549.0,0.06598281860351562
"[3, 16, 6, 10, 2, 14, 4, 17, 7, 1, 13, 11, 19, 18, 9, 15, 8, 12, 0, 5]",1546.0,"[3, 16, 6, 10, 2, 14, 4, 17, 7, 1, 13, 11, 19, 18, 9, 15, 8, 12, 0, 5]",1546.0,0.13298511505126953
"[3, 16, 6, 10, 2, 14, 4, 17, 7, 1, 13, 11, 19, 18, 9, 15, 8, 12, 0, 5]",1546.0,"[3, 16, 6, 10, 2, 14, 4, 17, 7, 1, 13, 11, 19, 18, 9, 15, 8, 12, 0, 5]",1546.0,0.20298361778259277
"[3, 16, 6, 10, 2, 14, 4, 17, 7, 1, 13, 11, 19, 18, 9, 15, 8, 12, 0, 5]",1546.0,"[3, 16, 6, 10, 2, 14, 4, 17, 7, 1, 13, 11, 19, 18, 9, 15, 8, 12, 0, 5]",1546.0,0.2719881534576416
"[3, 16, 6, 10, 2, 14, 4, 17, 7, 1, 13, 11, 19, 18, 9, 15, 8, 12, 0, 5]",1546.0,"[3, 16, 6, 10, 2, 14, 4, 17, 7, 1, 13, 11, 19, 18, 9, 15, 8, 12, 0, 5]",1546.0,0.336986780166626
"[3, 16, 6, 10, 2, 14, 4, 17, 7, 1, 13, 11, 19, 18, 9, 15, 8, 12, 0, 5]",1546.0,"[3, 16, 6, 10, 2, 14, 4, 17, 7, 1, 13, 11, 19, 18, 9, 15, 8, 12, 0, 5]",1546.0,0.40299034118652344
"[3, 16, 6, 10, 2, 14, 4, 17, 7, 1, 13, 11, 19, 18, 9, 15, 8, 12, 0, 5]",1546.0,"[3, 16, 6, 10, 2, 14, 4, 17, 7, 1, 13, 11, 19, 18, 9, 15, 8, 12, 0, 5]",1546.0,0.47102904319763184
"[3, 16, 6, 10, 2, 14, 4, 17, 7, 1, 13, 11, 19, 18, 9, 15, 8, 12, 0, 5]",1546.0,"[3, 16, 6, 10, 2, 14, 4, 17, 7, 1, 13, 11, 19, 18, 9, 15, 8, 12, 0, 5]",1546.0,0.5399937629699707
"[12, 16, 6, 10, 2, 14, 4, 17, 7, 1, 13, 11, 19, 18, 9, 15, 8, 3, 0, 5]",1544.0,"[12, 16, 6, 10, 2, 14, 4, 17, 7, 1, 13, 11, 19, 18, 9, 15, 8, 3, 0, 5]",1544.0,0.6079928874969482
"[12, 16, 6, 10, 2, 14, 4, 17, 7, 1, 13, 11, 19, 18, 9, 15, 8, 3, 0, 5]",1544.0,"[12, 16, 6, 10, 2, 14, 4, 17, 7, 1, 13, 11, 19, 18, 9, 15, 8, 3, 0, 5]",1544.0,0.6759910583496094
"[12, 16, 6, 10, 2, 14, 4, 17, 7, 1, 13, 11, 19, 18, 9, 5, 8, 3, 0, 15]",1477.0,"[12, 16, 6, 10, 2, 14, 4, 17, 7, 1, 13, 11, 19, 18, 9, 5, 8, 3, 0, 15]",1477.0,0.744002103805542
"[12, 16, 6, 10, 2, 14, 4, 17, 7, 1, 13, 11, 19, 18, 9, 5, 8, 3, 0, 15]",1477.0,"[12, 16, 6, 10, 2, 14, 4, 17, 7, 1, 13, 11, 19, 18, 9, 5, 8, 3, 0, 15]",1477.0,0.8139986991882324
"[12, 16, 6, 10, 2, 14, 4, 17, 7, 1, 13, 11, 19, 18, 9, 5, 8, 3, 0, 15]",1477.0,"[12, 16, 6, 10, 2, 14, 4, 17, 7, 1, 13, 11, 19, 18, 9, 5, 8, 3, 0, 15]",1477.0,0.9269967079162598
"[12, 16, 6, 10, 2, 14, 4, 17, 7, 1, 13, 11, 19, 18, 9, 5, 8, 3, 0, 15]",1477.0,"[12, 16, 6, 10, 2, 14, 4, 17, 7, 1, 13, 11, 19, 18, 9, 5, 8, 3, 0, 15]",1477.0,1.0012168884277344
"[12, 16, 6, 10, 2, 14, 4, 17, 7, 1, 13, 11, 19, 18, 9, 5, 8, 3, 0, 15]",1477.0,"[12, 16, 6, 10, 2, 14, 4, 17, 7, 1, 13, 11, 19, 18, 9, 5, 8, 3, 0, 15]",1477.0,1.0741891860961914
"[12, 16, 6, 10, 2, 14, 4, 17, 7, 1, 13, 11, 19, 18, 9, 5, 8, 3, 0, 15]",1477.0,"[12, 16, 6, 10, 2, 14, 4, 17, 7, 1, 13, 11, 19, 18, 9, 5, 8, 3, 0, 15]",1477.0,1.152221441268921
"[12, 16, 6, 10, 2, 14, 4, 17, 7, 1, 13, 11, 8, 18, 9, 5, 19, 3, 0, 15]",1395.5,"[12, 16, 6, 10, 2, 14, 4, 17, 7, 1, 13, 11, 8, 18, 9, 5, 19, 3, 0, 15]",1395.5,1.2232329845428467
"[12, 16, 6, 10, 2, 14, 4, 17, 7, 1, 13, 11, 8, 18, 9, 5, 19, 3, 0, 15]",1395.5,"[12, 16, 6, 10, 2, 14, 4, 17, 7, 1, 13, 11, 8, 18, 9, 5, 19, 3, 0, 15]",1395.5,1.291224718093872
"[12, 16, 6, 10, 2, 14, 4, 17, 7, 1, 13, 11, 8, 18, 9, 5, 19, 3, 0, 15]",1395.5,"[12, 16, 6, 10, 2, 14, 4, 17, 7, 1, 13, 11, 8, 18, 9, 5, 19, 3, 0, 15]",1395.5,1.3552265167236328
"[5, 16, 6, 10, 2, 14, 4, 17, 7, 1, 13, 11, 8, 18, 9, 12, 19, 3, 0, 15]",1345.0,"[5, 16, 6, 10, 2, 14, 4, 17, 7, 1, 13, 11, 8, 18, 9, 12, 19, 3, 0, 15]",1345.0,1.4232251644134521
"[5, 16, 6, 10, 2, 14, 4, 17, 7, 1, 13, 11, 8, 18, 9, 12, 19, 3, 0, 15]",1345.0,"[5, 16, 6, 10, 2, 14, 4, 17, 7, 1, 13, 11, 8, 18, 9, 12, 19, 3, 0, 15]",1345.0,1.4872288703918457
"[5, 16, 6, 10, 2, 14, 4, 17, 7, 1, 13, 11, 8, 18, 9, 12, 19, 3, 0, 15]",1345.0,"[5, 16, 6, 10, 2, 14, 4, 17, 7, 1, 13, 11, 8, 18, 9, 12, 19, 3, 0, 15]",1345.0,1.5532245635986328
"[5, 16, 6, 10, 2, 14, 4, 17, 7, 1, 13, 11, 8, 18, 9, 12, 19, 3, 0, 15]",1345.0,"[5, 16, 6, 10, 2, 14, 4, 17, 7, 1, 13, 11, 8, 18, 9, 12, 19, 3, 0, 15]",1345.0,1.6242258548736572
"[5, 16, 6, 10, 2, 14, 4, 17, 7, 1, 13, 11, 8, 18, 9, 12, 19, 3, 0, 15]",1345.0,"[5, 16, 6, 10, 2, 14, 4, 17, 7, 1, 13, 11, 8, 18, 9, 12, 19, 3, 0, 15]",1345.0,1.6882297992706299
"[5, 16, 6, 10, 2, 14, 4, 17, 7, 1, 13, 11, 8, 18, 9, 12, 19, 3, 0, 15]",1345.0,"[5, 16, 6, 10, 2, 14, 4, 17, 7, 1, 13, 11, 8, 18, 9, 12, 19, 3, 0, 15]",1345.0,1.756230354309082
"[5, 16, 6, 10, 2, 14, 4, 17, 7, 1, 13, 11, 8, 18, 9, 12, 19, 3, 0, 15]",1345.0,"[5, 16, 6, 10, 2, 14, 4, 17, 7, 1, 13, 11, 8, 18, 9, 12, 19, 3, 0, 15]",1345.0,1.8222315311431885
"[5, 16, 6, 10, 2, 14, 4, 17, 7, 1, 13, 11, 8, 18, 9, 12, 19, 3, 0, 15]",1345.0,"[5, 16, 6, 10, 2, 14, 4, 17, 7, 1, 13, 11, 8, 18, 9, 12, 19, 3, 0, 15]",1345.0,1.8872971534729004
"[5, 16, 6, 10, 2, 14, 4, 17, 7, 1, 13, 11, 8, 18, 9, 12, 19, 3, 0, 15]",1345.0,"[5, 16, 6, 10, 2, 14, 4, 17, 7, 1, 13, 11, 8, 18, 9, 12, 19, 3, 0, 15]",1345.0,1.9512395858764648
"[5, 16, 6, 10, 2, 14, 4, 17, 7, 1, 13, 11, 8, 18, 9, 12, 19, 3, 0, 15]",1345.0,"[5, 16, 6, 10, 2, 14, 4, 17, 7, 1, 13, 11, 8, 18, 9, 12, 19, 3, 0, 15]",1345.0,2.014244318008423
"[5, 16, 6, 10, 2, 14, 4, 17, 7, 1, 13, 11, 8, 18, 9, 12, 19, 3, 0, 15]",1345.0,"[5, 16, 6, 10, 2, 14, 4, 17, 7, 1, 13, 11, 8, 18, 9, 12, 19, 3, 0, 15]",1345.0,2.078242778778076
"[5, 16, 6, 10, 2, 14, 4, 17, 7, 1, 13, 11, 8, 18, 9, 12, 19, 3, 0, 15]",1345.0,"[5, 16, 6, 10, 2, 14, 4, 17, 7, 1, 13, 11, 8, 18, 9, 12, 19, 3, 0, 15]",1345.0,2.1442368030548096
"[5, 16, 6, 10, 2, 14, 4, 17, 7, 1, 13, 11, 8, 18, 9, 12, 19, 3, 0, 15]",1345.0,"[5, 16, 6, 10, 2, 14, 4, 17, 7, 1, 13, 11, 8, 18, 9, 12, 19, 3, 0, 15]",1345.0,2.210245132446289
"[5, 16, 6, 10, 2, 14, 4, 17, 7, 1, 13, 11, 8, 18, 9, 12, 19, 3, 0, 15]",1345.0,"[5, 16, 6, 10, 2, 14, 4, 17, 7, 1, 13, 11, 8, 18, 9, 12, 19, 3, 0, 15]",1345.0,2.2772414684295654
"[5, 16, 6, 10, 2, 14, 4, 17, 7, 1, 13, 11, 8, 18, 9, 12, 19, 3, 0, 15]",1345.0,"[5, 16, 6, 10, 2, 14, 4, 17, 7, 1, 13, 11, 8, 18, 9, 12, 19, 3, 0, 15]",1345.0,2.340242385864258
"[5, 16, 6, 10, 2, 14, 4, 17, 7, 1, 13, 11, 8, 18, 9, 12, 19, 3, 0, 15]",1345.0,"[5, 16, 6, 10, 2, 14, 4, 17, 7, 1, 13, 11, 8, 18, 9, 12, 19, 3, 0, 15]",1345.0,2.4032464027404785
"[5, 16, 6, 10, 2, 14, 4, 17, 7, 1, 13, 11, 8, 18, 9, 12, 19, 3, 0, 15]",1345.0,"[5, 16, 6, 10, 2, 14, 4, 17, 7, 1, 13, 11, 8, 18, 9, 12, 19, 3, 0, 15]",1345.0,2.4682435989379883
"[5, 16, 6, 10, 2, 14, 4, 17, 7, 1, 13, 11, 8, 18, 9, 12, 19, 3, 0, 15]",1345.0,"[5, 16, 6, 10, 2, 14, 4, 17, 7, 1, 13, 11, 8, 18, 9, 12, 19, 3, 0, 15]",1345.0,2.5342485904693604
"[5, 16, 6, 10, 2, 14, 4, 17, 7, 1, 13, 11, 8, 18, 9, 12, 19, 3, 0, 15]",1345.0,"[5, 16, 6, 10, 2, 14, 4, 17, 7, 1, 13, 11, 8, 18, 9, 12, 19, 3, 0, 15]",1345.0,2.6022610664367676
"[5, 16, 6, 10, 2, 14, 4, 17, 7, 1, 13, 11, 8, 18, 9, 12, 19, 3, 0, 15]",1345.0,"[5, 16, 6, 10, 2, 14, 4, 17, 7, 1, 13, 11, 8, 18, 9, 12, 19, 3, 0, 15]",1345.0,2.6712467670440674
"[5, 16, 6, 10, 2, 14, 4, 17, 7, 1, 13, 11, 8, 18, 9, 12, 19, 3, 0, 15]",1345.0,"[5, 16, 6, 10, 2, 14, 4, 17, 7, 1, 13, 11, 8, 18, 9, 12, 19, 3, 0, 15]",1345.0,2.742248296737671
"[5, 16, 6, 10, 2, 14, 4, 17, 7, 1, 13, 11, 8, 18, 9, 12, 19, 3, 0, 15]",1345.0,"[5, 16, 6, 10, 2, 14, 4, 17, 7, 1, 13, 11, 8, 18, 9, 12, 19, 3, 0, 15]",1345.0,2.811246871948242
"[5, 16, 6, 10, 2, 14, 4, 17, 7, 1, 13, 11, 8, 18, 9, 12, 19, 3, 0, 15]",1345.0,"[5, 16, 6, 10, 2, 14, 4, 17, 7, 1, 13, 11, 8, 18, 9, 12, 19, 3, 0, 15]",1345.0,2.8752474784851074
"[5, 16, 6, 10, 2, 14, 4, 17, 7, 1, 13, 11, 8, 18, 9, 12, 19, 3, 0, 15]",1345.0,"[5, 16, 6, 10, 2, 14, 4, 17, 7, 1, 13, 11, 8, 18, 9, 12, 19, 3, 0, 15]",1345.0,2.9392542839050293
"[5, 16, 6, 10, 2, 14, 4, 17, 7, 1, 13, 11, 8, 18, 9, 12, 19, 3, 0, 15]",1345.0,"[5, 16, 6, 10, 2, 14, 4, 17, 7, 1, 13, 11, 8, 18, 9, 12, 19, 3, 0, 15]",1345.0,3.004256010055542
"[5, 16, 6, 10, 2, 14, 4, 17, 7, 1, 18, 11, 8, 13, 9, 12, 19, 3, 0, 15]",1344.5,"[5, 16, 6, 10, 2, 14, 4, 17, 7, 1, 18, 11, 8, 13, 9, 12, 19, 3, 0, 15]",1344.5,3.0672531127929688
"[5, 16, 6, 10, 2, 14, 4, 17, 7, 1, 18, 11, 8, 13, 9, 12, 19, 3, 0, 15]",1344.5,"[5, 16, 6, 10, 2, 14, 4, 17, 7, 1, 18, 11, 8, 13, 9, 12, 19, 3, 0, 15]",1344.5,3.1302566528320312
"[5, 16, 6, 10, 2, 14, 4, 17, 7, 1, 18, 11, 8, 13, 9, 12, 19, 3, 0, 15]",1344.5,"[5, 16, 6, 10, 2, 14, 4, 17, 7, 1, 18, 11, 8, 13, 9, 12, 19, 3, 0, 15]",1344.5,3.1972639560699463
"[5, 16, 6, 10, 2, 14, 4, 17, 7, 1, 18, 11, 8, 13, 9, 12, 19, 3, 0, 15]",1344.5,"[5, 16, 6, 10, 2, 14, 4, 17, 7, 1, 18, 11, 8, 13, 9, 12, 19, 3, 0, 15]",1344.5,3.2612531185150146
"[5, 16, 6, 10, 2, 14, 4, 17, 7, 1, 18, 11, 8, 13, 9, 12, 19, 3, 0, 15]",1344.5,"[5, 16, 6, 10, 2, 14, 4, 17, 7, 1, 18, 11, 8, 13, 9, 12, 19, 3, 0, 15]",1344.5,3.3262553215026855
"[5, 16, 6, 10, 2, 14, 4, 17, 7, 1, 18, 11, 8, 13, 9, 12, 19, 3, 0, 15]",1344.5,"[5, 16, 6, 10, 2, 14, 4, 17, 7, 1, 18, 11, 8, 13, 9, 12, 19, 3, 0, 15]",1344.5,3.391266107559204
"[5, 16, 8, 10, 2, 14, 4, 17, 7, 1, 18, 11, 6, 13, 9, 12, 19, 3, 0, 15]",1322.5,"[5, 16, 8, 10, 2, 14, 4, 17, 7, 1, 18, 11, 6, 13, 9, 12, 19, 3, 0, 15]",1322.5,3.454263687133789
"[5, 16, 8, 10, 2, 14, 4, 17, 7, 1, 18, 11, 6, 13, 9, 12, 19, 3, 0, 15]",1322.5,"[5, 16, 8, 10, 2, 14, 4, 17, 7, 1, 18, 11, 6, 13, 9, 12, 19, 3, 0, 15]",1322.5,3.520256757736206
"[5, 16, 8, 10, 2, 14, 4, 17, 7, 1, 18, 11, 6, 13, 9, 12, 19, 3, 0, 15]",1322.5,"[5, 16, 8, 10, 2, 14, 4, 17, 7, 1, 18, 11, 6, 13, 9, 12, 19, 3, 0, 15]",1322.5,3.584259271621704
"[5, 16, 8, 10, 2, 14, 4, 17, 7, 1, 18, 11, 6, 13, 9, 12, 19, 3, 0, 15]",1322.5,"[5, 16, 8, 10, 2, 14, 4, 17, 7, 1, 18, 11, 6, 13, 9, 12, 19, 3, 0, 15]",1322.5,3.648263692855835
"[5, 16, 8, 10, 2, 14, 4, 17, 7, 1, 18, 11, 6, 13, 9, 12, 19, 3, 0, 15]",1322.5,"[5, 16, 8, 10, 2, 14, 4, 17, 7, 1, 18, 11, 6, 13, 9, 12, 19, 3, 0, 15]",1322.5,3.71126127243042
"[5, 16, 8, 10, 2, 14, 4, 17, 7, 1, 18, 11, 6, 13, 9, 12, 19, 3, 0, 15]",1322.5,"[5, 16, 8, 10, 2, 14, 4, 17, 7, 1, 18, 11, 6, 13, 9, 12, 19, 3, 0, 15]",1322.5,3.7752621173858643
"[5, 16, 8, 10, 2, 14, 4, 17, 7, 1, 18, 11, 6, 13, 9, 19, 12, 3, 0, 15]",1308.5,"[5, 16, 8, 10, 2, 14, 4, 17, 7, 1, 18, 11, 6, 13, 9, 19, 12, 3, 0, 15]",1308.5,3.8382656574249268
"[5, 16, 8, 10, 2, 14, 4, 17, 7, 1, 18, 11, 6, 13, 9, 19, 12, 3, 0, 15]",1308.5,"[5, 16, 8, 10, 2, 14, 4, 17, 7, 1, 18, 11, 6, 13, 9, 19, 12, 3, 0, 15]",1308.5,3.904268741607666
"[5, 16, 8, 10, 2, 14, 4, 17, 7, 1, 18, 11, 6, 13, 9, 19, 12, 3, 0, 15]",1308.5,"[5, 16, 8, 10, 2, 14, 4, 17, 7, 1, 18, 11, 6, 13, 9, 19, 12, 3, 0, 15]",1308.5,3.9692866802215576
"[5, 16, 8, 10, 2, 14, 4, 17, 7, 1, 18, 11, 6, 13, 9, 19, 12, 3, 0, 15]",1308.5,"[5, 16, 8, 10, 2, 14, 4, 17, 7, 1, 18, 11, 6, 13, 9, 19, 12, 3, 0, 15]",1308.5,4.033269882202148
"[5, 16, 8, 10, 2, 14, 4, 17, 7, 1, 18, 11, 6, 13, 9, 19, 12, 3, 0, 15]",1308.5,"[5, 16, 8, 10, 2, 14, 4, 17, 7, 1, 18, 11, 6, 13, 9, 19, 12, 3, 0, 15]",1308.5,4.0972676277160645
"[5, 18, 8, 10, 2, 14, 4, 17, 7, 1, 16, 11, 6, 13, 9, 19, 12, 3, 0, 15]",1307.0,"[5, 18, 8, 10, 2, 14, 4, 17, 7, 1, 16, 11, 6, 13, 9, 19, 12, 3, 0, 15]",1307.0,4.165269136428833
"[5, 18, 8, 10, 2, 14, 4, 17, 7, 1, 16, 11, 6, 13, 9, 19, 12, 3, 0, 15]",1307.0,"[5, 18, 8, 10, 2, 14, 4, 17, 7, 1, 16, 11, 6, 13, 9, 19, 12, 3, 0, 15]",1307.0,4.23424220085144
"[5, 18, 8, 10, 2, 14, 4, 17, 7, 1, 16, 11, 6, 13, 9, 19, 12, 3, 0, 15]",1307.0,"[5, 18, 8, 10, 2, 14, 4, 17, 7, 1, 16, 11, 6, 13, 9, 19, 12, 3, 0, 15]",1307.0,4.3072755336761475
"[5, 18, 8, 10, 2, 14, 4, 17, 7, 1, 16, 11, 6, 13, 9, 19, 12, 3, 0, 15]",1307.0,"[5, 18, 8, 10, 2, 14, 4, 17, 7, 1, 16, 11, 6, 13, 9, 19, 12, 3, 0, 15]",1307.0,4.368281841278076
"[5, 18, 8, 10, 2, 14, 4, 17, 7, 1, 16, 11, 6, 13, 9, 19, 12, 3, 0, 15]",1307.0,"[5, 18, 8, 10, 2, 14, 4, 17, 7, 1, 16, 11, 6, 13, 9, 19, 12, 3, 0, 15]",1307.0,4.43027663230896
"[5, 18, 8, 10, 2, 14, 4, 17, 7, 1, 16, 11, 6, 13, 9, 19, 12, 3, 0, 15]",1307.0,"[5, 18, 8, 10, 2, 14, 4, 17, 7, 1, 16, 11, 6, 13, 9, 19, 12, 3, 0, 15]",1307.0,4.491296768188477
"[5, 18, 8, 10, 2, 14, 4, 17, 7, 1, 16, 11, 6, 13, 9, 19, 12, 3, 0, 15]",1307.0,"[5, 18, 8, 10, 2, 14, 4, 17, 7, 1, 16, 11, 6, 13, 9, 19, 12, 3, 0, 15]",1307.0,4.557274341583252
"[5, 18, 8, 10, 2, 14, 4, 17, 7, 1, 16, 11, 6, 13, 9, 19, 12, 3, 0, 15]",1307.0,"[5, 18, 8, 10, 2, 14, 4, 17, 7, 1, 16, 11, 6, 13, 9, 19, 12, 3, 0, 15]",1307.0,4.619280576705933
"[5, 18, 8, 10, 2, 14, 4, 17, 7, 1, 16, 11, 6, 13, 9, 19, 12, 3, 0, 15]",1307.0,"[5, 18, 8, 10, 2, 14, 4, 17, 7, 1, 16, 11, 6, 13, 9, 19, 12, 3, 0, 15]",1307.0,4.682279825210571
"[5, 18, 8, 10, 2, 14, 4, 17, 7, 1, 16, 11, 6, 13, 9, 19, 12, 3, 0, 15]",1307.0,"[5, 18, 8, 10, 2, 14, 4, 17, 7, 1, 16, 11, 6, 13, 9, 19, 12, 3, 0, 15]",1307.0,4.74528431892395
"[5, 18, 8, 10, 2, 14, 4, 17, 7, 1, 16, 11, 6, 13, 9, 19, 12, 3, 0, 15]",1307.0,"[5, 18, 8, 10, 2, 14, 4, 17, 7, 1, 16, 11, 6, 13, 9, 19, 12, 3, 0, 15]",1307.0,4.808284044265747
"[5, 18, 8, 10, 2, 14, 4, 17, 7, 1, 16, 11, 6, 13, 9, 19, 12, 3, 0, 15]",1307.0,"[5, 18, 8, 10, 2, 14, 4, 17, 7, 1, 16, 11, 6, 13, 9, 19, 12, 3, 0, 15]",1307.0,4.871289253234863
"[5, 18, 8, 10, 2, 14, 4, 17, 7, 1, 16, 11, 6, 13, 9, 19, 12, 3, 0, 15]",1307.0,"[5, 18, 8, 10, 2, 14, 4, 17, 7, 1, 16, 11, 6, 13, 9, 19, 12, 3, 0, 15]",1307.0,4.934281826019287
"[5, 18, 8, 10, 2, 14, 4, 17, 7, 1, 16, 11, 6, 13, 9, 19, 12, 3, 0, 15]",1307.0,"[5, 18, 8, 10, 2, 14, 4, 17, 7, 1, 16, 11, 6, 13, 9, 19, 12, 3, 0, 15]",1307.0,4.996283531188965
"[5, 18, 8, 10, 2, 14, 4, 17, 7, 1, 16, 11, 6, 13, 9, 19, 12, 3, 0, 15]",1307.0,"[5, 18, 8, 10, 2, 14, 4, 17, 7, 1, 16, 11, 6, 13, 9, 19, 12, 3, 0, 15]",1307.0,5.0582873821258545
"[5, 18, 8, 10, 2, 14, 4, 17, 7, 1, 16, 11, 6, 13, 9, 19, 12, 3, 0, 15]",1307.0,"[5, 18, 8, 10, 2, 14, 4, 17, 7, 1, 16, 11, 6, 13, 9, 19, 12, 3, 0, 15]",1307.0,5.120289325714111
"[5, 18, 8, 10, 2, 14, 4, 17, 7, 1, 16, 11, 6, 13, 9, 19, 12, 3, 0, 15]",1307.0,"[5, 18, 8, 10, 2, 14, 4, 17, 7, 1, 16, 11, 6, 13, 9, 19, 12, 3, 0, 15]",1307.0,5.183285713195801
"[5, 18, 8, 10, 2, 14, 4, 17, 7, 1, 16, 11, 6, 13, 9, 19, 12, 3, 0, 15]",1307.0,"[5, 18, 8, 10, 2, 14, 4, 17, 7, 1, 16, 11, 6, 13, 9, 19, 12, 3, 0, 15]",1307.0,5.25128960609436
"[5, 18, 8, 11, 2, 14, 4, 17, 7, 1, 16, 10, 6, 13, 9, 19, 12, 3, 0, 15]",1305.5,"[5, 18, 8, 11, 2, 14, 4, 17, 7, 1, 16, 10, 6, 13, 9, 19, 12, 3, 0, 15]",1305.5,5.320289850234985
"[5, 18, 8, 11, 2, 14, 4, 17, 7, 1, 16, 10, 6, 13, 9, 19, 12, 3, 0, 15]",1305.5,"[5, 18, 8, 11, 2, 14, 4, 17, 7, 1, 16, 10, 6, 13, 9, 19, 12, 3, 0, 15]",1305.5,5.386290073394775
"[5, 18, 8, 11, 2, 14, 4, 17, 7, 1, 16, 10, 6, 13, 9, 19, 12, 3, 0, 15]",1305.5,"[5, 18, 8, 11, 2, 14, 4, 17, 7, 1, 16, 10, 6, 13, 9, 19, 12, 3, 0, 15]",1305.5,5.454292058944702
"[5, 18, 8, 11, 2, 14, 4, 17, 7, 1, 16, 10, 6, 13, 9, 19, 12, 3, 0, 15]",1305.5,"[5, 18, 8, 11, 2, 14, 4, 17, 7, 1, 16, 10, 6, 13, 9, 19, 12, 3, 0, 15]",1305.5,5.518294095993042
"[5, 18, 8, 11, 2, 14, 4, 17, 7, 1, 16, 10, 6, 13, 9, 19, 12, 3, 0, 15]",1305.5,"[5, 18, 8, 11, 2, 14, 4, 17, 7, 1, 16, 10, 6, 13, 9, 19, 12, 3, 0, 15]",1305.5,5.5822954177856445
"[5, 18, 8, 11, 2, 14, 4, 17, 7, 1, 16, 10, 6, 13, 9, 19, 12, 3, 0, 15]",1305.5,"[5, 18, 8, 11, 2, 14, 4, 17, 7, 1, 16, 10, 6, 13, 9, 19, 12, 3, 0, 15]",1305.5,5.682299375534058
"[5, 18, 8, 11, 2, 14, 4, 17, 7, 1, 16, 10, 6, 13, 9, 19, 12, 3, 0, 15]",1305.5,"[5, 18, 8, 11, 2, 14, 4, 17, 7, 1, 16, 10, 6, 13, 9, 19, 12, 3, 0, 15]",1305.5,5.746309041976929
"[5, 18, 8, 11, 2, 14, 4, 17, 7, 1, 16, 10, 6, 13, 9, 19, 12, 3, 0, 15]",1305.5,"[5, 18, 8, 11, 2, 14, 4, 17, 7, 1, 16, 10, 6, 13, 9, 19, 12, 3, 0, 15]",1305.5,5.809301137924194
"[5, 18, 8, 11, 2, 14, 4, 17, 7, 1, 16, 10, 6, 13, 9, 19, 12, 3, 0, 15]",1305.5,"[5, 18, 8, 11, 2, 14, 4, 17, 7, 1, 16, 10, 6, 13, 9, 19, 12, 3, 0, 15]",1305.5,5.875302791595459
"[5, 18, 8, 11, 2, 14, 4, 17, 7, 1, 16, 10, 6, 13, 9, 19, 12, 3, 0, 15]",1305.5,"[5, 18, 8, 11, 2, 14, 4, 17, 7, 1, 16, 10, 6, 13, 9, 19, 12, 3, 0, 15]",1305.5,5.9393041133880615
"[5, 18, 8, 11, 2, 14, 4, 17, 7, 1, 16, 10, 6, 13, 9, 19, 12, 3, 0, 15]",1305.5,"[5, 18, 8, 11, 2, 14, 4, 17, 7, 1, 16, 10, 6, 13, 9, 19, 12, 3, 0, 15]",1305.5,6.004301071166992
"[5, 18, 8, 11, 2, 14, 4, 17, 7, 1, 16, 10, 6, 13, 9, 19, 12, 3, 0, 15]",1305.5,"[5, 18, 8, 11, 2, 14, 4, 17, 7, 1, 16, 10, 6, 13, 9, 19, 12, 3, 0, 15]",1305.5,6.067302465438843
"[5, 18, 8, 11, 2, 14, 4, 17, 7, 1, 16, 10, 6, 13, 9, 19, 12, 3, 0, 15]",1305.5,"[5, 18, 8, 11, 2, 14, 4, 17, 7, 1, 16, 10, 6, 13, 9, 19, 12, 3, 0, 15]",1305.5,6.131300210952759
"[5, 18, 8, 11, 2, 14, 4, 17, 7, 1, 16, 10, 6, 13, 9, 19, 12, 3, 0, 15]",1305.5,"[5, 18, 8, 11, 2, 14, 4, 17, 7, 1, 16, 10, 6, 13, 9, 19, 12, 3, 0, 15]",1305.5,6.203307628631592
"[5, 18, 8, 11, 2, 14, 4, 17, 7, 1, 16, 10, 6, 13, 9, 19, 12, 3, 0, 15]",1305.5,"[5, 18, 8, 11, 2, 14, 4, 17, 7, 1, 16, 10, 6, 13, 9, 19, 12, 3, 0, 15]",1305.5,6.270304203033447
"[5, 18, 8, 11, 2, 14, 4, 17, 7, 1, 16, 10, 6, 13, 9, 19, 12, 3, 0, 15]",1305.5,"[5, 18, 8, 11, 2, 14, 4, 17, 7, 1, 16, 10, 6, 13, 9, 19, 12, 3, 0, 15]",1305.5,6.33530592918396
"[5, 18, 8, 11, 2, 14, 4, 17, 7, 1, 16, 10, 6, 13, 9, 19, 12, 3, 0, 15]",1305.5,"[5, 18, 8, 11, 2, 14, 4, 17, 7, 1, 16, 10, 6, 13, 9, 19, 12, 3, 0, 15]",1305.5,6.399317264556885
"[5, 18, 8, 11, 2, 14, 4, 17, 7, 1, 16, 10, 6, 13, 9, 19, 12, 3, 0, 15]",1305.5,"[5, 18, 8, 11, 2, 14, 4, 17, 7, 1, 16, 10, 6, 13, 9, 19, 12, 3, 0, 15]",1305.5,6.464316129684448
"[5, 18, 8, 11, 2, 14, 4, 17, 7, 1, 16, 10, 6, 13, 9, 19, 12, 3, 0, 15]",1305.5,"[5, 18, 8, 11, 2, 14, 4, 17, 7, 1, 16, 10, 6, 13, 9, 19, 12, 3, 0, 15]",1305.5,6.527307510375977
"[5, 18, 8, 11, 2, 14, 4, 17, 7, 1, 16, 10, 6, 13, 9, 19, 12, 3, 0, 15]",1305.5,"[5, 18, 8, 11, 2, 14, 4, 17, 7, 1, 16, 10, 6, 13, 9, 19, 12, 3, 0, 15]",1305.5,6.589316368103027
"[5, 18, 8, 11, 2, 14, 4, 17, 7, 1, 16, 10, 6, 13, 9, 19, 12, 3, 0, 15]",1305.5,"[5, 18, 8, 11, 2, 14, 4, 17, 7, 1, 16, 10, 6, 13, 9, 19, 12, 3, 0, 15]",1305.5,6.6533098220825195
"[5, 18, 8, 11, 2, 14, 4, 17, 7, 1, 16, 10, 6, 13, 9, 19, 12, 3, 0, 15]",1305.5,"[5, 18, 8, 11, 2, 14, 4, 17, 7, 1, 16, 10, 6, 13, 9, 19, 12, 3, 0, 15]",1305.5,6.7183568477630615
"[5, 18, 8, 11, 2, 14, 4, 17, 7, 1, 16, 10, 6, 13, 9, 19, 12, 3, 0, 15]",1305.5,"[5, 18, 8, 11, 2, 14, 4, 17, 7, 1, 16, 10, 6, 13, 9, 19, 12, 3, 0, 15]",1305.5,6.791314125061035
"[5, 18, 8, 11, 2, 14, 4, 17, 7, 1, 16, 10, 6, 13, 9, 19, 12, 3, 0, 15]",1305.5,"[5, 18, 8, 11, 2, 14, 4, 17, 7, 1, 16, 10, 6, 13, 9, 19, 12, 3, 0, 15]",1305.5,6.861316919326782
"[5, 18, 8, 11, 2, 14, 4, 17, 7, 1, 16, 10, 6, 13, 9, 19, 12, 3, 0, 15]",1305.5,"[5, 18, 8, 11, 2, 14, 4, 17, 7, 1, 16, 10, 6, 13, 9, 19, 12, 3, 0, 15]",1305.5,6.926344633102417
"[5, 18, 8, 11, 2, 14, 4, 17, 7, 1, 16, 10, 6, 13, 9, 19, 12, 3, 0, 15]",1305.5,"[5, 18, 8, 11, 2, 14, 4, 17, 7, 1, 16, 10, 6, 13, 9, 19, 12, 3, 0, 15]",1305.5,6.992324113845825
"[5, 18, 8, 11, 2, 14, 4, 17, 7, 1, 16, 10, 6, 13, 9, 19, 12, 3, 0, 15]",1305.5,"[5, 18, 8, 11, 2, 14, 4, 17, 7, 1, 16, 10, 6, 13, 9, 19, 12, 3, 0, 15]",1305.5,7.058315753936768
"[5, 18, 8, 11, 2, 14, 4, 17, 7, 1, 16, 10, 6, 13, 9, 19, 12, 3, 0, 15]",1305.5,"[5, 18, 8, 11, 2, 14, 4, 17, 7, 1, 16, 10, 6, 13, 9, 19, 12, 3, 0, 15]",1305.5,7.125380516052246
"[5, 18, 8, 11, 2, 14, 4, 17, 7, 1, 16, 10, 6, 13, 9, 19, 12, 3, 0, 15]",1305.5,"[5, 18, 8, 11, 2, 14, 4, 17, 7, 1, 16, 10, 6, 13, 9, 19, 12, 3, 0, 15]",1305.5,7.190330505371094
"[5, 18, 8, 11, 2, 14, 4, 17, 7, 1, 16, 10, 6, 13, 9, 19, 12, 3, 0, 15]",1305.5,"[5, 18, 8, 11, 2, 14, 4, 17, 7, 1, 16, 10, 6, 13, 9, 19, 12, 3, 0, 15]",1305.5,7.25332498550415
"[5, 18, 8, 11, 2, 14, 4, 17, 7, 1, 16, 10, 6, 13, 9, 19, 12, 3, 0, 15]",1305.5,"[5, 18, 8, 11, 2, 14, 4, 17, 7, 1, 16, 10, 6, 13, 9, 19, 12, 3, 0, 15]",1305.5,7.317321062088013
"[5, 18, 8, 11, 2, 14, 4, 17, 7, 1, 16, 10, 6, 13, 9, 19, 12, 3, 0, 15]",1305.5,"[5, 18, 8, 11, 2, 14, 4, 17, 7, 1, 16, 10, 6, 13, 9, 19, 12, 3, 0, 15]",1305.5,7.379332780838013
"[5, 18, 8, 11, 2, 14, 4, 17, 7, 1, 16, 10, 6, 13, 9, 19, 12, 3, 0, 15]",1305.5,"[5, 18, 8, 11, 2, 14, 4, 17, 7, 1, 16, 10, 6, 13, 9, 19, 12, 3, 0, 15]",1305.5,7.442323207855225
"[5, 18, 8, 11, 2, 14, 4, 17, 7, 1, 16, 10, 6, 13, 9, 19, 12, 3, 0, 15]",1305.5,"[5, 18, 8, 11, 2, 14, 4, 17, 7, 1, 16, 10, 6, 13, 9, 19, 12, 3, 0, 15]",1305.5,7.506330728530884
"[5, 18, 8, 11, 2, 14, 4, 17, 7, 1, 16, 10, 6, 13, 9, 19, 12, 3, 0, 15]",1305.5,"[5, 18, 8, 11, 2, 14, 4, 17, 7, 1, 16, 10, 6, 13, 9, 19, 12, 3, 0, 15]",1305.5,7.573327541351318
"[5, 18, 8, 11, 2, 14, 4, 17, 7, 1, 16, 10, 6, 13, 9, 19, 12, 3, 0, 15]",1305.5,"[5, 18, 8, 11, 2, 14, 4, 17, 7, 1, 16, 10, 6, 13, 9, 19, 12, 3, 0, 15]",1305.5,7.641354560852051
"[5, 18, 8, 11, 2, 14, 4, 17, 7, 1, 16, 10, 6, 13, 9, 19, 12, 3, 0, 15]",1305.5,"[5, 18, 8, 11, 2, 14, 4, 17, 7, 1, 16, 10, 6, 13, 9, 19, 12, 3, 0, 15]",1305.5,7.704329013824463
"[5, 18, 8, 11, 2, 14, 4, 17, 7, 1, 16, 10, 6, 13, 9, 19, 12, 3, 0, 15]",1305.5,"[5, 18, 8, 11, 2, 14, 4, 17, 7, 1, 16, 10, 6, 13, 9, 19, 12, 3, 0, 15]",1305.5,7.768330812454224
"[5, 18, 8, 11, 2, 14, 4, 17, 7, 1, 16, 10, 6, 13, 9, 19, 12, 3, 0, 15]",1305.5,"[5, 18, 8, 11, 2, 14, 4, 17, 7, 1, 16, 10, 6, 13, 9, 19, 12, 3, 0, 15]",1305.5,7.8313398361206055
"[5, 18, 8, 11, 2, 14, 4, 17, 7, 1, 16, 10, 6, 13, 9, 19, 12, 3, 0, 15]",1305.5,"[5, 18, 8, 11, 2, 14, 4, 17, 7, 1, 16, 10, 6, 13, 9, 19, 12, 3, 0, 15]",1305.5,7.8953328132629395
"[5, 18, 8, 11, 2, 14, 4, 17, 7, 1, 16, 10, 6, 13, 9, 19, 12, 3, 0, 15]",1305.5,"[5, 18, 8, 11, 2, 14, 4, 17, 7, 1, 16, 10, 6, 13, 9, 19, 12, 3, 0, 15]",1305.5,7.954336166381836
"[5, 18, 8, 11, 2, 14, 4, 17, 7, 1, 16, 10, 6, 13, 9, 19, 12, 3, 0, 15]",1305.5,"[5, 18, 8, 11, 2, 14, 4, 17, 7, 1, 16, 10, 6, 13, 9, 19, 12, 3, 0, 15]",1305.5,8.0183424949646
"[5, 18, 8, 11, 2, 14, 4, 17, 7, 1, 16, 10, 6, 13, 9, 19, 12, 3, 0, 15]",1305.5,"[5, 18, 8, 11, 2, 14, 4, 17, 7, 1, 16, 10, 6, 13, 9, 19, 12, 3, 0, 15]",1305.5,8.083335876464844
"[5, 18, 8, 11, 2, 14, 4, 17, 7, 1, 16, 10, 6, 13, 9, 19, 12, 3, 0, 15]",1305.5,"[5, 18, 8, 11, 2, 14, 4, 17, 7, 1, 16, 10, 6, 13, 9, 19, 12, 3, 0, 15]",1305.5,8.14633822441101
"[5, 18, 8, 11, 2, 14, 4, 17, 7, 1, 16, 10, 6, 13, 9, 19, 12, 3, 0, 15]",1305.5,"[5, 18, 8, 11, 2, 14, 4, 17, 7, 1, 16, 10, 6, 13, 9, 19, 12, 3, 0, 15]",1305.5,8.21235466003418
"[5, 18, 8, 11, 2, 14, 4, 17, 7, 1, 16, 10, 6, 13, 9, 19, 12, 3, 0, 15]",1305.5,"[5, 18, 8, 11, 2, 14, 4, 17, 7, 1, 16, 10, 6, 13, 9, 19, 12, 3, 0, 15]",1305.5,8.278338193893433
"[5, 18, 8, 11, 2, 14, 4, 17, 7, 1, 16, 10, 6, 13, 9, 19, 12, 3, 0, 15]",1305.5,"[5, 18, 8, 11, 2, 14, 4, 17, 7, 1, 16, 10, 6, 13, 9, 19, 12, 3, 0, 15]",1305.5,8.348341941833496
"[5, 18, 8, 11, 2, 14, 4, 17, 7, 1, 16, 10, 6, 13, 9, 19, 12, 3, 0, 15]",1305.5,"[5, 18, 8, 11, 2, 14, 4, 17, 7, 1, 16, 10, 6, 13, 9, 19, 12, 3, 0, 15]",1305.5,8.41334867477417
"[5, 18, 8, 11, 2, 14, 4, 17, 7, 1, 16, 10, 6, 13, 9, 19, 12, 3, 0, 15]",1305.5,"[5, 18, 8, 11, 2, 14, 4, 17, 7, 1, 16, 10, 6, 13, 9, 19, 12, 3, 0, 15]",1305.5,8.47934889793396
"[5, 18, 8, 11, 2, 14, 4, 17, 7, 1, 16, 10, 6, 13, 9, 19, 12, 3, 0, 15]",1305.5,"[5, 18, 8, 11, 2, 14, 4, 17, 7, 1, 16, 10, 6, 13, 9, 19, 12, 3, 0, 15]",1305.5,8.546340227127075
"[5, 18, 8, 11, 2, 14, 4, 17, 7, 1, 16, 10, 6, 13, 9, 19, 12, 3, 0, 15]",1305.5,"[5, 18, 8, 11, 2, 14, 4, 17, 7, 1, 16, 10, 6, 13, 9, 19, 12, 3, 0, 15]",1305.5,8.611344575881958
"[5, 18, 8, 11, 2, 14, 4, 17, 7, 1, 16, 10, 6, 13, 9, 19, 12, 3, 0, 15]",1305.5,"[5, 18, 8, 11, 2, 14, 4, 17, 7, 1, 16, 10, 6, 13, 9, 19, 12, 3, 0, 15]",1305.5,8.67634391784668
"[5, 18, 8, 11, 2, 14, 4, 17, 7, 1, 16, 10, 6, 13, 9, 19, 12, 3, 0, 15]",1305.5,"[5, 18, 8, 11, 2, 14, 4, 17, 7, 1, 16, 10, 6, 13, 9, 19, 12, 3, 0, 15]",1305.5,8.741344451904297
"[5, 18, 8, 11, 2, 14, 4, 17, 7, 1, 16, 10, 6, 13, 9, 19, 12, 3, 0, 15]",1305.5,"[5, 18, 8, 11, 2, 14, 4, 17, 7, 1, 16, 10, 6, 13, 9, 19, 12, 3, 0, 15]",1305.5,8.80635142326355
"[5, 18, 8, 11, 2, 14, 4, 17, 7, 1, 16, 10, 6, 13, 9, 19, 12, 3, 0, 15]",1305.5,"[5, 18, 8, 11, 2, 14, 4, 17, 7, 1, 16, 10, 6, 13, 9, 19, 12, 3, 0, 15]",1305.5,8.870346546173096
"[5, 18, 8, 11, 2, 14, 4, 17, 7, 1, 16, 10, 6, 13, 9, 19, 12, 3, 0, 15]",1305.5,"[5, 18, 8, 11, 2, 14, 4, 17, 7, 1, 16, 10, 6, 13, 9, 19, 12, 3, 0, 15]",1305.5,8.935349464416504
"[5, 18, 8, 11, 2, 14, 4, 17, 7, 1, 16, 10, 6, 13, 9, 19, 12, 3, 0, 15]",1305.5,"[5, 18, 8, 11, 2, 14, 4, 17, 7, 1, 16, 10, 6, 13, 9, 19, 12, 3, 0, 15]",1305.5,9.00037169456482
"[5, 18, 8, 11, 2, 14, 4, 17, 7, 1, 16, 10, 6, 13, 9, 19, 12, 3, 0, 15]",1305.5,"[5, 18, 8, 11, 2, 14, 4, 17, 7, 1, 16, 10, 6, 13, 9, 19, 12, 3, 0, 15]",1305.5,9.073417663574219
"[5, 18, 8, 11, 2, 14, 4, 17, 7, 1, 16, 10, 6, 13, 9, 19, 12, 3, 0, 15]",1305.5,"[5, 18, 8, 11, 2, 14, 4, 17, 7, 1, 16, 10, 6, 13, 9, 19, 12, 3, 0, 15]",1305.5,9.144423961639404
"[5, 18, 8, 11, 2, 14, 4, 17, 7, 1, 16, 10, 6, 13, 9, 19, 12, 3, 0, 15]",1305.5,"[5, 18, 8, 11, 2, 14, 4, 17, 7, 1, 16, 10, 6, 13, 9, 19, 12, 3, 0, 15]",1305.5,9.212356567382812
"[5, 18, 8, 11, 2, 14, 4, 17, 7, 1, 16, 10, 6, 13, 9, 19, 12, 3, 0, 15]",1305.5,"[5, 18, 8, 11, 2, 14, 4, 17, 7, 1, 16, 10, 6, 13, 9, 19, 12, 3, 0, 15]",1305.5,9.274354934692383
"[5, 18, 8, 11, 2, 14, 4, 17, 7, 1, 16, 10, 6, 13, 9, 19, 12, 3, 0, 15]",1305.5,"[5, 18, 8, 11, 2, 14, 4, 17, 7, 1, 16, 10, 6, 13, 9, 19, 12, 3, 0, 15]",1305.5,9.340361595153809
"[5, 18, 8, 11, 2, 14, 4, 17, 7, 1, 16, 10, 6, 13, 9, 19, 12, 3, 0, 15]",1305.5,"[5, 18, 8, 11, 2, 14, 4, 17, 7, 1, 16, 10, 6, 13, 9, 19, 12, 3, 0, 15]",1305.5,9.403671264648438
"[5, 18, 8, 11, 2, 14, 4, 17, 7, 1, 16, 10, 6, 13, 9, 19, 12, 3, 0, 15]",1305.5,"[5, 18, 8, 11, 2, 14, 4, 17, 7, 1, 16, 10, 6, 13, 9, 19, 12, 3, 0, 15]",1305.5,9.467364072799683
"[5, 18, 8, 11, 2, 14, 4, 17, 7, 1, 16, 10, 6, 13, 9, 19, 12, 3, 0, 15]",1305.5,"[5, 18, 8, 11, 2, 14, 4, 17, 7, 1, 16, 10, 6, 13, 9, 19, 12, 3, 0, 15]",1305.5,9.530356884002686
"[5, 18, 8, 11, 2, 14, 4, 17, 7, 1, 16, 10, 6, 13, 9, 19, 12, 3, 0, 15]",1305.5,"[5, 18, 8, 11, 2, 14, 4, 17, 7, 1, 16, 10, 6, 13, 9, 19, 12, 3, 0, 15]",1305.5,9.594362497329712
"[5, 18, 8, 11, 2, 14, 4, 17, 7, 1, 16, 10, 6, 13, 9, 19, 12, 3, 0, 15]",1305.5,"[5, 18, 8, 11, 2, 14, 4, 17, 7, 1, 16, 10, 6, 13, 9, 19, 12, 3, 0, 15]",1305.5,9.658358097076416
"[5, 18, 8, 11, 2, 14, 4, 17, 7, 1, 16, 10, 6, 13, 9, 19, 12, 3, 0, 15]",1305.5,"[5, 18, 8, 11, 2, 14, 4, 17, 7, 1, 16, 10, 6, 13, 9, 19, 12, 3, 0, 15]",1305.5,9.7413649559021
"[5, 18, 8, 11, 2, 14, 4, 17, 7, 1, 16, 10, 6, 13, 9, 19, 12, 3, 0, 15]",1305.5,"[5, 18, 8, 11, 2, 14, 4, 17, 7, 1, 16, 10, 6, 13, 9, 19, 12, 3, 0, 15]",1305.5,9.813366413116455
"[5, 18, 8, 11, 2, 14, 4, 17, 7, 1, 16, 10, 6, 13, 9, 19, 12, 3, 0, 15]",1305.5,"[5, 18, 8, 11, 2, 14, 4, 17, 7, 1, 16, 10, 6, 13, 9, 19, 12, 3, 0, 15]",1305.5,9.87836480140686
"[5, 18, 8, 11, 2, 14, 4, 17, 7, 1, 16, 10, 6, 13, 9, 19, 12, 3, 0, 15]",1305.5,"[5, 18, 8, 11, 2, 14, 4, 17, 7, 1, 16, 10, 6, 13, 9, 19, 12, 3, 0, 15]",1305.5,9.943369388580322
"[5, 18, 8, 11, 2, 14, 4, 17, 7, 1, 16, 10, 6, 13, 9, 19, 12, 3, 0, 15]",1305.5,"[5, 18, 8, 11, 2, 14, 4, 17, 7, 1, 16, 10, 6, 13, 9, 19, 12, 3, 0, 15]",1305.5,10.008373260498047
"[5, 18, 8, 11, 2, 14, 4, 17, 7, 1, 16, 10, 6, 13, 9, 19, 12, 3, 0, 15]",1305.5,"[5, 18, 8, 11, 2, 14, 4, 17, 7, 1, 16, 10, 6, 13, 9, 19, 12, 3, 0, 15]",1305.5,10.073370933532715
"[5, 18, 8, 11, 2, 14, 4, 17, 7, 1, 16, 10, 6, 13, 9, 19, 12, 3, 0, 15]",1305.5,"[5, 18, 8, 11, 2, 14, 4, 17, 7, 1, 16, 10, 6, 13, 9, 19, 12, 3, 0, 15]",1305.5,10.137395858764648
"[5, 18, 8, 11, 2, 14, 4, 17, 7, 1, 16, 10, 6, 13, 9, 19, 12, 3, 0, 15]",1305.5,"[5, 18, 8, 11, 2, 14, 4, 17, 7, 1, 16, 10, 6, 13, 9, 19, 12, 3, 0, 15]",1305.5,10.205404996871948
"[5, 18, 8, 11, 2, 14, 4, 17, 7, 1, 16, 10, 6, 13, 9, 19, 12, 3, 0, 15]",1305.5,"[5, 18, 8, 11, 2, 14, 4, 17, 7, 1, 16, 10, 6, 13, 9, 19, 12, 3, 0, 15]",1305.5,10.268376111984253
"[5, 18, 8, 11, 2, 14, 4, 17, 7, 1, 16, 10, 6, 13, 9, 19, 12, 3, 0, 15]",1305.5,"[5, 18, 8, 11, 2, 14, 4, 17, 7, 1, 16, 10, 6, 13, 9, 19, 12, 3, 0, 15]",1305.5,10.32936954498291
"[5, 18, 8, 11, 2, 14, 4, 17, 7, 1, 16, 10, 6, 13, 9, 19, 12, 3, 0, 15]",1305.5,"[5, 18, 8, 11, 2, 14, 4, 17, 7, 1, 16, 10, 6, 13, 9, 19, 12, 3, 0, 15]",1305.5,10.39237117767334
"[5, 18, 8, 11, 2, 14, 4, 17, 7, 1, 16, 10, 6, 13, 9, 19, 12, 3, 0, 15]",1305.5,"[5, 18, 8, 11, 2, 14, 4, 17, 7, 1, 16, 10, 6, 13, 9, 19, 12, 3, 0, 15]",1305.5,10.455372333526611
"[5, 18, 8, 11, 2, 14, 4, 17, 7, 1, 16, 10, 6, 13, 9, 19, 12, 3, 0, 15]",1305.5,"[5, 18, 8, 11, 2, 14, 4, 17, 7, 1, 16, 10, 6, 13, 9, 19, 12, 3, 0, 15]",1305.5,10.520378112792969
"[5, 18, 8, 11, 2, 14, 4, 17, 7, 1, 16, 10, 6, 13, 9, 19, 12, 3, 0, 15]",1305.5,"[5, 18, 8, 11, 2, 14, 4, 17, 7, 1, 16, 10, 6, 13, 9, 19, 12, 3, 0, 15]",1305.5,10.581374168395996
"[5, 18, 8, 11, 2, 14, 4, 17, 7, 1, 16, 10, 6, 13, 9, 19, 12, 3, 0, 15]",1305.5,"[5, 18, 8, 11, 2, 14, 4, 17, 7, 1, 16, 10, 6, 13, 9, 19, 12, 3, 0, 15]",1305.5,10.647375345230103
"[5, 18, 8, 11, 2, 14, 4, 17, 7, 1, 16, 10, 6, 13, 9, 19, 12, 3, 0, 15]",1305.5,"[5, 18, 8, 11, 2, 14, 4, 17, 7, 1, 16, 10, 6, 13, 9, 19, 12, 3, 0, 15]",1305.5,10.713377714157104
"[5, 18, 8, 11, 2, 14, 4, 17, 7, 1, 16, 10, 6, 13, 9, 19, 12, 3, 0, 15]",1305.5,"[5, 18, 8, 11, 2, 14, 4, 17, 7, 1, 16, 10, 6, 13, 9, 19, 12, 3, 0, 15]",1305.5,10.775381565093994
"[5, 18, 8, 11, 2, 14, 4, 17, 7, 1, 16, 10, 6, 13, 9, 19, 12, 3, 0, 15]",1305.5,"[5, 18, 8, 11, 2, 14, 4, 17, 7, 1, 16, 10, 6, 13, 9, 19, 12, 3, 0, 15]",1305.5,10.837381839752197
"[5, 18, 8, 11, 2, 14, 4, 17, 7, 1, 16, 10, 6, 13, 9, 19, 12, 3, 0, 15]",1305.5,"[5, 18, 8, 11, 2, 14, 4, 17, 7, 1, 16, 10, 6, 13, 9, 19, 12, 3, 0, 15]",1305.5,10.901378631591797
"[5, 18, 8, 11, 2, 14, 4, 17, 7, 1, 16, 10, 6, 13, 9, 19, 12, 3, 0, 15]",1305.5,"[5, 18, 8, 11, 2, 14, 4, 17, 7, 1, 16, 10, 6, 13, 9, 19, 12, 3, 0, 15]",1305.5,10.966387510299683
"[5, 18, 8, 11, 2, 14, 4, 17, 7, 1, 16, 10, 6, 13, 9, 19, 12, 3, 0, 15]",1305.5,"[5, 18, 8, 11, 2, 14, 4, 17, 7, 1, 16, 10, 6, 13, 9, 19, 12, 3, 0, 15]",1305.5,11.033383131027222
"[5, 18, 8, 11, 2, 14, 4, 17, 7, 1, 16, 10, 6, 13, 9, 19, 12, 3, 0, 15]",1305.5,"[5, 18, 8, 11, 2, 14, 4, 17, 7, 1, 16, 10, 6, 13, 9, 19, 12, 3, 0, 15]",1305.5,11.101389408111572
"[5, 18, 8, 11, 2, 14, 4, 17, 7, 1, 16, 10, 6, 13, 9, 19, 12, 3, 0, 15]",1305.5,"[5, 18, 8, 11, 2, 14, 4, 17, 7, 1, 16, 10, 6, 13, 9, 19, 12, 3, 0, 15]",1305.5,11.16736125946045
"[5, 18, 8, 11, 2, 14, 4, 17, 7, 1, 16, 10, 6, 13, 9, 19, 12, 3, 0, 15]",1305.5,"[5, 18, 8, 11, 2, 14, 4, 17, 7, 1, 16, 10, 6, 13, 9, 19, 12, 3, 0, 15]",1305.5,11.233335018157959
"[5, 18, 8, 11, 2, 14, 4, 17, 7, 1, 16, 10, 6, 13, 9, 19, 12, 3, 0, 15]",1305.5,"[5, 18, 8, 11, 2, 14, 4, 17, 7, 1, 16, 10, 6, 13, 9, 19, 12, 3, 0, 15]",1305.5,11.298342227935791
"[5, 18, 8, 11, 2, 14, 4, 17, 7, 1, 16, 10, 6, 13, 9, 19, 12, 3, 0, 15]",1305.5,"[5, 18, 8, 11, 2, 14, 4, 17, 7, 1, 16, 10, 6, 13, 9, 19, 12, 3, 0, 15]",1305.5,11.363342761993408
"[5, 18, 8, 11, 2, 14, 4, 17, 7, 1, 16, 10, 6, 13, 9, 19, 12, 3, 0, 15]",1305.5,"[5, 18, 8, 11, 2, 14, 4, 17, 7, 1, 16, 10, 6, 13, 9, 19, 12, 3, 0, 15]",1305.5,11.432340383529663
"[5, 18, 8, 11, 2, 14, 4, 17, 7, 1, 16, 10, 6, 13, 9, 19, 12, 3, 0, 15]",1305.5,"[5, 18, 8, 11, 2, 14, 4, 17, 7, 1, 16, 10, 6, 13, 9, 19, 12, 3, 0, 15]",1305.5,11.496340990066528
"[5, 18, 8, 11, 2, 14, 4, 17, 7, 1, 16, 10, 6, 13, 9, 19, 12, 3, 0, 15]",1305.5,"[5, 18, 8, 11, 2, 14, 4, 17, 7, 1, 16, 10, 6, 13, 9, 19, 12, 3, 0, 15]",1305.5,11.560341119766235
"[5, 18, 8, 11, 2, 14, 4, 17, 7, 1, 16, 10, 6, 13, 9, 19, 12, 3, 0, 15]",1305.5,"[5, 18, 8, 11, 2, 14, 4, 17, 7, 1, 16, 10, 6, 13, 9, 19, 12, 3, 0, 15]",1305.5,11.627344846725464
"[5, 18, 8, 11, 2, 14, 4, 17, 7, 1, 16, 10, 6, 13, 9, 19, 12, 3, 0, 15]",1305.5,"[5, 18, 8, 11, 2, 14, 4, 17, 7, 1, 16, 10, 6, 13, 9, 19, 12, 3, 0, 15]",1305.5,11.691343307495117
"[5, 18, 8, 11, 2, 14, 4, 17, 7, 1, 16, 10, 6, 13, 9, 19, 12, 3, 0, 15]",1305.5,"[5, 18, 8, 11, 2, 14, 4, 17, 7, 1, 16, 10, 6, 13, 9, 19, 12, 3, 0, 15]",1305.5,11.75734806060791
"[5, 18, 8, 11, 2, 14, 4, 17, 7, 1, 16, 10, 6, 13, 9, 19, 12, 3, 0, 15]",1305.5,"[5, 18, 8, 11, 2, 14, 4, 17, 7, 1, 16, 10, 6, 13, 9, 19, 12, 3, 0, 15]",1305.5,11.82335638999939
"[5, 18, 8, 11, 2, 14, 4, 17, 7, 1, 16, 10, 6, 13, 9, 19, 12, 3, 0, 15]",1305.5,"[5, 18, 8, 11, 2, 14, 4, 17, 7, 1, 16, 10, 6, 13, 9, 19, 12, 3, 0, 15]",1305.5,11.918351888656616
"[5, 18, 8, 11, 2, 14, 4, 17, 7, 1, 16, 10, 6, 13, 9, 19, 12, 3, 0, 15]",1305.5,"[5, 18, 8, 11, 2, 14, 4, 17, 7, 1, 16, 10, 6, 13, 9, 19, 12, 3, 0, 15]",1305.5,11.985357761383057
"[5, 18, 8, 11, 2, 14, 4, 17, 7, 1, 16, 10, 6, 13, 9, 19, 12, 3, 0, 15]",1305.5,"[5, 18, 8, 11, 2, 14, 4, 17, 7, 1, 16, 10, 6, 13, 9, 19, 12, 3, 0, 15]",1305.5,12.05135178565979
"[5, 18, 8, 11, 2, 14, 4, 17, 7, 1, 16, 10, 6, 13, 9, 19, 12, 3, 0, 15]",1305.5,"[5, 18, 8, 11, 2, 14, 4, 17, 7, 1, 16, 10, 6, 13, 9, 19, 12, 3, 0, 15]",1305.5,12.116353511810303
"[5, 18, 8, 11, 2, 14, 4, 17, 7, 1, 16, 10, 6, 13, 9, 19, 12, 3, 0, 15]",1305.5,"[5, 18, 8, 11, 2, 14, 4, 17, 7, 1, 16, 10, 6, 13, 9, 19, 12, 3, 0, 15]",1305.5,12.184371709823608
"[5, 18, 8, 11, 2, 14, 4, 17, 7, 1, 16, 10, 6, 13, 9, 19, 12, 3, 0, 15]",1305.5,"[5, 18, 8, 11, 2, 14, 4, 17, 7, 1, 16, 10, 6, 13, 9, 19, 12, 3, 0, 15]",1305.5,12.258371353149414
"[5, 18, 8, 11, 2, 14, 4, 17, 7, 1, 16, 10, 6, 13, 9, 19, 12, 3, 0, 15]",1305.5,"[5, 18, 8, 11, 2, 14, 4, 17, 7, 1, 16, 10, 6, 13, 9, 19, 12, 3, 0, 15]",1305.5,12.328358888626099
"[5, 18, 8, 11, 2, 14, 4, 17, 7, 1, 16, 10, 6, 13, 9, 19, 12, 3, 0, 15]",1305.5,"[5, 18, 8, 11, 2, 14, 4, 17, 7, 1, 16, 10, 6, 13, 9, 19, 12, 3, 0, 15]",1305.5,12.390366077423096
"[5, 18, 8, 11, 2, 14, 4, 17, 7, 1, 16, 10, 6, 13, 9, 19, 12, 3, 0, 15]",1305.5,"[5, 18, 8, 11, 2, 14, 4, 17, 7, 1, 16, 10, 6, 13, 9, 19, 12, 3, 0, 15]",1305.5,12.454359531402588
"[5, 18, 8, 11, 2, 14, 4, 17, 7, 1, 16, 10, 6, 13, 9, 19, 12, 3, 0, 15]",1305.5,"[5, 18, 8, 11, 2, 14, 4, 17, 7, 1, 16, 10, 6, 13, 9, 19, 12, 3, 0, 15]",1305.5,12.517356634140015
"[5, 18, 8, 11, 2, 14, 4, 17, 7, 1, 16, 10, 6, 13, 9, 19, 12, 3, 0, 15]",1305.5,"[5, 18, 8, 11, 2, 14, 4, 17, 7, 1, 16, 10, 6, 13, 9, 19, 12, 3, 0, 15]",1305.5,12.5813570022583
"[5, 18, 8, 11, 2, 14, 4, 17, 7, 1, 16, 10, 6, 13, 9, 19, 12, 3, 0, 15]",1305.5,"[5, 18, 8, 11, 2, 14, 4, 17, 7, 1, 16, 10, 6, 13, 9, 19, 12, 3, 0, 15]",1305.5,12.646365404129028
"[5, 18, 8, 11, 2, 14, 4, 17, 7, 1, 16, 10, 6, 13, 9, 19, 12, 3, 0, 15]",1305.5,"[5, 18, 8, 11, 2, 14, 4, 17, 7, 1, 16, 10, 6, 13, 9, 19, 12, 3, 0, 15]",1305.5,12.711360692977905
"[5, 18, 8, 11, 2, 14, 4, 17, 7, 1, 16, 10, 6, 13, 9, 19, 12, 3, 0, 15]",1305.5,"[5, 18, 8, 11, 2, 14, 4, 17, 7, 1, 16, 10, 6, 13, 9, 19, 12, 3, 0, 15]",1305.5,12.7773597240448
"[5, 18, 8, 11, 2, 14, 4, 17, 7, 1, 16, 10, 6, 13, 9, 19, 12, 3, 0, 15]",1305.5,"[5, 18, 8, 11, 2, 14, 4, 17, 7, 1, 16, 10, 6, 13, 9, 19, 12, 3, 0, 15]",1305.5,12.842368364334106
"[5, 18, 8, 11, 2, 14, 4, 17, 7, 1, 16, 10, 6, 13, 9, 19, 12, 3, 0, 15]",1305.5,"[5, 18, 8, 11, 2, 14, 4, 17, 7, 1, 16, 10, 6, 13, 9, 19, 12, 3, 0, 15]",1305.5,12.907369613647461
"[5, 18, 8, 11, 2, 14, 4, 17, 7, 1, 16, 10, 6, 13, 9, 19, 12, 3, 0, 15]",1305.5,"[5, 18, 8, 11, 2, 14, 4, 17, 7, 1, 16, 10, 6, 13, 9, 19, 12, 3, 0, 15]",1305.5,12.971367359161377
"[5, 18, 8, 11, 2, 14, 4, 17, 7, 1, 16, 10, 6, 13, 9, 19, 12, 3, 0, 15]",1305.5,"[5, 18, 8, 11, 2, 14, 4, 17, 7, 1, 16, 10, 6, 13, 9, 19, 12, 3, 0, 15]",1305.5,13.038374423980713
"[5, 18, 8, 11, 2, 14, 4, 17, 7, 1, 16, 10, 6, 13, 9, 19, 12, 3, 0, 15]",1305.5,"[5, 18, 8, 11, 2, 14, 4, 17, 7, 1, 16, 10, 6, 13, 9, 19, 12, 3, 0, 15]",1305.5,13.105364561080933
"[5, 18, 8, 11, 2, 14, 4, 17, 7, 1, 16, 10, 6, 13, 9, 19, 12, 3, 0, 15]",1305.5,"[5, 18, 8, 11, 2, 14, 4, 17, 7, 1, 16, 10, 6, 13, 9, 19, 12, 3, 0, 15]",1305.5,13.17136836051941
"[5, 18, 8, 11, 2, 14, 4, 17, 7, 1, 16, 10, 6, 13, 9, 19, 12, 3, 0, 15]",1305.5,"[5, 18, 8, 11, 2, 14, 4, 17, 7, 1, 16, 10, 6, 13, 9, 19, 12, 3, 0, 15]",1305.5,13.239369630813599
"[5, 18, 8, 11, 2, 14, 4, 17, 7, 1, 16, 10, 6, 13, 9, 19, 12, 3, 0, 15]",1305.5,"[5, 18, 8, 11, 2, 14, 4, 17, 7, 1, 16, 10, 6, 13, 9, 19, 12, 3, 0, 15]",1305.5,13.304381370544434
"[5, 18, 8, 11, 2, 14, 4, 17, 7, 1, 16, 10, 6, 13, 9, 19, 12, 3, 0, 15]",1305.5,"[5, 18, 8, 11, 2, 14, 4, 17, 7, 1, 16, 10, 6, 13, 9, 19, 12, 3, 0, 15]",1305.5,13.366374254226685
"[5, 18, 8, 11, 2, 14, 4, 17, 7, 1, 16, 10, 6, 13, 9, 19, 12, 3, 0, 15]",1305.5,"[5, 18, 8, 11, 2, 14, 4, 17, 7, 1, 16, 10, 6, 13, 9, 19, 12, 3, 0, 15]",1305.5,13.433393001556396
"[5, 18, 8, 11, 2, 14, 4, 17, 7, 1, 16, 10, 6, 13, 9, 19, 12, 3, 0, 15]",1305.5,"[5, 18, 8, 11, 2, 14, 4, 17, 7, 1, 16, 10, 6, 13, 9, 19, 12, 3, 0, 15]",1305.5,13.497375965118408
"[5, 18, 8, 11, 2, 14, 4, 17, 7, 1, 16, 10, 6, 13, 9, 19, 12, 3, 0, 15]",1305.5,"[5, 18, 8, 11, 2, 14, 4, 17, 7, 1, 16, 10, 6, 13, 9, 19, 12, 3, 0, 15]",1305.5,13.56037974357605
"[5, 18, 8, 11, 2, 14, 4, 17, 7, 1, 16, 10, 6, 13, 9, 19, 12, 3, 0, 15]",1305.5,"[5, 18, 8, 11, 2, 14, 4, 17, 7, 1, 16, 10, 6, 13, 9, 19, 12, 3, 0, 15]",1305.5,13.624377727508545
"[5, 18, 8, 11, 2, 14, 4, 17, 7, 1, 16, 10, 6, 13, 9, 19, 12, 3, 0, 15]",1305.5,"[5, 18, 8, 11, 2, 14, 4, 17, 7, 1, 16, 10, 6, 13, 9, 19, 12, 3, 0, 15]",1305.5,13.688379526138306
"[5, 18, 8, 11, 2, 14, 4, 17, 7, 1, 16, 10, 6, 13, 9, 19, 12, 3, 0, 15]",1305.5,"[5, 18, 8, 11, 2, 14, 4, 17, 7, 1, 16, 10, 6, 13, 9, 19, 12, 3, 0, 15]",1305.5,13.75538158416748
"[5, 18, 8, 11, 2, 14, 4, 17, 7, 1, 16, 10, 6, 13, 9, 19, 12, 3, 0, 15]",1305.5,"[5, 18, 8, 11, 2, 14, 4, 17, 7, 1, 16, 10, 6, 13, 9, 19, 12, 3, 0, 15]",1305.5,13.81937837600708
"[5, 18, 8, 11, 2, 14, 4, 17, 7, 1, 16, 10, 6, 13, 9, 19, 12, 3, 0, 15]",1305.5,"[5, 18, 8, 11, 2, 14, 4, 17, 7, 1, 16, 10, 6, 13, 9, 19, 12, 3, 0, 15]",1305.5,13.883380651473999
"[5, 18, 8, 11, 2, 14, 4, 17, 7, 1, 16, 10, 6, 13, 9, 19, 12, 3, 0, 15]",1305.5,"[5, 18, 8, 11, 2, 14, 4, 17, 7, 1, 16, 10, 6, 13, 9, 19, 12, 3, 0, 15]",1305.5,13.94938325881958
"[5, 18, 8, 11, 2, 14, 4, 17, 7, 1, 16, 10, 6, 13, 9, 19, 12, 3, 0, 15]",1305.5,"[5, 18, 8, 11, 2, 14, 4, 17, 7, 1, 16, 10, 6, 13, 9, 19, 12, 3, 0, 15]",1305.5,14.01245403289795
"[5, 18, 8, 11, 2, 14, 4, 17, 7, 1, 16, 10, 6, 13, 9, 19, 12, 3, 0, 15]",1305.5,"[5, 18, 8, 11, 2, 14, 4, 17, 7, 1, 16, 10, 6, 13, 9, 19, 12, 3, 0, 15]",1305.5,14.077386379241943
"[5, 18, 8, 11, 2, 14, 4, 17, 7, 1, 16, 10, 6, 13, 9, 19, 12, 3, 0, 15]",1305.5,"[5, 18, 8, 11, 2, 14, 4, 17, 7, 1, 16, 10, 6, 13, 9, 19, 12, 3, 0, 15]",1305.5,14.141387224197388
"[5, 18, 8, 11, 2, 14, 4, 17, 7, 1, 16, 10, 6, 13, 9, 19, 12, 3, 0, 15]",1305.5,"[5, 18, 8, 11, 2, 14, 4, 17, 7, 1, 16, 10, 6, 13, 9, 19, 12, 3, 0, 15]",1305.5,14.206404685974121
"[5, 18, 8, 11, 2, 14, 4, 17, 7, 1, 16, 10, 6, 13, 9, 19, 12, 3, 0, 15]",1305.5,"[5, 18, 8, 11, 2, 14, 4, 17, 7, 1, 16, 10, 6, 13, 9, 19, 12, 3, 0, 15]",1305.5,14.27038860321045
"[5, 18, 8, 11, 2, 14, 4, 17, 7, 1, 16, 10, 6, 13, 9, 19, 12, 3, 0, 15]",1305.5,"[5, 18, 8, 11, 2, 14, 4, 17, 7, 1, 16, 10, 6, 13, 9, 19, 12, 3, 0, 15]",1305.5,14.33539366722107
"[5, 18, 8, 11, 2, 14, 4, 17, 7, 1, 16, 10, 6, 13, 9, 19, 12, 3, 0, 15]",1305.5,"[5, 18, 8, 11, 2, 14, 4, 17, 7, 1, 16, 10, 6, 13, 9, 19, 12, 3, 0, 15]",1305.5,14.404387712478638
"[5, 18, 8, 11, 2, 14, 4, 17, 7, 1, 16, 10, 6, 13, 9, 19, 12, 3, 0, 15]",1305.5,"[5, 18, 8, 11, 2, 14, 4, 17, 7, 1, 16, 10, 6, 13, 9, 19, 12, 3, 0, 15]",1305.5,14.472383975982666
"[5, 18, 8, 11, 2, 14, 4, 17, 7, 1, 16, 10, 6, 13, 9, 19, 12, 3, 0, 15]",1305.5,"[5, 18, 8, 11, 2, 14, 4, 17, 7, 1, 16, 10, 6, 13, 9, 19, 12, 3, 0, 15]",1305.5,14.54439663887024
"[5, 18, 8, 11, 2, 14, 4, 17, 7, 1, 16, 10, 6, 13, 9, 19, 12, 3, 0, 15]",1305.5,"[5, 18, 8, 11, 2, 14, 4, 17, 7, 1, 16, 10, 6, 13, 9, 19, 12, 3, 0, 15]",1305.5,14.613392114639282
"[5, 18, 8, 11, 2, 14, 4, 17, 7, 1, 16, 10, 6, 13, 9, 19, 12, 3, 0, 15]",1305.5,"[5, 18, 8, 11, 2, 14, 4, 17, 7, 1, 16, 10, 6, 13, 9, 19, 12, 3, 0, 15]",1305.5,14.678394794464111
"[5, 18, 8, 11, 2, 14, 4, 17, 7, 1, 16, 10, 6, 13, 9, 19, 12, 3, 0, 15]",1305.5,"[5, 18, 8, 11, 2, 14, 4, 17, 7, 1, 16, 10, 6, 13, 9, 19, 12, 3, 0, 15]",1305.5,14.746392726898193
"[5, 18, 8, 11, 2, 14, 4, 17, 7, 1, 16, 10, 6, 13, 9, 19, 12, 3, 0, 15]",1305.5,"[5, 18, 8, 11, 2, 14, 4, 17, 7, 1, 16, 10, 6, 13, 9, 19, 12, 3, 0, 15]",1305.5,14.810408115386963
"[5, 18, 8, 11, 2, 14, 4, 17, 7, 1, 16, 10, 6, 13, 9, 19, 12, 3, 0, 15]",1305.5,"[5, 18, 8, 11, 2, 14, 4, 17, 7, 1, 16, 10, 6, 13, 9, 19, 12, 3, 0, 15]",1305.5,14.874421834945679
"[5, 18, 8, 11, 2, 14, 4, 17, 7, 1, 16, 10, 6, 13, 9, 19, 12, 3, 0, 15]",1305.5,"[5, 18, 8, 11, 2, 14, 4, 17, 7, 1, 16, 10, 6, 13, 9, 19, 12, 3, 0, 15]",1305.5,14.936399459838867
"[5, 18, 8, 11, 2, 14, 4, 17, 7, 1, 16, 10, 6, 13, 9, 19, 12, 3, 0, 15]",1305.5,"[5, 18, 8, 11, 2, 14, 4, 17, 7, 1, 16, 10, 6, 13, 9, 19, 12, 3, 0, 15]",1305.5,14.998400926589966
"[5, 18, 8, 11, 2, 14, 4, 17, 7, 1, 16, 10, 6, 13, 9, 19, 12, 3, 0, 15]",1305.5,"[5, 18, 8, 11, 2, 14, 4, 17, 7, 1, 16, 10, 6, 13, 9, 19, 12, 3, 0, 15]",1305.5,15.062404155731201
"[5, 18, 8, 11, 2, 14, 4, 17, 7, 1, 16, 10, 6, 13, 9, 19, 12, 3, 0, 15]",1305.5,"[5, 18, 8, 11, 2, 14, 4, 17, 7, 1, 16, 10, 6, 13, 9, 19, 12, 3, 0, 15]",1305.5,15.125399112701416
"[5, 18, 8, 11, 2, 14, 4, 17, 7, 1, 16, 10, 6, 13, 9, 19, 12, 3, 0, 15]",1305.5,"[5, 18, 8, 11, 2, 14, 4, 17, 7, 1, 16, 10, 6, 13, 9, 19, 12, 3, 0, 15]",1305.5,15.193399429321289
"[5, 18, 8, 11, 2, 14, 4, 17, 7, 1, 16, 10, 6, 13, 9, 19, 12, 3, 0, 15]",1305.5,"[5, 18, 8, 11, 2, 14, 4, 17, 7, 1, 16, 10, 6, 13, 9, 19, 12, 3, 0, 15]",1305.5,15.255401611328125
"[5, 18, 8, 11, 2, 14, 4, 17, 7, 1, 16, 10, 6, 13, 9, 19, 12, 3, 0, 15]",1305.5,"[5, 18, 8, 11, 2, 14, 4, 17, 7, 1, 16, 10, 6, 13, 9, 19, 12, 3, 0, 15]",1305.5,15.319407939910889
"[5, 18, 8, 11, 2, 14, 4, 17, 7, 1, 16, 10, 6, 13, 9, 19, 12, 3, 0, 15]",1305.5,"[5, 18, 8, 11, 2, 14, 4, 17, 7, 1, 16, 10, 6, 13, 9, 19, 12, 3, 0, 15]",1305.5,15.388407707214355
"[5, 18, 8, 11, 2, 14, 4, 17, 7, 1, 16, 10, 6, 13, 9, 19, 12, 3, 0, 15]",1305.5,"[5, 18, 8, 11, 2, 14, 4, 17, 7, 1, 16, 10, 6, 13, 9, 19, 12, 3, 0, 15]",1305.5,15.454418182373047
"[5, 18, 8, 11, 2, 14, 4, 17, 7, 1, 16, 10, 6, 13, 9, 19, 12, 3, 0, 15]",1305.5,"[5, 18, 8, 11, 2, 14, 4, 17, 7, 1, 16, 10, 6, 13, 9, 19, 12, 3, 0, 15]",1305.5,15.517407178878784
"[5, 18, 8, 11, 2, 14, 4, 17, 7, 1, 16, 10, 6, 13, 9, 19, 12, 3, 0, 15]",1305.5,"[5, 18, 8, 11, 2, 14, 4, 17, 7, 1, 16, 10, 6, 13, 9, 19, 12, 3, 0, 15]",1305.5,15.581413984298706
"[5, 18, 8, 11, 2, 14, 4, 17, 7, 1, 16, 10, 6, 13, 9, 19, 12, 3, 0, 15]",1305.5,"[5, 18, 8, 11, 2, 14, 4, 17, 7, 1, 16, 10, 6, 13, 9, 19, 12, 3, 0, 15]",1305.5,15.646410703659058
"[5, 18, 8, 11, 2, 14, 4, 17, 7, 1, 16, 10, 6, 13, 9, 19, 12, 3, 0, 15]",1305.5,"[5, 18, 8, 11, 2, 14, 4, 17, 7, 1, 16, 10, 6, 13, 9, 19, 12, 3, 0, 15]",1305.5,15.710411310195923
"[5, 18, 8, 11, 2, 14, 4, 17, 7, 1, 16, 10, 6, 13, 9, 19, 12, 3, 0, 15]",1305.5,"[5, 18, 8, 11, 2, 14, 4, 17, 7, 1, 16, 10, 6, 13, 9, 19, 12, 3, 0, 15]",1305.5,15.778410911560059
"[5, 18, 8, 11, 2, 14, 4, 17, 7, 1, 16, 10, 6, 13, 9, 19, 12, 3, 0, 15]",1305.5,"[5, 18, 8, 11, 2, 14, 4, 17, 7, 1, 16, 10, 6, 13, 9, 19, 12, 3, 0, 15]",1305.5,15.843413352966309
"[5, 18, 8, 11, 2, 14, 4, 17, 7, 1, 16, 10, 6, 13, 9, 19, 12, 3, 0, 15]",1305.5,"[5, 18, 8, 11, 2, 14, 4, 17, 7, 1, 16, 10, 6, 13, 9, 19, 12, 3, 0, 15]",1305.5,15.907474517822266
"[5, 18, 8, 11, 2, 14, 4, 17, 7, 1, 16, 10, 6, 13, 9, 19, 12, 3, 0, 15]",1305.5,"[5, 18, 8, 11, 2, 14, 4, 17, 7, 1, 16, 10, 6, 13, 9, 19, 12, 3, 0, 15]",1305.5,15.974417924880981
"[5, 18, 8, 11, 2, 14, 4, 17, 7, 1, 16, 10, 6, 13, 9, 19, 12, 3, 0, 15]",1305.5,"[5, 18, 8, 11, 2, 14, 4, 17, 7, 1, 16, 10, 6, 13, 9, 19, 12, 3, 0, 15]",1305.5,16.03841209411621
"[5, 18, 8, 11, 2, 14, 4, 17, 7, 1, 16, 10, 6, 13, 9, 19, 12, 3, 0, 15]",1305.5,"[5, 18, 8, 11, 2, 14, 4, 17, 7, 1, 16, 10, 6, 13, 9, 19, 12, 3, 0, 15]",1305.5,16.10541319847107
"[5, 18, 8, 11, 2, 14, 4, 17, 7, 1, 16, 10, 6, 13, 9, 19, 12, 3, 0, 15]",1305.5,"[5, 18, 8, 11, 2, 14, 4, 17, 7, 1, 16, 10, 6, 13, 9, 19, 12, 3, 0, 15]",1305.5,16.202418327331543
"[5, 18, 8, 11, 2, 14, 4, 17, 7, 1, 16, 10, 6, 13, 9, 19, 12, 3, 0, 15]",1305.5,"[5, 18, 8, 11, 2, 14, 4, 17, 7, 1, 16, 10, 6, 13, 9, 19, 12, 3, 0, 15]",1305.5,16.26942253112793
"[5, 18, 8, 11, 2, 14, 4, 17, 7, 1, 16, 10, 6, 13, 9, 19, 12, 3, 0, 15]",1305.5,"[5, 18, 8, 11, 2, 14, 4, 17, 7, 1, 16, 10, 6, 13, 9, 19, 12, 3, 0, 15]",1305.5,16.33541989326477
"[5, 18, 8, 11, 2, 14, 4, 17, 7, 1, 16, 10, 6, 13, 9, 19, 12, 3, 0, 15]",1305.5,"[5, 18, 8, 11, 2, 14, 4, 17, 7, 1, 16, 10, 6, 13, 9, 19, 12, 3, 0, 15]",1305.5,16.401418685913086
"[5, 18, 8, 11, 2, 14, 4, 17, 7, 1, 16, 10, 6, 13, 9, 19, 12, 3, 0, 15]",1305.5,"[5, 18, 8, 11, 2, 14, 4, 17, 7, 1, 16, 10, 6, 13, 9, 19, 12, 3, 0, 15]",1305.5,16.46442461013794
"[5, 18, 8, 11, 2, 14, 4, 17, 7, 1, 16, 10, 6, 13, 9, 19, 12, 3, 0, 15]",1305.5,"[5, 18, 8, 11, 2, 14, 4, 17, 7, 1, 16, 10, 6, 13, 9, 19, 12, 3, 0, 15]",1305.5,16.52742028236389
"[5, 18, 8, 11, 2, 14, 4, 17, 7, 1, 16, 10, 6, 13, 9, 19, 12, 3, 0, 15]",1305.5,"[5, 18, 8, 11, 2, 14, 4, 17, 7, 1, 16, 10, 6, 13, 9, 19, 12, 3, 0, 15]",1305.5,16.59243369102478
"[5, 18, 8, 11, 2, 14, 4, 17, 7, 1, 16, 10, 6, 13, 9, 19, 12, 3, 0, 15]",1305.5,"[5, 18, 8, 11, 2, 14, 4, 17, 7, 1, 16, 10, 6, 13, 9, 19, 12, 3, 0, 15]",1305.5,16.65341830253601
"[5, 18, 8, 11, 2, 14, 4, 17, 7, 1, 16, 10, 6, 13, 9, 19, 12, 3, 0, 15]",1305.5,"[5, 18, 8, 11, 2, 14, 4, 17, 7, 1, 16, 10, 6, 13, 9, 19, 12, 3, 0, 15]",1305.5,16.71744203567505
"[5, 18, 8, 11, 2, 14, 4, 17, 7, 1, 16, 10, 6, 13, 9, 19, 12, 3, 0, 15]",1305.5,"[5, 18, 8, 11, 2, 14, 4, 17, 7, 1, 16, 10, 6, 13, 9, 19, 12, 3, 0, 15]",1305.5,16.78642773628235
"[5, 18, 8, 11, 2, 14, 4, 17, 7, 1, 16, 10, 6, 13, 9, 19, 12, 3, 0, 15]",1305.5,"[5, 18, 8, 11, 2, 14, 4, 17, 7, 1, 16, 10, 6, 13, 9, 19, 12, 3, 0, 15]",1305.5,16.851425409317017
"[5, 18, 8, 11, 2, 14, 4, 17, 7, 1, 16, 10, 6, 13, 9, 19, 12, 3, 0, 15]",1305.5,"[5, 18, 8, 11, 2, 14, 4, 17, 7, 1, 16, 10, 6, 13, 9, 19, 12, 3, 0, 15]",1305.5,16.915430068969727
"[5, 18, 8, 11, 2, 14, 4, 17, 7, 1, 16, 10, 6, 13, 9, 19, 12, 3, 0, 15]",1305.5,"[5, 18, 8, 11, 2, 14, 4, 17, 7, 1, 16, 10, 6, 13, 9, 19, 12, 3, 0, 15]",1305.5,16.97942852973938
"[5, 18, 8, 11, 2, 14, 4, 17, 7, 1, 16, 10, 6, 13, 9, 19, 12, 3, 0, 15]",1305.5,"[5, 18, 8, 11, 2, 14, 4, 17, 7, 1, 16, 10, 6, 13, 9, 19, 12, 3, 0, 15]",1305.5,17.042487859725952
"[5, 18, 8, 11, 2, 14, 4, 17, 7, 1, 16, 10, 6, 13, 9, 19, 12, 3, 0, 15]",1305.5,"[5, 18, 8, 11, 2, 14, 4, 17, 7, 1, 16, 10, 6, 13, 9, 19, 12, 3, 0, 15]",1305.5,17.114434003829956
"[5, 18, 8, 11, 2, 14, 4, 17, 7, 1, 16, 10, 6, 13, 9, 19, 12, 3, 0, 15]",1305.5,"[5, 18, 8, 11, 2, 14, 4, 17, 7, 1, 16, 10, 6, 13, 9, 19, 12, 3, 0, 15]",1305.5,17.18243384361267
"[5, 18, 8, 11, 2, 14, 4, 17, 7, 1, 16, 10, 6, 13, 9, 19, 12, 3, 0, 15]",1305.5,"[5, 18, 8, 11, 2, 14, 4, 17, 7, 1, 16, 10, 6, 13, 9, 19, 12, 3, 0, 15]",1305.5,17.246434688568115
"[5, 18, 8, 11, 2, 14, 4, 17, 7, 1, 16, 10, 6, 13, 9, 19, 12, 3, 0, 15]",1305.5,"[5, 18, 8, 11, 2, 14, 4, 17, 7, 1, 16, 10, 6, 13, 9, 19, 12, 3, 0, 15]",1305.5,17.311435222625732
"[5, 18, 8, 11, 2, 14, 4, 17, 7, 1, 16, 10, 6, 13, 9, 19, 12, 3, 0, 15]",1305.5,"[5, 18, 8, 11, 2, 14, 4, 17, 7, 1, 16, 10, 6, 13, 9, 19, 12, 3, 0, 15]",1305.5,17.380433082580566
"[5, 18, 8, 11, 2, 14, 4, 17, 7, 1, 16, 10, 6, 13, 9, 19, 12, 3, 0, 15]",1305.5,"[5, 18, 8, 11, 2, 14, 4, 17, 7, 1, 16, 10, 6, 13, 9, 19, 12, 3, 0, 15]",1305.5,17.449437856674194
"[5, 18, 8, 11, 2, 14, 4, 17, 7, 1, 16, 10, 6, 13, 9, 19, 12, 3, 0, 15]",1305.5,"[5, 18, 8, 11, 2, 14, 4, 17, 7, 1, 16, 10, 6, 13, 9, 19, 12, 3, 0, 15]",1305.5,17.517457723617554
"[5, 18, 8, 11, 2, 14, 4, 17, 7, 1, 16, 10, 6, 13, 9, 19, 12, 3, 0, 15]",1305.5,"[5, 18, 8, 11, 2, 14, 4, 17, 7, 1, 16, 10, 6, 13, 9, 19, 12, 3, 0, 15]",1305.5,17.58844256401062
"[5, 18, 8, 11, 2, 14, 4, 17, 7, 1, 16, 10, 6, 13, 9, 19, 12, 3, 0, 15]",1305.5,"[5, 18, 8, 11, 2, 14, 4, 17, 7, 1, 16, 10, 6, 13, 9, 19, 12, 3, 0, 15]",1305.5,17.653450965881348
"[5, 18, 8, 11, 2, 14, 4, 17, 7, 1, 16, 10, 6, 13, 9, 19, 12, 3, 0, 15]",1305.5,"[5, 18, 8, 11, 2, 14, 4, 17, 7, 1, 16, 10, 6, 13, 9, 19, 12, 3, 0, 15]",1305.5,17.718462228775024
"[5, 18, 8, 11, 2, 14, 4, 17, 7, 1, 16, 10, 6, 13, 9, 19, 12, 3, 0, 15]",1305.5,"[5, 18, 8, 11, 2, 14, 4, 17, 7, 1, 16, 10, 6, 13, 9, 19, 12, 3, 0, 15]",1305.5,17.787444353103638
"[5, 18, 8, 11, 2, 14, 4, 17, 7, 1, 16, 10, 6, 13, 9, 19, 12, 3, 0, 15]",1305.5,"[5, 18, 8, 11, 2, 14, 4, 17, 7, 1, 16, 10, 6, 13, 9, 19, 12, 3, 0, 15]",1305.5,17.85044264793396
"[5, 18, 8, 11, 2, 14, 4, 17, 7, 1, 16, 10, 6, 13, 9, 19, 12, 3, 0, 15]",1305.5,"[5, 18, 8, 11, 2, 14, 4, 17, 7, 1, 16, 10, 6, 13, 9, 19, 12, 3, 0, 15]",1305.5,17.915446996688843
"[5, 18, 8, 11, 2, 14, 4, 17, 7, 1, 16, 10, 6, 13, 9, 19, 12, 3, 0, 15]",1305.5,"[5, 18, 8, 11, 2, 14, 4, 17, 7, 1, 16, 10, 6, 13, 9, 19, 12, 3, 0, 15]",1305.5,17.97948384284973
"[5, 18, 8, 11, 2, 14, 4, 17, 7, 1, 16, 10, 6, 13, 9, 19, 12, 3, 0, 15]",1305.5,"[5, 18, 8, 11, 2, 14, 4, 17, 7, 1, 16, 10, 6, 13, 9, 19, 12, 3, 0, 15]",1305.5,18.04244899749756
"[5, 18, 8, 11, 2, 14, 4, 17, 7, 1, 16, 10, 6, 13, 9, 19, 12, 3, 0, 15]",1305.5,"[5, 18, 8, 11, 2, 14, 4, 17, 7, 1, 16, 10, 6, 13, 9, 19, 12, 3, 0, 15]",1305.5,18.10649561882019
"[5, 18, 8, 11, 2, 14, 4, 17, 7, 1, 16, 10, 6, 13, 9, 19, 12, 3, 0, 15]",1305.5,"[5, 18, 8, 11, 2, 14, 4, 17, 7, 1, 16, 10, 6, 13, 9, 19, 12, 3, 0, 15]",1305.5,18.174447536468506
"[5, 18, 8, 11, 2, 14, 4, 17, 7, 1, 16, 10, 6, 13, 9, 19, 12, 3, 0, 15]",1305.5,"[5, 18, 8, 11, 2, 14, 4, 17, 7, 1, 16, 10, 6, 13, 9, 19, 12, 3, 0, 15]",1305.5,18.239452362060547
"[5, 18, 8, 11, 2, 14, 4, 17, 7, 1, 16, 10, 6, 13, 9, 19, 12, 3, 0, 15]",1305.5,"[5, 18, 8, 11, 2, 14, 4, 17, 7, 1, 16, 10, 6, 13, 9, 19, 12, 3, 0, 15]",1305.5,18.303449869155884
"[5, 18, 8, 11, 2, 14, 4, 17, 7, 1, 16, 10, 6, 13, 9, 19, 12, 3, 0, 15]",1305.5,"[5, 18, 8, 11, 2, 14, 4, 17, 7, 1, 16, 10, 6, 13, 9, 19, 12, 3, 0, 15]",1305.5,18.36645221710205
"[5, 18, 8, 11, 2, 14, 4, 17, 7, 1, 16, 10, 6, 13, 9, 19, 12, 3, 0, 15]",1305.5,"[5, 18, 8, 11, 2, 14, 4, 17, 7, 1, 16, 10, 6, 13, 9, 19, 12, 3, 0, 15]",1305.5,18.429463863372803
"[5, 18, 8, 11, 2, 14, 4, 17, 7, 1, 16, 10, 6, 13, 9, 19, 12, 3, 0, 15]",1305.5,"[5, 18, 8, 11, 2, 14, 4, 17, 7, 1, 16, 10, 6, 13, 9, 19, 12, 3, 0, 15]",1305.5,18.49145817756653
"[5, 18, 8, 11, 2, 14, 4, 17, 7, 1, 16, 10, 6, 13, 9, 19, 12, 3, 0, 15]",1305.5,"[5, 18, 8, 11, 2, 14, 4, 17, 7, 1, 16, 10, 6, 13, 9, 19, 12, 3, 0, 15]",1305.5,18.560457944869995
"[5, 18, 8, 11, 2, 14, 4, 17, 7, 1, 16, 10, 6, 13, 9, 19, 12, 3, 0, 15]",1305.5,"[5, 18, 8, 11, 2, 14, 4, 17, 7, 1, 16, 10, 6, 13, 9, 19, 12, 3, 0, 15]",1305.5,18.622459411621094
"[5, 18, 8, 11, 2, 14, 4, 17, 7, 1, 16, 10, 6, 13, 9, 19, 12, 3, 0, 15]",1305.5,"[5, 18, 8, 11, 2, 14, 4, 17, 7, 1, 16, 10, 6, 13, 9, 19, 12, 3, 0, 15]",1305.5,18.686469078063965
"[5, 18, 8, 11, 2, 14, 4, 17, 7, 1, 16, 10, 6, 13, 9, 19, 12, 3, 0, 15]",1305.5,"[5, 18, 8, 11, 2, 14, 4, 17, 7, 1, 16, 10, 6, 13, 9, 19, 12, 3, 0, 15]",1305.5,18.75046133995056
"[5, 18, 8, 11, 2, 14, 4, 17, 7, 1, 16, 10, 6, 13, 9, 19, 12, 3, 0, 15]",1305.5,"[5, 18, 8, 11, 2, 14, 4, 17, 7, 1, 16, 10, 6, 13, 9, 19, 12, 3, 0, 15]",1305.5,18.816460609436035
"[5, 18, 8, 11, 2, 14, 4, 17, 7, 1, 16, 10, 6, 13, 9, 19, 12, 3, 0, 15]",1305.5,"[5, 18, 8, 11, 2, 14, 4, 17, 7, 1, 16, 10, 6, 13, 9, 19, 12, 3, 0, 15]",1305.5,18.88046407699585
"[5, 18, 8, 11, 2, 14, 4, 17, 7, 1, 16, 10, 6, 13, 9, 19, 12, 3, 0, 15]",1305.5,"[5, 18, 8, 11, 2, 14, 4, 17, 7, 1, 16, 10, 6, 13, 9, 19, 12, 3, 0, 15]",1305.5,18.945459842681885
"[5, 18, 8, 11, 2, 14, 4, 17, 7, 1, 16, 10, 6, 13, 9, 19, 12, 3, 0, 15]",1305.5,"[5, 18, 8, 11, 2, 14, 4, 17, 7, 1, 16, 10, 6, 13, 9, 19, 12, 3, 0, 15]",1305.5,19.0094633102417
"[5, 18, 8, 11, 2, 14, 4, 17, 7, 1, 16, 10, 6, 13, 9, 19, 12, 3, 0, 15]",1305.5,"[5, 18, 8, 11, 2, 14, 4, 17, 7, 1, 16, 10, 6, 13, 9, 19, 12, 3, 0, 15]",1305.5,19.074462890625
"[5, 18, 8, 11, 2, 14, 4, 17, 7, 1, 16, 10, 6, 13, 9, 19, 12, 3, 0, 15]",1305.5,"[5, 18, 8, 11, 2, 14, 4, 17, 7, 1, 16, 10, 6, 13, 9, 19, 12, 3, 0, 15]",1305.5,19.140465021133423
"[5, 18, 8, 11, 2, 14, 4, 17, 7, 1, 16, 10, 6, 13, 9, 19, 12, 3, 0, 15]",1305.5,"[5, 18, 8, 11, 2, 14, 4, 17, 7, 1, 16, 10, 6, 13, 9, 19, 12, 3, 0, 15]",1305.5,19.20650863647461
"[5, 18, 8, 11, 2, 14, 4, 17, 7, 1, 16, 10, 6, 13, 9, 19, 12, 3, 0, 15]",1305.5,"[5, 18, 8, 11, 2, 14, 4, 17, 7, 1, 16, 10, 6, 13, 9, 19, 12, 3, 0, 15]",1305.5,19.27046513557434
"[5, 18, 8, 11, 2, 14, 4, 17, 7, 1, 16, 10, 6, 13, 9, 19, 12, 3, 0, 15]",1305.5,"[5, 18, 8, 11, 2, 14, 4, 17, 7, 1, 16, 10, 6, 13, 9, 19, 12, 3, 0, 15]",1305.5,19.334468364715576
"[5, 18, 8, 11, 2, 14, 4, 17, 7, 1, 16, 10, 6, 13, 9, 19, 12, 3, 0, 15]",1305.5,"[5, 18, 8, 11, 2, 14, 4, 17, 7, 1, 16, 10, 6, 13, 9, 19, 12, 3, 0, 15]",1305.5,19.400472164154053
"[5, 18, 8, 11, 2, 14, 4, 17, 7, 1, 16, 10, 6, 13, 9, 19, 12, 3, 0, 15]",1305.5,"[5, 18, 8, 11, 2, 14, 4, 17, 7, 1, 16, 10, 6, 13, 9, 19, 12, 3, 0, 15]",1305.5,19.466485261917114
"[5, 18, 8, 11, 2, 14, 4, 17, 7, 1, 16, 10, 6, 13, 9, 19, 12, 3, 0, 15]",1305.5,"[5, 18, 8, 11, 2, 14, 4, 17, 7, 1, 16, 10, 6, 13, 9, 19, 12, 3, 0, 15]",1305.5,19.528475999832153
"[5, 18, 8, 11, 2, 14, 4, 17, 7, 1, 16, 10, 6, 13, 9, 19, 12, 3, 0, 15]",1305.5,"[5, 18, 8, 11, 2, 14, 4, 17, 7, 1, 16, 10, 6, 13, 9, 19, 12, 3, 0, 15]",1305.5,19.590476989746094
"[5, 18, 8, 11, 2, 14, 4, 17, 7, 1, 16, 10, 6, 13, 9, 19, 12, 3, 0, 15]",1305.5,"[5, 18, 8, 11, 2, 14, 4, 17, 7, 1, 16, 10, 6, 13, 9, 19, 12, 3, 0, 15]",1305.5,19.65548276901245
"[5, 18, 8, 11, 2, 14, 4, 17, 7, 1, 16, 10, 6, 13, 9, 19, 12, 3, 0, 15]",1305.5,"[5, 18, 8, 11, 2, 14, 4, 17, 7, 1, 16, 10, 6, 13, 9, 19, 12, 3, 0, 15]",1305.5,19.717483520507812
"[5, 18, 8, 11, 2, 14, 4, 17, 7, 1, 16, 10, 6, 13, 9, 19, 12, 3, 0, 15]",1305.5,"[5, 18, 8, 11, 2, 14, 4, 17, 7, 1, 16, 10, 6, 13, 9, 19, 12, 3, 0, 15]",1305.5,19.780479669570923
"[5, 18, 8, 11, 2, 14, 4, 17, 7, 1, 16, 10, 6, 13, 9, 19, 12, 3, 0, 15]",1305.5,"[5, 18, 8, 11, 2, 14, 4, 17, 7, 1, 16, 10, 6, 13, 9, 19, 12, 3, 0, 15]",1305.5,19.841492176055908
"[5, 18, 8, 11, 2, 14, 4, 17, 7, 1, 16, 10, 6, 13, 9, 19, 12, 3, 0, 15]",1305.5,"[5, 18, 8, 11, 2, 14, 4, 17, 7, 1, 16, 10, 6, 13, 9, 19, 12, 3, 0, 15]",1305.5,19.90449094772339
"[5, 18, 8, 11, 2, 14, 4, 17, 7, 1, 16, 10, 6, 13, 9, 19, 12, 3, 0, 15]",1305.5,"[5, 18, 8, 11, 2, 14, 4, 17, 7, 1, 16, 10, 6, 13, 9, 19, 12, 3, 0, 15]",1305.5,19.969485998153687
"[5, 18, 8, 11, 2, 14, 4, 17, 7, 1, 16, 10, 6, 13, 9, 19, 12, 3, 0, 15]",1305.5,"[5, 18, 8, 11, 2, 14, 4, 17, 7, 1, 16, 10, 6, 13, 9, 19, 12, 3, 0, 15]",1305.5,20.03549075126648
"[5, 18, 8, 11, 2, 14, 4, 17, 7, 1, 16, 10, 6, 13, 9, 19, 12, 3, 0, 15]",1305.5,"[5, 18, 8, 11, 2, 14, 4, 17, 7, 1, 16, 10, 6, 13, 9, 19, 12, 3, 0, 15]",1305.5,20.098483562469482
"[5, 18, 8, 11, 2, 14, 4, 17, 7, 1, 16, 10, 6, 13, 9, 19, 12, 3, 0, 15]",1305.5,"[5, 18, 8, 11, 2, 14, 4, 17, 7, 1, 16, 10, 6, 13, 9, 19, 12, 3, 0, 15]",1305.5,20.16251015663147
"[5, 18, 8, 11, 2, 14, 4, 17, 7, 1, 16, 10, 6, 13, 9, 19, 12, 3, 0, 15]",1305.5,"[5, 18, 8, 11, 2, 14, 4, 17, 7, 1, 16, 10, 6, 13, 9, 19, 12, 3, 0, 15]",1305.5,20.227487802505493
"[5, 18, 8, 11, 2, 14, 4, 17, 7, 1, 16, 10, 6, 13, 9, 19, 12, 3, 0, 15]",1305.5,"[5, 18, 8, 11, 2, 14, 4, 17, 7, 1, 16, 10, 6, 13, 9, 19, 12, 3, 0, 15]",1305.5,20.2924861907959
"[5, 18, 8, 11, 2, 14, 4, 17, 7, 1, 16, 10, 6, 13, 9, 19, 12, 3, 0, 15]",1305.5,"[5, 18, 8, 11, 2, 14, 4, 17, 7, 1, 16, 10, 6, 13, 9, 19, 12, 3, 0, 15]",1305.5,20.359487295150757
"[5, 18, 8, 11, 2, 14, 4, 17, 7, 1, 16, 10, 6, 13, 9, 19, 12, 3, 0, 15]",1305.5,"[5, 18, 8, 11, 2, 14, 4, 17, 7, 1, 16, 10, 6, 13, 9, 19, 12, 3, 0, 15]",1305.5,20.426486015319824
"[5, 18, 8, 11, 2, 14, 4, 17, 7, 1, 16, 10, 6, 13, 9, 19, 12, 3, 0, 15]",1305.5,"[5, 18, 8, 11, 2, 14, 4, 17, 7, 1, 16, 10, 6, 13, 9, 19, 12, 3, 0, 15]",1305.5,20.492488384246826
"[5, 18, 8, 11, 2, 14, 4, 17, 7, 1, 16, 10, 6, 13, 9, 19, 12, 3, 0, 15]",1305.5,"[5, 18, 8, 11, 2, 14, 4, 17, 7, 1, 16, 10, 6, 13, 9, 19, 12, 3, 0, 15]",1305.5,20.561492204666138
"[5, 18, 8, 11, 2, 14, 4, 17, 7, 1, 16, 10, 6, 13, 9, 19, 12, 3, 0, 15]",1305.5,"[5, 18, 8, 11, 2, 14, 4, 17, 7, 1, 16, 10, 6, 13, 9, 19, 12, 3, 0, 15]",1305.5,20.62948989868164
"[5, 18, 8, 11, 2, 14, 4, 17, 7, 1, 16, 10, 6, 13, 9, 19, 12, 3, 0, 15]",1305.5,"[5, 18, 8, 11, 2, 14, 4, 17, 7, 1, 16, 10, 6, 13, 9, 19, 12, 3, 0, 15]",1305.5,20.696491956710815
"[5, 18, 8, 11, 2, 14, 4, 17, 7, 1, 16, 10, 6, 13, 9, 19, 12, 3, 0, 15]",1305.5,"[5, 18, 8, 11, 2, 14, 4, 17, 7, 1, 16, 10, 6, 13, 9, 19, 12, 3, 0, 15]",1305.5,20.764492511749268
"[5, 18, 8, 11, 2, 14, 4, 17, 7, 1, 16, 10, 6, 13, 9, 19, 12, 3, 0, 15]",1305.5,"[5, 18, 8, 11, 2, 14, 4, 17, 7, 1, 16, 10, 6, 13, 9, 19, 12, 3, 0, 15]",1305.5,20.829492568969727
"[5, 18, 8, 11, 2, 14, 4, 17, 7, 1, 16, 10, 6, 13, 9, 19, 12, 3, 0, 15]",1305.5,"[5, 18, 8, 11, 2, 14, 4, 17, 7, 1, 16, 10, 6, 13, 9, 19, 12, 3, 0, 15]",1305.5,20.89549708366394
"[5, 18, 8, 11, 2, 14, 4, 17, 7, 1, 16, 10, 6, 13, 9, 19, 12, 3, 0, 15]",1305.5,"[5, 18, 8, 11, 2, 14, 4, 17, 7, 1, 16, 10, 6, 13, 9, 19, 12, 3, 0, 15]",1305.5,20.958499670028687
"[5, 18, 8, 11, 2, 14, 4, 17, 7, 1, 16, 10, 6, 13, 9, 19, 12, 3, 0, 15]",1305.5,"[5, 18, 8, 11, 2, 14, 4, 17, 7, 1, 16, 10, 6, 13, 9, 19, 12, 3, 0, 15]",1305.5,21.022493839263916
"[5, 18, 8, 11, 2, 14, 4, 17, 7, 1, 16, 10, 6, 13, 9, 19, 12, 3, 0, 15]",1305.5,"[5, 18, 8, 11, 2, 14, 4, 17, 7, 1, 16, 10, 6, 13, 9, 19, 12, 3, 0, 15]",1305.5,21.088499069213867
"[5, 18, 8, 11, 2, 14, 4, 17, 7, 1, 16, 10, 6, 13, 9, 19, 12, 3, 0, 15]",1305.5,"[5, 18, 8, 11, 2, 14, 4, 17, 7, 1, 16, 10, 6, 13, 9, 19, 12, 3, 0, 15]",1305.5,21.154500722885132
"[5, 18, 8, 11, 2, 14, 4, 17, 7, 1, 16, 10, 6, 13, 9, 19, 12, 3, 0, 15]",1305.5,"[5, 18, 8, 11, 2, 14, 4, 17, 7, 1, 16, 10, 6, 13, 9, 19, 12, 3, 0, 15]",1305.5,21.219499826431274
"[5, 18, 8, 11, 2, 14, 4, 17, 7, 1, 16, 10, 6, 13, 9, 19, 12, 3, 0, 15]",1305.5,"[5, 18, 8, 11, 2, 14, 4, 17, 7, 1, 16, 10, 6, 13, 9, 19, 12, 3, 0, 15]",1305.5,21.284500122070312
"[5, 18, 8, 11, 2, 14, 4, 17, 7, 1, 16, 10, 6, 13, 9, 19, 12, 3, 0, 15]",1305.5,"[5, 18, 8, 11, 2, 14, 4, 17, 7, 1, 16, 10, 6, 13, 9, 19, 12, 3, 0, 15]",1305.5,21.347501277923584
"[5, 18, 8, 11, 2, 14, 4, 17, 7, 1, 16, 10, 6, 13, 9, 19, 12, 3, 0, 15]",1305.5,"[5, 18, 8, 11, 2, 14, 4, 17, 7, 1, 16, 10, 6, 13, 9, 19, 12, 3, 0, 15]",1305.5,21.411502361297607
"[5, 18, 8, 11, 2, 14, 4, 17, 7, 1, 16, 10, 6, 13, 9, 19, 12, 3, 0, 15]",1305.5,"[5, 18, 8, 11, 2, 14, 4, 17, 7, 1, 16, 10, 6, 13, 9, 19, 12, 3, 0, 15]",1305.5,21.47950267791748
"[5, 18, 8, 11, 2, 14, 4, 17, 7, 1, 16, 10, 6, 13, 9, 19, 12, 3, 0, 15]",1305.5,"[5, 18, 8, 11, 2, 14, 4, 17, 7, 1, 16, 10, 6, 13, 9, 19, 12, 3, 0, 15]",1305.5,21.542506217956543
"[5, 18, 8, 11, 2, 14, 4, 17, 7, 1, 16, 10, 6, 13, 9, 19, 12, 3, 0, 15]",1305.5,"[5, 18, 8, 11, 2, 14, 4, 17, 7, 1, 16, 10, 6, 13, 9, 19, 12, 3, 0, 15]",1305.5,21.608505487442017
"[5, 18, 8, 11, 2, 14, 4, 17, 7, 1, 16, 10, 6, 13, 9, 19, 12, 3, 0, 15]",1305.5,"[5, 18, 8, 11, 2, 14, 4, 17, 7, 1, 16, 10, 6, 13, 9, 19, 12, 3, 0, 15]",1305.5,21.678503036499023
"[5, 18, 8, 11, 2, 14, 4, 17, 7, 1, 16, 10, 6, 13, 9, 19, 12, 3, 0, 15]",1305.5,"[5, 18, 8, 11, 2, 14, 4, 17, 7, 1, 16, 10, 6, 13, 9, 19, 12, 3, 0, 15]",1305.5,21.745506763458252
"[5, 18, 8, 11, 2, 14, 4, 17, 7, 1, 16, 10, 6, 13, 9, 19, 12, 3, 0, 15]",1305.5,"[5, 18, 8, 11, 2, 14, 4, 17, 7, 1, 16, 10, 6, 13, 9, 19, 12, 3, 0, 15]",1305.5,21.811519384384155
"[5, 18, 8, 11, 2, 14, 4, 17, 7, 1, 16, 10, 6, 13, 9, 19, 12, 3, 0, 15]",1305.5,"[5, 18, 8, 11, 2, 14, 4, 17, 7, 1, 16, 10, 6, 13, 9, 19, 12, 3, 0, 15]",1305.5,21.876511573791504
"[5, 18, 8, 11, 2, 14, 4, 17, 7, 1, 16, 10, 6, 13, 9, 19, 12, 3, 0, 15]",1305.5,"[5, 18, 8, 11, 2, 14, 4, 17, 7, 1, 16, 10, 6, 13, 9, 19, 12, 3, 0, 15]",1305.5,21.9425106048584
"[5, 18, 8, 11, 2, 14, 4, 17, 7, 1, 16, 10, 6, 13, 9, 19, 12, 3, 0, 15]",1305.5,"[5, 18, 8, 11, 2, 14, 4, 17, 7, 1, 16, 10, 6, 13, 9, 19, 12, 3, 0, 15]",1305.5,22.00551462173462
"[5, 18, 8, 11, 2, 14, 4, 17, 7, 1, 16, 10, 6, 13, 9, 19, 12, 3, 0, 15]",1305.5,"[5, 18, 8, 11, 2, 14, 4, 17, 7, 1, 16, 10, 6, 13, 9, 19, 12, 3, 0, 15]",1305.5,22.07651400566101
"[5, 18, 8, 11, 2, 14, 4, 17, 7, 1, 16, 10, 6, 13, 9, 19, 12, 3, 0, 15]",1305.5,"[5, 18, 8, 11, 2, 14, 4, 17, 7, 1, 16, 10, 6, 13, 9, 19, 12, 3, 0, 15]",1305.5,22.13851261138916
"[5, 18, 8, 11, 2, 14, 4, 17, 7, 1, 16, 10, 6, 13, 9, 19, 12, 3, 0, 15]",1305.5,"[5, 18, 8, 11, 2, 14, 4, 17, 7, 1, 16, 10, 6, 13, 9, 19, 12, 3, 0, 15]",1305.5,22.207515478134155
"[5, 18, 8, 11, 2, 14, 4, 17, 7, 1, 16, 10, 6, 13, 9, 19, 12, 3, 0, 15]",1305.5,"[5, 18, 8, 11, 2, 14, 4, 17, 7, 1, 16, 10, 6, 13, 9, 19, 12, 3, 0, 15]",1305.5,22.302517652511597
"[5, 18, 8, 11, 2, 14, 4, 17, 7, 1, 16, 10, 6, 13, 9, 19, 12, 3, 0, 15]",1305.5,"[5, 18, 8, 11, 2, 14, 4, 17, 7, 1, 16, 10, 6, 13, 9, 19, 12, 3, 0, 15]",1305.5,22.364516973495483
"[5, 18, 8, 11, 2, 14, 4, 17, 7, 1, 16, 10, 6, 13, 9, 19, 12, 3, 0, 15]",1305.5,"[5, 18, 8, 11, 2, 14, 4, 17, 7, 1, 16, 10, 6, 13, 9, 19, 12, 3, 0, 15]",1305.5,22.427520990371704
"[5, 18, 8, 11, 2, 14, 4, 17, 7, 1, 16, 10, 6, 13, 9, 19, 12, 3, 0, 15]",1305.5,"[5, 18, 8, 11, 2, 14, 4, 17, 7, 1, 16, 10, 6, 13, 9, 19, 12, 3, 0, 15]",1305.5,22.49152374267578
"[5, 18, 8, 11, 2, 14, 4, 17, 7, 1, 16, 10, 6, 13, 9, 19, 12, 3, 0, 15]",1305.5,"[5, 18, 8, 11, 2, 14, 4, 17, 7, 1, 16, 10, 6, 13, 9, 19, 12, 3, 0, 15]",1305.5,22.557525157928467
"[5, 18, 8, 11, 2, 14, 4, 17, 7, 1, 16, 10, 6, 13, 9, 19, 12, 3, 0, 15]",1305.5,"[5, 18, 8, 11, 2, 14, 4, 17, 7, 1, 16, 10, 6, 13, 9, 19, 12, 3, 0, 15]",1305.5,22.629528284072876
"[5, 18, 8, 11, 2, 14, 4, 17, 7, 1, 16, 10, 6, 13, 9, 19, 12, 3, 0, 15]",1305.5,"[5, 18, 8, 11, 2, 14, 4, 17, 7, 1, 16, 10, 6, 13, 9, 19, 12, 3, 0, 15]",1305.5,22.694520473480225
"[5, 18, 8, 11, 2, 14, 4, 17, 7, 1, 16, 10, 6, 13, 9, 19, 12, 3, 0, 15]",1305.5,"[5, 18, 8, 11, 2, 14, 4, 17, 7, 1, 16, 10, 6, 13, 9, 19, 12, 3, 0, 15]",1305.5,22.75953507423401
"[5, 18, 8, 11, 2, 14, 4, 17, 7, 1, 16, 10, 6, 13, 9, 19, 12, 3, 0, 15]",1305.5,"[5, 18, 8, 11, 2, 14, 4, 17, 7, 1, 16, 10, 6, 13, 9, 19, 12, 3, 0, 15]",1305.5,22.825525522232056
"[5, 18, 8, 11, 2, 14, 4, 17, 7, 1, 16, 10, 6, 13, 9, 19, 12, 3, 0, 15]",1305.5,"[5, 18, 8, 11, 2, 14, 4, 17, 7, 1, 16, 10, 6, 13, 9, 19, 12, 3, 0, 15]",1305.5,22.890525817871094
"[5, 18, 8, 11, 2, 14, 4, 17, 7, 1, 16, 10, 6, 13, 9, 19, 12, 3, 0, 15]",1305.5,"[5, 18, 8, 11, 2, 14, 4, 17, 7, 1, 16, 10, 6, 13, 9, 19, 12, 3, 0, 15]",1305.5,22.95752763748169
"[5, 18, 8, 11, 2, 14, 4, 17, 7, 1, 16, 10, 6, 13, 9, 19, 12, 3, 0, 15]",1305.5,"[5, 18, 8, 11, 2, 14, 4, 17, 7, 1, 16, 10, 6, 13, 9, 19, 12, 3, 0, 15]",1305.5,23.028542518615723
"[5, 18, 8, 11, 2, 14, 4, 17, 7, 1, 16, 10, 6, 13, 9, 19, 12, 3, 0, 15]",1305.5,"[5, 18, 8, 11, 2, 14, 4, 17, 7, 1, 16, 10, 6, 13, 9, 19, 12, 3, 0, 15]",1305.5,23.101531982421875
"[5, 18, 8, 11, 2, 14, 4, 17, 7, 1, 16, 10, 6, 13, 9, 19, 12, 3, 0, 15]",1305.5,"[5, 18, 8, 11, 2, 14, 4, 17, 7, 1, 16, 10, 6, 13, 9, 19, 12, 3, 0, 15]",1305.5,23.1745285987854
"[5, 18, 8, 11, 2, 14, 4, 17, 7, 1, 16, 10, 6, 13, 9, 19, 12, 3, 0, 15]",1305.5,"[5, 18, 8, 11, 2, 14, 4, 17, 7, 1, 16, 10, 6, 13, 9, 19, 12, 3, 0, 15]",1305.5,23.23953127861023
"[5, 18, 8, 11, 2, 14, 4, 17, 7, 1, 16, 10, 6, 13, 9, 19, 12, 3, 0, 15]",1305.5,"[5, 18, 8, 11, 2, 14, 4, 17, 7, 1, 16, 10, 6, 13, 9, 19, 12, 3, 0, 15]",1305.5,23.302545070648193
"[5, 18, 8, 11, 2, 14, 4, 17, 7, 1, 16, 10, 6, 13, 9, 19, 12, 3, 0, 15]",1305.5,"[5, 18, 8, 11, 2, 14, 4, 17, 7, 1, 16, 10, 6, 13, 9, 19, 12, 3, 0, 15]",1305.5,23.369544506072998
"[5, 18, 8, 11, 2, 14, 4, 17, 7, 1, 16, 10, 6, 13, 9, 19, 12, 3, 0, 15]",1305.5,"[5, 18, 8, 11, 2, 14, 4, 17, 7, 1, 16, 10, 6, 13, 9, 19, 12, 3, 0, 15]",1305.5,23.43653631210327
"[5, 18, 8, 11, 2, 14, 4, 17, 7, 1, 16, 10, 6, 13, 9, 19, 12, 3, 0, 15]",1305.5,"[5, 18, 8, 11, 2, 14, 4, 17, 7, 1, 16, 10, 6, 13, 9, 19, 12, 3, 0, 15]",1305.5,23.501532077789307
"[5, 18, 8, 11, 2, 14, 4, 17, 7, 1, 16, 10, 6, 13, 9, 19, 12, 3, 0, 15]",1305.5,"[5, 18, 8, 11, 2, 14, 4, 17, 7, 1, 16, 10, 6, 13, 9, 19, 12, 3, 0, 15]",1305.5,23.56653666496277
"[5, 18, 8, 11, 2, 14, 4, 17, 7, 1, 16, 10, 6, 13, 9, 19, 12, 3, 0, 15]",1305.5,"[5, 18, 8, 11, 2, 14, 4, 17, 7, 1, 16, 10, 6, 13, 9, 19, 12, 3, 0, 15]",1305.5,23.63254451751709
"[5, 18, 8, 11, 2, 14, 4, 17, 7, 1, 16, 10, 6, 13, 9, 19, 12, 3, 0, 15]",1305.5,"[5, 18, 8, 11, 2, 14, 4, 17, 7, 1, 16, 10, 6, 13, 9, 19, 12, 3, 0, 15]",1305.5,23.700544834136963
"[5, 18, 8, 11, 2, 14, 4, 17, 7, 1, 16, 10, 6, 13, 9, 19, 12, 3, 0, 15]",1305.5,"[5, 18, 8, 11, 2, 14, 4, 17, 7, 1, 16, 10, 6, 13, 9, 19, 12, 3, 0, 15]",1305.5,23.765541791915894
"[5, 18, 8, 11, 2, 14, 4, 17, 7, 1, 16, 10, 6, 13, 9, 19, 12, 3, 0, 15]",1305.5,"[5, 18, 8, 11, 2, 14, 4, 17, 7, 1, 16, 10, 6, 13, 9, 19, 12, 3, 0, 15]",1305.5,23.82955026626587
"[5, 18, 8, 11, 2, 14, 4, 17, 7, 1, 16, 10, 6, 13, 9, 19, 12, 3, 0, 15]",1305.5,"[5, 18, 8, 11, 2, 14, 4, 17, 7, 1, 16, 10, 6, 13, 9, 19, 12, 3, 0, 15]",1305.5,23.89655900001526
"[5, 18, 8, 11, 2, 14, 4, 17, 7, 1, 16, 10, 6, 13, 9, 19, 12, 3, 0, 15]",1305.5,"[5, 18, 8, 11, 2, 14, 4, 17, 7, 1, 16, 10, 6, 13, 9, 19, 12, 3, 0, 15]",1305.5,23.964542627334595
"[5, 18, 8, 11, 2, 14, 4, 17, 7, 1, 16, 10, 6, 13, 9, 19, 12, 3, 0, 15]",1305.5,"[5, 18, 8, 11, 2, 14, 4, 17, 7, 1, 16, 10, 6, 13, 9, 19, 12, 3, 0, 15]",1305.5,24.02954339981079
"[5, 18, 8, 11, 2, 14, 4, 17, 7, 1, 16, 10, 6, 13, 9, 19, 12, 3, 0, 15]",1305.5,"[5, 18, 8, 11, 2, 14, 4, 17, 7, 1, 16, 10, 6, 13, 9, 19, 12, 3, 0, 15]",1305.5,24.094543933868408
"[5, 18, 8, 11, 2, 14, 4, 17, 7, 1, 16, 10, 6, 13, 9, 19, 12, 3, 0, 15]",1305.5,"[5, 18, 8, 11, 2, 14, 4, 17, 7, 1, 16, 10, 6, 13, 9, 19, 12, 3, 0, 15]",1305.5,24.15754723548889
"[5, 18, 8, 11, 2, 14, 4, 17, 7, 1, 16, 10, 6, 13, 9, 19, 12, 3, 0, 15]",1305.5,"[5, 18, 8, 11, 2, 14, 4, 17, 7, 1, 16, 10, 6, 13, 9, 19, 12, 3, 0, 15]",1305.5,24.22254776954651
"[5, 18, 8, 11, 2, 14, 4, 17, 7, 1, 16, 10, 6, 13, 9, 19, 12, 3, 0, 15]",1305.5,"[5, 18, 8, 11, 2, 14, 4, 17, 7, 1, 16, 10, 6, 13, 9, 19, 12, 3, 0, 15]",1305.5,24.286553859710693
"[5, 18, 8, 11, 2, 14, 4, 17, 7, 1, 16, 10, 6, 13, 9, 19, 12, 3, 0, 15]",1305.5,"[5, 18, 8, 11, 2, 14, 4, 17, 7, 1, 16, 10, 6, 13, 9, 19, 12, 3, 0, 15]",1305.5,24.348548412322998
"[5, 18, 8, 11, 2, 14, 4, 17, 7, 1, 16, 10, 6, 13, 9, 19, 12, 3, 0, 15]",1305.5,"[5, 18, 8, 11, 2, 14, 4, 17, 7, 1, 16, 10, 6, 13, 9, 19, 12, 3, 0, 15]",1305.5,24.412553787231445
"[5, 18, 8, 11, 2, 14, 4, 17, 7, 1, 16, 10, 6, 13, 9, 19, 12, 3, 0, 15]",1305.5,"[5, 18, 8, 11, 2, 14, 4, 17, 7, 1, 16, 10, 6, 13, 9, 19, 12, 3, 0, 15]",1305.5,24.47755265235901
"[5, 18, 8, 11, 2, 14, 4, 17, 7, 1, 16, 10, 6, 13, 9, 19, 12, 3, 0, 15]",1305.5,"[5, 18, 8, 11, 2, 14, 4, 17, 7, 1, 16, 10, 6, 13, 9, 19, 12, 3, 0, 15]",1305.5,24.54955244064331
"[5, 18, 8, 11, 2, 14, 4, 17, 7, 1, 16, 10, 6, 13, 9, 19, 12, 3, 0, 15]",1305.5,"[5, 18, 8, 11, 2, 14, 4, 17, 7, 1, 16, 10, 6, 13, 9, 19, 12, 3, 0, 15]",1305.5,24.62155556678772
"[5, 18, 8, 11, 2, 14, 4, 17, 7, 1, 16, 10, 6, 13, 9, 19, 12, 3, 0, 15]",1305.5,"[5, 18, 8, 11, 2, 14, 4, 17, 7, 1, 16, 10, 6, 13, 9, 19, 12, 3, 0, 15]",1305.5,24.693569898605347
"[5, 18, 8, 11, 2, 14, 4, 17, 7, 1, 16, 10, 6, 13, 9, 19, 12, 3, 0, 15]",1305.5,"[5, 18, 8, 11, 2, 14, 4, 17, 7, 1, 16, 10, 6, 13, 9, 19, 12, 3, 0, 15]",1305.5,24.764554738998413
"[5, 18, 8, 11, 2, 14, 4, 17, 7, 1, 16, 10, 6, 13, 9, 19, 12, 3, 0, 15]",1305.5,"[5, 18, 8, 11, 2, 14, 4, 17, 7, 1, 16, 10, 6, 13, 9, 19, 12, 3, 0, 15]",1305.5,24.830556631088257
"[5, 18, 8, 11, 2, 14, 4, 17, 7, 1, 16, 10, 6, 13, 9, 19, 12, 3, 0, 15]",1305.5,"[5, 18, 8, 11, 2, 14, 4, 17, 7, 1, 16, 10, 6, 13, 9, 19, 12, 3, 0, 15]",1305.5,24.895570278167725
"[5, 18, 8, 11, 2, 14, 4, 17, 7, 1, 16, 10, 6, 13, 9, 19, 12, 3, 0, 15]",1305.5,"[5, 18, 8, 11, 2, 14, 4, 17, 7, 1, 16, 10, 6, 13, 9, 19, 12, 3, 0, 15]",1305.5,24.96157169342041
"[5, 18, 8, 11, 2, 14, 4, 17, 7, 1, 16, 10, 6, 13, 9, 19, 12, 3, 0, 15]",1305.5,"[5, 18, 8, 11, 2, 14, 4, 17, 7, 1, 16, 10, 6, 13, 9, 19, 12, 3, 0, 15]",1305.5,25.02757167816162
"[5, 18, 8, 11, 2, 14, 4, 17, 7, 1, 16, 10, 6, 13, 9, 19, 12, 3, 0, 15]",1305.5,"[5, 18, 8, 11, 2, 14, 4, 17, 7, 1, 16, 10, 6, 13, 9, 19, 12, 3, 0, 15]",1305.5,25.091570615768433
"[5, 18, 8, 11, 2, 14, 4, 17, 7, 1, 16, 10, 6, 13, 9, 19, 12, 3, 0, 15]",1305.5,"[5, 18, 8, 11, 2, 14, 4, 17, 7, 1, 16, 10, 6, 13, 9, 19, 12, 3, 0, 15]",1305.5,25.15656280517578
"[5, 18, 8, 11, 2, 14, 4, 17, 7, 1, 16, 10, 6, 13, 9, 19, 12, 3, 0, 15]",1305.5,"[5, 18, 8, 11, 2, 14, 4, 17, 7, 1, 16, 10, 6, 13, 9, 19, 12, 3, 0, 15]",1305.5,25.22156858444214
"[5, 18, 8, 11, 2, 14, 4, 17, 7, 1, 16, 10, 6, 13, 9, 19, 12, 3, 0, 15]",1305.5,"[5, 18, 8, 11, 2, 14, 4, 17, 7, 1, 16, 10, 6, 13, 9, 19, 12, 3, 0, 15]",1305.5,25.287562131881714
"[5, 18, 8, 11, 2, 14, 4, 17, 7, 1, 16, 10, 6, 13, 9, 19, 12, 3, 0, 15]",1305.5,"[5, 18, 8, 11, 2, 14, 4, 17, 7, 1, 16, 10, 6, 13, 9, 19, 12, 3, 0, 15]",1305.5,25.352565050125122
"[5, 18, 8, 11, 2, 14, 4, 17, 7, 1, 16, 10, 6, 13, 9, 19, 12, 3, 0, 15]",1305.5,"[5, 18, 8, 11, 2, 14, 4, 17, 7, 1, 16, 10, 6, 13, 9, 19, 12, 3, 0, 15]",1305.5,25.417567253112793
"[5, 18, 8, 11, 2, 14, 4, 17, 7, 1, 16, 10, 6, 13, 9, 19, 12, 3, 0, 15]",1305.5,"[5, 18, 8, 11, 2, 14, 4, 17, 7, 1, 16, 10, 6, 13, 9, 19, 12, 3, 0, 15]",1305.5,25.483569145202637
"[5, 18, 8, 11, 2, 14, 4, 17, 7, 1, 16, 10, 6, 13, 9, 19, 12, 3, 0, 15]",1305.5,"[5, 18, 8, 11, 2, 14, 4, 17, 7, 1, 16, 10, 6, 13, 9, 19, 12, 3, 0, 15]",1305.5,25.548579931259155
"[5, 18, 8, 11, 2, 14, 4, 17, 7, 1, 16, 10, 6, 13, 9, 19, 12, 3, 0, 15]",1305.5,"[5, 18, 8, 11, 2, 14, 4, 17, 7, 1, 16, 10, 6, 13, 9, 19, 12, 3, 0, 15]",1305.5,25.611568450927734
"[5, 18, 8, 11, 2, 14, 4, 17, 7, 1, 16, 10, 6, 13, 9, 19, 12, 3, 0, 15]",1305.5,"[5, 18, 8, 11, 2, 14, 4, 17, 7, 1, 16, 10, 6, 13, 9, 19, 12, 3, 0, 15]",1305.5,25.67556858062744
"[5, 18, 8, 11, 2, 14, 4, 17, 7, 1, 16, 10, 6, 13, 9, 19, 12, 3, 0, 15]",1305.5,"[5, 18, 8, 11, 2, 14, 4, 17, 7, 1, 16, 10, 6, 13, 9, 19, 12, 3, 0, 15]",1305.5,25.74357295036316
"[5, 18, 8, 11, 2, 14, 4, 17, 7, 1, 16, 10, 6, 13, 9, 19, 12, 3, 0, 15]",1305.5,"[5, 18, 8, 11, 2, 14, 4, 17, 7, 1, 16, 10, 6, 13, 9, 19, 12, 3, 0, 15]",1305.5,25.807575702667236
"[5, 18, 8, 11, 2, 14, 4, 17, 7, 1, 16, 10, 6, 13, 9, 19, 12, 3, 0, 15]",1305.5,"[5, 18, 8, 11, 2, 14, 4, 17, 7, 1, 16, 10, 6, 13, 9, 19, 12, 3, 0, 15]",1305.5,25.869576930999756
"[5, 18, 8, 11, 2, 14, 4, 17, 7, 1, 16, 10, 6, 13, 9, 19, 12, 3, 0, 15]",1305.5,"[5, 18, 8, 11, 2, 14, 4, 17, 7, 1, 16, 10, 6, 13, 9, 19, 12, 3, 0, 15]",1305.5,25.933578491210938
"[5, 18, 8, 11, 2, 14, 4, 17, 7, 1, 16, 10, 6, 13, 9, 19, 12, 3, 0, 15]",1305.5,"[5, 18, 8, 11, 2, 14, 4, 17, 7, 1, 16, 10, 6, 13, 9, 19, 12, 3, 0, 15]",1305.5,25.99757432937622
"[5, 18, 8, 11, 2, 14, 4, 17, 7, 1, 16, 10, 6, 13, 9, 19, 12, 3, 0, 15]",1305.5,"[5, 18, 8, 11, 2, 14, 4, 17, 7, 1, 16, 10, 6, 13, 9, 19, 12, 3, 0, 15]",1305.5,26.060580015182495
"[5, 18, 8, 11, 2, 14, 4, 17, 7, 1, 16, 10, 6, 13, 9, 19, 12, 3, 0, 15]",1305.5,"[5, 18, 8, 11, 2, 14, 4, 17, 7, 1, 16, 10, 6, 13, 9, 19, 12, 3, 0, 15]",1305.5,26.123584985733032
"[5, 18, 8, 11, 2, 14, 4, 17, 7, 1, 16, 10, 6, 13, 9, 19, 12, 3, 0, 15]",1305.5,"[5, 18, 8, 11, 2, 14, 4, 17, 7, 1, 16, 10, 6, 13, 9, 19, 12, 3, 0, 15]",1305.5,26.1865816116333
"[5, 18, 8, 11, 2, 14, 4, 17, 7, 1, 16, 10, 6, 13, 9, 19, 12, 3, 0, 15]",1305.5,"[5, 18, 8, 11, 2, 14, 4, 17, 7, 1, 16, 10, 6, 13, 9, 19, 12, 3, 0, 15]",1305.5,26.252577543258667
"[5, 18, 8, 11, 2, 14, 4, 17, 7, 1, 16, 10, 6, 13, 9, 19, 12, 3, 0, 15]",1305.5,"[5, 18, 8, 11, 2, 14, 4, 17, 7, 1, 16, 10, 6, 13, 9, 19, 12, 3, 0, 15]",1305.5,26.31958031654358
"[5, 18, 8, 11, 2, 14, 4, 17, 7, 1, 16, 10, 6, 13, 9, 19, 12, 3, 0, 15]",1305.5,"[5, 18, 8, 11, 2, 14, 4, 17, 7, 1, 16, 10, 6, 13, 9, 19, 12, 3, 0, 15]",1305.5,26.38461971282959
