Sequence,Fitness,Best_sequence,Best_fitness,Time
"[0, 1, 2, 3, 4, 5, 6, 7, 8, 9, 10, 11, 12, 13, 14, 15, 16, 17, 18, 19]",471.0,"[0, 1, 2, 3, 4, 5, 6, 7, 8, 9, 10, 11, 12, 13, 14, 15, 16, 17, 18, 19]",471.0,0.0010004043579101562
"[0, 1, 2, 3, 4, 5, 6, 7, 8, 9, 10, 11, 12, 13, 14, 15, 16, 17, 18, 19]",471.0,"[0, 1, 2, 3, 4, 5, 6, 7, 8, 9, 10, 11, 12, 13, 14, 15, 16, 17, 18, 19]",471.0,0.06100201606750488
"[0, 1, 2, 3, 4, 5, 6, 7, 8, 9, 10, 11, 12, 13, 14, 15, 16, 17, 18, 19]",471.0,"[0, 1, 2, 3, 4, 5, 6, 7, 8, 9, 10, 11, 12, 13, 14, 15, 16, 17, 18, 19]",471.0,0.12300944328308105
"[0, 1, 2, 3, 4, 5, 6, 7, 8, 9, 10, 11, 12, 13, 14, 15, 16, 17, 18, 19]",471.0,"[0, 1, 2, 3, 4, 5, 6, 7, 8, 9, 10, 11, 12, 13, 14, 15, 16, 17, 18, 19]",471.0,0.1880025863647461
"[0, 1, 2, 3, 4, 5, 6, 7, 8, 9, 10, 11, 12, 13, 14, 15, 16, 17, 18, 19]",471.0,"[0, 1, 2, 3, 4, 5, 6, 7, 8, 9, 10, 11, 12, 13, 14, 15, 16, 17, 18, 19]",471.0,0.2530043125152588
"[0, 1, 2, 3, 4, 5, 6, 7, 8, 9, 10, 11, 12, 13, 14, 15, 16, 17, 18, 19]",471.0,"[0, 1, 2, 3, 4, 5, 6, 7, 8, 9, 10, 11, 12, 13, 14, 15, 16, 17, 18, 19]",471.0,0.3450181484222412
"[0, 1, 2, 3, 4, 5, 6, 7, 8, 9, 10, 11, 12, 13, 14, 15, 16, 17, 18, 19]",471.0,"[0, 1, 2, 3, 4, 5, 6, 7, 8, 9, 10, 11, 12, 13, 14, 15, 16, 17, 18, 19]",471.0,0.40753936767578125
"[0, 1, 2, 3, 4, 5, 6, 7, 8, 9, 10, 11, 12, 13, 14, 15, 16, 17, 18, 19]",471.0,"[0, 1, 2, 3, 4, 5, 6, 7, 8, 9, 10, 11, 12, 13, 14, 15, 16, 17, 18, 19]",471.0,0.4800074100494385
"[0, 1, 2, 3, 4, 5, 6, 7, 8, 9, 10, 11, 12, 13, 14, 15, 16, 17, 18, 19]",471.0,"[0, 1, 2, 3, 4, 5, 6, 7, 8, 9, 10, 11, 12, 13, 14, 15, 16, 17, 18, 19]",471.0,0.5470089912414551
"[0, 1, 2, 3, 4, 5, 6, 7, 8, 9, 10, 11, 12, 13, 14, 15, 16, 17, 18, 19]",471.0,"[0, 1, 2, 3, 4, 5, 6, 7, 8, 9, 10, 11, 12, 13, 14, 15, 16, 17, 18, 19]",471.0,0.61501145362854
"[0, 1, 2, 3, 4, 5, 6, 7, 8, 9, 10, 11, 12, 13, 14, 15, 16, 17, 18, 19]",471.0,"[0, 1, 2, 3, 4, 5, 6, 7, 8, 9, 10, 11, 12, 13, 14, 15, 16, 17, 18, 19]",471.0,0.6800112724304199
"[0, 1, 2, 3, 4, 5, 6, 7, 8, 9, 10, 11, 12, 13, 14, 15, 16, 17, 18, 19]",471.0,"[0, 1, 2, 3, 4, 5, 6, 7, 8, 9, 10, 11, 12, 13, 14, 15, 16, 17, 18, 19]",471.0,0.7410271167755127
"[0, 1, 2, 3, 4, 5, 6, 7, 8, 9, 10, 11, 12, 13, 14, 15, 16, 17, 18, 19]",471.0,"[0, 1, 2, 3, 4, 5, 6, 7, 8, 9, 10, 11, 12, 13, 14, 15, 16, 17, 18, 19]",471.0,0.8040132522583008
"[0, 1, 2, 3, 4, 5, 6, 7, 8, 9, 10, 11, 12, 13, 14, 15, 16, 17, 18, 19]",471.0,"[0, 1, 2, 3, 4, 5, 6, 7, 8, 9, 10, 11, 12, 13, 14, 15, 16, 17, 18, 19]",471.0,0.8650202751159668
"[0, 1, 2, 3, 4, 5, 6, 7, 8, 9, 10, 11, 12, 13, 14, 15, 16, 17, 18, 19]",471.0,"[0, 1, 2, 3, 4, 5, 6, 7, 8, 9, 10, 11, 12, 13, 14, 15, 16, 17, 18, 19]",471.0,0.9280171394348145
"[0, 1, 2, 3, 4, 5, 6, 7, 8, 9, 10, 11, 12, 13, 14, 15, 16, 17, 18, 19]",471.0,"[0, 1, 2, 3, 4, 5, 6, 7, 8, 9, 10, 11, 12, 13, 14, 15, 16, 17, 18, 19]",471.0,0.9950344562530518
"[0, 1, 2, 3, 4, 5, 6, 7, 8, 9, 10, 11, 12, 13, 14, 15, 16, 17, 18, 19]",471.0,"[0, 1, 2, 3, 4, 5, 6, 7, 8, 9, 10, 11, 12, 13, 14, 15, 16, 17, 18, 19]",471.0,1.0570201873779297
"[0, 1, 2, 3, 4, 5, 6, 7, 8, 9, 10, 11, 12, 13, 14, 15, 16, 17, 18, 19]",471.0,"[0, 1, 2, 3, 4, 5, 6, 7, 8, 9, 10, 11, 12, 13, 14, 15, 16, 17, 18, 19]",471.0,1.1190211772918701
"[0, 1, 2, 3, 4, 5, 6, 7, 8, 9, 10, 11, 12, 13, 14, 15, 16, 17, 18, 19]",471.0,"[0, 1, 2, 3, 4, 5, 6, 7, 8, 9, 10, 11, 12, 13, 14, 15, 16, 17, 18, 19]",471.0,1.1810181140899658
"[0, 1, 2, 3, 4, 5, 6, 7, 8, 9, 10, 11, 12, 13, 14, 15, 16, 17, 18, 19]",471.0,"[0, 1, 2, 3, 4, 5, 6, 7, 8, 9, 10, 11, 12, 13, 14, 15, 16, 17, 18, 19]",471.0,1.2430336475372314
"[0, 1, 2, 3, 4, 5, 6, 7, 8, 9, 10, 11, 12, 13, 14, 15, 16, 17, 18, 19]",471.0,"[0, 1, 2, 3, 4, 5, 6, 7, 8, 9, 10, 11, 12, 13, 14, 15, 16, 17, 18, 19]",471.0,1.3050329685211182
"[0, 1, 2, 3, 4, 5, 6, 7, 8, 9, 10, 11, 12, 13, 14, 15, 16, 17, 18, 19]",471.0,"[0, 1, 2, 3, 4, 5, 6, 7, 8, 9, 10, 11, 12, 13, 14, 15, 16, 17, 18, 19]",471.0,1.3650293350219727
"[0, 1, 2, 3, 4, 5, 6, 7, 8, 9, 10, 11, 12, 13, 14, 15, 16, 17, 18, 19]",471.0,"[0, 1, 2, 3, 4, 5, 6, 7, 8, 9, 10, 11, 12, 13, 14, 15, 16, 17, 18, 19]",471.0,1.4290270805358887
"[0, 1, 2, 3, 4, 5, 6, 7, 8, 9, 10, 11, 12, 13, 14, 15, 16, 17, 18, 19]",471.0,"[0, 1, 2, 3, 4, 5, 6, 7, 8, 9, 10, 11, 12, 13, 14, 15, 16, 17, 18, 19]",471.0,1.4920282363891602
"[0, 1, 2, 3, 4, 5, 6, 7, 8, 9, 10, 11, 12, 13, 14, 15, 16, 17, 18, 19]",471.0,"[0, 1, 2, 3, 4, 5, 6, 7, 8, 9, 10, 11, 12, 13, 14, 15, 16, 17, 18, 19]",471.0,1.5700252056121826
"[0, 1, 2, 3, 4, 5, 6, 7, 8, 9, 10, 11, 12, 13, 14, 15, 16, 17, 18, 19]",471.0,"[0, 1, 2, 3, 4, 5, 6, 7, 8, 9, 10, 11, 12, 13, 14, 15, 16, 17, 18, 19]",471.0,1.6440296173095703
"[0, 1, 2, 3, 4, 5, 6, 7, 8, 9, 10, 11, 12, 13, 14, 15, 16, 17, 18, 19]",471.0,"[0, 1, 2, 3, 4, 5, 6, 7, 8, 9, 10, 11, 12, 13, 14, 15, 16, 17, 18, 19]",471.0,1.707031488418579
"[0, 1, 2, 3, 4, 5, 6, 7, 8, 9, 10, 11, 12, 13, 14, 15, 16, 17, 18, 19]",471.0,"[0, 1, 2, 3, 4, 5, 6, 7, 8, 9, 10, 11, 12, 13, 14, 15, 16, 17, 18, 19]",471.0,1.7690315246582031
"[0, 1, 2, 3, 4, 5, 6, 7, 8, 9, 10, 11, 12, 13, 14, 15, 16, 17, 18, 19]",471.0,"[0, 1, 2, 3, 4, 5, 6, 7, 8, 9, 10, 11, 12, 13, 14, 15, 16, 17, 18, 19]",471.0,1.8350415229797363
"[13, 1, 2, 3, 4, 5, 6, 7, 8, 9, 10, 11, 12, 0, 14, 15, 16, 17, 18, 19]",468.0,"[13, 1, 2, 3, 4, 5, 6, 7, 8, 9, 10, 11, 12, 0, 14, 15, 16, 17, 18, 19]",468.0,1.901036024093628
"[13, 1, 2, 3, 4, 5, 6, 7, 8, 9, 10, 11, 12, 0, 14, 15, 16, 17, 18, 19]",468.0,"[13, 1, 2, 3, 4, 5, 6, 7, 8, 9, 10, 11, 12, 0, 14, 15, 16, 17, 18, 19]",468.0,1.9710345268249512
"[13, 1, 2, 3, 4, 5, 6, 7, 8, 9, 10, 11, 12, 0, 14, 15, 16, 17, 18, 19]",468.0,"[13, 1, 2, 3, 4, 5, 6, 7, 8, 9, 10, 11, 12, 0, 14, 15, 16, 17, 18, 19]",468.0,2.0330357551574707
"[13, 1, 2, 3, 4, 5, 6, 7, 8, 9, 10, 11, 12, 0, 14, 15, 16, 17, 18, 19]",468.0,"[13, 1, 2, 3, 4, 5, 6, 7, 8, 9, 10, 11, 12, 0, 14, 15, 16, 17, 18, 19]",468.0,2.0990402698516846
"[13, 1, 2, 3, 4, 5, 6, 7, 8, 9, 10, 11, 12, 0, 14, 15, 16, 17, 18, 19]",468.0,"[13, 1, 2, 3, 4, 5, 6, 7, 8, 9, 10, 11, 12, 0, 14, 15, 16, 17, 18, 19]",468.0,2.1630356311798096
"[13, 1, 2, 3, 4, 5, 6, 7, 8, 9, 10, 11, 12, 0, 14, 15, 16, 17, 18, 19]",468.0,"[13, 1, 2, 3, 4, 5, 6, 7, 8, 9, 10, 11, 12, 0, 14, 15, 16, 17, 18, 19]",468.0,2.2290399074554443
"[13, 1, 2, 3, 4, 5, 6, 7, 8, 9, 10, 11, 12, 0, 14, 15, 16, 17, 18, 19]",468.0,"[13, 1, 2, 3, 4, 5, 6, 7, 8, 9, 10, 11, 12, 0, 14, 15, 16, 17, 18, 19]",468.0,2.2920517921447754
"[13, 1, 2, 3, 4, 5, 6, 7, 8, 9, 10, 11, 12, 0, 14, 15, 16, 17, 18, 19]",468.0,"[13, 1, 2, 3, 4, 5, 6, 7, 8, 9, 10, 11, 12, 0, 14, 15, 16, 17, 18, 19]",468.0,2.357065200805664
"[13, 1, 2, 3, 4, 5, 6, 7, 8, 9, 10, 11, 12, 0, 14, 15, 16, 17, 18, 19]",468.0,"[13, 1, 2, 3, 4, 5, 6, 7, 8, 9, 10, 11, 12, 0, 14, 15, 16, 17, 18, 19]",468.0,2.4170455932617188
"[13, 1, 2, 3, 4, 5, 6, 7, 8, 9, 10, 11, 12, 0, 14, 15, 16, 17, 18, 19]",468.0,"[13, 1, 2, 3, 4, 5, 6, 7, 8, 9, 10, 11, 12, 0, 14, 15, 16, 17, 18, 19]",468.0,2.4800446033477783
"[13, 1, 2, 3, 4, 5, 6, 7, 8, 9, 10, 11, 12, 0, 14, 15, 16, 17, 18, 19]",468.0,"[13, 1, 2, 3, 4, 5, 6, 7, 8, 9, 10, 11, 12, 0, 14, 15, 16, 17, 18, 19]",468.0,2.544041395187378
"[13, 1, 2, 3, 4, 5, 6, 7, 8, 9, 10, 11, 12, 0, 14, 15, 16, 17, 18, 19]",468.0,"[13, 1, 2, 3, 4, 5, 6, 7, 8, 9, 10, 11, 12, 0, 14, 15, 16, 17, 18, 19]",468.0,2.608060836791992
"[13, 1, 2, 3, 4, 5, 6, 7, 8, 9, 10, 11, 12, 0, 14, 15, 16, 17, 18, 19]",468.0,"[13, 1, 2, 3, 4, 5, 6, 7, 8, 9, 10, 11, 12, 0, 14, 15, 16, 17, 18, 19]",468.0,2.6730456352233887
"[13, 1, 2, 3, 4, 5, 6, 7, 8, 9, 10, 11, 12, 0, 14, 15, 16, 17, 18, 19]",468.0,"[13, 1, 2, 3, 4, 5, 6, 7, 8, 9, 10, 11, 12, 0, 14, 15, 16, 17, 18, 19]",468.0,2.737046480178833
"[13, 1, 2, 3, 4, 5, 6, 7, 8, 9, 10, 11, 12, 0, 14, 15, 16, 17, 18, 19]",468.0,"[13, 1, 2, 3, 4, 5, 6, 7, 8, 9, 10, 11, 12, 0, 14, 15, 16, 17, 18, 19]",468.0,2.802046060562134
"[13, 1, 2, 3, 4, 5, 6, 7, 8, 9, 10, 11, 12, 0, 14, 15, 16, 17, 18, 19]",468.0,"[13, 1, 2, 3, 4, 5, 6, 7, 8, 9, 10, 11, 12, 0, 14, 15, 16, 17, 18, 19]",468.0,2.8640506267547607
"[13, 1, 2, 3, 4, 5, 6, 7, 8, 9, 10, 11, 12, 0, 14, 15, 16, 17, 18, 19]",468.0,"[13, 1, 2, 3, 4, 5, 6, 7, 8, 9, 10, 11, 12, 0, 14, 15, 16, 17, 18, 19]",468.0,2.9270565509796143
"[13, 1, 2, 3, 4, 5, 6, 7, 8, 9, 10, 11, 12, 0, 14, 15, 16, 17, 18, 19]",468.0,"[13, 1, 2, 3, 4, 5, 6, 7, 8, 9, 10, 11, 12, 0, 14, 15, 16, 17, 18, 19]",468.0,2.992048740386963
"[13, 1, 2, 3, 4, 5, 6, 7, 8, 9, 10, 11, 12, 0, 14, 15, 16, 17, 18, 19]",468.0,"[13, 1, 2, 3, 4, 5, 6, 7, 8, 9, 10, 11, 12, 0, 14, 15, 16, 17, 18, 19]",468.0,3.0560505390167236
"[13, 1, 2, 3, 4, 5, 6, 7, 8, 9, 10, 11, 12, 0, 14, 15, 16, 17, 18, 19]",468.0,"[13, 1, 2, 3, 4, 5, 6, 7, 8, 9, 10, 11, 12, 0, 14, 15, 16, 17, 18, 19]",468.0,3.1210553646087646
"[13, 1, 2, 3, 4, 5, 6, 7, 8, 9, 10, 11, 12, 0, 14, 15, 16, 17, 18, 19]",468.0,"[13, 1, 2, 3, 4, 5, 6, 7, 8, 9, 10, 11, 12, 0, 14, 15, 16, 17, 18, 19]",468.0,3.182053327560425
"[13, 1, 2, 3, 4, 5, 6, 7, 8, 9, 10, 11, 12, 0, 14, 15, 16, 17, 18, 19]",468.0,"[13, 1, 2, 3, 4, 5, 6, 7, 8, 9, 10, 11, 12, 0, 14, 15, 16, 17, 18, 19]",468.0,3.248056173324585
"[13, 1, 2, 3, 4, 5, 6, 7, 8, 9, 10, 11, 12, 0, 14, 15, 16, 17, 18, 19]",468.0,"[13, 1, 2, 3, 4, 5, 6, 7, 8, 9, 10, 11, 12, 0, 14, 15, 16, 17, 18, 19]",468.0,3.3130550384521484
"[13, 1, 2, 3, 4, 5, 6, 7, 8, 9, 10, 11, 12, 0, 14, 15, 16, 17, 18, 19]",468.0,"[13, 1, 2, 3, 4, 5, 6, 7, 8, 9, 10, 11, 12, 0, 14, 15, 16, 17, 18, 19]",468.0,3.3800570964813232
"[13, 1, 2, 3, 4, 5, 6, 7, 8, 9, 10, 11, 12, 0, 14, 15, 16, 17, 18, 19]",468.0,"[13, 1, 2, 3, 4, 5, 6, 7, 8, 9, 10, 11, 12, 0, 14, 15, 16, 17, 18, 19]",468.0,3.4430599212646484
"[13, 1, 2, 3, 4, 5, 6, 7, 8, 9, 10, 11, 12, 0, 14, 15, 16, 17, 18, 19]",468.0,"[13, 1, 2, 3, 4, 5, 6, 7, 8, 9, 10, 11, 12, 0, 14, 15, 16, 17, 18, 19]",468.0,3.5110604763031006
"[13, 1, 2, 3, 4, 5, 6, 7, 8, 9, 10, 11, 12, 0, 14, 15, 16, 17, 18, 19]",468.0,"[13, 1, 2, 3, 4, 5, 6, 7, 8, 9, 10, 11, 12, 0, 14, 15, 16, 17, 18, 19]",468.0,3.575061798095703
"[13, 1, 2, 3, 4, 5, 6, 7, 8, 9, 10, 11, 12, 0, 14, 15, 16, 17, 18, 19]",468.0,"[13, 1, 2, 3, 4, 5, 6, 7, 8, 9, 10, 11, 12, 0, 14, 15, 16, 17, 18, 19]",468.0,3.640059471130371
"[13, 1, 2, 3, 4, 5, 6, 7, 8, 9, 10, 11, 12, 0, 14, 15, 16, 17, 18, 19]",468.0,"[13, 1, 2, 3, 4, 5, 6, 7, 8, 9, 10, 11, 12, 0, 14, 15, 16, 17, 18, 19]",468.0,3.7050676345825195
"[13, 1, 2, 3, 4, 5, 6, 7, 8, 9, 10, 11, 12, 0, 14, 15, 16, 17, 18, 19]",468.0,"[13, 1, 2, 3, 4, 5, 6, 7, 8, 9, 10, 11, 12, 0, 14, 15, 16, 17, 18, 19]",468.0,3.770061492919922
"[13, 1, 2, 3, 4, 5, 6, 7, 8, 9, 10, 11, 12, 0, 14, 15, 16, 17, 18, 19]",468.0,"[13, 1, 2, 3, 4, 5, 6, 7, 8, 9, 10, 11, 12, 0, 14, 15, 16, 17, 18, 19]",468.0,3.833068370819092
"[13, 1, 2, 3, 4, 5, 6, 7, 8, 9, 10, 11, 12, 0, 14, 15, 16, 17, 18, 19]",468.0,"[13, 1, 2, 3, 4, 5, 6, 7, 8, 9, 10, 11, 12, 0, 14, 15, 16, 17, 18, 19]",468.0,3.8960654735565186
"[13, 1, 2, 3, 4, 5, 6, 7, 8, 9, 10, 11, 12, 0, 14, 15, 16, 17, 18, 19]",468.0,"[13, 1, 2, 3, 4, 5, 6, 7, 8, 9, 10, 11, 12, 0, 14, 15, 16, 17, 18, 19]",468.0,3.9580745697021484
"[13, 1, 2, 3, 4, 5, 6, 7, 8, 9, 10, 11, 12, 0, 14, 15, 16, 17, 18, 19]",468.0,"[13, 1, 2, 3, 4, 5, 6, 7, 8, 9, 10, 11, 12, 0, 14, 15, 16, 17, 18, 19]",468.0,4.021071195602417
"[13, 1, 2, 3, 4, 5, 6, 7, 8, 9, 10, 11, 12, 0, 14, 15, 16, 17, 18, 19]",468.0,"[13, 1, 2, 3, 4, 5, 6, 7, 8, 9, 10, 11, 12, 0, 14, 15, 16, 17, 18, 19]",468.0,4.084070682525635
"[13, 1, 2, 3, 4, 5, 6, 7, 8, 9, 10, 11, 12, 0, 14, 15, 16, 17, 18, 19]",468.0,"[13, 1, 2, 3, 4, 5, 6, 7, 8, 9, 10, 11, 12, 0, 14, 15, 16, 17, 18, 19]",468.0,4.147072076797485
"[13, 1, 2, 3, 4, 5, 6, 7, 8, 9, 10, 11, 12, 0, 14, 15, 16, 17, 18, 19]",468.0,"[13, 1, 2, 3, 4, 5, 6, 7, 8, 9, 10, 11, 12, 0, 14, 15, 16, 17, 18, 19]",468.0,4.211073875427246
"[13, 1, 2, 3, 4, 5, 6, 7, 8, 9, 10, 11, 12, 0, 14, 15, 16, 17, 18, 19]",468.0,"[13, 1, 2, 3, 4, 5, 6, 7, 8, 9, 10, 11, 12, 0, 14, 15, 16, 17, 18, 19]",468.0,4.27907395362854
"[13, 1, 2, 3, 4, 5, 6, 7, 8, 9, 10, 11, 12, 0, 14, 15, 16, 17, 18, 19]",468.0,"[13, 1, 2, 3, 4, 5, 6, 7, 8, 9, 10, 11, 12, 0, 14, 15, 16, 17, 18, 19]",468.0,4.350076675415039
"[13, 1, 2, 3, 4, 5, 6, 7, 8, 9, 10, 11, 12, 0, 14, 15, 16, 17, 18, 19]",468.0,"[13, 1, 2, 3, 4, 5, 6, 7, 8, 9, 10, 11, 12, 0, 14, 15, 16, 17, 18, 19]",468.0,4.4160730838775635
"[13, 1, 2, 3, 4, 5, 6, 7, 8, 9, 10, 11, 12, 0, 14, 15, 16, 17, 18, 19]",468.0,"[13, 1, 2, 3, 4, 5, 6, 7, 8, 9, 10, 11, 12, 0, 14, 15, 16, 17, 18, 19]",468.0,4.479082822799683
"[13, 1, 2, 3, 4, 5, 6, 7, 8, 9, 10, 11, 12, 0, 14, 15, 16, 17, 18, 19]",468.0,"[13, 1, 2, 3, 4, 5, 6, 7, 8, 9, 10, 11, 12, 0, 14, 15, 16, 17, 18, 19]",468.0,4.543077707290649
"[13, 1, 2, 3, 4, 5, 6, 7, 8, 9, 10, 11, 12, 0, 14, 15, 16, 17, 18, 19]",468.0,"[13, 1, 2, 3, 4, 5, 6, 7, 8, 9, 10, 11, 12, 0, 14, 15, 16, 17, 18, 19]",468.0,4.606079816818237
"[13, 1, 2, 3, 4, 5, 6, 7, 8, 9, 10, 11, 12, 0, 14, 15, 16, 17, 18, 19]",468.0,"[13, 1, 2, 3, 4, 5, 6, 7, 8, 9, 10, 11, 12, 0, 14, 15, 16, 17, 18, 19]",468.0,4.672078371047974
"[13, 1, 2, 3, 4, 5, 6, 7, 8, 9, 10, 11, 12, 0, 14, 15, 16, 17, 18, 19]",468.0,"[13, 1, 2, 3, 4, 5, 6, 7, 8, 9, 10, 11, 12, 0, 14, 15, 16, 17, 18, 19]",468.0,4.73808217048645
"[13, 1, 2, 3, 4, 5, 6, 7, 8, 9, 10, 11, 12, 0, 14, 15, 16, 17, 18, 19]",468.0,"[13, 1, 2, 3, 4, 5, 6, 7, 8, 9, 10, 11, 12, 0, 14, 15, 16, 17, 18, 19]",468.0,4.804082155227661
"[13, 1, 2, 3, 4, 5, 6, 7, 8, 9, 10, 11, 12, 0, 14, 15, 16, 17, 18, 19]",468.0,"[13, 1, 2, 3, 4, 5, 6, 7, 8, 9, 10, 11, 12, 0, 14, 15, 16, 17, 18, 19]",468.0,4.870081663131714
"[13, 1, 2, 3, 4, 5, 6, 7, 8, 9, 10, 11, 12, 0, 14, 15, 16, 17, 18, 19]",468.0,"[13, 1, 2, 3, 4, 5, 6, 7, 8, 9, 10, 11, 12, 0, 14, 15, 16, 17, 18, 19]",468.0,4.933080673217773
"[13, 1, 2, 3, 4, 5, 6, 7, 8, 9, 10, 11, 12, 0, 14, 15, 16, 17, 18, 19]",468.0,"[13, 1, 2, 3, 4, 5, 6, 7, 8, 9, 10, 11, 12, 0, 14, 15, 16, 17, 18, 19]",468.0,4.999084234237671
"[13, 1, 2, 3, 4, 5, 6, 7, 8, 9, 10, 11, 12, 0, 14, 15, 16, 17, 18, 19]",468.0,"[13, 1, 2, 3, 4, 5, 6, 7, 8, 9, 10, 11, 12, 0, 14, 15, 16, 17, 18, 19]",468.0,5.066086769104004
"[13, 1, 2, 3, 4, 5, 6, 7, 8, 9, 10, 11, 12, 0, 14, 15, 16, 17, 18, 19]",468.0,"[13, 1, 2, 3, 4, 5, 6, 7, 8, 9, 10, 11, 12, 0, 14, 15, 16, 17, 18, 19]",468.0,5.132100582122803
"[13, 1, 2, 3, 4, 5, 6, 7, 8, 9, 10, 11, 12, 0, 14, 15, 16, 17, 18, 19]",468.0,"[13, 1, 2, 3, 4, 5, 6, 7, 8, 9, 10, 11, 12, 0, 14, 15, 16, 17, 18, 19]",468.0,5.199087619781494
"[13, 1, 2, 3, 4, 5, 6, 7, 8, 9, 10, 11, 12, 0, 14, 15, 16, 17, 18, 19]",468.0,"[13, 1, 2, 3, 4, 5, 6, 7, 8, 9, 10, 11, 12, 0, 14, 15, 16, 17, 18, 19]",468.0,5.263086795806885
"[13, 1, 2, 3, 4, 5, 6, 7, 8, 9, 10, 11, 12, 0, 14, 15, 16, 17, 18, 19]",468.0,"[13, 1, 2, 3, 4, 5, 6, 7, 8, 9, 10, 11, 12, 0, 14, 15, 16, 17, 18, 19]",468.0,5.3260908126831055
"[13, 1, 2, 3, 4, 5, 6, 7, 8, 9, 10, 11, 12, 0, 14, 15, 16, 17, 18, 19]",468.0,"[13, 1, 2, 3, 4, 5, 6, 7, 8, 9, 10, 11, 12, 0, 14, 15, 16, 17, 18, 19]",468.0,5.389093399047852
"[13, 1, 2, 3, 4, 5, 6, 7, 8, 9, 10, 11, 12, 0, 14, 15, 16, 17, 18, 19]",468.0,"[13, 1, 2, 3, 4, 5, 6, 7, 8, 9, 10, 11, 12, 0, 14, 15, 16, 17, 18, 19]",468.0,5.451091766357422
"[13, 1, 2, 3, 4, 5, 6, 7, 8, 9, 10, 11, 12, 0, 14, 15, 16, 17, 18, 19]",468.0,"[13, 1, 2, 3, 4, 5, 6, 7, 8, 9, 10, 11, 12, 0, 14, 15, 16, 17, 18, 19]",468.0,5.514090299606323
"[13, 1, 2, 3, 4, 5, 6, 7, 8, 9, 10, 11, 12, 0, 14, 15, 16, 17, 18, 19]",468.0,"[13, 1, 2, 3, 4, 5, 6, 7, 8, 9, 10, 11, 12, 0, 14, 15, 16, 17, 18, 19]",468.0,5.576090574264526
"[13, 1, 2, 3, 4, 5, 6, 7, 8, 9, 10, 11, 12, 0, 14, 15, 16, 17, 18, 19]",468.0,"[13, 1, 2, 3, 4, 5, 6, 7, 8, 9, 10, 11, 12, 0, 14, 15, 16, 17, 18, 19]",468.0,5.638094902038574
"[13, 1, 2, 3, 4, 5, 6, 7, 8, 9, 10, 11, 12, 0, 14, 15, 16, 17, 18, 19]",468.0,"[13, 1, 2, 3, 4, 5, 6, 7, 8, 9, 10, 11, 12, 0, 14, 15, 16, 17, 18, 19]",468.0,5.700096607208252
"[13, 1, 2, 3, 4, 5, 6, 7, 8, 9, 10, 11, 12, 0, 14, 15, 16, 17, 18, 19]",468.0,"[13, 1, 2, 3, 4, 5, 6, 7, 8, 9, 10, 11, 12, 0, 14, 15, 16, 17, 18, 19]",468.0,5.763138294219971
"[13, 1, 2, 3, 4, 5, 6, 7, 8, 9, 10, 11, 12, 0, 14, 15, 16, 17, 18, 19]",468.0,"[13, 1, 2, 3, 4, 5, 6, 7, 8, 9, 10, 11, 12, 0, 14, 15, 16, 17, 18, 19]",468.0,5.826101064682007
"[13, 1, 2, 3, 4, 5, 6, 7, 8, 9, 10, 11, 12, 0, 14, 15, 16, 17, 18, 19]",468.0,"[13, 1, 2, 3, 4, 5, 6, 7, 8, 9, 10, 11, 12, 0, 14, 15, 16, 17, 18, 19]",468.0,5.889101028442383
"[13, 1, 2, 3, 4, 5, 6, 7, 8, 9, 10, 11, 12, 0, 14, 15, 16, 17, 18, 19]",468.0,"[13, 1, 2, 3, 4, 5, 6, 7, 8, 9, 10, 11, 12, 0, 14, 15, 16, 17, 18, 19]",468.0,5.952101230621338
"[13, 1, 2, 3, 4, 5, 6, 7, 8, 9, 10, 11, 12, 0, 14, 15, 16, 17, 18, 19]",468.0,"[13, 1, 2, 3, 4, 5, 6, 7, 8, 9, 10, 11, 12, 0, 14, 15, 16, 17, 18, 19]",468.0,6.015107154846191
"[13, 1, 2, 3, 4, 5, 6, 7, 8, 9, 10, 11, 12, 0, 14, 15, 16, 17, 18, 19]",468.0,"[13, 1, 2, 3, 4, 5, 6, 7, 8, 9, 10, 11, 12, 0, 14, 15, 16, 17, 18, 19]",468.0,6.078103065490723
"[13, 1, 2, 3, 4, 5, 6, 7, 8, 9, 10, 11, 12, 0, 14, 15, 16, 17, 18, 19]",468.0,"[13, 1, 2, 3, 4, 5, 6, 7, 8, 9, 10, 11, 12, 0, 14, 15, 16, 17, 18, 19]",468.0,6.142106533050537
"[13, 1, 2, 3, 4, 5, 6, 7, 8, 9, 10, 11, 12, 0, 14, 15, 16, 17, 18, 19]",468.0,"[13, 1, 2, 3, 4, 5, 6, 7, 8, 9, 10, 11, 12, 0, 14, 15, 16, 17, 18, 19]",468.0,6.2081170082092285
"[13, 1, 2, 3, 4, 5, 6, 7, 8, 9, 10, 11, 12, 0, 14, 15, 16, 17, 18, 19]",468.0,"[13, 1, 2, 3, 4, 5, 6, 7, 8, 9, 10, 11, 12, 0, 14, 15, 16, 17, 18, 19]",468.0,6.273102760314941
"[13, 1, 2, 3, 4, 5, 6, 7, 8, 9, 10, 11, 12, 0, 14, 15, 16, 17, 18, 19]",468.0,"[13, 1, 2, 3, 4, 5, 6, 7, 8, 9, 10, 11, 12, 0, 14, 15, 16, 17, 18, 19]",468.0,6.335109233856201
"[13, 1, 2, 3, 4, 5, 6, 7, 8, 9, 10, 11, 12, 0, 14, 15, 16, 17, 18, 19]",468.0,"[13, 1, 2, 3, 4, 5, 6, 7, 8, 9, 10, 11, 12, 0, 14, 15, 16, 17, 18, 19]",468.0,6.3961122035980225
"[13, 1, 2, 3, 4, 5, 6, 7, 8, 9, 10, 11, 12, 0, 14, 15, 16, 17, 18, 19]",468.0,"[13, 1, 2, 3, 4, 5, 6, 7, 8, 9, 10, 11, 12, 0, 14, 15, 16, 17, 18, 19]",468.0,6.463108539581299
"[13, 1, 2, 3, 4, 5, 6, 7, 8, 9, 10, 11, 12, 0, 14, 15, 16, 17, 18, 19]",468.0,"[13, 1, 2, 3, 4, 5, 6, 7, 8, 9, 10, 11, 12, 0, 14, 15, 16, 17, 18, 19]",468.0,6.529131889343262
"[13, 1, 2, 3, 4, 5, 6, 7, 8, 9, 10, 11, 12, 0, 14, 15, 16, 17, 18, 19]",468.0,"[13, 1, 2, 3, 4, 5, 6, 7, 8, 9, 10, 11, 12, 0, 14, 15, 16, 17, 18, 19]",468.0,6.597113370895386
"[13, 1, 2, 3, 4, 5, 6, 7, 8, 9, 10, 11, 12, 0, 14, 15, 16, 17, 18, 19]",468.0,"[13, 1, 2, 3, 4, 5, 6, 7, 8, 9, 10, 11, 12, 0, 14, 15, 16, 17, 18, 19]",468.0,6.661121606826782
"[13, 1, 2, 3, 4, 5, 6, 7, 8, 9, 10, 11, 12, 0, 14, 15, 16, 17, 18, 19]",468.0,"[13, 1, 2, 3, 4, 5, 6, 7, 8, 9, 10, 11, 12, 0, 14, 15, 16, 17, 18, 19]",468.0,6.727115869522095
"[13, 1, 2, 3, 4, 5, 6, 7, 8, 9, 10, 11, 12, 0, 14, 15, 16, 17, 18, 19]",468.0,"[13, 1, 2, 3, 4, 5, 6, 7, 8, 9, 10, 11, 12, 0, 14, 15, 16, 17, 18, 19]",468.0,6.789114952087402
"[13, 1, 2, 3, 4, 5, 6, 7, 8, 9, 10, 11, 12, 0, 14, 15, 16, 17, 18, 19]",468.0,"[13, 1, 2, 3, 4, 5, 6, 7, 8, 9, 10, 11, 12, 0, 14, 15, 16, 17, 18, 19]",468.0,6.85411810874939
"[13, 1, 2, 3, 4, 5, 6, 7, 8, 9, 10, 11, 12, 0, 14, 15, 16, 17, 18, 19]",468.0,"[13, 1, 2, 3, 4, 5, 6, 7, 8, 9, 10, 11, 12, 0, 14, 15, 16, 17, 18, 19]",468.0,6.914118528366089
"[13, 1, 2, 3, 4, 5, 6, 7, 8, 9, 10, 11, 12, 0, 14, 15, 16, 17, 18, 19]",468.0,"[13, 1, 2, 3, 4, 5, 6, 7, 8, 9, 10, 11, 12, 0, 14, 15, 16, 17, 18, 19]",468.0,6.978114366531372
"[13, 1, 2, 3, 4, 5, 6, 7, 8, 9, 10, 11, 12, 0, 14, 15, 16, 17, 18, 19]",468.0,"[13, 1, 2, 3, 4, 5, 6, 7, 8, 9, 10, 11, 12, 0, 14, 15, 16, 17, 18, 19]",468.0,7.042116165161133
"[13, 1, 2, 3, 4, 5, 6, 7, 8, 9, 10, 11, 12, 0, 14, 15, 16, 17, 18, 19]",468.0,"[13, 1, 2, 3, 4, 5, 6, 7, 8, 9, 10, 11, 12, 0, 14, 15, 16, 17, 18, 19]",468.0,7.106118679046631
"[13, 1, 2, 3, 4, 5, 6, 7, 8, 9, 10, 11, 12, 0, 14, 15, 16, 17, 18, 19]",468.0,"[13, 1, 2, 3, 4, 5, 6, 7, 8, 9, 10, 11, 12, 0, 14, 15, 16, 17, 18, 19]",468.0,7.167118072509766
"[13, 1, 2, 3, 4, 5, 6, 7, 8, 9, 10, 11, 12, 0, 14, 15, 16, 17, 18, 19]",468.0,"[13, 1, 2, 3, 4, 5, 6, 7, 8, 9, 10, 11, 12, 0, 14, 15, 16, 17, 18, 19]",468.0,7.231125593185425
"[13, 1, 2, 3, 4, 5, 6, 7, 8, 9, 10, 11, 12, 0, 14, 15, 16, 17, 18, 19]",468.0,"[13, 1, 2, 3, 4, 5, 6, 7, 8, 9, 10, 11, 12, 0, 14, 15, 16, 17, 18, 19]",468.0,7.294124364852905
"[13, 1, 2, 3, 4, 5, 6, 7, 8, 9, 10, 11, 12, 0, 14, 15, 16, 17, 18, 19]",468.0,"[13, 1, 2, 3, 4, 5, 6, 7, 8, 9, 10, 11, 12, 0, 14, 15, 16, 17, 18, 19]",468.0,7.3571271896362305
"[13, 1, 2, 3, 4, 5, 6, 7, 8, 9, 10, 11, 12, 0, 14, 15, 16, 17, 18, 19]",468.0,"[13, 1, 2, 3, 4, 5, 6, 7, 8, 9, 10, 11, 12, 0, 14, 15, 16, 17, 18, 19]",468.0,7.4211266040802
"[13, 1, 2, 3, 4, 5, 6, 7, 8, 9, 10, 11, 12, 0, 14, 15, 16, 17, 18, 19]",468.0,"[13, 1, 2, 3, 4, 5, 6, 7, 8, 9, 10, 11, 12, 0, 14, 15, 16, 17, 18, 19]",468.0,7.483123302459717
"[13, 1, 2, 3, 4, 5, 6, 7, 8, 9, 10, 11, 12, 0, 14, 15, 16, 17, 18, 19]",468.0,"[13, 1, 2, 3, 4, 5, 6, 7, 8, 9, 10, 11, 12, 0, 14, 15, 16, 17, 18, 19]",468.0,7.548128604888916
"[13, 1, 2, 3, 4, 5, 6, 7, 8, 9, 10, 11, 12, 0, 14, 15, 16, 17, 18, 19]",468.0,"[13, 1, 2, 3, 4, 5, 6, 7, 8, 9, 10, 11, 12, 0, 14, 15, 16, 17, 18, 19]",468.0,7.608128309249878
"[13, 1, 2, 3, 4, 5, 6, 7, 8, 9, 10, 11, 12, 0, 14, 15, 16, 17, 18, 19]",468.0,"[13, 1, 2, 3, 4, 5, 6, 7, 8, 9, 10, 11, 12, 0, 14, 15, 16, 17, 18, 19]",468.0,7.6731276512146
"[13, 1, 2, 3, 4, 5, 6, 7, 8, 9, 10, 11, 12, 0, 14, 15, 16, 17, 18, 19]",468.0,"[13, 1, 2, 3, 4, 5, 6, 7, 8, 9, 10, 11, 12, 0, 14, 15, 16, 17, 18, 19]",468.0,7.738151788711548
"[13, 1, 2, 3, 4, 5, 6, 7, 8, 9, 10, 11, 12, 0, 14, 15, 16, 17, 18, 19]",468.0,"[13, 1, 2, 3, 4, 5, 6, 7, 8, 9, 10, 11, 12, 0, 14, 15, 16, 17, 18, 19]",468.0,7.807128667831421
"[13, 1, 2, 3, 4, 5, 6, 7, 8, 9, 10, 11, 12, 0, 14, 15, 16, 17, 18, 19]",468.0,"[13, 1, 2, 3, 4, 5, 6, 7, 8, 9, 10, 11, 12, 0, 14, 15, 16, 17, 18, 19]",468.0,7.873129367828369
"[13, 1, 2, 3, 4, 5, 6, 7, 8, 9, 10, 11, 12, 0, 14, 15, 16, 17, 18, 19]",468.0,"[13, 1, 2, 3, 4, 5, 6, 7, 8, 9, 10, 11, 12, 0, 14, 15, 16, 17, 18, 19]",468.0,7.93813419342041
"[13, 1, 2, 3, 4, 5, 6, 7, 8, 9, 10, 11, 12, 0, 14, 15, 16, 17, 18, 19]",468.0,"[13, 1, 2, 3, 4, 5, 6, 7, 8, 9, 10, 11, 12, 0, 14, 15, 16, 17, 18, 19]",468.0,8.001134634017944
"[13, 1, 2, 3, 4, 5, 6, 7, 8, 9, 10, 11, 12, 0, 14, 15, 16, 17, 18, 19]",468.0,"[13, 1, 2, 3, 4, 5, 6, 7, 8, 9, 10, 11, 12, 0, 14, 15, 16, 17, 18, 19]",468.0,8.095138311386108
"[13, 1, 2, 3, 4, 5, 6, 7, 8, 9, 10, 11, 12, 0, 14, 15, 16, 17, 18, 19]",468.0,"[13, 1, 2, 3, 4, 5, 6, 7, 8, 9, 10, 11, 12, 0, 14, 15, 16, 17, 18, 19]",468.0,8.163135290145874
"[13, 1, 2, 3, 4, 5, 6, 7, 8, 9, 10, 11, 12, 0, 14, 15, 16, 17, 18, 19]",468.0,"[13, 1, 2, 3, 4, 5, 6, 7, 8, 9, 10, 11, 12, 0, 14, 15, 16, 17, 18, 19]",468.0,8.227190017700195
"[13, 1, 2, 3, 4, 5, 6, 7, 8, 9, 10, 11, 12, 0, 14, 15, 16, 17, 18, 19]",468.0,"[13, 1, 2, 3, 4, 5, 6, 7, 8, 9, 10, 11, 12, 0, 14, 15, 16, 17, 18, 19]",468.0,8.29013729095459
"[13, 1, 2, 3, 4, 5, 6, 7, 8, 9, 10, 11, 12, 0, 14, 15, 16, 17, 18, 19]",468.0,"[13, 1, 2, 3, 4, 5, 6, 7, 8, 9, 10, 11, 12, 0, 14, 15, 16, 17, 18, 19]",468.0,8.353142023086548
"[13, 1, 2, 3, 4, 5, 6, 7, 8, 9, 10, 11, 12, 0, 14, 15, 16, 17, 18, 19]",468.0,"[13, 1, 2, 3, 4, 5, 6, 7, 8, 9, 10, 11, 12, 0, 14, 15, 16, 17, 18, 19]",468.0,8.416147470474243
"[13, 1, 2, 3, 4, 5, 6, 7, 8, 9, 10, 11, 12, 0, 14, 15, 16, 17, 18, 19]",468.0,"[13, 1, 2, 3, 4, 5, 6, 7, 8, 9, 10, 11, 12, 0, 14, 15, 16, 17, 18, 19]",468.0,8.479187965393066
"[13, 1, 2, 3, 4, 5, 6, 7, 8, 9, 10, 11, 12, 0, 14, 15, 16, 17, 18, 19]",468.0,"[13, 1, 2, 3, 4, 5, 6, 7, 8, 9, 10, 11, 12, 0, 14, 15, 16, 17, 18, 19]",468.0,8.54314398765564
"[13, 1, 2, 3, 4, 5, 6, 7, 8, 9, 10, 11, 12, 0, 14, 15, 16, 17, 18, 19]",468.0,"[13, 1, 2, 3, 4, 5, 6, 7, 8, 9, 10, 11, 12, 0, 14, 15, 16, 17, 18, 19]",468.0,8.605144739151001
"[13, 1, 2, 3, 4, 5, 6, 7, 8, 9, 10, 11, 12, 0, 14, 15, 16, 17, 18, 19]",468.0,"[13, 1, 2, 3, 4, 5, 6, 7, 8, 9, 10, 11, 12, 0, 14, 15, 16, 17, 18, 19]",468.0,8.670142650604248
"[13, 1, 2, 3, 4, 5, 6, 7, 8, 9, 10, 11, 12, 0, 14, 15, 16, 17, 18, 19]",468.0,"[13, 1, 2, 3, 4, 5, 6, 7, 8, 9, 10, 11, 12, 0, 14, 15, 16, 17, 18, 19]",468.0,8.7321457862854
"[13, 1, 2, 3, 4, 5, 6, 7, 8, 9, 10, 11, 12, 0, 14, 15, 16, 17, 18, 19]",468.0,"[13, 1, 2, 3, 4, 5, 6, 7, 8, 9, 10, 11, 12, 0, 14, 15, 16, 17, 18, 19]",468.0,8.795151472091675
"[13, 1, 2, 3, 4, 5, 6, 7, 8, 9, 10, 11, 12, 0, 14, 15, 16, 17, 18, 19]",468.0,"[13, 1, 2, 3, 4, 5, 6, 7, 8, 9, 10, 11, 12, 0, 14, 15, 16, 17, 18, 19]",468.0,8.858152627944946
"[13, 1, 2, 3, 4, 5, 6, 7, 8, 9, 10, 11, 12, 0, 14, 15, 16, 17, 18, 19]",468.0,"[13, 1, 2, 3, 4, 5, 6, 7, 8, 9, 10, 11, 12, 0, 14, 15, 16, 17, 18, 19]",468.0,8.92116641998291
"[13, 1, 2, 3, 4, 5, 6, 7, 8, 9, 10, 11, 12, 0, 14, 15, 16, 17, 18, 19]",468.0,"[13, 1, 2, 3, 4, 5, 6, 7, 8, 9, 10, 11, 12, 0, 14, 15, 16, 17, 18, 19]",468.0,8.984147548675537
"[13, 1, 2, 3, 4, 5, 6, 7, 8, 9, 10, 11, 12, 0, 14, 15, 16, 17, 18, 19]",468.0,"[13, 1, 2, 3, 4, 5, 6, 7, 8, 9, 10, 11, 12, 0, 14, 15, 16, 17, 18, 19]",468.0,9.047149181365967
"[13, 1, 2, 3, 4, 5, 6, 7, 8, 9, 10, 11, 12, 0, 14, 15, 16, 17, 18, 19]",468.0,"[13, 1, 2, 3, 4, 5, 6, 7, 8, 9, 10, 11, 12, 0, 14, 15, 16, 17, 18, 19]",468.0,9.114151000976562
"[13, 1, 2, 3, 4, 5, 6, 7, 8, 9, 10, 11, 12, 0, 14, 15, 16, 17, 18, 19]",468.0,"[13, 1, 2, 3, 4, 5, 6, 7, 8, 9, 10, 11, 12, 0, 14, 15, 16, 17, 18, 19]",468.0,9.180146932601929
"[13, 1, 2, 3, 4, 5, 6, 7, 8, 9, 10, 11, 12, 0, 14, 15, 16, 17, 18, 19]",468.0,"[13, 1, 2, 3, 4, 5, 6, 7, 8, 9, 10, 11, 12, 0, 14, 15, 16, 17, 18, 19]",468.0,9.245154619216919
"[13, 1, 2, 3, 4, 5, 6, 7, 8, 9, 10, 11, 12, 0, 14, 15, 16, 17, 18, 19]",468.0,"[13, 1, 2, 3, 4, 5, 6, 7, 8, 9, 10, 11, 12, 0, 14, 15, 16, 17, 18, 19]",468.0,9.308155059814453
"[13, 1, 2, 3, 4, 5, 6, 7, 8, 9, 10, 11, 12, 0, 14, 15, 16, 17, 18, 19]",468.0,"[13, 1, 2, 3, 4, 5, 6, 7, 8, 9, 10, 11, 12, 0, 14, 15, 16, 17, 18, 19]",468.0,9.377156019210815
"[13, 1, 2, 3, 4, 5, 6, 7, 8, 9, 10, 11, 12, 0, 14, 15, 16, 17, 18, 19]",468.0,"[13, 1, 2, 3, 4, 5, 6, 7, 8, 9, 10, 11, 12, 0, 14, 15, 16, 17, 18, 19]",468.0,9.442155361175537
"[13, 1, 2, 3, 4, 5, 6, 7, 8, 9, 10, 11, 12, 0, 14, 15, 16, 17, 18, 19]",468.0,"[13, 1, 2, 3, 4, 5, 6, 7, 8, 9, 10, 11, 12, 0, 14, 15, 16, 17, 18, 19]",468.0,9.507166624069214
"[13, 1, 2, 3, 4, 5, 6, 7, 8, 9, 10, 11, 12, 0, 14, 15, 16, 17, 18, 19]",468.0,"[13, 1, 2, 3, 4, 5, 6, 7, 8, 9, 10, 11, 12, 0, 14, 15, 16, 17, 18, 19]",468.0,9.571165084838867
"[13, 1, 2, 3, 4, 5, 6, 7, 8, 9, 10, 11, 12, 0, 14, 15, 16, 17, 18, 19]",468.0,"[13, 1, 2, 3, 4, 5, 6, 7, 8, 9, 10, 11, 12, 0, 14, 15, 16, 17, 18, 19]",468.0,9.637165546417236
"[13, 1, 2, 3, 4, 5, 6, 7, 8, 9, 10, 11, 12, 0, 14, 15, 16, 17, 18, 19]",468.0,"[13, 1, 2, 3, 4, 5, 6, 7, 8, 9, 10, 11, 12, 0, 14, 15, 16, 17, 18, 19]",468.0,9.7021644115448
"[13, 1, 2, 3, 4, 5, 6, 7, 8, 9, 10, 11, 12, 0, 14, 15, 16, 17, 18, 19]",468.0,"[13, 1, 2, 3, 4, 5, 6, 7, 8, 9, 10, 11, 12, 0, 14, 15, 16, 17, 18, 19]",468.0,9.767162561416626
"[13, 1, 2, 3, 4, 5, 6, 7, 8, 9, 10, 11, 12, 0, 14, 15, 16, 17, 18, 19]",468.0,"[13, 1, 2, 3, 4, 5, 6, 7, 8, 9, 10, 11, 12, 0, 14, 15, 16, 17, 18, 19]",468.0,9.837162494659424
"[13, 1, 2, 3, 4, 5, 6, 7, 8, 9, 10, 11, 12, 0, 14, 15, 16, 17, 18, 19]",468.0,"[13, 1, 2, 3, 4, 5, 6, 7, 8, 9, 10, 11, 12, 0, 14, 15, 16, 17, 18, 19]",468.0,9.906162977218628
"[13, 1, 2, 3, 4, 5, 6, 7, 8, 9, 10, 11, 12, 0, 14, 15, 16, 17, 18, 19]",468.0,"[13, 1, 2, 3, 4, 5, 6, 7, 8, 9, 10, 11, 12, 0, 14, 15, 16, 17, 18, 19]",468.0,9.96816611289978
"[13, 1, 2, 3, 4, 5, 6, 7, 8, 9, 10, 11, 12, 0, 14, 15, 16, 17, 18, 19]",468.0,"[13, 1, 2, 3, 4, 5, 6, 7, 8, 9, 10, 11, 12, 0, 14, 15, 16, 17, 18, 19]",468.0,10.03116488456726
"[13, 1, 2, 3, 4, 5, 6, 7, 8, 9, 10, 11, 12, 0, 14, 15, 16, 17, 18, 19]",468.0,"[13, 1, 2, 3, 4, 5, 6, 7, 8, 9, 10, 11, 12, 0, 14, 15, 16, 17, 18, 19]",468.0,10.093198299407959
"[13, 1, 2, 3, 4, 5, 6, 7, 8, 9, 10, 11, 12, 0, 14, 15, 16, 17, 18, 19]",468.0,"[13, 1, 2, 3, 4, 5, 6, 7, 8, 9, 10, 11, 12, 0, 14, 15, 16, 17, 18, 19]",468.0,10.155183553695679
"[13, 1, 2, 3, 4, 5, 6, 7, 8, 9, 10, 11, 12, 0, 14, 15, 16, 17, 18, 19]",468.0,"[13, 1, 2, 3, 4, 5, 6, 7, 8, 9, 10, 11, 12, 0, 14, 15, 16, 17, 18, 19]",468.0,10.219167709350586
"[13, 1, 2, 3, 4, 5, 6, 7, 8, 9, 10, 11, 12, 0, 14, 15, 16, 17, 18, 19]",468.0,"[13, 1, 2, 3, 4, 5, 6, 7, 8, 9, 10, 11, 12, 0, 14, 15, 16, 17, 18, 19]",468.0,10.283169507980347
"[13, 1, 2, 3, 4, 5, 6, 7, 8, 9, 10, 11, 12, 0, 14, 15, 16, 17, 18, 19]",468.0,"[13, 1, 2, 3, 4, 5, 6, 7, 8, 9, 10, 11, 12, 0, 14, 15, 16, 17, 18, 19]",468.0,10.346173763275146
"[13, 1, 2, 3, 4, 5, 6, 7, 8, 9, 10, 11, 12, 0, 14, 15, 16, 17, 18, 19]",468.0,"[13, 1, 2, 3, 4, 5, 6, 7, 8, 9, 10, 11, 12, 0, 14, 15, 16, 17, 18, 19]",468.0,10.408170700073242
"[13, 1, 2, 3, 4, 5, 6, 7, 8, 9, 10, 11, 12, 0, 14, 15, 16, 17, 18, 19]",468.0,"[13, 1, 2, 3, 4, 5, 6, 7, 8, 9, 10, 11, 12, 0, 14, 15, 16, 17, 18, 19]",468.0,10.472172975540161
"[13, 1, 2, 3, 4, 5, 6, 7, 8, 9, 10, 11, 12, 0, 14, 15, 16, 17, 18, 19]",468.0,"[13, 1, 2, 3, 4, 5, 6, 7, 8, 9, 10, 11, 12, 0, 14, 15, 16, 17, 18, 19]",468.0,10.533175706863403
"[13, 1, 2, 3, 4, 5, 6, 7, 8, 9, 10, 11, 12, 0, 14, 15, 16, 17, 18, 19]",468.0,"[13, 1, 2, 3, 4, 5, 6, 7, 8, 9, 10, 11, 12, 0, 14, 15, 16, 17, 18, 19]",468.0,10.602176427841187
"[13, 1, 2, 3, 4, 5, 6, 7, 8, 9, 10, 11, 12, 0, 14, 15, 16, 17, 18, 19]",468.0,"[13, 1, 2, 3, 4, 5, 6, 7, 8, 9, 10, 11, 12, 0, 14, 15, 16, 17, 18, 19]",468.0,10.68717622756958
"[13, 1, 2, 3, 4, 5, 6, 7, 8, 9, 10, 11, 12, 0, 14, 15, 16, 17, 18, 19]",468.0,"[13, 1, 2, 3, 4, 5, 6, 7, 8, 9, 10, 11, 12, 0, 14, 15, 16, 17, 18, 19]",468.0,10.75770878791809
"[13, 1, 2, 3, 4, 5, 6, 7, 8, 9, 10, 11, 12, 0, 14, 15, 16, 17, 18, 19]",468.0,"[13, 1, 2, 3, 4, 5, 6, 7, 8, 9, 10, 11, 12, 0, 14, 15, 16, 17, 18, 19]",468.0,10.828180074691772
"[13, 1, 2, 3, 4, 5, 6, 7, 8, 9, 10, 11, 12, 0, 14, 15, 16, 17, 18, 19]",468.0,"[13, 1, 2, 3, 4, 5, 6, 7, 8, 9, 10, 11, 12, 0, 14, 15, 16, 17, 18, 19]",468.0,10.896185636520386
"[13, 1, 2, 3, 4, 5, 6, 7, 8, 9, 10, 11, 12, 0, 14, 15, 16, 17, 18, 19]",468.0,"[13, 1, 2, 3, 4, 5, 6, 7, 8, 9, 10, 11, 12, 0, 14, 15, 16, 17, 18, 19]",468.0,10.957191467285156
"[13, 1, 2, 3, 4, 5, 6, 7, 8, 9, 10, 11, 12, 0, 14, 15, 16, 17, 18, 19]",468.0,"[13, 1, 2, 3, 4, 5, 6, 7, 8, 9, 10, 11, 12, 0, 14, 15, 16, 17, 18, 19]",468.0,11.022181749343872
"[13, 1, 2, 3, 4, 5, 6, 7, 8, 9, 10, 11, 12, 0, 14, 15, 16, 17, 18, 19]",468.0,"[13, 1, 2, 3, 4, 5, 6, 7, 8, 9, 10, 11, 12, 0, 14, 15, 16, 17, 18, 19]",468.0,11.086184978485107
"[13, 1, 2, 3, 4, 5, 6, 7, 8, 9, 10, 11, 12, 0, 14, 15, 16, 17, 18, 19]",468.0,"[13, 1, 2, 3, 4, 5, 6, 7, 8, 9, 10, 11, 12, 0, 14, 15, 16, 17, 18, 19]",468.0,11.147192001342773
"[13, 1, 2, 3, 4, 5, 6, 7, 8, 9, 10, 11, 12, 0, 14, 15, 16, 17, 18, 19]",468.0,"[13, 1, 2, 3, 4, 5, 6, 7, 8, 9, 10, 11, 12, 0, 14, 15, 16, 17, 18, 19]",468.0,11.214329719543457
"[13, 1, 2, 3, 4, 5, 6, 7, 8, 9, 10, 11, 12, 0, 14, 15, 16, 17, 18, 19]",468.0,"[13, 1, 2, 3, 4, 5, 6, 7, 8, 9, 10, 11, 12, 0, 14, 15, 16, 17, 18, 19]",468.0,11.28118634223938
"[13, 1, 2, 3, 4, 5, 6, 7, 8, 9, 10, 11, 12, 0, 14, 15, 16, 17, 18, 19]",468.0,"[13, 1, 2, 3, 4, 5, 6, 7, 8, 9, 10, 11, 12, 0, 14, 15, 16, 17, 18, 19]",468.0,11.345189809799194
"[13, 1, 2, 3, 4, 5, 6, 7, 8, 9, 10, 11, 12, 0, 14, 15, 16, 17, 18, 19]",468.0,"[13, 1, 2, 3, 4, 5, 6, 7, 8, 9, 10, 11, 12, 0, 14, 15, 16, 17, 18, 19]",468.0,11.409188032150269
"[13, 1, 2, 3, 4, 5, 6, 7, 8, 9, 10, 11, 12, 0, 14, 15, 16, 17, 18, 19]",468.0,"[13, 1, 2, 3, 4, 5, 6, 7, 8, 9, 10, 11, 12, 0, 14, 15, 16, 17, 18, 19]",468.0,11.472193002700806
"[13, 1, 2, 3, 4, 5, 6, 7, 8, 9, 10, 11, 12, 0, 14, 15, 16, 17, 18, 19]",468.0,"[13, 1, 2, 3, 4, 5, 6, 7, 8, 9, 10, 11, 12, 0, 14, 15, 16, 17, 18, 19]",468.0,11.53519320487976
"[13, 1, 2, 3, 4, 5, 6, 7, 8, 9, 10, 11, 12, 0, 14, 15, 16, 17, 18, 19]",468.0,"[13, 1, 2, 3, 4, 5, 6, 7, 8, 9, 10, 11, 12, 0, 14, 15, 16, 17, 18, 19]",468.0,11.598199605941772
"[13, 1, 2, 3, 4, 5, 6, 7, 8, 9, 10, 11, 12, 0, 14, 15, 16, 17, 18, 19]",468.0,"[13, 1, 2, 3, 4, 5, 6, 7, 8, 9, 10, 11, 12, 0, 14, 15, 16, 17, 18, 19]",468.0,11.660192728042603
"[13, 1, 2, 3, 4, 5, 6, 7, 8, 9, 10, 11, 12, 0, 14, 15, 16, 17, 18, 19]",468.0,"[13, 1, 2, 3, 4, 5, 6, 7, 8, 9, 10, 11, 12, 0, 14, 15, 16, 17, 18, 19]",468.0,11.723194122314453
"[13, 1, 2, 3, 4, 5, 6, 7, 8, 9, 10, 11, 12, 0, 14, 15, 16, 17, 18, 19]",468.0,"[13, 1, 2, 3, 4, 5, 6, 7, 8, 9, 10, 11, 12, 0, 14, 15, 16, 17, 18, 19]",468.0,11.786193609237671
"[13, 1, 2, 3, 4, 5, 6, 7, 8, 9, 10, 11, 12, 0, 14, 15, 16, 17, 18, 19]",468.0,"[13, 1, 2, 3, 4, 5, 6, 7, 8, 9, 10, 11, 12, 0, 14, 15, 16, 17, 18, 19]",468.0,11.84719467163086
"[13, 1, 2, 3, 4, 5, 6, 7, 8, 9, 10, 11, 12, 0, 14, 15, 16, 17, 18, 19]",468.0,"[13, 1, 2, 3, 4, 5, 6, 7, 8, 9, 10, 11, 12, 0, 14, 15, 16, 17, 18, 19]",468.0,11.913195371627808
"[13, 1, 2, 3, 4, 5, 6, 7, 8, 9, 10, 11, 12, 0, 14, 15, 16, 17, 18, 19]",468.0,"[13, 1, 2, 3, 4, 5, 6, 7, 8, 9, 10, 11, 12, 0, 14, 15, 16, 17, 18, 19]",468.0,11.976199626922607
"[13, 1, 2, 3, 4, 5, 6, 7, 8, 9, 10, 11, 12, 0, 14, 15, 16, 17, 18, 19]",468.0,"[13, 1, 2, 3, 4, 5, 6, 7, 8, 9, 10, 11, 12, 0, 14, 15, 16, 17, 18, 19]",468.0,12.040202140808105
"[13, 1, 2, 3, 4, 5, 6, 7, 8, 9, 10, 11, 12, 0, 14, 15, 16, 17, 18, 19]",468.0,"[13, 1, 2, 3, 4, 5, 6, 7, 8, 9, 10, 11, 12, 0, 14, 15, 16, 17, 18, 19]",468.0,12.104201078414917
"[13, 1, 2, 3, 4, 5, 6, 7, 8, 9, 10, 11, 12, 0, 14, 15, 16, 17, 18, 19]",468.0,"[13, 1, 2, 3, 4, 5, 6, 7, 8, 9, 10, 11, 12, 0, 14, 15, 16, 17, 18, 19]",468.0,12.167200326919556
"[13, 1, 2, 3, 4, 5, 6, 7, 8, 9, 10, 11, 12, 0, 14, 15, 16, 17, 18, 19]",468.0,"[13, 1, 2, 3, 4, 5, 6, 7, 8, 9, 10, 11, 12, 0, 14, 15, 16, 17, 18, 19]",468.0,12.233205318450928
"[13, 1, 2, 3, 4, 5, 6, 7, 8, 9, 10, 11, 12, 0, 14, 15, 16, 17, 18, 19]",468.0,"[13, 1, 2, 3, 4, 5, 6, 7, 8, 9, 10, 11, 12, 0, 14, 15, 16, 17, 18, 19]",468.0,12.29820466041565
"[13, 1, 2, 3, 4, 5, 6, 7, 8, 9, 10, 11, 12, 0, 14, 15, 16, 17, 18, 19]",468.0,"[13, 1, 2, 3, 4, 5, 6, 7, 8, 9, 10, 11, 12, 0, 14, 15, 16, 17, 18, 19]",468.0,12.361212253570557
"[13, 1, 2, 3, 4, 5, 6, 7, 8, 9, 10, 11, 12, 0, 14, 15, 16, 17, 18, 19]",468.0,"[13, 1, 2, 3, 4, 5, 6, 7, 8, 9, 10, 11, 12, 0, 14, 15, 16, 17, 18, 19]",468.0,12.424204111099243
"[13, 1, 2, 3, 4, 5, 6, 7, 8, 9, 10, 11, 12, 0, 14, 15, 16, 17, 18, 19]",468.0,"[13, 1, 2, 3, 4, 5, 6, 7, 8, 9, 10, 11, 12, 0, 14, 15, 16, 17, 18, 19]",468.0,12.489212036132812
"[13, 1, 2, 3, 4, 5, 6, 7, 8, 9, 10, 11, 12, 0, 14, 15, 16, 17, 18, 19]",468.0,"[13, 1, 2, 3, 4, 5, 6, 7, 8, 9, 10, 11, 12, 0, 14, 15, 16, 17, 18, 19]",468.0,12.555208683013916
"[13, 1, 2, 3, 4, 5, 6, 7, 8, 9, 10, 11, 12, 0, 14, 15, 16, 17, 18, 19]",468.0,"[13, 1, 2, 3, 4, 5, 6, 7, 8, 9, 10, 11, 12, 0, 14, 15, 16, 17, 18, 19]",468.0,12.617209672927856
"[13, 1, 2, 3, 4, 5, 6, 7, 8, 9, 10, 11, 12, 0, 14, 15, 16, 17, 18, 19]",468.0,"[13, 1, 2, 3, 4, 5, 6, 7, 8, 9, 10, 11, 12, 0, 14, 15, 16, 17, 18, 19]",468.0,12.681211471557617
"[13, 1, 2, 3, 4, 5, 6, 7, 8, 9, 10, 11, 12, 0, 14, 15, 16, 17, 18, 19]",468.0,"[13, 1, 2, 3, 4, 5, 6, 7, 8, 9, 10, 11, 12, 0, 14, 15, 16, 17, 18, 19]",468.0,12.7442147731781
"[1, 13, 2, 3, 4, 5, 6, 7, 8, 9, 10, 11, 12, 0, 14, 15, 16, 17, 18, 19]",466.5,"[1, 13, 2, 3, 4, 5, 6, 7, 8, 9, 10, 11, 12, 0, 14, 15, 16, 17, 18, 19]",466.5,12.831216096878052
"[1, 13, 2, 3, 4, 5, 6, 7, 8, 9, 10, 11, 12, 0, 14, 15, 16, 17, 18, 19]",466.5,"[1, 13, 2, 3, 4, 5, 6, 7, 8, 9, 10, 11, 12, 0, 14, 15, 16, 17, 18, 19]",466.5,12.895233631134033
"[1, 13, 2, 3, 4, 5, 6, 7, 8, 9, 10, 11, 12, 0, 14, 15, 16, 17, 18, 19]",466.5,"[1, 13, 2, 3, 4, 5, 6, 7, 8, 9, 10, 11, 12, 0, 14, 15, 16, 17, 18, 19]",466.5,12.957213163375854
