Sequence,Fitness,Best_sequence,Best_fitness,Time
"[12, 4, 18, 0, 9, 5, 3, 10, 1, 17, 7, 16, 14, 2, 11, 6, 19, 13, 15, 8]",779.5,"[12, 4, 18, 0, 9, 5, 3, 10, 1, 17, 7, 16, 14, 2, 11, 6, 19, 13, 15, 8]",779.5,0.0
"[12, 4, 18, 0, 9, 5, 3, 10, 1, 17, 7, 16, 14, 2, 11, 6, 19, 13, 15, 8]",779.5,"[12, 4, 18, 0, 9, 5, 3, 10, 1, 17, 7, 16, 14, 2, 11, 6, 19, 13, 15, 8]",779.5,0.06199479103088379
"[12, 4, 18, 0, 9, 5, 3, 10, 1, 17, 7, 16, 14, 2, 11, 6, 19, 13, 15, 8]",779.5,"[12, 4, 18, 0, 9, 5, 3, 10, 1, 17, 7, 16, 14, 2, 11, 6, 19, 13, 15, 8]",779.5,0.12699651718139648
"[12, 4, 18, 0, 9, 5, 3, 10, 1, 17, 7, 16, 14, 2, 11, 6, 19, 13, 15, 8]",779.5,"[12, 4, 18, 0, 9, 5, 3, 10, 1, 17, 7, 16, 14, 2, 11, 6, 19, 13, 15, 8]",779.5,0.19199848175048828
"[12, 4, 18, 0, 7, 5, 3, 10, 1, 17, 9, 16, 14, 2, 11, 6, 19, 13, 15, 8]",777.0,"[12, 4, 18, 0, 7, 5, 3, 10, 1, 17, 9, 16, 14, 2, 11, 6, 19, 13, 15, 8]",777.0,0.25800037384033203
"[12, 4, 18, 0, 7, 5, 3, 10, 1, 17, 9, 16, 14, 2, 11, 6, 19, 13, 15, 8]",777.0,"[12, 4, 18, 0, 7, 5, 3, 10, 1, 17, 9, 16, 14, 2, 11, 6, 19, 13, 15, 8]",777.0,0.3260016441345215
"[12, 4, 18, 0, 7, 5, 3, 10, 1, 17, 9, 16, 14, 2, 11, 6, 19, 13, 15, 8]",777.0,"[12, 4, 18, 0, 7, 5, 3, 10, 1, 17, 9, 16, 14, 2, 11, 6, 19, 13, 15, 8]",777.0,0.3920156955718994
"[12, 9, 18, 0, 7, 5, 3, 10, 1, 17, 4, 16, 14, 2, 11, 6, 19, 13, 15, 8]",773.5,"[12, 9, 18, 0, 7, 5, 3, 10, 1, 17, 4, 16, 14, 2, 11, 6, 19, 13, 15, 8]",773.5,0.4549987316131592
"[12, 9, 18, 5, 7, 0, 3, 10, 1, 17, 4, 16, 14, 2, 11, 6, 19, 13, 15, 8]",767.5,"[12, 9, 18, 5, 7, 0, 3, 10, 1, 17, 4, 16, 14, 2, 11, 6, 19, 13, 15, 8]",767.5,0.5170001983642578
"[12, 9, 18, 5, 11, 0, 3, 10, 1, 17, 4, 16, 14, 2, 7, 6, 19, 13, 15, 8]",763.0,"[12, 9, 18, 5, 11, 0, 3, 10, 1, 17, 4, 16, 14, 2, 7, 6, 19, 13, 15, 8]",763.0,0.5780060291290283
"[12, 9, 18, 5, 11, 0, 3, 10, 1, 17, 4, 16, 14, 2, 7, 6, 19, 13, 15, 8]",763.0,"[12, 9, 18, 5, 11, 0, 3, 10, 1, 17, 4, 16, 14, 2, 7, 6, 19, 13, 15, 8]",763.0,0.6380043029785156
"[12, 9, 18, 5, 11, 0, 3, 10, 1, 17, 4, 16, 14, 2, 7, 6, 19, 13, 15, 8]",763.0,"[12, 9, 18, 5, 11, 0, 3, 10, 1, 17, 4, 16, 14, 2, 7, 6, 19, 13, 15, 8]",763.0,0.7000079154968262
"[12, 9, 18, 5, 11, 0, 3, 10, 1, 17, 4, 16, 14, 2, 7, 6, 19, 13, 15, 8]",763.0,"[12, 9, 18, 5, 11, 0, 3, 10, 1, 17, 4, 16, 14, 2, 7, 6, 19, 13, 15, 8]",763.0,0.7670049667358398
"[12, 9, 18, 5, 15, 0, 3, 10, 1, 17, 4, 16, 14, 2, 7, 6, 19, 13, 11, 8]",746.5,"[12, 9, 18, 5, 15, 0, 3, 10, 1, 17, 4, 16, 14, 2, 7, 6, 19, 13, 11, 8]",746.5,0.8330032825469971
"[12, 9, 18, 5, 15, 0, 3, 10, 1, 17, 4, 16, 14, 2, 7, 6, 19, 13, 11, 8]",746.5,"[12, 9, 18, 5, 15, 0, 3, 10, 1, 17, 4, 16, 14, 2, 7, 6, 19, 13, 11, 8]",746.5,0.9020013809204102
"[12, 9, 18, 5, 15, 0, 3, 10, 1, 17, 4, 16, 14, 2, 7, 6, 19, 13, 11, 8]",746.5,"[12, 9, 18, 5, 15, 0, 3, 10, 1, 17, 4, 16, 14, 2, 7, 6, 19, 13, 11, 8]",746.5,0.9690046310424805
"[12, 9, 18, 5, 15, 0, 3, 10, 11, 17, 4, 16, 14, 2, 7, 6, 19, 13, 1, 8]",742.0,"[12, 9, 18, 5, 15, 0, 3, 10, 11, 17, 4, 16, 14, 2, 7, 6, 19, 13, 1, 8]",742.0,1.0360078811645508
"[12, 9, 18, 5, 15, 0, 3, 10, 11, 17, 4, 16, 14, 2, 7, 6, 19, 13, 1, 8]",742.0,"[12, 9, 18, 5, 15, 0, 3, 10, 11, 17, 4, 16, 14, 2, 7, 6, 19, 13, 1, 8]",742.0,1.1000123023986816
"[12, 9, 18, 5, 15, 0, 3, 10, 11, 17, 4, 16, 14, 2, 7, 6, 19, 13, 1, 8]",742.0,"[12, 9, 18, 5, 15, 0, 3, 10, 11, 17, 4, 16, 14, 2, 7, 6, 19, 13, 1, 8]",742.0,1.1660053730010986
"[12, 9, 18, 5, 15, 0, 3, 10, 11, 17, 4, 16, 14, 2, 7, 6, 19, 13, 1, 8]",742.0,"[12, 9, 18, 5, 15, 0, 3, 10, 11, 17, 4, 16, 14, 2, 7, 6, 19, 13, 1, 8]",742.0,1.2300074100494385
"[12, 9, 18, 5, 15, 0, 3, 10, 11, 17, 4, 16, 14, 2, 7, 6, 19, 13, 1, 8]",742.0,"[12, 9, 18, 5, 15, 0, 3, 10, 11, 17, 4, 16, 14, 2, 7, 6, 19, 13, 1, 8]",742.0,1.297013282775879
"[12, 9, 18, 5, 15, 0, 3, 10, 11, 17, 4, 16, 14, 2, 7, 6, 19, 13, 1, 8]",742.0,"[12, 9, 18, 5, 15, 0, 3, 10, 11, 17, 4, 16, 14, 2, 7, 6, 19, 13, 1, 8]",742.0,1.362006664276123
"[16, 9, 18, 5, 15, 0, 3, 10, 11, 17, 4, 12, 14, 2, 7, 6, 19, 13, 1, 8]",741.5,"[16, 9, 18, 5, 15, 0, 3, 10, 11, 17, 4, 12, 14, 2, 7, 6, 19, 13, 1, 8]",741.5,1.4330058097839355
"[16, 9, 18, 5, 15, 0, 3, 10, 11, 17, 4, 12, 14, 2, 7, 6, 19, 13, 1, 8]",741.5,"[16, 9, 18, 5, 15, 0, 3, 10, 11, 17, 4, 12, 14, 2, 7, 6, 19, 13, 1, 8]",741.5,1.5010061264038086
"[16, 9, 18, 5, 15, 0, 3, 10, 14, 17, 4, 12, 11, 2, 7, 6, 19, 13, 1, 8]",740.5,"[16, 9, 18, 5, 15, 0, 3, 10, 14, 17, 4, 12, 11, 2, 7, 6, 19, 13, 1, 8]",740.5,1.5690066814422607
"[16, 9, 18, 5, 15, 0, 3, 10, 14, 17, 4, 12, 11, 2, 7, 6, 19, 13, 1, 8]",740.5,"[16, 9, 18, 5, 15, 0, 3, 10, 14, 17, 4, 12, 11, 2, 7, 6, 19, 13, 1, 8]",740.5,1.6480143070220947
"[16, 9, 18, 5, 15, 0, 3, 10, 14, 17, 4, 12, 11, 2, 7, 6, 19, 13, 1, 8]",740.5,"[16, 9, 18, 5, 15, 0, 3, 10, 14, 17, 4, 12, 11, 2, 7, 6, 19, 13, 1, 8]",740.5,1.7440128326416016
"[16, 9, 18, 5, 15, 0, 3, 10, 14, 17, 4, 12, 11, 2, 7, 6, 19, 13, 1, 8]",740.5,"[16, 9, 18, 5, 15, 0, 3, 10, 14, 17, 4, 12, 11, 2, 7, 6, 19, 13, 1, 8]",740.5,1.8090131282806396
"[16, 9, 18, 5, 15, 0, 3, 10, 14, 17, 4, 12, 11, 2, 7, 6, 19, 13, 1, 8]",740.5,"[16, 9, 18, 5, 15, 0, 3, 10, 14, 17, 4, 12, 11, 2, 7, 6, 19, 13, 1, 8]",740.5,1.8770112991333008
"[16, 9, 18, 5, 15, 0, 3, 10, 14, 17, 4, 12, 11, 2, 7, 6, 19, 13, 1, 8]",740.5,"[16, 9, 18, 5, 15, 0, 3, 10, 14, 17, 4, 12, 11, 2, 7, 6, 19, 13, 1, 8]",740.5,1.9400174617767334
"[16, 9, 18, 5, 14, 0, 3, 10, 15, 17, 4, 12, 11, 2, 7, 6, 19, 13, 1, 8]",739.5,"[16, 9, 18, 5, 14, 0, 3, 10, 15, 17, 4, 12, 11, 2, 7, 6, 19, 13, 1, 8]",739.5,2.0030202865600586
"[16, 9, 18, 5, 14, 0, 3, 10, 15, 17, 4, 12, 11, 2, 7, 6, 19, 13, 1, 8]",739.5,"[16, 9, 18, 5, 14, 0, 3, 10, 15, 17, 4, 12, 11, 2, 7, 6, 19, 13, 1, 8]",739.5,2.0690174102783203
"[16, 9, 18, 5, 14, 0, 3, 10, 15, 17, 4, 12, 11, 2, 7, 6, 19, 13, 1, 8]",739.5,"[16, 9, 18, 5, 14, 0, 3, 10, 15, 17, 4, 12, 11, 2, 7, 6, 19, 13, 1, 8]",739.5,2.1320178508758545
"[16, 9, 18, 5, 14, 0, 3, 10, 15, 17, 4, 12, 11, 2, 7, 6, 19, 13, 1, 8]",739.5,"[16, 9, 18, 5, 14, 0, 3, 10, 15, 17, 4, 12, 11, 2, 7, 6, 19, 13, 1, 8]",739.5,2.196016311645508
"[16, 9, 18, 5, 14, 0, 3, 10, 15, 17, 4, 12, 11, 2, 7, 6, 19, 13, 1, 8]",739.5,"[16, 9, 18, 5, 14, 0, 3, 10, 15, 17, 4, 12, 11, 2, 7, 6, 19, 13, 1, 8]",739.5,2.2620201110839844
"[16, 9, 18, 5, 14, 0, 3, 10, 15, 17, 4, 12, 11, 2, 7, 6, 19, 13, 1, 8]",739.5,"[16, 9, 18, 5, 14, 0, 3, 10, 15, 17, 4, 12, 11, 2, 7, 6, 19, 13, 1, 8]",739.5,2.3620283603668213
"[19, 9, 18, 5, 14, 0, 3, 10, 15, 17, 4, 12, 11, 2, 7, 6, 16, 13, 1, 8]",735.5,"[19, 9, 18, 5, 14, 0, 3, 10, 15, 17, 4, 12, 11, 2, 7, 6, 16, 13, 1, 8]",735.5,2.4280316829681396
"[19, 9, 18, 5, 14, 0, 3, 10, 15, 17, 4, 12, 11, 2, 7, 6, 16, 13, 1, 8]",735.5,"[19, 9, 18, 5, 14, 0, 3, 10, 15, 17, 4, 12, 11, 2, 7, 6, 16, 13, 1, 8]",735.5,2.4940178394317627
"[19, 9, 18, 5, 14, 0, 15, 10, 3, 17, 4, 12, 11, 2, 7, 6, 16, 13, 1, 8]",734.0,"[19, 9, 18, 5, 14, 0, 15, 10, 3, 17, 4, 12, 11, 2, 7, 6, 16, 13, 1, 8]",734.0,2.560025215148926
"[19, 9, 18, 5, 14, 0, 15, 10, 3, 17, 4, 12, 11, 2, 7, 6, 16, 13, 1, 8]",734.0,"[19, 9, 18, 5, 14, 0, 15, 10, 3, 17, 4, 12, 11, 2, 7, 6, 16, 13, 1, 8]",734.0,2.626034736633301
"[19, 9, 18, 5, 14, 0, 15, 10, 3, 17, 4, 12, 11, 2, 7, 6, 16, 13, 1, 8]",734.0,"[19, 9, 18, 5, 14, 0, 15, 10, 3, 17, 4, 12, 11, 2, 7, 6, 16, 13, 1, 8]",734.0,2.691023588180542
"[19, 9, 18, 5, 14, 0, 15, 10, 3, 17, 4, 12, 11, 2, 7, 6, 16, 13, 1, 8]",734.0,"[19, 9, 18, 5, 14, 0, 15, 10, 3, 17, 4, 12, 11, 2, 7, 6, 16, 13, 1, 8]",734.0,2.755030632019043
"[19, 9, 18, 5, 14, 0, 15, 10, 3, 17, 4, 12, 11, 2, 7, 6, 16, 13, 1, 8]",734.0,"[19, 9, 18, 5, 14, 0, 15, 10, 3, 17, 4, 12, 11, 2, 7, 6, 16, 13, 1, 8]",734.0,2.8230230808258057
"[19, 9, 18, 5, 14, 0, 15, 10, 3, 17, 4, 12, 11, 2, 7, 6, 16, 13, 1, 8]",734.0,"[19, 9, 18, 5, 14, 0, 15, 10, 3, 17, 4, 12, 11, 2, 7, 6, 16, 13, 1, 8]",734.0,2.889024019241333
"[19, 9, 18, 5, 14, 0, 15, 10, 3, 17, 4, 12, 11, 2, 7, 6, 16, 13, 1, 8]",734.0,"[19, 9, 18, 5, 14, 0, 15, 10, 3, 17, 4, 12, 11, 2, 7, 6, 16, 13, 1, 8]",734.0,2.9570224285125732
"[19, 9, 18, 5, 14, 0, 15, 10, 3, 17, 4, 12, 11, 2, 7, 6, 16, 13, 1, 8]",734.0,"[19, 9, 18, 5, 14, 0, 15, 10, 3, 17, 4, 12, 11, 2, 7, 6, 16, 13, 1, 8]",734.0,3.023022413253784
"[19, 9, 18, 5, 14, 0, 15, 10, 3, 17, 4, 12, 11, 2, 7, 6, 16, 13, 1, 8]",734.0,"[19, 9, 18, 5, 14, 0, 15, 10, 3, 17, 4, 12, 11, 2, 7, 6, 16, 13, 1, 8]",734.0,3.0900230407714844
"[19, 9, 18, 5, 14, 0, 15, 10, 3, 17, 4, 12, 11, 2, 7, 6, 16, 13, 1, 8]",734.0,"[19, 9, 18, 5, 14, 0, 15, 10, 3, 17, 4, 12, 11, 2, 7, 6, 16, 13, 1, 8]",734.0,3.1570358276367188
"[19, 9, 18, 5, 14, 0, 15, 10, 3, 17, 4, 12, 11, 2, 7, 6, 16, 13, 1, 8]",734.0,"[19, 9, 18, 5, 14, 0, 15, 10, 3, 17, 4, 12, 11, 2, 7, 6, 16, 13, 1, 8]",734.0,3.224025249481201
"[19, 1, 18, 5, 14, 0, 15, 10, 3, 17, 4, 12, 11, 2, 7, 6, 16, 13, 9, 8]",729.0,"[19, 1, 18, 5, 14, 0, 15, 10, 3, 17, 4, 12, 11, 2, 7, 6, 16, 13, 9, 8]",729.0,3.2900259494781494
"[19, 1, 18, 5, 14, 0, 15, 10, 3, 17, 4, 12, 11, 2, 7, 6, 16, 13, 9, 8]",729.0,"[19, 1, 18, 5, 14, 0, 15, 10, 3, 17, 4, 12, 11, 2, 7, 6, 16, 13, 9, 8]",729.0,3.3570287227630615
"[19, 1, 18, 5, 14, 0, 15, 10, 3, 17, 4, 12, 11, 2, 7, 6, 16, 13, 9, 8]",729.0,"[19, 1, 18, 5, 14, 0, 15, 10, 3, 17, 4, 12, 11, 2, 7, 6, 16, 13, 9, 8]",729.0,3.421055555343628
"[19, 1, 18, 5, 14, 0, 15, 10, 3, 17, 4, 12, 11, 2, 7, 6, 16, 13, 9, 8]",729.0,"[19, 1, 18, 5, 14, 0, 15, 10, 3, 17, 4, 12, 11, 2, 7, 6, 16, 13, 9, 8]",729.0,3.4870293140411377
"[19, 1, 18, 5, 14, 0, 15, 10, 3, 17, 4, 12, 11, 2, 7, 6, 16, 13, 9, 8]",729.0,"[19, 1, 18, 5, 14, 0, 15, 10, 3, 17, 4, 12, 11, 2, 7, 6, 16, 13, 9, 8]",729.0,3.5520308017730713
"[19, 1, 18, 5, 14, 0, 15, 10, 3, 12, 4, 17, 11, 2, 7, 6, 16, 13, 9, 8]",727.0,"[19, 1, 18, 5, 14, 0, 15, 10, 3, 12, 4, 17, 11, 2, 7, 6, 16, 13, 9, 8]",727.0,3.6170363426208496
"[19, 1, 18, 5, 14, 0, 15, 10, 3, 12, 4, 17, 11, 2, 7, 6, 16, 13, 9, 8]",727.0,"[19, 1, 18, 5, 14, 0, 15, 10, 3, 12, 4, 17, 11, 2, 7, 6, 16, 13, 9, 8]",727.0,3.684030055999756
"[19, 1, 18, 5, 14, 0, 15, 10, 3, 12, 4, 17, 11, 2, 7, 6, 16, 13, 9, 8]",727.0,"[19, 1, 18, 5, 14, 0, 15, 10, 3, 12, 4, 17, 11, 2, 7, 6, 16, 13, 9, 8]",727.0,3.7480320930480957
"[19, 1, 18, 5, 14, 0, 15, 10, 3, 12, 4, 17, 11, 2, 7, 6, 16, 13, 9, 8]",727.0,"[19, 1, 18, 5, 14, 0, 15, 10, 3, 12, 4, 17, 11, 2, 7, 6, 16, 13, 9, 8]",727.0,3.8150382041931152
"[19, 1, 18, 5, 14, 0, 15, 10, 3, 12, 13, 17, 11, 2, 7, 6, 16, 4, 9, 8]",711.5,"[19, 1, 18, 5, 14, 0, 15, 10, 3, 12, 13, 17, 11, 2, 7, 6, 16, 4, 9, 8]",711.5,3.883030652999878
"[19, 1, 18, 5, 14, 0, 15, 10, 3, 12, 13, 17, 11, 2, 7, 6, 16, 4, 9, 8]",711.5,"[19, 1, 18, 5, 14, 0, 15, 10, 3, 12, 13, 17, 11, 2, 7, 6, 16, 4, 9, 8]",711.5,3.956035614013672
"[19, 1, 18, 5, 14, 0, 15, 10, 3, 12, 13, 17, 11, 2, 7, 6, 16, 4, 9, 8]",711.5,"[19, 1, 18, 5, 14, 0, 15, 10, 3, 12, 13, 17, 11, 2, 7, 6, 16, 4, 9, 8]",711.5,4.0240325927734375
"[19, 1, 18, 5, 14, 0, 15, 10, 3, 12, 13, 17, 11, 2, 7, 6, 16, 4, 9, 8]",711.5,"[19, 1, 18, 5, 14, 0, 15, 10, 3, 12, 13, 17, 11, 2, 7, 6, 16, 4, 9, 8]",711.5,4.0917932987213135
"[19, 1, 18, 5, 14, 0, 15, 10, 3, 12, 13, 17, 11, 2, 7, 6, 16, 4, 9, 8]",711.5,"[19, 1, 18, 5, 14, 0, 15, 10, 3, 12, 13, 17, 11, 2, 7, 6, 16, 4, 9, 8]",711.5,4.167477130889893
"[19, 1, 18, 5, 14, 0, 15, 10, 3, 12, 13, 17, 11, 2, 7, 6, 16, 4, 9, 8]",711.5,"[19, 1, 18, 5, 14, 0, 15, 10, 3, 12, 13, 17, 11, 2, 7, 6, 16, 4, 9, 8]",711.5,4.236496925354004
"[19, 1, 18, 5, 14, 0, 15, 10, 3, 12, 13, 17, 11, 2, 7, 6, 16, 4, 9, 8]",711.5,"[19, 1, 18, 5, 14, 0, 15, 10, 3, 12, 13, 17, 11, 2, 7, 6, 16, 4, 9, 8]",711.5,4.306474447250366
"[19, 1, 18, 5, 14, 0, 15, 10, 3, 6, 13, 17, 11, 2, 7, 12, 16, 4, 9, 8]",707.5,"[19, 1, 18, 5, 14, 0, 15, 10, 3, 6, 13, 17, 11, 2, 7, 12, 16, 4, 9, 8]",707.5,4.3744797706604
"[19, 1, 18, 5, 14, 0, 15, 10, 3, 6, 13, 17, 11, 2, 7, 12, 16, 4, 9, 8]",707.5,"[19, 1, 18, 5, 14, 0, 15, 10, 3, 6, 13, 17, 11, 2, 7, 12, 16, 4, 9, 8]",707.5,4.447481870651245
"[19, 1, 18, 5, 14, 0, 15, 10, 3, 6, 13, 17, 11, 2, 7, 12, 16, 4, 9, 8]",707.5,"[19, 1, 18, 5, 14, 0, 15, 10, 3, 6, 13, 17, 11, 2, 7, 12, 16, 4, 9, 8]",707.5,4.515478849411011
"[19, 1, 18, 5, 14, 0, 15, 10, 3, 6, 13, 17, 11, 2, 7, 12, 16, 4, 9, 8]",707.5,"[19, 1, 18, 5, 14, 0, 15, 10, 3, 6, 13, 17, 11, 2, 7, 12, 16, 4, 9, 8]",707.5,4.5874786376953125
"[19, 1, 18, 5, 8, 0, 15, 10, 3, 6, 13, 17, 11, 2, 7, 12, 16, 4, 9, 14]",706.5,"[19, 1, 18, 5, 8, 0, 15, 10, 3, 6, 13, 17, 11, 2, 7, 12, 16, 4, 9, 14]",706.5,4.656480073928833
"[19, 1, 18, 5, 8, 0, 15, 10, 3, 6, 13, 17, 11, 2, 7, 12, 16, 4, 9, 14]",706.5,"[19, 1, 18, 5, 8, 0, 15, 10, 3, 6, 13, 17, 11, 2, 7, 12, 16, 4, 9, 14]",706.5,4.731483459472656
"[19, 1, 18, 5, 8, 0, 15, 10, 3, 6, 13, 17, 11, 2, 7, 12, 16, 4, 9, 14]",706.5,"[19, 1, 18, 5, 8, 0, 15, 10, 3, 6, 13, 17, 11, 2, 7, 12, 16, 4, 9, 14]",706.5,4.810216903686523
"[19, 1, 18, 5, 8, 0, 15, 10, 3, 6, 13, 17, 11, 2, 7, 12, 16, 4, 9, 14]",706.5,"[19, 1, 18, 5, 8, 0, 15, 10, 3, 6, 13, 17, 11, 2, 7, 12, 16, 4, 9, 14]",706.5,4.876214981079102
"[19, 1, 18, 5, 8, 0, 15, 10, 3, 6, 13, 17, 11, 2, 7, 12, 16, 4, 9, 14]",706.5,"[19, 1, 18, 5, 8, 0, 15, 10, 3, 6, 13, 17, 11, 2, 7, 12, 16, 4, 9, 14]",706.5,4.948211669921875
"[19, 1, 18, 5, 8, 0, 15, 10, 3, 6, 13, 17, 11, 2, 7, 12, 16, 4, 9, 14]",706.5,"[19, 1, 18, 5, 8, 0, 15, 10, 3, 6, 13, 17, 11, 2, 7, 12, 16, 4, 9, 14]",706.5,5.01821231842041
"[19, 1, 18, 5, 8, 0, 15, 10, 3, 6, 13, 17, 11, 2, 7, 12, 16, 4, 9, 14]",706.5,"[19, 1, 18, 5, 8, 0, 15, 10, 3, 6, 13, 17, 11, 2, 7, 12, 16, 4, 9, 14]",706.5,5.086210489273071
"[19, 1, 18, 5, 8, 0, 3, 10, 15, 6, 13, 17, 11, 2, 7, 12, 16, 4, 9, 14]",706.0,"[19, 1, 18, 5, 8, 0, 3, 10, 15, 6, 13, 17, 11, 2, 7, 12, 16, 4, 9, 14]",706.0,5.1532158851623535
"[19, 1, 18, 5, 8, 0, 3, 10, 15, 6, 13, 17, 11, 2, 7, 12, 16, 4, 9, 14]",706.0,"[19, 1, 18, 5, 8, 0, 3, 10, 15, 6, 13, 17, 11, 2, 7, 12, 16, 4, 9, 14]",706.0,5.220224380493164
"[19, 1, 18, 5, 8, 0, 3, 10, 15, 6, 13, 17, 11, 2, 7, 12, 16, 4, 9, 14]",706.0,"[19, 1, 18, 5, 8, 0, 3, 10, 15, 6, 13, 17, 11, 2, 7, 12, 16, 4, 9, 14]",706.0,5.288214921951294
"[19, 1, 18, 5, 8, 0, 3, 10, 15, 6, 13, 17, 11, 2, 7, 12, 16, 4, 9, 14]",706.0,"[19, 1, 18, 5, 8, 0, 3, 10, 15, 6, 13, 17, 11, 2, 7, 12, 16, 4, 9, 14]",706.0,5.354217529296875
"[19, 1, 18, 5, 8, 0, 3, 10, 15, 6, 13, 17, 11, 2, 7, 12, 16, 4, 9, 14]",706.0,"[19, 1, 18, 5, 8, 0, 3, 10, 15, 6, 13, 17, 11, 2, 7, 12, 16, 4, 9, 14]",706.0,5.424219608306885
"[19, 1, 0, 5, 8, 18, 3, 10, 15, 6, 13, 17, 11, 2, 7, 12, 16, 4, 9, 14]",704.5,"[19, 1, 0, 5, 8, 18, 3, 10, 15, 6, 13, 17, 11, 2, 7, 12, 16, 4, 9, 14]",704.5,5.4892144203186035
"[19, 1, 0, 5, 8, 18, 3, 10, 15, 6, 13, 17, 11, 2, 7, 12, 16, 4, 9, 14]",704.5,"[19, 1, 0, 5, 8, 18, 3, 10, 15, 6, 13, 17, 11, 2, 7, 12, 16, 4, 9, 14]",704.5,5.557219743728638
"[19, 1, 0, 5, 8, 18, 3, 10, 15, 6, 13, 17, 11, 2, 7, 12, 16, 4, 9, 14]",704.5,"[19, 1, 0, 5, 8, 18, 3, 10, 15, 6, 13, 17, 11, 2, 7, 12, 16, 4, 9, 14]",704.5,5.622229814529419
"[19, 1, 0, 5, 8, 18, 3, 10, 15, 6, 13, 17, 11, 2, 7, 12, 16, 4, 9, 14]",704.5,"[19, 1, 0, 5, 8, 18, 3, 10, 15, 6, 13, 17, 11, 2, 7, 12, 16, 4, 9, 14]",704.5,5.6922197341918945
"[19, 1, 0, 5, 8, 18, 3, 10, 15, 6, 13, 17, 11, 2, 7, 12, 16, 4, 9, 14]",704.5,"[19, 1, 0, 5, 8, 18, 3, 10, 15, 6, 13, 17, 11, 2, 7, 12, 16, 4, 9, 14]",704.5,5.764217138290405
"[19, 1, 0, 5, 8, 16, 3, 10, 15, 6, 13, 17, 11, 2, 7, 12, 18, 4, 9, 14]",704.0,"[19, 1, 0, 5, 8, 16, 3, 10, 15, 6, 13, 17, 11, 2, 7, 12, 18, 4, 9, 14]",704.0,5.838221073150635
"[19, 1, 0, 5, 8, 16, 3, 10, 15, 6, 13, 17, 11, 2, 7, 12, 18, 4, 9, 14]",704.0,"[19, 1, 0, 5, 8, 16, 3, 10, 15, 6, 13, 17, 11, 2, 7, 12, 18, 4, 9, 14]",704.0,5.911224126815796
"[19, 1, 0, 5, 8, 16, 3, 10, 15, 6, 13, 17, 11, 2, 7, 12, 18, 4, 9, 14]",704.0,"[19, 1, 0, 5, 8, 16, 3, 10, 15, 6, 13, 17, 11, 2, 7, 12, 18, 4, 9, 14]",704.0,5.981223106384277
"[19, 1, 0, 5, 8, 16, 3, 10, 15, 6, 13, 17, 11, 2, 7, 12, 18, 4, 9, 14]",704.0,"[19, 1, 0, 5, 8, 16, 3, 10, 15, 6, 13, 17, 11, 2, 7, 12, 18, 4, 9, 14]",704.0,6.053219318389893
"[19, 1, 0, 5, 8, 16, 3, 10, 15, 6, 13, 17, 11, 2, 7, 12, 18, 4, 9, 14]",704.0,"[19, 1, 0, 5, 8, 16, 3, 10, 15, 6, 13, 17, 11, 2, 7, 12, 18, 4, 9, 14]",704.0,6.128220319747925
"[19, 1, 0, 5, 8, 16, 3, 10, 15, 6, 13, 17, 11, 2, 7, 12, 18, 4, 9, 14]",704.0,"[19, 1, 0, 5, 8, 16, 3, 10, 15, 6, 13, 17, 11, 2, 7, 12, 18, 4, 9, 14]",704.0,6.200220823287964
"[19, 1, 0, 5, 8, 16, 3, 10, 15, 6, 13, 17, 11, 2, 7, 12, 18, 4, 9, 14]",704.0,"[19, 1, 0, 5, 8, 16, 3, 10, 15, 6, 13, 17, 11, 2, 7, 12, 18, 4, 9, 14]",704.0,6.277221441268921
"[19, 1, 0, 5, 8, 16, 3, 10, 15, 6, 13, 17, 11, 2, 7, 12, 18, 4, 9, 14]",704.0,"[19, 1, 0, 5, 8, 16, 3, 10, 15, 6, 13, 17, 11, 2, 7, 12, 18, 4, 9, 14]",704.0,6.347222328186035
"[19, 1, 0, 5, 8, 16, 3, 10, 15, 6, 13, 17, 11, 2, 7, 12, 18, 4, 9, 14]",704.0,"[19, 1, 0, 5, 8, 16, 3, 10, 15, 6, 13, 17, 11, 2, 7, 12, 18, 4, 9, 14]",704.0,6.421223163604736
"[19, 1, 0, 5, 8, 16, 3, 10, 15, 6, 13, 17, 11, 2, 7, 12, 18, 4, 9, 14]",704.0,"[19, 1, 0, 5, 8, 16, 3, 10, 15, 6, 13, 17, 11, 2, 7, 12, 18, 4, 9, 14]",704.0,6.492223024368286
"[19, 1, 0, 5, 8, 16, 3, 10, 15, 6, 13, 17, 11, 2, 7, 12, 18, 4, 9, 14]",704.0,"[19, 1, 0, 5, 8, 16, 3, 10, 15, 6, 13, 17, 11, 2, 7, 12, 18, 4, 9, 14]",704.0,6.561225175857544
"[19, 1, 0, 5, 8, 16, 3, 10, 15, 6, 13, 17, 11, 2, 7, 12, 18, 4, 9, 14]",704.0,"[19, 1, 0, 5, 8, 16, 3, 10, 15, 6, 13, 17, 11, 2, 7, 12, 18, 4, 9, 14]",704.0,6.630224943161011
"[19, 1, 0, 5, 8, 16, 3, 10, 15, 6, 13, 17, 11, 2, 7, 12, 18, 4, 9, 14]",704.0,"[19, 1, 0, 5, 8, 16, 3, 10, 15, 6, 13, 17, 11, 2, 7, 12, 18, 4, 9, 14]",704.0,6.704225301742554
"[19, 1, 0, 5, 8, 16, 3, 10, 15, 6, 13, 17, 11, 2, 7, 12, 18, 4, 9, 14]",704.0,"[19, 1, 0, 5, 8, 16, 3, 10, 15, 6, 13, 17, 11, 2, 7, 12, 18, 4, 9, 14]",704.0,6.773234844207764
"[19, 1, 0, 5, 8, 16, 3, 10, 15, 6, 13, 17, 11, 2, 7, 12, 18, 4, 9, 14]",704.0,"[19, 1, 0, 5, 8, 16, 3, 10, 15, 6, 13, 17, 11, 2, 7, 12, 18, 4, 9, 14]",704.0,6.844233512878418
"[19, 1, 0, 5, 8, 16, 3, 10, 15, 6, 13, 17, 11, 2, 7, 12, 18, 4, 9, 14]",704.0,"[19, 1, 0, 5, 8, 16, 3, 10, 15, 6, 13, 17, 11, 2, 7, 12, 18, 4, 9, 14]",704.0,6.92022967338562
"[19, 1, 0, 5, 8, 16, 3, 10, 15, 6, 13, 17, 11, 2, 7, 12, 18, 4, 9, 14]",704.0,"[19, 1, 0, 5, 8, 16, 3, 10, 15, 6, 13, 17, 11, 2, 7, 12, 18, 4, 9, 14]",704.0,7.00122857093811
"[19, 1, 0, 5, 8, 16, 3, 10, 15, 6, 13, 17, 11, 2, 7, 12, 18, 4, 9, 14]",704.0,"[19, 1, 0, 5, 8, 16, 3, 10, 15, 6, 13, 17, 11, 2, 7, 12, 18, 4, 9, 14]",704.0,7.06822943687439
"[19, 1, 0, 5, 8, 16, 3, 10, 15, 6, 13, 17, 11, 2, 7, 12, 18, 4, 9, 14]",704.0,"[19, 1, 0, 5, 8, 16, 3, 10, 15, 6, 13, 17, 11, 2, 7, 12, 18, 4, 9, 14]",704.0,7.1402342319488525
"[19, 1, 0, 5, 2, 16, 3, 10, 15, 6, 13, 17, 11, 8, 7, 12, 18, 4, 9, 14]",702.0,"[19, 1, 0, 5, 2, 16, 3, 10, 15, 6, 13, 17, 11, 8, 7, 12, 18, 4, 9, 14]",702.0,7.212231874465942
"[19, 1, 0, 5, 2, 16, 3, 10, 15, 6, 13, 17, 11, 8, 7, 12, 18, 4, 9, 14]",702.0,"[19, 1, 0, 5, 2, 16, 3, 10, 15, 6, 13, 17, 11, 8, 7, 12, 18, 4, 9, 14]",702.0,7.283233880996704
"[19, 1, 0, 5, 2, 16, 3, 10, 15, 6, 13, 17, 11, 8, 7, 12, 18, 4, 9, 14]",702.0,"[19, 1, 0, 5, 2, 16, 3, 10, 15, 6, 13, 17, 11, 8, 7, 12, 18, 4, 9, 14]",702.0,7.356234788894653
"[19, 1, 0, 5, 2, 16, 3, 10, 15, 6, 13, 17, 11, 8, 7, 12, 18, 4, 9, 14]",702.0,"[19, 1, 0, 5, 2, 16, 3, 10, 15, 6, 13, 17, 11, 8, 7, 12, 18, 4, 9, 14]",702.0,7.432233810424805
"[19, 1, 0, 5, 2, 16, 3, 10, 15, 6, 13, 17, 11, 8, 7, 12, 18, 4, 9, 14]",702.0,"[19, 1, 0, 5, 2, 16, 3, 10, 15, 6, 13, 17, 11, 8, 7, 12, 18, 4, 9, 14]",702.0,7.5052337646484375
"[19, 1, 0, 5, 2, 16, 3, 10, 15, 6, 13, 17, 11, 8, 7, 12, 18, 4, 9, 14]",702.0,"[19, 1, 0, 5, 2, 16, 3, 10, 15, 6, 13, 17, 11, 8, 7, 12, 18, 4, 9, 14]",702.0,7.5732340812683105
"[19, 1, 0, 5, 2, 16, 3, 10, 15, 6, 13, 17, 11, 8, 7, 12, 18, 4, 9, 14]",702.0,"[19, 1, 0, 5, 2, 16, 3, 10, 15, 6, 13, 17, 11, 8, 7, 12, 18, 4, 9, 14]",702.0,7.648239374160767
"[19, 1, 0, 5, 2, 16, 3, 10, 15, 6, 13, 17, 11, 8, 7, 12, 18, 4, 9, 14]",702.0,"[19, 1, 0, 5, 2, 16, 3, 10, 15, 6, 13, 17, 11, 8, 7, 12, 18, 4, 9, 14]",702.0,7.720249176025391
"[19, 1, 0, 5, 2, 16, 3, 10, 15, 6, 13, 17, 11, 8, 7, 12, 18, 4, 9, 14]",702.0,"[19, 1, 0, 5, 2, 16, 3, 10, 15, 6, 13, 17, 11, 8, 7, 12, 18, 4, 9, 14]",702.0,7.792237758636475
"[19, 1, 0, 5, 2, 16, 3, 10, 15, 6, 13, 17, 11, 8, 7, 12, 18, 4, 9, 14]",702.0,"[19, 1, 0, 5, 2, 16, 3, 10, 15, 6, 13, 17, 11, 8, 7, 12, 18, 4, 9, 14]",702.0,7.8632378578186035
"[19, 1, 0, 5, 2, 16, 3, 10, 15, 6, 13, 17, 11, 8, 7, 12, 18, 4, 9, 14]",702.0,"[19, 1, 0, 5, 2, 16, 3, 10, 15, 6, 13, 17, 11, 8, 7, 12, 18, 4, 9, 14]",702.0,7.9362404346466064
"[19, 1, 0, 5, 2, 16, 3, 10, 15, 6, 13, 17, 11, 8, 7, 12, 18, 4, 9, 14]",702.0,"[19, 1, 0, 5, 2, 16, 3, 10, 15, 6, 13, 17, 11, 8, 7, 12, 18, 4, 9, 14]",702.0,8.007238388061523
"[19, 1, 0, 5, 2, 16, 3, 10, 15, 6, 13, 17, 11, 8, 7, 12, 18, 4, 9, 14]",702.0,"[19, 1, 0, 5, 2, 16, 3, 10, 15, 6, 13, 17, 11, 8, 7, 12, 18, 4, 9, 14]",702.0,8.076238632202148
"[19, 1, 0, 5, 2, 16, 3, 10, 15, 6, 13, 17, 11, 8, 7, 12, 18, 4, 9, 14]",702.0,"[19, 1, 0, 5, 2, 16, 3, 10, 15, 6, 13, 17, 11, 8, 7, 12, 18, 4, 9, 14]",702.0,8.143236875534058
"[19, 1, 0, 5, 2, 16, 3, 10, 15, 6, 13, 17, 11, 8, 7, 12, 18, 4, 9, 14]",702.0,"[19, 1, 0, 5, 2, 16, 3, 10, 15, 6, 13, 17, 11, 8, 7, 12, 18, 4, 9, 14]",702.0,8.212239980697632
"[19, 1, 0, 5, 2, 16, 3, 10, 15, 6, 13, 17, 11, 8, 7, 12, 18, 4, 9, 14]",702.0,"[19, 1, 0, 5, 2, 16, 3, 10, 15, 6, 13, 17, 11, 8, 7, 12, 18, 4, 9, 14]",702.0,8.282244205474854
"[19, 1, 0, 5, 2, 16, 3, 10, 15, 6, 13, 17, 11, 8, 7, 12, 18, 4, 9, 14]",702.0,"[19, 1, 0, 5, 2, 16, 3, 10, 15, 6, 13, 17, 11, 8, 7, 12, 18, 4, 9, 14]",702.0,8.355262756347656
"[19, 1, 0, 5, 2, 16, 3, 10, 15, 6, 13, 17, 11, 8, 7, 12, 18, 4, 9, 14]",702.0,"[19, 1, 0, 5, 2, 16, 3, 10, 15, 6, 13, 17, 11, 8, 7, 12, 18, 4, 9, 14]",702.0,8.426246881484985
"[19, 1, 0, 5, 2, 16, 3, 10, 15, 6, 13, 17, 11, 8, 7, 12, 18, 4, 9, 14]",702.0,"[19, 1, 0, 5, 2, 16, 3, 10, 15, 6, 13, 17, 11, 8, 7, 12, 18, 4, 9, 14]",702.0,8.494249820709229
"[19, 1, 0, 5, 2, 16, 3, 10, 15, 6, 13, 17, 11, 8, 7, 12, 18, 4, 9, 14]",702.0,"[19, 1, 0, 5, 2, 16, 3, 10, 15, 6, 13, 17, 11, 8, 7, 12, 18, 4, 9, 14]",702.0,8.565246820449829
"[19, 1, 0, 5, 2, 16, 3, 10, 15, 6, 13, 17, 11, 8, 7, 12, 18, 4, 9, 14]",702.0,"[19, 1, 0, 5, 2, 16, 3, 10, 15, 6, 13, 17, 11, 8, 7, 12, 18, 4, 9, 14]",702.0,8.633249044418335
"[19, 1, 0, 5, 2, 16, 3, 10, 15, 6, 13, 17, 11, 8, 7, 12, 18, 4, 9, 14]",702.0,"[19, 1, 0, 5, 2, 16, 3, 10, 15, 6, 13, 17, 11, 8, 7, 12, 18, 4, 9, 14]",702.0,8.703246831893921
"[19, 1, 0, 5, 2, 16, 3, 10, 15, 6, 13, 17, 11, 8, 7, 12, 18, 4, 9, 14]",702.0,"[19, 1, 0, 5, 2, 16, 3, 10, 15, 6, 13, 17, 11, 8, 7, 12, 18, 4, 9, 14]",702.0,8.770252227783203
"[19, 1, 0, 5, 2, 16, 3, 10, 15, 6, 13, 17, 11, 8, 7, 12, 18, 4, 9, 14]",702.0,"[19, 1, 0, 5, 2, 16, 3, 10, 15, 6, 13, 17, 11, 8, 7, 12, 18, 4, 9, 14]",702.0,8.840249061584473
"[19, 1, 0, 5, 2, 16, 3, 10, 15, 6, 13, 17, 11, 8, 7, 12, 18, 4, 9, 14]",702.0,"[19, 1, 0, 5, 2, 16, 3, 10, 15, 6, 13, 17, 11, 8, 7, 12, 18, 4, 9, 14]",702.0,8.90925145149231
"[19, 1, 0, 5, 2, 16, 3, 10, 15, 6, 13, 17, 11, 8, 7, 12, 18, 4, 9, 14]",702.0,"[19, 1, 0, 5, 2, 16, 3, 10, 15, 6, 13, 17, 11, 8, 7, 12, 18, 4, 9, 14]",702.0,8.983256816864014
"[19, 1, 0, 5, 2, 16, 3, 10, 15, 6, 13, 17, 11, 8, 7, 12, 18, 4, 9, 14]",702.0,"[19, 1, 0, 5, 2, 16, 3, 10, 15, 6, 13, 17, 11, 8, 7, 12, 18, 4, 9, 14]",702.0,9.056323528289795
"[19, 1, 0, 5, 2, 16, 3, 10, 15, 6, 13, 17, 11, 8, 7, 12, 18, 4, 9, 14]",702.0,"[19, 1, 0, 5, 2, 16, 3, 10, 15, 6, 13, 17, 11, 8, 7, 12, 18, 4, 9, 14]",702.0,9.130255460739136
"[19, 1, 0, 5, 2, 16, 3, 10, 15, 6, 13, 17, 11, 8, 7, 12, 18, 4, 9, 14]",702.0,"[19, 1, 0, 5, 2, 16, 3, 10, 15, 6, 13, 17, 11, 8, 7, 12, 18, 4, 9, 14]",702.0,9.195253133773804
"[19, 1, 0, 5, 2, 16, 3, 10, 15, 6, 13, 17, 11, 8, 7, 12, 18, 4, 9, 14]",702.0,"[19, 1, 0, 5, 2, 16, 3, 10, 15, 6, 13, 17, 11, 8, 7, 12, 18, 4, 9, 14]",702.0,9.276251554489136
"[19, 1, 0, 5, 2, 16, 3, 10, 15, 6, 13, 17, 11, 8, 7, 12, 18, 4, 9, 14]",702.0,"[19, 1, 0, 5, 2, 16, 3, 10, 15, 6, 13, 17, 11, 8, 7, 12, 18, 4, 9, 14]",702.0,9.349257707595825
"[19, 1, 0, 5, 2, 16, 3, 10, 15, 6, 13, 17, 11, 8, 7, 12, 18, 4, 9, 14]",702.0,"[19, 1, 0, 5, 2, 16, 3, 10, 15, 6, 13, 17, 11, 8, 7, 12, 18, 4, 9, 14]",702.0,9.42325496673584
"[19, 1, 0, 5, 2, 16, 3, 10, 15, 6, 13, 17, 11, 8, 7, 12, 18, 4, 9, 14]",702.0,"[19, 1, 0, 5, 2, 16, 3, 10, 15, 6, 13, 17, 11, 8, 7, 12, 18, 4, 9, 14]",702.0,9.490280151367188
"[19, 1, 0, 5, 2, 16, 3, 10, 15, 6, 13, 17, 11, 8, 7, 12, 18, 4, 9, 14]",702.0,"[19, 1, 0, 5, 2, 16, 3, 10, 15, 6, 13, 17, 11, 8, 7, 12, 18, 4, 9, 14]",702.0,9.562254667282104
"[19, 1, 0, 5, 2, 16, 3, 10, 15, 6, 13, 17, 11, 8, 7, 12, 18, 4, 9, 14]",702.0,"[19, 1, 0, 5, 2, 16, 3, 10, 15, 6, 13, 17, 11, 8, 7, 12, 18, 4, 9, 14]",702.0,9.633259057998657
"[19, 1, 0, 5, 2, 16, 3, 10, 15, 6, 13, 17, 11, 8, 7, 12, 18, 4, 9, 14]",702.0,"[19, 1, 0, 5, 2, 16, 3, 10, 15, 6, 13, 17, 11, 8, 7, 12, 18, 4, 9, 14]",702.0,9.704257011413574
"[19, 1, 0, 5, 2, 16, 3, 10, 15, 6, 13, 17, 11, 8, 7, 12, 18, 4, 9, 14]",702.0,"[19, 1, 0, 5, 2, 16, 3, 10, 15, 6, 13, 17, 11, 8, 7, 12, 18, 4, 9, 14]",702.0,9.771271705627441
"[19, 1, 0, 5, 2, 16, 3, 10, 15, 6, 13, 17, 11, 8, 7, 12, 18, 4, 9, 14]",702.0,"[19, 1, 0, 5, 2, 16, 3, 10, 15, 6, 13, 17, 11, 8, 7, 12, 18, 4, 9, 14]",702.0,9.843259334564209
"[19, 1, 0, 5, 2, 16, 3, 10, 15, 6, 13, 17, 11, 8, 7, 12, 18, 4, 9, 14]",702.0,"[19, 1, 0, 5, 2, 16, 3, 10, 15, 6, 13, 17, 11, 8, 7, 12, 18, 4, 9, 14]",702.0,9.913260221481323
"[19, 1, 0, 5, 2, 16, 3, 10, 15, 6, 13, 17, 11, 8, 7, 12, 18, 4, 9, 14]",702.0,"[19, 1, 0, 5, 2, 16, 3, 10, 15, 6, 13, 17, 11, 8, 7, 12, 18, 4, 9, 14]",702.0,9.981265306472778
"[19, 1, 0, 5, 2, 16, 3, 10, 15, 6, 13, 17, 11, 8, 7, 12, 18, 4, 9, 14]",702.0,"[19, 1, 0, 5, 2, 16, 3, 10, 15, 6, 13, 17, 11, 8, 7, 12, 18, 4, 9, 14]",702.0,10.049261331558228
"[19, 1, 0, 5, 2, 16, 3, 10, 15, 6, 13, 17, 11, 8, 7, 12, 18, 4, 9, 14]",702.0,"[19, 1, 0, 5, 2, 16, 3, 10, 15, 6, 13, 17, 11, 8, 7, 12, 18, 4, 9, 14]",702.0,10.116260290145874
"[19, 1, 0, 5, 2, 16, 3, 10, 15, 6, 13, 17, 11, 8, 7, 12, 18, 4, 9, 14]",702.0,"[19, 1, 0, 5, 2, 16, 3, 10, 15, 6, 13, 17, 11, 8, 7, 12, 18, 4, 9, 14]",702.0,10.187263250350952
"[19, 1, 0, 5, 2, 16, 3, 10, 15, 6, 13, 17, 11, 8, 7, 12, 18, 4, 9, 14]",702.0,"[19, 1, 0, 5, 2, 16, 3, 10, 15, 6, 13, 17, 11, 8, 7, 12, 18, 4, 9, 14]",702.0,10.258261442184448
"[19, 1, 0, 5, 2, 16, 3, 10, 15, 6, 13, 17, 11, 8, 7, 12, 18, 4, 9, 14]",702.0,"[19, 1, 0, 5, 2, 16, 3, 10, 15, 6, 13, 17, 11, 8, 7, 12, 18, 4, 9, 14]",702.0,10.327261209487915
"[19, 1, 0, 5, 2, 16, 3, 10, 15, 6, 13, 17, 11, 8, 7, 12, 18, 4, 9, 14]",702.0,"[19, 1, 0, 5, 2, 16, 3, 10, 15, 6, 13, 17, 11, 8, 7, 12, 18, 4, 9, 14]",702.0,10.39826512336731
"[19, 1, 0, 5, 2, 16, 3, 10, 15, 6, 13, 17, 11, 8, 7, 12, 18, 4, 9, 14]",702.0,"[19, 1, 0, 5, 2, 16, 3, 10, 15, 6, 13, 17, 11, 8, 7, 12, 18, 4, 9, 14]",702.0,10.47351360321045
"[19, 1, 0, 5, 2, 16, 3, 10, 15, 6, 13, 17, 11, 8, 7, 12, 18, 4, 9, 14]",702.0,"[19, 1, 0, 5, 2, 16, 3, 10, 15, 6, 13, 17, 11, 8, 7, 12, 18, 4, 9, 14]",702.0,10.54726529121399
"[19, 1, 0, 5, 2, 16, 3, 10, 15, 6, 13, 17, 11, 8, 7, 12, 18, 4, 9, 14]",702.0,"[19, 1, 0, 5, 2, 16, 3, 10, 15, 6, 13, 17, 11, 8, 7, 12, 18, 4, 9, 14]",702.0,10.621268510818481
"[19, 1, 0, 5, 2, 16, 3, 10, 15, 6, 13, 17, 11, 8, 7, 12, 18, 4, 9, 14]",702.0,"[19, 1, 0, 5, 2, 16, 3, 10, 15, 6, 13, 17, 11, 8, 7, 12, 18, 4, 9, 14]",702.0,10.689268827438354
"[19, 1, 0, 5, 2, 16, 3, 10, 15, 6, 13, 17, 11, 8, 7, 12, 18, 4, 9, 14]",702.0,"[19, 1, 0, 5, 2, 16, 3, 10, 15, 6, 13, 17, 11, 8, 7, 12, 18, 4, 9, 14]",702.0,10.792271852493286
"[19, 1, 0, 5, 2, 16, 3, 10, 15, 6, 13, 17, 11, 8, 7, 12, 18, 4, 9, 14]",702.0,"[19, 1, 0, 5, 2, 16, 3, 10, 15, 6, 13, 17, 11, 8, 7, 12, 18, 4, 9, 14]",702.0,10.863271236419678
"[19, 1, 0, 5, 2, 16, 3, 10, 15, 6, 13, 17, 11, 8, 7, 12, 18, 4, 9, 14]",702.0,"[19, 1, 0, 5, 2, 16, 3, 10, 15, 6, 13, 17, 11, 8, 7, 12, 18, 4, 9, 14]",702.0,10.933271646499634
"[19, 1, 0, 5, 2, 16, 3, 10, 15, 6, 13, 17, 11, 8, 7, 12, 18, 4, 9, 14]",702.0,"[19, 1, 0, 5, 2, 16, 3, 10, 15, 6, 13, 17, 11, 8, 7, 12, 18, 4, 9, 14]",702.0,11.000272989273071
"[19, 1, 0, 5, 2, 16, 3, 10, 15, 6, 13, 17, 11, 8, 7, 12, 18, 4, 9, 14]",702.0,"[19, 1, 0, 5, 2, 16, 3, 10, 15, 6, 13, 17, 11, 8, 7, 12, 18, 4, 9, 14]",702.0,11.065275430679321
"[19, 1, 0, 5, 2, 16, 3, 10, 15, 6, 13, 17, 11, 8, 7, 12, 18, 4, 9, 14]",702.0,"[19, 1, 0, 5, 2, 16, 3, 10, 15, 6, 13, 17, 11, 8, 7, 12, 18, 4, 9, 14]",702.0,11.13627004623413
"[19, 1, 0, 5, 2, 16, 3, 10, 15, 6, 13, 17, 11, 8, 7, 12, 18, 4, 9, 14]",702.0,"[19, 1, 0, 5, 2, 16, 3, 10, 15, 6, 13, 17, 11, 8, 7, 12, 18, 4, 9, 14]",702.0,11.207275152206421
"[19, 1, 0, 5, 2, 16, 3, 10, 15, 6, 13, 17, 11, 8, 7, 12, 18, 4, 9, 14]",702.0,"[19, 1, 0, 5, 2, 16, 3, 10, 15, 6, 13, 17, 11, 8, 7, 12, 18, 4, 9, 14]",702.0,11.278273344039917
"[19, 1, 0, 5, 2, 16, 3, 10, 15, 6, 13, 17, 11, 8, 7, 12, 18, 4, 9, 14]",702.0,"[19, 1, 0, 5, 2, 16, 3, 10, 15, 6, 13, 17, 11, 8, 7, 12, 18, 4, 9, 14]",702.0,11.34827995300293
"[19, 1, 0, 5, 2, 16, 3, 10, 15, 6, 13, 17, 11, 8, 7, 12, 18, 4, 9, 14]",702.0,"[19, 1, 0, 5, 2, 16, 3, 10, 15, 6, 13, 17, 11, 8, 7, 12, 18, 4, 9, 14]",702.0,11.4212806224823
"[19, 1, 0, 5, 2, 16, 3, 10, 15, 6, 13, 17, 11, 8, 7, 12, 18, 4, 9, 14]",702.0,"[19, 1, 0, 5, 2, 16, 3, 10, 15, 6, 13, 17, 11, 8, 7, 12, 18, 4, 9, 14]",702.0,11.490283727645874
"[19, 1, 0, 5, 2, 16, 3, 10, 15, 6, 13, 17, 11, 8, 7, 12, 18, 4, 9, 14]",702.0,"[19, 1, 0, 5, 2, 16, 3, 10, 15, 6, 13, 17, 11, 8, 7, 12, 18, 4, 9, 14]",702.0,11.560283899307251
"[19, 1, 0, 5, 2, 16, 3, 10, 15, 6, 13, 17, 11, 8, 7, 12, 18, 4, 9, 14]",702.0,"[19, 1, 0, 5, 2, 16, 3, 10, 15, 6, 13, 17, 11, 8, 7, 12, 18, 4, 9, 14]",702.0,11.63127875328064
"[19, 1, 0, 5, 2, 16, 3, 10, 15, 6, 13, 17, 11, 8, 7, 12, 18, 4, 9, 14]",702.0,"[19, 1, 0, 5, 2, 16, 3, 10, 15, 6, 13, 17, 11, 8, 7, 12, 18, 4, 9, 14]",702.0,11.699291467666626
"[19, 1, 0, 5, 2, 16, 3, 10, 15, 6, 13, 17, 11, 8, 7, 12, 18, 4, 9, 14]",702.0,"[19, 1, 0, 5, 2, 16, 3, 10, 15, 6, 13, 17, 11, 8, 7, 12, 18, 4, 9, 14]",702.0,11.770287036895752
"[19, 1, 0, 5, 2, 16, 3, 10, 15, 6, 13, 17, 11, 8, 7, 12, 18, 4, 9, 14]",702.0,"[19, 1, 0, 5, 2, 16, 3, 10, 15, 6, 13, 17, 11, 8, 7, 12, 18, 4, 9, 14]",702.0,11.844279289245605
"[19, 1, 0, 5, 2, 16, 3, 10, 15, 6, 13, 17, 11, 8, 7, 12, 18, 4, 9, 14]",702.0,"[19, 1, 0, 5, 2, 16, 3, 10, 15, 6, 13, 17, 11, 8, 7, 12, 18, 4, 9, 14]",702.0,11.916283369064331
"[19, 1, 0, 5, 2, 16, 3, 10, 15, 6, 13, 17, 11, 8, 7, 12, 18, 4, 9, 14]",702.0,"[19, 1, 0, 5, 2, 16, 3, 10, 15, 6, 13, 17, 11, 8, 7, 12, 18, 4, 9, 14]",702.0,11.988280296325684
"[19, 1, 0, 5, 2, 16, 3, 10, 15, 6, 13, 17, 11, 8, 7, 12, 18, 4, 9, 14]",702.0,"[19, 1, 0, 5, 2, 16, 3, 10, 15, 6, 13, 17, 11, 8, 7, 12, 18, 4, 9, 14]",702.0,12.061280727386475
"[19, 1, 0, 5, 2, 16, 3, 10, 15, 6, 13, 17, 11, 8, 7, 12, 18, 4, 9, 14]",702.0,"[19, 1, 0, 5, 2, 16, 3, 10, 15, 6, 13, 17, 11, 8, 7, 12, 18, 4, 9, 14]",702.0,12.134281873703003
"[19, 1, 0, 5, 2, 16, 3, 10, 15, 6, 13, 17, 11, 8, 7, 12, 18, 4, 9, 14]",702.0,"[19, 1, 0, 5, 2, 16, 3, 10, 15, 6, 13, 17, 11, 8, 7, 12, 18, 4, 9, 14]",702.0,12.206282615661621
"[19, 1, 0, 5, 2, 16, 3, 10, 15, 6, 13, 17, 11, 8, 7, 12, 18, 4, 9, 14]",702.0,"[19, 1, 0, 5, 2, 16, 3, 10, 15, 6, 13, 17, 11, 8, 7, 12, 18, 4, 9, 14]",702.0,12.275284051895142
"[19, 1, 0, 5, 2, 16, 3, 10, 15, 6, 13, 17, 11, 8, 7, 12, 18, 4, 9, 14]",702.0,"[19, 1, 0, 5, 2, 16, 3, 10, 15, 6, 13, 17, 11, 8, 7, 12, 18, 4, 9, 14]",702.0,12.348281383514404
"[19, 1, 0, 5, 2, 16, 3, 10, 15, 6, 13, 17, 11, 8, 7, 12, 18, 4, 9, 14]",702.0,"[19, 1, 0, 5, 2, 16, 3, 10, 15, 6, 13, 17, 11, 8, 7, 12, 18, 4, 9, 14]",702.0,12.420289754867554
"[19, 1, 0, 5, 2, 16, 3, 10, 15, 6, 13, 17, 11, 8, 7, 12, 18, 4, 9, 14]",702.0,"[19, 1, 0, 5, 2, 16, 3, 10, 15, 6, 13, 17, 11, 8, 7, 12, 18, 4, 9, 14]",702.0,12.490293979644775
"[19, 1, 0, 5, 2, 16, 3, 10, 15, 6, 13, 17, 11, 8, 7, 12, 18, 4, 9, 14]",702.0,"[19, 1, 0, 5, 2, 16, 3, 10, 15, 6, 13, 17, 11, 8, 7, 12, 18, 4, 9, 14]",702.0,12.561286926269531
"[19, 1, 0, 5, 2, 16, 3, 10, 15, 6, 13, 17, 11, 8, 7, 12, 18, 4, 9, 14]",702.0,"[19, 1, 0, 5, 2, 16, 3, 10, 15, 6, 13, 17, 11, 8, 7, 12, 18, 4, 9, 14]",702.0,12.632435083389282
"[19, 1, 0, 5, 2, 16, 3, 10, 15, 6, 13, 17, 11, 8, 7, 12, 18, 4, 9, 14]",702.0,"[19, 1, 0, 5, 2, 16, 3, 10, 15, 6, 13, 17, 11, 8, 7, 12, 18, 4, 9, 14]",702.0,12.699288129806519
"[19, 1, 0, 5, 2, 16, 3, 10, 15, 6, 13, 17, 11, 8, 7, 12, 18, 4, 9, 14]",702.0,"[19, 1, 0, 5, 2, 16, 3, 10, 15, 6, 13, 17, 11, 8, 7, 12, 18, 4, 9, 14]",702.0,12.768296003341675
"[19, 1, 0, 5, 2, 16, 3, 10, 15, 6, 13, 17, 11, 8, 7, 12, 18, 4, 9, 14]",702.0,"[19, 1, 0, 5, 2, 16, 3, 10, 15, 6, 13, 17, 11, 8, 7, 12, 18, 4, 9, 14]",702.0,12.842292785644531
"[19, 1, 0, 5, 2, 16, 3, 10, 15, 6, 13, 17, 11, 8, 7, 12, 18, 4, 9, 14]",702.0,"[19, 1, 0, 5, 2, 16, 3, 10, 15, 6, 13, 17, 11, 8, 7, 12, 18, 4, 9, 14]",702.0,12.9142906665802
"[19, 1, 0, 5, 2, 16, 3, 10, 15, 6, 13, 17, 11, 8, 7, 12, 18, 4, 9, 14]",702.0,"[19, 1, 0, 5, 2, 16, 3, 10, 15, 6, 13, 17, 11, 8, 7, 12, 18, 4, 9, 14]",702.0,12.98428726196289
"[19, 1, 0, 5, 2, 16, 3, 10, 15, 6, 13, 17, 11, 8, 7, 12, 18, 4, 9, 14]",702.0,"[19, 1, 0, 5, 2, 16, 3, 10, 15, 6, 13, 17, 11, 8, 7, 12, 18, 4, 9, 14]",702.0,13.056292533874512
"[19, 1, 0, 5, 2, 16, 3, 10, 15, 6, 13, 17, 11, 8, 7, 12, 18, 4, 9, 14]",702.0,"[19, 1, 0, 5, 2, 16, 3, 10, 15, 6, 13, 17, 11, 8, 7, 12, 18, 4, 9, 14]",702.0,13.128539323806763
"[19, 1, 0, 5, 2, 16, 3, 10, 15, 6, 13, 17, 11, 8, 7, 12, 18, 4, 9, 14]",702.0,"[19, 1, 0, 5, 2, 16, 3, 10, 15, 6, 13, 17, 11, 8, 7, 12, 18, 4, 9, 14]",702.0,13.205538034439087
"[19, 1, 0, 5, 2, 16, 3, 10, 15, 6, 13, 17, 11, 8, 7, 12, 18, 4, 9, 14]",702.0,"[19, 1, 0, 5, 2, 16, 3, 10, 15, 6, 13, 17, 11, 8, 7, 12, 18, 4, 9, 14]",702.0,13.280295133590698
"[19, 1, 0, 5, 2, 16, 3, 10, 15, 6, 13, 17, 11, 8, 7, 12, 18, 4, 9, 14]",702.0,"[19, 1, 0, 5, 2, 16, 3, 10, 15, 6, 13, 17, 11, 8, 7, 12, 18, 4, 9, 14]",702.0,13.352304935455322
"[19, 1, 0, 5, 2, 16, 3, 10, 15, 6, 13, 17, 11, 8, 7, 12, 18, 4, 9, 14]",702.0,"[19, 1, 0, 5, 2, 16, 3, 10, 15, 6, 13, 17, 11, 8, 7, 12, 18, 4, 9, 14]",702.0,13.420297622680664
"[19, 1, 0, 5, 2, 16, 3, 10, 15, 6, 13, 17, 11, 8, 7, 12, 18, 4, 9, 14]",702.0,"[19, 1, 0, 5, 2, 16, 3, 10, 15, 6, 13, 17, 11, 8, 7, 12, 18, 4, 9, 14]",702.0,13.490298748016357
"[19, 1, 0, 5, 2, 16, 3, 10, 15, 6, 13, 17, 11, 8, 7, 12, 18, 4, 9, 14]",702.0,"[19, 1, 0, 5, 2, 16, 3, 10, 15, 6, 13, 17, 11, 8, 7, 12, 18, 4, 9, 14]",702.0,13.558295965194702
"[19, 1, 0, 5, 2, 16, 3, 10, 15, 6, 13, 17, 11, 8, 7, 12, 18, 4, 9, 14]",702.0,"[19, 1, 0, 5, 2, 16, 3, 10, 15, 6, 13, 17, 11, 8, 7, 12, 18, 4, 9, 14]",702.0,13.624298095703125
"[19, 1, 0, 5, 2, 16, 3, 10, 15, 6, 13, 17, 11, 8, 7, 12, 18, 4, 9, 14]",702.0,"[19, 1, 0, 5, 2, 16, 3, 10, 15, 6, 13, 17, 11, 8, 7, 12, 18, 4, 9, 14]",702.0,13.696319580078125
"[19, 1, 0, 5, 2, 16, 3, 10, 15, 6, 13, 17, 11, 8, 7, 12, 18, 4, 9, 14]",702.0,"[19, 1, 0, 5, 2, 16, 3, 10, 15, 6, 13, 17, 11, 8, 7, 12, 18, 4, 9, 14]",702.0,13.76829719543457
"[19, 1, 0, 5, 2, 16, 3, 10, 15, 6, 13, 17, 11, 8, 7, 12, 18, 4, 9, 14]",702.0,"[19, 1, 0, 5, 2, 16, 3, 10, 15, 6, 13, 17, 11, 8, 7, 12, 18, 4, 9, 14]",702.0,13.840297222137451
"[19, 1, 0, 5, 2, 16, 3, 10, 15, 6, 13, 17, 11, 8, 7, 12, 18, 4, 9, 14]",702.0,"[19, 1, 0, 5, 2, 16, 3, 10, 15, 6, 13, 17, 11, 8, 7, 12, 18, 4, 9, 14]",702.0,13.921297550201416
"[19, 1, 0, 5, 2, 16, 3, 10, 15, 6, 13, 17, 11, 8, 7, 12, 18, 4, 9, 14]",702.0,"[19, 1, 0, 5, 2, 16, 3, 10, 15, 6, 13, 17, 11, 8, 7, 12, 18, 4, 9, 14]",702.0,13.994303703308105
