Sequence,Fitness,Best_sequence,Best_fitness,Time
"[14, 2, 1, 17, 4, 16, 6, 7, 15, 12, 9, 11, 19, 18, 13, 5, 0, 8, 3, 10]",566.5,"[14, 2, 1, 17, 4, 16, 6, 7, 15, 12, 9, 11, 19, 18, 13, 5, 0, 8, 3, 10]",566.5,0.0
"[14, 2, 1, 17, 4, 16, 6, 7, 15, 12, 9, 11, 19, 18, 13, 5, 0, 8, 3, 10]",566.5,"[14, 2, 1, 17, 4, 16, 6, 7, 15, 12, 9, 11, 19, 18, 13, 5, 0, 8, 3, 10]",566.5,0.0639946460723877
"[14, 2, 1, 17, 4, 16, 6, 7, 15, 12, 9, 11, 19, 18, 13, 5, 0, 8, 3, 10]",566.5,"[14, 2, 1, 17, 4, 16, 6, 7, 15, 12, 9, 11, 19, 18, 13, 5, 0, 8, 3, 10]",566.5,0.1279923915863037
"[14, 2, 1, 17, 4, 16, 6, 7, 15, 12, 9, 11, 19, 18, 13, 5, 0, 8, 3, 10]",566.5,"[14, 2, 1, 17, 4, 16, 6, 7, 15, 12, 9, 11, 19, 18, 13, 5, 0, 8, 3, 10]",566.5,0.19300055503845215
"[14, 2, 1, 17, 4, 16, 6, 7, 15, 12, 9, 11, 19, 18, 13, 5, 0, 8, 3, 10]",566.5,"[14, 2, 1, 17, 4, 16, 6, 7, 15, 12, 9, 11, 19, 18, 13, 5, 0, 8, 3, 10]",566.5,0.25500035285949707
"[14, 2, 1, 17, 4, 16, 6, 7, 15, 12, 9, 11, 19, 18, 13, 5, 0, 8, 3, 10]",566.5,"[14, 2, 1, 17, 4, 16, 6, 7, 15, 12, 9, 11, 19, 18, 13, 5, 0, 8, 3, 10]",566.5,0.3159971237182617
"[14, 2, 1, 17, 4, 16, 6, 7, 15, 12, 9, 11, 19, 18, 13, 5, 0, 8, 3, 10]",566.5,"[14, 2, 1, 17, 4, 16, 6, 7, 15, 12, 9, 11, 19, 18, 13, 5, 0, 8, 3, 10]",566.5,0.37802839279174805
"[14, 2, 1, 17, 4, 16, 6, 7, 15, 12, 9, 11, 19, 18, 13, 5, 0, 8, 3, 10]",566.5,"[14, 2, 1, 17, 4, 16, 6, 7, 15, 12, 9, 11, 19, 18, 13, 5, 0, 8, 3, 10]",566.5,0.4389979839324951
"[14, 2, 1, 17, 4, 16, 6, 7, 15, 12, 9, 11, 19, 18, 13, 5, 0, 8, 3, 10]",566.5,"[14, 2, 1, 17, 4, 16, 6, 7, 15, 12, 9, 11, 19, 18, 13, 5, 0, 8, 3, 10]",566.5,0.5020003318786621
"[14, 2, 1, 17, 4, 16, 6, 7, 15, 12, 9, 11, 19, 18, 13, 5, 0, 8, 3, 10]",566.5,"[14, 2, 1, 17, 4, 16, 6, 7, 15, 12, 9, 11, 19, 18, 13, 5, 0, 8, 3, 10]",566.5,0.56400465965271
"[14, 2, 1, 17, 4, 16, 6, 7, 15, 12, 9, 11, 19, 18, 13, 5, 0, 8, 3, 10]",566.5,"[14, 2, 1, 17, 4, 16, 6, 7, 15, 12, 9, 11, 19, 18, 13, 5, 0, 8, 3, 10]",566.5,0.6310060024261475
"[13, 2, 1, 17, 4, 16, 6, 7, 15, 12, 9, 11, 19, 18, 14, 5, 0, 8, 3, 10]",551.0,"[13, 2, 1, 17, 4, 16, 6, 7, 15, 12, 9, 11, 19, 18, 14, 5, 0, 8, 3, 10]",551.0,0.6950013637542725
"[13, 2, 1, 17, 4, 16, 6, 7, 15, 12, 9, 11, 19, 18, 14, 5, 0, 8, 3, 10]",551.0,"[13, 2, 1, 17, 4, 16, 6, 7, 15, 12, 9, 11, 19, 18, 14, 5, 0, 8, 3, 10]",551.0,0.7590014934539795
"[13, 2, 1, 17, 4, 16, 6, 7, 15, 12, 9, 11, 19, 18, 14, 5, 0, 8, 3, 10]",551.0,"[13, 2, 1, 17, 4, 16, 6, 7, 15, 12, 9, 11, 19, 18, 14, 5, 0, 8, 3, 10]",551.0,0.8240079879760742
"[13, 2, 1, 17, 4, 16, 6, 7, 15, 12, 9, 11, 19, 18, 14, 5, 0, 8, 3, 10]",551.0,"[13, 2, 1, 17, 4, 16, 6, 7, 15, 12, 9, 11, 19, 18, 14, 5, 0, 8, 3, 10]",551.0,0.8880059719085693
"[13, 2, 1, 17, 4, 16, 6, 7, 15, 12, 9, 11, 19, 18, 14, 5, 0, 8, 3, 10]",551.0,"[13, 2, 1, 17, 4, 16, 6, 7, 15, 12, 9, 11, 19, 18, 14, 5, 0, 8, 3, 10]",551.0,0.9530065059661865
"[13, 2, 1, 17, 4, 16, 6, 7, 15, 12, 9, 11, 19, 18, 14, 5, 0, 8, 3, 10]",551.0,"[13, 2, 1, 17, 4, 16, 6, 7, 15, 12, 9, 11, 19, 18, 14, 5, 0, 8, 3, 10]",551.0,1.0220112800598145
"[13, 2, 1, 17, 4, 16, 6, 7, 15, 12, 9, 11, 19, 18, 14, 5, 0, 8, 3, 10]",551.0,"[13, 2, 1, 17, 4, 16, 6, 7, 15, 12, 9, 11, 19, 18, 14, 5, 0, 8, 3, 10]",551.0,1.0920283794403076
"[13, 2, 1, 17, 4, 16, 6, 7, 15, 12, 9, 11, 19, 18, 14, 5, 0, 8, 3, 10]",551.0,"[13, 2, 1, 17, 4, 16, 6, 7, 15, 12, 9, 11, 19, 18, 14, 5, 0, 8, 3, 10]",551.0,1.1590101718902588
"[13, 2, 1, 17, 4, 16, 6, 7, 15, 12, 9, 11, 19, 18, 14, 5, 0, 8, 3, 10]",551.0,"[13, 2, 1, 17, 4, 16, 6, 7, 15, 12, 9, 11, 19, 18, 14, 5, 0, 8, 3, 10]",551.0,1.2250144481658936
"[13, 2, 1, 17, 4, 16, 6, 7, 15, 12, 9, 11, 19, 18, 14, 5, 0, 8, 3, 10]",551.0,"[13, 2, 1, 17, 4, 16, 6, 7, 15, 12, 9, 11, 19, 18, 14, 5, 0, 8, 3, 10]",551.0,1.2940318584442139
"[13, 2, 1, 17, 4, 16, 6, 7, 15, 12, 9, 11, 19, 18, 14, 5, 0, 8, 3, 10]",551.0,"[13, 2, 1, 17, 4, 16, 6, 7, 15, 12, 9, 11, 19, 18, 14, 5, 0, 8, 3, 10]",551.0,1.3600506782531738
"[13, 2, 1, 17, 4, 16, 6, 7, 15, 12, 9, 11, 19, 18, 14, 5, 0, 8, 3, 10]",551.0,"[13, 2, 1, 17, 4, 16, 6, 7, 15, 12, 9, 11, 19, 18, 14, 5, 0, 8, 3, 10]",551.0,1.429042100906372
"[13, 2, 1, 17, 4, 16, 6, 7, 15, 12, 9, 11, 19, 18, 14, 5, 0, 8, 3, 10]",551.0,"[13, 2, 1, 17, 4, 16, 6, 7, 15, 12, 9, 11, 19, 18, 14, 5, 0, 8, 3, 10]",551.0,1.4940426349639893
"[13, 2, 1, 17, 4, 16, 6, 7, 15, 12, 9, 11, 19, 18, 14, 5, 0, 8, 3, 10]",551.0,"[13, 2, 1, 17, 4, 16, 6, 7, 15, 12, 9, 11, 19, 18, 14, 5, 0, 8, 3, 10]",551.0,1.5630416870117188
"[13, 2, 1, 17, 4, 16, 6, 7, 15, 12, 9, 11, 19, 18, 14, 5, 0, 8, 3, 10]",551.0,"[13, 2, 1, 17, 4, 16, 6, 7, 15, 12, 9, 11, 19, 18, 14, 5, 0, 8, 3, 10]",551.0,1.6400439739227295
"[13, 2, 1, 17, 4, 16, 6, 7, 15, 12, 9, 11, 19, 18, 14, 5, 0, 8, 3, 10]",551.0,"[13, 2, 1, 17, 4, 16, 6, 7, 15, 12, 9, 11, 19, 18, 14, 5, 0, 8, 3, 10]",551.0,1.7100486755371094
"[13, 2, 1, 17, 4, 16, 6, 7, 15, 12, 9, 11, 19, 18, 14, 5, 0, 8, 3, 10]",551.0,"[13, 2, 1, 17, 4, 16, 6, 7, 15, 12, 9, 11, 19, 18, 14, 5, 0, 8, 3, 10]",551.0,1.8000471591949463
"[13, 2, 1, 17, 4, 16, 6, 7, 15, 12, 0, 11, 19, 18, 14, 5, 9, 8, 3, 10]",496.0,"[13, 2, 1, 17, 4, 16, 6, 7, 15, 12, 0, 11, 19, 18, 14, 5, 9, 8, 3, 10]",496.0,1.8640730381011963
"[13, 2, 1, 17, 4, 16, 6, 7, 15, 12, 0, 11, 19, 18, 14, 5, 9, 8, 3, 10]",496.0,"[13, 2, 1, 17, 4, 16, 6, 7, 15, 12, 0, 11, 19, 18, 14, 5, 9, 8, 3, 10]",496.0,1.9300758838653564
"[13, 2, 1, 17, 4, 16, 6, 7, 15, 12, 0, 11, 19, 18, 14, 5, 9, 8, 3, 10]",496.0,"[13, 2, 1, 17, 4, 16, 6, 7, 15, 12, 0, 11, 19, 18, 14, 5, 9, 8, 3, 10]",496.0,1.9950714111328125
"[13, 2, 1, 17, 4, 16, 6, 7, 15, 12, 0, 11, 19, 18, 14, 5, 9, 8, 3, 10]",496.0,"[13, 2, 1, 17, 4, 16, 6, 7, 15, 12, 0, 11, 19, 18, 14, 5, 9, 8, 3, 10]",496.0,2.061079502105713
"[13, 2, 1, 17, 4, 16, 6, 7, 15, 12, 0, 11, 19, 18, 14, 5, 9, 8, 3, 10]",496.0,"[13, 2, 1, 17, 4, 16, 6, 7, 15, 12, 0, 11, 19, 18, 14, 5, 9, 8, 3, 10]",496.0,2.1290743350982666
"[13, 2, 1, 17, 4, 16, 6, 7, 15, 12, 0, 11, 19, 18, 14, 5, 9, 8, 3, 10]",496.0,"[13, 2, 1, 17, 4, 16, 6, 7, 15, 12, 0, 11, 19, 18, 14, 5, 9, 8, 3, 10]",496.0,2.1970772743225098
"[13, 2, 1, 17, 4, 16, 6, 7, 15, 12, 0, 11, 19, 18, 14, 5, 9, 8, 3, 10]",496.0,"[13, 2, 1, 17, 4, 16, 6, 7, 15, 12, 0, 11, 19, 18, 14, 5, 9, 8, 3, 10]",496.0,2.2640795707702637
"[13, 2, 1, 17, 4, 16, 6, 7, 15, 12, 0, 11, 19, 18, 14, 5, 9, 8, 3, 10]",496.0,"[13, 2, 1, 17, 4, 16, 6, 7, 15, 12, 0, 11, 19, 18, 14, 5, 9, 8, 3, 10]",496.0,2.3300845623016357
"[13, 2, 1, 17, 4, 16, 6, 7, 15, 12, 0, 11, 9, 18, 14, 5, 19, 8, 3, 10]",492.5,"[13, 2, 1, 17, 4, 16, 6, 7, 15, 12, 0, 11, 9, 18, 14, 5, 19, 8, 3, 10]",492.5,2.394076108932495
"[13, 2, 1, 17, 4, 16, 6, 7, 15, 12, 0, 11, 9, 18, 14, 5, 19, 8, 3, 10]",492.5,"[13, 2, 1, 17, 4, 16, 6, 7, 15, 12, 0, 11, 9, 18, 14, 5, 19, 8, 3, 10]",492.5,2.461085319519043
"[13, 2, 1, 17, 4, 16, 6, 7, 15, 12, 0, 11, 9, 18, 14, 5, 19, 8, 3, 10]",492.5,"[13, 2, 1, 17, 4, 16, 6, 7, 15, 12, 0, 11, 9, 18, 14, 5, 19, 8, 3, 10]",492.5,2.5270843505859375
"[13, 2, 1, 17, 4, 16, 6, 7, 15, 12, 0, 11, 9, 18, 14, 5, 19, 8, 3, 10]",492.5,"[13, 2, 1, 17, 4, 16, 6, 7, 15, 12, 0, 11, 9, 18, 14, 5, 19, 8, 3, 10]",492.5,2.594086170196533
"[13, 2, 1, 17, 4, 16, 6, 7, 15, 12, 0, 11, 9, 18, 14, 5, 19, 8, 3, 10]",492.5,"[13, 2, 1, 17, 4, 16, 6, 7, 15, 12, 0, 11, 9, 18, 14, 5, 19, 8, 3, 10]",492.5,2.659080982208252
"[13, 2, 1, 17, 4, 16, 6, 7, 15, 12, 0, 11, 9, 18, 14, 5, 19, 8, 3, 10]",492.5,"[13, 2, 1, 17, 4, 16, 6, 7, 15, 12, 0, 11, 9, 18, 14, 5, 19, 8, 3, 10]",492.5,2.727086067199707
"[13, 2, 1, 17, 4, 16, 6, 7, 15, 12, 0, 11, 9, 18, 14, 5, 19, 8, 3, 10]",492.5,"[13, 2, 1, 17, 4, 16, 6, 7, 15, 12, 0, 11, 9, 18, 14, 5, 19, 8, 3, 10]",492.5,2.796083688735962
"[13, 2, 1, 17, 4, 16, 6, 7, 15, 12, 0, 11, 9, 18, 14, 5, 19, 8, 3, 10]",492.5,"[13, 2, 1, 17, 4, 16, 6, 7, 15, 12, 0, 11, 9, 18, 14, 5, 19, 8, 3, 10]",492.5,2.863086700439453
"[13, 2, 1, 17, 4, 16, 6, 7, 15, 12, 0, 11, 9, 18, 14, 5, 19, 8, 3, 10]",492.5,"[13, 2, 1, 17, 4, 16, 6, 7, 15, 12, 0, 11, 9, 18, 14, 5, 19, 8, 3, 10]",492.5,2.9270975589752197
"[13, 2, 1, 17, 4, 16, 6, 7, 15, 12, 0, 11, 9, 18, 14, 5, 19, 8, 3, 10]",492.5,"[13, 2, 1, 17, 4, 16, 6, 7, 15, 12, 0, 11, 9, 18, 14, 5, 19, 8, 3, 10]",492.5,2.9930901527404785
"[13, 2, 1, 17, 4, 16, 6, 7, 15, 12, 0, 11, 9, 18, 14, 5, 19, 8, 3, 10]",492.5,"[13, 2, 1, 17, 4, 16, 6, 7, 15, 12, 0, 11, 9, 18, 14, 5, 19, 8, 3, 10]",492.5,3.060091495513916
"[13, 2, 1, 17, 4, 16, 6, 7, 15, 12, 0, 11, 9, 18, 14, 5, 19, 8, 3, 10]",492.5,"[13, 2, 1, 17, 4, 16, 6, 7, 15, 12, 0, 11, 9, 18, 14, 5, 19, 8, 3, 10]",492.5,3.126099109649658
"[13, 2, 1, 17, 4, 16, 6, 7, 15, 12, 0, 11, 9, 18, 14, 5, 19, 8, 3, 10]",492.5,"[13, 2, 1, 17, 4, 16, 6, 7, 15, 12, 0, 11, 9, 18, 14, 5, 19, 8, 3, 10]",492.5,3.206096887588501
"[13, 2, 1, 17, 4, 16, 6, 7, 15, 12, 0, 11, 9, 18, 14, 5, 19, 8, 3, 10]",492.5,"[13, 2, 1, 17, 4, 16, 6, 7, 15, 12, 0, 11, 9, 18, 14, 5, 19, 8, 3, 10]",492.5,3.2710978984832764
"[13, 2, 1, 17, 4, 16, 6, 7, 15, 12, 0, 11, 9, 18, 14, 5, 19, 8, 3, 10]",492.5,"[13, 2, 1, 17, 4, 16, 6, 7, 15, 12, 0, 11, 9, 18, 14, 5, 19, 8, 3, 10]",492.5,3.333101987838745
"[13, 2, 1, 17, 4, 16, 6, 7, 15, 12, 0, 11, 9, 18, 14, 5, 19, 8, 3, 10]",492.5,"[13, 2, 1, 17, 4, 16, 6, 7, 15, 12, 0, 11, 9, 18, 14, 5, 19, 8, 3, 10]",492.5,3.4000935554504395
"[13, 2, 1, 17, 4, 16, 6, 7, 15, 12, 0, 11, 9, 18, 14, 5, 19, 8, 3, 10]",492.5,"[13, 2, 1, 17, 4, 16, 6, 7, 15, 12, 0, 11, 9, 18, 14, 5, 19, 8, 3, 10]",492.5,3.4650964736938477
"[13, 2, 1, 17, 4, 16, 6, 7, 15, 12, 0, 11, 9, 18, 14, 5, 19, 8, 3, 10]",492.5,"[13, 2, 1, 17, 4, 16, 6, 7, 15, 12, 0, 11, 9, 18, 14, 5, 19, 8, 3, 10]",492.5,3.529099225997925
"[13, 2, 1, 17, 4, 16, 6, 7, 15, 12, 0, 11, 9, 18, 14, 5, 19, 8, 3, 10]",492.5,"[13, 2, 1, 17, 4, 16, 6, 7, 15, 12, 0, 11, 9, 18, 14, 5, 19, 8, 3, 10]",492.5,3.593099594116211
"[13, 2, 1, 17, 4, 16, 6, 7, 15, 12, 0, 11, 9, 18, 14, 5, 19, 8, 3, 10]",492.5,"[13, 2, 1, 17, 4, 16, 6, 7, 15, 12, 0, 11, 9, 18, 14, 5, 19, 8, 3, 10]",492.5,3.6590991020202637
"[13, 2, 1, 17, 4, 16, 6, 7, 15, 12, 0, 11, 9, 18, 14, 5, 19, 8, 3, 10]",492.5,"[13, 2, 1, 17, 4, 16, 6, 7, 15, 12, 0, 11, 9, 18, 14, 5, 19, 8, 3, 10]",492.5,3.7241106033325195
"[13, 2, 1, 17, 4, 16, 6, 7, 15, 12, 0, 11, 9, 18, 14, 5, 19, 8, 3, 10]",492.5,"[13, 2, 1, 17, 4, 16, 6, 7, 15, 12, 0, 11, 9, 18, 14, 5, 19, 8, 3, 10]",492.5,3.788118600845337
"[13, 2, 1, 17, 4, 16, 6, 7, 15, 12, 0, 11, 9, 18, 14, 5, 19, 8, 3, 10]",492.5,"[13, 2, 1, 17, 4, 16, 6, 7, 15, 12, 0, 11, 9, 18, 14, 5, 19, 8, 3, 10]",492.5,3.8561148643493652
"[13, 2, 1, 17, 4, 16, 6, 7, 15, 12, 0, 11, 9, 18, 14, 5, 19, 8, 3, 10]",492.5,"[13, 2, 1, 17, 4, 16, 6, 7, 15, 12, 0, 11, 9, 18, 14, 5, 19, 8, 3, 10]",492.5,3.9201133251190186
"[13, 2, 1, 17, 4, 16, 6, 7, 15, 12, 0, 11, 9, 18, 14, 5, 19, 8, 3, 10]",492.5,"[13, 2, 1, 17, 4, 16, 6, 7, 15, 12, 0, 11, 9, 18, 14, 5, 19, 8, 3, 10]",492.5,3.9911091327667236
"[13, 2, 1, 17, 4, 16, 6, 7, 15, 12, 0, 11, 9, 18, 14, 5, 19, 8, 3, 10]",492.5,"[13, 2, 1, 17, 4, 16, 6, 7, 15, 12, 0, 11, 9, 18, 14, 5, 19, 8, 3, 10]",492.5,4.057114362716675
"[13, 2, 1, 17, 4, 16, 6, 7, 15, 12, 0, 11, 9, 18, 14, 5, 19, 8, 3, 10]",492.5,"[13, 2, 1, 17, 4, 16, 6, 7, 15, 12, 0, 11, 9, 18, 14, 5, 19, 8, 3, 10]",492.5,4.126109600067139
"[13, 2, 1, 17, 4, 16, 6, 7, 15, 12, 0, 11, 9, 18, 14, 5, 19, 8, 3, 10]",492.5,"[13, 2, 1, 17, 4, 16, 6, 7, 15, 12, 0, 11, 9, 18, 14, 5, 19, 8, 3, 10]",492.5,4.195108890533447
"[13, 2, 1, 17, 4, 16, 6, 7, 15, 12, 0, 11, 9, 18, 14, 5, 19, 8, 3, 10]",492.5,"[13, 2, 1, 17, 4, 16, 6, 7, 15, 12, 0, 11, 9, 18, 14, 5, 19, 8, 3, 10]",492.5,4.262110471725464
"[13, 2, 1, 17, 4, 16, 6, 7, 15, 12, 0, 11, 9, 18, 14, 5, 19, 8, 3, 10]",492.5,"[13, 2, 1, 17, 4, 16, 6, 7, 15, 12, 0, 11, 9, 18, 14, 5, 19, 8, 3, 10]",492.5,4.329110145568848
"[13, 2, 1, 17, 4, 16, 6, 7, 15, 12, 0, 11, 9, 18, 14, 5, 19, 8, 3, 10]",492.5,"[13, 2, 1, 17, 4, 16, 6, 7, 15, 12, 0, 11, 9, 18, 14, 5, 19, 8, 3, 10]",492.5,4.395107984542847
"[13, 2, 1, 17, 4, 16, 6, 7, 15, 12, 0, 11, 9, 18, 14, 5, 19, 8, 3, 10]",492.5,"[13, 2, 1, 17, 4, 16, 6, 7, 15, 12, 0, 11, 9, 18, 14, 5, 19, 8, 3, 10]",492.5,4.460118293762207
"[5, 2, 1, 17, 4, 16, 6, 7, 15, 12, 0, 11, 9, 18, 14, 13, 19, 8, 3, 10]",485.5,"[5, 2, 1, 17, 4, 16, 6, 7, 15, 12, 0, 11, 9, 18, 14, 13, 19, 8, 3, 10]",485.5,4.523116827011108
"[5, 2, 1, 17, 4, 16, 6, 7, 15, 12, 0, 11, 9, 18, 14, 13, 19, 8, 3, 10]",485.5,"[5, 2, 1, 17, 4, 16, 6, 7, 15, 12, 0, 11, 9, 18, 14, 13, 19, 8, 3, 10]",485.5,4.589118242263794
"[5, 2, 1, 17, 4, 16, 6, 7, 15, 12, 0, 11, 9, 18, 14, 13, 19, 8, 3, 10]",485.5,"[5, 2, 1, 17, 4, 16, 6, 7, 15, 12, 0, 11, 9, 18, 14, 13, 19, 8, 3, 10]",485.5,4.65212082862854
"[5, 2, 1, 17, 4, 16, 6, 7, 15, 12, 0, 11, 9, 18, 14, 13, 19, 8, 3, 10]",485.5,"[5, 2, 1, 17, 4, 16, 6, 7, 15, 12, 0, 11, 9, 18, 14, 13, 19, 8, 3, 10]",485.5,4.718654632568359
"[5, 2, 1, 17, 4, 16, 6, 7, 15, 12, 0, 11, 9, 18, 14, 13, 19, 8, 3, 10]",485.5,"[5, 2, 1, 17, 4, 16, 6, 7, 15, 12, 0, 11, 9, 18, 14, 13, 19, 8, 3, 10]",485.5,4.795118093490601
"[5, 2, 1, 8, 4, 16, 6, 7, 15, 12, 0, 11, 9, 18, 14, 13, 19, 17, 3, 10]",466.5,"[5, 2, 1, 8, 4, 16, 6, 7, 15, 12, 0, 11, 9, 18, 14, 13, 19, 17, 3, 10]",466.5,4.8571178913116455
"[5, 2, 1, 8, 4, 16, 6, 7, 15, 12, 0, 11, 9, 18, 14, 13, 19, 17, 3, 10]",466.5,"[5, 2, 1, 8, 4, 16, 6, 7, 15, 12, 0, 11, 9, 18, 14, 13, 19, 17, 3, 10]",466.5,4.926654577255249
"[5, 2, 1, 8, 4, 16, 6, 7, 15, 12, 0, 11, 9, 18, 14, 13, 19, 17, 3, 10]",466.5,"[5, 2, 1, 8, 4, 16, 6, 7, 15, 12, 0, 11, 9, 18, 14, 13, 19, 17, 3, 10]",466.5,4.9891204833984375
"[5, 2, 1, 8, 4, 16, 6, 7, 15, 12, 0, 11, 9, 18, 14, 13, 19, 17, 3, 10]",466.5,"[5, 2, 1, 8, 4, 16, 6, 7, 15, 12, 0, 11, 9, 18, 14, 13, 19, 17, 3, 10]",466.5,5.0501275062561035
"[5, 2, 1, 8, 4, 16, 6, 7, 15, 12, 0, 11, 9, 18, 14, 13, 19, 17, 3, 10]",466.5,"[5, 2, 1, 8, 4, 16, 6, 7, 15, 12, 0, 11, 9, 18, 14, 13, 19, 17, 3, 10]",466.5,5.111123561859131
"[5, 2, 1, 8, 4, 16, 6, 7, 15, 12, 0, 11, 9, 18, 14, 13, 19, 17, 3, 10]",466.5,"[5, 2, 1, 8, 4, 16, 6, 7, 15, 12, 0, 11, 9, 18, 14, 13, 19, 17, 3, 10]",466.5,5.176129102706909
"[5, 2, 1, 8, 4, 16, 6, 7, 15, 12, 0, 11, 9, 18, 14, 13, 19, 17, 3, 10]",466.5,"[5, 2, 1, 8, 4, 16, 6, 7, 15, 12, 0, 11, 9, 18, 14, 13, 19, 17, 3, 10]",466.5,5.23713231086731
"[5, 2, 1, 8, 4, 16, 6, 7, 15, 12, 0, 11, 9, 18, 14, 13, 19, 17, 3, 10]",466.5,"[5, 2, 1, 8, 4, 16, 6, 7, 15, 12, 0, 11, 9, 18, 14, 13, 19, 17, 3, 10]",466.5,5.29918098449707
"[5, 2, 1, 8, 4, 16, 6, 7, 15, 12, 0, 11, 9, 18, 14, 13, 19, 17, 3, 10]",466.5,"[5, 2, 1, 8, 4, 16, 6, 7, 15, 12, 0, 11, 9, 18, 14, 13, 19, 17, 3, 10]",466.5,5.360140085220337
"[5, 2, 1, 8, 4, 16, 6, 7, 15, 12, 0, 11, 9, 18, 14, 13, 19, 17, 3, 10]",466.5,"[5, 2, 1, 8, 4, 16, 6, 7, 15, 12, 0, 11, 9, 18, 14, 13, 19, 17, 3, 10]",466.5,5.423126459121704
"[5, 2, 1, 8, 4, 16, 6, 7, 15, 12, 0, 11, 9, 18, 14, 13, 19, 17, 3, 10]",466.5,"[5, 2, 1, 8, 4, 16, 6, 7, 15, 12, 0, 11, 9, 18, 14, 13, 19, 17, 3, 10]",466.5,5.485134601593018
"[5, 2, 1, 8, 4, 16, 6, 7, 15, 12, 0, 11, 9, 18, 14, 13, 19, 17, 3, 10]",466.5,"[5, 2, 1, 8, 4, 16, 6, 7, 15, 12, 0, 11, 9, 18, 14, 13, 19, 17, 3, 10]",466.5,5.548134803771973
"[5, 2, 1, 8, 4, 16, 6, 7, 15, 12, 0, 11, 9, 18, 14, 13, 19, 17, 3, 10]",466.5,"[5, 2, 1, 8, 4, 16, 6, 7, 15, 12, 0, 11, 9, 18, 14, 13, 19, 17, 3, 10]",466.5,5.610136032104492
"[5, 2, 1, 8, 4, 16, 6, 7, 15, 12, 0, 11, 9, 18, 14, 13, 19, 17, 3, 10]",466.5,"[5, 2, 1, 8, 4, 16, 6, 7, 15, 12, 0, 11, 9, 18, 14, 13, 19, 17, 3, 10]",466.5,5.671138763427734
"[5, 2, 1, 8, 4, 16, 6, 7, 15, 12, 0, 11, 9, 18, 14, 13, 19, 17, 3, 10]",466.5,"[5, 2, 1, 8, 4, 16, 6, 7, 15, 12, 0, 11, 9, 18, 14, 13, 19, 17, 3, 10]",466.5,5.733136892318726
"[5, 2, 1, 8, 4, 16, 6, 7, 15, 12, 0, 11, 9, 18, 14, 13, 19, 17, 3, 10]",466.5,"[5, 2, 1, 8, 4, 16, 6, 7, 15, 12, 0, 11, 9, 18, 14, 13, 19, 17, 3, 10]",466.5,5.796140432357788
"[5, 2, 1, 8, 4, 16, 6, 7, 15, 12, 0, 11, 9, 18, 14, 13, 19, 17, 3, 10]",466.5,"[5, 2, 1, 8, 4, 16, 6, 7, 15, 12, 0, 11, 9, 18, 14, 13, 19, 17, 3, 10]",466.5,5.860145807266235
"[5, 2, 1, 8, 4, 16, 6, 7, 15, 12, 0, 11, 9, 18, 14, 13, 19, 17, 3, 10]",466.5,"[5, 2, 1, 8, 4, 16, 6, 7, 15, 12, 0, 11, 9, 18, 14, 13, 19, 17, 3, 10]",466.5,5.923144102096558
"[5, 2, 1, 8, 4, 16, 6, 7, 15, 12, 0, 11, 9, 18, 14, 13, 19, 17, 3, 10]",466.5,"[5, 2, 1, 8, 4, 16, 6, 7, 15, 12, 0, 11, 9, 18, 14, 13, 19, 17, 3, 10]",466.5,5.986141681671143
"[5, 2, 1, 8, 4, 16, 6, 7, 15, 12, 0, 11, 9, 18, 14, 13, 19, 17, 3, 10]",466.5,"[5, 2, 1, 8, 4, 16, 6, 7, 15, 12, 0, 11, 9, 18, 14, 13, 19, 17, 3, 10]",466.5,6.048153877258301
"[5, 2, 1, 8, 4, 16, 6, 7, 15, 12, 0, 11, 9, 18, 14, 13, 19, 17, 3, 10]",466.5,"[5, 2, 1, 8, 4, 16, 6, 7, 15, 12, 0, 11, 9, 18, 14, 13, 19, 17, 3, 10]",466.5,6.112204313278198
"[5, 2, 1, 8, 4, 16, 6, 7, 15, 12, 0, 11, 9, 18, 14, 13, 19, 17, 3, 10]",466.5,"[5, 2, 1, 8, 4, 16, 6, 7, 15, 12, 0, 11, 9, 18, 14, 13, 19, 17, 3, 10]",466.5,6.175142288208008
"[5, 2, 1, 8, 4, 16, 6, 7, 15, 12, 0, 11, 9, 18, 14, 13, 19, 17, 3, 10]",466.5,"[5, 2, 1, 8, 4, 16, 6, 7, 15, 12, 0, 11, 9, 18, 14, 13, 19, 17, 3, 10]",466.5,6.238147258758545
"[5, 2, 1, 8, 4, 16, 6, 7, 15, 12, 0, 11, 9, 18, 14, 13, 19, 17, 3, 10]",466.5,"[5, 2, 1, 8, 4, 16, 6, 7, 15, 12, 0, 11, 9, 18, 14, 13, 19, 17, 3, 10]",466.5,6.301145315170288
"[5, 2, 1, 8, 4, 16, 6, 7, 15, 12, 0, 11, 9, 18, 14, 13, 19, 17, 3, 10]",466.5,"[5, 2, 1, 8, 4, 16, 6, 7, 15, 12, 0, 11, 9, 18, 14, 13, 19, 17, 3, 10]",466.5,6.363161325454712
"[5, 2, 1, 8, 4, 16, 6, 7, 15, 12, 0, 11, 9, 18, 14, 13, 19, 17, 3, 10]",466.5,"[5, 2, 1, 8, 4, 16, 6, 7, 15, 12, 0, 11, 9, 18, 14, 13, 19, 17, 3, 10]",466.5,6.43315863609314
"[5, 2, 1, 8, 4, 16, 6, 7, 15, 12, 0, 11, 9, 18, 14, 13, 19, 17, 3, 10]",466.5,"[5, 2, 1, 8, 4, 16, 6, 7, 15, 12, 0, 11, 9, 18, 14, 13, 19, 17, 3, 10]",466.5,6.494153738021851
"[5, 2, 1, 8, 4, 16, 6, 7, 15, 12, 0, 11, 9, 18, 14, 13, 19, 17, 3, 10]",466.5,"[5, 2, 1, 8, 4, 16, 6, 7, 15, 12, 0, 11, 9, 18, 14, 13, 19, 17, 3, 10]",466.5,6.582154750823975
"[5, 2, 1, 8, 4, 16, 6, 7, 15, 12, 0, 11, 9, 18, 14, 13, 19, 17, 3, 10]",466.5,"[5, 2, 1, 8, 4, 16, 6, 7, 15, 12, 0, 11, 9, 18, 14, 13, 19, 17, 3, 10]",466.5,6.646150827407837
"[5, 2, 1, 8, 4, 16, 6, 7, 15, 12, 0, 11, 9, 18, 14, 13, 19, 17, 3, 10]",466.5,"[5, 2, 1, 8, 4, 16, 6, 7, 15, 12, 0, 11, 9, 18, 14, 13, 19, 17, 3, 10]",466.5,6.708160400390625
"[5, 2, 1, 8, 4, 16, 6, 7, 15, 12, 0, 11, 9, 18, 14, 13, 19, 17, 3, 10]",466.5,"[5, 2, 1, 8, 4, 16, 6, 7, 15, 12, 0, 11, 9, 18, 14, 13, 19, 17, 3, 10]",466.5,6.773151636123657
"[5, 2, 1, 8, 4, 16, 6, 7, 15, 12, 0, 11, 9, 18, 14, 13, 19, 17, 3, 10]",466.5,"[5, 2, 1, 8, 4, 16, 6, 7, 15, 12, 0, 11, 9, 18, 14, 13, 19, 17, 3, 10]",466.5,6.839156866073608
"[5, 2, 1, 8, 4, 16, 6, 7, 15, 12, 0, 11, 9, 18, 14, 13, 19, 17, 3, 10]",466.5,"[5, 2, 1, 8, 4, 16, 6, 7, 15, 12, 0, 11, 9, 18, 14, 13, 19, 17, 3, 10]",466.5,6.901155233383179
"[5, 2, 1, 8, 4, 16, 6, 7, 15, 12, 0, 11, 9, 18, 14, 13, 19, 17, 3, 10]",466.5,"[5, 2, 1, 8, 4, 16, 6, 7, 15, 12, 0, 11, 9, 18, 14, 13, 19, 17, 3, 10]",466.5,6.965181589126587
"[5, 2, 1, 8, 4, 16, 6, 7, 15, 12, 0, 11, 9, 18, 14, 13, 19, 17, 3, 10]",466.5,"[5, 2, 1, 8, 4, 16, 6, 7, 15, 12, 0, 11, 9, 18, 14, 13, 19, 17, 3, 10]",466.5,7.0263142585754395
"[5, 2, 1, 8, 4, 16, 6, 7, 15, 12, 0, 11, 9, 18, 14, 13, 19, 17, 3, 10]",466.5,"[5, 2, 1, 8, 4, 16, 6, 7, 15, 12, 0, 11, 9, 18, 14, 13, 19, 17, 3, 10]",466.5,7.087167978286743
"[5, 2, 1, 8, 4, 16, 6, 7, 15, 12, 0, 11, 9, 18, 14, 13, 19, 17, 3, 10]",466.5,"[5, 2, 1, 8, 4, 16, 6, 7, 15, 12, 0, 11, 9, 18, 14, 13, 19, 17, 3, 10]",466.5,7.151162147521973
"[5, 2, 1, 8, 4, 16, 6, 7, 15, 12, 0, 11, 9, 18, 14, 13, 19, 17, 3, 10]",466.5,"[5, 2, 1, 8, 4, 16, 6, 7, 15, 12, 0, 11, 9, 18, 14, 13, 19, 17, 3, 10]",466.5,7.219162940979004
"[5, 2, 1, 8, 4, 16, 6, 7, 15, 12, 0, 11, 9, 18, 14, 13, 19, 17, 3, 10]",466.5,"[5, 2, 1, 8, 4, 16, 6, 7, 15, 12, 0, 11, 9, 18, 14, 13, 19, 17, 3, 10]",466.5,7.282168865203857
"[5, 2, 1, 8, 4, 16, 6, 7, 15, 12, 0, 11, 9, 18, 14, 13, 19, 17, 3, 10]",466.5,"[5, 2, 1, 8, 4, 16, 6, 7, 15, 12, 0, 11, 9, 18, 14, 13, 19, 17, 3, 10]",466.5,7.34617018699646
"[5, 2, 1, 8, 4, 16, 6, 7, 15, 12, 0, 11, 9, 18, 14, 13, 19, 17, 3, 10]",466.5,"[5, 2, 1, 8, 4, 16, 6, 7, 15, 12, 0, 11, 9, 18, 14, 13, 19, 17, 3, 10]",466.5,7.411168336868286
"[5, 2, 1, 8, 4, 16, 6, 7, 15, 12, 0, 11, 9, 18, 14, 13, 19, 17, 3, 10]",466.5,"[5, 2, 1, 8, 4, 16, 6, 7, 15, 12, 0, 11, 9, 18, 14, 13, 19, 17, 3, 10]",466.5,7.47416877746582
"[5, 2, 1, 8, 4, 16, 6, 7, 15, 12, 0, 11, 9, 18, 14, 13, 19, 17, 3, 10]",466.5,"[5, 2, 1, 8, 4, 16, 6, 7, 15, 12, 0, 11, 9, 18, 14, 13, 19, 17, 3, 10]",466.5,7.541167497634888
"[5, 2, 1, 8, 4, 16, 6, 7, 15, 12, 0, 11, 9, 18, 14, 13, 19, 17, 3, 10]",466.5,"[5, 2, 1, 8, 4, 16, 6, 7, 15, 12, 0, 11, 9, 18, 14, 13, 19, 17, 3, 10]",466.5,7.603166580200195
"[5, 2, 1, 8, 4, 16, 6, 7, 15, 12, 0, 11, 9, 18, 14, 13, 19, 17, 3, 10]",466.5,"[5, 2, 1, 8, 4, 16, 6, 7, 15, 12, 0, 11, 9, 18, 14, 13, 19, 17, 3, 10]",466.5,7.665170431137085
"[5, 2, 1, 8, 4, 16, 6, 7, 15, 12, 0, 11, 9, 18, 14, 13, 19, 17, 3, 10]",466.5,"[5, 2, 1, 8, 4, 16, 6, 7, 15, 12, 0, 11, 9, 18, 14, 13, 19, 17, 3, 10]",466.5,7.728174209594727
"[5, 2, 1, 8, 4, 16, 6, 7, 15, 12, 0, 11, 9, 18, 14, 13, 19, 17, 3, 10]",466.5,"[5, 2, 1, 8, 4, 16, 6, 7, 15, 12, 0, 11, 9, 18, 14, 13, 19, 17, 3, 10]",466.5,7.794169902801514
"[5, 2, 1, 8, 4, 16, 6, 7, 15, 12, 0, 11, 9, 18, 14, 13, 19, 17, 3, 10]",466.5,"[5, 2, 1, 8, 4, 16, 6, 7, 15, 12, 0, 11, 9, 18, 14, 13, 19, 17, 3, 10]",466.5,7.860175371170044
"[5, 2, 1, 8, 4, 16, 6, 7, 15, 12, 0, 11, 9, 18, 14, 13, 19, 17, 3, 10]",466.5,"[5, 2, 1, 8, 4, 16, 6, 7, 15, 12, 0, 11, 9, 18, 14, 13, 19, 17, 3, 10]",466.5,7.923172235488892
"[5, 2, 1, 8, 4, 16, 6, 7, 15, 12, 0, 11, 9, 18, 14, 13, 19, 17, 3, 10]",466.5,"[5, 2, 1, 8, 4, 16, 6, 7, 15, 12, 0, 11, 9, 18, 14, 13, 19, 17, 3, 10]",466.5,7.984178304672241
"[5, 2, 1, 8, 4, 16, 6, 7, 15, 12, 0, 11, 9, 18, 14, 13, 19, 17, 3, 10]",466.5,"[5, 2, 1, 8, 4, 16, 6, 7, 15, 12, 0, 11, 9, 18, 14, 13, 19, 17, 3, 10]",466.5,8.04517412185669
"[5, 2, 1, 8, 4, 16, 6, 7, 15, 12, 0, 11, 9, 18, 14, 13, 19, 17, 3, 10]",466.5,"[5, 2, 1, 8, 4, 16, 6, 7, 15, 12, 0, 11, 9, 18, 14, 13, 19, 17, 3, 10]",466.5,8.107180833816528
"[5, 2, 1, 8, 4, 16, 6, 7, 15, 12, 0, 11, 9, 18, 14, 13, 19, 17, 3, 10]",466.5,"[5, 2, 1, 8, 4, 16, 6, 7, 15, 12, 0, 11, 9, 18, 14, 13, 19, 17, 3, 10]",466.5,8.170182943344116
"[5, 2, 1, 8, 4, 16, 6, 7, 15, 12, 0, 11, 9, 18, 14, 13, 19, 17, 3, 10]",466.5,"[5, 2, 1, 8, 4, 16, 6, 7, 15, 12, 0, 11, 9, 18, 14, 13, 19, 17, 3, 10]",466.5,8.230180740356445
"[5, 2, 1, 8, 4, 16, 6, 7, 15, 12, 0, 11, 9, 18, 14, 13, 19, 17, 3, 10]",466.5,"[5, 2, 1, 8, 4, 16, 6, 7, 15, 12, 0, 11, 9, 18, 14, 13, 19, 17, 3, 10]",466.5,8.2921884059906
"[5, 2, 1, 8, 4, 16, 6, 7, 15, 12, 0, 11, 9, 18, 14, 13, 19, 17, 3, 10]",466.5,"[5, 2, 1, 8, 4, 16, 6, 7, 15, 12, 0, 11, 9, 18, 14, 13, 19, 17, 3, 10]",466.5,8.352182865142822
"[5, 2, 1, 8, 4, 16, 6, 7, 15, 12, 0, 11, 9, 18, 14, 13, 19, 17, 3, 10]",466.5,"[5, 2, 1, 8, 4, 16, 6, 7, 15, 12, 0, 11, 9, 18, 14, 13, 19, 17, 3, 10]",466.5,8.416183471679688
"[5, 2, 1, 8, 4, 16, 6, 7, 15, 12, 0, 11, 9, 18, 14, 13, 19, 17, 3, 10]",466.5,"[5, 2, 1, 8, 4, 16, 6, 7, 15, 12, 0, 11, 9, 18, 14, 13, 19, 17, 3, 10]",466.5,8.478181600570679
"[5, 2, 1, 8, 4, 16, 6, 7, 15, 12, 0, 11, 9, 18, 14, 13, 19, 17, 3, 10]",466.5,"[5, 2, 1, 8, 4, 16, 6, 7, 15, 12, 0, 11, 9, 18, 14, 13, 19, 17, 3, 10]",466.5,8.539188861846924
"[5, 2, 1, 8, 4, 16, 6, 7, 15, 12, 0, 11, 9, 18, 14, 13, 19, 17, 3, 10]",466.5,"[5, 2, 1, 8, 4, 16, 6, 7, 15, 12, 0, 11, 9, 18, 14, 13, 19, 17, 3, 10]",466.5,8.602185249328613
"[5, 2, 1, 8, 4, 16, 6, 7, 15, 12, 0, 11, 9, 18, 14, 13, 19, 17, 3, 10]",466.5,"[5, 2, 1, 8, 4, 16, 6, 7, 15, 12, 0, 11, 9, 18, 14, 13, 19, 17, 3, 10]",466.5,8.662188053131104
"[5, 2, 1, 8, 4, 16, 6, 7, 15, 12, 0, 11, 9, 18, 14, 13, 19, 17, 3, 10]",466.5,"[5, 2, 1, 8, 4, 16, 6, 7, 15, 12, 0, 11, 9, 18, 14, 13, 19, 17, 3, 10]",466.5,8.728187799453735
"[5, 2, 1, 8, 4, 16, 6, 7, 15, 12, 0, 11, 9, 18, 14, 13, 19, 17, 3, 10]",466.5,"[5, 2, 1, 8, 4, 16, 6, 7, 15, 12, 0, 11, 9, 18, 14, 13, 19, 17, 3, 10]",466.5,8.790191173553467
"[5, 2, 1, 8, 4, 16, 6, 7, 15, 12, 0, 11, 9, 18, 14, 13, 19, 17, 3, 10]",466.5,"[5, 2, 1, 8, 4, 16, 6, 7, 15, 12, 0, 11, 9, 18, 14, 13, 19, 17, 3, 10]",466.5,8.857189893722534
"[5, 2, 1, 8, 4, 16, 6, 7, 15, 12, 0, 11, 9, 18, 14, 13, 19, 17, 3, 10]",466.5,"[5, 2, 1, 8, 4, 16, 6, 7, 15, 12, 0, 11, 9, 18, 14, 13, 19, 17, 3, 10]",466.5,8.923202514648438
"[5, 2, 1, 8, 4, 16, 6, 7, 15, 12, 0, 11, 9, 18, 14, 13, 19, 17, 3, 10]",466.5,"[5, 2, 1, 8, 4, 16, 6, 7, 15, 12, 0, 11, 9, 18, 14, 13, 19, 17, 3, 10]",466.5,8.993197202682495
"[5, 2, 1, 8, 4, 16, 6, 7, 15, 12, 0, 11, 9, 18, 14, 13, 19, 17, 3, 10]",466.5,"[5, 2, 1, 8, 4, 16, 6, 7, 15, 12, 0, 11, 9, 18, 14, 13, 19, 17, 3, 10]",466.5,9.05819296836853
"[5, 2, 1, 8, 4, 16, 6, 7, 15, 12, 0, 11, 9, 18, 14, 13, 19, 17, 3, 10]",466.5,"[5, 2, 1, 8, 4, 16, 6, 7, 15, 12, 0, 11, 9, 18, 14, 13, 19, 17, 3, 10]",466.5,9.122194051742554
"[5, 2, 1, 8, 4, 16, 6, 7, 15, 12, 0, 11, 9, 18, 14, 13, 19, 17, 3, 10]",466.5,"[5, 2, 1, 8, 4, 16, 6, 7, 15, 12, 0, 11, 9, 18, 14, 13, 19, 17, 3, 10]",466.5,9.186195611953735
"[5, 2, 1, 8, 4, 16, 6, 7, 15, 12, 0, 11, 9, 18, 14, 13, 19, 17, 3, 10]",466.5,"[5, 2, 1, 8, 4, 16, 6, 7, 15, 12, 0, 11, 9, 18, 14, 13, 19, 17, 3, 10]",466.5,9.249198198318481
"[5, 2, 1, 8, 4, 16, 6, 7, 15, 12, 0, 11, 9, 18, 14, 13, 19, 17, 3, 10]",466.5,"[5, 2, 1, 8, 4, 16, 6, 7, 15, 12, 0, 11, 9, 18, 14, 13, 19, 17, 3, 10]",466.5,9.31319785118103
"[5, 2, 1, 8, 4, 16, 6, 7, 15, 12, 0, 11, 9, 18, 14, 13, 19, 17, 3, 10]",466.5,"[5, 2, 1, 8, 4, 16, 6, 7, 15, 12, 0, 11, 9, 18, 14, 13, 19, 17, 3, 10]",466.5,9.378239631652832
"[5, 2, 1, 8, 4, 16, 6, 7, 15, 12, 0, 11, 9, 18, 14, 13, 19, 17, 3, 10]",466.5,"[5, 2, 1, 8, 4, 16, 6, 7, 15, 12, 0, 11, 9, 18, 14, 13, 19, 17, 3, 10]",466.5,9.440206527709961
"[5, 2, 1, 8, 4, 16, 6, 7, 15, 12, 0, 11, 9, 18, 14, 13, 19, 17, 3, 10]",466.5,"[5, 2, 1, 8, 4, 16, 6, 7, 15, 12, 0, 11, 9, 18, 14, 13, 19, 17, 3, 10]",466.5,9.502205610275269
"[5, 2, 1, 8, 4, 16, 6, 7, 15, 12, 0, 11, 9, 18, 14, 13, 19, 17, 3, 10]",466.5,"[5, 2, 1, 8, 4, 16, 6, 7, 15, 12, 0, 11, 9, 18, 14, 13, 19, 17, 3, 10]",466.5,9.566200256347656
"[5, 2, 1, 8, 4, 16, 6, 7, 15, 12, 0, 11, 9, 18, 14, 13, 19, 17, 3, 10]",466.5,"[5, 2, 1, 8, 4, 16, 6, 7, 15, 12, 0, 11, 9, 18, 14, 13, 19, 17, 3, 10]",466.5,9.628206491470337
"[5, 2, 1, 8, 4, 16, 6, 7, 15, 12, 0, 11, 9, 18, 14, 13, 19, 17, 3, 10]",466.5,"[5, 2, 1, 8, 4, 16, 6, 7, 15, 12, 0, 11, 9, 18, 14, 13, 19, 17, 3, 10]",466.5,9.690206527709961
"[5, 2, 1, 8, 4, 16, 6, 7, 15, 12, 0, 11, 9, 18, 14, 13, 19, 17, 3, 10]",466.5,"[5, 2, 1, 8, 4, 16, 6, 7, 15, 12, 0, 11, 9, 18, 14, 13, 19, 17, 3, 10]",466.5,9.752223491668701
"[5, 2, 1, 8, 4, 16, 6, 7, 15, 12, 0, 11, 9, 18, 14, 13, 19, 17, 3, 10]",466.5,"[5, 2, 1, 8, 4, 16, 6, 7, 15, 12, 0, 11, 9, 18, 14, 13, 19, 17, 3, 10]",466.5,9.813205242156982
"[5, 2, 1, 8, 4, 16, 6, 7, 15, 12, 0, 11, 9, 18, 14, 13, 19, 17, 3, 10]",466.5,"[5, 2, 1, 8, 4, 16, 6, 7, 15, 12, 0, 11, 9, 18, 14, 13, 19, 17, 3, 10]",466.5,9.875207901000977
"[5, 2, 1, 8, 4, 16, 6, 7, 15, 12, 0, 11, 9, 18, 14, 13, 19, 17, 3, 10]",466.5,"[5, 2, 1, 8, 4, 16, 6, 7, 15, 12, 0, 11, 9, 18, 14, 13, 19, 17, 3, 10]",466.5,9.938205242156982
"[5, 2, 1, 8, 4, 16, 6, 7, 15, 12, 0, 11, 9, 18, 14, 13, 19, 17, 3, 10]",466.5,"[5, 2, 1, 8, 4, 16, 6, 7, 15, 12, 0, 11, 9, 18, 14, 13, 19, 17, 3, 10]",466.5,10.000209331512451
"[5, 2, 1, 8, 4, 16, 6, 7, 15, 12, 0, 11, 9, 18, 14, 13, 19, 17, 3, 10]",466.5,"[5, 2, 1, 8, 4, 16, 6, 7, 15, 12, 0, 11, 9, 18, 14, 13, 19, 17, 3, 10]",466.5,10.062212228775024
"[5, 2, 1, 8, 4, 16, 6, 7, 15, 12, 0, 11, 9, 18, 14, 13, 19, 17, 3, 10]",466.5,"[5, 2, 1, 8, 4, 16, 6, 7, 15, 12, 0, 11, 9, 18, 14, 13, 19, 17, 3, 10]",466.5,10.125211238861084
"[5, 2, 1, 8, 4, 16, 6, 7, 15, 12, 0, 11, 9, 18, 14, 13, 19, 17, 3, 10]",466.5,"[5, 2, 1, 8, 4, 16, 6, 7, 15, 12, 0, 11, 9, 18, 14, 13, 19, 17, 3, 10]",466.5,10.188208103179932
"[5, 2, 1, 8, 4, 16, 6, 7, 15, 12, 0, 11, 9, 18, 14, 13, 19, 17, 3, 10]",466.5,"[5, 2, 1, 8, 4, 16, 6, 7, 15, 12, 0, 11, 9, 18, 14, 13, 19, 17, 3, 10]",466.5,10.251212358474731
"[5, 2, 1, 8, 4, 16, 6, 7, 15, 12, 0, 11, 9, 18, 14, 13, 19, 17, 3, 10]",466.5,"[5, 2, 1, 8, 4, 16, 6, 7, 15, 12, 0, 11, 9, 18, 14, 13, 19, 17, 3, 10]",466.5,10.315213203430176
"[5, 2, 1, 8, 4, 16, 6, 7, 15, 12, 0, 11, 9, 18, 14, 13, 19, 17, 3, 10]",466.5,"[5, 2, 1, 8, 4, 16, 6, 7, 15, 12, 0, 11, 9, 18, 14, 13, 19, 17, 3, 10]",466.5,10.378215074539185
"[5, 2, 1, 8, 4, 16, 6, 7, 15, 12, 0, 11, 9, 18, 14, 13, 19, 17, 3, 10]",466.5,"[5, 2, 1, 8, 4, 16, 6, 7, 15, 12, 0, 11, 9, 18, 14, 13, 19, 17, 3, 10]",466.5,10.444216966629028
"[5, 2, 1, 8, 4, 16, 6, 7, 15, 12, 0, 11, 9, 18, 14, 13, 19, 17, 3, 10]",466.5,"[5, 2, 1, 8, 4, 16, 6, 7, 15, 12, 0, 11, 9, 18, 14, 13, 19, 17, 3, 10]",466.5,10.5112144947052
"[5, 2, 1, 8, 4, 16, 6, 7, 15, 12, 0, 11, 9, 18, 14, 13, 19, 17, 3, 10]",466.5,"[5, 2, 1, 8, 4, 16, 6, 7, 15, 12, 0, 11, 9, 18, 14, 13, 19, 17, 3, 10]",466.5,10.578220844268799
"[5, 2, 1, 8, 4, 16, 6, 7, 15, 12, 0, 11, 9, 18, 14, 13, 19, 17, 3, 10]",466.5,"[5, 2, 1, 8, 4, 16, 6, 7, 15, 12, 0, 11, 9, 18, 14, 13, 19, 17, 3, 10]",466.5,10.643216609954834
"[5, 2, 1, 8, 4, 16, 6, 7, 15, 12, 0, 11, 9, 18, 14, 13, 19, 17, 3, 10]",466.5,"[5, 2, 1, 8, 4, 16, 6, 7, 15, 12, 0, 11, 9, 18, 14, 13, 19, 17, 3, 10]",466.5,10.707217931747437
"[5, 2, 1, 8, 4, 16, 6, 7, 15, 12, 0, 11, 9, 18, 14, 13, 19, 17, 3, 10]",466.5,"[5, 2, 1, 8, 4, 16, 6, 7, 15, 12, 0, 11, 9, 18, 14, 13, 19, 17, 3, 10]",466.5,10.769234657287598
"[5, 2, 1, 8, 4, 16, 6, 7, 15, 12, 0, 11, 9, 18, 14, 13, 19, 17, 3, 10]",466.5,"[5, 2, 1, 8, 4, 16, 6, 7, 15, 12, 0, 11, 9, 18, 14, 13, 19, 17, 3, 10]",466.5,10.832222700119019
"[5, 2, 1, 8, 4, 16, 6, 7, 15, 12, 0, 11, 9, 18, 14, 13, 19, 17, 3, 10]",466.5,"[5, 2, 1, 8, 4, 16, 6, 7, 15, 12, 0, 11, 9, 18, 14, 13, 19, 17, 3, 10]",466.5,10.897228479385376
"[5, 2, 1, 8, 4, 16, 6, 7, 15, 12, 0, 11, 9, 18, 14, 13, 19, 17, 3, 10]",466.5,"[5, 2, 1, 8, 4, 16, 6, 7, 15, 12, 0, 11, 9, 18, 14, 13, 19, 17, 3, 10]",466.5,10.958223581314087
"[5, 2, 1, 8, 4, 16, 6, 7, 15, 12, 0, 11, 9, 18, 14, 13, 19, 17, 3, 10]",466.5,"[5, 2, 1, 8, 4, 16, 6, 7, 15, 12, 0, 11, 9, 18, 14, 13, 19, 17, 3, 10]",466.5,11.023226737976074
"[5, 2, 1, 8, 4, 16, 6, 7, 15, 12, 0, 11, 9, 18, 14, 13, 19, 17, 3, 10]",466.5,"[5, 2, 1, 8, 4, 16, 6, 7, 15, 12, 0, 11, 9, 18, 14, 13, 19, 17, 3, 10]",466.5,11.08426022529602
"[5, 2, 1, 8, 4, 16, 6, 7, 15, 12, 0, 11, 9, 18, 14, 13, 19, 17, 3, 10]",466.5,"[5, 2, 1, 8, 4, 16, 6, 7, 15, 12, 0, 11, 9, 18, 14, 13, 19, 17, 3, 10]",466.5,11.145225524902344
"[5, 2, 1, 8, 4, 16, 6, 7, 15, 12, 0, 11, 9, 18, 14, 13, 19, 17, 3, 10]",466.5,"[5, 2, 1, 8, 4, 16, 6, 7, 15, 12, 0, 11, 9, 18, 14, 13, 19, 17, 3, 10]",466.5,11.209229946136475
"[5, 2, 1, 8, 4, 16, 6, 7, 15, 12, 0, 11, 9, 18, 14, 13, 19, 17, 3, 10]",466.5,"[5, 2, 1, 8, 4, 16, 6, 7, 15, 12, 0, 11, 9, 18, 14, 13, 19, 17, 3, 10]",466.5,11.27123475074768
"[5, 2, 1, 8, 4, 16, 6, 7, 15, 12, 0, 11, 9, 18, 14, 13, 19, 17, 3, 10]",466.5,"[5, 2, 1, 8, 4, 16, 6, 7, 15, 12, 0, 11, 9, 18, 14, 13, 19, 17, 3, 10]",466.5,11.332230806350708
"[5, 2, 1, 8, 4, 16, 6, 7, 15, 12, 0, 11, 9, 18, 14, 13, 19, 17, 3, 10]",466.5,"[5, 2, 1, 8, 4, 16, 6, 7, 15, 12, 0, 11, 9, 18, 14, 13, 19, 17, 3, 10]",466.5,11.393245697021484
"[5, 2, 1, 8, 4, 16, 6, 7, 15, 12, 0, 11, 9, 18, 14, 13, 19, 17, 3, 10]",466.5,"[5, 2, 1, 8, 4, 16, 6, 7, 15, 12, 0, 11, 9, 18, 14, 13, 19, 17, 3, 10]",466.5,11.455230236053467
"[5, 2, 1, 8, 4, 16, 6, 7, 15, 12, 0, 11, 9, 18, 14, 13, 19, 17, 3, 10]",466.5,"[5, 2, 1, 8, 4, 16, 6, 7, 15, 12, 0, 11, 9, 18, 14, 13, 19, 17, 3, 10]",466.5,11.517235279083252
"[5, 2, 1, 8, 4, 16, 6, 7, 15, 12, 0, 11, 9, 18, 14, 13, 19, 17, 3, 10]",466.5,"[5, 2, 1, 8, 4, 16, 6, 7, 15, 12, 0, 11, 9, 18, 14, 13, 19, 17, 3, 10]",466.5,11.582236289978027
"[5, 2, 1, 8, 4, 16, 6, 7, 15, 12, 0, 11, 9, 18, 14, 13, 19, 17, 3, 10]",466.5,"[5, 2, 1, 8, 4, 16, 6, 7, 15, 12, 0, 11, 9, 18, 14, 13, 19, 17, 3, 10]",466.5,11.64223861694336
"[5, 2, 1, 8, 4, 16, 6, 7, 15, 12, 0, 11, 9, 18, 14, 13, 19, 17, 3, 10]",466.5,"[5, 2, 1, 8, 4, 16, 6, 7, 15, 12, 0, 11, 9, 18, 14, 13, 19, 17, 3, 10]",466.5,11.703237771987915
"[5, 2, 1, 8, 4, 16, 6, 7, 15, 12, 0, 11, 9, 18, 14, 13, 19, 17, 3, 10]",466.5,"[5, 2, 1, 8, 4, 16, 6, 7, 15, 12, 0, 11, 9, 18, 14, 13, 19, 17, 3, 10]",466.5,11.767245769500732
"[5, 2, 1, 8, 4, 16, 6, 7, 15, 12, 0, 11, 9, 18, 14, 13, 19, 17, 3, 10]",466.5,"[5, 2, 1, 8, 4, 16, 6, 7, 15, 12, 0, 11, 9, 18, 14, 13, 19, 17, 3, 10]",466.5,11.832239151000977
"[5, 2, 1, 8, 4, 16, 6, 7, 15, 12, 0, 11, 9, 18, 14, 13, 19, 17, 3, 10]",466.5,"[5, 2, 1, 8, 4, 16, 6, 7, 15, 12, 0, 11, 9, 18, 14, 13, 19, 17, 3, 10]",466.5,11.897241592407227
"[5, 2, 1, 8, 4, 16, 6, 7, 15, 12, 0, 11, 9, 18, 14, 13, 19, 17, 3, 10]",466.5,"[5, 2, 1, 8, 4, 16, 6, 7, 15, 12, 0, 11, 9, 18, 14, 13, 19, 17, 3, 10]",466.5,11.95924425125122
"[5, 2, 1, 8, 4, 16, 6, 7, 15, 12, 0, 11, 9, 18, 14, 13, 19, 17, 3, 10]",466.5,"[5, 2, 1, 8, 4, 16, 6, 7, 15, 12, 0, 11, 9, 18, 14, 13, 19, 17, 3, 10]",466.5,12.02524209022522
"[5, 2, 1, 8, 4, 16, 6, 7, 15, 12, 0, 11, 9, 18, 14, 13, 19, 17, 3, 10]",466.5,"[5, 2, 1, 8, 4, 16, 6, 7, 15, 12, 0, 11, 9, 18, 14, 13, 19, 17, 3, 10]",466.5,12.08924388885498
"[5, 2, 1, 8, 4, 16, 6, 7, 15, 12, 0, 11, 9, 18, 14, 13, 19, 17, 3, 10]",466.5,"[5, 2, 1, 8, 4, 16, 6, 7, 15, 12, 0, 11, 9, 18, 14, 13, 19, 17, 3, 10]",466.5,12.153246641159058
"[5, 2, 1, 8, 4, 16, 6, 7, 15, 12, 0, 11, 9, 18, 14, 13, 19, 17, 3, 10]",466.5,"[5, 2, 1, 8, 4, 16, 6, 7, 15, 12, 0, 11, 9, 18, 14, 13, 19, 17, 3, 10]",466.5,12.215248823165894
"[5, 2, 1, 8, 4, 16, 6, 7, 15, 12, 0, 11, 9, 18, 14, 13, 19, 17, 3, 10]",466.5,"[5, 2, 1, 8, 4, 16, 6, 7, 15, 12, 0, 11, 9, 18, 14, 13, 19, 17, 3, 10]",466.5,12.277247905731201
"[5, 2, 1, 8, 4, 16, 6, 7, 15, 12, 0, 11, 9, 18, 14, 13, 19, 17, 3, 10]",466.5,"[5, 2, 1, 8, 4, 16, 6, 7, 15, 12, 0, 11, 9, 18, 14, 13, 19, 17, 3, 10]",466.5,12.337247610092163
"[5, 2, 1, 8, 4, 16, 6, 7, 15, 12, 0, 11, 9, 18, 14, 13, 19, 17, 3, 10]",466.5,"[5, 2, 1, 8, 4, 16, 6, 7, 15, 12, 0, 11, 9, 18, 14, 13, 19, 17, 3, 10]",466.5,12.398248434066772
"[5, 2, 1, 8, 4, 16, 6, 7, 15, 12, 0, 11, 9, 18, 14, 13, 19, 17, 3, 10]",466.5,"[5, 2, 1, 8, 4, 16, 6, 7, 15, 12, 0, 11, 9, 18, 14, 13, 19, 17, 3, 10]",466.5,12.461261987686157
"[5, 2, 1, 8, 4, 16, 6, 7, 15, 12, 0, 11, 9, 18, 14, 13, 19, 17, 3, 10]",466.5,"[5, 2, 1, 8, 4, 16, 6, 7, 15, 12, 0, 11, 9, 18, 14, 13, 19, 17, 3, 10]",466.5,12.522255420684814
"[5, 2, 1, 8, 4, 16, 6, 7, 15, 12, 0, 11, 9, 18, 14, 13, 19, 17, 3, 10]",466.5,"[5, 2, 1, 8, 4, 16, 6, 7, 15, 12, 0, 11, 9, 18, 14, 13, 19, 17, 3, 10]",466.5,12.583251714706421
"[5, 2, 1, 8, 4, 16, 6, 7, 15, 12, 0, 11, 9, 18, 14, 13, 19, 17, 3, 10]",466.5,"[5, 2, 1, 8, 4, 16, 6, 7, 15, 12, 0, 11, 9, 18, 14, 13, 19, 17, 3, 10]",466.5,12.645254611968994
"[5, 2, 1, 8, 4, 16, 6, 7, 15, 12, 0, 11, 9, 18, 14, 13, 19, 17, 3, 10]",466.5,"[5, 2, 1, 8, 4, 16, 6, 7, 15, 12, 0, 11, 9, 18, 14, 13, 19, 17, 3, 10]",466.5,12.706259965896606
"[5, 2, 1, 8, 4, 16, 6, 7, 15, 12, 0, 11, 9, 18, 14, 13, 19, 17, 3, 10]",466.5,"[5, 2, 1, 8, 4, 16, 6, 7, 15, 12, 0, 11, 9, 18, 14, 13, 19, 17, 3, 10]",466.5,12.771255016326904
"[5, 2, 1, 8, 4, 16, 6, 7, 15, 12, 0, 11, 9, 18, 14, 13, 19, 17, 3, 10]",466.5,"[5, 2, 1, 8, 4, 16, 6, 7, 15, 12, 0, 11, 9, 18, 14, 13, 19, 17, 3, 10]",466.5,12.834256172180176
"[5, 2, 1, 8, 4, 16, 6, 7, 15, 12, 0, 11, 9, 18, 14, 13, 19, 17, 3, 10]",466.5,"[5, 2, 1, 8, 4, 16, 6, 7, 15, 12, 0, 11, 9, 18, 14, 13, 19, 17, 3, 10]",466.5,12.899269104003906
