Sequence,Fitness,Best_sequence,Best_fitness,Time
"[0, 1, 2, 3, 4, 5, 6, 7, 8, 9, 10, 11, 12, 13, 14, 15, 16, 17, 18, 19]",971.5,"[0, 1, 2, 3, 4, 5, 6, 7, 8, 9, 10, 11, 12, 13, 14, 15, 16, 17, 18, 19]",971.5,0.0
"[0, 1, 2, 3, 4, 5, 6, 7, 8, 9, 10, 11, 12, 13, 14, 15, 16, 17, 18, 19]",971.5,"[0, 1, 2, 3, 4, 5, 6, 7, 8, 9, 10, 11, 12, 13, 14, 15, 16, 17, 18, 19]",971.5,0.060002803802490234
"[0, 1, 2, 10, 4, 5, 6, 7, 8, 9, 3, 11, 12, 13, 14, 15, 16, 17, 18, 19]",968.0,"[0, 1, 2, 10, 4, 5, 6, 7, 8, 9, 3, 11, 12, 13, 14, 15, 16, 17, 18, 19]",968.0,0.1230475902557373
"[0, 1, 2, 10, 4, 5, 6, 7, 8, 9, 3, 11, 12, 13, 14, 15, 16, 17, 18, 19]",968.0,"[0, 1, 2, 10, 4, 5, 6, 7, 8, 9, 3, 11, 12, 13, 14, 15, 16, 17, 18, 19]",968.0,0.18900632858276367
"[0, 1, 2, 10, 4, 5, 6, 7, 8, 9, 19, 11, 12, 13, 14, 15, 16, 17, 18, 3]",921.0,"[0, 1, 2, 10, 4, 5, 6, 7, 8, 9, 19, 11, 12, 13, 14, 15, 16, 17, 18, 3]",921.0,0.25099897384643555
"[0, 1, 2, 10, 4, 5, 6, 7, 8, 11, 19, 9, 12, 13, 14, 15, 16, 17, 18, 3]",908.0,"[0, 1, 2, 10, 4, 5, 6, 7, 8, 11, 19, 9, 12, 13, 14, 15, 16, 17, 18, 3]",908.0,0.3140115737915039
"[0, 1, 2, 10, 4, 5, 6, 7, 8, 11, 19, 9, 12, 13, 14, 15, 16, 17, 18, 3]",908.0,"[0, 1, 2, 10, 4, 5, 6, 7, 8, 11, 19, 9, 12, 13, 14, 15, 16, 17, 18, 3]",908.0,0.3760097026824951
"[0, 1, 2, 10, 4, 5, 6, 7, 8, 11, 19, 9, 12, 13, 14, 15, 16, 17, 18, 3]",908.0,"[0, 1, 2, 10, 4, 5, 6, 7, 8, 11, 19, 9, 12, 13, 14, 15, 16, 17, 18, 3]",908.0,0.4390106201171875
"[0, 1, 2, 10, 4, 5, 6, 7, 8, 11, 19, 9, 12, 13, 14, 15, 16, 17, 18, 3]",908.0,"[0, 1, 2, 10, 4, 5, 6, 7, 8, 11, 19, 9, 12, 13, 14, 15, 16, 17, 18, 3]",908.0,0.5020081996917725
"[0, 1, 17, 10, 4, 5, 6, 7, 8, 11, 19, 9, 12, 13, 14, 15, 16, 2, 18, 3]",895.5,"[0, 1, 17, 10, 4, 5, 6, 7, 8, 11, 19, 9, 12, 13, 14, 15, 16, 2, 18, 3]",895.5,0.565009593963623
"[0, 1, 17, 10, 4, 5, 6, 7, 8, 11, 19, 9, 12, 13, 14, 15, 16, 2, 18, 3]",895.5,"[0, 1, 17, 10, 4, 5, 6, 7, 8, 11, 19, 9, 12, 13, 14, 15, 16, 2, 18, 3]",895.5,0.6260077953338623
"[0, 1, 17, 10, 4, 5, 6, 7, 8, 11, 19, 9, 12, 13, 14, 15, 16, 2, 18, 3]",895.5,"[0, 1, 17, 10, 4, 5, 6, 7, 8, 11, 19, 9, 12, 13, 14, 15, 16, 2, 18, 3]",895.5,0.6870110034942627
"[0, 1, 17, 10, 4, 5, 6, 7, 8, 11, 19, 9, 12, 13, 14, 15, 16, 2, 18, 3]",895.5,"[0, 1, 17, 10, 4, 5, 6, 7, 8, 11, 19, 9, 12, 13, 14, 15, 16, 2, 18, 3]",895.5,0.7510364055633545
"[0, 19, 17, 10, 4, 5, 6, 7, 8, 11, 1, 9, 12, 13, 14, 15, 16, 2, 18, 3]",869.0,"[0, 19, 17, 10, 4, 5, 6, 7, 8, 11, 1, 9, 12, 13, 14, 15, 16, 2, 18, 3]",869.0,0.8140125274658203
"[0, 19, 17, 10, 4, 5, 6, 7, 8, 11, 1, 9, 12, 13, 14, 15, 16, 2, 18, 3]",869.0,"[0, 19, 17, 10, 4, 5, 6, 7, 8, 11, 1, 9, 12, 13, 14, 15, 16, 2, 18, 3]",869.0,0.8820152282714844
"[0, 15, 17, 10, 4, 5, 6, 7, 8, 11, 1, 9, 12, 13, 14, 19, 16, 2, 18, 3]",868.0,"[0, 15, 17, 10, 4, 5, 6, 7, 8, 11, 1, 9, 12, 13, 14, 19, 16, 2, 18, 3]",868.0,0.947014570236206
"[0, 15, 17, 10, 4, 5, 6, 7, 8, 11, 1, 9, 12, 13, 14, 19, 16, 2, 18, 3]",868.0,"[0, 15, 17, 10, 4, 5, 6, 7, 8, 11, 1, 9, 12, 13, 14, 19, 16, 2, 18, 3]",868.0,1.01302170753479
"[0, 15, 17, 10, 4, 5, 6, 7, 8, 11, 1, 9, 12, 13, 14, 19, 16, 2, 18, 3]",868.0,"[0, 15, 17, 10, 4, 5, 6, 7, 8, 11, 1, 9, 12, 13, 14, 19, 16, 2, 18, 3]",868.0,1.0787630081176758
"[0, 15, 17, 10, 4, 5, 6, 7, 8, 11, 1, 9, 12, 13, 14, 19, 16, 2, 18, 3]",868.0,"[0, 15, 17, 10, 4, 5, 6, 7, 8, 11, 1, 9, 12, 13, 14, 19, 16, 2, 18, 3]",868.0,1.1440258026123047
"[0, 15, 17, 10, 4, 5, 6, 7, 8, 11, 1, 9, 12, 13, 14, 19, 16, 2, 18, 3]",868.0,"[0, 15, 17, 10, 4, 5, 6, 7, 8, 11, 1, 9, 12, 13, 14, 19, 16, 2, 18, 3]",868.0,1.2080206871032715
"[0, 15, 17, 10, 4, 5, 6, 7, 8, 11, 1, 9, 12, 13, 14, 19, 16, 2, 18, 3]",868.0,"[0, 15, 17, 10, 4, 5, 6, 7, 8, 11, 1, 9, 12, 13, 14, 19, 16, 2, 18, 3]",868.0,1.2720203399658203
"[0, 15, 17, 10, 4, 14, 6, 7, 8, 11, 1, 9, 12, 13, 5, 19, 16, 2, 18, 3]",864.5,"[0, 15, 17, 10, 4, 14, 6, 7, 8, 11, 1, 9, 12, 13, 5, 19, 16, 2, 18, 3]",864.5,1.333021879196167
"[0, 15, 17, 10, 4, 14, 6, 7, 8, 11, 1, 9, 12, 13, 5, 19, 16, 2, 18, 3]",864.5,"[0, 15, 17, 10, 4, 14, 6, 7, 8, 11, 1, 9, 12, 13, 5, 19, 16, 2, 18, 3]",864.5,1.3920257091522217
"[0, 15, 17, 10, 4, 14, 6, 7, 8, 11, 1, 9, 12, 13, 5, 19, 16, 2, 18, 3]",864.5,"[0, 15, 17, 10, 4, 14, 6, 7, 8, 11, 1, 9, 12, 13, 5, 19, 16, 2, 18, 3]",864.5,1.4570233821868896
"[0, 15, 17, 10, 4, 14, 6, 7, 8, 11, 1, 9, 12, 13, 5, 19, 16, 2, 18, 3]",864.5,"[0, 15, 17, 10, 4, 14, 6, 7, 8, 11, 1, 9, 12, 13, 5, 19, 16, 2, 18, 3]",864.5,1.526021957397461
"[0, 15, 17, 10, 4, 14, 6, 7, 8, 11, 1, 9, 12, 13, 5, 19, 16, 2, 18, 3]",864.5,"[0, 15, 17, 10, 4, 14, 6, 7, 8, 11, 1, 9, 12, 13, 5, 19, 16, 2, 18, 3]",864.5,1.5910229682922363
"[0, 15, 17, 10, 4, 14, 6, 7, 8, 11, 1, 9, 12, 13, 5, 19, 16, 2, 18, 3]",864.5,"[0, 15, 17, 10, 4, 14, 6, 7, 8, 11, 1, 9, 12, 13, 5, 19, 16, 2, 18, 3]",864.5,1.6610417366027832
"[0, 15, 17, 10, 4, 14, 6, 7, 8, 11, 1, 9, 12, 13, 5, 19, 18, 2, 16, 3]",845.5,"[0, 15, 17, 10, 4, 14, 6, 7, 8, 11, 1, 9, 12, 13, 5, 19, 18, 2, 16, 3]",845.5,1.7250304222106934
"[0, 15, 17, 10, 4, 14, 6, 7, 8, 11, 1, 9, 12, 13, 5, 19, 18, 2, 16, 3]",845.5,"[0, 15, 17, 10, 4, 14, 6, 7, 8, 11, 1, 9, 12, 13, 5, 19, 18, 2, 16, 3]",845.5,1.7880284786224365
"[0, 15, 17, 10, 4, 14, 6, 7, 8, 11, 1, 9, 12, 13, 5, 19, 18, 2, 16, 3]",845.5,"[0, 15, 17, 10, 4, 14, 6, 7, 8, 11, 1, 9, 12, 13, 5, 19, 18, 2, 16, 3]",845.5,1.851041555404663
"[0, 15, 17, 10, 4, 14, 6, 7, 8, 11, 1, 9, 12, 13, 5, 19, 18, 2, 16, 3]",845.5,"[0, 15, 17, 10, 4, 14, 6, 7, 8, 11, 1, 9, 12, 13, 5, 19, 18, 2, 16, 3]",845.5,1.912031888961792
"[0, 15, 17, 10, 4, 14, 6, 7, 8, 11, 1, 9, 12, 13, 5, 19, 18, 2, 16, 3]",845.5,"[0, 15, 17, 10, 4, 14, 6, 7, 8, 11, 1, 9, 12, 13, 5, 19, 18, 2, 16, 3]",845.5,1.9760382175445557
"[0, 15, 17, 10, 4, 14, 6, 7, 8, 11, 1, 9, 12, 13, 5, 19, 18, 2, 16, 3]",845.5,"[0, 15, 17, 10, 4, 14, 6, 7, 8, 11, 1, 9, 12, 13, 5, 19, 18, 2, 16, 3]",845.5,2.037062883377075
"[0, 15, 17, 10, 4, 14, 6, 7, 8, 11, 1, 9, 12, 13, 5, 19, 18, 2, 16, 3]",845.5,"[0, 15, 17, 10, 4, 14, 6, 7, 8, 11, 1, 9, 12, 13, 5, 19, 18, 2, 16, 3]",845.5,2.1010642051696777
"[0, 15, 17, 10, 4, 14, 6, 7, 8, 11, 1, 9, 12, 13, 5, 19, 18, 2, 16, 3]",845.5,"[0, 15, 17, 10, 4, 14, 6, 7, 8, 11, 1, 9, 12, 13, 5, 19, 18, 2, 16, 3]",845.5,2.1650633811950684
"[0, 15, 17, 10, 4, 14, 6, 7, 8, 11, 1, 9, 12, 13, 5, 19, 18, 2, 16, 3]",845.5,"[0, 15, 17, 10, 4, 14, 6, 7, 8, 11, 1, 9, 12, 13, 5, 19, 18, 2, 16, 3]",845.5,2.226066827774048
"[0, 15, 17, 10, 4, 14, 6, 7, 8, 11, 1, 9, 12, 13, 5, 19, 18, 2, 16, 3]",845.5,"[0, 15, 17, 10, 4, 14, 6, 7, 8, 11, 1, 9, 12, 13, 5, 19, 18, 2, 16, 3]",845.5,2.288067102432251
"[0, 15, 17, 10, 4, 14, 6, 7, 8, 11, 1, 9, 12, 13, 5, 19, 18, 2, 16, 3]",845.5,"[0, 15, 17, 10, 4, 14, 6, 7, 8, 11, 1, 9, 12, 13, 5, 19, 18, 2, 16, 3]",845.5,2.3510677814483643
"[0, 15, 17, 10, 4, 14, 6, 7, 8, 11, 1, 9, 12, 13, 5, 19, 18, 2, 16, 3]",845.5,"[0, 15, 17, 10, 4, 14, 6, 7, 8, 11, 1, 9, 12, 13, 5, 19, 18, 2, 16, 3]",845.5,2.44406795501709
"[0, 15, 17, 10, 4, 14, 6, 7, 8, 11, 1, 9, 12, 13, 5, 19, 18, 2, 16, 3]",845.5,"[0, 15, 17, 10, 4, 14, 6, 7, 8, 11, 1, 9, 12, 13, 5, 19, 18, 2, 16, 3]",845.5,2.5050699710845947
"[0, 15, 17, 10, 4, 14, 6, 7, 8, 11, 1, 9, 12, 13, 5, 19, 18, 2, 16, 3]",845.5,"[0, 15, 17, 10, 4, 14, 6, 7, 8, 11, 1, 9, 12, 13, 5, 19, 18, 2, 16, 3]",845.5,2.569071054458618
"[0, 15, 17, 10, 4, 14, 6, 7, 8, 11, 1, 9, 12, 13, 5, 19, 18, 2, 16, 3]",845.5,"[0, 15, 17, 10, 4, 14, 6, 7, 8, 11, 1, 9, 12, 13, 5, 19, 18, 2, 16, 3]",845.5,2.6330697536468506
"[0, 15, 17, 10, 4, 14, 6, 7, 8, 11, 1, 9, 12, 13, 5, 19, 18, 2, 16, 3]",845.5,"[0, 15, 17, 10, 4, 14, 6, 7, 8, 11, 1, 9, 12, 13, 5, 19, 18, 2, 16, 3]",845.5,2.69407320022583
"[0, 15, 17, 10, 4, 14, 6, 7, 8, 11, 1, 9, 12, 13, 5, 19, 18, 2, 16, 3]",845.5,"[0, 15, 17, 10, 4, 14, 6, 7, 8, 11, 1, 9, 12, 13, 5, 19, 18, 2, 16, 3]",845.5,2.7560760974884033
"[0, 15, 17, 10, 4, 14, 6, 7, 8, 11, 1, 9, 12, 13, 5, 19, 18, 2, 16, 3]",845.5,"[0, 15, 17, 10, 4, 14, 6, 7, 8, 11, 1, 9, 12, 13, 5, 19, 18, 2, 16, 3]",845.5,2.818080186843872
"[0, 15, 17, 10, 4, 14, 6, 7, 8, 11, 1, 9, 12, 13, 5, 19, 18, 2, 16, 3]",845.5,"[0, 15, 17, 10, 4, 14, 6, 7, 8, 11, 1, 9, 12, 13, 5, 19, 18, 2, 16, 3]",845.5,2.882077693939209
"[0, 15, 17, 10, 4, 14, 6, 7, 8, 11, 1, 9, 12, 13, 5, 19, 18, 2, 16, 3]",845.5,"[0, 15, 17, 10, 4, 14, 6, 7, 8, 11, 1, 9, 12, 13, 5, 19, 18, 2, 16, 3]",845.5,2.943079948425293
"[0, 15, 17, 10, 4, 14, 6, 7, 8, 11, 1, 9, 12, 13, 5, 19, 18, 2, 16, 3]",845.5,"[0, 15, 17, 10, 4, 14, 6, 7, 8, 11, 1, 9, 12, 13, 5, 19, 18, 2, 16, 3]",845.5,3.0070831775665283
"[0, 15, 17, 13, 4, 14, 6, 7, 8, 11, 1, 9, 12, 10, 5, 19, 18, 2, 16, 3]",838.0,"[0, 15, 17, 13, 4, 14, 6, 7, 8, 11, 1, 9, 12, 10, 5, 19, 18, 2, 16, 3]",838.0,3.070082426071167
"[0, 15, 17, 13, 4, 14, 6, 7, 8, 11, 1, 9, 12, 10, 5, 19, 18, 2, 16, 3]",838.0,"[0, 15, 17, 13, 4, 14, 6, 7, 8, 11, 1, 9, 12, 10, 5, 19, 18, 2, 16, 3]",838.0,3.1370811462402344
"[0, 15, 17, 13, 4, 14, 6, 7, 8, 11, 1, 9, 12, 10, 5, 19, 18, 2, 16, 3]",838.0,"[0, 15, 17, 13, 4, 14, 6, 7, 8, 11, 1, 9, 12, 10, 5, 19, 18, 2, 16, 3]",838.0,3.203094482421875
"[0, 15, 17, 13, 4, 14, 6, 7, 8, 11, 1, 9, 12, 10, 5, 19, 18, 2, 16, 3]",838.0,"[0, 15, 17, 13, 4, 14, 6, 7, 8, 11, 1, 9, 12, 10, 5, 19, 18, 2, 16, 3]",838.0,3.2730891704559326
"[0, 15, 17, 13, 4, 14, 6, 7, 8, 11, 1, 9, 12, 10, 5, 19, 18, 2, 16, 3]",838.0,"[0, 15, 17, 13, 4, 14, 6, 7, 8, 11, 1, 9, 12, 10, 5, 19, 18, 2, 16, 3]",838.0,3.335080146789551
"[0, 15, 17, 13, 4, 14, 6, 7, 8, 11, 1, 9, 12, 10, 5, 19, 18, 2, 16, 3]",838.0,"[0, 15, 17, 13, 4, 14, 6, 7, 8, 11, 1, 9, 12, 10, 5, 19, 18, 2, 16, 3]",838.0,3.3991167545318604
"[0, 15, 17, 13, 4, 14, 6, 7, 8, 11, 1, 9, 12, 10, 5, 19, 18, 2, 16, 3]",838.0,"[0, 15, 17, 13, 4, 14, 6, 7, 8, 11, 1, 9, 12, 10, 5, 19, 18, 2, 16, 3]",838.0,3.463087797164917
"[0, 15, 17, 13, 4, 14, 6, 7, 8, 11, 1, 9, 12, 10, 5, 19, 18, 2, 16, 3]",838.0,"[0, 15, 17, 13, 4, 14, 6, 7, 8, 11, 1, 9, 12, 10, 5, 19, 18, 2, 16, 3]",838.0,3.526090383529663
"[0, 15, 17, 13, 4, 14, 6, 7, 8, 11, 1, 9, 12, 10, 5, 19, 18, 2, 16, 3]",838.0,"[0, 15, 17, 13, 4, 14, 6, 7, 8, 11, 1, 9, 12, 10, 5, 19, 18, 2, 16, 3]",838.0,3.5910909175872803
"[0, 15, 17, 13, 4, 14, 6, 7, 8, 11, 1, 9, 12, 10, 5, 19, 18, 2, 16, 3]",838.0,"[0, 15, 17, 13, 4, 14, 6, 7, 8, 11, 1, 9, 12, 10, 5, 19, 18, 2, 16, 3]",838.0,3.6550893783569336
"[0, 15, 17, 13, 4, 14, 6, 7, 8, 11, 1, 9, 12, 10, 5, 19, 18, 2, 16, 3]",838.0,"[0, 15, 17, 13, 4, 14, 6, 7, 8, 11, 1, 9, 12, 10, 5, 19, 18, 2, 16, 3]",838.0,3.7190887928009033
"[0, 15, 17, 13, 4, 14, 6, 7, 8, 11, 1, 9, 12, 10, 5, 19, 18, 2, 16, 3]",838.0,"[0, 15, 17, 13, 4, 14, 6, 7, 8, 11, 1, 9, 12, 10, 5, 19, 18, 2, 16, 3]",838.0,3.7840969562530518
"[0, 15, 17, 13, 4, 14, 6, 7, 8, 11, 1, 9, 12, 10, 5, 19, 18, 2, 16, 3]",838.0,"[0, 15, 17, 13, 4, 14, 6, 7, 8, 11, 1, 9, 12, 10, 5, 19, 18, 2, 16, 3]",838.0,3.849092960357666
"[0, 15, 17, 13, 4, 14, 6, 7, 8, 11, 1, 9, 12, 10, 5, 19, 18, 2, 16, 3]",838.0,"[0, 15, 17, 13, 4, 14, 6, 7, 8, 11, 1, 9, 12, 10, 5, 19, 18, 2, 16, 3]",838.0,3.914091110229492
"[0, 15, 17, 13, 4, 14, 6, 7, 8, 11, 1, 9, 12, 10, 5, 19, 18, 2, 16, 3]",838.0,"[0, 15, 17, 13, 4, 14, 6, 7, 8, 11, 1, 9, 12, 10, 5, 19, 18, 2, 16, 3]",838.0,3.979116439819336
"[0, 15, 17, 13, 4, 14, 6, 7, 8, 11, 1, 9, 12, 10, 5, 19, 18, 2, 16, 3]",838.0,"[0, 15, 17, 13, 4, 14, 6, 7, 8, 11, 1, 9, 12, 10, 5, 19, 18, 2, 16, 3]",838.0,4.043107032775879
"[0, 15, 17, 13, 4, 14, 6, 7, 8, 11, 1, 9, 12, 10, 5, 19, 18, 2, 16, 3]",838.0,"[0, 15, 17, 13, 4, 14, 6, 7, 8, 11, 1, 9, 12, 10, 5, 19, 18, 2, 16, 3]",838.0,4.1081016063690186
"[0, 15, 17, 13, 4, 14, 6, 7, 8, 11, 1, 9, 12, 10, 5, 19, 18, 2, 16, 3]",838.0,"[0, 15, 17, 13, 4, 14, 6, 7, 8, 11, 1, 9, 12, 10, 5, 19, 18, 2, 16, 3]",838.0,4.173102378845215
"[0, 15, 17, 13, 4, 14, 6, 7, 8, 11, 1, 9, 12, 10, 5, 19, 18, 2, 16, 3]",838.0,"[0, 15, 17, 13, 4, 14, 6, 7, 8, 11, 1, 9, 12, 10, 5, 19, 18, 2, 16, 3]",838.0,4.23909854888916
"[0, 15, 17, 13, 4, 14, 6, 7, 8, 11, 1, 9, 12, 10, 5, 19, 18, 2, 16, 3]",838.0,"[0, 15, 17, 13, 4, 14, 6, 7, 8, 11, 1, 9, 12, 10, 5, 19, 18, 2, 16, 3]",838.0,4.301103353500366
"[0, 15, 17, 13, 4, 14, 6, 7, 8, 11, 1, 9, 12, 10, 5, 19, 18, 2, 16, 3]",838.0,"[0, 15, 17, 13, 4, 14, 6, 7, 8, 11, 1, 9, 12, 10, 5, 19, 18, 2, 16, 3]",838.0,4.365108251571655
"[0, 15, 17, 13, 4, 14, 6, 7, 8, 11, 1, 9, 12, 10, 5, 19, 18, 2, 16, 3]",838.0,"[0, 15, 17, 13, 4, 14, 6, 7, 8, 11, 1, 9, 12, 10, 5, 19, 18, 2, 16, 3]",838.0,4.429101228713989
"[0, 15, 17, 13, 4, 14, 6, 7, 8, 11, 1, 9, 12, 10, 5, 19, 18, 2, 16, 3]",838.0,"[0, 15, 17, 13, 4, 14, 6, 7, 8, 11, 1, 9, 12, 10, 5, 19, 18, 2, 16, 3]",838.0,4.49310302734375
"[0, 15, 17, 13, 4, 14, 6, 7, 8, 11, 1, 9, 12, 10, 5, 19, 18, 2, 16, 3]",838.0,"[0, 15, 17, 13, 4, 14, 6, 7, 8, 11, 1, 9, 12, 10, 5, 19, 18, 2, 16, 3]",838.0,4.557106971740723
"[0, 15, 17, 13, 4, 14, 6, 7, 8, 11, 1, 9, 12, 10, 5, 19, 18, 2, 16, 3]",838.0,"[0, 15, 17, 13, 4, 14, 6, 7, 8, 11, 1, 9, 12, 10, 5, 19, 18, 2, 16, 3]",838.0,4.622140407562256
"[0, 15, 17, 13, 4, 14, 6, 7, 8, 11, 1, 9, 12, 10, 5, 19, 18, 2, 16, 3]",838.0,"[0, 15, 17, 13, 4, 14, 6, 7, 8, 11, 1, 9, 12, 10, 5, 19, 18, 2, 16, 3]",838.0,4.688107490539551
"[0, 15, 17, 13, 4, 14, 6, 7, 8, 11, 1, 9, 12, 10, 5, 19, 18, 2, 16, 3]",838.0,"[0, 15, 17, 13, 4, 14, 6, 7, 8, 11, 1, 9, 12, 10, 5, 19, 18, 2, 16, 3]",838.0,4.7521071434021
"[0, 15, 17, 13, 4, 14, 6, 7, 8, 11, 1, 9, 12, 10, 5, 19, 18, 2, 16, 3]",838.0,"[0, 15, 17, 13, 4, 14, 6, 7, 8, 11, 1, 9, 12, 10, 5, 19, 18, 2, 16, 3]",838.0,4.81511378288269
"[0, 15, 17, 13, 4, 14, 6, 7, 8, 11, 1, 9, 12, 10, 5, 19, 18, 2, 16, 3]",838.0,"[0, 15, 17, 13, 4, 14, 6, 7, 8, 11, 1, 9, 12, 10, 5, 19, 18, 2, 16, 3]",838.0,4.881117582321167
"[0, 15, 17, 13, 4, 14, 6, 7, 8, 11, 1, 9, 12, 10, 5, 19, 18, 2, 16, 3]",838.0,"[0, 15, 17, 13, 4, 14, 6, 7, 8, 11, 1, 9, 12, 10, 5, 19, 18, 2, 16, 3]",838.0,4.945114612579346
"[0, 15, 17, 13, 4, 14, 6, 7, 8, 11, 1, 9, 12, 10, 5, 19, 18, 2, 16, 3]",838.0,"[0, 15, 17, 13, 4, 14, 6, 7, 8, 11, 1, 9, 12, 10, 5, 19, 18, 2, 16, 3]",838.0,5.009119749069214
"[0, 15, 17, 13, 4, 14, 6, 7, 8, 11, 1, 9, 12, 10, 5, 19, 18, 2, 16, 3]",838.0,"[0, 15, 17, 13, 4, 14, 6, 7, 8, 11, 1, 9, 12, 10, 5, 19, 18, 2, 16, 3]",838.0,5.07211446762085
"[0, 15, 17, 13, 4, 14, 6, 7, 8, 11, 1, 9, 12, 10, 5, 19, 18, 2, 16, 3]",838.0,"[0, 15, 17, 13, 4, 14, 6, 7, 8, 11, 1, 9, 12, 10, 5, 19, 18, 2, 16, 3]",838.0,5.135119676589966
"[0, 15, 17, 13, 4, 14, 6, 7, 8, 11, 1, 9, 12, 10, 5, 19, 18, 2, 16, 3]",838.0,"[0, 15, 17, 13, 4, 14, 6, 7, 8, 11, 1, 9, 12, 10, 5, 19, 18, 2, 16, 3]",838.0,5.198119401931763
"[0, 15, 17, 13, 4, 14, 6, 7, 8, 11, 1, 9, 12, 10, 5, 19, 18, 2, 16, 3]",838.0,"[0, 15, 17, 13, 4, 14, 6, 7, 8, 11, 1, 9, 12, 10, 5, 19, 18, 2, 16, 3]",838.0,5.264115571975708
"[0, 15, 17, 13, 4, 14, 6, 7, 8, 11, 1, 9, 12, 10, 5, 19, 18, 2, 16, 3]",838.0,"[0, 15, 17, 13, 4, 14, 6, 7, 8, 11, 1, 9, 12, 10, 5, 19, 18, 2, 16, 3]",838.0,5.331119060516357
"[0, 17, 15, 13, 4, 14, 6, 7, 8, 11, 1, 9, 12, 10, 5, 19, 18, 2, 16, 3]",836.5,"[0, 17, 15, 13, 4, 14, 6, 7, 8, 11, 1, 9, 12, 10, 5, 19, 18, 2, 16, 3]",836.5,5.396114110946655
"[0, 17, 15, 13, 4, 14, 6, 7, 8, 11, 1, 9, 12, 10, 5, 19, 18, 2, 16, 3]",836.5,"[0, 17, 15, 13, 4, 14, 6, 7, 8, 11, 1, 9, 12, 10, 5, 19, 18, 2, 16, 3]",836.5,5.465708017349243
"[0, 17, 15, 13, 4, 14, 6, 7, 8, 11, 1, 9, 12, 10, 5, 19, 18, 2, 16, 3]",836.5,"[0, 17, 15, 13, 4, 14, 6, 7, 8, 11, 1, 9, 12, 10, 5, 19, 18, 2, 16, 3]",836.5,5.53171181678772
"[0, 17, 15, 13, 4, 14, 6, 7, 8, 11, 1, 9, 12, 10, 5, 19, 18, 2, 16, 3]",836.5,"[0, 17, 15, 13, 4, 14, 6, 7, 8, 11, 1, 9, 12, 10, 5, 19, 18, 2, 16, 3]",836.5,5.602252244949341
"[0, 17, 15, 13, 4, 14, 6, 7, 8, 11, 1, 9, 12, 10, 5, 19, 18, 2, 16, 3]",836.5,"[0, 17, 15, 13, 4, 14, 6, 7, 8, 11, 1, 9, 12, 10, 5, 19, 18, 2, 16, 3]",836.5,5.669252872467041
"[0, 17, 15, 13, 4, 14, 6, 7, 8, 11, 1, 9, 12, 10, 5, 19, 18, 2, 16, 3]",836.5,"[0, 17, 15, 13, 4, 14, 6, 7, 8, 11, 1, 9, 12, 10, 5, 19, 18, 2, 16, 3]",836.5,5.735254526138306
"[0, 17, 15, 13, 4, 14, 6, 7, 8, 11, 1, 9, 12, 10, 5, 19, 18, 2, 16, 3]",836.5,"[0, 17, 15, 13, 4, 14, 6, 7, 8, 11, 1, 9, 12, 10, 5, 19, 18, 2, 16, 3]",836.5,5.795258045196533
"[0, 17, 15, 13, 4, 14, 6, 7, 8, 11, 1, 9, 12, 10, 5, 19, 18, 2, 16, 3]",836.5,"[0, 17, 15, 13, 4, 14, 6, 7, 8, 11, 1, 9, 12, 10, 5, 19, 18, 2, 16, 3]",836.5,5.859259605407715
"[0, 17, 15, 13, 4, 14, 6, 7, 8, 11, 1, 9, 12, 10, 5, 19, 18, 2, 16, 3]",836.5,"[0, 17, 15, 13, 4, 14, 6, 7, 8, 11, 1, 9, 12, 10, 5, 19, 18, 2, 16, 3]",836.5,5.922259569168091
"[0, 17, 15, 13, 4, 14, 6, 7, 8, 11, 1, 9, 12, 10, 5, 19, 18, 2, 16, 3]",836.5,"[0, 17, 15, 13, 4, 14, 6, 7, 8, 11, 1, 9, 12, 10, 5, 19, 18, 2, 16, 3]",836.5,5.992258787155151
"[0, 17, 15, 13, 4, 14, 6, 7, 8, 11, 1, 9, 12, 10, 5, 19, 18, 2, 16, 3]",836.5,"[0, 17, 15, 13, 4, 14, 6, 7, 8, 11, 1, 9, 12, 10, 5, 19, 18, 2, 16, 3]",836.5,6.064258337020874
"[0, 17, 15, 13, 4, 14, 6, 7, 8, 11, 1, 9, 12, 10, 5, 19, 18, 2, 16, 3]",836.5,"[0, 17, 15, 13, 4, 14, 6, 7, 8, 11, 1, 9, 12, 10, 5, 19, 18, 2, 16, 3]",836.5,6.135259389877319
"[0, 17, 15, 13, 4, 14, 6, 7, 8, 11, 1, 9, 12, 10, 5, 19, 18, 2, 16, 3]",836.5,"[0, 17, 15, 13, 4, 14, 6, 7, 8, 11, 1, 9, 12, 10, 5, 19, 18, 2, 16, 3]",836.5,6.20026159286499
"[0, 17, 15, 13, 4, 14, 6, 7, 8, 11, 1, 9, 12, 10, 5, 19, 18, 2, 16, 3]",836.5,"[0, 17, 15, 13, 4, 14, 6, 7, 8, 11, 1, 9, 12, 10, 5, 19, 18, 2, 16, 3]",836.5,6.265267610549927
"[0, 17, 15, 13, 4, 14, 6, 7, 8, 11, 1, 9, 12, 10, 5, 19, 18, 2, 16, 3]",836.5,"[0, 17, 15, 13, 4, 14, 6, 7, 8, 11, 1, 9, 12, 10, 5, 19, 18, 2, 16, 3]",836.5,6.32828426361084
"[0, 17, 15, 13, 4, 14, 6, 7, 8, 11, 1, 9, 12, 10, 5, 19, 18, 2, 16, 3]",836.5,"[0, 17, 15, 13, 4, 14, 6, 7, 8, 11, 1, 9, 12, 10, 5, 19, 18, 2, 16, 3]",836.5,6.394285202026367
"[0, 17, 15, 13, 4, 14, 6, 7, 8, 11, 1, 9, 12, 10, 5, 19, 18, 2, 16, 3]",836.5,"[0, 17, 15, 13, 4, 14, 6, 7, 8, 11, 1, 9, 12, 10, 5, 19, 18, 2, 16, 3]",836.5,6.458270788192749
"[0, 17, 15, 13, 4, 14, 6, 7, 8, 11, 1, 9, 12, 10, 5, 19, 18, 2, 16, 3]",836.5,"[0, 17, 15, 13, 4, 14, 6, 7, 8, 11, 1, 9, 12, 10, 5, 19, 18, 2, 16, 3]",836.5,6.5222673416137695
"[0, 17, 15, 13, 4, 14, 6, 7, 8, 11, 1, 9, 12, 10, 5, 19, 18, 2, 16, 3]",836.5,"[0, 17, 15, 13, 4, 14, 6, 7, 8, 11, 1, 9, 12, 10, 5, 19, 18, 2, 16, 3]",836.5,6.587273597717285
"[0, 17, 15, 13, 4, 14, 6, 7, 8, 11, 1, 9, 12, 10, 5, 19, 18, 2, 16, 3]",836.5,"[0, 17, 15, 13, 4, 14, 6, 7, 8, 11, 1, 9, 12, 10, 5, 19, 18, 2, 16, 3]",836.5,6.653274059295654
"[0, 17, 15, 13, 4, 14, 6, 7, 8, 11, 1, 9, 12, 10, 5, 19, 18, 2, 16, 3]",836.5,"[0, 17, 15, 13, 4, 14, 6, 7, 8, 11, 1, 9, 12, 10, 5, 19, 18, 2, 16, 3]",836.5,6.721273183822632
"[0, 17, 15, 13, 4, 14, 6, 7, 8, 11, 1, 9, 12, 10, 5, 19, 18, 2, 16, 3]",836.5,"[0, 17, 15, 13, 4, 14, 6, 7, 8, 11, 1, 9, 12, 10, 5, 19, 18, 2, 16, 3]",836.5,6.788273572921753
"[0, 17, 15, 13, 4, 14, 6, 7, 8, 11, 1, 9, 12, 10, 5, 19, 18, 2, 16, 3]",836.5,"[0, 17, 15, 13, 4, 14, 6, 7, 8, 11, 1, 9, 12, 10, 5, 19, 18, 2, 16, 3]",836.5,6.856273651123047
"[0, 17, 15, 13, 4, 14, 6, 7, 8, 11, 1, 9, 12, 10, 5, 19, 18, 2, 16, 3]",836.5,"[0, 17, 15, 13, 4, 14, 6, 7, 8, 11, 1, 9, 12, 10, 5, 19, 18, 2, 16, 3]",836.5,6.9213011264801025
"[0, 17, 15, 13, 4, 14, 6, 7, 8, 11, 1, 9, 12, 10, 5, 19, 18, 2, 16, 3]",836.5,"[0, 17, 15, 13, 4, 14, 6, 7, 8, 11, 1, 9, 12, 10, 5, 19, 18, 2, 16, 3]",836.5,6.988313674926758
"[0, 17, 15, 13, 4, 14, 6, 7, 8, 11, 1, 9, 12, 10, 5, 19, 18, 2, 16, 3]",836.5,"[0, 17, 15, 13, 4, 14, 6, 7, 8, 11, 1, 9, 12, 10, 5, 19, 18, 2, 16, 3]",836.5,7.054286003112793
"[0, 17, 15, 13, 4, 14, 6, 7, 8, 11, 1, 9, 12, 10, 5, 19, 18, 2, 16, 3]",836.5,"[0, 17, 15, 13, 4, 14, 6, 7, 8, 11, 1, 9, 12, 10, 5, 19, 18, 2, 16, 3]",836.5,7.118279457092285
"[0, 17, 15, 13, 4, 14, 6, 7, 8, 11, 1, 9, 12, 10, 5, 19, 18, 2, 16, 3]",836.5,"[0, 17, 15, 13, 4, 14, 6, 7, 8, 11, 1, 9, 12, 10, 5, 19, 18, 2, 16, 3]",836.5,7.18330192565918
"[0, 17, 15, 13, 4, 14, 6, 7, 8, 11, 1, 9, 12, 10, 5, 19, 18, 2, 16, 3]",836.5,"[0, 17, 15, 13, 4, 14, 6, 7, 8, 11, 1, 9, 12, 10, 5, 19, 18, 2, 16, 3]",836.5,7.248279809951782
"[0, 17, 15, 13, 4, 14, 6, 7, 8, 11, 1, 9, 12, 10, 5, 19, 18, 2, 16, 3]",836.5,"[0, 17, 15, 13, 4, 14, 6, 7, 8, 11, 1, 9, 12, 10, 5, 19, 18, 2, 16, 3]",836.5,7.311282634735107
"[0, 17, 15, 13, 4, 14, 6, 7, 8, 11, 1, 9, 12, 10, 5, 19, 18, 2, 16, 3]",836.5,"[0, 17, 15, 13, 4, 14, 6, 7, 8, 11, 1, 9, 12, 10, 5, 19, 18, 2, 16, 3]",836.5,7.3782830238342285
"[0, 17, 15, 13, 4, 14, 6, 7, 8, 11, 1, 9, 12, 10, 5, 19, 18, 2, 16, 3]",836.5,"[0, 17, 15, 13, 4, 14, 6, 7, 8, 11, 1, 9, 12, 10, 5, 19, 18, 2, 16, 3]",836.5,7.441385746002197
"[0, 17, 15, 13, 4, 14, 6, 7, 8, 11, 1, 9, 12, 10, 5, 19, 18, 2, 16, 3]",836.5,"[0, 17, 15, 13, 4, 14, 6, 7, 8, 11, 1, 9, 12, 10, 5, 19, 18, 2, 16, 3]",836.5,7.505288124084473
"[0, 17, 15, 13, 4, 14, 6, 7, 8, 11, 1, 9, 12, 10, 5, 19, 18, 2, 16, 3]",836.5,"[0, 17, 15, 13, 4, 14, 6, 7, 8, 11, 1, 9, 12, 10, 5, 19, 18, 2, 16, 3]",836.5,7.571289777755737
"[0, 17, 15, 13, 4, 14, 6, 7, 8, 11, 1, 9, 12, 10, 5, 19, 18, 2, 16, 3]",836.5,"[0, 17, 15, 13, 4, 14, 6, 7, 8, 11, 1, 9, 12, 10, 5, 19, 18, 2, 16, 3]",836.5,7.635301351547241
"[0, 17, 15, 13, 4, 14, 6, 7, 8, 11, 1, 9, 12, 10, 5, 19, 18, 2, 16, 3]",836.5,"[0, 17, 15, 13, 4, 14, 6, 7, 8, 11, 1, 9, 12, 10, 5, 19, 18, 2, 16, 3]",836.5,7.699286460876465
"[0, 17, 15, 13, 4, 14, 6, 7, 8, 11, 1, 9, 12, 10, 5, 19, 18, 2, 16, 3]",836.5,"[0, 17, 15, 13, 4, 14, 6, 7, 8, 11, 1, 9, 12, 10, 5, 19, 18, 2, 16, 3]",836.5,7.76330304145813
"[0, 17, 15, 13, 4, 14, 6, 7, 8, 11, 1, 9, 12, 10, 5, 19, 18, 2, 16, 3]",836.5,"[0, 17, 15, 13, 4, 14, 6, 7, 8, 11, 1, 9, 12, 10, 5, 19, 18, 2, 16, 3]",836.5,7.827294826507568
"[0, 17, 15, 13, 4, 14, 6, 7, 8, 11, 1, 9, 12, 10, 5, 19, 18, 2, 16, 3]",836.5,"[0, 17, 15, 13, 4, 14, 6, 7, 8, 11, 1, 9, 12, 10, 5, 19, 18, 2, 16, 3]",836.5,7.892306804656982
"[0, 17, 15, 13, 4, 14, 6, 7, 8, 11, 1, 9, 12, 10, 5, 19, 18, 2, 16, 3]",836.5,"[0, 17, 15, 13, 4, 14, 6, 7, 8, 11, 1, 9, 12, 10, 5, 19, 18, 2, 16, 3]",836.5,7.955312013626099
"[0, 17, 15, 13, 4, 14, 6, 7, 8, 11, 1, 9, 12, 10, 5, 19, 18, 2, 16, 3]",836.5,"[0, 17, 15, 13, 4, 14, 6, 7, 8, 11, 1, 9, 12, 10, 5, 19, 18, 2, 16, 3]",836.5,8.023301362991333
"[0, 17, 15, 13, 4, 14, 6, 7, 8, 11, 1, 9, 12, 10, 5, 19, 18, 2, 16, 3]",836.5,"[0, 17, 15, 13, 4, 14, 6, 7, 8, 11, 1, 9, 12, 10, 5, 19, 18, 2, 16, 3]",836.5,8.090294122695923
"[0, 17, 15, 13, 4, 14, 6, 7, 8, 11, 1, 9, 12, 10, 5, 19, 18, 2, 16, 3]",836.5,"[0, 17, 15, 13, 4, 14, 6, 7, 8, 11, 1, 9, 12, 10, 5, 19, 18, 2, 16, 3]",836.5,8.155292987823486
"[0, 17, 15, 13, 4, 14, 6, 7, 8, 11, 1, 9, 12, 10, 5, 19, 18, 2, 16, 3]",836.5,"[0, 17, 15, 13, 4, 14, 6, 7, 8, 11, 1, 9, 12, 10, 5, 19, 18, 2, 16, 3]",836.5,8.219297170639038
"[0, 17, 15, 13, 4, 14, 6, 7, 8, 11, 1, 9, 12, 10, 5, 19, 18, 2, 16, 3]",836.5,"[0, 17, 15, 13, 4, 14, 6, 7, 8, 11, 1, 9, 12, 10, 5, 19, 18, 2, 16, 3]",836.5,8.286298990249634
"[0, 17, 15, 13, 4, 14, 16, 7, 8, 11, 1, 9, 12, 10, 5, 19, 18, 2, 6, 3]",824.0,"[0, 17, 15, 13, 4, 14, 16, 7, 8, 11, 1, 9, 12, 10, 5, 19, 18, 2, 6, 3]",824.0,8.354318141937256
"[0, 17, 15, 13, 4, 14, 16, 7, 8, 11, 1, 9, 12, 10, 5, 19, 18, 2, 6, 3]",824.0,"[0, 17, 15, 13, 4, 14, 16, 7, 8, 11, 1, 9, 12, 10, 5, 19, 18, 2, 6, 3]",824.0,8.420300483703613
"[0, 17, 15, 13, 4, 14, 16, 7, 8, 11, 1, 9, 12, 10, 5, 19, 18, 2, 6, 3]",824.0,"[0, 17, 15, 13, 4, 14, 16, 7, 8, 11, 1, 9, 12, 10, 5, 19, 18, 2, 6, 3]",824.0,8.48531460762024
"[0, 17, 15, 13, 4, 14, 16, 7, 8, 11, 1, 9, 12, 10, 5, 19, 18, 2, 6, 3]",824.0,"[0, 17, 15, 13, 4, 14, 16, 7, 8, 11, 1, 9, 12, 10, 5, 19, 18, 2, 6, 3]",824.0,8.548304557800293
"[0, 17, 15, 13, 4, 14, 16, 7, 8, 11, 1, 9, 12, 10, 5, 19, 18, 2, 6, 3]",824.0,"[0, 17, 15, 13, 4, 14, 16, 7, 8, 11, 1, 9, 12, 10, 5, 19, 18, 2, 6, 3]",824.0,8.61330533027649
"[0, 17, 15, 13, 4, 14, 16, 7, 8, 11, 1, 9, 12, 10, 5, 19, 18, 2, 6, 3]",824.0,"[0, 17, 15, 13, 4, 14, 16, 7, 8, 11, 1, 9, 12, 10, 5, 19, 18, 2, 6, 3]",824.0,8.679305791854858
"[0, 17, 15, 13, 4, 14, 16, 7, 8, 11, 1, 9, 12, 10, 5, 19, 18, 2, 6, 3]",824.0,"[0, 17, 15, 13, 4, 14, 16, 7, 8, 11, 1, 9, 12, 10, 5, 19, 18, 2, 6, 3]",824.0,8.744313955307007
"[0, 17, 15, 13, 4, 14, 16, 7, 8, 11, 1, 9, 12, 10, 5, 19, 18, 2, 6, 3]",824.0,"[0, 17, 15, 13, 4, 14, 16, 7, 8, 11, 1, 9, 12, 10, 5, 19, 18, 2, 6, 3]",824.0,8.809316396713257
"[0, 17, 15, 13, 4, 14, 16, 7, 8, 11, 1, 9, 12, 10, 5, 19, 18, 2, 6, 3]",824.0,"[0, 17, 15, 13, 4, 14, 16, 7, 8, 11, 1, 9, 12, 10, 5, 19, 18, 2, 6, 3]",824.0,8.872324466705322
"[0, 17, 15, 13, 4, 14, 16, 7, 8, 11, 1, 9, 12, 10, 5, 19, 18, 2, 6, 3]",824.0,"[0, 17, 15, 13, 4, 14, 16, 7, 8, 11, 1, 9, 12, 10, 5, 19, 18, 2, 6, 3]",824.0,8.936310291290283
"[0, 17, 15, 13, 4, 14, 16, 7, 8, 11, 1, 9, 12, 10, 5, 19, 18, 2, 6, 3]",824.0,"[0, 17, 15, 13, 4, 14, 16, 7, 8, 11, 1, 9, 12, 10, 5, 19, 18, 2, 6, 3]",824.0,8.99931025505066
"[0, 17, 15, 13, 4, 14, 16, 7, 8, 11, 1, 9, 12, 10, 5, 19, 18, 2, 6, 3]",824.0,"[0, 17, 15, 13, 4, 14, 16, 7, 8, 11, 1, 9, 12, 10, 5, 19, 18, 2, 6, 3]",824.0,9.064536571502686
"[0, 17, 15, 13, 4, 14, 16, 7, 8, 11, 1, 9, 12, 10, 5, 19, 18, 2, 6, 3]",824.0,"[0, 17, 15, 13, 4, 14, 16, 7, 8, 11, 1, 9, 12, 10, 5, 19, 18, 2, 6, 3]",824.0,9.127312421798706
"[0, 17, 15, 13, 4, 14, 16, 7, 8, 11, 1, 9, 12, 10, 5, 19, 18, 2, 6, 3]",824.0,"[0, 17, 15, 13, 4, 14, 16, 7, 8, 11, 1, 9, 12, 10, 5, 19, 18, 2, 6, 3]",824.0,9.193313837051392
"[0, 17, 15, 13, 4, 14, 16, 7, 8, 11, 1, 9, 12, 10, 5, 19, 18, 2, 6, 3]",824.0,"[0, 17, 15, 13, 4, 14, 16, 7, 8, 11, 1, 9, 12, 10, 5, 19, 18, 2, 6, 3]",824.0,9.257321834564209
"[0, 17, 15, 13, 4, 14, 16, 7, 8, 11, 1, 9, 12, 10, 5, 19, 18, 2, 6, 3]",824.0,"[0, 17, 15, 13, 4, 14, 16, 7, 8, 11, 1, 9, 12, 10, 5, 19, 18, 2, 6, 3]",824.0,9.318315267562866
"[0, 17, 15, 13, 4, 14, 16, 7, 8, 11, 1, 9, 12, 10, 5, 19, 18, 2, 6, 3]",824.0,"[0, 17, 15, 13, 4, 14, 16, 7, 8, 11, 1, 9, 12, 10, 5, 19, 18, 2, 6, 3]",824.0,9.382319927215576
"[0, 17, 15, 13, 4, 14, 16, 7, 8, 11, 1, 9, 12, 10, 5, 19, 18, 2, 6, 3]",824.0,"[0, 17, 15, 13, 4, 14, 16, 7, 8, 11, 1, 9, 12, 10, 5, 19, 18, 2, 6, 3]",824.0,9.446319341659546
"[0, 17, 15, 13, 4, 14, 16, 7, 8, 11, 1, 9, 12, 10, 5, 19, 18, 2, 6, 3]",824.0,"[0, 17, 15, 13, 4, 14, 16, 7, 8, 11, 1, 9, 12, 10, 5, 19, 18, 2, 6, 3]",824.0,9.50832462310791
"[0, 17, 15, 13, 4, 14, 16, 7, 8, 11, 1, 9, 12, 10, 5, 19, 18, 2, 6, 3]",824.0,"[0, 17, 15, 13, 4, 14, 16, 7, 8, 11, 1, 9, 12, 10, 5, 19, 18, 2, 6, 3]",824.0,9.574321269989014
"[0, 17, 15, 13, 4, 14, 16, 7, 8, 11, 1, 9, 12, 10, 5, 19, 18, 2, 6, 3]",824.0,"[0, 17, 15, 13, 4, 14, 16, 7, 8, 11, 1, 9, 12, 10, 5, 19, 18, 2, 6, 3]",824.0,9.64432168006897
"[0, 17, 15, 13, 4, 14, 16, 7, 8, 11, 1, 9, 12, 10, 5, 19, 18, 2, 6, 3]",824.0,"[0, 17, 15, 13, 4, 14, 16, 7, 8, 11, 1, 9, 12, 10, 5, 19, 18, 2, 6, 3]",824.0,9.709380865097046
"[0, 17, 15, 13, 4, 14, 16, 7, 8, 11, 1, 9, 12, 10, 5, 19, 18, 2, 6, 3]",824.0,"[0, 17, 15, 13, 4, 14, 16, 7, 8, 11, 1, 9, 12, 10, 5, 19, 18, 2, 6, 3]",824.0,9.77634310722351
"[0, 17, 15, 13, 4, 14, 16, 7, 8, 11, 1, 9, 12, 10, 5, 19, 18, 2, 6, 3]",824.0,"[0, 17, 15, 13, 4, 14, 16, 7, 8, 11, 1, 9, 12, 10, 5, 19, 18, 2, 6, 3]",824.0,9.844324827194214
"[0, 17, 15, 13, 4, 14, 16, 7, 8, 11, 1, 9, 12, 10, 5, 19, 18, 2, 6, 3]",824.0,"[0, 17, 15, 13, 4, 14, 16, 7, 8, 11, 1, 9, 12, 10, 5, 19, 18, 2, 6, 3]",824.0,9.908326864242554
"[0, 17, 15, 13, 4, 14, 16, 7, 8, 11, 1, 9, 12, 10, 5, 19, 18, 2, 6, 3]",824.0,"[0, 17, 15, 13, 4, 14, 16, 7, 8, 11, 1, 9, 12, 10, 5, 19, 18, 2, 6, 3]",824.0,9.980335235595703
"[0, 17, 15, 13, 4, 14, 16, 7, 8, 11, 1, 9, 12, 10, 5, 19, 18, 2, 6, 3]",824.0,"[0, 17, 15, 13, 4, 14, 16, 7, 8, 11, 1, 9, 12, 10, 5, 19, 18, 2, 6, 3]",824.0,10.048329591751099
"[0, 17, 15, 13, 4, 14, 16, 7, 8, 11, 1, 9, 12, 10, 5, 19, 18, 2, 6, 3]",824.0,"[0, 17, 15, 13, 4, 14, 16, 7, 8, 11, 1, 9, 12, 10, 5, 19, 18, 2, 6, 3]",824.0,10.113333463668823
"[0, 17, 15, 13, 4, 14, 16, 7, 8, 11, 1, 9, 12, 10, 5, 19, 18, 2, 6, 3]",824.0,"[0, 17, 15, 13, 4, 14, 16, 7, 8, 11, 1, 9, 12, 10, 5, 19, 18, 2, 6, 3]",824.0,10.178332567214966
"[0, 17, 15, 13, 4, 14, 16, 7, 8, 11, 1, 9, 12, 10, 5, 19, 18, 2, 6, 3]",824.0,"[0, 17, 15, 13, 4, 14, 16, 7, 8, 11, 1, 9, 12, 10, 5, 19, 18, 2, 6, 3]",824.0,10.2743399143219
"[0, 17, 15, 13, 4, 14, 16, 7, 8, 11, 1, 9, 12, 10, 5, 19, 18, 2, 6, 3]",824.0,"[0, 17, 15, 13, 4, 14, 16, 7, 8, 11, 1, 9, 12, 10, 5, 19, 18, 2, 6, 3]",824.0,10.337561130523682
"[0, 17, 15, 13, 4, 14, 16, 7, 8, 11, 1, 9, 12, 10, 5, 19, 18, 2, 6, 3]",824.0,"[0, 17, 15, 13, 4, 14, 16, 7, 8, 11, 1, 9, 12, 10, 5, 19, 18, 2, 6, 3]",824.0,10.403420448303223
"[0, 17, 15, 13, 4, 14, 16, 7, 8, 11, 1, 9, 12, 10, 5, 19, 18, 2, 6, 3]",824.0,"[0, 17, 15, 13, 4, 14, 16, 7, 8, 11, 1, 9, 12, 10, 5, 19, 18, 2, 6, 3]",824.0,10.467337608337402
"[0, 17, 15, 13, 4, 14, 16, 7, 8, 11, 1, 9, 12, 10, 5, 19, 18, 2, 6, 3]",824.0,"[0, 17, 15, 13, 4, 14, 16, 7, 8, 11, 1, 9, 12, 10, 5, 19, 18, 2, 6, 3]",824.0,10.530337572097778
"[0, 17, 15, 13, 4, 14, 16, 7, 8, 11, 1, 9, 12, 10, 5, 19, 18, 2, 6, 3]",824.0,"[0, 17, 15, 13, 4, 14, 16, 7, 8, 11, 1, 9, 12, 10, 5, 19, 18, 2, 6, 3]",824.0,10.595336675643921
"[0, 17, 15, 13, 4, 14, 16, 7, 8, 11, 1, 9, 12, 10, 5, 19, 18, 2, 6, 3]",824.0,"[0, 17, 15, 13, 4, 14, 16, 7, 8, 11, 1, 9, 12, 10, 5, 19, 18, 2, 6, 3]",824.0,10.65934133529663
"[0, 17, 15, 13, 4, 14, 16, 7, 8, 11, 1, 9, 12, 10, 5, 19, 18, 2, 6, 3]",824.0,"[0, 17, 15, 13, 4, 14, 16, 7, 8, 11, 1, 9, 12, 10, 5, 19, 18, 2, 6, 3]",824.0,10.722339868545532
"[0, 17, 15, 13, 4, 14, 16, 7, 8, 11, 1, 9, 12, 10, 5, 19, 18, 2, 6, 3]",824.0,"[0, 17, 15, 13, 4, 14, 16, 7, 8, 11, 1, 9, 12, 10, 5, 19, 18, 2, 6, 3]",824.0,10.785343647003174
"[0, 17, 15, 13, 4, 14, 16, 7, 8, 11, 1, 9, 12, 10, 5, 19, 18, 2, 6, 3]",824.0,"[0, 17, 15, 13, 4, 14, 16, 7, 8, 11, 1, 9, 12, 10, 5, 19, 18, 2, 6, 3]",824.0,10.848347902297974
"[0, 17, 15, 13, 4, 14, 16, 7, 8, 11, 1, 9, 12, 10, 5, 19, 18, 2, 6, 3]",824.0,"[0, 17, 15, 13, 4, 14, 16, 7, 8, 11, 1, 9, 12, 10, 5, 19, 18, 2, 6, 3]",824.0,10.913346290588379
"[0, 17, 15, 13, 4, 14, 16, 7, 8, 11, 1, 9, 12, 10, 5, 19, 18, 2, 6, 3]",824.0,"[0, 17, 15, 13, 4, 14, 16, 7, 8, 11, 1, 9, 12, 10, 5, 19, 18, 2, 6, 3]",824.0,10.977344512939453
"[0, 17, 15, 13, 4, 14, 16, 7, 8, 11, 1, 9, 12, 10, 5, 19, 18, 2, 6, 3]",824.0,"[0, 17, 15, 13, 4, 14, 16, 7, 8, 11, 1, 9, 12, 10, 5, 19, 18, 2, 6, 3]",824.0,11.041350841522217
"[0, 17, 15, 13, 4, 14, 16, 7, 8, 11, 1, 9, 12, 10, 5, 19, 18, 2, 6, 3]",824.0,"[0, 17, 15, 13, 4, 14, 16, 7, 8, 11, 1, 9, 12, 10, 5, 19, 18, 2, 6, 3]",824.0,11.10535216331482
"[0, 17, 15, 13, 4, 14, 16, 7, 8, 11, 1, 9, 12, 10, 5, 19, 18, 2, 6, 3]",824.0,"[0, 17, 15, 13, 4, 14, 16, 7, 8, 11, 1, 9, 12, 10, 5, 19, 18, 2, 6, 3]",824.0,11.168347835540771
"[0, 17, 15, 13, 4, 14, 16, 7, 8, 11, 1, 9, 12, 10, 5, 19, 18, 2, 6, 3]",824.0,"[0, 17, 15, 13, 4, 14, 16, 7, 8, 11, 1, 9, 12, 10, 5, 19, 18, 2, 6, 3]",824.0,11.234349966049194
"[0, 17, 15, 13, 4, 14, 16, 7, 8, 11, 1, 9, 12, 10, 5, 19, 18, 2, 6, 3]",824.0,"[0, 17, 15, 13, 4, 14, 16, 7, 8, 11, 1, 9, 12, 10, 5, 19, 18, 2, 6, 3]",824.0,11.3003511428833
"[0, 17, 15, 13, 4, 14, 16, 7, 8, 11, 1, 9, 12, 10, 5, 19, 18, 2, 6, 3]",824.0,"[0, 17, 15, 13, 4, 14, 16, 7, 8, 11, 1, 9, 12, 10, 5, 19, 18, 2, 6, 3]",824.0,11.3643639087677
"[0, 17, 15, 13, 4, 14, 16, 7, 8, 11, 1, 9, 12, 10, 5, 19, 18, 2, 6, 3]",824.0,"[0, 17, 15, 13, 4, 14, 16, 7, 8, 11, 1, 9, 12, 10, 5, 19, 18, 2, 6, 3]",824.0,11.436352729797363
"[0, 17, 15, 13, 4, 14, 16, 7, 8, 11, 1, 9, 12, 10, 5, 19, 18, 2, 6, 3]",824.0,"[0, 17, 15, 13, 4, 14, 16, 7, 8, 11, 1, 9, 12, 10, 5, 19, 18, 2, 6, 3]",824.0,11.50335693359375
"[0, 17, 15, 13, 4, 14, 16, 7, 8, 11, 1, 9, 12, 10, 5, 19, 18, 2, 6, 3]",824.0,"[0, 17, 15, 13, 4, 14, 16, 7, 8, 11, 1, 9, 12, 10, 5, 19, 18, 2, 6, 3]",824.0,11.570353269577026
"[0, 17, 15, 13, 4, 14, 16, 7, 8, 11, 1, 9, 12, 10, 5, 19, 18, 2, 6, 3]",824.0,"[0, 17, 15, 13, 4, 14, 16, 7, 8, 11, 1, 9, 12, 10, 5, 19, 18, 2, 6, 3]",824.0,11.636353015899658
"[0, 17, 15, 13, 4, 14, 16, 7, 8, 11, 1, 9, 12, 10, 5, 19, 18, 2, 6, 3]",824.0,"[0, 17, 15, 13, 4, 14, 16, 7, 8, 11, 1, 9, 12, 10, 5, 19, 18, 2, 6, 3]",824.0,11.699358224868774
"[0, 17, 15, 13, 4, 14, 16, 7, 8, 11, 1, 9, 12, 10, 5, 19, 18, 2, 6, 3]",824.0,"[0, 17, 15, 13, 4, 14, 16, 7, 8, 11, 1, 9, 12, 10, 5, 19, 18, 2, 6, 3]",824.0,11.763357400894165
"[0, 17, 15, 13, 4, 14, 16, 7, 8, 11, 1, 9, 12, 10, 5, 19, 18, 2, 6, 3]",824.0,"[0, 17, 15, 13, 4, 14, 16, 7, 8, 11, 1, 9, 12, 10, 5, 19, 18, 2, 6, 3]",824.0,11.828362703323364
"[0, 17, 15, 13, 4, 14, 16, 7, 8, 11, 1, 9, 12, 10, 5, 19, 18, 2, 6, 3]",824.0,"[0, 17, 15, 13, 4, 14, 16, 7, 8, 11, 1, 9, 12, 10, 5, 19, 18, 2, 6, 3]",824.0,11.889369249343872
"[0, 17, 15, 13, 4, 14, 16, 7, 8, 11, 1, 9, 12, 10, 5, 19, 18, 2, 6, 3]",824.0,"[0, 17, 15, 13, 4, 14, 16, 7, 8, 11, 1, 9, 12, 10, 5, 19, 18, 2, 6, 3]",824.0,11.952362537384033
"[0, 17, 15, 13, 4, 14, 16, 7, 8, 11, 1, 9, 12, 10, 5, 19, 18, 2, 6, 3]",824.0,"[0, 17, 15, 13, 4, 14, 16, 7, 8, 11, 1, 9, 12, 10, 5, 19, 18, 2, 6, 3]",824.0,12.016363382339478
"[0, 17, 15, 13, 4, 14, 16, 7, 8, 11, 1, 9, 12, 10, 5, 19, 18, 2, 6, 3]",824.0,"[0, 17, 15, 13, 4, 14, 16, 7, 8, 11, 1, 9, 12, 10, 5, 19, 18, 2, 6, 3]",824.0,12.081363677978516
"[0, 17, 15, 13, 4, 14, 16, 7, 8, 11, 1, 9, 12, 10, 5, 19, 18, 2, 6, 3]",824.0,"[0, 17, 15, 13, 4, 14, 16, 7, 8, 11, 1, 9, 12, 10, 5, 19, 18, 2, 6, 3]",824.0,12.146365880966187
"[0, 17, 15, 13, 4, 14, 16, 7, 8, 11, 1, 9, 12, 10, 5, 19, 18, 2, 6, 3]",824.0,"[0, 17, 15, 13, 4, 14, 16, 7, 8, 11, 1, 9, 12, 10, 5, 19, 18, 2, 6, 3]",824.0,12.21036672592163
"[0, 17, 15, 13, 4, 14, 16, 7, 8, 11, 1, 9, 12, 10, 5, 19, 18, 2, 6, 3]",824.0,"[0, 17, 15, 13, 4, 14, 16, 7, 8, 11, 1, 9, 12, 10, 5, 19, 18, 2, 6, 3]",824.0,12.273375988006592
"[0, 17, 15, 13, 4, 14, 16, 7, 8, 11, 1, 9, 12, 10, 5, 19, 18, 2, 6, 3]",824.0,"[0, 17, 15, 13, 4, 14, 16, 7, 8, 11, 1, 9, 12, 10, 5, 19, 18, 2, 6, 3]",824.0,12.3363676071167
"[0, 17, 15, 13, 4, 14, 16, 7, 8, 11, 1, 9, 12, 10, 5, 19, 18, 2, 6, 3]",824.0,"[0, 17, 15, 13, 4, 14, 16, 7, 8, 11, 1, 9, 12, 10, 5, 19, 18, 2, 6, 3]",824.0,12.400375604629517
"[0, 17, 15, 13, 4, 14, 16, 7, 8, 11, 1, 9, 12, 10, 5, 19, 18, 2, 6, 3]",824.0,"[0, 17, 15, 13, 4, 14, 16, 7, 8, 11, 1, 9, 12, 10, 5, 19, 18, 2, 6, 3]",824.0,12.466364622116089
"[0, 17, 15, 13, 4, 14, 16, 7, 8, 11, 1, 9, 12, 10, 5, 19, 18, 2, 6, 3]",824.0,"[0, 17, 15, 13, 4, 14, 16, 7, 8, 11, 1, 9, 12, 10, 5, 19, 18, 2, 6, 3]",824.0,12.531369924545288
"[0, 17, 15, 13, 4, 14, 16, 7, 8, 11, 1, 9, 12, 10, 5, 19, 18, 2, 6, 3]",824.0,"[0, 17, 15, 13, 4, 14, 16, 7, 8, 11, 1, 9, 12, 10, 5, 19, 18, 2, 6, 3]",824.0,12.594375371932983
"[0, 17, 15, 13, 4, 14, 16, 7, 8, 11, 1, 9, 12, 10, 5, 19, 18, 2, 6, 3]",824.0,"[0, 17, 15, 13, 4, 14, 16, 7, 8, 11, 1, 9, 12, 10, 5, 19, 18, 2, 6, 3]",824.0,12.661391019821167
"[0, 17, 15, 13, 4, 14, 16, 7, 8, 11, 1, 9, 12, 10, 5, 19, 18, 2, 6, 3]",824.0,"[0, 17, 15, 13, 4, 14, 16, 7, 8, 11, 1, 9, 12, 10, 5, 19, 18, 2, 6, 3]",824.0,12.726374626159668
"[0, 17, 15, 13, 4, 14, 16, 7, 8, 11, 1, 9, 12, 10, 5, 19, 18, 2, 6, 3]",824.0,"[0, 17, 15, 13, 4, 14, 16, 7, 8, 11, 1, 9, 12, 10, 5, 19, 18, 2, 6, 3]",824.0,12.790376663208008
"[17, 0, 15, 13, 4, 14, 16, 7, 8, 11, 1, 9, 12, 10, 5, 19, 18, 2, 6, 3]",822.5,"[17, 0, 15, 13, 4, 14, 16, 7, 8, 11, 1, 9, 12, 10, 5, 19, 18, 2, 6, 3]",822.5,12.858381509780884
"[17, 0, 15, 13, 4, 14, 16, 7, 8, 11, 1, 9, 12, 10, 5, 19, 18, 2, 6, 3]",822.5,"[17, 0, 15, 13, 4, 14, 16, 7, 8, 11, 1, 9, 12, 10, 5, 19, 18, 2, 6, 3]",822.5,12.923382043838501
"[17, 0, 15, 13, 4, 14, 16, 7, 8, 11, 1, 9, 12, 10, 5, 19, 18, 2, 6, 3]",822.5,"[17, 0, 15, 13, 4, 14, 16, 7, 8, 11, 1, 9, 12, 10, 5, 19, 18, 2, 6, 3]",822.5,12.995965957641602
