Sequence,Fitness,Best_sequence,Best_fitness,Time
"[0, 1, 2, 3, 4, 5, 6, 7, 8, 9, 10, 11, 12, 13, 14, 15, 16, 17, 18, 19, 20, 21, 22, 23, 24, 25, 26, 27, 28, 29, 30, 31, 32, 33, 34, 35, 36, 37, 38, 39]",1810.5,"[0, 1, 2, 3, 4, 5, 6, 7, 8, 9, 10, 11, 12, 13, 14, 15, 16, 17, 18, 19, 20, 21, 22, 23, 24, 25, 26, 27, 28, 29, 30, 31, 32, 33, 34, 35, 36, 37, 38, 39]",1810.5,0.0
"[0, 1, 2, 3, 4, 5, 6, 7, 8, 9, 10, 11, 12, 13, 14, 15, 16, 17, 18, 19, 20, 21, 22, 23, 24, 25, 26, 27, 28, 29, 30, 31, 32, 33, 34, 35, 36, 37, 38, 39]",1810.5,"[0, 1, 2, 3, 4, 5, 6, 7, 8, 9, 10, 11, 12, 13, 14, 15, 16, 17, 18, 19, 20, 21, 22, 23, 24, 25, 26, 27, 28, 29, 30, 31, 32, 33, 34, 35, 36, 37, 38, 39]",1810.5,0.16400504112243652
"[0, 1, 2, 3, 4, 5, 6, 7, 8, 9, 10, 11, 12, 13, 14, 15, 16, 17, 18, 19, 20, 21, 22, 23, 24, 25, 26, 27, 28, 29, 30, 31, 32, 33, 34, 35, 36, 37, 38, 39]",1810.5,"[0, 1, 2, 3, 4, 5, 6, 7, 8, 9, 10, 11, 12, 13, 14, 15, 16, 17, 18, 19, 20, 21, 22, 23, 24, 25, 26, 27, 28, 29, 30, 31, 32, 33, 34, 35, 36, 37, 38, 39]",1810.5,0.3289937973022461
"[0, 1, 2, 3, 4, 5, 6, 7, 8, 9, 10, 11, 12, 13, 14, 15, 16, 17, 18, 19, 20, 21, 22, 23, 24, 25, 26, 27, 28, 29, 30, 31, 32, 33, 34, 35, 36, 37, 38, 39]",1810.5,"[0, 1, 2, 3, 4, 5, 6, 7, 8, 9, 10, 11, 12, 13, 14, 15, 16, 17, 18, 19, 20, 21, 22, 23, 24, 25, 26, 27, 28, 29, 30, 31, 32, 33, 34, 35, 36, 37, 38, 39]",1810.5,0.4900057315826416
"[0, 1, 2, 3, 4, 5, 6, 7, 8, 9, 10, 11, 12, 13, 14, 15, 16, 17, 18, 19, 20, 21, 22, 23, 24, 25, 26, 27, 28, 29, 30, 31, 32, 33, 34, 35, 36, 37, 38, 39]",1810.5,"[0, 1, 2, 3, 4, 5, 6, 7, 8, 9, 10, 11, 12, 13, 14, 15, 16, 17, 18, 19, 20, 21, 22, 23, 24, 25, 26, 27, 28, 29, 30, 31, 32, 33, 34, 35, 36, 37, 38, 39]",1810.5,0.646005392074585
"[15, 1, 2, 3, 4, 5, 6, 7, 8, 9, 10, 11, 12, 13, 14, 0, 16, 17, 18, 19, 20, 21, 22, 23, 24, 25, 26, 27, 28, 29, 30, 31, 32, 33, 34, 35, 36, 37, 38, 39]",1805.5,"[15, 1, 2, 3, 4, 5, 6, 7, 8, 9, 10, 11, 12, 13, 14, 0, 16, 17, 18, 19, 20, 21, 22, 23, 24, 25, 26, 27, 28, 29, 30, 31, 32, 33, 34, 35, 36, 37, 38, 39]",1805.5,0.806002140045166
"[15, 1, 2, 3, 4, 5, 6, 7, 8, 9, 10, 11, 12, 13, 14, 0, 16, 17, 18, 19, 20, 21, 22, 23, 24, 25, 26, 27, 28, 29, 30, 31, 32, 33, 34, 35, 36, 37, 38, 39]",1805.5,"[15, 1, 2, 3, 4, 5, 6, 7, 8, 9, 10, 11, 12, 13, 14, 0, 16, 17, 18, 19, 20, 21, 22, 23, 24, 25, 26, 27, 28, 29, 30, 31, 32, 33, 34, 35, 36, 37, 38, 39]",1805.5,0.9870116710662842
"[15, 1, 2, 3, 4, 5, 6, 12, 8, 9, 10, 11, 7, 13, 14, 0, 16, 17, 18, 19, 20, 21, 22, 23, 24, 25, 26, 27, 28, 29, 30, 31, 32, 33, 34, 35, 36, 37, 38, 39]",1765.0,"[15, 1, 2, 3, 4, 5, 6, 12, 8, 9, 10, 11, 7, 13, 14, 0, 16, 17, 18, 19, 20, 21, 22, 23, 24, 25, 26, 27, 28, 29, 30, 31, 32, 33, 34, 35, 36, 37, 38, 39]",1765.0,1.1896822452545166
"[15, 1, 2, 3, 4, 5, 6, 12, 8, 9, 10, 11, 7, 13, 14, 0, 16, 17, 18, 19, 20, 21, 22, 23, 24, 25, 26, 27, 28, 29, 30, 31, 32, 33, 34, 35, 36, 37, 38, 39]",1765.0,"[15, 1, 2, 3, 4, 5, 6, 12, 8, 9, 10, 11, 7, 13, 14, 0, 16, 17, 18, 19, 20, 21, 22, 23, 24, 25, 26, 27, 28, 29, 30, 31, 32, 33, 34, 35, 36, 37, 38, 39]",1765.0,1.3516819477081299
"[15, 1, 2, 3, 4, 5, 6, 12, 8, 9, 10, 11, 7, 13, 14, 0, 16, 17, 18, 19, 20, 21, 22, 23, 24, 25, 26, 27, 28, 29, 30, 31, 32, 33, 34, 35, 36, 37, 38, 39]",1765.0,"[15, 1, 2, 3, 4, 5, 6, 12, 8, 9, 10, 11, 7, 13, 14, 0, 16, 17, 18, 19, 20, 21, 22, 23, 24, 25, 26, 27, 28, 29, 30, 31, 32, 33, 34, 35, 36, 37, 38, 39]",1765.0,1.524684190750122
"[15, 1, 2, 3, 4, 5, 6, 12, 8, 9, 10, 11, 7, 13, 14, 0, 16, 17, 18, 19, 20, 21, 22, 23, 24, 25, 26, 27, 28, 29, 30, 31, 32, 33, 34, 35, 36, 37, 38, 39]",1765.0,"[15, 1, 2, 3, 4, 5, 6, 12, 8, 9, 10, 11, 7, 13, 14, 0, 16, 17, 18, 19, 20, 21, 22, 23, 24, 25, 26, 27, 28, 29, 30, 31, 32, 33, 34, 35, 36, 37, 38, 39]",1765.0,1.6886918544769287
"[15, 1, 2, 3, 4, 5, 6, 12, 8, 9, 10, 28, 7, 13, 14, 0, 16, 17, 18, 19, 20, 21, 22, 23, 24, 25, 26, 27, 11, 29, 30, 31, 32, 33, 34, 35, 36, 37, 38, 39]",1763.5,"[15, 1, 2, 3, 4, 5, 6, 12, 8, 9, 10, 28, 7, 13, 14, 0, 16, 17, 18, 19, 20, 21, 22, 23, 24, 25, 26, 27, 11, 29, 30, 31, 32, 33, 34, 35, 36, 37, 38, 39]",1763.5,1.8497860431671143
"[15, 1, 2, 3, 4, 5, 6, 12, 8, 9, 10, 28, 7, 13, 14, 0, 16, 17, 18, 19, 20, 21, 22, 23, 24, 25, 26, 27, 11, 29, 30, 31, 32, 33, 34, 35, 36, 37, 38, 39]",1763.5,"[15, 1, 2, 3, 4, 5, 6, 12, 8, 9, 10, 28, 7, 13, 14, 0, 16, 17, 18, 19, 20, 21, 22, 23, 24, 25, 26, 27, 11, 29, 30, 31, 32, 33, 34, 35, 36, 37, 38, 39]",1763.5,2.003692150115967
"[15, 1, 2, 3, 4, 5, 6, 12, 8, 9, 10, 28, 7, 13, 14, 0, 16, 17, 18, 19, 20, 21, 22, 23, 24, 25, 26, 27, 11, 29, 30, 31, 32, 33, 34, 35, 36, 37, 38, 39]",1763.5,"[15, 1, 2, 3, 4, 5, 6, 12, 8, 9, 10, 28, 7, 13, 14, 0, 16, 17, 18, 19, 20, 21, 22, 23, 24, 25, 26, 27, 11, 29, 30, 31, 32, 33, 34, 35, 36, 37, 38, 39]",1763.5,2.163691759109497
"[15, 1, 2, 3, 4, 5, 6, 12, 8, 9, 10, 28, 7, 13, 14, 0, 16, 17, 18, 19, 20, 21, 22, 30, 24, 25, 26, 27, 11, 29, 23, 31, 32, 33, 34, 35, 36, 37, 38, 39]",1710.5,"[15, 1, 2, 3, 4, 5, 6, 12, 8, 9, 10, 28, 7, 13, 14, 0, 16, 17, 18, 19, 20, 21, 22, 30, 24, 25, 26, 27, 11, 29, 23, 31, 32, 33, 34, 35, 36, 37, 38, 39]",1710.5,2.322692632675171
"[15, 1, 2, 3, 4, 5, 6, 12, 8, 9, 10, 28, 7, 13, 14, 0, 16, 17, 18, 19, 20, 21, 22, 30, 24, 25, 26, 27, 11, 29, 23, 31, 32, 33, 34, 35, 36, 37, 38, 39]",1710.5,"[15, 1, 2, 3, 4, 5, 6, 12, 8, 9, 10, 28, 7, 13, 14, 0, 16, 17, 18, 19, 20, 21, 22, 30, 24, 25, 26, 27, 11, 29, 23, 31, 32, 33, 34, 35, 36, 37, 38, 39]",1710.5,2.4836955070495605
"[15, 1, 2, 3, 4, 5, 6, 12, 8, 9, 10, 28, 7, 13, 14, 0, 16, 17, 18, 19, 20, 21, 22, 30, 24, 25, 26, 27, 11, 29, 23, 31, 32, 33, 34, 35, 36, 37, 38, 39]",1710.5,"[15, 1, 2, 3, 4, 5, 6, 12, 8, 9, 10, 28, 7, 13, 14, 0, 16, 17, 18, 19, 20, 21, 22, 30, 24, 25, 26, 27, 11, 29, 23, 31, 32, 33, 34, 35, 36, 37, 38, 39]",1710.5,2.646697759628296
"[15, 1, 2, 3, 4, 5, 6, 22, 8, 9, 10, 28, 7, 13, 14, 0, 16, 17, 18, 19, 20, 21, 12, 30, 24, 25, 26, 27, 11, 29, 23, 31, 32, 33, 34, 35, 36, 37, 38, 39]",1704.0,"[15, 1, 2, 3, 4, 5, 6, 22, 8, 9, 10, 28, 7, 13, 14, 0, 16, 17, 18, 19, 20, 21, 12, 30, 24, 25, 26, 27, 11, 29, 23, 31, 32, 33, 34, 35, 36, 37, 38, 39]",1704.0,2.8057210445404053
"[15, 1, 2, 3, 4, 5, 6, 22, 8, 9, 10, 28, 7, 13, 14, 0, 16, 17, 18, 19, 20, 21, 12, 30, 24, 25, 26, 27, 11, 29, 23, 31, 32, 33, 34, 35, 36, 37, 38, 39]",1704.0,"[15, 1, 2, 3, 4, 5, 6, 22, 8, 9, 10, 28, 7, 13, 14, 0, 16, 17, 18, 19, 20, 21, 12, 30, 24, 25, 26, 27, 11, 29, 23, 31, 32, 33, 34, 35, 36, 37, 38, 39]",1704.0,2.965702772140503
"[15, 1, 2, 3, 4, 5, 6, 22, 17, 9, 10, 28, 7, 13, 14, 0, 16, 8, 18, 19, 20, 21, 12, 30, 24, 25, 26, 27, 11, 29, 23, 31, 32, 33, 34, 35, 36, 37, 38, 39]",1690.5,"[15, 1, 2, 3, 4, 5, 6, 22, 17, 9, 10, 28, 7, 13, 14, 0, 16, 8, 18, 19, 20, 21, 12, 30, 24, 25, 26, 27, 11, 29, 23, 31, 32, 33, 34, 35, 36, 37, 38, 39]",1690.5,3.1307156085968018
"[15, 1, 2, 3, 4, 5, 6, 22, 17, 9, 10, 28, 7, 13, 14, 0, 16, 8, 18, 19, 20, 21, 12, 30, 24, 25, 26, 27, 11, 29, 23, 31, 32, 33, 34, 35, 36, 37, 38, 39]",1690.5,"[15, 1, 2, 3, 4, 5, 6, 22, 17, 9, 10, 28, 7, 13, 14, 0, 16, 8, 18, 19, 20, 21, 12, 30, 24, 25, 26, 27, 11, 29, 23, 31, 32, 33, 34, 35, 36, 37, 38, 39]",1690.5,3.298705577850342
"[15, 1, 2, 3, 4, 5, 6, 22, 17, 9, 10, 28, 7, 13, 14, 0, 16, 8, 18, 19, 20, 21, 12, 30, 24, 25, 26, 27, 11, 29, 23, 31, 32, 33, 34, 35, 36, 37, 38, 39]",1690.5,"[15, 1, 2, 3, 4, 5, 6, 22, 17, 9, 10, 28, 7, 13, 14, 0, 16, 8, 18, 19, 20, 21, 12, 30, 24, 25, 26, 27, 11, 29, 23, 31, 32, 33, 34, 35, 36, 37, 38, 39]",1690.5,3.47670578956604
"[15, 1, 2, 3, 4, 5, 6, 22, 17, 9, 10, 28, 7, 13, 14, 0, 16, 8, 18, 19, 20, 21, 12, 30, 24, 25, 26, 27, 11, 29, 23, 31, 32, 33, 34, 35, 36, 37, 38, 39]",1690.5,"[15, 1, 2, 3, 4, 5, 6, 22, 17, 9, 10, 28, 7, 13, 14, 0, 16, 8, 18, 19, 20, 21, 12, 30, 24, 25, 26, 27, 11, 29, 23, 31, 32, 33, 34, 35, 36, 37, 38, 39]",1690.5,3.640716552734375
"[15, 1, 2, 3, 4, 5, 21, 22, 17, 9, 10, 28, 7, 13, 14, 0, 16, 8, 18, 19, 20, 6, 12, 30, 24, 25, 26, 27, 11, 29, 23, 31, 32, 33, 34, 35, 36, 37, 38, 39]",1681.5,"[15, 1, 2, 3, 4, 5, 21, 22, 17, 9, 10, 28, 7, 13, 14, 0, 16, 8, 18, 19, 20, 6, 12, 30, 24, 25, 26, 27, 11, 29, 23, 31, 32, 33, 34, 35, 36, 37, 38, 39]",1681.5,3.7977139949798584
"[15, 1, 2, 3, 4, 5, 21, 22, 17, 9, 10, 28, 7, 13, 14, 0, 16, 8, 18, 19, 20, 6, 12, 30, 24, 25, 26, 27, 11, 29, 23, 31, 32, 33, 34, 35, 36, 37, 38, 39]",1681.5,"[15, 1, 2, 3, 4, 5, 21, 22, 17, 9, 10, 28, 7, 13, 14, 0, 16, 8, 18, 19, 20, 6, 12, 30, 24, 25, 26, 27, 11, 29, 23, 31, 32, 33, 34, 35, 36, 37, 38, 39]",1681.5,3.95871901512146
"[15, 1, 2, 3, 4, 5, 21, 22, 17, 9, 10, 28, 7, 13, 14, 0, 16, 8, 18, 19, 20, 6, 12, 30, 24, 25, 26, 27, 11, 29, 23, 31, 32, 33, 34, 35, 36, 37, 38, 39]",1681.5,"[15, 1, 2, 3, 4, 5, 21, 22, 17, 9, 10, 28, 7, 13, 14, 0, 16, 8, 18, 19, 20, 6, 12, 30, 24, 25, 26, 27, 11, 29, 23, 31, 32, 33, 34, 35, 36, 37, 38, 39]",1681.5,4.115715265274048
"[15, 1, 2, 3, 4, 5, 21, 22, 17, 9, 10, 28, 7, 13, 14, 0, 16, 8, 18, 19, 20, 6, 12, 30, 24, 25, 26, 27, 11, 29, 23, 31, 32, 33, 34, 35, 36, 37, 38, 39]",1681.5,"[15, 1, 2, 3, 4, 5, 21, 22, 17, 9, 10, 28, 7, 13, 14, 0, 16, 8, 18, 19, 20, 6, 12, 30, 24, 25, 26, 27, 11, 29, 23, 31, 32, 33, 34, 35, 36, 37, 38, 39]",1681.5,4.27471923828125
"[15, 1, 2, 3, 4, 5, 21, 22, 17, 9, 10, 28, 7, 13, 14, 0, 16, 8, 18, 19, 20, 6, 12, 30, 24, 25, 26, 27, 11, 29, 23, 31, 32, 33, 34, 35, 36, 37, 38, 39]",1681.5,"[15, 1, 2, 3, 4, 5, 21, 22, 17, 9, 10, 28, 7, 13, 14, 0, 16, 8, 18, 19, 20, 6, 12, 30, 24, 25, 26, 27, 11, 29, 23, 31, 32, 33, 34, 35, 36, 37, 38, 39]",1681.5,4.43272590637207
"[15, 1, 2, 3, 4, 5, 21, 22, 17, 9, 10, 28, 7, 13, 14, 0, 16, 8, 18, 19, 20, 6, 12, 30, 24, 25, 26, 27, 11, 29, 23, 31, 32, 33, 34, 35, 36, 37, 38, 39]",1681.5,"[15, 1, 2, 3, 4, 5, 21, 22, 17, 9, 10, 28, 7, 13, 14, 0, 16, 8, 18, 19, 20, 6, 12, 30, 24, 25, 26, 27, 11, 29, 23, 31, 32, 33, 34, 35, 36, 37, 38, 39]",1681.5,4.597720384597778
"[15, 1, 2, 3, 4, 5, 21, 22, 17, 9, 10, 28, 7, 13, 14, 0, 16, 8, 18, 19, 20, 6, 12, 30, 24, 25, 26, 27, 11, 29, 23, 31, 32, 33, 34, 35, 36, 37, 38, 39]",1681.5,"[15, 1, 2, 3, 4, 5, 21, 22, 17, 9, 10, 28, 7, 13, 14, 0, 16, 8, 18, 19, 20, 6, 12, 30, 24, 25, 26, 27, 11, 29, 23, 31, 32, 33, 34, 35, 36, 37, 38, 39]",1681.5,4.770723342895508
"[15, 1, 2, 3, 4, 5, 21, 22, 17, 9, 10, 28, 7, 13, 14, 0, 16, 8, 18, 19, 20, 6, 12, 30, 24, 25, 26, 27, 11, 29, 23, 31, 32, 33, 34, 35, 36, 37, 38, 39]",1681.5,"[15, 1, 2, 3, 4, 5, 21, 22, 17, 9, 10, 28, 7, 13, 14, 0, 16, 8, 18, 19, 20, 6, 12, 30, 24, 25, 26, 27, 11, 29, 23, 31, 32, 33, 34, 35, 36, 37, 38, 39]",1681.5,4.934725522994995
"[15, 1, 2, 3, 4, 5, 21, 22, 17, 9, 10, 28, 7, 13, 14, 0, 16, 8, 18, 19, 20, 6, 12, 30, 24, 25, 26, 27, 11, 29, 23, 31, 32, 33, 34, 35, 36, 37, 38, 39]",1681.5,"[15, 1, 2, 3, 4, 5, 21, 22, 17, 9, 10, 28, 7, 13, 14, 0, 16, 8, 18, 19, 20, 6, 12, 30, 24, 25, 26, 27, 11, 29, 23, 31, 32, 33, 34, 35, 36, 37, 38, 39]",1681.5,5.098728656768799
"[15, 1, 2, 3, 4, 5, 21, 22, 17, 9, 10, 28, 7, 13, 14, 0, 16, 8, 18, 19, 20, 6, 12, 30, 24, 25, 26, 27, 11, 29, 23, 31, 32, 33, 34, 35, 36, 37, 38, 39]",1681.5,"[15, 1, 2, 3, 4, 5, 21, 22, 17, 9, 10, 28, 7, 13, 14, 0, 16, 8, 18, 19, 20, 6, 12, 30, 24, 25, 26, 27, 11, 29, 23, 31, 32, 33, 34, 35, 36, 37, 38, 39]",1681.5,5.255732774734497
"[15, 1, 2, 3, 4, 5, 21, 22, 17, 9, 10, 28, 7, 13, 14, 0, 16, 8, 18, 19, 20, 6, 12, 30, 24, 25, 26, 27, 11, 29, 23, 31, 32, 33, 34, 35, 36, 37, 38, 39]",1681.5,"[15, 1, 2, 3, 4, 5, 21, 22, 17, 9, 10, 28, 7, 13, 14, 0, 16, 8, 18, 19, 20, 6, 12, 30, 24, 25, 26, 27, 11, 29, 23, 31, 32, 33, 34, 35, 36, 37, 38, 39]",1681.5,5.415737152099609
"[15, 1, 2, 3, 4, 5, 21, 22, 17, 9, 10, 28, 7, 13, 14, 0, 16, 8, 18, 19, 20, 6, 12, 30, 24, 25, 26, 27, 11, 29, 23, 31, 32, 33, 34, 35, 36, 37, 38, 39]",1681.5,"[15, 1, 2, 3, 4, 5, 21, 22, 17, 9, 10, 28, 7, 13, 14, 0, 16, 8, 18, 19, 20, 6, 12, 30, 24, 25, 26, 27, 11, 29, 23, 31, 32, 33, 34, 35, 36, 37, 38, 39]",1681.5,5.589733839035034
"[15, 1, 2, 3, 4, 5, 21, 22, 17, 9, 10, 28, 7, 13, 14, 0, 16, 8, 18, 19, 20, 6, 12, 30, 24, 25, 26, 27, 11, 29, 23, 31, 32, 33, 34, 35, 36, 37, 38, 39]",1681.5,"[15, 1, 2, 3, 4, 5, 21, 22, 17, 9, 10, 28, 7, 13, 14, 0, 16, 8, 18, 19, 20, 6, 12, 30, 24, 25, 26, 27, 11, 29, 23, 31, 32, 33, 34, 35, 36, 37, 38, 39]",1681.5,5.752737283706665
"[15, 1, 2, 3, 4, 5, 21, 22, 17, 9, 10, 28, 7, 13, 14, 0, 16, 8, 18, 19, 20, 6, 12, 30, 24, 25, 26, 27, 11, 29, 23, 31, 32, 33, 34, 35, 36, 37, 38, 39]",1681.5,"[15, 1, 2, 3, 4, 5, 21, 22, 17, 9, 10, 28, 7, 13, 14, 0, 16, 8, 18, 19, 20, 6, 12, 30, 24, 25, 26, 27, 11, 29, 23, 31, 32, 33, 34, 35, 36, 37, 38, 39]",1681.5,5.912737607955933
"[15, 1, 2, 3, 4, 5, 21, 22, 17, 9, 10, 28, 7, 13, 14, 0, 16, 8, 18, 19, 20, 6, 12, 30, 24, 25, 26, 27, 11, 29, 23, 31, 32, 33, 34, 35, 36, 37, 38, 39]",1681.5,"[15, 1, 2, 3, 4, 5, 21, 22, 17, 9, 10, 28, 7, 13, 14, 0, 16, 8, 18, 19, 20, 6, 12, 30, 24, 25, 26, 27, 11, 29, 23, 31, 32, 33, 34, 35, 36, 37, 38, 39]",1681.5,6.080758094787598
"[15, 1, 2, 3, 4, 5, 21, 22, 17, 9, 10, 28, 7, 13, 14, 0, 16, 8, 18, 19, 20, 6, 12, 30, 24, 25, 26, 27, 11, 29, 23, 31, 32, 33, 34, 35, 36, 37, 38, 39]",1681.5,"[15, 1, 2, 3, 4, 5, 21, 22, 17, 9, 10, 28, 7, 13, 14, 0, 16, 8, 18, 19, 20, 6, 12, 30, 24, 25, 26, 27, 11, 29, 23, 31, 32, 33, 34, 35, 36, 37, 38, 39]",1681.5,6.261746883392334
"[15, 1, 2, 3, 4, 5, 21, 22, 17, 9, 10, 28, 7, 13, 14, 0, 16, 8, 18, 19, 20, 6, 12, 30, 24, 25, 26, 27, 11, 29, 23, 31, 32, 33, 34, 35, 36, 37, 38, 39]",1681.5,"[15, 1, 2, 3, 4, 5, 21, 22, 17, 9, 10, 28, 7, 13, 14, 0, 16, 8, 18, 19, 20, 6, 12, 30, 24, 25, 26, 27, 11, 29, 23, 31, 32, 33, 34, 35, 36, 37, 38, 39]",1681.5,6.422743558883667
"[15, 1, 2, 3, 4, 5, 21, 22, 17, 9, 10, 28, 7, 13, 14, 0, 16, 8, 18, 19, 20, 6, 12, 30, 24, 25, 26, 27, 11, 29, 23, 31, 32, 33, 34, 35, 36, 37, 38, 39]",1681.5,"[15, 1, 2, 3, 4, 5, 21, 22, 17, 9, 10, 28, 7, 13, 14, 0, 16, 8, 18, 19, 20, 6, 12, 30, 24, 25, 26, 27, 11, 29, 23, 31, 32, 33, 34, 35, 36, 37, 38, 39]",1681.5,6.580746650695801
"[15, 1, 2, 3, 4, 5, 21, 22, 17, 9, 10, 28, 7, 13, 14, 0, 16, 8, 18, 19, 20, 6, 12, 30, 24, 25, 26, 27, 11, 29, 23, 31, 32, 33, 34, 35, 36, 37, 38, 39]",1681.5,"[15, 1, 2, 3, 4, 5, 21, 22, 17, 9, 10, 28, 7, 13, 14, 0, 16, 8, 18, 19, 20, 6, 12, 30, 24, 25, 26, 27, 11, 29, 23, 31, 32, 33, 34, 35, 36, 37, 38, 39]",1681.5,6.741754055023193
"[15, 1, 2, 3, 4, 5, 21, 22, 17, 9, 10, 28, 7, 13, 14, 0, 16, 8, 18, 19, 20, 6, 12, 30, 24, 25, 26, 27, 11, 29, 23, 31, 32, 33, 34, 35, 36, 37, 38, 39]",1681.5,"[15, 1, 2, 3, 4, 5, 21, 22, 17, 9, 10, 28, 7, 13, 14, 0, 16, 8, 18, 19, 20, 6, 12, 30, 24, 25, 26, 27, 11, 29, 23, 31, 32, 33, 34, 35, 36, 37, 38, 39]",1681.5,6.899750471115112
"[15, 1, 2, 3, 4, 5, 21, 22, 17, 9, 10, 28, 7, 13, 14, 0, 16, 8, 18, 19, 20, 6, 12, 30, 24, 25, 26, 27, 11, 29, 23, 31, 32, 33, 34, 35, 36, 37, 38, 39]",1681.5,"[15, 1, 2, 3, 4, 5, 21, 22, 17, 9, 10, 28, 7, 13, 14, 0, 16, 8, 18, 19, 20, 6, 12, 30, 24, 25, 26, 27, 11, 29, 23, 31, 32, 33, 34, 35, 36, 37, 38, 39]",1681.5,7.059760332107544
"[15, 1, 2, 3, 4, 5, 21, 22, 17, 9, 10, 28, 7, 13, 14, 0, 16, 8, 18, 19, 20, 6, 12, 30, 24, 25, 26, 27, 11, 29, 23, 31, 32, 33, 34, 35, 36, 37, 38, 39]",1681.5,"[15, 1, 2, 3, 4, 5, 21, 22, 17, 9, 10, 28, 7, 13, 14, 0, 16, 8, 18, 19, 20, 6, 12, 30, 24, 25, 26, 27, 11, 29, 23, 31, 32, 33, 34, 35, 36, 37, 38, 39]",1681.5,7.217753171920776
"[3, 1, 2, 15, 4, 5, 21, 22, 17, 9, 10, 28, 7, 13, 14, 0, 16, 8, 18, 19, 20, 6, 12, 30, 24, 25, 26, 27, 11, 29, 23, 31, 32, 33, 34, 35, 36, 37, 38, 39]",1671.0,"[3, 1, 2, 15, 4, 5, 21, 22, 17, 9, 10, 28, 7, 13, 14, 0, 16, 8, 18, 19, 20, 6, 12, 30, 24, 25, 26, 27, 11, 29, 23, 31, 32, 33, 34, 35, 36, 37, 38, 39]",1671.0,7.376801013946533
"[3, 1, 2, 15, 4, 5, 21, 22, 17, 9, 10, 28, 7, 13, 14, 0, 16, 8, 18, 19, 20, 6, 12, 30, 24, 25, 26, 27, 11, 29, 23, 31, 32, 33, 34, 35, 36, 37, 38, 39]",1671.0,"[3, 1, 2, 15, 4, 5, 21, 22, 17, 9, 10, 28, 7, 13, 14, 0, 16, 8, 18, 19, 20, 6, 12, 30, 24, 25, 26, 27, 11, 29, 23, 31, 32, 33, 34, 35, 36, 37, 38, 39]",1671.0,7.546754837036133
"[3, 1, 2, 15, 4, 5, 21, 22, 17, 9, 10, 28, 7, 13, 14, 0, 16, 8, 18, 19, 20, 6, 12, 30, 24, 25, 26, 27, 11, 29, 23, 31, 32, 33, 34, 35, 36, 37, 38, 39]",1671.0,"[3, 1, 2, 15, 4, 5, 21, 22, 17, 9, 10, 28, 7, 13, 14, 0, 16, 8, 18, 19, 20, 6, 12, 30, 24, 25, 26, 27, 11, 29, 23, 31, 32, 33, 34, 35, 36, 37, 38, 39]",1671.0,7.725009441375732
"[3, 1, 2, 15, 4, 5, 21, 22, 17, 9, 10, 28, 7, 13, 14, 0, 16, 8, 18, 19, 20, 6, 12, 30, 24, 25, 26, 27, 11, 29, 23, 31, 32, 33, 34, 35, 36, 37, 38, 39]",1671.0,"[3, 1, 2, 15, 4, 5, 21, 22, 17, 9, 10, 28, 7, 13, 14, 0, 16, 8, 18, 19, 20, 6, 12, 30, 24, 25, 26, 27, 11, 29, 23, 31, 32, 33, 34, 35, 36, 37, 38, 39]",1671.0,7.882775545120239
"[3, 1, 2, 15, 4, 5, 21, 22, 17, 9, 10, 28, 7, 13, 14, 0, 16, 8, 18, 19, 20, 6, 12, 30, 24, 25, 26, 27, 11, 29, 23, 31, 32, 33, 34, 35, 36, 37, 38, 39]",1671.0,"[3, 1, 2, 15, 4, 5, 21, 22, 17, 9, 10, 28, 7, 13, 14, 0, 16, 8, 18, 19, 20, 6, 12, 30, 24, 25, 26, 27, 11, 29, 23, 31, 32, 33, 34, 35, 36, 37, 38, 39]",1671.0,8.038761854171753
"[3, 1, 2, 15, 4, 5, 21, 22, 17, 9, 10, 28, 7, 13, 14, 0, 16, 8, 18, 19, 20, 6, 12, 30, 24, 25, 26, 27, 11, 29, 23, 31, 32, 33, 34, 35, 36, 37, 38, 39]",1671.0,"[3, 1, 2, 15, 4, 5, 21, 22, 17, 9, 10, 28, 7, 13, 14, 0, 16, 8, 18, 19, 20, 6, 12, 30, 24, 25, 26, 27, 11, 29, 23, 31, 32, 33, 34, 35, 36, 37, 38, 39]",1671.0,8.198764085769653
"[3, 1, 2, 15, 4, 5, 21, 22, 17, 9, 10, 28, 7, 13, 14, 0, 16, 8, 18, 19, 20, 6, 12, 30, 24, 25, 26, 27, 11, 29, 23, 31, 32, 33, 34, 35, 36, 37, 38, 39]",1671.0,"[3, 1, 2, 15, 4, 5, 21, 22, 17, 9, 10, 28, 7, 13, 14, 0, 16, 8, 18, 19, 20, 6, 12, 30, 24, 25, 26, 27, 11, 29, 23, 31, 32, 33, 34, 35, 36, 37, 38, 39]",1671.0,8.3858060836792
"[3, 1, 2, 15, 4, 5, 21, 22, 17, 9, 10, 28, 7, 13, 14, 0, 16, 8, 18, 19, 20, 6, 12, 30, 24, 25, 26, 27, 11, 29, 23, 31, 32, 33, 34, 35, 36, 37, 38, 39]",1671.0,"[3, 1, 2, 15, 4, 5, 21, 22, 17, 9, 10, 28, 7, 13, 14, 0, 16, 8, 18, 19, 20, 6, 12, 30, 24, 25, 26, 27, 11, 29, 23, 31, 32, 33, 34, 35, 36, 37, 38, 39]",1671.0,8.542765617370605
"[3, 1, 2, 15, 4, 5, 21, 22, 17, 9, 10, 28, 7, 13, 14, 0, 16, 8, 18, 19, 20, 6, 12, 30, 24, 25, 26, 27, 11, 29, 23, 31, 32, 33, 34, 35, 36, 37, 38, 39]",1671.0,"[3, 1, 2, 15, 4, 5, 21, 22, 17, 9, 10, 28, 7, 13, 14, 0, 16, 8, 18, 19, 20, 6, 12, 30, 24, 25, 26, 27, 11, 29, 23, 31, 32, 33, 34, 35, 36, 37, 38, 39]",1671.0,8.697782516479492
"[3, 1, 2, 15, 4, 5, 21, 22, 17, 9, 10, 28, 7, 13, 14, 0, 16, 8, 18, 19, 20, 6, 12, 30, 24, 25, 26, 27, 11, 29, 23, 31, 32, 33, 34, 35, 36, 37, 38, 39]",1671.0,"[3, 1, 2, 15, 4, 5, 21, 22, 17, 9, 10, 28, 7, 13, 14, 0, 16, 8, 18, 19, 20, 6, 12, 30, 24, 25, 26, 27, 11, 29, 23, 31, 32, 33, 34, 35, 36, 37, 38, 39]",1671.0,8.854770421981812
"[3, 1, 2, 15, 4, 5, 21, 22, 17, 9, 10, 28, 7, 13, 14, 0, 16, 8, 18, 19, 20, 6, 12, 30, 24, 25, 26, 27, 11, 29, 23, 31, 32, 33, 34, 35, 36, 37, 38, 39]",1671.0,"[3, 1, 2, 15, 4, 5, 21, 22, 17, 9, 10, 28, 7, 13, 14, 0, 16, 8, 18, 19, 20, 6, 12, 30, 24, 25, 26, 27, 11, 29, 23, 31, 32, 33, 34, 35, 36, 37, 38, 39]",1671.0,9.011780738830566
"[3, 1, 2, 15, 4, 5, 21, 22, 17, 9, 10, 28, 7, 13, 14, 0, 16, 8, 18, 19, 20, 6, 12, 30, 24, 25, 26, 27, 11, 29, 23, 31, 32, 33, 34, 35, 36, 37, 38, 39]",1671.0,"[3, 1, 2, 15, 4, 5, 21, 22, 17, 9, 10, 28, 7, 13, 14, 0, 16, 8, 18, 19, 20, 6, 12, 30, 24, 25, 26, 27, 11, 29, 23, 31, 32, 33, 34, 35, 36, 37, 38, 39]",1671.0,9.172776222229004
"[3, 1, 2, 15, 4, 5, 21, 22, 17, 9, 10, 28, 7, 13, 14, 0, 16, 8, 18, 19, 20, 6, 12, 30, 24, 25, 26, 27, 11, 29, 23, 31, 32, 33, 34, 35, 36, 37, 38, 39]",1671.0,"[3, 1, 2, 15, 4, 5, 21, 22, 17, 9, 10, 28, 7, 13, 14, 0, 16, 8, 18, 19, 20, 6, 12, 30, 24, 25, 26, 27, 11, 29, 23, 31, 32, 33, 34, 35, 36, 37, 38, 39]",1671.0,9.329855918884277
"[3, 1, 2, 15, 4, 5, 21, 22, 17, 9, 10, 28, 7, 13, 14, 0, 16, 8, 18, 19, 20, 6, 12, 30, 24, 25, 26, 27, 11, 29, 23, 31, 32, 33, 34, 35, 36, 37, 38, 39]",1671.0,"[3, 1, 2, 15, 4, 5, 21, 22, 17, 9, 10, 28, 7, 13, 14, 0, 16, 8, 18, 19, 20, 6, 12, 30, 24, 25, 26, 27, 11, 29, 23, 31, 32, 33, 34, 35, 36, 37, 38, 39]",1671.0,9.487782955169678
"[3, 1, 2, 15, 4, 5, 21, 22, 17, 9, 10, 28, 7, 13, 14, 0, 16, 8, 18, 19, 20, 6, 12, 30, 24, 25, 26, 27, 11, 29, 23, 31, 32, 33, 34, 35, 36, 37, 38, 39]",1671.0,"[3, 1, 2, 15, 4, 5, 21, 22, 17, 9, 10, 28, 7, 13, 14, 0, 16, 8, 18, 19, 20, 6, 12, 30, 24, 25, 26, 27, 11, 29, 23, 31, 32, 33, 34, 35, 36, 37, 38, 39]",1671.0,9.653778314590454
"[3, 1, 2, 15, 4, 5, 21, 22, 17, 9, 10, 28, 7, 13, 14, 0, 16, 8, 18, 19, 20, 6, 12, 30, 24, 25, 26, 27, 11, 29, 23, 31, 32, 33, 34, 35, 36, 37, 38, 39]",1671.0,"[3, 1, 2, 15, 4, 5, 21, 22, 17, 9, 10, 28, 7, 13, 14, 0, 16, 8, 18, 19, 20, 6, 12, 30, 24, 25, 26, 27, 11, 29, 23, 31, 32, 33, 34, 35, 36, 37, 38, 39]",1671.0,9.809779167175293
"[3, 1, 2, 15, 4, 5, 21, 22, 17, 9, 10, 28, 7, 13, 14, 0, 16, 8, 18, 19, 20, 6, 12, 30, 24, 25, 26, 27, 11, 29, 23, 31, 32, 33, 34, 35, 36, 37, 38, 39]",1671.0,"[3, 1, 2, 15, 4, 5, 21, 22, 17, 9, 10, 28, 7, 13, 14, 0, 16, 8, 18, 19, 20, 6, 12, 30, 24, 25, 26, 27, 11, 29, 23, 31, 32, 33, 34, 35, 36, 37, 38, 39]",1671.0,9.967788696289062
"[3, 1, 2, 15, 4, 5, 21, 22, 17, 9, 10, 28, 7, 13, 14, 0, 16, 8, 18, 19, 20, 6, 12, 30, 24, 25, 26, 27, 11, 29, 23, 31, 32, 33, 34, 35, 36, 37, 38, 39]",1671.0,"[3, 1, 2, 15, 4, 5, 21, 22, 17, 9, 10, 28, 7, 13, 14, 0, 16, 8, 18, 19, 20, 6, 12, 30, 24, 25, 26, 27, 11, 29, 23, 31, 32, 33, 34, 35, 36, 37, 38, 39]",1671.0,10.122817039489746
"[3, 1, 2, 15, 4, 5, 21, 22, 17, 9, 10, 28, 7, 13, 14, 0, 16, 8, 18, 19, 20, 6, 12, 30, 24, 25, 26, 27, 11, 29, 23, 31, 32, 33, 34, 35, 36, 37, 38, 39]",1671.0,"[3, 1, 2, 15, 4, 5, 21, 22, 17, 9, 10, 28, 7, 13, 14, 0, 16, 8, 18, 19, 20, 6, 12, 30, 24, 25, 26, 27, 11, 29, 23, 31, 32, 33, 34, 35, 36, 37, 38, 39]",1671.0,10.284789800643921
"[3, 1, 2, 15, 4, 5, 21, 22, 17, 9, 10, 28, 7, 13, 14, 0, 16, 8, 18, 19, 20, 6, 12, 30, 24, 25, 26, 27, 11, 29, 23, 31, 32, 33, 34, 35, 36, 37, 38, 39]",1671.0,"[3, 1, 2, 15, 4, 5, 21, 22, 17, 9, 10, 28, 7, 13, 14, 0, 16, 8, 18, 19, 20, 6, 12, 30, 24, 25, 26, 27, 11, 29, 23, 31, 32, 33, 34, 35, 36, 37, 38, 39]",1671.0,10.442788124084473
"[3, 1, 2, 15, 4, 5, 21, 22, 17, 9, 10, 28, 7, 13, 14, 0, 16, 8, 18, 19, 20, 6, 12, 30, 24, 25, 26, 27, 11, 29, 23, 31, 32, 33, 34, 35, 36, 37, 38, 39]",1671.0,"[3, 1, 2, 15, 4, 5, 21, 22, 17, 9, 10, 28, 7, 13, 14, 0, 16, 8, 18, 19, 20, 6, 12, 30, 24, 25, 26, 27, 11, 29, 23, 31, 32, 33, 34, 35, 36, 37, 38, 39]",1671.0,10.599790096282959
"[3, 1, 2, 15, 4, 5, 21, 22, 17, 9, 10, 28, 7, 13, 14, 0, 16, 8, 18, 19, 20, 6, 12, 30, 24, 25, 26, 27, 11, 29, 23, 31, 32, 33, 34, 35, 36, 37, 38, 39]",1671.0,"[3, 1, 2, 15, 4, 5, 21, 22, 17, 9, 10, 28, 7, 13, 14, 0, 16, 8, 18, 19, 20, 6, 12, 30, 24, 25, 26, 27, 11, 29, 23, 31, 32, 33, 34, 35, 36, 37, 38, 39]",1671.0,10.759791374206543
"[3, 1, 2, 15, 4, 5, 21, 22, 17, 9, 10, 28, 7, 13, 14, 0, 16, 8, 18, 19, 20, 6, 12, 30, 24, 25, 26, 27, 11, 29, 23, 31, 32, 33, 34, 35, 36, 37, 38, 39]",1671.0,"[3, 1, 2, 15, 4, 5, 21, 22, 17, 9, 10, 28, 7, 13, 14, 0, 16, 8, 18, 19, 20, 6, 12, 30, 24, 25, 26, 27, 11, 29, 23, 31, 32, 33, 34, 35, 36, 37, 38, 39]",1671.0,10.917796850204468
"[3, 1, 2, 15, 4, 5, 21, 22, 17, 9, 10, 28, 7, 13, 14, 0, 16, 8, 18, 19, 20, 6, 12, 30, 24, 25, 26, 27, 11, 29, 23, 31, 32, 33, 34, 35, 36, 37, 38, 39]",1671.0,"[3, 1, 2, 15, 4, 5, 21, 22, 17, 9, 10, 28, 7, 13, 14, 0, 16, 8, 18, 19, 20, 6, 12, 30, 24, 25, 26, 27, 11, 29, 23, 31, 32, 33, 34, 35, 36, 37, 38, 39]",1671.0,11.079795598983765
"[3, 1, 2, 15, 4, 5, 21, 22, 17, 9, 10, 28, 7, 13, 14, 0, 16, 8, 18, 19, 20, 6, 12, 30, 24, 25, 26, 27, 11, 29, 23, 31, 32, 33, 34, 35, 36, 37, 38, 39]",1671.0,"[3, 1, 2, 15, 4, 5, 21, 22, 17, 9, 10, 28, 7, 13, 14, 0, 16, 8, 18, 19, 20, 6, 12, 30, 24, 25, 26, 27, 11, 29, 23, 31, 32, 33, 34, 35, 36, 37, 38, 39]",1671.0,11.243850469589233
"[3, 1, 2, 15, 4, 5, 21, 22, 17, 9, 10, 28, 7, 13, 14, 0, 16, 8, 18, 19, 20, 6, 12, 30, 24, 25, 26, 27, 11, 29, 23, 31, 32, 33, 34, 35, 36, 37, 38, 39]",1671.0,"[3, 1, 2, 15, 4, 5, 21, 22, 17, 9, 10, 28, 7, 13, 14, 0, 16, 8, 18, 19, 20, 6, 12, 30, 24, 25, 26, 27, 11, 29, 23, 31, 32, 33, 34, 35, 36, 37, 38, 39]",1671.0,11.397809267044067
"[3, 1, 2, 15, 4, 5, 21, 22, 17, 9, 10, 28, 7, 13, 14, 0, 16, 8, 18, 19, 20, 6, 12, 30, 24, 25, 26, 27, 11, 29, 23, 31, 32, 33, 34, 35, 36, 37, 38, 39]",1671.0,"[3, 1, 2, 15, 4, 5, 21, 22, 17, 9, 10, 28, 7, 13, 14, 0, 16, 8, 18, 19, 20, 6, 12, 30, 24, 25, 26, 27, 11, 29, 23, 31, 32, 33, 34, 35, 36, 37, 38, 39]",1671.0,11.562805414199829
"[3, 1, 2, 15, 4, 5, 21, 22, 17, 9, 10, 28, 7, 13, 14, 0, 16, 8, 18, 19, 20, 6, 12, 30, 24, 25, 26, 27, 11, 29, 23, 31, 32, 33, 34, 35, 36, 37, 38, 39]",1671.0,"[3, 1, 2, 15, 4, 5, 21, 22, 17, 9, 10, 28, 7, 13, 14, 0, 16, 8, 18, 19, 20, 6, 12, 30, 24, 25, 26, 27, 11, 29, 23, 31, 32, 33, 34, 35, 36, 37, 38, 39]",1671.0,11.720806121826172
"[3, 1, 2, 15, 4, 5, 21, 22, 17, 9, 10, 28, 7, 13, 14, 0, 16, 8, 18, 19, 20, 6, 12, 30, 24, 25, 26, 27, 11, 29, 23, 31, 32, 33, 34, 35, 36, 37, 38, 39]",1671.0,"[3, 1, 2, 15, 4, 5, 21, 22, 17, 9, 10, 28, 7, 13, 14, 0, 16, 8, 18, 19, 20, 6, 12, 30, 24, 25, 26, 27, 11, 29, 23, 31, 32, 33, 34, 35, 36, 37, 38, 39]",1671.0,11.879826545715332
"[3, 1, 2, 15, 4, 5, 21, 22, 17, 9, 10, 28, 7, 13, 14, 0, 16, 8, 18, 19, 20, 6, 12, 30, 24, 25, 26, 27, 11, 29, 23, 31, 32, 33, 34, 35, 36, 37, 38, 39]",1671.0,"[3, 1, 2, 15, 4, 5, 21, 22, 17, 9, 10, 28, 7, 13, 14, 0, 16, 8, 18, 19, 20, 6, 12, 30, 24, 25, 26, 27, 11, 29, 23, 31, 32, 33, 34, 35, 36, 37, 38, 39]",1671.0,12.055829524993896
"[3, 1, 2, 15, 4, 5, 21, 22, 17, 9, 10, 28, 7, 13, 14, 0, 16, 8, 18, 19, 20, 6, 12, 30, 24, 25, 26, 27, 11, 29, 23, 31, 32, 33, 34, 35, 36, 37, 38, 39]",1671.0,"[3, 1, 2, 15, 4, 5, 21, 22, 17, 9, 10, 28, 7, 13, 14, 0, 16, 8, 18, 19, 20, 6, 12, 30, 24, 25, 26, 27, 11, 29, 23, 31, 32, 33, 34, 35, 36, 37, 38, 39]",1671.0,12.223816156387329
"[3, 1, 2, 15, 4, 5, 21, 22, 17, 9, 10, 28, 7, 13, 14, 0, 16, 8, 18, 19, 20, 6, 12, 30, 24, 25, 26, 27, 11, 29, 23, 31, 32, 33, 34, 35, 36, 37, 38, 39]",1671.0,"[3, 1, 2, 15, 4, 5, 21, 22, 17, 9, 10, 28, 7, 13, 14, 0, 16, 8, 18, 19, 20, 6, 12, 30, 24, 25, 26, 27, 11, 29, 23, 31, 32, 33, 34, 35, 36, 37, 38, 39]",1671.0,12.390846967697144
"[3, 1, 2, 15, 4, 5, 21, 22, 17, 9, 10, 28, 7, 13, 14, 0, 16, 8, 18, 19, 20, 6, 12, 30, 24, 25, 26, 27, 11, 29, 23, 31, 32, 33, 34, 35, 36, 37, 38, 39]",1671.0,"[3, 1, 2, 15, 4, 5, 21, 22, 17, 9, 10, 28, 7, 13, 14, 0, 16, 8, 18, 19, 20, 6, 12, 30, 24, 25, 26, 27, 11, 29, 23, 31, 32, 33, 34, 35, 36, 37, 38, 39]",1671.0,12.563816785812378
"[3, 1, 2, 15, 4, 5, 21, 22, 17, 9, 10, 28, 7, 13, 14, 0, 16, 8, 18, 19, 20, 6, 12, 30, 24, 25, 26, 27, 11, 29, 23, 31, 32, 33, 34, 35, 36, 37, 38, 39]",1671.0,"[3, 1, 2, 15, 4, 5, 21, 22, 17, 9, 10, 28, 7, 13, 14, 0, 16, 8, 18, 19, 20, 6, 12, 30, 24, 25, 26, 27, 11, 29, 23, 31, 32, 33, 34, 35, 36, 37, 38, 39]",1671.0,12.71782374382019
"[3, 1, 2, 15, 4, 5, 21, 22, 17, 9, 10, 28, 7, 13, 14, 0, 16, 8, 18, 19, 20, 6, 12, 30, 24, 25, 26, 27, 11, 29, 23, 31, 32, 33, 34, 35, 36, 37, 38, 39]",1671.0,"[3, 1, 2, 15, 4, 5, 21, 22, 17, 9, 10, 28, 7, 13, 14, 0, 16, 8, 18, 19, 20, 6, 12, 30, 24, 25, 26, 27, 11, 29, 23, 31, 32, 33, 34, 35, 36, 37, 38, 39]",1671.0,12.879983901977539
"[3, 1, 2, 15, 4, 5, 21, 22, 17, 9, 10, 28, 7, 13, 14, 0, 16, 8, 18, 19, 20, 6, 12, 30, 24, 25, 26, 27, 11, 29, 23, 31, 32, 33, 34, 35, 36, 37, 38, 39]",1671.0,"[3, 1, 2, 15, 4, 5, 21, 22, 17, 9, 10, 28, 7, 13, 14, 0, 16, 8, 18, 19, 20, 6, 12, 30, 24, 25, 26, 27, 11, 29, 23, 31, 32, 33, 34, 35, 36, 37, 38, 39]",1671.0,13.039820432662964
"[3, 1, 2, 15, 4, 5, 21, 22, 17, 9, 10, 28, 7, 13, 14, 0, 16, 8, 18, 19, 20, 6, 12, 30, 24, 25, 26, 27, 11, 29, 23, 31, 32, 33, 34, 35, 36, 37, 38, 39]",1671.0,"[3, 1, 2, 15, 4, 5, 21, 22, 17, 9, 10, 28, 7, 13, 14, 0, 16, 8, 18, 19, 20, 6, 12, 30, 24, 25, 26, 27, 11, 29, 23, 31, 32, 33, 34, 35, 36, 37, 38, 39]",1671.0,13.195824384689331
"[3, 1, 2, 15, 4, 5, 21, 22, 17, 9, 10, 28, 7, 13, 14, 0, 16, 8, 18, 19, 20, 6, 12, 30, 24, 25, 26, 27, 11, 29, 23, 31, 32, 33, 34, 35, 36, 37, 38, 39]",1671.0,"[3, 1, 2, 15, 4, 5, 21, 22, 17, 9, 10, 28, 7, 13, 14, 0, 16, 8, 18, 19, 20, 6, 12, 30, 24, 25, 26, 27, 11, 29, 23, 31, 32, 33, 34, 35, 36, 37, 38, 39]",1671.0,13.368834018707275
"[3, 1, 2, 15, 4, 5, 21, 22, 17, 9, 10, 28, 7, 13, 14, 0, 16, 8, 18, 19, 20, 6, 12, 30, 24, 25, 26, 27, 11, 29, 23, 31, 32, 33, 34, 35, 36, 37, 38, 39]",1671.0,"[3, 1, 2, 15, 4, 5, 21, 22, 17, 9, 10, 28, 7, 13, 14, 0, 16, 8, 18, 19, 20, 6, 12, 30, 24, 25, 26, 27, 11, 29, 23, 31, 32, 33, 34, 35, 36, 37, 38, 39]",1671.0,13.534826040267944
"[3, 1, 2, 15, 4, 5, 21, 22, 17, 9, 10, 28, 7, 13, 14, 0, 16, 8, 18, 19, 20, 6, 12, 30, 24, 25, 26, 27, 11, 29, 23, 31, 32, 33, 34, 35, 36, 37, 38, 39]",1671.0,"[3, 1, 2, 15, 4, 5, 21, 22, 17, 9, 10, 28, 7, 13, 14, 0, 16, 8, 18, 19, 20, 6, 12, 30, 24, 25, 26, 27, 11, 29, 23, 31, 32, 33, 34, 35, 36, 37, 38, 39]",1671.0,13.697835206985474
"[3, 1, 2, 15, 4, 5, 21, 22, 17, 9, 10, 28, 7, 13, 14, 0, 16, 8, 18, 19, 20, 6, 12, 30, 24, 25, 26, 27, 11, 29, 23, 31, 32, 33, 34, 35, 36, 37, 38, 39]",1671.0,"[3, 1, 2, 15, 4, 5, 21, 22, 17, 9, 10, 28, 7, 13, 14, 0, 16, 8, 18, 19, 20, 6, 12, 30, 24, 25, 26, 27, 11, 29, 23, 31, 32, 33, 34, 35, 36, 37, 38, 39]",1671.0,13.862831592559814
"[3, 1, 2, 15, 4, 5, 21, 22, 17, 9, 10, 28, 7, 13, 14, 0, 16, 8, 18, 19, 20, 6, 12, 30, 24, 25, 26, 27, 11, 29, 23, 31, 32, 33, 34, 35, 36, 37, 38, 39]",1671.0,"[3, 1, 2, 15, 4, 5, 21, 22, 17, 9, 10, 28, 7, 13, 14, 0, 16, 8, 18, 19, 20, 6, 12, 30, 24, 25, 26, 27, 11, 29, 23, 31, 32, 33, 34, 35, 36, 37, 38, 39]",1671.0,14.02183723449707
"[3, 1, 2, 15, 4, 5, 21, 22, 17, 9, 10, 28, 7, 13, 14, 0, 16, 8, 18, 19, 20, 6, 12, 30, 24, 25, 26, 27, 11, 29, 23, 31, 32, 33, 34, 35, 36, 37, 38, 39]",1671.0,"[3, 1, 2, 15, 4, 5, 21, 22, 17, 9, 10, 28, 7, 13, 14, 0, 16, 8, 18, 19, 20, 6, 12, 30, 24, 25, 26, 27, 11, 29, 23, 31, 32, 33, 34, 35, 36, 37, 38, 39]",1671.0,14.17983365058899
"[3, 1, 2, 15, 4, 5, 21, 22, 17, 9, 10, 28, 7, 13, 14, 0, 16, 8, 18, 19, 20, 6, 12, 30, 24, 25, 26, 27, 11, 29, 23, 31, 32, 33, 34, 35, 36, 37, 38, 39]",1671.0,"[3, 1, 2, 15, 4, 5, 21, 22, 17, 9, 10, 28, 7, 13, 14, 0, 16, 8, 18, 19, 20, 6, 12, 30, 24, 25, 26, 27, 11, 29, 23, 31, 32, 33, 34, 35, 36, 37, 38, 39]",1671.0,14.33583950996399
"[3, 1, 2, 15, 4, 5, 21, 22, 17, 9, 10, 28, 7, 13, 14, 0, 16, 8, 18, 19, 20, 6, 12, 30, 24, 25, 26, 27, 11, 29, 23, 31, 32, 33, 34, 35, 36, 37, 38, 39]",1671.0,"[3, 1, 2, 15, 4, 5, 21, 22, 17, 9, 10, 28, 7, 13, 14, 0, 16, 8, 18, 19, 20, 6, 12, 30, 24, 25, 26, 27, 11, 29, 23, 31, 32, 33, 34, 35, 36, 37, 38, 39]",1671.0,14.498865842819214
"[3, 1, 2, 15, 4, 5, 21, 22, 17, 9, 10, 28, 7, 13, 14, 0, 16, 8, 18, 19, 20, 6, 12, 30, 24, 25, 26, 27, 11, 29, 23, 31, 32, 33, 34, 35, 36, 37, 38, 39]",1671.0,"[3, 1, 2, 15, 4, 5, 21, 22, 17, 9, 10, 28, 7, 13, 14, 0, 16, 8, 18, 19, 20, 6, 12, 30, 24, 25, 26, 27, 11, 29, 23, 31, 32, 33, 34, 35, 36, 37, 38, 39]",1671.0,14.66605520248413
"[3, 1, 2, 15, 4, 5, 21, 22, 17, 9, 10, 28, 7, 13, 14, 0, 16, 8, 18, 19, 20, 6, 12, 30, 24, 25, 26, 27, 11, 29, 23, 31, 32, 33, 34, 35, 36, 37, 38, 39]",1671.0,"[3, 1, 2, 15, 4, 5, 21, 22, 17, 9, 10, 28, 7, 13, 14, 0, 16, 8, 18, 19, 20, 6, 12, 30, 24, 25, 26, 27, 11, 29, 23, 31, 32, 33, 34, 35, 36, 37, 38, 39]",1671.0,14.823842763900757
"[3, 1, 2, 15, 4, 5, 21, 22, 17, 9, 10, 28, 7, 13, 14, 0, 16, 8, 18, 19, 20, 6, 12, 30, 24, 25, 26, 27, 11, 29, 23, 31, 32, 33, 34, 35, 36, 37, 38, 39]",1671.0,"[3, 1, 2, 15, 4, 5, 21, 22, 17, 9, 10, 28, 7, 13, 14, 0, 16, 8, 18, 19, 20, 6, 12, 30, 24, 25, 26, 27, 11, 29, 23, 31, 32, 33, 34, 35, 36, 37, 38, 39]",1671.0,14.986849546432495
"[3, 1, 2, 15, 4, 5, 21, 22, 17, 9, 10, 28, 7, 13, 14, 0, 16, 8, 18, 19, 20, 6, 12, 30, 24, 25, 26, 27, 11, 35, 23, 31, 32, 33, 34, 29, 36, 37, 38, 39]",1657.0,"[3, 1, 2, 15, 4, 5, 21, 22, 17, 9, 10, 28, 7, 13, 14, 0, 16, 8, 18, 19, 20, 6, 12, 30, 24, 25, 26, 27, 11, 35, 23, 31, 32, 33, 34, 29, 36, 37, 38, 39]",1657.0,15.14884877204895
"[3, 1, 2, 15, 4, 5, 21, 22, 17, 9, 10, 28, 7, 13, 14, 0, 16, 8, 18, 19, 20, 6, 12, 30, 24, 25, 26, 27, 11, 35, 23, 31, 32, 33, 34, 29, 36, 37, 38, 39]",1657.0,"[3, 1, 2, 15, 4, 5, 21, 22, 17, 9, 10, 28, 7, 13, 14, 0, 16, 8, 18, 19, 20, 6, 12, 30, 24, 25, 26, 27, 11, 35, 23, 31, 32, 33, 34, 29, 36, 37, 38, 39]",1657.0,15.311852216720581
"[3, 1, 2, 15, 4, 5, 21, 22, 17, 9, 10, 28, 7, 13, 14, 0, 16, 8, 18, 19, 20, 6, 12, 30, 24, 25, 26, 27, 11, 35, 23, 31, 32, 33, 34, 29, 36, 37, 38, 39]",1657.0,"[3, 1, 2, 15, 4, 5, 21, 22, 17, 9, 10, 28, 7, 13, 14, 0, 16, 8, 18, 19, 20, 6, 12, 30, 24, 25, 26, 27, 11, 35, 23, 31, 32, 33, 34, 29, 36, 37, 38, 39]",1657.0,15.476848602294922
"[3, 1, 2, 15, 4, 5, 21, 22, 17, 9, 10, 28, 7, 13, 14, 0, 16, 8, 18, 19, 20, 6, 12, 30, 24, 25, 26, 27, 11, 35, 23, 31, 32, 33, 34, 29, 36, 37, 38, 39]",1657.0,"[3, 1, 2, 15, 4, 5, 21, 22, 17, 9, 10, 28, 7, 13, 14, 0, 16, 8, 18, 19, 20, 6, 12, 30, 24, 25, 26, 27, 11, 35, 23, 31, 32, 33, 34, 29, 36, 37, 38, 39]",1657.0,15.637854099273682
"[3, 1, 2, 15, 4, 5, 21, 22, 17, 9, 10, 28, 7, 13, 14, 0, 16, 8, 18, 19, 20, 6, 12, 30, 24, 25, 26, 27, 11, 35, 23, 31, 32, 33, 34, 29, 36, 37, 38, 39]",1657.0,"[3, 1, 2, 15, 4, 5, 21, 22, 17, 9, 10, 28, 7, 13, 14, 0, 16, 8, 18, 19, 20, 6, 12, 30, 24, 25, 26, 27, 11, 35, 23, 31, 32, 33, 34, 29, 36, 37, 38, 39]",1657.0,15.792852401733398
"[3, 1, 2, 15, 4, 5, 21, 22, 17, 9, 10, 28, 7, 13, 14, 0, 16, 8, 18, 19, 20, 6, 12, 30, 24, 25, 26, 27, 11, 35, 23, 31, 32, 33, 34, 29, 36, 37, 38, 39]",1657.0,"[3, 1, 2, 15, 4, 5, 21, 22, 17, 9, 10, 28, 7, 13, 14, 0, 16, 8, 18, 19, 20, 6, 12, 30, 24, 25, 26, 27, 11, 35, 23, 31, 32, 33, 34, 29, 36, 37, 38, 39]",1657.0,15.95285940170288
"[3, 1, 2, 15, 4, 5, 21, 22, 17, 9, 10, 28, 7, 13, 14, 0, 16, 8, 18, 19, 20, 6, 12, 30, 24, 25, 26, 27, 11, 35, 23, 31, 32, 33, 34, 29, 36, 37, 38, 39]",1657.0,"[3, 1, 2, 15, 4, 5, 21, 22, 17, 9, 10, 28, 7, 13, 14, 0, 16, 8, 18, 19, 20, 6, 12, 30, 24, 25, 26, 27, 11, 35, 23, 31, 32, 33, 34, 29, 36, 37, 38, 39]",1657.0,16.11185646057129
"[3, 1, 2, 15, 4, 5, 21, 22, 17, 9, 10, 28, 7, 13, 14, 0, 16, 8, 18, 19, 20, 6, 12, 30, 24, 25, 26, 27, 11, 35, 23, 31, 32, 33, 34, 29, 36, 37, 38, 39]",1657.0,"[3, 1, 2, 15, 4, 5, 21, 22, 17, 9, 10, 28, 7, 13, 14, 0, 16, 8, 18, 19, 20, 6, 12, 30, 24, 25, 26, 27, 11, 35, 23, 31, 32, 33, 34, 29, 36, 37, 38, 39]",1657.0,16.272881031036377
"[3, 1, 2, 15, 4, 5, 21, 22, 17, 9, 10, 28, 7, 13, 14, 0, 16, 8, 18, 19, 20, 6, 12, 30, 24, 25, 26, 27, 11, 35, 23, 31, 32, 33, 34, 29, 36, 37, 38, 39]",1657.0,"[3, 1, 2, 15, 4, 5, 21, 22, 17, 9, 10, 28, 7, 13, 14, 0, 16, 8, 18, 19, 20, 6, 12, 30, 24, 25, 26, 27, 11, 35, 23, 31, 32, 33, 34, 29, 36, 37, 38, 39]",1657.0,16.433865785598755
"[3, 1, 2, 15, 4, 5, 21, 22, 17, 9, 10, 28, 7, 13, 14, 0, 16, 8, 18, 19, 20, 6, 12, 30, 24, 25, 26, 27, 11, 35, 23, 31, 32, 33, 34, 29, 36, 37, 38, 39]",1657.0,"[3, 1, 2, 15, 4, 5, 21, 22, 17, 9, 10, 28, 7, 13, 14, 0, 16, 8, 18, 19, 20, 6, 12, 30, 24, 25, 26, 27, 11, 35, 23, 31, 32, 33, 34, 29, 36, 37, 38, 39]",1657.0,16.635863780975342
"[19, 1, 2, 15, 4, 5, 21, 22, 17, 9, 10, 28, 7, 13, 14, 0, 16, 8, 18, 3, 20, 6, 12, 30, 24, 25, 26, 27, 11, 35, 23, 31, 32, 33, 34, 29, 36, 37, 38, 39]",1633.0,"[19, 1, 2, 15, 4, 5, 21, 22, 17, 9, 10, 28, 7, 13, 14, 0, 16, 8, 18, 3, 20, 6, 12, 30, 24, 25, 26, 27, 11, 35, 23, 31, 32, 33, 34, 29, 36, 37, 38, 39]",1633.0,16.794872999191284
"[19, 1, 2, 15, 4, 5, 21, 22, 17, 9, 10, 28, 7, 13, 14, 0, 16, 8, 18, 3, 20, 6, 12, 30, 24, 25, 26, 27, 11, 35, 23, 31, 32, 33, 34, 29, 36, 37, 38, 39]",1633.0,"[19, 1, 2, 15, 4, 5, 21, 22, 17, 9, 10, 28, 7, 13, 14, 0, 16, 8, 18, 3, 20, 6, 12, 30, 24, 25, 26, 27, 11, 35, 23, 31, 32, 33, 34, 29, 36, 37, 38, 39]",1633.0,16.957871437072754
"[19, 1, 2, 15, 4, 5, 21, 22, 17, 9, 10, 28, 7, 13, 14, 0, 16, 8, 18, 3, 20, 6, 12, 30, 24, 25, 26, 27, 11, 35, 23, 31, 32, 33, 34, 29, 36, 37, 38, 39]",1633.0,"[19, 1, 2, 15, 4, 5, 21, 22, 17, 9, 10, 28, 7, 13, 14, 0, 16, 8, 18, 3, 20, 6, 12, 30, 24, 25, 26, 27, 11, 35, 23, 31, 32, 33, 34, 29, 36, 37, 38, 39]",1633.0,17.119869232177734
"[19, 1, 2, 15, 4, 5, 21, 22, 17, 9, 10, 28, 7, 13, 14, 0, 16, 8, 18, 3, 20, 6, 12, 30, 24, 25, 26, 27, 11, 35, 23, 31, 32, 33, 34, 29, 36, 37, 38, 39]",1633.0,"[19, 1, 2, 15, 4, 5, 21, 22, 17, 9, 10, 28, 7, 13, 14, 0, 16, 8, 18, 3, 20, 6, 12, 30, 24, 25, 26, 27, 11, 35, 23, 31, 32, 33, 34, 29, 36, 37, 38, 39]",1633.0,17.279872179031372
"[19, 1, 2, 15, 4, 5, 21, 22, 17, 9, 10, 28, 7, 13, 14, 0, 16, 8, 18, 3, 20, 6, 12, 30, 24, 25, 26, 27, 11, 35, 23, 31, 32, 33, 34, 29, 36, 37, 38, 39]",1633.0,"[19, 1, 2, 15, 4, 5, 21, 22, 17, 9, 10, 28, 7, 13, 14, 0, 16, 8, 18, 3, 20, 6, 12, 30, 24, 25, 26, 27, 11, 35, 23, 31, 32, 33, 34, 29, 36, 37, 38, 39]",1633.0,17.4409761428833
"[19, 1, 2, 15, 4, 5, 21, 22, 17, 9, 10, 28, 7, 13, 14, 0, 16, 8, 18, 3, 20, 6, 12, 30, 24, 25, 26, 27, 11, 35, 23, 31, 32, 33, 34, 29, 36, 37, 38, 39]",1633.0,"[19, 1, 2, 15, 4, 5, 21, 22, 17, 9, 10, 28, 7, 13, 14, 0, 16, 8, 18, 3, 20, 6, 12, 30, 24, 25, 26, 27, 11, 35, 23, 31, 32, 33, 34, 29, 36, 37, 38, 39]",1633.0,17.60187792778015
"[19, 1, 2, 15, 4, 5, 21, 22, 17, 9, 10, 28, 7, 13, 14, 0, 16, 8, 18, 3, 20, 6, 12, 30, 24, 25, 26, 27, 11, 35, 23, 31, 32, 33, 34, 29, 36, 37, 38, 39]",1633.0,"[19, 1, 2, 15, 4, 5, 21, 22, 17, 9, 10, 28, 7, 13, 14, 0, 16, 8, 18, 3, 20, 6, 12, 30, 24, 25, 26, 27, 11, 35, 23, 31, 32, 33, 34, 29, 36, 37, 38, 39]",1633.0,17.764875173568726
"[19, 1, 2, 15, 4, 5, 21, 22, 17, 9, 10, 28, 7, 13, 14, 0, 16, 8, 18, 3, 20, 6, 12, 30, 24, 25, 26, 27, 11, 35, 23, 31, 32, 33, 34, 29, 36, 37, 38, 39]",1633.0,"[19, 1, 2, 15, 4, 5, 21, 22, 17, 9, 10, 28, 7, 13, 14, 0, 16, 8, 18, 3, 20, 6, 12, 30, 24, 25, 26, 27, 11, 35, 23, 31, 32, 33, 34, 29, 36, 37, 38, 39]",1633.0,17.931881189346313
"[19, 1, 2, 15, 4, 5, 21, 22, 17, 9, 10, 28, 7, 13, 14, 0, 16, 8, 18, 3, 20, 6, 12, 30, 24, 25, 26, 27, 11, 35, 23, 31, 32, 33, 34, 29, 36, 37, 38, 39]",1633.0,"[19, 1, 2, 15, 4, 5, 21, 22, 17, 9, 10, 28, 7, 13, 14, 0, 16, 8, 18, 3, 20, 6, 12, 30, 24, 25, 26, 27, 11, 35, 23, 31, 32, 33, 34, 29, 36, 37, 38, 39]",1633.0,18.09388279914856
"[19, 1, 2, 15, 4, 5, 21, 22, 17, 9, 10, 28, 7, 13, 14, 0, 16, 8, 18, 3, 20, 6, 12, 30, 24, 25, 26, 27, 11, 35, 23, 31, 32, 33, 34, 29, 36, 37, 38, 39]",1633.0,"[19, 1, 2, 15, 4, 5, 21, 22, 17, 9, 10, 28, 7, 13, 14, 0, 16, 8, 18, 3, 20, 6, 12, 30, 24, 25, 26, 27, 11, 35, 23, 31, 32, 33, 34, 29, 36, 37, 38, 39]",1633.0,18.25888180732727
"[19, 1, 2, 15, 4, 5, 21, 22, 17, 9, 10, 28, 7, 13, 14, 0, 16, 8, 18, 3, 20, 6, 12, 30, 24, 25, 26, 27, 11, 35, 23, 31, 32, 33, 34, 29, 36, 37, 38, 39]",1633.0,"[19, 1, 2, 15, 4, 5, 21, 22, 17, 9, 10, 28, 7, 13, 14, 0, 16, 8, 18, 3, 20, 6, 12, 30, 24, 25, 26, 27, 11, 35, 23, 31, 32, 33, 34, 29, 36, 37, 38, 39]",1633.0,18.42288589477539
"[19, 1, 2, 15, 4, 5, 21, 22, 17, 9, 10, 28, 7, 13, 14, 0, 16, 8, 18, 3, 20, 6, 12, 30, 24, 25, 26, 27, 11, 35, 23, 31, 32, 33, 34, 29, 36, 37, 38, 39]",1633.0,"[19, 1, 2, 15, 4, 5, 21, 22, 17, 9, 10, 28, 7, 13, 14, 0, 16, 8, 18, 3, 20, 6, 12, 30, 24, 25, 26, 27, 11, 35, 23, 31, 32, 33, 34, 29, 36, 37, 38, 39]",1633.0,18.587887287139893
"[19, 1, 2, 15, 4, 5, 21, 22, 17, 9, 10, 28, 7, 13, 14, 0, 16, 8, 18, 3, 20, 6, 12, 30, 24, 25, 26, 27, 11, 35, 23, 31, 32, 33, 34, 29, 36, 37, 38, 39]",1633.0,"[19, 1, 2, 15, 4, 5, 21, 22, 17, 9, 10, 28, 7, 13, 14, 0, 16, 8, 18, 3, 20, 6, 12, 30, 24, 25, 26, 27, 11, 35, 23, 31, 32, 33, 34, 29, 36, 37, 38, 39]",1633.0,18.746919870376587
"[19, 1, 2, 15, 4, 5, 21, 22, 17, 9, 10, 28, 7, 13, 14, 0, 16, 8, 18, 3, 20, 6, 12, 30, 24, 25, 26, 27, 11, 35, 23, 31, 32, 33, 34, 29, 36, 37, 38, 39]",1633.0,"[19, 1, 2, 15, 4, 5, 21, 22, 17, 9, 10, 28, 7, 13, 14, 0, 16, 8, 18, 3, 20, 6, 12, 30, 24, 25, 26, 27, 11, 35, 23, 31, 32, 33, 34, 29, 36, 37, 38, 39]",1633.0,18.907893896102905
"[19, 1, 2, 15, 4, 5, 21, 22, 17, 9, 10, 28, 7, 13, 14, 0, 16, 8, 18, 3, 20, 6, 12, 30, 24, 25, 26, 27, 11, 35, 23, 31, 32, 33, 34, 29, 36, 37, 38, 39]",1633.0,"[19, 1, 2, 15, 4, 5, 21, 22, 17, 9, 10, 28, 7, 13, 14, 0, 16, 8, 18, 3, 20, 6, 12, 30, 24, 25, 26, 27, 11, 35, 23, 31, 32, 33, 34, 29, 36, 37, 38, 39]",1633.0,19.068890810012817
"[19, 1, 2, 15, 4, 5, 21, 22, 17, 9, 10, 28, 7, 13, 14, 0, 16, 8, 18, 3, 20, 6, 12, 30, 24, 25, 26, 27, 11, 35, 23, 31, 32, 33, 34, 29, 36, 37, 38, 39]",1633.0,"[19, 1, 2, 15, 4, 5, 21, 22, 17, 9, 10, 28, 7, 13, 14, 0, 16, 8, 18, 3, 20, 6, 12, 30, 24, 25, 26, 27, 11, 35, 23, 31, 32, 33, 34, 29, 36, 37, 38, 39]",1633.0,19.243895530700684
"[19, 1, 2, 15, 4, 5, 21, 22, 17, 9, 10, 28, 7, 13, 14, 0, 16, 8, 18, 3, 20, 6, 12, 30, 24, 25, 26, 27, 11, 35, 23, 31, 32, 33, 34, 29, 36, 37, 38, 39]",1633.0,"[19, 1, 2, 15, 4, 5, 21, 22, 17, 9, 10, 28, 7, 13, 14, 0, 16, 8, 18, 3, 20, 6, 12, 30, 24, 25, 26, 27, 11, 35, 23, 31, 32, 33, 34, 29, 36, 37, 38, 39]",1633.0,19.41889977455139
"[19, 1, 2, 15, 4, 5, 21, 22, 17, 9, 10, 28, 7, 13, 14, 0, 16, 8, 18, 3, 20, 6, 12, 30, 24, 25, 26, 27, 11, 35, 23, 31, 32, 33, 34, 29, 36, 37, 38, 39]",1633.0,"[19, 1, 2, 15, 4, 5, 21, 22, 17, 9, 10, 28, 7, 13, 14, 0, 16, 8, 18, 3, 20, 6, 12, 30, 24, 25, 26, 27, 11, 35, 23, 31, 32, 33, 34, 29, 36, 37, 38, 39]",1633.0,19.586896896362305
"[19, 1, 2, 15, 4, 5, 21, 22, 17, 9, 10, 28, 7, 13, 14, 0, 16, 8, 18, 3, 20, 6, 12, 30, 24, 25, 26, 27, 11, 35, 23, 31, 32, 33, 34, 29, 36, 37, 38, 39]",1633.0,"[19, 1, 2, 15, 4, 5, 21, 22, 17, 9, 10, 28, 7, 13, 14, 0, 16, 8, 18, 3, 20, 6, 12, 30, 24, 25, 26, 27, 11, 35, 23, 31, 32, 33, 34, 29, 36, 37, 38, 39]",1633.0,19.75190806388855
"[19, 1, 2, 15, 4, 5, 21, 22, 17, 9, 10, 28, 7, 13, 14, 0, 16, 8, 18, 3, 20, 6, 12, 30, 24, 25, 26, 27, 11, 35, 23, 31, 32, 33, 34, 29, 36, 37, 38, 39]",1633.0,"[19, 1, 2, 15, 4, 5, 21, 22, 17, 9, 10, 28, 7, 13, 14, 0, 16, 8, 18, 3, 20, 6, 12, 30, 24, 25, 26, 27, 11, 35, 23, 31, 32, 33, 34, 29, 36, 37, 38, 39]",1633.0,19.91790199279785
"[19, 1, 2, 15, 4, 5, 21, 22, 17, 9, 10, 28, 7, 13, 14, 0, 16, 8, 18, 3, 20, 6, 12, 30, 24, 25, 26, 27, 11, 35, 23, 31, 32, 33, 34, 29, 36, 37, 38, 39]",1633.0,"[19, 1, 2, 15, 4, 5, 21, 22, 17, 9, 10, 28, 7, 13, 14, 0, 16, 8, 18, 3, 20, 6, 12, 30, 24, 25, 26, 27, 11, 35, 23, 31, 32, 33, 34, 29, 36, 37, 38, 39]",1633.0,20.084912300109863
"[19, 1, 2, 15, 4, 5, 21, 22, 17, 9, 10, 28, 7, 13, 14, 0, 16, 8, 18, 3, 20, 6, 12, 30, 24, 25, 26, 27, 11, 35, 23, 31, 32, 33, 34, 29, 36, 37, 38, 39]",1633.0,"[19, 1, 2, 15, 4, 5, 21, 22, 17, 9, 10, 28, 7, 13, 14, 0, 16, 8, 18, 3, 20, 6, 12, 30, 24, 25, 26, 27, 11, 35, 23, 31, 32, 33, 34, 29, 36, 37, 38, 39]",1633.0,20.247904062271118
"[19, 1, 2, 15, 4, 5, 21, 22, 17, 9, 10, 28, 7, 13, 14, 0, 16, 8, 18, 3, 20, 6, 12, 30, 24, 25, 26, 27, 11, 35, 23, 31, 32, 33, 34, 29, 36, 37, 38, 39]",1633.0,"[19, 1, 2, 15, 4, 5, 21, 22, 17, 9, 10, 28, 7, 13, 14, 0, 16, 8, 18, 3, 20, 6, 12, 30, 24, 25, 26, 27, 11, 35, 23, 31, 32, 33, 34, 29, 36, 37, 38, 39]",1633.0,20.41490650177002
"[19, 1, 2, 15, 4, 5, 21, 22, 17, 9, 10, 28, 7, 13, 14, 0, 16, 8, 18, 3, 20, 6, 12, 30, 24, 25, 26, 27, 11, 35, 23, 31, 32, 33, 34, 29, 36, 37, 38, 39]",1633.0,"[19, 1, 2, 15, 4, 5, 21, 22, 17, 9, 10, 28, 7, 13, 14, 0, 16, 8, 18, 3, 20, 6, 12, 30, 24, 25, 26, 27, 11, 35, 23, 31, 32, 33, 34, 29, 36, 37, 38, 39]",1633.0,20.58891010284424
"[19, 1, 2, 15, 4, 5, 21, 22, 17, 9, 10, 28, 7, 13, 14, 0, 16, 8, 18, 3, 20, 6, 12, 30, 24, 25, 26, 27, 11, 35, 23, 31, 32, 33, 34, 29, 36, 37, 38, 39]",1633.0,"[19, 1, 2, 15, 4, 5, 21, 22, 17, 9, 10, 28, 7, 13, 14, 0, 16, 8, 18, 3, 20, 6, 12, 30, 24, 25, 26, 27, 11, 35, 23, 31, 32, 33, 34, 29, 36, 37, 38, 39]",1633.0,20.774911642074585
"[19, 1, 2, 15, 4, 5, 21, 22, 17, 9, 10, 28, 7, 13, 14, 0, 16, 8, 18, 3, 20, 6, 12, 30, 24, 25, 26, 27, 11, 35, 23, 31, 32, 33, 34, 29, 36, 37, 38, 39]",1633.0,"[19, 1, 2, 15, 4, 5, 21, 22, 17, 9, 10, 28, 7, 13, 14, 0, 16, 8, 18, 3, 20, 6, 12, 30, 24, 25, 26, 27, 11, 35, 23, 31, 32, 33, 34, 29, 36, 37, 38, 39]",1633.0,20.933914184570312
"[19, 1, 2, 15, 4, 5, 21, 22, 17, 9, 10, 28, 7, 13, 14, 0, 16, 8, 18, 3, 20, 6, 12, 30, 24, 25, 26, 27, 11, 35, 23, 31, 32, 33, 34, 29, 36, 37, 38, 39]",1633.0,"[19, 1, 2, 15, 4, 5, 21, 22, 17, 9, 10, 28, 7, 13, 14, 0, 16, 8, 18, 3, 20, 6, 12, 30, 24, 25, 26, 27, 11, 35, 23, 31, 32, 33, 34, 29, 36, 37, 38, 39]",1633.0,21.096914291381836
"[19, 1, 2, 15, 4, 5, 21, 22, 17, 9, 10, 28, 7, 13, 14, 0, 16, 8, 18, 3, 20, 6, 12, 30, 24, 25, 26, 27, 11, 35, 23, 31, 32, 33, 34, 29, 36, 37, 38, 39]",1633.0,"[19, 1, 2, 15, 4, 5, 21, 22, 17, 9, 10, 28, 7, 13, 14, 0, 16, 8, 18, 3, 20, 6, 12, 30, 24, 25, 26, 27, 11, 35, 23, 31, 32, 33, 34, 29, 36, 37, 38, 39]",1633.0,21.263932704925537
"[19, 1, 2, 15, 4, 5, 21, 22, 17, 9, 10, 28, 7, 13, 14, 0, 16, 8, 18, 3, 20, 6, 12, 30, 24, 25, 26, 27, 11, 35, 23, 31, 32, 33, 34, 29, 36, 37, 38, 39]",1633.0,"[19, 1, 2, 15, 4, 5, 21, 22, 17, 9, 10, 28, 7, 13, 14, 0, 16, 8, 18, 3, 20, 6, 12, 30, 24, 25, 26, 27, 11, 35, 23, 31, 32, 33, 34, 29, 36, 37, 38, 39]",1633.0,21.42592191696167
"[19, 1, 2, 15, 4, 5, 21, 22, 17, 9, 10, 28, 7, 13, 14, 0, 16, 8, 18, 3, 20, 6, 12, 30, 24, 25, 26, 27, 11, 35, 23, 31, 32, 33, 34, 29, 36, 37, 38, 39]",1633.0,"[19, 1, 2, 15, 4, 5, 21, 22, 17, 9, 10, 28, 7, 13, 14, 0, 16, 8, 18, 3, 20, 6, 12, 30, 24, 25, 26, 27, 11, 35, 23, 31, 32, 33, 34, 29, 36, 37, 38, 39]",1633.0,21.583917379379272
"[19, 1, 2, 15, 4, 5, 21, 22, 17, 9, 10, 28, 7, 13, 14, 0, 16, 8, 18, 3, 20, 6, 12, 30, 24, 25, 26, 27, 11, 35, 23, 31, 32, 33, 34, 29, 36, 37, 38, 39]",1633.0,"[19, 1, 2, 15, 4, 5, 21, 22, 17, 9, 10, 28, 7, 13, 14, 0, 16, 8, 18, 3, 20, 6, 12, 30, 24, 25, 26, 27, 11, 35, 23, 31, 32, 33, 34, 29, 36, 37, 38, 39]",1633.0,21.742993116378784
"[19, 1, 2, 15, 4, 5, 21, 22, 17, 9, 10, 28, 7, 13, 14, 0, 16, 8, 18, 3, 20, 6, 12, 30, 24, 25, 26, 27, 11, 35, 23, 31, 32, 33, 34, 29, 36, 37, 38, 39]",1633.0,"[19, 1, 2, 15, 4, 5, 21, 22, 17, 9, 10, 28, 7, 13, 14, 0, 16, 8, 18, 3, 20, 6, 12, 30, 24, 25, 26, 27, 11, 35, 23, 31, 32, 33, 34, 29, 36, 37, 38, 39]",1633.0,21.90792942047119
"[19, 1, 2, 15, 4, 5, 21, 22, 17, 9, 10, 28, 7, 13, 14, 0, 16, 8, 18, 3, 20, 6, 12, 30, 24, 25, 26, 27, 11, 35, 23, 31, 32, 33, 34, 29, 36, 37, 38, 39]",1633.0,"[19, 1, 2, 15, 4, 5, 21, 22, 17, 9, 10, 28, 7, 13, 14, 0, 16, 8, 18, 3, 20, 6, 12, 30, 24, 25, 26, 27, 11, 35, 23, 31, 32, 33, 34, 29, 36, 37, 38, 39]",1633.0,22.06893301010132
"[19, 1, 2, 15, 4, 5, 21, 22, 17, 9, 10, 28, 7, 13, 14, 0, 16, 8, 18, 3, 20, 6, 12, 30, 24, 25, 26, 27, 11, 35, 23, 31, 32, 33, 34, 29, 36, 37, 38, 39]",1633.0,"[19, 1, 2, 15, 4, 5, 21, 22, 17, 9, 10, 28, 7, 13, 14, 0, 16, 8, 18, 3, 20, 6, 12, 30, 24, 25, 26, 27, 11, 35, 23, 31, 32, 33, 34, 29, 36, 37, 38, 39]",1633.0,22.23092818260193
"[19, 1, 2, 15, 4, 5, 21, 22, 17, 9, 10, 28, 7, 13, 14, 0, 16, 8, 18, 3, 20, 6, 12, 30, 24, 25, 26, 27, 11, 35, 23, 31, 32, 33, 34, 29, 36, 37, 38, 39]",1633.0,"[19, 1, 2, 15, 4, 5, 21, 22, 17, 9, 10, 28, 7, 13, 14, 0, 16, 8, 18, 3, 20, 6, 12, 30, 24, 25, 26, 27, 11, 35, 23, 31, 32, 33, 34, 29, 36, 37, 38, 39]",1633.0,22.39592981338501
"[19, 1, 2, 15, 4, 5, 21, 22, 17, 9, 10, 28, 7, 13, 14, 0, 16, 8, 18, 3, 20, 6, 12, 30, 24, 25, 26, 27, 11, 35, 23, 31, 32, 33, 34, 29, 36, 37, 38, 39]",1633.0,"[19, 1, 2, 15, 4, 5, 21, 22, 17, 9, 10, 28, 7, 13, 14, 0, 16, 8, 18, 3, 20, 6, 12, 30, 24, 25, 26, 27, 11, 35, 23, 31, 32, 33, 34, 29, 36, 37, 38, 39]",1633.0,22.560935497283936
"[19, 1, 2, 15, 4, 5, 21, 22, 17, 9, 10, 28, 7, 13, 14, 0, 16, 8, 18, 3, 20, 6, 12, 30, 24, 25, 26, 27, 11, 35, 23, 31, 32, 33, 34, 29, 36, 37, 38, 39]",1633.0,"[19, 1, 2, 15, 4, 5, 21, 22, 17, 9, 10, 28, 7, 13, 14, 0, 16, 8, 18, 3, 20, 6, 12, 30, 24, 25, 26, 27, 11, 35, 23, 31, 32, 33, 34, 29, 36, 37, 38, 39]",1633.0,22.741933822631836
"[19, 1, 2, 15, 4, 5, 21, 22, 17, 9, 10, 28, 7, 13, 14, 0, 16, 8, 18, 3, 20, 6, 12, 30, 24, 25, 26, 27, 11, 35, 23, 31, 32, 33, 34, 29, 36, 37, 38, 39]",1633.0,"[19, 1, 2, 15, 4, 5, 21, 22, 17, 9, 10, 28, 7, 13, 14, 0, 16, 8, 18, 3, 20, 6, 12, 30, 24, 25, 26, 27, 11, 35, 23, 31, 32, 33, 34, 29, 36, 37, 38, 39]",1633.0,22.90593957901001
"[19, 1, 2, 15, 4, 5, 21, 22, 17, 9, 10, 28, 7, 13, 14, 0, 16, 8, 18, 3, 20, 6, 12, 30, 24, 25, 26, 27, 11, 35, 23, 31, 32, 33, 34, 29, 36, 37, 38, 39]",1633.0,"[19, 1, 2, 15, 4, 5, 21, 22, 17, 9, 10, 28, 7, 13, 14, 0, 16, 8, 18, 3, 20, 6, 12, 30, 24, 25, 26, 27, 11, 35, 23, 31, 32, 33, 34, 29, 36, 37, 38, 39]",1633.0,23.069934368133545
"[19, 1, 2, 15, 4, 5, 21, 22, 17, 9, 10, 28, 7, 13, 14, 0, 16, 8, 18, 3, 20, 6, 12, 30, 24, 25, 26, 27, 11, 35, 23, 31, 32, 33, 34, 29, 36, 37, 38, 39]",1633.0,"[19, 1, 2, 15, 4, 5, 21, 22, 17, 9, 10, 28, 7, 13, 14, 0, 16, 8, 18, 3, 20, 6, 12, 30, 24, 25, 26, 27, 11, 35, 23, 31, 32, 33, 34, 29, 36, 37, 38, 39]",1633.0,23.226940393447876
"[19, 1, 2, 15, 4, 5, 21, 22, 17, 9, 10, 28, 7, 13, 14, 0, 16, 8, 18, 3, 20, 6, 12, 30, 24, 25, 26, 27, 11, 35, 23, 31, 32, 33, 34, 29, 36, 37, 38, 39]",1633.0,"[19, 1, 2, 15, 4, 5, 21, 22, 17, 9, 10, 28, 7, 13, 14, 0, 16, 8, 18, 3, 20, 6, 12, 30, 24, 25, 26, 27, 11, 35, 23, 31, 32, 33, 34, 29, 36, 37, 38, 39]",1633.0,23.39125657081604
"[19, 1, 2, 15, 4, 5, 21, 22, 17, 9, 10, 28, 7, 13, 14, 0, 16, 8, 18, 3, 20, 6, 12, 30, 24, 25, 26, 27, 11, 35, 23, 31, 32, 33, 34, 29, 36, 37, 38, 39]",1633.0,"[19, 1, 2, 15, 4, 5, 21, 22, 17, 9, 10, 28, 7, 13, 14, 0, 16, 8, 18, 3, 20, 6, 12, 30, 24, 25, 26, 27, 11, 35, 23, 31, 32, 33, 34, 29, 36, 37, 38, 39]",1633.0,23.56494116783142
"[19, 1, 2, 15, 4, 5, 21, 22, 17, 9, 10, 28, 7, 13, 14, 0, 16, 8, 18, 3, 20, 6, 12, 30, 24, 25, 26, 38, 11, 35, 23, 31, 32, 33, 34, 29, 36, 37, 27, 39]",1632.5,"[19, 1, 2, 15, 4, 5, 21, 22, 17, 9, 10, 28, 7, 13, 14, 0, 16, 8, 18, 3, 20, 6, 12, 30, 24, 25, 26, 38, 11, 35, 23, 31, 32, 33, 34, 29, 36, 37, 27, 39]",1632.5,23.759957313537598
"[19, 1, 2, 15, 4, 5, 21, 22, 17, 9, 10, 28, 7, 13, 14, 0, 16, 8, 18, 3, 20, 6, 12, 30, 24, 25, 26, 38, 11, 35, 23, 31, 32, 33, 34, 29, 36, 37, 27, 39]",1632.5,"[19, 1, 2, 15, 4, 5, 21, 22, 17, 9, 10, 28, 7, 13, 14, 0, 16, 8, 18, 3, 20, 6, 12, 30, 24, 25, 26, 38, 11, 35, 23, 31, 32, 33, 34, 29, 36, 37, 27, 39]",1632.5,23.919951677322388
"[19, 1, 2, 15, 4, 5, 21, 22, 17, 9, 10, 28, 7, 13, 14, 0, 16, 8, 18, 3, 20, 6, 12, 30, 24, 25, 26, 38, 11, 35, 23, 31, 32, 33, 34, 29, 36, 37, 27, 39]",1632.5,"[19, 1, 2, 15, 4, 5, 21, 22, 17, 9, 10, 28, 7, 13, 14, 0, 16, 8, 18, 3, 20, 6, 12, 30, 24, 25, 26, 38, 11, 35, 23, 31, 32, 33, 34, 29, 36, 37, 27, 39]",1632.5,24.087950468063354
"[19, 1, 2, 15, 4, 5, 21, 22, 17, 9, 10, 28, 7, 13, 14, 0, 16, 8, 18, 3, 20, 6, 12, 30, 24, 25, 26, 38, 11, 35, 23, 31, 32, 33, 34, 29, 36, 37, 27, 39]",1632.5,"[19, 1, 2, 15, 4, 5, 21, 22, 17, 9, 10, 28, 7, 13, 14, 0, 16, 8, 18, 3, 20, 6, 12, 30, 24, 25, 26, 38, 11, 35, 23, 31, 32, 33, 34, 29, 36, 37, 27, 39]",1632.5,24.25495147705078
"[19, 1, 2, 15, 4, 5, 21, 22, 17, 9, 10, 28, 7, 13, 14, 0, 16, 8, 18, 3, 20, 6, 12, 30, 24, 25, 26, 38, 11, 35, 23, 31, 32, 33, 34, 29, 36, 37, 27, 39]",1632.5,"[19, 1, 2, 15, 4, 5, 21, 22, 17, 9, 10, 28, 7, 13, 14, 0, 16, 8, 18, 3, 20, 6, 12, 30, 24, 25, 26, 38, 11, 35, 23, 31, 32, 33, 34, 29, 36, 37, 27, 39]",1632.5,24.420958757400513
"[19, 1, 2, 15, 4, 5, 21, 22, 17, 9, 10, 28, 7, 13, 14, 0, 16, 8, 18, 3, 20, 6, 12, 30, 24, 25, 26, 38, 11, 35, 23, 31, 32, 33, 34, 29, 36, 37, 27, 39]",1632.5,"[19, 1, 2, 15, 4, 5, 21, 22, 17, 9, 10, 28, 7, 13, 14, 0, 16, 8, 18, 3, 20, 6, 12, 30, 24, 25, 26, 38, 11, 35, 23, 31, 32, 33, 34, 29, 36, 37, 27, 39]",1632.5,24.586955785751343
"[19, 1, 2, 15, 4, 5, 21, 22, 17, 9, 10, 28, 7, 13, 14, 0, 16, 8, 18, 3, 20, 6, 12, 30, 24, 25, 26, 38, 11, 35, 23, 31, 32, 33, 34, 29, 36, 37, 27, 39]",1632.5,"[19, 1, 2, 15, 4, 5, 21, 22, 17, 9, 10, 28, 7, 13, 14, 0, 16, 8, 18, 3, 20, 6, 12, 30, 24, 25, 26, 38, 11, 35, 23, 31, 32, 33, 34, 29, 36, 37, 27, 39]",1632.5,24.74895668029785
"[19, 1, 2, 15, 4, 5, 21, 22, 17, 9, 10, 28, 7, 13, 14, 0, 16, 8, 18, 3, 20, 6, 12, 30, 24, 25, 26, 38, 11, 35, 23, 31, 32, 33, 34, 29, 36, 37, 27, 39]",1632.5,"[19, 1, 2, 15, 4, 5, 21, 22, 17, 9, 10, 28, 7, 13, 14, 0, 16, 8, 18, 3, 20, 6, 12, 30, 24, 25, 26, 38, 11, 35, 23, 31, 32, 33, 34, 29, 36, 37, 27, 39]",1632.5,24.90896725654602
"[19, 1, 2, 15, 4, 5, 21, 22, 17, 9, 10, 28, 7, 13, 14, 0, 16, 8, 18, 3, 20, 6, 12, 30, 24, 25, 26, 38, 11, 35, 23, 31, 32, 33, 34, 29, 36, 37, 27, 39]",1632.5,"[19, 1, 2, 15, 4, 5, 21, 22, 17, 9, 10, 28, 7, 13, 14, 0, 16, 8, 18, 3, 20, 6, 12, 30, 24, 25, 26, 38, 11, 35, 23, 31, 32, 33, 34, 29, 36, 37, 27, 39]",1632.5,25.06996202468872
"[19, 1, 2, 15, 4, 5, 21, 22, 17, 9, 10, 28, 7, 13, 14, 0, 16, 8, 18, 3, 20, 6, 12, 30, 24, 25, 26, 38, 11, 35, 23, 31, 32, 33, 34, 29, 36, 37, 27, 39]",1632.5,"[19, 1, 2, 15, 4, 5, 21, 22, 17, 9, 10, 28, 7, 13, 14, 0, 16, 8, 18, 3, 20, 6, 12, 30, 24, 25, 26, 38, 11, 35, 23, 31, 32, 33, 34, 29, 36, 37, 27, 39]",1632.5,25.228965759277344
"[19, 1, 2, 15, 4, 5, 21, 22, 17, 9, 10, 28, 7, 13, 14, 0, 16, 8, 18, 3, 20, 6, 12, 30, 24, 25, 26, 38, 11, 35, 23, 31, 32, 33, 34, 29, 36, 37, 27, 39]",1632.5,"[19, 1, 2, 15, 4, 5, 21, 22, 17, 9, 10, 28, 7, 13, 14, 0, 16, 8, 18, 3, 20, 6, 12, 30, 24, 25, 26, 38, 11, 35, 23, 31, 32, 33, 34, 29, 36, 37, 27, 39]",1632.5,25.396968364715576
"[19, 1, 2, 15, 4, 5, 21, 22, 17, 9, 10, 28, 7, 13, 14, 0, 16, 8, 18, 3, 20, 6, 12, 30, 24, 25, 26, 38, 11, 35, 23, 31, 32, 33, 34, 29, 36, 37, 27, 39]",1632.5,"[19, 1, 2, 15, 4, 5, 21, 22, 17, 9, 10, 28, 7, 13, 14, 0, 16, 8, 18, 3, 20, 6, 12, 30, 24, 25, 26, 38, 11, 35, 23, 31, 32, 33, 34, 29, 36, 37, 27, 39]",1632.5,25.56296682357788
"[19, 1, 2, 15, 4, 5, 21, 22, 17, 9, 10, 28, 7, 13, 14, 0, 16, 8, 18, 3, 20, 6, 12, 30, 24, 25, 26, 38, 11, 35, 23, 31, 32, 33, 34, 29, 36, 37, 27, 39]",1632.5,"[19, 1, 2, 15, 4, 5, 21, 22, 17, 9, 10, 28, 7, 13, 14, 0, 16, 8, 18, 3, 20, 6, 12, 30, 24, 25, 26, 38, 11, 35, 23, 31, 32, 33, 34, 29, 36, 37, 27, 39]",1632.5,25.7340145111084
"[19, 1, 2, 15, 4, 5, 21, 22, 17, 9, 10, 28, 7, 13, 14, 0, 16, 8, 18, 3, 20, 6, 12, 30, 24, 25, 26, 38, 11, 35, 23, 31, 32, 33, 34, 29, 36, 37, 27, 39]",1632.5,"[19, 1, 2, 15, 4, 5, 21, 22, 17, 9, 10, 28, 7, 13, 14, 0, 16, 8, 18, 3, 20, 6, 12, 30, 24, 25, 26, 38, 11, 35, 23, 31, 32, 33, 34, 29, 36, 37, 27, 39]",1632.5,25.89998507499695
"[19, 1, 2, 15, 4, 5, 21, 22, 17, 9, 10, 28, 7, 13, 14, 0, 16, 8, 18, 3, 20, 6, 12, 30, 24, 25, 26, 38, 11, 35, 23, 31, 32, 33, 34, 29, 36, 37, 27, 39]",1632.5,"[19, 1, 2, 15, 4, 5, 21, 22, 17, 9, 10, 28, 7, 13, 14, 0, 16, 8, 18, 3, 20, 6, 12, 30, 24, 25, 26, 38, 11, 35, 23, 31, 32, 33, 34, 29, 36, 37, 27, 39]",1632.5,26.069055557250977
"[19, 1, 2, 15, 4, 5, 21, 22, 17, 9, 10, 28, 7, 13, 14, 0, 16, 8, 18, 3, 20, 6, 12, 30, 24, 25, 26, 38, 11, 35, 23, 31, 32, 33, 34, 29, 36, 37, 27, 39]",1632.5,"[19, 1, 2, 15, 4, 5, 21, 22, 17, 9, 10, 28, 7, 13, 14, 0, 16, 8, 18, 3, 20, 6, 12, 30, 24, 25, 26, 38, 11, 35, 23, 31, 32, 33, 34, 29, 36, 37, 27, 39]",1632.5,26.229984521865845
"[19, 1, 2, 15, 4, 5, 21, 22, 17, 9, 10, 28, 7, 13, 14, 0, 16, 8, 18, 3, 20, 6, 12, 30, 24, 25, 26, 38, 11, 35, 23, 31, 32, 33, 34, 29, 36, 37, 27, 39]",1632.5,"[19, 1, 2, 15, 4, 5, 21, 22, 17, 9, 10, 28, 7, 13, 14, 0, 16, 8, 18, 3, 20, 6, 12, 30, 24, 25, 26, 38, 11, 35, 23, 31, 32, 33, 34, 29, 36, 37, 27, 39]",1632.5,26.398976802825928
"[19, 1, 2, 15, 4, 5, 21, 22, 17, 9, 10, 28, 7, 13, 14, 0, 16, 8, 18, 3, 20, 6, 12, 30, 24, 25, 26, 38, 11, 35, 23, 31, 32, 33, 34, 29, 36, 37, 27, 39]",1632.5,"[19, 1, 2, 15, 4, 5, 21, 22, 17, 9, 10, 28, 7, 13, 14, 0, 16, 8, 18, 3, 20, 6, 12, 30, 24, 25, 26, 38, 11, 35, 23, 31, 32, 33, 34, 29, 36, 37, 27, 39]",1632.5,26.5619797706604
"[19, 1, 2, 15, 4, 5, 21, 22, 17, 9, 10, 28, 7, 13, 14, 0, 16, 8, 18, 3, 20, 6, 12, 30, 24, 25, 26, 38, 11, 35, 23, 31, 32, 33, 34, 29, 36, 37, 27, 39]",1632.5,"[19, 1, 2, 15, 4, 5, 21, 22, 17, 9, 10, 28, 7, 13, 14, 0, 16, 8, 18, 3, 20, 6, 12, 30, 24, 25, 26, 38, 11, 35, 23, 31, 32, 33, 34, 29, 36, 37, 27, 39]",1632.5,26.726988077163696
"[19, 1, 2, 15, 4, 5, 21, 22, 17, 9, 10, 28, 7, 13, 14, 0, 16, 8, 18, 3, 20, 6, 12, 30, 24, 25, 26, 38, 11, 35, 23, 31, 32, 33, 34, 29, 36, 37, 27, 39]",1632.5,"[19, 1, 2, 15, 4, 5, 21, 22, 17, 9, 10, 28, 7, 13, 14, 0, 16, 8, 18, 3, 20, 6, 12, 30, 24, 25, 26, 38, 11, 35, 23, 31, 32, 33, 34, 29, 36, 37, 27, 39]",1632.5,26.888999462127686
"[19, 1, 2, 15, 4, 5, 21, 22, 17, 9, 10, 28, 7, 13, 14, 0, 16, 8, 18, 3, 20, 6, 12, 30, 24, 25, 26, 38, 11, 35, 23, 31, 32, 33, 34, 29, 36, 37, 27, 39]",1632.5,"[19, 1, 2, 15, 4, 5, 21, 22, 17, 9, 10, 28, 7, 13, 14, 0, 16, 8, 18, 3, 20, 6, 12, 30, 24, 25, 26, 38, 11, 35, 23, 31, 32, 33, 34, 29, 36, 37, 27, 39]",1632.5,27.050987482070923
"[19, 1, 2, 15, 4, 5, 21, 22, 17, 9, 10, 28, 7, 13, 14, 0, 16, 8, 18, 3, 20, 6, 12, 30, 24, 25, 26, 38, 11, 35, 23, 31, 32, 33, 34, 29, 36, 37, 27, 39]",1632.5,"[19, 1, 2, 15, 4, 5, 21, 22, 17, 9, 10, 28, 7, 13, 14, 0, 16, 8, 18, 3, 20, 6, 12, 30, 24, 25, 26, 38, 11, 35, 23, 31, 32, 33, 34, 29, 36, 37, 27, 39]",1632.5,27.21798825263977
"[19, 1, 2, 15, 4, 5, 21, 22, 17, 9, 10, 28, 7, 13, 14, 0, 16, 8, 18, 3, 20, 6, 12, 30, 24, 25, 26, 38, 11, 35, 23, 31, 32, 33, 34, 29, 36, 37, 27, 39]",1632.5,"[19, 1, 2, 15, 4, 5, 21, 22, 17, 9, 10, 28, 7, 13, 14, 0, 16, 8, 18, 3, 20, 6, 12, 30, 24, 25, 26, 38, 11, 35, 23, 31, 32, 33, 34, 29, 36, 37, 27, 39]",1632.5,27.38499903678894
"[19, 1, 2, 15, 4, 5, 21, 22, 17, 9, 10, 28, 7, 13, 14, 0, 16, 8, 18, 3, 20, 6, 12, 30, 24, 25, 26, 38, 11, 35, 23, 31, 32, 33, 34, 29, 36, 37, 27, 39]",1632.5,"[19, 1, 2, 15, 4, 5, 21, 22, 17, 9, 10, 28, 7, 13, 14, 0, 16, 8, 18, 3, 20, 6, 12, 30, 24, 25, 26, 38, 11, 35, 23, 31, 32, 33, 34, 29, 36, 37, 27, 39]",1632.5,27.54399585723877
"[19, 1, 2, 15, 4, 5, 21, 22, 17, 9, 10, 28, 7, 13, 14, 0, 16, 8, 18, 3, 20, 6, 12, 30, 24, 25, 26, 38, 11, 35, 23, 31, 32, 33, 34, 29, 36, 37, 27, 39]",1632.5,"[19, 1, 2, 15, 4, 5, 21, 22, 17, 9, 10, 28, 7, 13, 14, 0, 16, 8, 18, 3, 20, 6, 12, 30, 24, 25, 26, 38, 11, 35, 23, 31, 32, 33, 34, 29, 36, 37, 27, 39]",1632.5,27.699249267578125
"[19, 1, 2, 15, 4, 5, 21, 22, 17, 9, 10, 28, 7, 13, 14, 0, 16, 8, 18, 3, 20, 6, 12, 30, 24, 25, 26, 38, 11, 35, 23, 31, 32, 33, 34, 29, 36, 37, 27, 39]",1632.5,"[19, 1, 2, 15, 4, 5, 21, 22, 17, 9, 10, 28, 7, 13, 14, 0, 16, 8, 18, 3, 20, 6, 12, 30, 24, 25, 26, 38, 11, 35, 23, 31, 32, 33, 34, 29, 36, 37, 27, 39]",1632.5,27.862014532089233
"[19, 1, 2, 15, 4, 5, 21, 22, 17, 9, 10, 28, 7, 13, 14, 0, 16, 8, 18, 3, 20, 6, 12, 30, 24, 25, 26, 38, 11, 35, 23, 31, 32, 33, 34, 29, 36, 37, 27, 39]",1632.5,"[19, 1, 2, 15, 4, 5, 21, 22, 17, 9, 10, 28, 7, 13, 14, 0, 16, 8, 18, 3, 20, 6, 12, 30, 24, 25, 26, 38, 11, 35, 23, 31, 32, 33, 34, 29, 36, 37, 27, 39]",1632.5,28.022993803024292
"[19, 1, 2, 15, 4, 5, 21, 22, 17, 9, 10, 28, 7, 13, 14, 0, 16, 8, 18, 3, 20, 6, 12, 30, 24, 25, 26, 38, 11, 35, 23, 31, 32, 33, 34, 29, 36, 37, 27, 39]",1632.5,"[19, 1, 2, 15, 4, 5, 21, 22, 17, 9, 10, 28, 7, 13, 14, 0, 16, 8, 18, 3, 20, 6, 12, 30, 24, 25, 26, 38, 11, 35, 23, 31, 32, 33, 34, 29, 36, 37, 27, 39]",1632.5,28.18899965286255
"[19, 1, 2, 15, 4, 5, 21, 22, 17, 9, 10, 28, 7, 13, 14, 0, 16, 8, 18, 3, 20, 6, 12, 30, 24, 25, 26, 38, 11, 35, 23, 31, 32, 33, 34, 29, 36, 37, 27, 39]",1632.5,"[19, 1, 2, 15, 4, 5, 21, 22, 17, 9, 10, 28, 7, 13, 14, 0, 16, 8, 18, 3, 20, 6, 12, 30, 24, 25, 26, 38, 11, 35, 23, 31, 32, 33, 34, 29, 36, 37, 27, 39]",1632.5,28.354002714157104
"[19, 1, 2, 15, 4, 5, 21, 22, 17, 9, 10, 28, 7, 13, 14, 0, 16, 8, 18, 3, 20, 6, 12, 30, 24, 25, 26, 38, 11, 35, 23, 31, 32, 33, 34, 29, 36, 37, 27, 39]",1632.5,"[19, 1, 2, 15, 4, 5, 21, 22, 17, 9, 10, 28, 7, 13, 14, 0, 16, 8, 18, 3, 20, 6, 12, 30, 24, 25, 26, 38, 11, 35, 23, 31, 32, 33, 34, 29, 36, 37, 27, 39]",1632.5,28.531007528305054
"[19, 1, 2, 15, 4, 5, 21, 22, 17, 9, 10, 28, 7, 13, 14, 0, 16, 8, 18, 3, 20, 6, 12, 30, 24, 25, 26, 38, 11, 35, 23, 31, 32, 33, 34, 29, 36, 37, 27, 39]",1632.5,"[19, 1, 2, 15, 4, 5, 21, 22, 17, 9, 10, 28, 7, 13, 14, 0, 16, 8, 18, 3, 20, 6, 12, 30, 24, 25, 26, 38, 11, 35, 23, 31, 32, 33, 34, 29, 36, 37, 27, 39]",1632.5,28.701034545898438
"[19, 1, 2, 15, 4, 5, 21, 22, 17, 9, 10, 28, 7, 13, 14, 0, 16, 8, 18, 3, 20, 6, 12, 30, 24, 25, 26, 38, 11, 35, 23, 31, 32, 33, 34, 29, 36, 37, 27, 39]",1632.5,"[19, 1, 2, 15, 4, 5, 21, 22, 17, 9, 10, 28, 7, 13, 14, 0, 16, 8, 18, 3, 20, 6, 12, 30, 24, 25, 26, 38, 11, 35, 23, 31, 32, 33, 34, 29, 36, 37, 27, 39]",1632.5,28.86901092529297
"[19, 1, 2, 15, 4, 5, 21, 22, 17, 9, 10, 28, 7, 13, 14, 0, 16, 8, 18, 3, 20, 6, 12, 30, 24, 25, 26, 38, 11, 35, 23, 31, 32, 33, 34, 29, 36, 37, 27, 39]",1632.5,"[19, 1, 2, 15, 4, 5, 21, 22, 17, 9, 10, 28, 7, 13, 14, 0, 16, 8, 18, 3, 20, 6, 12, 30, 24, 25, 26, 38, 11, 35, 23, 31, 32, 33, 34, 29, 36, 37, 27, 39]",1632.5,29.028005599975586
"[19, 1, 2, 15, 4, 5, 21, 22, 17, 9, 10, 28, 7, 13, 14, 0, 16, 8, 18, 3, 20, 6, 12, 30, 24, 25, 26, 38, 11, 35, 23, 31, 32, 33, 34, 29, 36, 37, 27, 39]",1632.5,"[19, 1, 2, 15, 4, 5, 21, 22, 17, 9, 10, 28, 7, 13, 14, 0, 16, 8, 18, 3, 20, 6, 12, 30, 24, 25, 26, 38, 11, 35, 23, 31, 32, 33, 34, 29, 36, 37, 27, 39]",1632.5,29.197009563446045
"[19, 1, 2, 15, 4, 5, 21, 22, 17, 9, 10, 28, 7, 13, 14, 0, 16, 8, 18, 3, 20, 6, 12, 30, 24, 25, 26, 38, 11, 35, 23, 31, 32, 33, 34, 29, 36, 37, 27, 39]",1632.5,"[19, 1, 2, 15, 4, 5, 21, 22, 17, 9, 10, 28, 7, 13, 14, 0, 16, 8, 18, 3, 20, 6, 12, 30, 24, 25, 26, 38, 11, 35, 23, 31, 32, 33, 34, 29, 36, 37, 27, 39]",1632.5,29.357014656066895
"[19, 1, 2, 15, 4, 5, 21, 22, 17, 9, 10, 28, 7, 13, 14, 0, 16, 8, 18, 3, 20, 6, 12, 30, 24, 25, 26, 38, 11, 35, 23, 31, 32, 33, 34, 29, 36, 37, 27, 39]",1632.5,"[19, 1, 2, 15, 4, 5, 21, 22, 17, 9, 10, 28, 7, 13, 14, 0, 16, 8, 18, 3, 20, 6, 12, 30, 24, 25, 26, 38, 11, 35, 23, 31, 32, 33, 34, 29, 36, 37, 27, 39]",1632.5,29.542225122451782
"[19, 1, 2, 15, 4, 5, 21, 22, 17, 9, 10, 28, 7, 13, 14, 0, 16, 8, 18, 3, 20, 6, 12, 30, 24, 25, 26, 38, 11, 35, 23, 31, 32, 33, 34, 29, 36, 37, 27, 39]",1632.5,"[19, 1, 2, 15, 4, 5, 21, 22, 17, 9, 10, 28, 7, 13, 14, 0, 16, 8, 18, 3, 20, 6, 12, 30, 24, 25, 26, 38, 11, 35, 23, 31, 32, 33, 34, 29, 36, 37, 27, 39]",1632.5,29.714021921157837
"[19, 1, 2, 15, 4, 5, 21, 22, 17, 9, 10, 28, 7, 13, 14, 0, 16, 8, 18, 3, 20, 6, 12, 30, 24, 25, 26, 38, 11, 35, 23, 31, 32, 33, 34, 29, 36, 37, 27, 39]",1632.5,"[19, 1, 2, 15, 4, 5, 21, 22, 17, 9, 10, 28, 7, 13, 14, 0, 16, 8, 18, 3, 20, 6, 12, 30, 24, 25, 26, 38, 11, 35, 23, 31, 32, 33, 34, 29, 36, 37, 27, 39]",1632.5,29.8770170211792
"[19, 1, 2, 15, 4, 5, 21, 22, 17, 9, 10, 28, 7, 13, 14, 0, 16, 8, 18, 3, 20, 6, 12, 30, 24, 25, 26, 38, 11, 35, 23, 31, 32, 33, 34, 29, 36, 37, 27, 39]",1632.5,"[19, 1, 2, 15, 4, 5, 21, 22, 17, 9, 10, 28, 7, 13, 14, 0, 16, 8, 18, 3, 20, 6, 12, 30, 24, 25, 26, 38, 11, 35, 23, 31, 32, 33, 34, 29, 36, 37, 27, 39]",1632.5,30.042015314102173
"[19, 1, 2, 15, 4, 5, 21, 22, 17, 9, 10, 28, 7, 13, 14, 0, 16, 8, 18, 3, 20, 6, 12, 30, 24, 25, 26, 38, 11, 35, 23, 31, 32, 33, 34, 29, 36, 37, 27, 39]",1632.5,"[19, 1, 2, 15, 4, 5, 21, 22, 17, 9, 10, 28, 7, 13, 14, 0, 16, 8, 18, 3, 20, 6, 12, 30, 24, 25, 26, 38, 11, 35, 23, 31, 32, 33, 34, 29, 36, 37, 27, 39]",1632.5,30.214028358459473
"[19, 1, 2, 15, 4, 5, 21, 22, 17, 9, 10, 28, 7, 13, 14, 0, 16, 8, 18, 3, 20, 6, 12, 30, 24, 25, 26, 38, 11, 35, 23, 31, 32, 33, 34, 29, 36, 37, 27, 39]",1632.5,"[19, 1, 2, 15, 4, 5, 21, 22, 17, 9, 10, 28, 7, 13, 14, 0, 16, 8, 18, 3, 20, 6, 12, 30, 24, 25, 26, 38, 11, 35, 23, 31, 32, 33, 34, 29, 36, 37, 27, 39]",1632.5,30.384021043777466
"[19, 1, 2, 15, 4, 5, 21, 22, 17, 9, 10, 28, 7, 13, 14, 0, 16, 8, 18, 3, 20, 6, 12, 30, 24, 25, 26, 38, 11, 35, 23, 31, 32, 33, 34, 29, 36, 37, 27, 39]",1632.5,"[19, 1, 2, 15, 4, 5, 21, 22, 17, 9, 10, 28, 7, 13, 14, 0, 16, 8, 18, 3, 20, 6, 12, 30, 24, 25, 26, 38, 11, 35, 23, 31, 32, 33, 34, 29, 36, 37, 27, 39]",1632.5,30.549026012420654
"[19, 1, 2, 15, 4, 5, 21, 22, 17, 9, 10, 28, 7, 13, 14, 0, 16, 8, 18, 3, 20, 6, 12, 30, 24, 25, 26, 38, 11, 35, 23, 31, 32, 33, 34, 29, 36, 37, 27, 39]",1632.5,"[19, 1, 2, 15, 4, 5, 21, 22, 17, 9, 10, 28, 7, 13, 14, 0, 16, 8, 18, 3, 20, 6, 12, 30, 24, 25, 26, 38, 11, 35, 23, 31, 32, 33, 34, 29, 36, 37, 27, 39]",1632.5,30.711029052734375
"[19, 1, 2, 15, 4, 5, 21, 22, 17, 9, 10, 28, 7, 13, 14, 0, 16, 8, 18, 3, 20, 6, 12, 30, 24, 25, 26, 38, 11, 35, 23, 31, 32, 33, 34, 29, 36, 37, 27, 39]",1632.5,"[19, 1, 2, 15, 4, 5, 21, 22, 17, 9, 10, 28, 7, 13, 14, 0, 16, 8, 18, 3, 20, 6, 12, 30, 24, 25, 26, 38, 11, 35, 23, 31, 32, 33, 34, 29, 36, 37, 27, 39]",1632.5,30.871033906936646
"[19, 1, 2, 15, 4, 5, 21, 22, 17, 9, 10, 28, 7, 13, 14, 0, 16, 8, 18, 3, 20, 6, 12, 30, 24, 25, 26, 38, 11, 35, 23, 31, 32, 33, 34, 29, 36, 37, 27, 39]",1632.5,"[19, 1, 2, 15, 4, 5, 21, 22, 17, 9, 10, 28, 7, 13, 14, 0, 16, 8, 18, 3, 20, 6, 12, 30, 24, 25, 26, 38, 11, 35, 23, 31, 32, 33, 34, 29, 36, 37, 27, 39]",1632.5,31.035035610198975
"[19, 1, 2, 15, 4, 5, 21, 22, 17, 9, 10, 28, 7, 13, 14, 0, 16, 8, 18, 3, 20, 6, 12, 30, 24, 25, 26, 38, 11, 35, 23, 31, 32, 33, 34, 29, 36, 37, 27, 39]",1632.5,"[19, 1, 2, 15, 4, 5, 21, 22, 17, 9, 10, 28, 7, 13, 14, 0, 16, 8, 18, 3, 20, 6, 12, 30, 24, 25, 26, 38, 11, 35, 23, 31, 32, 33, 34, 29, 36, 37, 27, 39]",1632.5,31.22903323173523
"[19, 1, 2, 15, 4, 5, 21, 22, 17, 9, 10, 28, 7, 13, 14, 0, 16, 8, 18, 3, 20, 6, 12, 30, 24, 25, 26, 38, 11, 35, 23, 31, 32, 33, 34, 29, 36, 37, 27, 39]",1632.5,"[19, 1, 2, 15, 4, 5, 21, 22, 17, 9, 10, 28, 7, 13, 14, 0, 16, 8, 18, 3, 20, 6, 12, 30, 24, 25, 26, 38, 11, 35, 23, 31, 32, 33, 34, 29, 36, 37, 27, 39]",1632.5,31.397035121917725
"[19, 1, 2, 15, 4, 5, 21, 22, 17, 9, 10, 28, 7, 13, 14, 0, 16, 8, 18, 3, 20, 6, 12, 30, 24, 25, 26, 38, 11, 35, 23, 31, 32, 33, 34, 29, 36, 37, 27, 39]",1632.5,"[19, 1, 2, 15, 4, 5, 21, 22, 17, 9, 10, 28, 7, 13, 14, 0, 16, 8, 18, 3, 20, 6, 12, 30, 24, 25, 26, 38, 11, 35, 23, 31, 32, 33, 34, 29, 36, 37, 27, 39]",1632.5,31.570041179656982
"[19, 1, 2, 15, 4, 5, 21, 22, 17, 9, 10, 28, 7, 13, 14, 0, 16, 8, 18, 3, 20, 6, 12, 30, 24, 25, 26, 38, 11, 35, 23, 31, 32, 33, 34, 29, 36, 37, 27, 39]",1632.5,"[19, 1, 2, 15, 4, 5, 21, 22, 17, 9, 10, 28, 7, 13, 14, 0, 16, 8, 18, 3, 20, 6, 12, 30, 24, 25, 26, 38, 11, 35, 23, 31, 32, 33, 34, 29, 36, 37, 27, 39]",1632.5,31.740036725997925
"[19, 1, 2, 15, 4, 5, 21, 22, 17, 9, 10, 28, 7, 13, 14, 0, 16, 8, 18, 3, 20, 6, 12, 30, 24, 25, 26, 38, 11, 35, 23, 31, 32, 33, 34, 29, 36, 37, 27, 39]",1632.5,"[19, 1, 2, 15, 4, 5, 21, 22, 17, 9, 10, 28, 7, 13, 14, 0, 16, 8, 18, 3, 20, 6, 12, 30, 24, 25, 26, 38, 11, 35, 23, 31, 32, 33, 34, 29, 36, 37, 27, 39]",1632.5,31.906041145324707
"[19, 1, 2, 15, 4, 5, 21, 22, 17, 9, 10, 28, 7, 13, 14, 0, 16, 8, 18, 3, 20, 6, 12, 30, 24, 25, 26, 38, 11, 35, 23, 31, 32, 33, 34, 29, 36, 37, 27, 39]",1632.5,"[19, 1, 2, 15, 4, 5, 21, 22, 17, 9, 10, 28, 7, 13, 14, 0, 16, 8, 18, 3, 20, 6, 12, 30, 24, 25, 26, 38, 11, 35, 23, 31, 32, 33, 34, 29, 36, 37, 27, 39]",1632.5,32.06804895401001
"[19, 1, 2, 15, 4, 5, 21, 22, 17, 9, 10, 28, 7, 13, 14, 0, 16, 8, 18, 3, 20, 6, 12, 30, 24, 25, 26, 38, 11, 35, 23, 31, 32, 33, 34, 29, 36, 37, 27, 39]",1632.5,"[19, 1, 2, 15, 4, 5, 21, 22, 17, 9, 10, 28, 7, 13, 14, 0, 16, 8, 18, 3, 20, 6, 12, 30, 24, 25, 26, 38, 11, 35, 23, 31, 32, 33, 34, 29, 36, 37, 27, 39]",1632.5,32.23204708099365
"[19, 1, 2, 15, 4, 5, 21, 22, 17, 9, 10, 28, 7, 13, 14, 0, 16, 8, 18, 3, 20, 6, 12, 30, 24, 25, 26, 38, 11, 35, 23, 31, 32, 33, 34, 29, 36, 37, 27, 39]",1632.5,"[19, 1, 2, 15, 4, 5, 21, 22, 17, 9, 10, 28, 7, 13, 14, 0, 16, 8, 18, 3, 20, 6, 12, 30, 24, 25, 26, 38, 11, 35, 23, 31, 32, 33, 34, 29, 36, 37, 27, 39]",1632.5,32.40505933761597
"[19, 1, 2, 15, 4, 5, 21, 22, 17, 9, 10, 28, 7, 13, 14, 0, 16, 8, 18, 3, 20, 6, 12, 30, 24, 25, 26, 38, 11, 35, 23, 31, 32, 33, 34, 29, 36, 37, 27, 39]",1632.5,"[19, 1, 2, 15, 4, 5, 21, 22, 17, 9, 10, 28, 7, 13, 14, 0, 16, 8, 18, 3, 20, 6, 12, 30, 24, 25, 26, 38, 11, 35, 23, 31, 32, 33, 34, 29, 36, 37, 27, 39]",1632.5,32.56605267524719
"[19, 1, 2, 15, 4, 5, 21, 22, 17, 9, 10, 28, 7, 13, 14, 0, 16, 8, 18, 3, 20, 6, 12, 30, 24, 25, 26, 38, 11, 35, 23, 31, 32, 33, 34, 29, 36, 37, 27, 39]",1632.5,"[19, 1, 2, 15, 4, 5, 21, 22, 17, 9, 10, 28, 7, 13, 14, 0, 16, 8, 18, 3, 20, 6, 12, 30, 24, 25, 26, 38, 11, 35, 23, 31, 32, 33, 34, 29, 36, 37, 27, 39]",1632.5,32.73205041885376
"[19, 1, 2, 15, 4, 5, 21, 22, 17, 9, 10, 28, 7, 13, 14, 0, 16, 8, 18, 3, 20, 6, 12, 30, 24, 25, 26, 38, 11, 35, 23, 31, 32, 33, 34, 29, 36, 37, 27, 39]",1632.5,"[19, 1, 2, 15, 4, 5, 21, 22, 17, 9, 10, 28, 7, 13, 14, 0, 16, 8, 18, 3, 20, 6, 12, 30, 24, 25, 26, 38, 11, 35, 23, 31, 32, 33, 34, 29, 36, 37, 27, 39]",1632.5,32.89608693122864
