Sequence,Fitness,Best_sequence,Best_fitness,Time
"[2, 31, 3, 21, 27, 29, 22, 39, 19, 26, 32, 17, 30, 36, 33, 28, 4, 14, 10, 35, 23, 24, 34, 20, 18, 25, 6, 13, 7, 38, 1, 16, 0, 15, 5, 11, 9, 8, 12, 37]",7774,"[2, 31, 3, 21, 27, 29, 22, 39, 19, 26, 32, 17, 30, 36, 33, 28, 4, 14, 10, 35, 23, 24, 34, 20, 18, 25, 6, 13, 7, 38, 1, 16, 0, 15, 5, 11, 9, 8, 12, 37]",7774,0.00021195411682128906
"[2, 31, 3, 21, 27, 29, 22, 39, 19, 26, 32, 17, 30, 36, 33, 28, 4, 14, 10, 35, 23, 24, 34, 20, 18, 25, 6, 13, 7, 38, 1, 16, 0, 15, 5, 11, 9, 8, 12, 37]",7774,"[2, 31, 3, 21, 27, 29, 22, 39, 19, 26, 32, 17, 30, 36, 33, 28, 4, 14, 10, 35, 23, 24, 34, 20, 18, 25, 6, 13, 7, 38, 1, 16, 0, 15, 5, 11, 9, 8, 12, 37]",7774,0.06740689277648926
"[2, 31, 3, 21, 27, 29, 22, 39, 19, 26, 32, 17, 30, 36, 33, 28, 4, 14, 10, 35, 23, 24, 34, 20, 18, 25, 6, 13, 7, 38, 1, 16, 0, 15, 5, 11, 9, 8, 12, 37]",7774,"[2, 31, 3, 21, 27, 29, 22, 39, 19, 26, 32, 17, 30, 36, 33, 28, 4, 14, 10, 35, 23, 24, 34, 20, 18, 25, 6, 13, 7, 38, 1, 16, 0, 15, 5, 11, 9, 8, 12, 37]",7774,0.1408710479736328
"[2, 31, 3, 21, 27, 29, 22, 39, 36, 26, 32, 17, 30, 19, 33, 28, 4, 14, 10, 35, 23, 24, 34, 20, 18, 25, 6, 13, 7, 38, 1, 16, 0, 15, 5, 11, 9, 8, 12, 37]",7767,"[2, 31, 3, 21, 27, 29, 22, 39, 36, 26, 32, 17, 30, 19, 33, 28, 4, 14, 10, 35, 23, 24, 34, 20, 18, 25, 6, 13, 7, 38, 1, 16, 0, 15, 5, 11, 9, 8, 12, 37]",7767,0.21064090728759766
"[2, 31, 3, 21, 27, 29, 22, 1, 36, 26, 32, 17, 30, 19, 33, 28, 4, 14, 10, 35, 23, 24, 34, 20, 18, 25, 6, 13, 7, 38, 39, 16, 0, 15, 5, 11, 9, 8, 12, 37]",7134,"[2, 31, 3, 21, 27, 29, 22, 1, 36, 26, 32, 17, 30, 19, 33, 28, 4, 14, 10, 35, 23, 24, 34, 20, 18, 25, 6, 13, 7, 38, 39, 16, 0, 15, 5, 11, 9, 8, 12, 37]",7134,0.2794828414916992
"[2, 31, 3, 22, 27, 29, 21, 1, 36, 26, 32, 17, 30, 19, 33, 28, 4, 14, 10, 35, 23, 24, 34, 20, 18, 25, 6, 13, 7, 38, 39, 16, 0, 15, 5, 11, 9, 8, 12, 37]",7109,"[2, 31, 3, 22, 27, 29, 21, 1, 36, 26, 32, 17, 30, 19, 33, 28, 4, 14, 10, 35, 23, 24, 34, 20, 18, 25, 6, 13, 7, 38, 39, 16, 0, 15, 5, 11, 9, 8, 12, 37]",7109,0.35425496101379395
"[2, 31, 3, 22, 27, 29, 21, 1, 36, 26, 32, 17, 30, 19, 33, 28, 4, 14, 10, 35, 23, 24, 34, 20, 18, 25, 6, 13, 7, 38, 39, 16, 0, 15, 5, 11, 9, 8, 12, 37]",7109,"[2, 31, 3, 22, 27, 29, 21, 1, 36, 26, 32, 17, 30, 19, 33, 28, 4, 14, 10, 35, 23, 24, 34, 20, 18, 25, 6, 13, 7, 38, 39, 16, 0, 15, 5, 11, 9, 8, 12, 37]",7109,0.42878293991088867
"[2, 31, 3, 22, 18, 29, 21, 1, 36, 26, 32, 17, 30, 19, 33, 28, 4, 14, 10, 35, 23, 24, 34, 20, 27, 25, 6, 13, 7, 38, 39, 16, 0, 15, 5, 11, 9, 8, 12, 37]",6942,"[2, 31, 3, 22, 18, 29, 21, 1, 36, 26, 32, 17, 30, 19, 33, 28, 4, 14, 10, 35, 23, 24, 34, 20, 27, 25, 6, 13, 7, 38, 39, 16, 0, 15, 5, 11, 9, 8, 12, 37]",6942,0.5075259208679199
"[2, 31, 3, 22, 18, 29, 21, 1, 36, 26, 32, 17, 6, 19, 33, 28, 4, 14, 10, 35, 23, 24, 34, 20, 27, 25, 30, 13, 7, 38, 39, 16, 0, 15, 5, 11, 9, 8, 12, 37]",6735,"[2, 31, 3, 22, 18, 29, 21, 1, 36, 26, 32, 17, 6, 19, 33, 28, 4, 14, 10, 35, 23, 24, 34, 20, 27, 25, 30, 13, 7, 38, 39, 16, 0, 15, 5, 11, 9, 8, 12, 37]",6735,0.5777280330657959
"[2, 31, 3, 22, 18, 29, 21, 1, 36, 26, 32, 17, 6, 19, 33, 28, 4, 14, 10, 35, 23, 24, 34, 20, 27, 25, 30, 13, 7, 38, 39, 16, 0, 15, 5, 11, 9, 8, 12, 37]",6735,"[2, 31, 3, 22, 18, 29, 21, 1, 36, 26, 32, 17, 6, 19, 33, 28, 4, 14, 10, 35, 23, 24, 34, 20, 27, 25, 30, 13, 7, 38, 39, 16, 0, 15, 5, 11, 9, 8, 12, 37]",6735,0.642611026763916
"[28, 31, 3, 22, 18, 29, 21, 1, 36, 26, 32, 17, 6, 19, 33, 2, 4, 14, 10, 35, 23, 24, 34, 20, 27, 25, 30, 13, 7, 38, 39, 16, 0, 15, 5, 11, 9, 8, 12, 37]",6713,"[28, 31, 3, 22, 18, 29, 21, 1, 36, 26, 32, 17, 6, 19, 33, 2, 4, 14, 10, 35, 23, 24, 34, 20, 27, 25, 30, 13, 7, 38, 39, 16, 0, 15, 5, 11, 9, 8, 12, 37]",6713,0.7079288959503174
"[28, 31, 3, 22, 18, 29, 21, 1, 36, 26, 32, 17, 6, 19, 33, 2, 4, 14, 10, 35, 23, 24, 34, 20, 27, 25, 30, 13, 7, 38, 39, 16, 0, 15, 5, 11, 9, 8, 12, 37]",6713,"[28, 31, 3, 22, 18, 29, 21, 1, 36, 26, 32, 17, 6, 19, 33, 2, 4, 14, 10, 35, 23, 24, 34, 20, 27, 25, 30, 13, 7, 38, 39, 16, 0, 15, 5, 11, 9, 8, 12, 37]",6713,0.7726399898529053
"[28, 31, 3, 22, 18, 29, 21, 1, 36, 26, 32, 17, 6, 19, 33, 2, 4, 14, 10, 35, 23, 24, 34, 5, 27, 25, 30, 13, 7, 38, 39, 16, 0, 15, 20, 11, 9, 8, 12, 37]",6421,"[28, 31, 3, 22, 18, 29, 21, 1, 36, 26, 32, 17, 6, 19, 33, 2, 4, 14, 10, 35, 23, 24, 34, 5, 27, 25, 30, 13, 7, 38, 39, 16, 0, 15, 20, 11, 9, 8, 12, 37]",6421,0.8538210391998291
"[28, 31, 3, 22, 18, 29, 21, 1, 36, 26, 32, 17, 6, 19, 33, 2, 4, 14, 10, 35, 23, 24, 34, 5, 27, 25, 30, 13, 7, 38, 39, 16, 0, 15, 20, 11, 9, 8, 12, 37]",6421,"[28, 31, 3, 22, 18, 29, 21, 1, 36, 26, 32, 17, 6, 19, 33, 2, 4, 14, 10, 35, 23, 24, 34, 5, 27, 25, 30, 13, 7, 38, 39, 16, 0, 15, 20, 11, 9, 8, 12, 37]",6421,0.9204518795013428
"[28, 31, 3, 22, 18, 29, 21, 1, 36, 26, 32, 17, 6, 19, 33, 2, 4, 14, 10, 35, 23, 24, 34, 5, 27, 25, 30, 13, 7, 38, 39, 16, 0, 15, 20, 11, 9, 8, 12, 37]",6421,"[28, 31, 3, 22, 18, 29, 21, 1, 36, 26, 32, 17, 6, 19, 33, 2, 4, 14, 10, 35, 23, 24, 34, 5, 27, 25, 30, 13, 7, 38, 39, 16, 0, 15, 20, 11, 9, 8, 12, 37]",6421,0.9845740795135498
"[28, 31, 3, 22, 18, 29, 21, 1, 36, 26, 32, 17, 6, 19, 33, 2, 4, 14, 10, 35, 23, 24, 34, 5, 27, 25, 30, 13, 7, 38, 39, 16, 0, 15, 20, 11, 9, 8, 12, 37]",6421,"[28, 31, 3, 22, 18, 29, 21, 1, 36, 26, 32, 17, 6, 19, 33, 2, 4, 14, 10, 35, 23, 24, 34, 5, 27, 25, 30, 13, 7, 38, 39, 16, 0, 15, 20, 11, 9, 8, 12, 37]",6421,1.0479650497436523
"[28, 31, 3, 22, 18, 29, 21, 1, 36, 26, 32, 17, 6, 19, 33, 2, 4, 14, 10, 35, 23, 24, 34, 5, 27, 25, 30, 13, 7, 38, 39, 16, 0, 15, 20, 11, 9, 8, 12, 37]",6421,"[28, 31, 3, 22, 18, 29, 21, 1, 36, 26, 32, 17, 6, 19, 33, 2, 4, 14, 10, 35, 23, 24, 34, 5, 27, 25, 30, 13, 7, 38, 39, 16, 0, 15, 20, 11, 9, 8, 12, 37]",6421,1.1137089729309082
"[28, 31, 3, 22, 18, 29, 21, 1, 36, 26, 32, 17, 6, 19, 33, 2, 4, 14, 10, 35, 23, 24, 34, 5, 27, 25, 30, 9, 7, 38, 39, 16, 0, 15, 20, 11, 13, 8, 12, 37]",6414,"[28, 31, 3, 22, 18, 29, 21, 1, 36, 26, 32, 17, 6, 19, 33, 2, 4, 14, 10, 35, 23, 24, 34, 5, 27, 25, 30, 9, 7, 38, 39, 16, 0, 15, 20, 11, 13, 8, 12, 37]",6414,1.178459882736206
"[28, 31, 3, 22, 18, 29, 21, 1, 36, 26, 32, 17, 6, 19, 33, 2, 4, 14, 10, 8, 23, 24, 34, 5, 27, 25, 30, 9, 7, 38, 39, 16, 0, 15, 20, 11, 13, 35, 12, 37]",6261,"[28, 31, 3, 22, 18, 29, 21, 1, 36, 26, 32, 17, 6, 19, 33, 2, 4, 14, 10, 8, 23, 24, 34, 5, 27, 25, 30, 9, 7, 38, 39, 16, 0, 15, 20, 11, 13, 35, 12, 37]",6261,1.2422218322753906
"[28, 31, 3, 22, 18, 29, 21, 1, 12, 26, 32, 17, 6, 19, 33, 2, 4, 14, 10, 8, 23, 24, 34, 5, 27, 25, 30, 9, 7, 38, 39, 16, 0, 15, 20, 11, 13, 35, 36, 37]",6122,"[28, 31, 3, 22, 18, 29, 21, 1, 12, 26, 32, 17, 6, 19, 33, 2, 4, 14, 10, 8, 23, 24, 34, 5, 27, 25, 30, 9, 7, 38, 39, 16, 0, 15, 20, 11, 13, 35, 36, 37]",6122,1.3069379329681396
"[28, 31, 3, 22, 18, 29, 21, 1, 12, 26, 32, 17, 6, 19, 33, 2, 4, 14, 10, 8, 23, 24, 34, 5, 27, 25, 30, 9, 7, 38, 39, 16, 0, 15, 20, 11, 13, 35, 36, 37]",6122,"[28, 31, 3, 22, 18, 29, 21, 1, 12, 26, 32, 17, 6, 19, 33, 2, 4, 14, 10, 8, 23, 24, 34, 5, 27, 25, 30, 9, 7, 38, 39, 16, 0, 15, 20, 11, 13, 35, 36, 37]",6122,1.3711249828338623
"[28, 31, 3, 22, 18, 29, 21, 1, 12, 26, 32, 17, 6, 19, 33, 2, 4, 14, 10, 8, 23, 24, 34, 5, 27, 25, 30, 9, 7, 38, 39, 16, 0, 15, 20, 11, 13, 35, 36, 37]",6122,"[28, 31, 3, 22, 18, 29, 21, 1, 12, 26, 32, 17, 6, 19, 33, 2, 4, 14, 10, 8, 23, 24, 34, 5, 27, 25, 30, 9, 7, 38, 39, 16, 0, 15, 20, 11, 13, 35, 36, 37]",6122,1.4344890117645264
"[28, 31, 3, 22, 18, 29, 21, 1, 12, 26, 32, 17, 6, 19, 33, 2, 4, 14, 10, 8, 23, 24, 34, 5, 27, 25, 30, 9, 7, 38, 39, 16, 0, 15, 20, 11, 13, 35, 36, 37]",6122,"[28, 31, 3, 22, 18, 29, 21, 1, 12, 26, 32, 17, 6, 19, 33, 2, 4, 14, 10, 8, 23, 24, 34, 5, 27, 25, 30, 9, 7, 38, 39, 16, 0, 15, 20, 11, 13, 35, 36, 37]",6122,1.4984338283538818
"[28, 31, 3, 22, 18, 29, 21, 1, 12, 26, 32, 17, 6, 19, 33, 2, 4, 14, 10, 8, 23, 24, 34, 5, 27, 25, 30, 9, 7, 38, 39, 16, 0, 15, 20, 11, 13, 35, 36, 37]",6122,"[28, 31, 3, 22, 18, 29, 21, 1, 12, 26, 32, 17, 6, 19, 33, 2, 4, 14, 10, 8, 23, 24, 34, 5, 27, 25, 30, 9, 7, 38, 39, 16, 0, 15, 20, 11, 13, 35, 36, 37]",6122,1.562865972518921
"[28, 31, 3, 22, 18, 29, 21, 1, 12, 26, 7, 17, 6, 19, 33, 2, 4, 14, 10, 8, 23, 24, 34, 5, 27, 25, 30, 9, 32, 38, 39, 16, 0, 15, 20, 11, 13, 35, 36, 37]",6102,"[28, 31, 3, 22, 18, 29, 21, 1, 12, 26, 7, 17, 6, 19, 33, 2, 4, 14, 10, 8, 23, 24, 34, 5, 27, 25, 30, 9, 32, 38, 39, 16, 0, 15, 20, 11, 13, 35, 36, 37]",6102,1.6268649101257324
"[28, 31, 3, 22, 18, 29, 21, 1, 12, 26, 7, 17, 6, 19, 33, 2, 4, 14, 10, 8, 23, 24, 34, 5, 0, 25, 30, 9, 32, 38, 39, 16, 27, 15, 20, 11, 13, 35, 36, 37]",5976,"[28, 31, 3, 22, 18, 29, 21, 1, 12, 26, 7, 17, 6, 19, 33, 2, 4, 14, 10, 8, 23, 24, 34, 5, 0, 25, 30, 9, 32, 38, 39, 16, 27, 15, 20, 11, 13, 35, 36, 37]",5976,1.690222978591919
"[28, 5, 3, 22, 18, 29, 21, 1, 12, 26, 7, 17, 6, 19, 33, 2, 4, 14, 10, 8, 23, 24, 34, 31, 0, 25, 30, 9, 32, 38, 39, 16, 27, 15, 20, 11, 13, 35, 36, 37]",5904,"[28, 5, 3, 22, 18, 29, 21, 1, 12, 26, 7, 17, 6, 19, 33, 2, 4, 14, 10, 8, 23, 24, 34, 31, 0, 25, 30, 9, 32, 38, 39, 16, 27, 15, 20, 11, 13, 35, 36, 37]",5904,1.7532298564910889
"[28, 5, 3, 19, 18, 29, 21, 1, 12, 26, 7, 17, 6, 22, 33, 2, 4, 14, 10, 8, 23, 24, 34, 31, 0, 25, 30, 9, 32, 38, 39, 16, 27, 15, 20, 11, 13, 35, 36, 37]",5856,"[28, 5, 3, 19, 18, 29, 21, 1, 12, 26, 7, 17, 6, 22, 33, 2, 4, 14, 10, 8, 23, 24, 34, 31, 0, 25, 30, 9, 32, 38, 39, 16, 27, 15, 20, 11, 13, 35, 36, 37]",5856,1.8198249340057373
"[28, 5, 3, 19, 18, 29, 21, 1, 12, 26, 7, 17, 6, 22, 33, 2, 4, 14, 10, 8, 23, 24, 34, 31, 0, 25, 30, 9, 32, 38, 39, 16, 27, 15, 20, 11, 13, 35, 36, 37]",5856,"[28, 5, 3, 19, 18, 29, 21, 1, 12, 26, 7, 17, 6, 22, 33, 2, 4, 14, 10, 8, 23, 24, 34, 31, 0, 25, 30, 9, 32, 38, 39, 16, 27, 15, 20, 11, 13, 35, 36, 37]",5856,1.8840489387512207
"[28, 5, 3, 19, 18, 29, 21, 1, 12, 26, 7, 17, 6, 22, 33, 2, 4, 14, 10, 8, 23, 24, 34, 31, 0, 25, 30, 9, 32, 38, 39, 16, 27, 15, 20, 11, 13, 35, 36, 37]",5856,"[28, 5, 3, 19, 18, 29, 21, 1, 12, 26, 7, 17, 6, 22, 33, 2, 4, 14, 10, 8, 23, 24, 34, 31, 0, 25, 30, 9, 32, 38, 39, 16, 27, 15, 20, 11, 13, 35, 36, 37]",5856,1.9483730792999268
"[28, 5, 3, 19, 18, 29, 21, 1, 12, 26, 7, 17, 6, 22, 33, 2, 4, 14, 10, 8, 23, 24, 34, 31, 0, 25, 30, 9, 32, 38, 39, 16, 27, 15, 20, 11, 13, 35, 36, 37]",5856,"[28, 5, 3, 19, 18, 29, 21, 1, 12, 26, 7, 17, 6, 22, 33, 2, 4, 14, 10, 8, 23, 24, 34, 31, 0, 25, 30, 9, 32, 38, 39, 16, 27, 15, 20, 11, 13, 35, 36, 37]",5856,2.012395143508911
"[28, 5, 3, 19, 18, 29, 21, 1, 12, 26, 7, 17, 6, 22, 33, 2, 4, 14, 10, 8, 23, 24, 34, 31, 0, 25, 30, 9, 32, 38, 39, 16, 27, 15, 20, 11, 13, 35, 36, 37]",5856,"[28, 5, 3, 19, 18, 29, 21, 1, 12, 26, 7, 17, 6, 22, 33, 2, 4, 14, 10, 8, 23, 24, 34, 31, 0, 25, 30, 9, 32, 38, 39, 16, 27, 15, 20, 11, 13, 35, 36, 37]",5856,2.0776400566101074
"[28, 5, 3, 19, 18, 29, 21, 1, 12, 26, 7, 17, 6, 22, 33, 2, 4, 14, 10, 8, 23, 24, 34, 31, 0, 25, 30, 9, 32, 38, 39, 16, 27, 15, 20, 11, 13, 35, 36, 37]",5856,"[28, 5, 3, 19, 18, 29, 21, 1, 12, 26, 7, 17, 6, 22, 33, 2, 4, 14, 10, 8, 23, 24, 34, 31, 0, 25, 30, 9, 32, 38, 39, 16, 27, 15, 20, 11, 13, 35, 36, 37]",5856,2.143893003463745
"[28, 5, 3, 19, 18, 29, 21, 1, 12, 26, 7, 17, 6, 22, 33, 2, 4, 14, 10, 8, 23, 24, 34, 31, 0, 25, 30, 9, 32, 38, 39, 16, 27, 15, 20, 11, 13, 35, 36, 37]",5856,"[28, 5, 3, 19, 18, 29, 21, 1, 12, 26, 7, 17, 6, 22, 33, 2, 4, 14, 10, 8, 23, 24, 34, 31, 0, 25, 30, 9, 32, 38, 39, 16, 27, 15, 20, 11, 13, 35, 36, 37]",5856,2.2083170413970947
"[28, 5, 3, 19, 18, 29, 21, 1, 12, 26, 7, 17, 6, 22, 33, 2, 4, 14, 10, 8, 23, 24, 34, 31, 0, 25, 30, 9, 32, 38, 39, 16, 27, 15, 20, 11, 13, 35, 36, 37]",5856,"[28, 5, 3, 19, 18, 29, 21, 1, 12, 26, 7, 17, 6, 22, 33, 2, 4, 14, 10, 8, 23, 24, 34, 31, 0, 25, 30, 9, 32, 38, 39, 16, 27, 15, 20, 11, 13, 35, 36, 37]",5856,2.2730891704559326
"[28, 5, 3, 19, 18, 29, 21, 1, 12, 26, 7, 17, 6, 22, 33, 2, 4, 14, 10, 8, 23, 24, 34, 31, 0, 25, 30, 9, 32, 38, 39, 16, 27, 15, 20, 11, 13, 35, 36, 37]",5856,"[28, 5, 3, 19, 18, 29, 21, 1, 12, 26, 7, 17, 6, 22, 33, 2, 4, 14, 10, 8, 23, 24, 34, 31, 0, 25, 30, 9, 32, 38, 39, 16, 27, 15, 20, 11, 13, 35, 36, 37]",5856,2.3380351066589355
"[28, 5, 3, 19, 18, 29, 21, 1, 12, 26, 7, 17, 6, 22, 33, 2, 4, 14, 10, 8, 23, 24, 34, 31, 0, 25, 30, 9, 32, 38, 39, 16, 27, 15, 20, 11, 13, 35, 36, 37]",5856,"[28, 5, 3, 19, 18, 29, 21, 1, 12, 26, 7, 17, 6, 22, 33, 2, 4, 14, 10, 8, 23, 24, 34, 31, 0, 25, 30, 9, 32, 38, 39, 16, 27, 15, 20, 11, 13, 35, 36, 37]",5856,2.401068925857544
"[28, 5, 3, 19, 18, 29, 21, 1, 12, 26, 7, 17, 6, 22, 33, 2, 4, 14, 10, 8, 23, 24, 34, 31, 0, 25, 30, 9, 32, 38, 39, 16, 27, 15, 20, 11, 13, 35, 36, 37]",5856,"[28, 5, 3, 19, 18, 29, 21, 1, 12, 26, 7, 17, 6, 22, 33, 2, 4, 14, 10, 8, 23, 24, 34, 31, 0, 25, 30, 9, 32, 38, 39, 16, 27, 15, 20, 11, 13, 35, 36, 37]",5856,2.4654688835144043
"[28, 5, 3, 19, 18, 29, 21, 1, 12, 26, 7, 17, 6, 22, 33, 2, 4, 14, 10, 8, 23, 24, 34, 31, 0, 25, 30, 9, 32, 38, 39, 16, 27, 15, 20, 11, 13, 35, 36, 37]",5856,"[28, 5, 3, 19, 18, 29, 21, 1, 12, 26, 7, 17, 6, 22, 33, 2, 4, 14, 10, 8, 23, 24, 34, 31, 0, 25, 30, 9, 32, 38, 39, 16, 27, 15, 20, 11, 13, 35, 36, 37]",5856,2.52970814704895
"[28, 5, 3, 19, 18, 29, 21, 1, 12, 26, 7, 17, 6, 27, 33, 2, 4, 14, 10, 8, 23, 24, 34, 31, 0, 25, 30, 9, 32, 38, 39, 16, 22, 15, 20, 11, 13, 35, 36, 37]",5850,"[28, 5, 3, 19, 18, 29, 21, 1, 12, 26, 7, 17, 6, 27, 33, 2, 4, 14, 10, 8, 23, 24, 34, 31, 0, 25, 30, 9, 32, 38, 39, 16, 22, 15, 20, 11, 13, 35, 36, 37]",5850,2.5932629108428955
"[28, 5, 3, 19, 18, 29, 21, 1, 12, 26, 7, 17, 6, 27, 33, 2, 4, 14, 10, 8, 23, 24, 34, 31, 0, 25, 30, 9, 32, 38, 39, 16, 22, 15, 20, 11, 13, 35, 36, 37]",5850,"[28, 5, 3, 19, 18, 29, 21, 1, 12, 26, 7, 17, 6, 27, 33, 2, 4, 14, 10, 8, 23, 24, 34, 31, 0, 25, 30, 9, 32, 38, 39, 16, 22, 15, 20, 11, 13, 35, 36, 37]",5850,2.6556711196899414
"[28, 5, 3, 19, 18, 29, 21, 1, 12, 26, 7, 17, 6, 27, 33, 2, 4, 14, 10, 8, 23, 24, 34, 31, 0, 25, 30, 9, 32, 38, 39, 16, 22, 15, 20, 11, 13, 35, 36, 37]",5850,"[28, 5, 3, 19, 18, 29, 21, 1, 12, 26, 7, 17, 6, 27, 33, 2, 4, 14, 10, 8, 23, 24, 34, 31, 0, 25, 30, 9, 32, 38, 39, 16, 22, 15, 20, 11, 13, 35, 36, 37]",5850,2.7184767723083496
"[28, 5, 3, 19, 18, 29, 21, 1, 12, 26, 7, 17, 6, 27, 33, 2, 4, 14, 10, 8, 23, 24, 34, 31, 0, 25, 30, 9, 32, 38, 39, 16, 22, 15, 20, 11, 13, 35, 36, 37]",5850,"[28, 5, 3, 19, 18, 29, 21, 1, 12, 26, 7, 17, 6, 27, 33, 2, 4, 14, 10, 8, 23, 24, 34, 31, 0, 25, 30, 9, 32, 38, 39, 16, 22, 15, 20, 11, 13, 35, 36, 37]",5850,2.7819840908050537
"[28, 5, 3, 19, 18, 29, 21, 1, 12, 26, 7, 17, 6, 27, 33, 2, 4, 14, 10, 8, 23, 24, 34, 31, 0, 25, 30, 9, 32, 38, 39, 16, 22, 15, 20, 11, 13, 35, 36, 37]",5850,"[28, 5, 3, 19, 18, 29, 21, 1, 12, 26, 7, 17, 6, 27, 33, 2, 4, 14, 10, 8, 23, 24, 34, 31, 0, 25, 30, 9, 32, 38, 39, 16, 22, 15, 20, 11, 13, 35, 36, 37]",5850,2.8439419269561768
"[28, 5, 3, 19, 18, 29, 21, 1, 12, 26, 7, 17, 6, 27, 33, 2, 4, 14, 10, 8, 23, 24, 34, 31, 0, 25, 30, 9, 32, 38, 39, 16, 22, 15, 20, 11, 13, 35, 36, 37]",5850,"[28, 5, 3, 19, 18, 29, 21, 1, 12, 26, 7, 17, 6, 27, 33, 2, 4, 14, 10, 8, 23, 24, 34, 31, 0, 25, 30, 9, 32, 38, 39, 16, 22, 15, 20, 11, 13, 35, 36, 37]",5850,2.9061100482940674
"[28, 5, 3, 19, 18, 29, 21, 1, 12, 26, 7, 17, 6, 27, 33, 2, 4, 14, 10, 8, 23, 24, 34, 31, 0, 25, 30, 9, 32, 38, 39, 16, 22, 15, 20, 11, 13, 35, 36, 37]",5850,"[28, 5, 3, 19, 18, 29, 21, 1, 12, 26, 7, 17, 6, 27, 33, 2, 4, 14, 10, 8, 23, 24, 34, 31, 0, 25, 30, 9, 32, 38, 39, 16, 22, 15, 20, 11, 13, 35, 36, 37]",5850,2.9676010608673096
"[28, 5, 3, 19, 18, 29, 21, 1, 12, 26, 7, 17, 6, 27, 33, 2, 4, 14, 10, 8, 23, 24, 34, 31, 0, 25, 30, 9, 32, 38, 39, 16, 22, 15, 20, 11, 13, 35, 36, 37]",5850,"[28, 5, 3, 19, 18, 29, 21, 1, 12, 26, 7, 17, 6, 27, 33, 2, 4, 14, 10, 8, 23, 24, 34, 31, 0, 25, 30, 9, 32, 38, 39, 16, 22, 15, 20, 11, 13, 35, 36, 37]",5850,3.031222105026245
"[28, 5, 15, 19, 18, 29, 21, 1, 12, 26, 7, 17, 6, 27, 33, 2, 4, 14, 10, 8, 23, 24, 34, 31, 0, 25, 30, 9, 32, 38, 39, 16, 22, 3, 20, 11, 13, 35, 36, 37]",5836,"[28, 5, 15, 19, 18, 29, 21, 1, 12, 26, 7, 17, 6, 27, 33, 2, 4, 14, 10, 8, 23, 24, 34, 31, 0, 25, 30, 9, 32, 38, 39, 16, 22, 3, 20, 11, 13, 35, 36, 37]",5836,3.0944788455963135
"[28, 5, 15, 19, 18, 29, 21, 1, 12, 26, 7, 17, 6, 27, 33, 2, 4, 14, 10, 8, 23, 24, 34, 31, 0, 25, 30, 9, 37, 38, 39, 16, 22, 3, 20, 11, 13, 35, 36, 32]",5534,"[28, 5, 15, 19, 18, 29, 21, 1, 12, 26, 7, 17, 6, 27, 33, 2, 4, 14, 10, 8, 23, 24, 34, 31, 0, 25, 30, 9, 37, 38, 39, 16, 22, 3, 20, 11, 13, 35, 36, 32]",5534,3.1571128368377686
"[28, 5, 15, 19, 18, 29, 21, 1, 12, 26, 7, 17, 6, 27, 33, 2, 4, 14, 10, 8, 23, 24, 34, 31, 0, 25, 30, 9, 37, 38, 39, 16, 22, 3, 20, 11, 13, 35, 36, 32]",5534,"[28, 5, 15, 19, 18, 29, 21, 1, 12, 26, 7, 17, 6, 27, 33, 2, 4, 14, 10, 8, 23, 24, 34, 31, 0, 25, 30, 9, 37, 38, 39, 16, 22, 3, 20, 11, 13, 35, 36, 32]",5534,3.2222201824188232
"[28, 5, 15, 19, 18, 29, 21, 1, 12, 26, 7, 17, 6, 27, 33, 2, 4, 14, 10, 8, 23, 24, 34, 31, 0, 25, 30, 9, 37, 38, 39, 16, 22, 3, 20, 11, 13, 35, 36, 32]",5534,"[28, 5, 15, 19, 18, 29, 21, 1, 12, 26, 7, 17, 6, 27, 33, 2, 4, 14, 10, 8, 23, 24, 34, 31, 0, 25, 30, 9, 37, 38, 39, 16, 22, 3, 20, 11, 13, 35, 36, 32]",5534,3.286350965499878
"[28, 5, 15, 19, 18, 29, 21, 1, 12, 26, 7, 17, 6, 27, 33, 2, 4, 14, 10, 8, 23, 24, 34, 31, 0, 25, 30, 9, 37, 38, 39, 16, 22, 3, 20, 11, 13, 35, 36, 32]",5534,"[28, 5, 15, 19, 18, 29, 21, 1, 12, 26, 7, 17, 6, 27, 33, 2, 4, 14, 10, 8, 23, 24, 34, 31, 0, 25, 30, 9, 37, 38, 39, 16, 22, 3, 20, 11, 13, 35, 36, 32]",5534,3.3488500118255615
"[28, 5, 1, 19, 18, 29, 21, 15, 12, 26, 7, 17, 6, 27, 33, 2, 4, 14, 10, 8, 23, 24, 34, 31, 0, 25, 30, 9, 37, 38, 39, 16, 22, 3, 20, 11, 13, 35, 36, 32]",5424,"[28, 5, 1, 19, 18, 29, 21, 15, 12, 26, 7, 17, 6, 27, 33, 2, 4, 14, 10, 8, 23, 24, 34, 31, 0, 25, 30, 9, 37, 38, 39, 16, 22, 3, 20, 11, 13, 35, 36, 32]",5424,3.4108099937438965
"[28, 5, 1, 19, 18, 29, 21, 15, 12, 26, 7, 17, 6, 27, 33, 2, 4, 14, 10, 8, 23, 24, 34, 31, 0, 25, 30, 9, 37, 38, 39, 16, 22, 3, 20, 11, 13, 35, 36, 32]",5424,"[28, 5, 1, 19, 18, 29, 21, 15, 12, 26, 7, 17, 6, 27, 33, 2, 4, 14, 10, 8, 23, 24, 34, 31, 0, 25, 30, 9, 37, 38, 39, 16, 22, 3, 20, 11, 13, 35, 36, 32]",5424,3.4748177528381348
"[28, 5, 1, 19, 18, 29, 21, 15, 12, 26, 7, 17, 6, 27, 33, 2, 4, 14, 10, 8, 23, 24, 34, 31, 0, 25, 30, 9, 37, 38, 39, 16, 22, 3, 20, 11, 13, 35, 36, 32]",5424,"[28, 5, 1, 19, 18, 29, 21, 15, 12, 26, 7, 17, 6, 27, 33, 2, 4, 14, 10, 8, 23, 24, 34, 31, 0, 25, 30, 9, 37, 38, 39, 16, 22, 3, 20, 11, 13, 35, 36, 32]",5424,3.5373101234436035
"[28, 5, 1, 19, 18, 29, 21, 15, 12, 26, 7, 17, 6, 27, 33, 2, 4, 14, 10, 8, 23, 24, 34, 31, 0, 25, 30, 9, 37, 38, 39, 16, 22, 3, 20, 11, 13, 35, 36, 32]",5424,"[28, 5, 1, 19, 18, 29, 21, 15, 12, 26, 7, 17, 6, 27, 33, 2, 4, 14, 10, 8, 23, 24, 34, 31, 0, 25, 30, 9, 37, 38, 39, 16, 22, 3, 20, 11, 13, 35, 36, 32]",5424,3.5989131927490234
"[28, 5, 1, 19, 18, 29, 21, 15, 12, 26, 7, 17, 6, 35, 33, 2, 4, 14, 10, 8, 23, 24, 34, 31, 0, 25, 30, 9, 37, 38, 39, 16, 22, 3, 20, 11, 13, 27, 36, 32]",5234,"[28, 5, 1, 19, 18, 29, 21, 15, 12, 26, 7, 17, 6, 35, 33, 2, 4, 14, 10, 8, 23, 24, 34, 31, 0, 25, 30, 9, 37, 38, 39, 16, 22, 3, 20, 11, 13, 27, 36, 32]",5234,3.661513090133667
"[28, 5, 1, 19, 18, 29, 21, 15, 12, 26, 7, 17, 6, 35, 33, 2, 4, 14, 10, 8, 3, 24, 34, 31, 0, 25, 30, 9, 37, 38, 39, 16, 22, 23, 20, 11, 13, 27, 36, 32]",5231,"[28, 5, 1, 19, 18, 29, 21, 15, 12, 26, 7, 17, 6, 35, 33, 2, 4, 14, 10, 8, 3, 24, 34, 31, 0, 25, 30, 9, 37, 38, 39, 16, 22, 23, 20, 11, 13, 27, 36, 32]",5231,3.7247090339660645
"[28, 5, 1, 19, 18, 29, 21, 15, 12, 26, 7, 17, 6, 35, 33, 2, 4, 14, 10, 8, 3, 24, 34, 31, 0, 25, 30, 9, 37, 38, 39, 16, 22, 23, 20, 11, 13, 27, 36, 32]",5231,"[28, 5, 1, 19, 18, 29, 21, 15, 12, 26, 7, 17, 6, 35, 33, 2, 4, 14, 10, 8, 3, 24, 34, 31, 0, 25, 30, 9, 37, 38, 39, 16, 22, 23, 20, 11, 13, 27, 36, 32]",5231,3.7882320880889893
"[28, 5, 1, 19, 18, 29, 21, 15, 12, 26, 7, 17, 6, 35, 33, 2, 4, 14, 10, 8, 3, 24, 34, 31, 0, 25, 30, 9, 37, 38, 39, 16, 22, 23, 20, 11, 13, 27, 36, 32]",5231,"[28, 5, 1, 19, 18, 29, 21, 15, 12, 26, 7, 17, 6, 35, 33, 2, 4, 14, 10, 8, 3, 24, 34, 31, 0, 25, 30, 9, 37, 38, 39, 16, 22, 23, 20, 11, 13, 27, 36, 32]",5231,3.851499080657959
"[28, 5, 1, 19, 18, 29, 21, 15, 12, 26, 7, 17, 6, 35, 33, 2, 4, 14, 10, 8, 3, 24, 34, 31, 0, 25, 30, 9, 37, 38, 39, 16, 32, 23, 20, 11, 13, 27, 36, 22]",5109,"[28, 5, 1, 19, 18, 29, 21, 15, 12, 26, 7, 17, 6, 35, 33, 2, 4, 14, 10, 8, 3, 24, 34, 31, 0, 25, 30, 9, 37, 38, 39, 16, 32, 23, 20, 11, 13, 27, 36, 22]",5109,3.915904998779297
"[28, 5, 1, 19, 18, 29, 21, 15, 12, 26, 7, 17, 6, 35, 33, 2, 4, 14, 10, 8, 3, 24, 34, 31, 0, 25, 30, 9, 37, 38, 39, 16, 32, 23, 20, 11, 13, 27, 36, 22]",5109,"[28, 5, 1, 19, 18, 29, 21, 15, 12, 26, 7, 17, 6, 35, 33, 2, 4, 14, 10, 8, 3, 24, 34, 31, 0, 25, 30, 9, 37, 38, 39, 16, 32, 23, 20, 11, 13, 27, 36, 22]",5109,3.9788219928741455
"[28, 5, 1, 19, 18, 29, 21, 15, 12, 26, 7, 17, 6, 35, 33, 2, 4, 14, 10, 8, 3, 24, 34, 31, 0, 25, 30, 9, 37, 38, 39, 16, 32, 23, 20, 11, 13, 27, 36, 22]",5109,"[28, 5, 1, 19, 18, 29, 21, 15, 12, 26, 7, 17, 6, 35, 33, 2, 4, 14, 10, 8, 3, 24, 34, 31, 0, 25, 30, 9, 37, 38, 39, 16, 32, 23, 20, 11, 13, 27, 36, 22]",5109,4.042623996734619
"[28, 5, 1, 19, 18, 29, 21, 15, 12, 26, 7, 17, 6, 35, 33, 2, 4, 14, 10, 8, 3, 24, 34, 31, 0, 25, 30, 9, 37, 38, 39, 16, 32, 23, 20, 11, 13, 27, 36, 22]",5109,"[28, 5, 1, 19, 18, 29, 21, 15, 12, 26, 7, 17, 6, 35, 33, 2, 4, 14, 10, 8, 3, 24, 34, 31, 0, 25, 30, 9, 37, 38, 39, 16, 32, 23, 20, 11, 13, 27, 36, 22]",5109,4.105303049087524
"[28, 5, 1, 19, 18, 29, 21, 15, 12, 26, 7, 17, 6, 35, 33, 2, 4, 14, 10, 8, 3, 24, 34, 31, 0, 25, 30, 9, 37, 38, 39, 16, 32, 23, 20, 11, 13, 27, 36, 22]",5109,"[28, 5, 1, 19, 18, 29, 21, 15, 12, 26, 7, 17, 6, 35, 33, 2, 4, 14, 10, 8, 3, 24, 34, 31, 0, 25, 30, 9, 37, 38, 39, 16, 32, 23, 20, 11, 13, 27, 36, 22]",5109,4.168152809143066
"[28, 5, 1, 19, 18, 29, 21, 15, 12, 0, 7, 17, 6, 35, 33, 2, 4, 14, 10, 8, 3, 24, 34, 31, 26, 25, 30, 9, 37, 38, 39, 16, 32, 23, 20, 11, 13, 27, 36, 22]",5091,"[28, 5, 1, 19, 18, 29, 21, 15, 12, 0, 7, 17, 6, 35, 33, 2, 4, 14, 10, 8, 3, 24, 34, 31, 26, 25, 30, 9, 37, 38, 39, 16, 32, 23, 20, 11, 13, 27, 36, 22]",5091,4.231416940689087
"[28, 5, 1, 19, 18, 29, 21, 15, 12, 0, 7, 17, 6, 35, 33, 2, 4, 14, 10, 8, 3, 24, 34, 31, 26, 25, 30, 9, 37, 38, 39, 16, 32, 23, 20, 11, 13, 27, 36, 22]",5091,"[28, 5, 1, 19, 18, 29, 21, 15, 12, 0, 7, 17, 6, 35, 33, 2, 4, 14, 10, 8, 3, 24, 34, 31, 26, 25, 30, 9, 37, 38, 39, 16, 32, 23, 20, 11, 13, 27, 36, 22]",5091,4.2952721118927
"[28, 5, 1, 19, 18, 13, 21, 15, 12, 0, 7, 17, 6, 35, 33, 2, 4, 14, 10, 8, 3, 24, 34, 31, 26, 25, 30, 9, 37, 38, 39, 16, 32, 23, 20, 11, 29, 27, 36, 22]",4840,"[28, 5, 1, 19, 18, 13, 21, 15, 12, 0, 7, 17, 6, 35, 33, 2, 4, 14, 10, 8, 3, 24, 34, 31, 26, 25, 30, 9, 37, 38, 39, 16, 32, 23, 20, 11, 29, 27, 36, 22]",4840,4.359807014465332
"[28, 5, 1, 19, 18, 13, 21, 15, 12, 0, 7, 17, 6, 35, 33, 2, 4, 14, 10, 8, 3, 24, 34, 31, 26, 25, 30, 9, 37, 38, 39, 16, 32, 23, 20, 11, 29, 27, 36, 22]",4840,"[28, 5, 1, 19, 18, 13, 21, 15, 12, 0, 7, 17, 6, 35, 33, 2, 4, 14, 10, 8, 3, 24, 34, 31, 26, 25, 30, 9, 37, 38, 39, 16, 32, 23, 20, 11, 29, 27, 36, 22]",4840,4.42270302772522
"[28, 5, 1, 19, 18, 13, 21, 15, 12, 0, 7, 17, 6, 9, 33, 2, 4, 14, 10, 8, 3, 24, 34, 31, 26, 25, 30, 35, 37, 38, 39, 16, 32, 23, 20, 11, 29, 27, 36, 22]",4821,"[28, 5, 1, 19, 18, 13, 21, 15, 12, 0, 7, 17, 6, 9, 33, 2, 4, 14, 10, 8, 3, 24, 34, 31, 26, 25, 30, 35, 37, 38, 39, 16, 32, 23, 20, 11, 29, 27, 36, 22]",4821,4.484823226928711
"[28, 5, 1, 19, 18, 13, 21, 15, 12, 0, 7, 17, 6, 9, 33, 2, 4, 14, 10, 8, 3, 24, 34, 31, 26, 25, 30, 35, 37, 38, 39, 16, 32, 23, 20, 11, 29, 27, 36, 22]",4821,"[28, 5, 1, 19, 18, 13, 21, 15, 12, 0, 7, 17, 6, 9, 33, 2, 4, 14, 10, 8, 3, 24, 34, 31, 26, 25, 30, 35, 37, 38, 39, 16, 32, 23, 20, 11, 29, 27, 36, 22]",4821,4.547244071960449
"[28, 5, 1, 19, 18, 13, 21, 15, 12, 0, 7, 17, 6, 9, 33, 2, 4, 14, 10, 8, 3, 24, 34, 31, 26, 25, 30, 35, 37, 38, 39, 16, 32, 23, 20, 11, 29, 27, 36, 22]",4821,"[28, 5, 1, 19, 18, 13, 21, 15, 12, 0, 7, 17, 6, 9, 33, 2, 4, 14, 10, 8, 3, 24, 34, 31, 26, 25, 30, 35, 37, 38, 39, 16, 32, 23, 20, 11, 29, 27, 36, 22]",4821,4.614935874938965
"[28, 5, 1, 19, 18, 13, 21, 15, 12, 0, 7, 17, 6, 9, 33, 2, 4, 14, 10, 8, 3, 24, 34, 31, 26, 25, 30, 35, 37, 38, 39, 16, 32, 23, 20, 11, 29, 27, 36, 22]",4821,"[28, 5, 1, 19, 18, 13, 21, 15, 12, 0, 7, 17, 6, 9, 33, 2, 4, 14, 10, 8, 3, 24, 34, 31, 26, 25, 30, 35, 37, 38, 39, 16, 32, 23, 20, 11, 29, 27, 36, 22]",4821,4.680866003036499
"[28, 5, 1, 19, 18, 13, 21, 15, 12, 0, 7, 17, 6, 9, 33, 2, 4, 14, 10, 8, 3, 24, 34, 31, 26, 25, 30, 35, 37, 38, 39, 16, 32, 23, 20, 11, 29, 27, 36, 22]",4821,"[28, 5, 1, 19, 18, 13, 21, 15, 12, 0, 7, 17, 6, 9, 33, 2, 4, 14, 10, 8, 3, 24, 34, 31, 26, 25, 30, 35, 37, 38, 39, 16, 32, 23, 20, 11, 29, 27, 36, 22]",4821,4.749074935913086
"[38, 5, 1, 19, 18, 13, 21, 15, 12, 0, 7, 17, 6, 9, 33, 2, 4, 14, 10, 8, 3, 24, 34, 31, 26, 25, 30, 35, 37, 28, 39, 16, 32, 23, 20, 11, 29, 27, 36, 22]",4816,"[38, 5, 1, 19, 18, 13, 21, 15, 12, 0, 7, 17, 6, 9, 33, 2, 4, 14, 10, 8, 3, 24, 34, 31, 26, 25, 30, 35, 37, 28, 39, 16, 32, 23, 20, 11, 29, 27, 36, 22]",4816,4.818135976791382
"[38, 5, 1, 19, 18, 13, 21, 15, 12, 0, 7, 11, 6, 9, 33, 2, 4, 14, 10, 8, 3, 24, 34, 31, 26, 25, 30, 35, 37, 28, 39, 16, 32, 23, 20, 17, 29, 27, 36, 22]",4737,"[38, 5, 1, 19, 18, 13, 21, 15, 12, 0, 7, 11, 6, 9, 33, 2, 4, 14, 10, 8, 3, 24, 34, 31, 26, 25, 30, 35, 37, 28, 39, 16, 32, 23, 20, 17, 29, 27, 36, 22]",4737,4.884823799133301
"[38, 5, 1, 19, 18, 13, 21, 15, 12, 0, 7, 11, 6, 9, 33, 2, 4, 14, 10, 8, 3, 24, 34, 31, 26, 25, 30, 35, 37, 23, 39, 16, 32, 28, 20, 17, 29, 27, 36, 22]",4697,"[38, 5, 1, 19, 18, 13, 21, 15, 12, 0, 7, 11, 6, 9, 33, 2, 4, 14, 10, 8, 3, 24, 34, 31, 26, 25, 30, 35, 37, 23, 39, 16, 32, 28, 20, 17, 29, 27, 36, 22]",4697,4.952677965164185
"[38, 5, 1, 19, 18, 13, 21, 15, 12, 0, 7, 11, 6, 9, 33, 2, 4, 14, 10, 8, 3, 24, 34, 31, 26, 25, 30, 35, 37, 23, 39, 16, 32, 28, 20, 17, 29, 27, 36, 22]",4697,"[38, 5, 1, 19, 18, 13, 21, 15, 12, 0, 7, 11, 6, 9, 33, 2, 4, 14, 10, 8, 3, 24, 34, 31, 26, 25, 30, 35, 37, 23, 39, 16, 32, 28, 20, 17, 29, 27, 36, 22]",4697,5.021346092224121
"[38, 5, 1, 19, 18, 13, 21, 15, 12, 0, 7, 11, 6, 9, 33, 2, 4, 14, 10, 8, 3, 24, 34, 31, 26, 25, 30, 35, 37, 23, 39, 16, 32, 28, 20, 17, 29, 27, 36, 22]",4697,"[38, 5, 1, 19, 18, 13, 21, 15, 12, 0, 7, 11, 6, 9, 33, 2, 4, 14, 10, 8, 3, 24, 34, 31, 26, 25, 30, 35, 37, 23, 39, 16, 32, 28, 20, 17, 29, 27, 36, 22]",4697,5.0856239795684814
"[38, 5, 1, 19, 18, 13, 21, 15, 12, 0, 7, 11, 6, 9, 33, 2, 4, 14, 10, 8, 3, 24, 34, 31, 26, 25, 30, 35, 37, 23, 39, 16, 32, 28, 20, 17, 29, 27, 36, 22]",4697,"[38, 5, 1, 19, 18, 13, 21, 15, 12, 0, 7, 11, 6, 9, 33, 2, 4, 14, 10, 8, 3, 24, 34, 31, 26, 25, 30, 35, 37, 23, 39, 16, 32, 28, 20, 17, 29, 27, 36, 22]",4697,5.150701999664307
"[38, 5, 1, 19, 18, 13, 21, 15, 12, 0, 7, 11, 6, 9, 33, 2, 4, 14, 10, 8, 3, 24, 34, 31, 26, 25, 30, 35, 16, 23, 39, 37, 32, 28, 20, 17, 29, 27, 36, 22]",4661,"[38, 5, 1, 19, 18, 13, 21, 15, 12, 0, 7, 11, 6, 9, 33, 2, 4, 14, 10, 8, 3, 24, 34, 31, 26, 25, 30, 35, 16, 23, 39, 37, 32, 28, 20, 17, 29, 27, 36, 22]",4661,5.233805894851685
"[38, 5, 1, 19, 18, 13, 21, 15, 12, 0, 7, 11, 6, 9, 33, 2, 4, 14, 10, 8, 3, 24, 34, 31, 26, 25, 30, 35, 16, 23, 39, 37, 32, 28, 20, 17, 29, 27, 36, 22]",4661,"[38, 5, 1, 19, 18, 13, 21, 15, 12, 0, 7, 11, 6, 9, 33, 2, 4, 14, 10, 8, 3, 24, 34, 31, 26, 25, 30, 35, 16, 23, 39, 37, 32, 28, 20, 17, 29, 27, 36, 22]",4661,5.298013925552368
"[38, 5, 1, 19, 18, 13, 21, 15, 17, 0, 7, 11, 6, 9, 33, 2, 4, 14, 10, 8, 3, 24, 34, 31, 26, 25, 30, 35, 16, 23, 39, 37, 32, 28, 20, 12, 29, 27, 36, 22]",4647,"[38, 5, 1, 19, 18, 13, 21, 15, 17, 0, 7, 11, 6, 9, 33, 2, 4, 14, 10, 8, 3, 24, 34, 31, 26, 25, 30, 35, 16, 23, 39, 37, 32, 28, 20, 12, 29, 27, 36, 22]",4647,5.362685918807983
"[38, 5, 1, 19, 18, 13, 21, 15, 17, 0, 7, 11, 6, 9, 33, 2, 4, 14, 10, 8, 3, 24, 34, 31, 26, 25, 30, 35, 16, 23, 39, 37, 32, 28, 20, 12, 29, 27, 36, 22]",4647,"[38, 5, 1, 19, 18, 13, 21, 15, 17, 0, 7, 11, 6, 9, 33, 2, 4, 14, 10, 8, 3, 24, 34, 31, 26, 25, 30, 35, 16, 23, 39, 37, 32, 28, 20, 12, 29, 27, 36, 22]",4647,5.427093982696533
"[38, 5, 1, 19, 18, 13, 21, 15, 17, 0, 7, 11, 6, 3, 33, 2, 4, 14, 10, 8, 9, 24, 34, 31, 26, 25, 30, 35, 16, 23, 39, 37, 32, 28, 20, 12, 29, 27, 36, 22]",4564,"[38, 5, 1, 19, 18, 13, 21, 15, 17, 0, 7, 11, 6, 3, 33, 2, 4, 14, 10, 8, 9, 24, 34, 31, 26, 25, 30, 35, 16, 23, 39, 37, 32, 28, 20, 12, 29, 27, 36, 22]",4564,5.491219997406006
"[2, 5, 1, 19, 18, 13, 21, 15, 17, 0, 7, 11, 6, 3, 33, 38, 4, 14, 10, 8, 9, 24, 34, 31, 26, 25, 30, 35, 16, 23, 39, 37, 32, 28, 20, 12, 29, 27, 36, 22]",4523,"[2, 5, 1, 19, 18, 13, 21, 15, 17, 0, 7, 11, 6, 3, 33, 38, 4, 14, 10, 8, 9, 24, 34, 31, 26, 25, 30, 35, 16, 23, 39, 37, 32, 28, 20, 12, 29, 27, 36, 22]",4523,5.557255983352661
"[2, 5, 1, 19, 18, 13, 21, 15, 17, 0, 7, 11, 6, 3, 33, 38, 4, 14, 10, 8, 9, 24, 34, 31, 26, 25, 30, 35, 16, 23, 39, 37, 32, 28, 20, 12, 29, 27, 36, 22]",4523,"[2, 5, 1, 19, 18, 13, 21, 15, 17, 0, 7, 11, 6, 3, 33, 38, 4, 14, 10, 8, 9, 24, 34, 31, 26, 25, 30, 35, 16, 23, 39, 37, 32, 28, 20, 12, 29, 27, 36, 22]",4523,5.621267080307007
"[2, 5, 1, 19, 18, 13, 21, 15, 17, 0, 7, 11, 6, 3, 33, 38, 4, 14, 10, 8, 9, 24, 34, 31, 26, 25, 30, 35, 16, 23, 39, 37, 32, 28, 20, 12, 29, 27, 36, 22]",4523,"[2, 5, 1, 19, 18, 13, 21, 15, 17, 0, 7, 11, 6, 3, 33, 38, 4, 14, 10, 8, 9, 24, 34, 31, 26, 25, 30, 35, 16, 23, 39, 37, 32, 28, 20, 12, 29, 27, 36, 22]",4523,5.684929132461548
"[2, 5, 1, 19, 18, 13, 21, 15, 17, 0, 7, 11, 6, 3, 33, 38, 4, 14, 10, 8, 9, 24, 34, 31, 26, 25, 30, 35, 16, 23, 39, 37, 32, 28, 20, 12, 29, 27, 36, 22]",4523,"[2, 5, 1, 19, 18, 13, 21, 15, 17, 0, 7, 11, 6, 3, 33, 38, 4, 14, 10, 8, 9, 24, 34, 31, 26, 25, 30, 35, 16, 23, 39, 37, 32, 28, 20, 12, 29, 27, 36, 22]",4523,5.7495198249816895
"[2, 5, 1, 19, 18, 13, 21, 15, 17, 0, 7, 11, 6, 3, 33, 38, 4, 14, 10, 8, 9, 24, 34, 31, 26, 25, 30, 35, 16, 23, 39, 37, 32, 28, 20, 12, 29, 27, 36, 22]",4523,"[2, 5, 1, 19, 18, 13, 21, 15, 17, 0, 7, 11, 6, 3, 33, 38, 4, 14, 10, 8, 9, 24, 34, 31, 26, 25, 30, 35, 16, 23, 39, 37, 32, 28, 20, 12, 29, 27, 36, 22]",4523,5.8142149448394775
"[2, 5, 1, 19, 18, 13, 21, 15, 17, 0, 7, 11, 6, 3, 33, 38, 4, 14, 10, 8, 9, 24, 34, 31, 26, 25, 30, 35, 16, 23, 39, 37, 32, 28, 20, 12, 29, 27, 36, 22]",4523,"[2, 5, 1, 19, 18, 13, 21, 15, 17, 0, 7, 11, 6, 3, 33, 38, 4, 14, 10, 8, 9, 24, 34, 31, 26, 25, 30, 35, 16, 23, 39, 37, 32, 28, 20, 12, 29, 27, 36, 22]",4523,5.879677057266235
"[2, 5, 1, 19, 18, 13, 21, 15, 17, 0, 7, 11, 6, 3, 33, 38, 4, 14, 10, 8, 9, 24, 34, 31, 26, 25, 30, 35, 16, 23, 39, 37, 32, 28, 20, 12, 29, 27, 36, 22]",4523,"[2, 5, 1, 19, 18, 13, 21, 15, 17, 0, 7, 11, 6, 3, 33, 38, 4, 14, 10, 8, 9, 24, 34, 31, 26, 25, 30, 35, 16, 23, 39, 37, 32, 28, 20, 12, 29, 27, 36, 22]",4523,5.944256067276001
"[2, 5, 1, 19, 18, 13, 21, 15, 17, 0, 7, 11, 6, 3, 33, 38, 4, 14, 10, 8, 9, 24, 34, 31, 26, 25, 30, 35, 16, 23, 39, 37, 32, 28, 20, 12, 29, 27, 36, 22]",4523,"[2, 5, 1, 19, 18, 13, 21, 15, 17, 0, 7, 11, 6, 3, 33, 38, 4, 14, 10, 8, 9, 24, 34, 31, 26, 25, 30, 35, 16, 23, 39, 37, 32, 28, 20, 12, 29, 27, 36, 22]",4523,6.008427143096924
"[2, 5, 1, 19, 18, 13, 21, 15, 17, 0, 7, 11, 6, 3, 33, 38, 4, 14, 10, 8, 9, 24, 34, 31, 26, 25, 30, 35, 16, 23, 39, 37, 29, 28, 20, 12, 32, 27, 36, 22]",4388,"[2, 5, 1, 19, 18, 13, 21, 15, 17, 0, 7, 11, 6, 3, 33, 38, 4, 14, 10, 8, 9, 24, 34, 31, 26, 25, 30, 35, 16, 23, 39, 37, 29, 28, 20, 12, 32, 27, 36, 22]",4388,6.071637153625488
"[2, 5, 1, 19, 18, 13, 21, 15, 17, 0, 7, 11, 6, 3, 33, 38, 4, 14, 10, 8, 9, 24, 34, 31, 26, 25, 30, 35, 16, 23, 39, 37, 29, 28, 20, 12, 32, 27, 36, 22]",4388,"[2, 5, 1, 19, 18, 13, 21, 15, 17, 0, 7, 11, 6, 3, 33, 38, 4, 14, 10, 8, 9, 24, 34, 31, 26, 25, 30, 35, 16, 23, 39, 37, 29, 28, 20, 12, 32, 27, 36, 22]",4388,6.136928081512451
"[2, 5, 1, 19, 18, 13, 21, 15, 17, 0, 7, 11, 6, 3, 33, 38, 4, 14, 10, 8, 9, 24, 34, 31, 26, 25, 30, 35, 16, 23, 39, 37, 29, 28, 20, 12, 32, 27, 36, 22]",4388,"[2, 5, 1, 19, 18, 13, 21, 15, 17, 0, 7, 11, 6, 3, 33, 38, 4, 14, 10, 8, 9, 24, 34, 31, 26, 25, 30, 35, 16, 23, 39, 37, 29, 28, 20, 12, 32, 27, 36, 22]",4388,6.1996071338653564
"[2, 5, 1, 19, 18, 13, 21, 15, 17, 0, 7, 11, 6, 3, 33, 38, 4, 14, 10, 8, 9, 24, 34, 31, 26, 25, 30, 35, 16, 23, 39, 37, 29, 28, 20, 12, 32, 27, 36, 22]",4388,"[2, 5, 1, 19, 18, 13, 21, 15, 17, 0, 7, 11, 6, 3, 33, 38, 4, 14, 10, 8, 9, 24, 34, 31, 26, 25, 30, 35, 16, 23, 39, 37, 29, 28, 20, 12, 32, 27, 36, 22]",4388,6.262815952301025
"[2, 5, 1, 19, 18, 13, 21, 15, 17, 0, 7, 11, 6, 3, 33, 38, 4, 14, 10, 8, 9, 24, 34, 31, 26, 25, 30, 35, 16, 23, 39, 37, 29, 28, 20, 12, 32, 27, 36, 22]",4388,"[2, 5, 1, 19, 18, 13, 21, 15, 17, 0, 7, 11, 6, 3, 33, 38, 4, 14, 10, 8, 9, 24, 34, 31, 26, 25, 30, 35, 16, 23, 39, 37, 29, 28, 20, 12, 32, 27, 36, 22]",4388,6.327562093734741
"[2, 5, 1, 19, 18, 13, 21, 15, 17, 0, 7, 11, 6, 3, 33, 38, 4, 14, 10, 8, 9, 24, 34, 31, 26, 25, 30, 35, 16, 23, 39, 37, 29, 28, 20, 12, 32, 27, 36, 22]",4388,"[2, 5, 1, 19, 18, 13, 21, 15, 17, 0, 7, 11, 6, 3, 33, 38, 4, 14, 10, 8, 9, 24, 34, 31, 26, 25, 30, 35, 16, 23, 39, 37, 29, 28, 20, 12, 32, 27, 36, 22]",4388,6.3912529945373535
"[2, 5, 1, 19, 18, 13, 21, 15, 17, 0, 7, 11, 6, 3, 33, 38, 4, 14, 10, 8, 9, 24, 34, 31, 26, 25, 30, 35, 16, 23, 39, 37, 29, 28, 20, 12, 32, 27, 36, 22]",4388,"[2, 5, 1, 19, 18, 13, 21, 15, 17, 0, 7, 11, 6, 3, 33, 38, 4, 14, 10, 8, 9, 24, 34, 31, 26, 25, 30, 35, 16, 23, 39, 37, 29, 28, 20, 12, 32, 27, 36, 22]",4388,6.454345941543579
"[2, 5, 1, 19, 18, 13, 21, 15, 17, 0, 7, 11, 6, 3, 33, 38, 4, 14, 10, 8, 9, 24, 34, 31, 26, 25, 30, 35, 16, 23, 39, 37, 29, 28, 20, 12, 32, 27, 36, 22]",4388,"[2, 5, 1, 19, 18, 13, 21, 15, 17, 0, 7, 11, 6, 3, 33, 38, 4, 14, 10, 8, 9, 24, 34, 31, 26, 25, 30, 35, 16, 23, 39, 37, 29, 28, 20, 12, 32, 27, 36, 22]",4388,6.517019033432007
"[2, 5, 1, 19, 18, 13, 21, 15, 17, 0, 7, 11, 6, 3, 33, 38, 4, 14, 10, 8, 9, 24, 34, 31, 26, 25, 30, 35, 16, 23, 39, 37, 29, 28, 20, 12, 32, 27, 36, 22]",4388,"[2, 5, 1, 19, 18, 13, 21, 15, 17, 0, 7, 11, 6, 3, 33, 38, 4, 14, 10, 8, 9, 24, 34, 31, 26, 25, 30, 35, 16, 23, 39, 37, 29, 28, 20, 12, 32, 27, 36, 22]",4388,6.579844951629639
"[2, 5, 1, 19, 18, 13, 21, 15, 17, 0, 7, 11, 6, 3, 33, 38, 4, 14, 10, 8, 9, 24, 34, 31, 26, 25, 30, 35, 16, 23, 39, 37, 29, 28, 20, 12, 32, 27, 36, 22]",4388,"[2, 5, 1, 19, 18, 13, 21, 15, 17, 0, 7, 11, 6, 3, 33, 38, 4, 14, 10, 8, 9, 24, 34, 31, 26, 25, 30, 35, 16, 23, 39, 37, 29, 28, 20, 12, 32, 27, 36, 22]",4388,6.642647981643677
"[18, 5, 1, 19, 2, 13, 21, 15, 17, 0, 7, 11, 6, 3, 33, 38, 4, 14, 10, 8, 9, 24, 34, 31, 26, 25, 30, 35, 16, 23, 39, 37, 29, 28, 20, 12, 32, 27, 36, 22]",4385,"[18, 5, 1, 19, 2, 13, 21, 15, 17, 0, 7, 11, 6, 3, 33, 38, 4, 14, 10, 8, 9, 24, 34, 31, 26, 25, 30, 35, 16, 23, 39, 37, 29, 28, 20, 12, 32, 27, 36, 22]",4385,6.705740928649902
"[18, 5, 1, 19, 2, 13, 21, 15, 17, 0, 7, 11, 6, 3, 33, 38, 4, 14, 10, 8, 9, 24, 34, 31, 26, 25, 30, 35, 16, 23, 39, 37, 29, 28, 20, 12, 32, 27, 36, 22]",4385,"[18, 5, 1, 19, 2, 13, 21, 15, 17, 0, 7, 11, 6, 3, 33, 38, 4, 14, 10, 8, 9, 24, 34, 31, 26, 25, 30, 35, 16, 23, 39, 37, 29, 28, 20, 12, 32, 27, 36, 22]",4385,6.771117925643921
"[18, 5, 1, 19, 2, 13, 21, 15, 17, 0, 7, 11, 6, 3, 33, 38, 4, 14, 10, 8, 9, 24, 34, 31, 26, 25, 30, 35, 16, 23, 39, 37, 29, 28, 20, 12, 32, 27, 36, 22]",4385,"[18, 5, 1, 19, 2, 13, 21, 15, 17, 0, 7, 11, 6, 3, 33, 38, 4, 14, 10, 8, 9, 24, 34, 31, 26, 25, 30, 35, 16, 23, 39, 37, 29, 28, 20, 12, 32, 27, 36, 22]",4385,6.835519075393677
"[18, 5, 1, 19, 2, 13, 21, 15, 17, 0, 7, 11, 6, 3, 33, 38, 4, 16, 10, 8, 9, 24, 34, 31, 26, 25, 30, 35, 14, 23, 39, 37, 29, 28, 20, 12, 32, 27, 36, 22]",4353,"[18, 5, 1, 19, 2, 13, 21, 15, 17, 0, 7, 11, 6, 3, 33, 38, 4, 16, 10, 8, 9, 24, 34, 31, 26, 25, 30, 35, 14, 23, 39, 37, 29, 28, 20, 12, 32, 27, 36, 22]",4353,6.899569988250732
"[18, 5, 1, 19, 2, 13, 21, 15, 17, 0, 7, 11, 6, 3, 33, 38, 4, 16, 10, 8, 9, 24, 34, 31, 26, 25, 30, 35, 14, 23, 39, 37, 29, 28, 20, 12, 32, 27, 36, 22]",4353,"[18, 5, 1, 19, 2, 13, 21, 15, 17, 0, 7, 11, 6, 3, 33, 38, 4, 16, 10, 8, 9, 24, 34, 31, 26, 25, 30, 35, 14, 23, 39, 37, 29, 28, 20, 12, 32, 27, 36, 22]",4353,6.966759920120239
"[18, 5, 1, 19, 2, 13, 21, 15, 17, 0, 7, 11, 6, 3, 33, 38, 4, 16, 10, 8, 9, 24, 34, 31, 26, 25, 30, 35, 14, 23, 39, 37, 29, 28, 20, 12, 32, 27, 36, 22]",4353,"[18, 5, 1, 19, 2, 13, 21, 15, 17, 0, 7, 11, 6, 3, 33, 38, 4, 16, 10, 8, 9, 24, 34, 31, 26, 25, 30, 35, 14, 23, 39, 37, 29, 28, 20, 12, 32, 27, 36, 22]",4353,7.033250093460083
"[18, 5, 1, 19, 2, 13, 21, 15, 17, 0, 7, 11, 6, 3, 33, 38, 4, 16, 10, 8, 9, 24, 34, 31, 26, 25, 30, 35, 14, 23, 39, 37, 29, 28, 20, 12, 32, 27, 36, 22]",4353,"[18, 5, 1, 19, 2, 13, 21, 15, 17, 0, 7, 11, 6, 3, 33, 38, 4, 16, 10, 8, 9, 24, 34, 31, 26, 25, 30, 35, 14, 23, 39, 37, 29, 28, 20, 12, 32, 27, 36, 22]",4353,7.099143981933594
"[18, 5, 1, 19, 2, 13, 21, 15, 17, 0, 7, 11, 6, 3, 33, 38, 4, 16, 10, 8, 9, 24, 34, 31, 26, 25, 30, 35, 14, 23, 39, 37, 29, 28, 20, 12, 32, 27, 36, 22]",4353,"[18, 5, 1, 19, 2, 13, 21, 15, 17, 0, 7, 11, 6, 3, 33, 38, 4, 16, 10, 8, 9, 24, 34, 31, 26, 25, 30, 35, 14, 23, 39, 37, 29, 28, 20, 12, 32, 27, 36, 22]",4353,7.1651270389556885
"[18, 5, 1, 19, 2, 13, 21, 15, 17, 0, 7, 11, 6, 3, 33, 38, 4, 16, 10, 8, 9, 24, 34, 31, 26, 25, 30, 35, 14, 23, 39, 37, 29, 28, 20, 12, 32, 27, 36, 22]",4353,"[18, 5, 1, 19, 2, 13, 21, 15, 17, 0, 7, 11, 6, 3, 33, 38, 4, 16, 10, 8, 9, 24, 34, 31, 26, 25, 30, 35, 14, 23, 39, 37, 29, 28, 20, 12, 32, 27, 36, 22]",4353,7.229113817214966
"[18, 5, 1, 19, 2, 13, 21, 15, 17, 0, 7, 11, 6, 3, 33, 38, 4, 16, 10, 8, 9, 24, 34, 31, 26, 25, 30, 35, 14, 23, 39, 37, 29, 28, 20, 12, 32, 27, 36, 22]",4353,"[18, 5, 1, 19, 2, 13, 21, 15, 17, 0, 7, 11, 6, 3, 33, 38, 4, 16, 10, 8, 9, 24, 34, 31, 26, 25, 30, 35, 14, 23, 39, 37, 29, 28, 20, 12, 32, 27, 36, 22]",4353,7.29371190071106
"[18, 5, 1, 19, 2, 13, 21, 15, 17, 0, 14, 11, 6, 3, 33, 38, 4, 16, 10, 8, 9, 24, 34, 31, 26, 25, 30, 35, 7, 23, 39, 37, 29, 28, 20, 12, 32, 27, 36, 22]",4039,"[18, 5, 1, 19, 2, 13, 21, 15, 17, 0, 14, 11, 6, 3, 33, 38, 4, 16, 10, 8, 9, 24, 34, 31, 26, 25, 30, 35, 7, 23, 39, 37, 29, 28, 20, 12, 32, 27, 36, 22]",4039,7.35769510269165
"[18, 5, 1, 19, 2, 13, 21, 15, 17, 0, 14, 11, 6, 3, 33, 38, 4, 16, 10, 8, 9, 24, 34, 31, 26, 25, 30, 35, 7, 23, 39, 37, 29, 28, 20, 12, 32, 27, 36, 22]",4039,"[18, 5, 1, 19, 2, 13, 21, 15, 17, 0, 14, 11, 6, 3, 33, 38, 4, 16, 10, 8, 9, 24, 34, 31, 26, 25, 30, 35, 7, 23, 39, 37, 29, 28, 20, 12, 32, 27, 36, 22]",4039,7.421242952346802
"[18, 5, 1, 19, 2, 13, 21, 15, 17, 0, 14, 11, 6, 3, 24, 38, 4, 16, 10, 8, 9, 33, 34, 31, 26, 25, 30, 35, 7, 23, 39, 37, 29, 28, 20, 12, 32, 27, 36, 22]",4007,"[18, 5, 1, 19, 2, 13, 21, 15, 17, 0, 14, 11, 6, 3, 24, 38, 4, 16, 10, 8, 9, 33, 34, 31, 26, 25, 30, 35, 7, 23, 39, 37, 29, 28, 20, 12, 32, 27, 36, 22]",4007,7.484485864639282
"[18, 5, 1, 19, 2, 13, 21, 15, 17, 0, 14, 11, 6, 3, 24, 38, 4, 16, 10, 8, 9, 33, 34, 31, 26, 25, 30, 35, 7, 23, 39, 37, 29, 28, 20, 12, 32, 27, 36, 22]",4007,"[18, 5, 1, 19, 2, 13, 21, 15, 17, 0, 14, 11, 6, 3, 24, 38, 4, 16, 10, 8, 9, 33, 34, 31, 26, 25, 30, 35, 7, 23, 39, 37, 29, 28, 20, 12, 32, 27, 36, 22]",4007,7.548103094100952
"[18, 5, 1, 19, 2, 13, 21, 15, 17, 0, 14, 11, 6, 3, 24, 38, 4, 16, 10, 8, 9, 33, 34, 31, 26, 25, 30, 35, 7, 23, 39, 37, 29, 28, 20, 12, 32, 27, 36, 22]",4007,"[18, 5, 1, 19, 2, 13, 21, 15, 17, 0, 14, 11, 6, 3, 24, 38, 4, 16, 10, 8, 9, 33, 34, 31, 26, 25, 30, 35, 7, 23, 39, 37, 29, 28, 20, 12, 32, 27, 36, 22]",4007,7.613638877868652
"[18, 5, 1, 19, 2, 13, 21, 15, 17, 0, 14, 11, 6, 3, 24, 38, 4, 16, 10, 8, 9, 33, 34, 31, 26, 25, 30, 35, 7, 23, 39, 37, 29, 28, 20, 12, 32, 27, 36, 22]",4007,"[18, 5, 1, 19, 2, 13, 21, 15, 17, 0, 14, 11, 6, 3, 24, 38, 4, 16, 10, 8, 9, 33, 34, 31, 26, 25, 30, 35, 7, 23, 39, 37, 29, 28, 20, 12, 32, 27, 36, 22]",4007,7.676553964614868
"[18, 5, 1, 19, 2, 13, 21, 15, 17, 0, 14, 11, 6, 3, 24, 38, 4, 16, 10, 8, 9, 33, 34, 31, 26, 25, 30, 35, 7, 23, 39, 37, 29, 28, 20, 12, 32, 27, 36, 22]",4007,"[18, 5, 1, 19, 2, 13, 21, 15, 17, 0, 14, 11, 6, 3, 24, 38, 4, 16, 10, 8, 9, 33, 34, 31, 26, 25, 30, 35, 7, 23, 39, 37, 29, 28, 20, 12, 32, 27, 36, 22]",4007,7.739996910095215
"[18, 5, 1, 19, 2, 13, 21, 15, 17, 0, 14, 11, 6, 3, 24, 38, 4, 16, 10, 8, 9, 33, 34, 31, 26, 25, 30, 35, 7, 23, 39, 37, 29, 28, 20, 12, 32, 27, 36, 22]",4007,"[18, 5, 1, 19, 2, 13, 21, 15, 17, 0, 14, 11, 6, 3, 24, 38, 4, 16, 10, 8, 9, 33, 34, 31, 26, 25, 30, 35, 7, 23, 39, 37, 29, 28, 20, 12, 32, 27, 36, 22]",4007,7.804250001907349
"[18, 5, 1, 19, 2, 13, 21, 15, 17, 0, 14, 11, 6, 3, 24, 38, 4, 16, 10, 8, 9, 33, 34, 31, 26, 25, 30, 35, 7, 23, 39, 37, 29, 28, 20, 12, 32, 27, 36, 22]",4007,"[18, 5, 1, 19, 2, 13, 21, 15, 17, 0, 14, 11, 6, 3, 24, 38, 4, 16, 10, 8, 9, 33, 34, 31, 26, 25, 30, 35, 7, 23, 39, 37, 29, 28, 20, 12, 32, 27, 36, 22]",4007,7.86954402923584
"[18, 5, 1, 19, 2, 13, 21, 15, 17, 0, 14, 11, 6, 3, 24, 38, 4, 16, 10, 8, 9, 33, 34, 31, 26, 25, 30, 35, 7, 23, 39, 37, 29, 28, 20, 12, 32, 27, 36, 22]",4007,"[18, 5, 1, 19, 2, 13, 21, 15, 17, 0, 14, 11, 6, 3, 24, 38, 4, 16, 10, 8, 9, 33, 34, 31, 26, 25, 30, 35, 7, 23, 39, 37, 29, 28, 20, 12, 32, 27, 36, 22]",4007,7.934725046157837
"[18, 5, 1, 19, 2, 13, 21, 15, 17, 0, 14, 11, 6, 3, 24, 38, 4, 16, 10, 8, 9, 33, 34, 31, 26, 25, 30, 35, 7, 23, 39, 37, 29, 28, 20, 12, 32, 27, 36, 22]",4007,"[18, 5, 1, 19, 2, 13, 21, 15, 17, 0, 14, 11, 6, 3, 24, 38, 4, 16, 10, 8, 9, 33, 34, 31, 26, 25, 30, 35, 7, 23, 39, 37, 29, 28, 20, 12, 32, 27, 36, 22]",4007,8.000968933105469
"[18, 5, 1, 19, 2, 13, 21, 15, 17, 0, 14, 11, 6, 3, 24, 38, 4, 16, 10, 8, 9, 33, 34, 31, 26, 25, 30, 35, 7, 23, 39, 37, 29, 28, 20, 12, 32, 27, 36, 22]",4007,"[18, 5, 1, 19, 2, 13, 21, 15, 17, 0, 14, 11, 6, 3, 24, 38, 4, 16, 10, 8, 9, 33, 34, 31, 26, 25, 30, 35, 7, 23, 39, 37, 29, 28, 20, 12, 32, 27, 36, 22]",4007,8.072147130966187
"[18, 5, 1, 19, 2, 13, 21, 6, 17, 0, 14, 11, 15, 3, 24, 38, 4, 16, 10, 8, 9, 33, 34, 31, 26, 25, 30, 35, 7, 23, 39, 37, 29, 28, 20, 12, 32, 27, 36, 22]",3998,"[18, 5, 1, 19, 2, 13, 21, 6, 17, 0, 14, 11, 15, 3, 24, 38, 4, 16, 10, 8, 9, 33, 34, 31, 26, 25, 30, 35, 7, 23, 39, 37, 29, 28, 20, 12, 32, 27, 36, 22]",3998,8.156267166137695
"[18, 5, 1, 19, 2, 13, 21, 6, 17, 0, 14, 11, 15, 3, 24, 38, 4, 16, 10, 8, 9, 33, 34, 31, 26, 25, 30, 35, 7, 23, 39, 37, 29, 28, 20, 12, 32, 27, 36, 22]",3998,"[18, 5, 1, 19, 2, 13, 21, 6, 17, 0, 14, 11, 15, 3, 24, 38, 4, 16, 10, 8, 9, 33, 34, 31, 26, 25, 30, 35, 7, 23, 39, 37, 29, 28, 20, 12, 32, 27, 36, 22]",3998,8.226387023925781
"[18, 5, 1, 19, 2, 13, 21, 6, 17, 0, 14, 11, 15, 3, 24, 38, 4, 16, 10, 8, 9, 33, 34, 31, 26, 25, 30, 35, 7, 23, 39, 37, 29, 28, 20, 12, 32, 27, 36, 22]",3998,"[18, 5, 1, 19, 2, 13, 21, 6, 17, 0, 14, 11, 15, 3, 24, 38, 4, 16, 10, 8, 9, 33, 34, 31, 26, 25, 30, 35, 7, 23, 39, 37, 29, 28, 20, 12, 32, 27, 36, 22]",3998,8.291528940200806
"[18, 5, 1, 19, 2, 13, 21, 6, 17, 0, 14, 11, 15, 3, 24, 38, 4, 16, 10, 8, 9, 33, 34, 31, 26, 25, 30, 35, 7, 23, 39, 37, 29, 28, 20, 12, 32, 27, 36, 22]",3998,"[18, 5, 1, 19, 2, 13, 21, 6, 17, 0, 14, 11, 15, 3, 24, 38, 4, 16, 10, 8, 9, 33, 34, 31, 26, 25, 30, 35, 7, 23, 39, 37, 29, 28, 20, 12, 32, 27, 36, 22]",3998,8.355119943618774
"[18, 5, 1, 19, 2, 13, 21, 6, 17, 0, 14, 11, 15, 3, 24, 38, 4, 16, 10, 8, 9, 33, 34, 31, 26, 25, 30, 35, 7, 23, 39, 37, 29, 28, 20, 12, 32, 27, 36, 22]",3998,"[18, 5, 1, 19, 2, 13, 21, 6, 17, 0, 14, 11, 15, 3, 24, 38, 4, 16, 10, 8, 9, 33, 34, 31, 26, 25, 30, 35, 7, 23, 39, 37, 29, 28, 20, 12, 32, 27, 36, 22]",3998,8.41891598701477
"[18, 5, 1, 19, 2, 13, 21, 6, 17, 0, 14, 11, 15, 3, 24, 38, 4, 16, 10, 8, 9, 33, 34, 31, 26, 25, 30, 35, 7, 23, 39, 37, 29, 28, 20, 12, 32, 27, 36, 22]",3998,"[18, 5, 1, 19, 2, 13, 21, 6, 17, 0, 14, 11, 15, 3, 24, 38, 4, 16, 10, 8, 9, 33, 34, 31, 26, 25, 30, 35, 7, 23, 39, 37, 29, 28, 20, 12, 32, 27, 36, 22]",3998,8.482141017913818
"[18, 5, 1, 19, 2, 13, 21, 6, 17, 0, 14, 11, 15, 3, 24, 38, 4, 16, 10, 8, 9, 33, 34, 31, 26, 25, 30, 35, 7, 23, 39, 37, 29, 28, 20, 12, 32, 27, 36, 22]",3998,"[18, 5, 1, 19, 2, 13, 21, 6, 17, 0, 14, 11, 15, 3, 24, 38, 4, 16, 10, 8, 9, 33, 34, 31, 26, 25, 30, 35, 7, 23, 39, 37, 29, 28, 20, 12, 32, 27, 36, 22]",3998,8.54435420036316
"[18, 5, 1, 19, 2, 13, 21, 6, 17, 0, 14, 11, 15, 3, 24, 38, 4, 16, 10, 8, 9, 33, 34, 31, 26, 25, 30, 35, 7, 23, 39, 37, 29, 28, 20, 12, 32, 27, 36, 22]",3998,"[18, 5, 1, 19, 2, 13, 21, 6, 17, 0, 14, 11, 15, 3, 24, 38, 4, 16, 10, 8, 9, 33, 34, 31, 26, 25, 30, 35, 7, 23, 39, 37, 29, 28, 20, 12, 32, 27, 36, 22]",3998,8.609050035476685
"[18, 5, 1, 19, 2, 13, 21, 6, 17, 0, 14, 11, 15, 3, 24, 38, 4, 16, 10, 8, 9, 33, 34, 31, 26, 25, 30, 35, 7, 23, 39, 37, 29, 28, 20, 12, 32, 27, 36, 22]",3998,"[18, 5, 1, 19, 2, 13, 21, 6, 17, 0, 14, 11, 15, 3, 24, 38, 4, 16, 10, 8, 9, 33, 34, 31, 26, 25, 30, 35, 7, 23, 39, 37, 29, 28, 20, 12, 32, 27, 36, 22]",3998,8.673046112060547
"[18, 5, 1, 19, 2, 13, 21, 6, 17, 0, 14, 11, 15, 3, 24, 38, 4, 16, 10, 8, 9, 33, 34, 31, 26, 25, 30, 35, 7, 23, 39, 37, 29, 28, 20, 12, 32, 27, 36, 22]",3998,"[18, 5, 1, 19, 2, 13, 21, 6, 17, 0, 14, 11, 15, 3, 24, 38, 4, 16, 10, 8, 9, 33, 34, 31, 26, 25, 30, 35, 7, 23, 39, 37, 29, 28, 20, 12, 32, 27, 36, 22]",3998,8.736601829528809
"[18, 5, 1, 19, 2, 13, 21, 6, 17, 0, 14, 11, 15, 3, 24, 38, 4, 16, 10, 8, 9, 33, 34, 31, 26, 25, 30, 35, 7, 23, 39, 37, 29, 28, 20, 12, 32, 27, 36, 22]",3998,"[18, 5, 1, 19, 2, 13, 21, 6, 17, 0, 14, 11, 15, 3, 24, 38, 4, 16, 10, 8, 9, 33, 34, 31, 26, 25, 30, 35, 7, 23, 39, 37, 29, 28, 20, 12, 32, 27, 36, 22]",3998,8.80297303199768
"[18, 5, 1, 19, 2, 13, 21, 6, 17, 0, 14, 11, 15, 3, 24, 38, 4, 16, 10, 8, 9, 33, 34, 31, 26, 25, 30, 35, 7, 23, 39, 37, 29, 28, 20, 12, 32, 27, 36, 22]",3998,"[18, 5, 1, 19, 2, 13, 21, 6, 17, 0, 14, 11, 15, 3, 24, 38, 4, 16, 10, 8, 9, 33, 34, 31, 26, 25, 30, 35, 7, 23, 39, 37, 29, 28, 20, 12, 32, 27, 36, 22]",3998,8.867995977401733
"[18, 5, 1, 19, 2, 13, 21, 6, 17, 0, 14, 11, 15, 3, 24, 38, 4, 16, 10, 8, 9, 33, 34, 31, 26, 25, 30, 35, 7, 23, 39, 37, 29, 28, 20, 12, 32, 27, 36, 22]",3998,"[18, 5, 1, 19, 2, 13, 21, 6, 17, 0, 14, 11, 15, 3, 24, 38, 4, 16, 10, 8, 9, 33, 34, 31, 26, 25, 30, 35, 7, 23, 39, 37, 29, 28, 20, 12, 32, 27, 36, 22]",3998,8.931487083435059
"[18, 5, 1, 19, 2, 13, 21, 6, 17, 0, 14, 11, 15, 3, 24, 38, 4, 16, 10, 8, 9, 33, 34, 31, 26, 25, 30, 35, 7, 23, 39, 37, 29, 28, 20, 12, 32, 27, 36, 22]",3998,"[18, 5, 1, 19, 2, 13, 21, 6, 17, 0, 14, 11, 15, 3, 24, 38, 4, 16, 10, 8, 9, 33, 34, 31, 26, 25, 30, 35, 7, 23, 39, 37, 29, 28, 20, 12, 32, 27, 36, 22]",3998,8.995544910430908
"[18, 5, 1, 19, 2, 13, 21, 6, 17, 0, 14, 11, 15, 3, 24, 38, 4, 16, 10, 8, 9, 33, 34, 31, 26, 25, 30, 35, 7, 23, 39, 37, 29, 28, 20, 12, 32, 27, 36, 22]",3998,"[18, 5, 1, 19, 2, 13, 21, 6, 17, 0, 14, 11, 15, 3, 24, 38, 4, 16, 10, 8, 9, 33, 34, 31, 26, 25, 30, 35, 7, 23, 39, 37, 29, 28, 20, 12, 32, 27, 36, 22]",3998,9.06144380569458
"[18, 5, 1, 19, 2, 13, 21, 6, 17, 0, 14, 11, 15, 3, 24, 38, 4, 16, 10, 8, 9, 33, 34, 31, 26, 25, 30, 35, 7, 23, 39, 37, 29, 28, 20, 12, 32, 27, 36, 22]",3998,"[18, 5, 1, 19, 2, 13, 21, 6, 17, 0, 14, 11, 15, 3, 24, 38, 4, 16, 10, 8, 9, 33, 34, 31, 26, 25, 30, 35, 7, 23, 39, 37, 29, 28, 20, 12, 32, 27, 36, 22]",3998,9.126657009124756
"[18, 5, 1, 19, 2, 13, 21, 6, 17, 0, 14, 11, 15, 3, 24, 38, 4, 16, 10, 8, 9, 33, 34, 31, 26, 25, 30, 35, 7, 23, 39, 37, 29, 28, 20, 12, 32, 27, 36, 22]",3998,"[18, 5, 1, 19, 2, 13, 21, 6, 17, 0, 14, 11, 15, 3, 24, 38, 4, 16, 10, 8, 9, 33, 34, 31, 26, 25, 30, 35, 7, 23, 39, 37, 29, 28, 20, 12, 32, 27, 36, 22]",3998,9.19129204750061
"[18, 5, 1, 19, 2, 13, 21, 6, 17, 0, 14, 11, 15, 3, 24, 38, 4, 16, 10, 8, 9, 33, 34, 31, 26, 25, 30, 35, 7, 23, 39, 37, 29, 28, 20, 12, 32, 27, 36, 22]",3998,"[18, 5, 1, 19, 2, 13, 21, 6, 17, 0, 14, 11, 15, 3, 24, 38, 4, 16, 10, 8, 9, 33, 34, 31, 26, 25, 30, 35, 7, 23, 39, 37, 29, 28, 20, 12, 32, 27, 36, 22]",3998,9.255311965942383
"[18, 5, 1, 19, 2, 13, 21, 6, 17, 0, 14, 11, 15, 3, 24, 38, 4, 16, 10, 8, 9, 33, 34, 31, 26, 25, 30, 35, 7, 23, 39, 37, 29, 28, 20, 12, 32, 27, 36, 22]",3998,"[18, 5, 1, 19, 2, 13, 21, 6, 17, 0, 14, 11, 15, 3, 24, 38, 4, 16, 10, 8, 9, 33, 34, 31, 26, 25, 30, 35, 7, 23, 39, 37, 29, 28, 20, 12, 32, 27, 36, 22]",3998,9.319370031356812
"[18, 5, 1, 19, 2, 13, 21, 6, 17, 0, 14, 11, 15, 3, 24, 38, 4, 16, 10, 8, 9, 33, 34, 31, 26, 25, 30, 35, 37, 23, 39, 7, 29, 28, 20, 12, 32, 27, 36, 22]",3930,"[18, 5, 1, 19, 2, 13, 21, 6, 17, 0, 14, 11, 15, 3, 24, 38, 4, 16, 10, 8, 9, 33, 34, 31, 26, 25, 30, 35, 37, 23, 39, 7, 29, 28, 20, 12, 32, 27, 36, 22]",3930,9.38254189491272
"[18, 5, 1, 19, 2, 13, 21, 6, 17, 0, 14, 11, 15, 3, 24, 38, 4, 16, 10, 8, 9, 33, 34, 31, 26, 25, 30, 35, 37, 23, 39, 7, 29, 28, 20, 12, 32, 27, 36, 22]",3930,"[18, 5, 1, 19, 2, 13, 21, 6, 17, 0, 14, 11, 15, 3, 24, 38, 4, 16, 10, 8, 9, 33, 34, 31, 26, 25, 30, 35, 37, 23, 39, 7, 29, 28, 20, 12, 32, 27, 36, 22]",3930,9.447248935699463
"[18, 5, 1, 19, 2, 13, 21, 6, 17, 0, 14, 11, 15, 3, 24, 38, 4, 16, 10, 8, 9, 33, 34, 31, 26, 25, 30, 35, 37, 23, 39, 7, 29, 28, 20, 12, 32, 27, 36, 22]",3930,"[18, 5, 1, 19, 2, 13, 21, 6, 17, 0, 14, 11, 15, 3, 24, 38, 4, 16, 10, 8, 9, 33, 34, 31, 26, 25, 30, 35, 37, 23, 39, 7, 29, 28, 20, 12, 32, 27, 36, 22]",3930,9.511605024337769
"[18, 5, 1, 19, 2, 13, 21, 6, 17, 0, 14, 11, 15, 3, 24, 38, 4, 16, 10, 8, 9, 33, 34, 31, 26, 25, 30, 35, 37, 23, 39, 7, 29, 28, 20, 12, 32, 27, 36, 22]",3930,"[18, 5, 1, 19, 2, 13, 21, 6, 17, 0, 14, 11, 15, 3, 24, 38, 4, 16, 10, 8, 9, 33, 34, 31, 26, 25, 30, 35, 37, 23, 39, 7, 29, 28, 20, 12, 32, 27, 36, 22]",3930,9.574095964431763
"[18, 5, 1, 19, 2, 13, 21, 6, 17, 0, 14, 11, 15, 3, 24, 38, 4, 16, 10, 8, 9, 33, 34, 31, 26, 25, 30, 35, 37, 23, 39, 7, 29, 28, 20, 12, 32, 27, 36, 22]",3930,"[18, 5, 1, 19, 2, 13, 21, 6, 17, 0, 14, 11, 15, 3, 24, 38, 4, 16, 10, 8, 9, 33, 34, 31, 26, 25, 30, 35, 37, 23, 39, 7, 29, 28, 20, 12, 32, 27, 36, 22]",3930,9.63745903968811
"[18, 5, 1, 19, 2, 13, 21, 6, 17, 0, 14, 11, 15, 3, 24, 38, 4, 16, 10, 8, 9, 33, 34, 31, 26, 25, 30, 35, 37, 23, 39, 7, 29, 28, 20, 12, 32, 27, 36, 22]",3930,"[18, 5, 1, 19, 2, 13, 21, 6, 17, 0, 14, 11, 15, 3, 24, 38, 4, 16, 10, 8, 9, 33, 34, 31, 26, 25, 30, 35, 37, 23, 39, 7, 29, 28, 20, 12, 32, 27, 36, 22]",3930,9.70130705833435
"[18, 5, 1, 19, 2, 13, 21, 6, 17, 0, 14, 11, 15, 3, 24, 38, 4, 16, 10, 8, 9, 33, 34, 31, 26, 25, 30, 35, 37, 23, 39, 7, 29, 28, 20, 12, 32, 27, 36, 22]",3930,"[18, 5, 1, 19, 2, 13, 21, 6, 17, 0, 14, 11, 15, 3, 24, 38, 4, 16, 10, 8, 9, 33, 34, 31, 26, 25, 30, 35, 37, 23, 39, 7, 29, 28, 20, 12, 32, 27, 36, 22]",3930,9.76499319076538
"[18, 5, 1, 19, 2, 13, 21, 6, 17, 0, 14, 11, 15, 3, 24, 38, 4, 16, 10, 8, 9, 33, 34, 31, 26, 25, 30, 35, 37, 23, 39, 7, 29, 28, 20, 12, 32, 27, 36, 22]",3930,"[18, 5, 1, 19, 2, 13, 21, 6, 17, 0, 14, 11, 15, 3, 24, 38, 4, 16, 10, 8, 9, 33, 34, 31, 26, 25, 30, 35, 37, 23, 39, 7, 29, 28, 20, 12, 32, 27, 36, 22]",3930,9.83012580871582
"[18, 5, 1, 19, 2, 13, 21, 6, 17, 0, 14, 11, 15, 3, 24, 38, 4, 16, 10, 8, 9, 33, 34, 31, 26, 25, 30, 35, 37, 23, 39, 7, 29, 28, 20, 12, 32, 27, 36, 22]",3930,"[18, 5, 1, 19, 2, 13, 21, 6, 17, 0, 14, 11, 15, 3, 24, 38, 4, 16, 10, 8, 9, 33, 34, 31, 26, 25, 30, 35, 37, 23, 39, 7, 29, 28, 20, 12, 32, 27, 36, 22]",3930,9.893710851669312
"[18, 5, 1, 19, 2, 13, 21, 6, 17, 0, 14, 11, 15, 3, 24, 38, 4, 16, 10, 8, 9, 33, 34, 31, 26, 25, 30, 35, 37, 23, 39, 7, 29, 28, 20, 12, 32, 27, 36, 22]",3930,"[18, 5, 1, 19, 2, 13, 21, 6, 17, 0, 14, 11, 15, 3, 24, 38, 4, 16, 10, 8, 9, 33, 34, 31, 26, 25, 30, 35, 37, 23, 39, 7, 29, 28, 20, 12, 32, 27, 36, 22]",3930,9.959169149398804
"[18, 5, 1, 19, 2, 13, 21, 6, 17, 0, 14, 11, 15, 3, 24, 38, 4, 16, 10, 8, 9, 33, 34, 31, 26, 25, 30, 35, 37, 23, 39, 7, 29, 28, 20, 12, 32, 27, 36, 22]",3930,"[18, 5, 1, 19, 2, 13, 21, 6, 17, 0, 14, 11, 15, 3, 24, 38, 4, 16, 10, 8, 9, 33, 34, 31, 26, 25, 30, 35, 37, 23, 39, 7, 29, 28, 20, 12, 32, 27, 36, 22]",3930,10.022747993469238
"[18, 5, 1, 19, 2, 13, 21, 6, 17, 0, 14, 11, 15, 3, 24, 38, 4, 16, 10, 8, 9, 33, 34, 31, 26, 25, 30, 35, 37, 23, 39, 7, 29, 28, 20, 12, 32, 27, 36, 22]",3930,"[18, 5, 1, 19, 2, 13, 21, 6, 17, 0, 14, 11, 15, 3, 24, 38, 4, 16, 10, 8, 9, 33, 34, 31, 26, 25, 30, 35, 37, 23, 39, 7, 29, 28, 20, 12, 32, 27, 36, 22]",3930,10.086663007736206
"[18, 5, 1, 19, 2, 13, 21, 6, 17, 0, 14, 11, 15, 3, 24, 38, 4, 16, 10, 8, 9, 33, 34, 31, 26, 25, 30, 35, 37, 23, 39, 7, 29, 28, 20, 12, 32, 27, 36, 22]",3930,"[18, 5, 1, 19, 2, 13, 21, 6, 17, 0, 14, 11, 15, 3, 24, 38, 4, 16, 10, 8, 9, 33, 34, 31, 26, 25, 30, 35, 37, 23, 39, 7, 29, 28, 20, 12, 32, 27, 36, 22]",3930,10.151675939559937
"[18, 5, 1, 19, 2, 13, 21, 6, 17, 0, 14, 11, 15, 3, 24, 38, 4, 16, 10, 8, 9, 33, 34, 31, 26, 25, 30, 35, 37, 23, 39, 7, 29, 28, 20, 12, 32, 27, 36, 22]",3930,"[18, 5, 1, 19, 2, 13, 21, 6, 17, 0, 14, 11, 15, 3, 24, 38, 4, 16, 10, 8, 9, 33, 34, 31, 26, 25, 30, 35, 37, 23, 39, 7, 29, 28, 20, 12, 32, 27, 36, 22]",3930,10.216202020645142
"[18, 5, 1, 19, 2, 13, 21, 6, 17, 0, 14, 11, 15, 3, 24, 38, 4, 16, 10, 8, 9, 33, 34, 31, 26, 25, 30, 35, 37, 23, 39, 7, 29, 36, 20, 12, 32, 27, 28, 22]",3922,"[18, 5, 1, 19, 2, 13, 21, 6, 17, 0, 14, 11, 15, 3, 24, 38, 4, 16, 10, 8, 9, 33, 34, 31, 26, 25, 30, 35, 37, 23, 39, 7, 29, 36, 20, 12, 32, 27, 28, 22]",3922,10.2796151638031
"[18, 5, 1, 19, 2, 13, 21, 6, 17, 0, 14, 11, 15, 3, 24, 38, 4, 16, 10, 8, 9, 33, 34, 31, 26, 25, 30, 35, 37, 23, 39, 7, 29, 36, 20, 12, 32, 27, 28, 22]",3922,"[18, 5, 1, 19, 2, 13, 21, 6, 17, 0, 14, 11, 15, 3, 24, 38, 4, 16, 10, 8, 9, 33, 34, 31, 26, 25, 30, 35, 37, 23, 39, 7, 29, 36, 20, 12, 32, 27, 28, 22]",3922,10.344500064849854
"[18, 5, 1, 19, 2, 13, 21, 6, 17, 0, 14, 11, 15, 3, 24, 38, 4, 16, 10, 8, 9, 33, 34, 31, 26, 25, 30, 35, 37, 23, 39, 7, 29, 36, 20, 12, 32, 27, 28, 22]",3922,"[18, 5, 1, 19, 2, 13, 21, 6, 17, 0, 14, 11, 15, 3, 24, 38, 4, 16, 10, 8, 9, 33, 34, 31, 26, 25, 30, 35, 37, 23, 39, 7, 29, 36, 20, 12, 32, 27, 28, 22]",3922,10.408713102340698
"[18, 5, 1, 19, 2, 13, 21, 6, 17, 0, 14, 11, 15, 3, 24, 38, 4, 16, 10, 8, 9, 33, 34, 31, 26, 25, 30, 35, 37, 23, 39, 7, 29, 36, 20, 12, 32, 27, 28, 22]",3922,"[18, 5, 1, 19, 2, 13, 21, 6, 17, 0, 14, 11, 15, 3, 24, 38, 4, 16, 10, 8, 9, 33, 34, 31, 26, 25, 30, 35, 37, 23, 39, 7, 29, 36, 20, 12, 32, 27, 28, 22]",3922,10.475204944610596
"[18, 5, 1, 19, 2, 13, 21, 6, 17, 0, 14, 11, 15, 3, 24, 38, 4, 16, 10, 8, 9, 33, 34, 31, 26, 25, 30, 35, 37, 23, 39, 7, 29, 36, 20, 12, 32, 27, 28, 22]",3922,"[18, 5, 1, 19, 2, 13, 21, 6, 17, 0, 14, 11, 15, 3, 24, 38, 4, 16, 10, 8, 9, 33, 34, 31, 26, 25, 30, 35, 37, 23, 39, 7, 29, 36, 20, 12, 32, 27, 28, 22]",3922,10.542258977890015
"[18, 5, 1, 19, 2, 13, 21, 6, 17, 0, 14, 11, 15, 3, 24, 38, 4, 16, 10, 8, 9, 33, 34, 31, 26, 25, 30, 35, 37, 23, 39, 7, 29, 36, 20, 12, 32, 27, 28, 22]",3922,"[18, 5, 1, 19, 2, 13, 21, 6, 17, 0, 14, 11, 15, 3, 24, 38, 4, 16, 10, 8, 9, 33, 34, 31, 26, 25, 30, 35, 37, 23, 39, 7, 29, 36, 20, 12, 32, 27, 28, 22]",3922,10.60649299621582
"[18, 5, 1, 19, 2, 13, 21, 6, 17, 0, 14, 11, 15, 3, 24, 38, 4, 16, 10, 8, 9, 33, 34, 31, 26, 25, 30, 35, 37, 23, 39, 7, 29, 36, 20, 12, 32, 27, 28, 22]",3922,"[18, 5, 1, 19, 2, 13, 21, 6, 17, 0, 14, 11, 15, 3, 24, 38, 4, 16, 10, 8, 9, 33, 34, 31, 26, 25, 30, 35, 37, 23, 39, 7, 29, 36, 20, 12, 32, 27, 28, 22]",3922,10.672574996948242
"[18, 5, 1, 19, 2, 13, 21, 6, 17, 0, 14, 11, 15, 3, 24, 38, 4, 16, 10, 8, 9, 33, 34, 31, 26, 25, 30, 35, 37, 23, 39, 7, 29, 36, 20, 12, 32, 27, 28, 22]",3922,"[18, 5, 1, 19, 2, 13, 21, 6, 17, 0, 14, 11, 15, 3, 24, 38, 4, 16, 10, 8, 9, 33, 34, 31, 26, 25, 30, 35, 37, 23, 39, 7, 29, 36, 20, 12, 32, 27, 28, 22]",3922,10.736649990081787
"[18, 5, 1, 19, 2, 13, 21, 6, 17, 0, 14, 11, 15, 3, 24, 38, 4, 16, 10, 8, 9, 33, 34, 31, 26, 25, 30, 35, 37, 23, 39, 7, 29, 36, 20, 12, 32, 27, 28, 22]",3922,"[18, 5, 1, 19, 2, 13, 21, 6, 17, 0, 14, 11, 15, 3, 24, 38, 4, 16, 10, 8, 9, 33, 34, 31, 26, 25, 30, 35, 37, 23, 39, 7, 29, 36, 20, 12, 32, 27, 28, 22]",3922,10.802129030227661
"[18, 5, 1, 19, 2, 13, 21, 6, 17, 0, 14, 11, 15, 3, 24, 38, 4, 16, 10, 8, 9, 33, 34, 31, 26, 25, 30, 35, 37, 23, 39, 7, 29, 36, 20, 12, 32, 27, 28, 22]",3922,"[18, 5, 1, 19, 2, 13, 21, 6, 17, 0, 14, 11, 15, 3, 24, 38, 4, 16, 10, 8, 9, 33, 34, 31, 26, 25, 30, 35, 37, 23, 39, 7, 29, 36, 20, 12, 32, 27, 28, 22]",3922,10.866998195648193
"[18, 5, 1, 19, 2, 13, 21, 6, 17, 0, 14, 11, 15, 3, 24, 38, 4, 16, 10, 8, 9, 33, 34, 31, 26, 25, 30, 35, 37, 23, 39, 7, 29, 36, 20, 12, 32, 27, 28, 22]",3922,"[18, 5, 1, 19, 2, 13, 21, 6, 17, 0, 14, 11, 15, 3, 24, 38, 4, 16, 10, 8, 9, 33, 34, 31, 26, 25, 30, 35, 37, 23, 39, 7, 29, 36, 20, 12, 32, 27, 28, 22]",3922,10.931269884109497
"[18, 5, 1, 19, 2, 13, 21, 6, 17, 0, 14, 11, 15, 3, 24, 38, 4, 16, 10, 8, 9, 33, 34, 31, 26, 25, 30, 35, 37, 23, 39, 7, 29, 36, 20, 12, 32, 27, 28, 22]",3922,"[18, 5, 1, 19, 2, 13, 21, 6, 17, 0, 14, 11, 15, 3, 24, 38, 4, 16, 10, 8, 9, 33, 34, 31, 26, 25, 30, 35, 37, 23, 39, 7, 29, 36, 20, 12, 32, 27, 28, 22]",3922,10.996093034744263
"[18, 5, 1, 19, 2, 13, 21, 6, 17, 0, 14, 11, 15, 3, 24, 38, 4, 16, 10, 8, 9, 33, 34, 31, 26, 25, 30, 35, 37, 23, 39, 7, 29, 36, 20, 12, 32, 27, 28, 22]",3922,"[18, 5, 1, 19, 2, 13, 21, 6, 17, 0, 14, 11, 15, 3, 24, 38, 4, 16, 10, 8, 9, 33, 34, 31, 26, 25, 30, 35, 37, 23, 39, 7, 29, 36, 20, 12, 32, 27, 28, 22]",3922,11.075496912002563
"[18, 5, 1, 19, 2, 13, 21, 6, 17, 0, 14, 11, 15, 3, 24, 38, 4, 16, 10, 8, 9, 33, 34, 31, 26, 25, 30, 35, 37, 23, 39, 7, 29, 36, 20, 12, 32, 27, 28, 22]",3922,"[18, 5, 1, 19, 2, 13, 21, 6, 17, 0, 14, 11, 15, 3, 24, 38, 4, 16, 10, 8, 9, 33, 34, 31, 26, 25, 30, 35, 37, 23, 39, 7, 29, 36, 20, 12, 32, 27, 28, 22]",3922,11.138402223587036
"[18, 5, 1, 19, 2, 13, 21, 6, 17, 0, 14, 11, 15, 3, 24, 38, 4, 16, 10, 8, 9, 33, 34, 31, 26, 25, 30, 35, 37, 23, 39, 7, 29, 36, 20, 12, 32, 27, 28, 22]",3922,"[18, 5, 1, 19, 2, 13, 21, 6, 17, 0, 14, 11, 15, 3, 24, 38, 4, 16, 10, 8, 9, 33, 34, 31, 26, 25, 30, 35, 37, 23, 39, 7, 29, 36, 20, 12, 32, 27, 28, 22]",3922,11.204185962677002
"[18, 5, 1, 19, 2, 13, 21, 6, 17, 0, 14, 11, 15, 3, 24, 38, 4, 16, 10, 8, 9, 33, 34, 31, 26, 25, 30, 35, 37, 23, 39, 7, 29, 36, 20, 12, 32, 27, 28, 22]",3922,"[18, 5, 1, 19, 2, 13, 21, 6, 17, 0, 14, 11, 15, 3, 24, 38, 4, 16, 10, 8, 9, 33, 34, 31, 26, 25, 30, 35, 37, 23, 39, 7, 29, 36, 20, 12, 32, 27, 28, 22]",3922,11.268080949783325
"[18, 5, 1, 19, 2, 13, 21, 6, 17, 0, 14, 11, 15, 3, 24, 38, 4, 16, 10, 8, 9, 33, 34, 31, 26, 25, 30, 35, 37, 23, 39, 7, 29, 36, 20, 12, 32, 27, 28, 22]",3922,"[18, 5, 1, 19, 2, 13, 21, 6, 17, 0, 14, 11, 15, 3, 24, 38, 4, 16, 10, 8, 9, 33, 34, 31, 26, 25, 30, 35, 37, 23, 39, 7, 29, 36, 20, 12, 32, 27, 28, 22]",3922,11.33390998840332
"[18, 5, 1, 19, 2, 13, 21, 6, 17, 0, 14, 11, 15, 3, 24, 38, 4, 16, 10, 8, 9, 33, 34, 31, 26, 25, 30, 35, 37, 23, 39, 7, 29, 36, 20, 12, 32, 27, 28, 22]",3922,"[18, 5, 1, 19, 2, 13, 21, 6, 17, 0, 14, 11, 15, 3, 24, 38, 4, 16, 10, 8, 9, 33, 34, 31, 26, 25, 30, 35, 37, 23, 39, 7, 29, 36, 20, 12, 32, 27, 28, 22]",3922,11.39916706085205
"[18, 5, 1, 19, 2, 13, 21, 6, 17, 0, 14, 11, 15, 3, 24, 38, 4, 16, 10, 8, 9, 33, 34, 31, 26, 25, 30, 35, 37, 23, 39, 7, 29, 36, 20, 12, 32, 27, 28, 22]",3922,"[18, 5, 1, 19, 2, 13, 21, 6, 17, 0, 14, 11, 15, 3, 24, 38, 4, 16, 10, 8, 9, 33, 34, 31, 26, 25, 30, 35, 37, 23, 39, 7, 29, 36, 20, 12, 32, 27, 28, 22]",3922,11.46299409866333
"[18, 5, 1, 19, 2, 13, 21, 6, 17, 0, 14, 11, 15, 3, 24, 38, 4, 16, 10, 8, 9, 33, 34, 31, 26, 25, 30, 35, 37, 23, 39, 7, 29, 36, 20, 12, 32, 27, 28, 22]",3922,"[18, 5, 1, 19, 2, 13, 21, 6, 17, 0, 14, 11, 15, 3, 24, 38, 4, 16, 10, 8, 9, 33, 34, 31, 26, 25, 30, 35, 37, 23, 39, 7, 29, 36, 20, 12, 32, 27, 28, 22]",3922,11.527326107025146
"[18, 5, 1, 19, 2, 13, 21, 6, 17, 0, 14, 11, 15, 3, 24, 38, 4, 16, 10, 8, 9, 33, 34, 31, 26, 25, 30, 35, 37, 23, 39, 7, 29, 36, 20, 12, 32, 27, 28, 22]",3922,"[18, 5, 1, 19, 2, 13, 21, 6, 17, 0, 14, 11, 15, 3, 24, 38, 4, 16, 10, 8, 9, 33, 34, 31, 26, 25, 30, 35, 37, 23, 39, 7, 29, 36, 20, 12, 32, 27, 28, 22]",3922,11.591199159622192
"[18, 5, 1, 19, 2, 13, 21, 6, 17, 0, 14, 11, 15, 3, 24, 38, 4, 16, 10, 8, 9, 33, 34, 31, 26, 25, 30, 35, 37, 23, 39, 7, 29, 36, 20, 12, 32, 27, 28, 22]",3922,"[18, 5, 1, 19, 2, 13, 21, 6, 17, 0, 14, 11, 15, 3, 24, 38, 4, 16, 10, 8, 9, 33, 34, 31, 26, 25, 30, 35, 37, 23, 39, 7, 29, 36, 20, 12, 32, 27, 28, 22]",3922,11.654209852218628
"[18, 5, 1, 19, 2, 13, 21, 6, 17, 0, 14, 11, 15, 3, 24, 38, 4, 16, 10, 8, 9, 33, 34, 31, 26, 25, 30, 35, 37, 23, 39, 7, 29, 36, 20, 12, 32, 27, 28, 22]",3922,"[18, 5, 1, 19, 2, 13, 21, 6, 17, 0, 14, 11, 15, 3, 24, 38, 4, 16, 10, 8, 9, 33, 34, 31, 26, 25, 30, 35, 37, 23, 39, 7, 29, 36, 20, 12, 32, 27, 28, 22]",3922,11.718732118606567
"[18, 5, 1, 19, 2, 13, 21, 6, 17, 0, 14, 11, 15, 3, 24, 38, 4, 16, 10, 8, 9, 33, 34, 31, 26, 25, 30, 35, 37, 23, 39, 7, 29, 36, 20, 12, 32, 27, 28, 22]",3922,"[18, 5, 1, 19, 2, 13, 21, 6, 17, 0, 14, 11, 15, 3, 24, 38, 4, 16, 10, 8, 9, 33, 34, 31, 26, 25, 30, 35, 37, 23, 39, 7, 29, 36, 20, 12, 32, 27, 28, 22]",3922,11.782870054244995
"[18, 5, 1, 19, 2, 13, 21, 6, 17, 0, 14, 11, 15, 3, 24, 38, 4, 16, 10, 8, 9, 33, 34, 31, 26, 25, 30, 35, 37, 23, 39, 7, 29, 36, 20, 12, 32, 27, 28, 22]",3922,"[18, 5, 1, 19, 2, 13, 21, 6, 17, 0, 14, 11, 15, 3, 24, 38, 4, 16, 10, 8, 9, 33, 34, 31, 26, 25, 30, 35, 37, 23, 39, 7, 29, 36, 20, 12, 32, 27, 28, 22]",3922,11.84541392326355
"[18, 5, 1, 19, 2, 13, 21, 6, 17, 0, 14, 11, 15, 3, 24, 38, 4, 16, 10, 8, 9, 33, 34, 31, 26, 25, 30, 35, 37, 23, 39, 7, 29, 36, 20, 12, 32, 27, 28, 22]",3922,"[18, 5, 1, 19, 2, 13, 21, 6, 17, 0, 14, 11, 15, 3, 24, 38, 4, 16, 10, 8, 9, 33, 34, 31, 26, 25, 30, 35, 37, 23, 39, 7, 29, 36, 20, 12, 32, 27, 28, 22]",3922,11.910936832427979
"[18, 5, 1, 19, 2, 13, 21, 6, 17, 0, 14, 11, 15, 3, 24, 38, 4, 16, 10, 8, 9, 33, 34, 31, 26, 25, 30, 35, 37, 23, 39, 7, 29, 36, 20, 12, 32, 27, 28, 22]",3922,"[18, 5, 1, 19, 2, 13, 21, 6, 17, 0, 14, 11, 15, 3, 24, 38, 4, 16, 10, 8, 9, 33, 34, 31, 26, 25, 30, 35, 37, 23, 39, 7, 29, 36, 20, 12, 32, 27, 28, 22]",3922,11.974642038345337
"[18, 5, 1, 19, 2, 13, 21, 6, 17, 0, 14, 11, 15, 3, 24, 38, 4, 16, 10, 8, 9, 33, 34, 31, 26, 25, 30, 35, 37, 23, 39, 7, 29, 36, 20, 12, 32, 27, 28, 22]",3922,"[18, 5, 1, 19, 2, 13, 21, 6, 17, 0, 14, 11, 15, 3, 24, 38, 4, 16, 10, 8, 9, 33, 34, 31, 26, 25, 30, 35, 37, 23, 39, 7, 29, 36, 20, 12, 32, 27, 28, 22]",3922,12.036824941635132
"[18, 5, 1, 19, 2, 13, 21, 6, 17, 0, 14, 11, 15, 3, 24, 38, 4, 16, 10, 8, 9, 33, 34, 31, 26, 25, 30, 35, 37, 23, 39, 7, 29, 36, 20, 12, 32, 27, 28, 22]",3922,"[18, 5, 1, 19, 2, 13, 21, 6, 17, 0, 14, 11, 15, 3, 24, 38, 4, 16, 10, 8, 9, 33, 34, 31, 26, 25, 30, 35, 37, 23, 39, 7, 29, 36, 20, 12, 32, 27, 28, 22]",3922,12.102041959762573
"[18, 5, 1, 19, 2, 13, 21, 6, 17, 0, 14, 11, 15, 3, 24, 38, 4, 16, 10, 8, 9, 33, 34, 31, 26, 25, 30, 35, 37, 23, 39, 7, 29, 36, 20, 12, 32, 27, 28, 22]",3922,"[18, 5, 1, 19, 2, 13, 21, 6, 17, 0, 14, 11, 15, 3, 24, 38, 4, 16, 10, 8, 9, 33, 34, 31, 26, 25, 30, 35, 37, 23, 39, 7, 29, 36, 20, 12, 32, 27, 28, 22]",3922,12.165637969970703
"[18, 5, 1, 19, 2, 13, 21, 6, 17, 0, 14, 11, 15, 3, 24, 38, 4, 16, 10, 8, 9, 33, 34, 31, 26, 25, 30, 35, 37, 23, 39, 7, 29, 36, 20, 12, 32, 27, 28, 22]",3922,"[18, 5, 1, 19, 2, 13, 21, 6, 17, 0, 14, 11, 15, 3, 24, 38, 4, 16, 10, 8, 9, 33, 34, 31, 26, 25, 30, 35, 37, 23, 39, 7, 29, 36, 20, 12, 32, 27, 28, 22]",3922,12.22904086112976
"[18, 5, 1, 19, 2, 13, 21, 6, 17, 0, 14, 11, 15, 3, 34, 38, 4, 16, 10, 8, 9, 33, 24, 31, 26, 25, 30, 35, 37, 23, 39, 7, 29, 36, 20, 12, 32, 27, 28, 22]",3862,"[18, 5, 1, 19, 2, 13, 21, 6, 17, 0, 14, 11, 15, 3, 34, 38, 4, 16, 10, 8, 9, 33, 24, 31, 26, 25, 30, 35, 37, 23, 39, 7, 29, 36, 20, 12, 32, 27, 28, 22]",3862,12.294092178344727
"[18, 5, 1, 19, 2, 13, 21, 6, 17, 0, 14, 11, 15, 3, 34, 38, 4, 16, 10, 8, 9, 33, 24, 31, 26, 25, 30, 35, 37, 23, 39, 7, 29, 36, 20, 12, 32, 27, 28, 22]",3862,"[18, 5, 1, 19, 2, 13, 21, 6, 17, 0, 14, 11, 15, 3, 34, 38, 4, 16, 10, 8, 9, 33, 24, 31, 26, 25, 30, 35, 37, 23, 39, 7, 29, 36, 20, 12, 32, 27, 28, 22]",3862,12.356846809387207
"[18, 5, 1, 19, 2, 13, 21, 6, 17, 0, 14, 11, 15, 3, 34, 38, 4, 16, 10, 8, 9, 33, 24, 31, 26, 25, 30, 35, 37, 23, 39, 7, 29, 36, 20, 12, 32, 27, 28, 22]",3862,"[18, 5, 1, 19, 2, 13, 21, 6, 17, 0, 14, 11, 15, 3, 34, 38, 4, 16, 10, 8, 9, 33, 24, 31, 26, 25, 30, 35, 37, 23, 39, 7, 29, 36, 20, 12, 32, 27, 28, 22]",3862,12.420568943023682
"[18, 5, 1, 19, 2, 13, 21, 6, 17, 0, 14, 11, 15, 3, 34, 38, 4, 16, 10, 8, 9, 33, 24, 31, 26, 25, 30, 35, 37, 23, 39, 7, 29, 36, 20, 12, 32, 27, 28, 22]",3862,"[18, 5, 1, 19, 2, 13, 21, 6, 17, 0, 14, 11, 15, 3, 34, 38, 4, 16, 10, 8, 9, 33, 24, 31, 26, 25, 30, 35, 37, 23, 39, 7, 29, 36, 20, 12, 32, 27, 28, 22]",3862,12.484506845474243
"[18, 5, 1, 19, 2, 13, 21, 6, 17, 0, 14, 11, 15, 3, 34, 38, 4, 16, 10, 8, 9, 33, 24, 31, 26, 25, 30, 35, 37, 23, 39, 7, 29, 36, 20, 12, 32, 27, 28, 22]",3862,"[18, 5, 1, 19, 2, 13, 21, 6, 17, 0, 14, 11, 15, 3, 34, 38, 4, 16, 10, 8, 9, 33, 24, 31, 26, 25, 30, 35, 37, 23, 39, 7, 29, 36, 20, 12, 32, 27, 28, 22]",3862,12.54648494720459
"[18, 5, 1, 19, 2, 13, 21, 6, 17, 0, 14, 11, 15, 3, 34, 38, 4, 16, 10, 8, 9, 33, 24, 31, 26, 25, 30, 35, 37, 23, 39, 7, 29, 36, 20, 12, 32, 27, 28, 22]",3862,"[18, 5, 1, 19, 2, 13, 21, 6, 17, 0, 14, 11, 15, 3, 34, 38, 4, 16, 10, 8, 9, 33, 24, 31, 26, 25, 30, 35, 37, 23, 39, 7, 29, 36, 20, 12, 32, 27, 28, 22]",3862,12.609899044036865
"[18, 5, 1, 19, 2, 13, 21, 6, 17, 0, 14, 11, 15, 3, 34, 38, 4, 16, 10, 8, 9, 33, 24, 31, 26, 25, 30, 35, 37, 23, 39, 7, 29, 36, 20, 12, 32, 27, 28, 22]",3862,"[18, 5, 1, 19, 2, 13, 21, 6, 17, 0, 14, 11, 15, 3, 34, 38, 4, 16, 10, 8, 9, 33, 24, 31, 26, 25, 30, 35, 37, 23, 39, 7, 29, 36, 20, 12, 32, 27, 28, 22]",3862,12.67347002029419
"[18, 5, 1, 19, 2, 13, 21, 6, 17, 0, 14, 11, 15, 3, 34, 38, 4, 16, 10, 8, 9, 33, 24, 31, 26, 25, 30, 35, 37, 23, 39, 7, 29, 36, 20, 12, 32, 27, 28, 22]",3862,"[18, 5, 1, 19, 2, 13, 21, 6, 17, 0, 14, 11, 15, 3, 34, 38, 4, 16, 10, 8, 9, 33, 24, 31, 26, 25, 30, 35, 37, 23, 39, 7, 29, 36, 20, 12, 32, 27, 28, 22]",3862,12.737975835800171
"[18, 5, 1, 19, 2, 13, 21, 6, 17, 0, 14, 11, 15, 3, 34, 38, 4, 16, 10, 8, 9, 33, 24, 31, 26, 25, 30, 35, 37, 23, 39, 7, 29, 36, 20, 12, 32, 27, 28, 22]",3862,"[18, 5, 1, 19, 2, 13, 21, 6, 17, 0, 14, 11, 15, 3, 34, 38, 4, 16, 10, 8, 9, 33, 24, 31, 26, 25, 30, 35, 37, 23, 39, 7, 29, 36, 20, 12, 32, 27, 28, 22]",3862,12.801079034805298
"[18, 5, 1, 19, 2, 13, 21, 6, 17, 0, 14, 11, 15, 3, 34, 38, 4, 16, 10, 8, 9, 33, 24, 31, 26, 25, 30, 35, 37, 23, 39, 7, 29, 36, 20, 12, 32, 27, 28, 22]",3862,"[18, 5, 1, 19, 2, 13, 21, 6, 17, 0, 14, 11, 15, 3, 34, 38, 4, 16, 10, 8, 9, 33, 24, 31, 26, 25, 30, 35, 37, 23, 39, 7, 29, 36, 20, 12, 32, 27, 28, 22]",3862,12.862812042236328
"[18, 5, 1, 19, 2, 13, 21, 6, 17, 0, 14, 11, 15, 3, 34, 38, 4, 16, 10, 8, 9, 33, 24, 31, 26, 25, 30, 35, 37, 23, 39, 7, 29, 36, 20, 12, 32, 27, 28, 22]",3862,"[18, 5, 1, 19, 2, 13, 21, 6, 17, 0, 14, 11, 15, 3, 34, 38, 4, 16, 10, 8, 9, 33, 24, 31, 26, 25, 30, 35, 37, 23, 39, 7, 29, 36, 20, 12, 32, 27, 28, 22]",3862,12.926402807235718
"[18, 5, 1, 19, 2, 13, 21, 6, 17, 0, 14, 11, 15, 3, 34, 38, 4, 16, 10, 8, 9, 33, 24, 31, 26, 25, 30, 35, 37, 23, 39, 7, 29, 36, 20, 12, 32, 27, 28, 22]",3862,"[18, 5, 1, 19, 2, 13, 21, 6, 17, 0, 14, 11, 15, 3, 34, 38, 4, 16, 10, 8, 9, 33, 24, 31, 26, 25, 30, 35, 37, 23, 39, 7, 29, 36, 20, 12, 32, 27, 28, 22]",3862,12.990365982055664
