Sequence,Fitness,Best_sequence,Best_fitness,Time
"[7, 10, 5, 6, 3, 18, 13, 2, 14, 8, 17, 16, 19, 12, 11, 1, 0, 15, 4, 9]",1453.5,"[7, 10, 5, 6, 3, 18, 13, 2, 14, 8, 17, 16, 19, 12, 11, 1, 0, 15, 4, 9]",1453.5,0.0
"[7, 10, 5, 6, 3, 18, 13, 2, 14, 8, 17, 16, 19, 12, 11, 1, 0, 15, 4, 9]",1453.5,"[7, 10, 5, 6, 3, 18, 13, 2, 14, 8, 17, 16, 19, 12, 11, 1, 0, 15, 4, 9]",1453.5,0.06600713729858398
"[7, 10, 5, 6, 3, 18, 13, 2, 14, 8, 17, 16, 19, 12, 11, 1, 0, 15, 4, 9]",1453.5,"[7, 10, 5, 6, 3, 18, 13, 2, 14, 8, 17, 16, 19, 12, 11, 1, 0, 15, 4, 9]",1453.5,0.1280064582824707
"[7, 14, 5, 6, 3, 18, 13, 2, 10, 8, 17, 16, 19, 12, 11, 1, 0, 15, 4, 9]",1443.5,"[7, 14, 5, 6, 3, 18, 13, 2, 10, 8, 17, 16, 19, 12, 11, 1, 0, 15, 4, 9]",1443.5,0.19400811195373535
"[7, 14, 5, 6, 11, 18, 13, 2, 10, 8, 17, 16, 19, 12, 3, 1, 0, 15, 4, 9]",1435.5,"[7, 14, 5, 6, 11, 18, 13, 2, 10, 8, 17, 16, 19, 12, 3, 1, 0, 15, 4, 9]",1435.5,0.2570075988769531
"[7, 14, 5, 6, 11, 18, 13, 2, 10, 8, 17, 16, 19, 12, 3, 1, 0, 15, 4, 9]",1435.5,"[7, 14, 5, 6, 11, 18, 13, 2, 10, 8, 17, 16, 19, 12, 3, 1, 0, 15, 4, 9]",1435.5,0.32201433181762695
"[7, 14, 5, 6, 11, 18, 13, 2, 10, 8, 17, 16, 19, 12, 3, 1, 0, 15, 4, 9]",1435.5,"[7, 14, 5, 6, 11, 18, 13, 2, 10, 8, 17, 16, 19, 12, 3, 1, 0, 15, 4, 9]",1435.5,0.38301658630371094
"[7, 14, 5, 6, 11, 18, 13, 2, 10, 8, 17, 16, 19, 9, 3, 1, 0, 15, 4, 12]",1358.5,"[7, 14, 5, 6, 11, 18, 13, 2, 10, 8, 17, 16, 19, 9, 3, 1, 0, 15, 4, 12]",1358.5,0.4460129737854004
"[7, 14, 5, 6, 11, 18, 13, 2, 10, 8, 17, 16, 9, 19, 3, 1, 0, 15, 4, 12]",1339.0,"[7, 14, 5, 6, 11, 18, 13, 2, 10, 8, 17, 16, 9, 19, 3, 1, 0, 15, 4, 12]",1339.0,0.5130152702331543
"[7, 14, 5, 6, 11, 18, 13, 2, 10, 8, 17, 16, 9, 19, 3, 1, 0, 15, 4, 12]",1339.0,"[7, 14, 5, 6, 11, 18, 13, 2, 10, 8, 17, 16, 9, 19, 3, 1, 0, 15, 4, 12]",1339.0,0.576012372970581
"[7, 14, 5, 6, 11, 18, 13, 2, 10, 8, 17, 16, 9, 19, 3, 1, 0, 15, 4, 12]",1339.0,"[7, 14, 5, 6, 11, 18, 13, 2, 10, 8, 17, 16, 9, 19, 3, 1, 0, 15, 4, 12]",1339.0,0.6450119018554688
"[7, 14, 5, 6, 11, 18, 13, 2, 10, 8, 17, 16, 9, 19, 3, 1, 0, 15, 4, 12]",1339.0,"[7, 14, 5, 6, 11, 18, 13, 2, 10, 8, 17, 16, 9, 19, 3, 1, 0, 15, 4, 12]",1339.0,0.7180137634277344
"[7, 14, 5, 6, 11, 18, 13, 2, 10, 8, 17, 16, 9, 19, 3, 1, 0, 15, 4, 12]",1339.0,"[7, 14, 5, 6, 11, 18, 13, 2, 10, 8, 17, 16, 9, 19, 3, 1, 0, 15, 4, 12]",1339.0,0.7870192527770996
"[7, 14, 5, 6, 11, 18, 13, 2, 10, 8, 17, 16, 9, 19, 3, 1, 0, 15, 4, 12]",1339.0,"[7, 14, 5, 6, 11, 18, 13, 2, 10, 8, 17, 16, 9, 19, 3, 1, 0, 15, 4, 12]",1339.0,0.8590807914733887
"[7, 14, 5, 6, 11, 18, 13, 2, 10, 8, 17, 16, 9, 19, 3, 1, 0, 15, 4, 12]",1339.0,"[7, 14, 5, 6, 11, 18, 13, 2, 10, 8, 17, 16, 9, 19, 3, 1, 0, 15, 4, 12]",1339.0,0.9260201454162598
"[7, 14, 5, 6, 11, 18, 13, 2, 10, 8, 17, 16, 9, 19, 3, 1, 0, 15, 4, 12]",1339.0,"[7, 14, 5, 6, 11, 18, 13, 2, 10, 8, 17, 16, 9, 19, 3, 1, 0, 15, 4, 12]",1339.0,0.9890141487121582
"[7, 14, 5, 6, 11, 18, 13, 2, 10, 8, 17, 16, 9, 19, 3, 1, 0, 15, 4, 12]",1339.0,"[7, 14, 5, 6, 11, 18, 13, 2, 10, 8, 17, 16, 9, 19, 3, 1, 0, 15, 4, 12]",1339.0,1.0520169734954834
"[14, 7, 5, 6, 11, 18, 13, 2, 10, 8, 17, 16, 9, 19, 3, 1, 0, 15, 4, 12]",1337.5,"[14, 7, 5, 6, 11, 18, 13, 2, 10, 8, 17, 16, 9, 19, 3, 1, 0, 15, 4, 12]",1337.5,1.116016149520874
"[14, 7, 5, 6, 11, 18, 13, 2, 10, 8, 17, 16, 9, 19, 3, 1, 0, 15, 4, 12]",1337.5,"[14, 7, 5, 6, 11, 18, 13, 2, 10, 8, 17, 16, 9, 19, 3, 1, 0, 15, 4, 12]",1337.5,1.1780529022216797
"[14, 7, 5, 6, 11, 18, 13, 2, 10, 8, 17, 16, 9, 19, 3, 1, 0, 15, 4, 12]",1337.5,"[14, 7, 5, 6, 11, 18, 13, 2, 10, 8, 17, 16, 9, 19, 3, 1, 0, 15, 4, 12]",1337.5,1.2420189380645752
"[14, 7, 5, 6, 11, 18, 13, 2, 10, 8, 17, 16, 9, 19, 3, 1, 0, 15, 4, 12]",1337.5,"[14, 7, 5, 6, 11, 18, 13, 2, 10, 8, 17, 16, 9, 19, 3, 1, 0, 15, 4, 12]",1337.5,1.309018611907959
"[14, 7, 5, 6, 11, 18, 13, 2, 10, 8, 17, 16, 9, 19, 3, 1, 0, 15, 4, 12]",1337.5,"[14, 7, 5, 6, 11, 18, 13, 2, 10, 8, 17, 16, 9, 19, 3, 1, 0, 15, 4, 12]",1337.5,1.3740198612213135
"[14, 7, 5, 6, 11, 18, 13, 2, 10, 8, 17, 16, 9, 19, 3, 1, 0, 15, 4, 12]",1337.5,"[14, 7, 5, 6, 11, 18, 13, 2, 10, 8, 17, 16, 9, 19, 3, 1, 0, 15, 4, 12]",1337.5,1.4390232563018799
"[14, 7, 5, 6, 11, 18, 13, 2, 10, 8, 17, 16, 9, 19, 3, 1, 0, 15, 4, 12]",1337.5,"[14, 7, 5, 6, 11, 18, 13, 2, 10, 8, 17, 16, 9, 19, 3, 1, 0, 15, 4, 12]",1337.5,1.5020427703857422
"[14, 7, 5, 6, 11, 18, 13, 2, 10, 8, 17, 16, 9, 19, 3, 1, 0, 15, 4, 12]",1337.5,"[14, 7, 5, 6, 11, 18, 13, 2, 10, 8, 17, 16, 9, 19, 3, 1, 0, 15, 4, 12]",1337.5,1.5670223236083984
"[14, 7, 5, 6, 11, 18, 13, 2, 10, 8, 17, 16, 9, 19, 3, 1, 0, 15, 4, 12]",1337.5,"[14, 7, 5, 6, 11, 18, 13, 2, 10, 8, 17, 16, 9, 19, 3, 1, 0, 15, 4, 12]",1337.5,1.641021728515625
"[14, 7, 5, 6, 11, 18, 13, 2, 10, 8, 17, 16, 9, 19, 3, 1, 0, 15, 4, 12]",1337.5,"[14, 7, 5, 6, 11, 18, 13, 2, 10, 8, 17, 16, 9, 19, 3, 1, 0, 15, 4, 12]",1337.5,1.7060229778289795
"[14, 7, 5, 6, 11, 18, 13, 2, 10, 8, 17, 16, 9, 19, 3, 1, 0, 15, 4, 12]",1337.5,"[14, 7, 5, 6, 11, 18, 13, 2, 10, 8, 17, 16, 9, 19, 3, 1, 0, 15, 4, 12]",1337.5,1.7690238952636719
"[14, 7, 5, 6, 11, 18, 13, 2, 10, 8, 17, 16, 9, 19, 3, 1, 0, 15, 4, 12]",1337.5,"[14, 7, 5, 6, 11, 18, 13, 2, 10, 8, 17, 16, 9, 19, 3, 1, 0, 15, 4, 12]",1337.5,1.8310246467590332
"[14, 7, 5, 6, 11, 18, 13, 2, 10, 8, 17, 16, 9, 19, 3, 1, 0, 15, 4, 12]",1337.5,"[14, 7, 5, 6, 11, 18, 13, 2, 10, 8, 17, 16, 9, 19, 3, 1, 0, 15, 4, 12]",1337.5,1.898024320602417
"[14, 7, 5, 6, 11, 18, 13, 2, 10, 8, 17, 16, 9, 19, 3, 1, 0, 15, 4, 12]",1337.5,"[14, 7, 5, 6, 11, 18, 13, 2, 10, 8, 17, 16, 9, 19, 3, 1, 0, 15, 4, 12]",1337.5,1.961024284362793
"[14, 7, 5, 6, 11, 18, 13, 2, 10, 8, 17, 16, 9, 19, 3, 1, 0, 15, 4, 12]",1337.5,"[14, 7, 5, 6, 11, 18, 13, 2, 10, 8, 17, 16, 9, 19, 3, 1, 0, 15, 4, 12]",1337.5,2.0240297317504883
"[14, 7, 5, 6, 11, 18, 13, 2, 10, 8, 17, 16, 9, 19, 3, 1, 0, 15, 4, 12]",1337.5,"[14, 7, 5, 6, 11, 18, 13, 2, 10, 8, 17, 16, 9, 19, 3, 1, 0, 15, 4, 12]",1337.5,2.085036277770996
"[14, 7, 5, 6, 11, 18, 13, 2, 10, 8, 17, 16, 9, 19, 3, 1, 0, 15, 4, 12]",1337.5,"[14, 7, 5, 6, 11, 18, 13, 2, 10, 8, 17, 16, 9, 19, 3, 1, 0, 15, 4, 12]",1337.5,2.146029472351074
"[14, 7, 5, 6, 11, 18, 13, 2, 10, 8, 17, 16, 9, 19, 3, 1, 0, 15, 4, 12]",1337.5,"[14, 7, 5, 6, 11, 18, 13, 2, 10, 8, 17, 16, 9, 19, 3, 1, 0, 15, 4, 12]",1337.5,2.2080302238464355
"[14, 7, 5, 6, 11, 18, 13, 2, 10, 8, 17, 16, 9, 19, 3, 1, 0, 15, 4, 12]",1337.5,"[14, 7, 5, 6, 11, 18, 13, 2, 10, 8, 17, 16, 9, 19, 3, 1, 0, 15, 4, 12]",1337.5,2.2700307369232178
"[14, 7, 5, 6, 11, 18, 13, 2, 10, 8, 17, 16, 9, 19, 12, 1, 0, 15, 4, 3]",1323.5,"[14, 7, 5, 6, 11, 18, 13, 2, 10, 8, 17, 16, 9, 19, 12, 1, 0, 15, 4, 3]",1323.5,2.332031011581421
"[14, 7, 5, 6, 11, 18, 13, 2, 10, 8, 17, 16, 9, 19, 12, 1, 0, 15, 4, 3]",1323.5,"[14, 7, 5, 6, 11, 18, 13, 2, 10, 8, 17, 16, 9, 19, 12, 1, 0, 15, 4, 3]",1323.5,2.394026517868042
"[14, 7, 5, 6, 11, 18, 13, 2, 10, 8, 17, 16, 9, 19, 12, 1, 0, 15, 4, 3]",1323.5,"[14, 7, 5, 6, 11, 18, 13, 2, 10, 8, 17, 16, 9, 19, 12, 1, 0, 15, 4, 3]",1323.5,2.45603346824646
"[14, 7, 5, 6, 11, 18, 13, 2, 10, 8, 17, 16, 9, 19, 12, 1, 0, 15, 4, 3]",1323.5,"[14, 7, 5, 6, 11, 18, 13, 2, 10, 8, 17, 16, 9, 19, 12, 1, 0, 15, 4, 3]",1323.5,2.5190320014953613
"[14, 7, 5, 6, 11, 18, 13, 2, 10, 8, 17, 16, 9, 19, 12, 1, 0, 15, 4, 3]",1323.5,"[14, 7, 5, 6, 11, 18, 13, 2, 10, 8, 17, 16, 9, 19, 12, 1, 0, 15, 4, 3]",1323.5,2.5850305557250977
"[14, 7, 5, 6, 11, 18, 13, 2, 10, 8, 17, 16, 9, 19, 12, 1, 0, 15, 4, 3]",1323.5,"[14, 7, 5, 6, 11, 18, 13, 2, 10, 8, 17, 16, 9, 19, 12, 1, 0, 15, 4, 3]",1323.5,2.655033588409424
"[14, 7, 5, 6, 11, 18, 13, 2, 10, 8, 17, 16, 9, 19, 12, 1, 0, 15, 4, 3]",1323.5,"[14, 7, 5, 6, 11, 18, 13, 2, 10, 8, 17, 16, 9, 19, 12, 1, 0, 15, 4, 3]",1323.5,2.7200381755828857
"[14, 7, 5, 6, 11, 18, 13, 2, 10, 8, 17, 16, 9, 19, 12, 1, 0, 15, 4, 3]",1323.5,"[14, 7, 5, 6, 11, 18, 13, 2, 10, 8, 17, 16, 9, 19, 12, 1, 0, 15, 4, 3]",1323.5,2.7840373516082764
"[14, 7, 5, 6, 11, 18, 13, 2, 10, 8, 17, 16, 9, 19, 12, 1, 0, 15, 4, 3]",1323.5,"[14, 7, 5, 6, 11, 18, 13, 2, 10, 8, 17, 16, 9, 19, 12, 1, 0, 15, 4, 3]",1323.5,2.8490405082702637
"[14, 7, 5, 6, 11, 18, 13, 2, 10, 8, 17, 16, 9, 19, 12, 1, 0, 15, 4, 3]",1323.5,"[14, 7, 5, 6, 11, 18, 13, 2, 10, 8, 17, 16, 9, 19, 12, 1, 0, 15, 4, 3]",1323.5,2.915034770965576
"[14, 7, 5, 6, 11, 18, 13, 2, 10, 8, 17, 16, 9, 19, 12, 1, 0, 15, 4, 3]",1323.5,"[14, 7, 5, 6, 11, 18, 13, 2, 10, 8, 17, 16, 9, 19, 12, 1, 0, 15, 4, 3]",1323.5,2.985041379928589
"[14, 7, 5, 6, 11, 18, 13, 2, 10, 8, 17, 16, 9, 19, 12, 1, 0, 15, 4, 3]",1323.5,"[14, 7, 5, 6, 11, 18, 13, 2, 10, 8, 17, 16, 9, 19, 12, 1, 0, 15, 4, 3]",1323.5,3.04903507232666
"[14, 7, 5, 6, 11, 18, 13, 2, 10, 8, 17, 16, 9, 19, 12, 1, 0, 15, 4, 3]",1323.5,"[14, 7, 5, 6, 11, 18, 13, 2, 10, 8, 17, 16, 9, 19, 12, 1, 0, 15, 4, 3]",1323.5,3.113036870956421
"[14, 7, 5, 6, 11, 18, 13, 2, 10, 8, 17, 16, 9, 19, 12, 1, 0, 15, 4, 3]",1323.5,"[14, 7, 5, 6, 11, 18, 13, 2, 10, 8, 17, 16, 9, 19, 12, 1, 0, 15, 4, 3]",1323.5,3.1790359020233154
"[14, 7, 5, 4, 11, 18, 13, 2, 10, 8, 17, 16, 9, 19, 12, 1, 0, 15, 6, 3]",1320.5,"[14, 7, 5, 4, 11, 18, 13, 2, 10, 8, 17, 16, 9, 19, 12, 1, 0, 15, 6, 3]",1320.5,3.244044065475464
"[14, 7, 5, 4, 11, 18, 13, 2, 10, 8, 17, 16, 9, 19, 12, 1, 0, 15, 6, 3]",1320.5,"[14, 7, 5, 4, 11, 18, 13, 2, 10, 8, 17, 16, 9, 19, 12, 1, 0, 15, 6, 3]",1320.5,3.310037612915039
"[14, 7, 5, 4, 11, 18, 13, 2, 10, 8, 17, 16, 9, 19, 12, 1, 0, 15, 6, 3]",1320.5,"[14, 7, 5, 4, 11, 18, 13, 2, 10, 8, 17, 16, 9, 19, 12, 1, 0, 15, 6, 3]",1320.5,3.374044179916382
"[14, 7, 5, 4, 11, 18, 13, 2, 10, 8, 17, 16, 9, 19, 12, 1, 0, 15, 6, 3]",1320.5,"[14, 7, 5, 4, 11, 18, 13, 2, 10, 8, 17, 16, 9, 19, 12, 1, 0, 15, 6, 3]",1320.5,3.438042163848877
"[14, 7, 5, 4, 11, 18, 13, 2, 10, 8, 17, 16, 9, 19, 12, 1, 0, 15, 6, 3]",1320.5,"[14, 7, 5, 4, 11, 18, 13, 2, 10, 8, 17, 16, 9, 19, 12, 1, 0, 15, 6, 3]",1320.5,3.5040371417999268
"[14, 7, 5, 4, 11, 18, 13, 2, 10, 8, 17, 16, 9, 19, 12, 1, 0, 15, 6, 3]",1320.5,"[14, 7, 5, 4, 11, 18, 13, 2, 10, 8, 17, 16, 9, 19, 12, 1, 0, 15, 6, 3]",1320.5,3.5690433979034424
"[14, 7, 5, 4, 11, 18, 13, 2, 10, 8, 17, 16, 9, 19, 12, 1, 0, 15, 6, 3]",1320.5,"[14, 7, 5, 4, 11, 18, 13, 2, 10, 8, 17, 16, 9, 19, 12, 1, 0, 15, 6, 3]",1320.5,3.6380412578582764
"[14, 7, 5, 4, 11, 18, 13, 2, 10, 8, 17, 16, 9, 19, 12, 1, 0, 15, 6, 3]",1320.5,"[14, 7, 5, 4, 11, 18, 13, 2, 10, 8, 17, 16, 9, 19, 12, 1, 0, 15, 6, 3]",1320.5,3.70304012298584
"[14, 7, 5, 4, 11, 18, 13, 2, 10, 8, 17, 16, 9, 19, 12, 1, 0, 15, 6, 3]",1320.5,"[14, 7, 5, 4, 11, 18, 13, 2, 10, 8, 17, 16, 9, 19, 12, 1, 0, 15, 6, 3]",1320.5,3.77003812789917
"[14, 7, 5, 4, 11, 18, 13, 2, 10, 8, 17, 16, 9, 19, 12, 1, 0, 15, 6, 3]",1320.5,"[14, 7, 5, 4, 11, 18, 13, 2, 10, 8, 17, 16, 9, 19, 12, 1, 0, 15, 6, 3]",1320.5,3.8380470275878906
"[14, 7, 5, 4, 11, 18, 13, 2, 10, 8, 17, 16, 9, 19, 12, 1, 0, 15, 6, 3]",1320.5,"[14, 7, 5, 4, 11, 18, 13, 2, 10, 8, 17, 16, 9, 19, 12, 1, 0, 15, 6, 3]",1320.5,3.9030487537384033
"[14, 7, 5, 4, 11, 18, 13, 2, 10, 8, 17, 16, 9, 19, 12, 1, 0, 15, 6, 3]",1320.5,"[14, 7, 5, 4, 11, 18, 13, 2, 10, 8, 17, 16, 9, 19, 12, 1, 0, 15, 6, 3]",1320.5,3.9690451622009277
"[14, 7, 5, 4, 11, 18, 13, 2, 10, 8, 17, 16, 9, 19, 12, 1, 0, 15, 6, 3]",1320.5,"[14, 7, 5, 4, 11, 18, 13, 2, 10, 8, 17, 16, 9, 19, 12, 1, 0, 15, 6, 3]",1320.5,4.034051895141602
"[14, 7, 5, 4, 11, 18, 13, 2, 10, 8, 17, 16, 9, 19, 12, 1, 0, 15, 6, 3]",1320.5,"[14, 7, 5, 4, 11, 18, 13, 2, 10, 8, 17, 16, 9, 19, 12, 1, 0, 15, 6, 3]",1320.5,4.099048137664795
"[14, 7, 5, 4, 11, 18, 13, 2, 10, 8, 17, 16, 9, 19, 12, 1, 0, 15, 6, 3]",1320.5,"[14, 7, 5, 4, 11, 18, 13, 2, 10, 8, 17, 16, 9, 19, 12, 1, 0, 15, 6, 3]",1320.5,4.16504979133606
"[14, 7, 5, 4, 11, 18, 13, 2, 10, 8, 17, 16, 9, 19, 12, 1, 0, 15, 6, 3]",1320.5,"[14, 7, 5, 4, 11, 18, 13, 2, 10, 8, 17, 16, 9, 19, 12, 1, 0, 15, 6, 3]",1320.5,4.231058120727539
"[14, 7, 5, 4, 11, 18, 13, 2, 10, 8, 17, 16, 9, 19, 12, 1, 0, 15, 6, 3]",1320.5,"[14, 7, 5, 4, 11, 18, 13, 2, 10, 8, 17, 16, 9, 19, 12, 1, 0, 15, 6, 3]",1320.5,4.299046754837036
"[14, 7, 5, 4, 11, 18, 13, 2, 10, 8, 17, 16, 9, 19, 12, 1, 0, 15, 6, 3]",1320.5,"[14, 7, 5, 4, 11, 18, 13, 2, 10, 8, 17, 16, 9, 19, 12, 1, 0, 15, 6, 3]",1320.5,4.366050481796265
"[14, 7, 5, 4, 11, 18, 13, 2, 10, 8, 17, 16, 9, 19, 12, 1, 0, 15, 6, 3]",1320.5,"[14, 7, 5, 4, 11, 18, 13, 2, 10, 8, 17, 16, 9, 19, 12, 1, 0, 15, 6, 3]",1320.5,4.434050798416138
"[14, 7, 5, 4, 11, 18, 13, 2, 10, 8, 17, 16, 9, 19, 12, 1, 0, 15, 6, 3]",1320.5,"[14, 7, 5, 4, 11, 18, 13, 2, 10, 8, 17, 16, 9, 19, 12, 1, 0, 15, 6, 3]",1320.5,4.499049663543701
"[14, 7, 5, 4, 11, 18, 13, 2, 10, 8, 17, 16, 9, 19, 12, 1, 0, 15, 6, 3]",1320.5,"[14, 7, 5, 4, 11, 18, 13, 2, 10, 8, 17, 16, 9, 19, 12, 1, 0, 15, 6, 3]",1320.5,4.566052436828613
"[14, 7, 5, 4, 11, 18, 13, 2, 10, 8, 17, 16, 9, 19, 12, 1, 0, 15, 6, 3]",1320.5,"[14, 7, 5, 4, 11, 18, 13, 2, 10, 8, 17, 16, 9, 19, 12, 1, 0, 15, 6, 3]",1320.5,4.632052421569824
"[14, 7, 5, 4, 11, 18, 13, 2, 10, 8, 17, 16, 9, 19, 12, 1, 0, 15, 6, 3]",1320.5,"[14, 7, 5, 4, 11, 18, 13, 2, 10, 8, 17, 16, 9, 19, 12, 1, 0, 15, 6, 3]",1320.5,4.7220518589019775
"[14, 7, 5, 4, 11, 18, 13, 2, 10, 8, 17, 16, 9, 19, 12, 1, 0, 15, 6, 3]",1320.5,"[14, 7, 5, 4, 11, 18, 13, 2, 10, 8, 17, 16, 9, 19, 12, 1, 0, 15, 6, 3]",1320.5,4.787055253982544
"[14, 7, 5, 4, 11, 18, 13, 2, 10, 8, 17, 16, 9, 19, 12, 1, 0, 15, 6, 3]",1320.5,"[14, 7, 5, 4, 11, 18, 13, 2, 10, 8, 17, 16, 9, 19, 12, 1, 0, 15, 6, 3]",1320.5,4.853054523468018
"[14, 7, 5, 4, 11, 18, 13, 2, 10, 8, 17, 16, 9, 19, 12, 1, 0, 15, 6, 3]",1320.5,"[14, 7, 5, 4, 11, 18, 13, 2, 10, 8, 17, 16, 9, 19, 12, 1, 0, 15, 6, 3]",1320.5,4.917057514190674
"[14, 7, 5, 4, 11, 18, 13, 2, 10, 8, 17, 16, 9, 19, 12, 1, 0, 15, 6, 3]",1320.5,"[14, 7, 5, 4, 11, 18, 13, 2, 10, 8, 17, 16, 9, 19, 12, 1, 0, 15, 6, 3]",1320.5,4.987057447433472
"[14, 7, 5, 4, 11, 18, 13, 2, 10, 8, 17, 16, 9, 19, 12, 1, 0, 15, 6, 3]",1320.5,"[14, 7, 5, 4, 11, 18, 13, 2, 10, 8, 17, 16, 9, 19, 12, 1, 0, 15, 6, 3]",1320.5,5.053061008453369
"[14, 7, 5, 4, 11, 18, 13, 2, 10, 8, 17, 16, 9, 19, 12, 1, 0, 15, 6, 3]",1320.5,"[14, 7, 5, 4, 11, 18, 13, 2, 10, 8, 17, 16, 9, 19, 12, 1, 0, 15, 6, 3]",1320.5,5.116056203842163
"[14, 7, 5, 4, 11, 18, 13, 2, 10, 8, 17, 16, 9, 19, 12, 1, 0, 15, 6, 3]",1320.5,"[14, 7, 5, 4, 11, 18, 13, 2, 10, 8, 17, 16, 9, 19, 12, 1, 0, 15, 6, 3]",1320.5,5.183063983917236
"[14, 7, 5, 4, 11, 18, 13, 2, 10, 8, 17, 16, 9, 6, 12, 1, 0, 15, 19, 3]",1319.5,"[14, 7, 5, 4, 11, 18, 13, 2, 10, 8, 17, 16, 9, 6, 12, 1, 0, 15, 19, 3]",1319.5,5.249065399169922
"[14, 7, 5, 4, 11, 18, 13, 2, 10, 8, 17, 16, 9, 6, 12, 1, 0, 15, 19, 3]",1319.5,"[14, 7, 5, 4, 11, 18, 13, 2, 10, 8, 17, 16, 9, 6, 12, 1, 0, 15, 19, 3]",1319.5,5.312061786651611
"[14, 7, 5, 4, 11, 18, 13, 2, 10, 8, 17, 16, 9, 6, 12, 1, 0, 15, 19, 3]",1319.5,"[14, 7, 5, 4, 11, 18, 13, 2, 10, 8, 17, 16, 9, 6, 12, 1, 0, 15, 19, 3]",1319.5,5.3780577182769775
"[14, 7, 5, 4, 11, 18, 13, 2, 10, 8, 17, 16, 9, 6, 12, 1, 0, 15, 19, 3]",1319.5,"[14, 7, 5, 4, 11, 18, 13, 2, 10, 8, 17, 16, 9, 6, 12, 1, 0, 15, 19, 3]",1319.5,5.4440598487854
"[14, 7, 5, 4, 11, 18, 13, 2, 10, 8, 17, 16, 9, 6, 12, 1, 0, 15, 19, 3]",1319.5,"[14, 7, 5, 4, 11, 18, 13, 2, 10, 8, 17, 16, 9, 6, 12, 1, 0, 15, 19, 3]",1319.5,5.51006007194519
"[14, 7, 5, 4, 11, 18, 13, 2, 10, 8, 17, 16, 9, 6, 12, 1, 0, 15, 19, 3]",1319.5,"[14, 7, 5, 4, 11, 18, 13, 2, 10, 8, 17, 16, 9, 6, 12, 1, 0, 15, 19, 3]",1319.5,5.5790629386901855
"[14, 7, 5, 4, 11, 18, 13, 2, 10, 8, 17, 16, 9, 6, 12, 1, 0, 15, 19, 3]",1319.5,"[14, 7, 5, 4, 11, 18, 13, 2, 10, 8, 17, 16, 9, 6, 12, 1, 0, 15, 19, 3]",1319.5,5.647062540054321
"[14, 7, 5, 4, 11, 18, 13, 2, 10, 8, 17, 16, 9, 6, 12, 1, 0, 15, 19, 3]",1319.5,"[14, 7, 5, 4, 11, 18, 13, 2, 10, 8, 17, 16, 9, 6, 12, 1, 0, 15, 19, 3]",1319.5,5.715061187744141
"[14, 7, 5, 4, 11, 18, 13, 2, 10, 8, 17, 16, 9, 6, 12, 1, 0, 15, 19, 3]",1319.5,"[14, 7, 5, 4, 11, 18, 13, 2, 10, 8, 17, 16, 9, 6, 12, 1, 0, 15, 19, 3]",1319.5,5.783066749572754
"[14, 7, 5, 4, 11, 18, 13, 2, 10, 8, 17, 16, 9, 6, 12, 1, 0, 15, 19, 3]",1319.5,"[14, 7, 5, 4, 11, 18, 13, 2, 10, 8, 17, 16, 9, 6, 12, 1, 0, 15, 19, 3]",1319.5,5.850066661834717
"[14, 7, 5, 4, 11, 18, 13, 2, 10, 8, 17, 16, 9, 6, 12, 1, 0, 15, 19, 3]",1319.5,"[14, 7, 5, 4, 11, 18, 13, 2, 10, 8, 17, 16, 9, 6, 12, 1, 0, 15, 19, 3]",1319.5,5.915065288543701
"[14, 7, 5, 4, 11, 18, 13, 2, 10, 8, 17, 16, 9, 6, 12, 1, 0, 15, 19, 3]",1319.5,"[14, 7, 5, 4, 11, 18, 13, 2, 10, 8, 17, 16, 9, 6, 12, 1, 0, 15, 19, 3]",1319.5,5.984068155288696
"[14, 7, 5, 4, 11, 18, 13, 2, 10, 8, 17, 16, 9, 6, 12, 1, 0, 15, 19, 3]",1319.5,"[14, 7, 5, 4, 11, 18, 13, 2, 10, 8, 17, 16, 9, 6, 12, 1, 0, 15, 19, 3]",1319.5,6.05107569694519
"[14, 7, 5, 4, 11, 18, 13, 2, 10, 8, 17, 16, 9, 6, 12, 1, 0, 15, 19, 3]",1319.5,"[14, 7, 5, 4, 11, 18, 13, 2, 10, 8, 17, 16, 9, 6, 12, 1, 0, 15, 19, 3]",1319.5,6.1130759716033936
"[14, 7, 5, 4, 11, 18, 13, 2, 10, 8, 17, 16, 9, 6, 12, 1, 0, 15, 19, 3]",1319.5,"[14, 7, 5, 4, 11, 18, 13, 2, 10, 8, 17, 16, 9, 6, 12, 1, 0, 15, 19, 3]",1319.5,6.178064584732056
"[14, 7, 5, 4, 11, 18, 13, 2, 10, 8, 17, 16, 9, 6, 12, 1, 0, 15, 19, 3]",1319.5,"[14, 7, 5, 4, 11, 18, 13, 2, 10, 8, 17, 16, 9, 6, 12, 1, 0, 15, 19, 3]",1319.5,6.242067337036133
"[14, 7, 5, 4, 11, 18, 13, 2, 10, 8, 17, 16, 9, 6, 12, 1, 0, 15, 19, 3]",1319.5,"[14, 7, 5, 4, 11, 18, 13, 2, 10, 8, 17, 16, 9, 6, 12, 1, 0, 15, 19, 3]",1319.5,6.312072277069092
"[14, 7, 5, 4, 11, 18, 13, 2, 10, 8, 17, 16, 9, 6, 12, 1, 0, 15, 19, 3]",1319.5,"[14, 7, 5, 4, 11, 18, 13, 2, 10, 8, 17, 16, 9, 6, 12, 1, 0, 15, 19, 3]",1319.5,6.378074884414673
"[14, 7, 5, 4, 11, 18, 13, 2, 10, 8, 17, 16, 9, 6, 12, 1, 0, 15, 19, 3]",1319.5,"[14, 7, 5, 4, 11, 18, 13, 2, 10, 8, 17, 16, 9, 6, 12, 1, 0, 15, 19, 3]",1319.5,6.444072484970093
"[14, 7, 5, 4, 11, 18, 13, 2, 10, 8, 17, 16, 9, 6, 12, 1, 0, 15, 19, 3]",1319.5,"[14, 7, 5, 4, 11, 18, 13, 2, 10, 8, 17, 16, 9, 6, 12, 1, 0, 15, 19, 3]",1319.5,6.511068820953369
"[14, 7, 5, 4, 11, 18, 13, 2, 10, 8, 17, 16, 9, 6, 12, 1, 0, 15, 19, 3]",1319.5,"[14, 7, 5, 4, 11, 18, 13, 2, 10, 8, 17, 16, 9, 6, 12, 1, 0, 15, 19, 3]",1319.5,6.578077077865601
"[14, 7, 5, 4, 11, 18, 13, 2, 10, 8, 17, 16, 9, 6, 12, 1, 0, 15, 19, 3]",1319.5,"[14, 7, 5, 4, 11, 18, 13, 2, 10, 8, 17, 16, 9, 6, 12, 1, 0, 15, 19, 3]",1319.5,6.641077041625977
"[14, 7, 5, 4, 11, 18, 13, 2, 10, 8, 17, 16, 9, 6, 12, 1, 0, 15, 19, 3]",1319.5,"[14, 7, 5, 4, 11, 18, 13, 2, 10, 8, 17, 16, 9, 6, 12, 1, 0, 15, 19, 3]",1319.5,6.7060747146606445
"[14, 7, 5, 4, 11, 18, 13, 2, 10, 8, 17, 16, 9, 6, 12, 1, 0, 15, 19, 3]",1319.5,"[14, 7, 5, 4, 11, 18, 13, 2, 10, 8, 17, 16, 9, 6, 12, 1, 0, 15, 19, 3]",1319.5,6.770073413848877
"[14, 7, 5, 4, 11, 18, 13, 2, 10, 8, 17, 16, 9, 6, 12, 1, 0, 15, 19, 3]",1319.5,"[14, 7, 5, 4, 11, 18, 13, 2, 10, 8, 17, 16, 9, 6, 12, 1, 0, 15, 19, 3]",1319.5,6.83707332611084
"[14, 7, 5, 4, 11, 18, 13, 2, 10, 8, 17, 16, 9, 6, 12, 1, 0, 15, 19, 3]",1319.5,"[14, 7, 5, 4, 11, 18, 13, 2, 10, 8, 17, 16, 9, 6, 12, 1, 0, 15, 19, 3]",1319.5,6.903180360794067
"[14, 7, 5, 4, 11, 18, 13, 2, 10, 8, 17, 16, 9, 6, 12, 1, 0, 15, 19, 3]",1319.5,"[14, 7, 5, 4, 11, 18, 13, 2, 10, 8, 17, 16, 9, 6, 12, 1, 0, 15, 19, 3]",1319.5,6.969074249267578
"[14, 7, 5, 4, 11, 18, 13, 2, 10, 8, 17, 16, 9, 6, 12, 1, 0, 15, 19, 3]",1319.5,"[14, 7, 5, 4, 11, 18, 13, 2, 10, 8, 17, 16, 9, 6, 12, 1, 0, 15, 19, 3]",1319.5,7.034090280532837
"[14, 7, 5, 4, 11, 18, 13, 2, 10, 8, 17, 16, 9, 6, 12, 1, 0, 15, 19, 3]",1319.5,"[14, 7, 5, 4, 11, 18, 13, 2, 10, 8, 17, 16, 9, 6, 12, 1, 0, 15, 19, 3]",1319.5,7.100083827972412
"[14, 7, 5, 4, 11, 18, 13, 2, 10, 8, 17, 16, 9, 6, 12, 1, 0, 15, 19, 3]",1319.5,"[14, 7, 5, 4, 11, 18, 13, 2, 10, 8, 17, 16, 9, 6, 12, 1, 0, 15, 19, 3]",1319.5,7.164079189300537
"[14, 7, 5, 4, 11, 18, 13, 2, 10, 8, 17, 16, 9, 6, 12, 1, 0, 15, 19, 3]",1319.5,"[14, 7, 5, 4, 11, 18, 13, 2, 10, 8, 17, 16, 9, 6, 12, 1, 0, 15, 19, 3]",1319.5,7.2280802726745605
"[14, 7, 5, 4, 11, 18, 13, 2, 10, 8, 17, 16, 9, 6, 12, 1, 0, 15, 19, 3]",1319.5,"[14, 7, 5, 4, 11, 18, 13, 2, 10, 8, 17, 16, 9, 6, 12, 1, 0, 15, 19, 3]",1319.5,7.2900800704956055
"[14, 7, 5, 4, 11, 18, 13, 2, 10, 8, 17, 16, 9, 6, 12, 1, 0, 15, 19, 3]",1319.5,"[14, 7, 5, 4, 11, 18, 13, 2, 10, 8, 17, 16, 9, 6, 12, 1, 0, 15, 19, 3]",1319.5,7.357078790664673
"[14, 7, 5, 4, 11, 18, 13, 2, 10, 8, 17, 16, 9, 6, 12, 1, 0, 15, 19, 3]",1319.5,"[14, 7, 5, 4, 11, 18, 13, 2, 10, 8, 17, 16, 9, 6, 12, 1, 0, 15, 19, 3]",1319.5,7.423086404800415
"[14, 7, 5, 4, 11, 18, 13, 2, 10, 8, 17, 16, 9, 6, 12, 1, 0, 15, 19, 3]",1319.5,"[14, 7, 5, 4, 11, 18, 13, 2, 10, 8, 17, 16, 9, 6, 12, 1, 0, 15, 19, 3]",1319.5,7.4890830516815186
"[14, 7, 5, 4, 11, 18, 13, 2, 10, 8, 17, 16, 9, 6, 12, 1, 0, 15, 19, 3]",1319.5,"[14, 7, 5, 4, 11, 18, 13, 2, 10, 8, 17, 16, 9, 6, 12, 1, 0, 15, 19, 3]",1319.5,7.556082010269165
"[14, 7, 5, 4, 11, 18, 13, 2, 10, 8, 17, 16, 9, 6, 12, 1, 0, 15, 19, 3]",1319.5,"[14, 7, 5, 4, 11, 18, 13, 2, 10, 8, 17, 16, 9, 6, 12, 1, 0, 15, 19, 3]",1319.5,7.6210832595825195
"[14, 7, 5, 4, 11, 18, 13, 2, 10, 8, 17, 16, 9, 6, 12, 1, 0, 15, 19, 3]",1319.5,"[14, 7, 5, 4, 11, 18, 13, 2, 10, 8, 17, 16, 9, 6, 12, 1, 0, 15, 19, 3]",1319.5,7.6852006912231445
"[14, 7, 5, 4, 11, 18, 13, 2, 10, 8, 17, 16, 9, 6, 12, 1, 0, 15, 19, 3]",1319.5,"[14, 7, 5, 4, 11, 18, 13, 2, 10, 8, 17, 16, 9, 6, 12, 1, 0, 15, 19, 3]",1319.5,7.750095844268799
"[14, 7, 5, 4, 11, 18, 13, 2, 10, 8, 17, 16, 9, 6, 12, 1, 0, 15, 19, 3]",1319.5,"[14, 7, 5, 4, 11, 18, 13, 2, 10, 8, 17, 16, 9, 6, 12, 1, 0, 15, 19, 3]",1319.5,7.816082954406738
"[14, 7, 5, 4, 11, 18, 13, 2, 10, 8, 17, 16, 9, 6, 12, 1, 0, 15, 19, 3]",1319.5,"[14, 7, 5, 4, 11, 18, 13, 2, 10, 8, 17, 16, 9, 6, 12, 1, 0, 15, 19, 3]",1319.5,7.883087158203125
"[14, 7, 5, 4, 11, 18, 13, 2, 10, 8, 17, 16, 9, 6, 12, 1, 0, 15, 19, 3]",1319.5,"[14, 7, 5, 4, 11, 18, 13, 2, 10, 8, 17, 16, 9, 6, 12, 1, 0, 15, 19, 3]",1319.5,7.951082944869995
"[14, 7, 5, 4, 11, 18, 13, 2, 10, 8, 17, 16, 9, 6, 12, 1, 0, 15, 19, 3]",1319.5,"[14, 7, 5, 4, 11, 18, 13, 2, 10, 8, 17, 16, 9, 6, 12, 1, 0, 15, 19, 3]",1319.5,8.017083406448364
"[14, 7, 5, 4, 11, 18, 13, 2, 10, 8, 17, 16, 9, 6, 12, 1, 0, 15, 19, 3]",1319.5,"[14, 7, 5, 4, 11, 18, 13, 2, 10, 8, 17, 16, 9, 6, 12, 1, 0, 15, 19, 3]",1319.5,8.08508038520813
"[14, 7, 5, 4, 11, 18, 13, 2, 10, 8, 17, 16, 9, 6, 12, 1, 0, 15, 19, 3]",1319.5,"[14, 7, 5, 4, 11, 18, 13, 2, 10, 8, 17, 16, 9, 6, 12, 1, 0, 15, 19, 3]",1319.5,8.15108871459961
"[14, 7, 5, 4, 11, 18, 13, 2, 10, 8, 17, 16, 9, 6, 12, 1, 0, 15, 19, 3]",1319.5,"[14, 7, 5, 4, 11, 18, 13, 2, 10, 8, 17, 16, 9, 6, 12, 1, 0, 15, 19, 3]",1319.5,8.218090057373047
"[14, 7, 5, 4, 11, 18, 13, 2, 10, 8, 17, 16, 9, 6, 12, 1, 0, 15, 19, 3]",1319.5,"[14, 7, 5, 4, 11, 18, 13, 2, 10, 8, 17, 16, 9, 6, 12, 1, 0, 15, 19, 3]",1319.5,8.284089088439941
"[14, 7, 5, 4, 11, 18, 13, 2, 10, 8, 17, 16, 9, 6, 12, 1, 0, 15, 19, 3]",1319.5,"[14, 7, 5, 4, 11, 18, 13, 2, 10, 8, 17, 16, 9, 6, 12, 1, 0, 15, 19, 3]",1319.5,8.351091861724854
"[14, 7, 5, 4, 11, 18, 13, 2, 10, 8, 17, 16, 9, 6, 12, 1, 0, 15, 19, 3]",1319.5,"[14, 7, 5, 4, 11, 18, 13, 2, 10, 8, 17, 16, 9, 6, 12, 1, 0, 15, 19, 3]",1319.5,8.4160897731781
"[14, 7, 5, 4, 11, 18, 13, 2, 10, 8, 17, 16, 9, 6, 12, 1, 0, 15, 19, 3]",1319.5,"[14, 7, 5, 4, 11, 18, 13, 2, 10, 8, 17, 16, 9, 6, 12, 1, 0, 15, 19, 3]",1319.5,8.483096361160278
"[14, 7, 5, 4, 11, 18, 13, 2, 10, 8, 17, 16, 9, 6, 12, 1, 0, 15, 19, 3]",1319.5,"[14, 7, 5, 4, 11, 18, 13, 2, 10, 8, 17, 16, 9, 6, 12, 1, 0, 15, 19, 3]",1319.5,8.549090147018433
"[14, 7, 5, 4, 11, 18, 13, 2, 10, 8, 17, 16, 9, 6, 12, 1, 0, 15, 19, 3]",1319.5,"[14, 7, 5, 4, 11, 18, 13, 2, 10, 8, 17, 16, 9, 6, 12, 1, 0, 15, 19, 3]",1319.5,8.614087343215942
"[14, 7, 5, 4, 11, 18, 13, 2, 10, 8, 17, 16, 9, 6, 12, 1, 0, 15, 19, 3]",1319.5,"[14, 7, 5, 4, 11, 18, 13, 2, 10, 8, 17, 16, 9, 6, 12, 1, 0, 15, 19, 3]",1319.5,8.679093599319458
"[14, 7, 5, 4, 11, 18, 13, 2, 10, 8, 17, 16, 9, 6, 12, 1, 0, 15, 19, 3]",1319.5,"[14, 7, 5, 4, 11, 18, 13, 2, 10, 8, 17, 16, 9, 6, 12, 1, 0, 15, 19, 3]",1319.5,8.748098611831665
"[14, 7, 5, 4, 11, 18, 13, 2, 10, 8, 17, 16, 9, 6, 12, 1, 0, 15, 19, 3]",1319.5,"[14, 7, 5, 4, 11, 18, 13, 2, 10, 8, 17, 16, 9, 6, 12, 1, 0, 15, 19, 3]",1319.5,8.816097974777222
"[14, 7, 5, 4, 11, 18, 13, 2, 10, 8, 17, 16, 9, 6, 12, 1, 0, 15, 19, 3]",1319.5,"[14, 7, 5, 4, 11, 18, 13, 2, 10, 8, 17, 16, 9, 6, 12, 1, 0, 15, 19, 3]",1319.5,8.884099006652832
"[14, 7, 5, 4, 11, 18, 13, 2, 10, 8, 17, 16, 9, 6, 12, 1, 0, 15, 19, 3]",1319.5,"[14, 7, 5, 4, 11, 18, 13, 2, 10, 8, 17, 16, 9, 6, 12, 1, 0, 15, 19, 3]",1319.5,8.947094917297363
"[14, 7, 5, 4, 11, 18, 13, 2, 10, 8, 17, 16, 9, 6, 12, 1, 0, 15, 19, 3]",1319.5,"[14, 7, 5, 4, 11, 18, 13, 2, 10, 8, 17, 16, 9, 6, 12, 1, 0, 15, 19, 3]",1319.5,9.01509714126587
"[14, 7, 5, 4, 11, 18, 13, 2, 10, 8, 17, 16, 9, 6, 12, 1, 0, 15, 19, 3]",1319.5,"[14, 7, 5, 4, 11, 18, 13, 2, 10, 8, 17, 16, 9, 6, 12, 1, 0, 15, 19, 3]",1319.5,9.081153869628906
"[14, 7, 5, 4, 11, 18, 13, 2, 10, 8, 17, 16, 9, 6, 12, 1, 0, 15, 19, 3]",1319.5,"[14, 7, 5, 4, 11, 18, 13, 2, 10, 8, 17, 16, 9, 6, 12, 1, 0, 15, 19, 3]",1319.5,9.1441011428833
"[14, 7, 5, 4, 11, 18, 13, 2, 10, 8, 17, 16, 9, 6, 12, 1, 0, 15, 19, 3]",1319.5,"[14, 7, 5, 4, 11, 18, 13, 2, 10, 8, 17, 16, 9, 6, 12, 1, 0, 15, 19, 3]",1319.5,9.20809817314148
"[14, 7, 5, 4, 11, 18, 13, 2, 10, 8, 17, 16, 9, 6, 12, 1, 0, 15, 19, 3]",1319.5,"[14, 7, 5, 4, 11, 18, 13, 2, 10, 8, 17, 16, 9, 6, 12, 1, 0, 15, 19, 3]",1319.5,9.27410340309143
"[14, 7, 5, 4, 11, 18, 13, 2, 10, 8, 17, 16, 9, 6, 12, 1, 0, 15, 19, 3]",1319.5,"[14, 7, 5, 4, 11, 18, 13, 2, 10, 8, 17, 16, 9, 6, 12, 1, 0, 15, 19, 3]",1319.5,9.33911681175232
"[14, 7, 5, 4, 11, 18, 13, 2, 10, 8, 17, 16, 9, 6, 12, 1, 0, 15, 19, 3]",1319.5,"[14, 7, 5, 4, 11, 18, 13, 2, 10, 8, 17, 16, 9, 6, 12, 1, 0, 15, 19, 3]",1319.5,9.402108669281006
"[14, 7, 5, 4, 11, 18, 13, 2, 10, 8, 17, 16, 9, 6, 12, 1, 0, 15, 19, 3]",1319.5,"[14, 7, 5, 4, 11, 18, 13, 2, 10, 8, 17, 16, 9, 6, 12, 1, 0, 15, 19, 3]",1319.5,9.465101480484009
"[14, 7, 5, 4, 11, 18, 13, 2, 10, 8, 17, 16, 9, 6, 12, 1, 0, 15, 19, 3]",1319.5,"[14, 7, 5, 4, 11, 18, 13, 2, 10, 8, 17, 16, 9, 6, 12, 1, 0, 15, 19, 3]",1319.5,9.532103776931763
"[14, 7, 5, 4, 11, 18, 13, 2, 10, 8, 17, 16, 9, 6, 12, 1, 0, 15, 19, 3]",1319.5,"[14, 7, 5, 4, 11, 18, 13, 2, 10, 8, 17, 16, 9, 6, 12, 1, 0, 15, 19, 3]",1319.5,9.59510350227356
"[14, 7, 5, 4, 11, 18, 13, 2, 10, 8, 17, 16, 9, 6, 12, 1, 0, 15, 19, 3]",1319.5,"[14, 7, 5, 4, 11, 18, 13, 2, 10, 8, 17, 16, 9, 6, 12, 1, 0, 15, 19, 3]",1319.5,9.696104526519775
"[14, 7, 5, 4, 11, 18, 13, 2, 10, 8, 17, 16, 9, 6, 12, 1, 0, 15, 19, 3]",1319.5,"[14, 7, 5, 4, 11, 18, 13, 2, 10, 8, 17, 16, 9, 6, 12, 1, 0, 15, 19, 3]",1319.5,9.761106014251709
"[14, 7, 5, 4, 11, 18, 13, 2, 10, 8, 17, 16, 9, 6, 12, 1, 0, 15, 19, 3]",1319.5,"[14, 7, 5, 4, 11, 18, 13, 2, 10, 8, 17, 16, 9, 6, 12, 1, 0, 15, 19, 3]",1319.5,9.827104091644287
"[14, 7, 5, 4, 11, 18, 13, 2, 10, 8, 17, 16, 9, 6, 12, 1, 0, 15, 19, 3]",1319.5,"[14, 7, 5, 4, 11, 18, 13, 2, 10, 8, 17, 16, 9, 6, 12, 1, 0, 15, 19, 3]",1319.5,9.89311170578003
"[14, 7, 5, 4, 11, 18, 13, 2, 10, 8, 17, 16, 9, 6, 12, 1, 0, 15, 19, 3]",1319.5,"[14, 7, 5, 4, 11, 18, 13, 2, 10, 8, 17, 16, 9, 6, 12, 1, 0, 15, 19, 3]",1319.5,9.959107398986816
"[14, 7, 5, 4, 11, 18, 13, 2, 10, 8, 17, 16, 9, 6, 12, 1, 0, 15, 19, 3]",1319.5,"[14, 7, 5, 4, 11, 18, 13, 2, 10, 8, 17, 16, 9, 6, 12, 1, 0, 15, 19, 3]",1319.5,10.026111602783203
"[14, 7, 5, 4, 11, 18, 13, 2, 10, 8, 17, 16, 9, 6, 12, 1, 0, 15, 19, 3]",1319.5,"[14, 7, 5, 4, 11, 18, 13, 2, 10, 8, 17, 16, 9, 6, 12, 1, 0, 15, 19, 3]",1319.5,10.092115879058838
"[14, 7, 5, 4, 11, 18, 13, 2, 10, 8, 17, 16, 9, 6, 12, 1, 0, 15, 19, 3]",1319.5,"[14, 7, 5, 4, 11, 18, 13, 2, 10, 8, 17, 16, 9, 6, 12, 1, 0, 15, 19, 3]",1319.5,10.159109354019165
"[14, 7, 5, 4, 11, 18, 13, 2, 10, 8, 17, 16, 9, 6, 12, 1, 0, 15, 19, 3]",1319.5,"[14, 7, 5, 4, 11, 18, 13, 2, 10, 8, 17, 16, 9, 6, 12, 1, 0, 15, 19, 3]",1319.5,10.22711181640625
"[14, 7, 5, 4, 11, 18, 13, 2, 10, 8, 17, 16, 9, 6, 12, 1, 0, 15, 19, 3]",1319.5,"[14, 7, 5, 4, 11, 18, 13, 2, 10, 8, 17, 16, 9, 6, 12, 1, 0, 15, 19, 3]",1319.5,10.294110536575317
"[14, 7, 5, 4, 11, 18, 13, 2, 10, 8, 17, 16, 9, 6, 12, 1, 0, 15, 19, 3]",1319.5,"[14, 7, 5, 4, 11, 18, 13, 2, 10, 8, 17, 16, 9, 6, 12, 1, 0, 15, 19, 3]",1319.5,10.36210823059082
"[14, 7, 5, 4, 11, 18, 13, 2, 10, 8, 17, 16, 9, 6, 12, 1, 0, 15, 19, 3]",1319.5,"[14, 7, 5, 4, 11, 18, 13, 2, 10, 8, 17, 16, 9, 6, 12, 1, 0, 15, 19, 3]",1319.5,10.42611026763916
"[14, 7, 5, 4, 11, 18, 13, 2, 10, 8, 17, 16, 9, 6, 12, 1, 0, 15, 19, 3]",1319.5,"[14, 7, 5, 4, 11, 18, 13, 2, 10, 8, 17, 16, 9, 6, 12, 1, 0, 15, 19, 3]",1319.5,10.493111610412598
"[14, 7, 5, 4, 11, 18, 13, 2, 10, 8, 17, 16, 9, 6, 12, 1, 0, 15, 19, 3]",1319.5,"[14, 7, 5, 4, 11, 18, 13, 2, 10, 8, 17, 16, 9, 6, 12, 1, 0, 15, 19, 3]",1319.5,10.559115171432495
"[14, 7, 5, 4, 11, 18, 13, 2, 10, 8, 17, 16, 9, 6, 12, 1, 0, 15, 19, 3]",1319.5,"[14, 7, 5, 4, 11, 18, 13, 2, 10, 8, 17, 16, 9, 6, 12, 1, 0, 15, 19, 3]",1319.5,10.62411642074585
"[14, 7, 5, 4, 11, 18, 13, 2, 10, 8, 17, 16, 9, 6, 12, 1, 0, 15, 19, 3]",1319.5,"[14, 7, 5, 4, 11, 18, 13, 2, 10, 8, 17, 16, 9, 6, 12, 1, 0, 15, 19, 3]",1319.5,10.6901113986969
"[14, 7, 5, 4, 11, 18, 13, 2, 10, 8, 17, 16, 9, 6, 12, 1, 0, 15, 19, 3]",1319.5,"[14, 7, 5, 4, 11, 18, 13, 2, 10, 8, 17, 16, 9, 6, 12, 1, 0, 15, 19, 3]",1319.5,10.753118753433228
"[14, 7, 5, 4, 11, 18, 13, 2, 10, 8, 17, 16, 9, 6, 12, 1, 0, 15, 19, 3]",1319.5,"[14, 7, 5, 4, 11, 18, 13, 2, 10, 8, 17, 16, 9, 6, 12, 1, 0, 15, 19, 3]",1319.5,10.821112394332886
"[14, 7, 5, 4, 11, 18, 13, 2, 10, 8, 17, 16, 9, 6, 12, 1, 0, 15, 19, 3]",1319.5,"[14, 7, 5, 4, 11, 18, 13, 2, 10, 8, 17, 16, 9, 6, 12, 1, 0, 15, 19, 3]",1319.5,10.887118339538574
"[14, 7, 5, 4, 11, 18, 13, 2, 10, 8, 17, 16, 9, 6, 12, 1, 0, 15, 19, 3]",1319.5,"[14, 7, 5, 4, 11, 18, 13, 2, 10, 8, 17, 16, 9, 6, 12, 1, 0, 15, 19, 3]",1319.5,10.956118106842041
"[14, 7, 5, 4, 11, 18, 13, 2, 10, 8, 17, 16, 9, 6, 12, 1, 0, 15, 19, 3]",1319.5,"[14, 7, 5, 4, 11, 18, 13, 2, 10, 8, 17, 16, 9, 6, 12, 1, 0, 15, 19, 3]",1319.5,11.022118091583252
"[14, 7, 5, 4, 11, 18, 13, 2, 10, 8, 17, 16, 9, 6, 12, 1, 0, 15, 19, 3]",1319.5,"[14, 7, 5, 4, 11, 18, 13, 2, 10, 8, 17, 16, 9, 6, 12, 1, 0, 15, 19, 3]",1319.5,11.085129499435425
"[14, 7, 5, 4, 11, 18, 13, 2, 10, 8, 17, 16, 9, 6, 12, 1, 0, 15, 19, 3]",1319.5,"[14, 7, 5, 4, 11, 18, 13, 2, 10, 8, 17, 16, 9, 6, 12, 1, 0, 15, 19, 3]",1319.5,11.152119874954224
"[14, 7, 5, 4, 11, 18, 13, 2, 10, 8, 17, 16, 9, 6, 12, 1, 0, 15, 19, 3]",1319.5,"[14, 7, 5, 4, 11, 18, 13, 2, 10, 8, 17, 16, 9, 6, 12, 1, 0, 15, 19, 3]",1319.5,11.216117143630981
"[14, 7, 5, 4, 11, 18, 13, 2, 10, 8, 17, 16, 9, 6, 12, 1, 0, 15, 19, 3]",1319.5,"[14, 7, 5, 4, 11, 18, 13, 2, 10, 8, 17, 16, 9, 6, 12, 1, 0, 15, 19, 3]",1319.5,11.282136917114258
"[14, 7, 5, 4, 11, 18, 13, 2, 10, 8, 17, 16, 9, 6, 12, 1, 0, 15, 19, 3]",1319.5,"[14, 7, 5, 4, 11, 18, 13, 2, 10, 8, 17, 16, 9, 6, 12, 1, 0, 15, 19, 3]",1319.5,11.348137855529785
"[14, 7, 5, 4, 11, 18, 13, 2, 10, 8, 17, 16, 9, 6, 12, 1, 0, 15, 19, 3]",1319.5,"[14, 7, 5, 4, 11, 18, 13, 2, 10, 8, 17, 16, 9, 6, 12, 1, 0, 15, 19, 3]",1319.5,11.418123960494995
"[14, 7, 5, 4, 11, 18, 13, 2, 10, 8, 17, 16, 9, 6, 12, 1, 0, 15, 19, 3]",1319.5,"[14, 7, 5, 4, 11, 18, 13, 2, 10, 8, 17, 16, 9, 6, 12, 1, 0, 15, 19, 3]",1319.5,11.492123126983643
"[14, 7, 5, 4, 11, 18, 13, 2, 10, 8, 17, 16, 9, 6, 12, 1, 0, 15, 19, 3]",1319.5,"[14, 7, 5, 4, 11, 18, 13, 2, 10, 8, 17, 16, 9, 6, 12, 1, 0, 15, 19, 3]",1319.5,11.565120935440063
"[14, 7, 5, 4, 11, 18, 13, 2, 10, 8, 17, 16, 9, 6, 12, 1, 0, 15, 19, 3]",1319.5,"[14, 7, 5, 4, 11, 18, 13, 2, 10, 8, 17, 16, 9, 6, 12, 1, 0, 15, 19, 3]",1319.5,11.640169858932495
"[14, 7, 5, 4, 11, 18, 13, 2, 10, 8, 17, 16, 9, 6, 12, 1, 0, 15, 19, 3]",1319.5,"[14, 7, 5, 4, 11, 18, 13, 2, 10, 8, 17, 16, 9, 6, 12, 1, 0, 15, 19, 3]",1319.5,11.707125425338745
"[14, 7, 5, 4, 11, 18, 13, 2, 10, 8, 17, 16, 9, 6, 12, 1, 0, 15, 19, 3]",1319.5,"[14, 7, 5, 4, 11, 18, 13, 2, 10, 8, 17, 16, 9, 6, 12, 1, 0, 15, 19, 3]",1319.5,11.774127960205078
"[14, 7, 5, 4, 11, 18, 13, 2, 10, 8, 17, 16, 9, 6, 12, 1, 0, 15, 19, 3]",1319.5,"[14, 7, 5, 4, 11, 18, 13, 2, 10, 8, 17, 16, 9, 6, 12, 1, 0, 15, 19, 3]",1319.5,11.841125726699829
"[14, 7, 5, 4, 11, 18, 13, 2, 10, 8, 17, 16, 9, 6, 12, 1, 0, 15, 19, 3]",1319.5,"[14, 7, 5, 4, 11, 18, 13, 2, 10, 8, 17, 16, 9, 6, 12, 1, 0, 15, 19, 3]",1319.5,11.910126686096191
"[14, 7, 5, 4, 11, 18, 13, 2, 10, 8, 17, 16, 9, 6, 12, 1, 0, 15, 19, 3]",1319.5,"[14, 7, 5, 4, 11, 18, 13, 2, 10, 8, 17, 16, 9, 6, 12, 1, 0, 15, 19, 3]",1319.5,11.977126598358154
"[14, 7, 5, 4, 11, 18, 13, 2, 10, 8, 17, 16, 9, 6, 12, 1, 0, 15, 19, 3]",1319.5,"[14, 7, 5, 4, 11, 18, 13, 2, 10, 8, 17, 16, 9, 6, 12, 1, 0, 15, 19, 3]",1319.5,12.04713249206543
"[14, 7, 5, 4, 11, 18, 13, 2, 10, 8, 17, 16, 9, 6, 12, 1, 0, 15, 19, 3]",1319.5,"[14, 7, 5, 4, 11, 18, 13, 2, 10, 8, 17, 16, 9, 6, 12, 1, 0, 15, 19, 3]",1319.5,12.11412763595581
"[14, 7, 5, 4, 11, 18, 13, 2, 10, 8, 17, 16, 9, 6, 12, 1, 0, 15, 19, 3]",1319.5,"[14, 7, 5, 4, 11, 18, 13, 2, 10, 8, 17, 16, 9, 6, 12, 1, 0, 15, 19, 3]",1319.5,12.179132223129272
"[14, 7, 5, 4, 11, 18, 13, 2, 10, 8, 17, 16, 9, 6, 12, 1, 0, 15, 19, 3]",1319.5,"[14, 7, 5, 4, 11, 18, 13, 2, 10, 8, 17, 16, 9, 6, 12, 1, 0, 15, 19, 3]",1319.5,12.247129678726196
"[14, 7, 5, 4, 11, 18, 13, 2, 10, 8, 17, 16, 9, 6, 12, 1, 0, 15, 19, 3]",1319.5,"[14, 7, 5, 4, 11, 18, 13, 2, 10, 8, 17, 16, 9, 6, 12, 1, 0, 15, 19, 3]",1319.5,12.31313443183899
"[14, 7, 5, 4, 11, 18, 13, 2, 10, 8, 17, 16, 9, 6, 12, 1, 0, 15, 19, 3]",1319.5,"[14, 7, 5, 4, 11, 18, 13, 2, 10, 8, 17, 16, 9, 6, 12, 1, 0, 15, 19, 3]",1319.5,12.374133586883545
"[14, 7, 5, 4, 11, 18, 13, 2, 10, 8, 17, 16, 9, 6, 12, 1, 0, 15, 19, 3]",1319.5,"[14, 7, 5, 4, 11, 18, 13, 2, 10, 8, 17, 16, 9, 6, 12, 1, 0, 15, 19, 3]",1319.5,12.441133975982666
"[14, 7, 5, 4, 11, 18, 13, 2, 10, 8, 17, 16, 9, 6, 12, 1, 0, 15, 19, 3]",1319.5,"[14, 7, 5, 4, 11, 18, 13, 2, 10, 8, 17, 16, 9, 6, 12, 1, 0, 15, 19, 3]",1319.5,12.505136966705322
"[14, 7, 5, 4, 11, 18, 13, 2, 10, 8, 17, 16, 9, 6, 12, 1, 0, 15, 19, 3]",1319.5,"[14, 7, 5, 4, 11, 18, 13, 2, 10, 8, 17, 16, 9, 6, 12, 1, 0, 15, 19, 3]",1319.5,12.57213044166565
"[14, 7, 5, 4, 11, 18, 13, 2, 10, 8, 17, 16, 9, 6, 12, 1, 0, 15, 19, 3]",1319.5,"[14, 7, 5, 4, 11, 18, 13, 2, 10, 8, 17, 16, 9, 6, 12, 1, 0, 15, 19, 3]",1319.5,12.638132095336914
"[14, 7, 5, 4, 11, 18, 13, 2, 10, 8, 17, 16, 9, 6, 12, 1, 0, 15, 19, 3]",1319.5,"[14, 7, 5, 4, 11, 18, 13, 2, 10, 8, 17, 16, 9, 6, 12, 1, 0, 15, 19, 3]",1319.5,12.707136154174805
"[14, 7, 5, 4, 11, 18, 13, 2, 10, 8, 17, 16, 9, 6, 12, 1, 0, 15, 19, 3]",1319.5,"[14, 7, 5, 4, 11, 18, 13, 2, 10, 8, 17, 16, 9, 6, 12, 1, 0, 15, 19, 3]",1319.5,12.773144006729126
"[14, 7, 5, 4, 11, 18, 13, 2, 10, 8, 17, 16, 9, 6, 12, 1, 0, 15, 19, 3]",1319.5,"[14, 7, 5, 4, 11, 18, 13, 2, 10, 8, 17, 16, 9, 6, 12, 1, 0, 15, 19, 3]",1319.5,12.83814001083374
"[14, 7, 5, 4, 11, 18, 13, 2, 10, 8, 17, 16, 9, 6, 12, 1, 0, 15, 19, 3]",1319.5,"[14, 7, 5, 4, 11, 18, 13, 2, 10, 8, 17, 16, 9, 6, 12, 1, 0, 15, 19, 3]",1319.5,12.905138492584229
"[14, 7, 5, 4, 11, 18, 13, 2, 10, 8, 17, 16, 9, 6, 12, 1, 0, 15, 19, 3]",1319.5,"[14, 7, 5, 4, 11, 18, 13, 2, 10, 8, 17, 16, 9, 6, 12, 1, 0, 15, 19, 3]",1319.5,12.969135761260986
"[14, 7, 5, 4, 11, 18, 13, 2, 10, 8, 17, 16, 9, 6, 12, 1, 0, 15, 19, 3]",1319.5,"[14, 7, 5, 4, 11, 18, 13, 2, 10, 8, 17, 16, 9, 6, 12, 1, 0, 15, 19, 3]",1319.5,13.03414273262024
"[14, 7, 5, 4, 11, 18, 13, 2, 10, 8, 17, 16, 9, 6, 12, 1, 0, 15, 19, 3]",1319.5,"[14, 7, 5, 4, 11, 18, 13, 2, 10, 8, 17, 16, 9, 6, 12, 1, 0, 15, 19, 3]",1319.5,13.10014295578003
"[14, 7, 5, 4, 11, 18, 13, 2, 10, 8, 17, 16, 9, 6, 12, 1, 0, 15, 19, 3]",1319.5,"[14, 7, 5, 4, 11, 18, 13, 2, 10, 8, 17, 16, 9, 6, 12, 1, 0, 15, 19, 3]",1319.5,13.167137384414673
"[14, 7, 5, 4, 11, 18, 13, 2, 10, 8, 17, 16, 9, 6, 12, 1, 0, 15, 19, 3]",1319.5,"[14, 7, 5, 4, 11, 18, 13, 2, 10, 8, 17, 16, 9, 6, 12, 1, 0, 15, 19, 3]",1319.5,13.235137224197388
