Sequence,Fitness,Best_sequence,Best_fitness,Time
"[0, 1, 2, 3, 4, 5, 6, 7, 8, 9, 10, 11, 12, 13, 14, 15, 16, 17, 18, 19]",766.0,"[0, 1, 2, 3, 4, 5, 6, 7, 8, 9, 10, 11, 12, 13, 14, 15, 16, 17, 18, 19]",766.0,0.0
"[0, 1, 2, 3, 4, 5, 6, 7, 8, 9, 10, 11, 12, 13, 14, 15, 16, 17, 18, 19]",766.0,"[0, 1, 2, 3, 4, 5, 6, 7, 8, 9, 10, 11, 12, 13, 14, 15, 16, 17, 18, 19]",766.0,0.06799769401550293
"[0, 1, 2, 3, 4, 5, 6, 7, 8, 9, 10, 11, 12, 13, 14, 15, 16, 17, 18, 19]",766.0,"[0, 1, 2, 3, 4, 5, 6, 7, 8, 9, 10, 11, 12, 13, 14, 15, 16, 17, 18, 19]",766.0,0.13800287246704102
"[0, 1, 2, 3, 4, 5, 6, 7, 8, 9, 10, 11, 12, 13, 14, 15, 16, 17, 18, 19]",766.0,"[0, 1, 2, 3, 4, 5, 6, 7, 8, 9, 10, 11, 12, 13, 14, 15, 16, 17, 18, 19]",766.0,0.2050471305847168
"[14, 1, 2, 3, 4, 5, 6, 7, 8, 9, 10, 11, 12, 13, 0, 15, 16, 17, 18, 19]",759.5,"[14, 1, 2, 3, 4, 5, 6, 7, 8, 9, 10, 11, 12, 13, 0, 15, 16, 17, 18, 19]",759.5,0.27100205421447754
"[14, 1, 2, 3, 4, 5, 6, 7, 8, 9, 10, 11, 12, 13, 0, 15, 16, 17, 18, 19]",759.5,"[14, 1, 2, 3, 4, 5, 6, 7, 8, 9, 10, 11, 12, 13, 0, 15, 16, 17, 18, 19]",759.5,0.3350043296813965
"[14, 1, 2, 3, 4, 5, 6, 7, 8, 9, 10, 11, 12, 13, 0, 15, 16, 17, 18, 19]",759.5,"[14, 1, 2, 3, 4, 5, 6, 7, 8, 9, 10, 11, 12, 13, 0, 15, 16, 17, 18, 19]",759.5,0.39701151847839355
"[14, 3, 2, 1, 4, 5, 6, 7, 8, 9, 10, 11, 12, 13, 0, 15, 16, 17, 18, 19]",752.0,"[14, 3, 2, 1, 4, 5, 6, 7, 8, 9, 10, 11, 12, 13, 0, 15, 16, 17, 18, 19]",752.0,0.45900583267211914
"[14, 3, 2, 1, 4, 5, 6, 7, 8, 9, 10, 11, 12, 13, 0, 15, 16, 17, 18, 19]",752.0,"[14, 3, 2, 1, 4, 5, 6, 7, 8, 9, 10, 11, 12, 13, 0, 15, 16, 17, 18, 19]",752.0,0.5180084705352783
"[14, 3, 2, 1, 4, 5, 6, 7, 8, 9, 10, 11, 12, 13, 0, 15, 16, 17, 18, 19]",752.0,"[14, 3, 2, 1, 4, 5, 6, 7, 8, 9, 10, 11, 12, 13, 0, 15, 16, 17, 18, 19]",752.0,0.588005542755127
"[14, 3, 2, 1, 4, 5, 6, 7, 8, 16, 10, 11, 12, 13, 0, 15, 9, 17, 18, 19]",732.0,"[14, 3, 2, 1, 4, 5, 6, 7, 8, 16, 10, 11, 12, 13, 0, 15, 9, 17, 18, 19]",732.0,0.6510074138641357
"[14, 3, 2, 1, 4, 5, 6, 7, 8, 16, 10, 11, 12, 13, 0, 15, 9, 17, 18, 19]",732.0,"[14, 3, 2, 1, 4, 5, 6, 7, 8, 16, 10, 11, 12, 13, 0, 15, 9, 17, 18, 19]",732.0,0.7160062789916992
"[14, 3, 2, 1, 4, 5, 6, 7, 8, 16, 10, 11, 12, 13, 0, 15, 9, 17, 18, 19]",732.0,"[14, 3, 2, 1, 4, 5, 6, 7, 8, 16, 10, 11, 12, 13, 0, 15, 9, 17, 18, 19]",732.0,0.7810068130493164
"[14, 3, 2, 1, 4, 5, 6, 7, 8, 16, 10, 11, 12, 13, 0, 15, 9, 17, 18, 19]",732.0,"[14, 3, 2, 1, 4, 5, 6, 7, 8, 16, 10, 11, 12, 13, 0, 15, 9, 17, 18, 19]",732.0,0.8469057083129883
"[14, 3, 2, 1, 4, 5, 6, 7, 8, 16, 10, 11, 12, 13, 0, 15, 9, 17, 18, 19]",732.0,"[14, 3, 2, 1, 4, 5, 6, 7, 8, 16, 10, 11, 12, 13, 0, 15, 9, 17, 18, 19]",732.0,0.9120244979858398
"[14, 3, 2, 1, 4, 5, 6, 7, 8, 16, 10, 11, 12, 13, 0, 15, 9, 17, 18, 19]",732.0,"[14, 3, 2, 1, 4, 5, 6, 7, 8, 16, 10, 11, 12, 13, 0, 15, 9, 17, 18, 19]",732.0,0.9820089340209961
"[14, 3, 2, 1, 4, 5, 6, 7, 8, 16, 10, 11, 12, 13, 0, 15, 9, 17, 18, 19]",732.0,"[14, 3, 2, 1, 4, 5, 6, 7, 8, 16, 10, 11, 12, 13, 0, 15, 9, 17, 18, 19]",732.0,1.0440123081207275
"[14, 3, 2, 1, 4, 5, 6, 7, 8, 16, 10, 11, 12, 13, 0, 15, 9, 17, 18, 19]",732.0,"[14, 3, 2, 1, 4, 5, 6, 7, 8, 16, 10, 11, 12, 13, 0, 15, 9, 17, 18, 19]",732.0,1.1090126037597656
"[14, 3, 2, 1, 4, 5, 6, 7, 8, 16, 10, 11, 12, 13, 0, 15, 9, 17, 18, 19]",732.0,"[14, 3, 2, 1, 4, 5, 6, 7, 8, 16, 10, 11, 12, 13, 0, 15, 9, 17, 18, 19]",732.0,1.176490068435669
"[14, 3, 2, 1, 4, 5, 6, 7, 8, 16, 10, 11, 12, 13, 0, 15, 9, 17, 18, 19]",732.0,"[14, 3, 2, 1, 4, 5, 6, 7, 8, 16, 10, 11, 12, 13, 0, 15, 9, 17, 18, 19]",732.0,1.2440176010131836
"[14, 3, 2, 1, 4, 5, 6, 7, 8, 16, 10, 11, 12, 13, 0, 15, 9, 17, 18, 19]",732.0,"[14, 3, 2, 1, 4, 5, 6, 7, 8, 16, 10, 11, 12, 13, 0, 15, 9, 17, 18, 19]",732.0,1.3110487461090088
"[3, 14, 2, 1, 4, 5, 6, 7, 8, 16, 10, 11, 12, 13, 0, 15, 9, 17, 18, 19]",727.5,"[3, 14, 2, 1, 4, 5, 6, 7, 8, 16, 10, 11, 12, 13, 0, 15, 9, 17, 18, 19]",727.5,1.3780174255371094
"[3, 14, 2, 1, 4, 5, 6, 7, 8, 16, 10, 11, 12, 13, 0, 15, 9, 17, 18, 19]",727.5,"[3, 14, 2, 1, 4, 5, 6, 7, 8, 16, 10, 11, 12, 13, 0, 15, 9, 17, 18, 19]",727.5,1.4430158138275146
"[3, 14, 2, 1, 4, 5, 6, 7, 8, 16, 10, 11, 12, 13, 0, 15, 9, 17, 18, 19]",727.5,"[3, 14, 2, 1, 4, 5, 6, 7, 8, 16, 10, 11, 12, 13, 0, 15, 9, 17, 18, 19]",727.5,1.5120177268981934
"[3, 14, 2, 1, 4, 5, 6, 7, 8, 16, 10, 11, 12, 13, 0, 15, 9, 17, 18, 19]",727.5,"[3, 14, 2, 1, 4, 5, 6, 7, 8, 16, 10, 11, 12, 13, 0, 15, 9, 17, 18, 19]",727.5,1.5780158042907715
"[3, 14, 2, 1, 4, 5, 6, 7, 8, 16, 10, 11, 12, 13, 0, 15, 9, 17, 18, 19]",727.5,"[3, 14, 2, 1, 4, 5, 6, 7, 8, 16, 10, 11, 12, 13, 0, 15, 9, 17, 18, 19]",727.5,1.6490273475646973
"[3, 14, 2, 1, 4, 5, 6, 7, 8, 16, 10, 11, 12, 13, 0, 15, 9, 17, 18, 19]",727.5,"[3, 14, 2, 1, 4, 5, 6, 7, 8, 16, 10, 11, 12, 13, 0, 15, 9, 17, 18, 19]",727.5,1.715440034866333
"[3, 14, 2, 1, 4, 5, 6, 7, 8, 16, 10, 11, 12, 13, 0, 15, 9, 17, 18, 19]",727.5,"[3, 14, 2, 1, 4, 5, 6, 7, 8, 16, 10, 11, 12, 13, 0, 15, 9, 17, 18, 19]",727.5,1.7794482707977295
"[3, 14, 2, 1, 4, 5, 6, 7, 8, 16, 10, 11, 12, 13, 0, 15, 9, 17, 18, 19]",727.5,"[3, 14, 2, 1, 4, 5, 6, 7, 8, 16, 10, 11, 12, 13, 0, 15, 9, 17, 18, 19]",727.5,1.8404462337493896
"[3, 14, 2, 1, 4, 5, 6, 7, 8, 16, 10, 11, 12, 13, 0, 15, 9, 17, 18, 19]",727.5,"[3, 14, 2, 1, 4, 5, 6, 7, 8, 16, 10, 11, 12, 13, 0, 15, 9, 17, 18, 19]",727.5,1.9064455032348633
"[3, 14, 2, 1, 4, 5, 6, 7, 8, 16, 10, 11, 12, 13, 0, 15, 9, 17, 18, 19]",727.5,"[3, 14, 2, 1, 4, 5, 6, 7, 8, 16, 10, 11, 12, 13, 0, 15, 9, 17, 18, 19]",727.5,1.9724481105804443
"[3, 14, 2, 1, 4, 5, 6, 7, 8, 16, 10, 11, 12, 13, 0, 15, 9, 17, 18, 19]",727.5,"[3, 14, 2, 1, 4, 5, 6, 7, 8, 16, 10, 11, 12, 13, 0, 15, 9, 17, 18, 19]",727.5,2.0374484062194824
"[3, 14, 2, 1, 4, 5, 6, 7, 8, 16, 10, 11, 12, 13, 0, 15, 9, 17, 18, 19]",727.5,"[3, 14, 2, 1, 4, 5, 6, 7, 8, 16, 10, 11, 12, 13, 0, 15, 9, 17, 18, 19]",727.5,2.0994486808776855
"[3, 14, 2, 1, 4, 5, 6, 7, 8, 16, 10, 11, 12, 13, 0, 15, 9, 17, 18, 19]",727.5,"[3, 14, 2, 1, 4, 5, 6, 7, 8, 16, 10, 11, 12, 13, 0, 15, 9, 17, 18, 19]",727.5,2.1664609909057617
"[3, 14, 2, 1, 4, 5, 6, 7, 8, 16, 10, 11, 12, 13, 0, 15, 9, 17, 18, 19]",727.5,"[3, 14, 2, 1, 4, 5, 6, 7, 8, 16, 10, 11, 12, 13, 0, 15, 9, 17, 18, 19]",727.5,2.2294557094573975
"[3, 14, 2, 1, 4, 5, 6, 7, 8, 16, 10, 11, 12, 13, 0, 15, 9, 17, 18, 19]",727.5,"[3, 14, 2, 1, 4, 5, 6, 7, 8, 16, 10, 11, 12, 13, 0, 15, 9, 17, 18, 19]",727.5,2.2914583683013916
"[3, 14, 2, 1, 4, 5, 6, 7, 8, 16, 10, 11, 12, 13, 0, 15, 9, 17, 18, 19]",727.5,"[3, 14, 2, 1, 4, 5, 6, 7, 8, 16, 10, 11, 12, 13, 0, 15, 9, 17, 18, 19]",727.5,2.3554561138153076
"[3, 14, 2, 1, 4, 5, 6, 7, 8, 16, 10, 11, 12, 13, 0, 15, 9, 17, 18, 19]",727.5,"[3, 14, 2, 1, 4, 5, 6, 7, 8, 16, 10, 11, 12, 13, 0, 15, 9, 17, 18, 19]",727.5,2.4184587001800537
"[3, 14, 2, 1, 4, 5, 6, 7, 8, 16, 10, 11, 12, 13, 0, 15, 9, 17, 18, 19]",727.5,"[3, 14, 2, 1, 4, 5, 6, 7, 8, 16, 10, 11, 12, 13, 0, 15, 9, 17, 18, 19]",727.5,2.484468698501587
"[3, 14, 2, 1, 4, 5, 6, 7, 8, 16, 10, 11, 12, 13, 0, 15, 9, 17, 18, 19]",727.5,"[3, 14, 2, 1, 4, 5, 6, 7, 8, 16, 10, 11, 12, 13, 0, 15, 9, 17, 18, 19]",727.5,2.553457498550415
"[3, 14, 2, 1, 4, 5, 6, 7, 8, 16, 10, 11, 12, 13, 0, 15, 9, 17, 18, 19]",727.5,"[3, 14, 2, 1, 4, 5, 6, 7, 8, 16, 10, 11, 12, 13, 0, 15, 9, 17, 18, 19]",727.5,2.6194560527801514
"[3, 14, 2, 1, 4, 5, 6, 7, 8, 16, 10, 11, 12, 13, 0, 15, 9, 17, 18, 19]",727.5,"[3, 14, 2, 1, 4, 5, 6, 7, 8, 16, 10, 11, 12, 13, 0, 15, 9, 17, 18, 19]",727.5,2.6914587020874023
"[3, 14, 2, 1, 4, 5, 6, 7, 8, 16, 10, 11, 12, 13, 0, 15, 9, 17, 18, 19]",727.5,"[3, 14, 2, 1, 4, 5, 6, 7, 8, 16, 10, 11, 12, 13, 0, 15, 9, 17, 18, 19]",727.5,2.789454698562622
"[3, 14, 2, 1, 4, 5, 6, 7, 8, 16, 10, 11, 12, 13, 0, 15, 9, 17, 18, 19]",727.5,"[3, 14, 2, 1, 4, 5, 6, 7, 8, 16, 10, 11, 12, 13, 0, 15, 9, 17, 18, 19]",727.5,2.8584651947021484
"[3, 14, 2, 1, 4, 5, 6, 7, 8, 16, 10, 11, 12, 13, 0, 15, 9, 17, 18, 19]",727.5,"[3, 14, 2, 1, 4, 5, 6, 7, 8, 16, 10, 11, 12, 13, 0, 15, 9, 17, 18, 19]",727.5,2.9244906902313232
"[3, 14, 2, 1, 4, 5, 6, 7, 8, 16, 10, 11, 12, 13, 0, 15, 9, 17, 18, 19]",727.5,"[3, 14, 2, 1, 4, 5, 6, 7, 8, 16, 10, 11, 12, 13, 0, 15, 9, 17, 18, 19]",727.5,2.99045991897583
"[3, 14, 2, 1, 4, 5, 6, 7, 8, 16, 10, 11, 12, 13, 0, 15, 9, 17, 18, 19]",727.5,"[3, 14, 2, 1, 4, 5, 6, 7, 8, 16, 10, 11, 12, 13, 0, 15, 9, 17, 18, 19]",727.5,3.0564610958099365
"[3, 14, 2, 1, 4, 5, 6, 7, 8, 16, 10, 11, 12, 13, 0, 15, 9, 17, 18, 19]",727.5,"[3, 14, 2, 1, 4, 5, 6, 7, 8, 16, 10, 11, 12, 13, 0, 15, 9, 17, 18, 19]",727.5,3.1194658279418945
"[3, 14, 2, 1, 4, 5, 6, 7, 8, 16, 10, 11, 12, 13, 0, 15, 9, 17, 18, 19]",727.5,"[3, 14, 2, 1, 4, 5, 6, 7, 8, 16, 10, 11, 12, 13, 0, 15, 9, 17, 18, 19]",727.5,3.184460163116455
"[3, 14, 2, 1, 4, 5, 6, 7, 8, 16, 10, 11, 12, 13, 0, 15, 9, 17, 18, 19]",727.5,"[3, 14, 2, 1, 4, 5, 6, 7, 8, 16, 10, 11, 12, 13, 0, 15, 9, 17, 18, 19]",727.5,3.254460573196411
"[3, 14, 2, 1, 4, 5, 6, 7, 8, 16, 10, 11, 12, 13, 0, 15, 9, 17, 18, 19]",727.5,"[3, 14, 2, 1, 4, 5, 6, 7, 8, 16, 10, 11, 12, 13, 0, 15, 9, 17, 18, 19]",727.5,3.3224666118621826
"[3, 14, 2, 1, 4, 5, 6, 7, 8, 16, 10, 11, 12, 13, 0, 15, 9, 17, 18, 19]",727.5,"[3, 14, 2, 1, 4, 5, 6, 7, 8, 16, 10, 11, 12, 13, 0, 15, 9, 17, 18, 19]",727.5,3.391468048095703
"[3, 14, 2, 1, 4, 5, 6, 7, 8, 16, 10, 11, 12, 13, 0, 15, 9, 17, 18, 19]",727.5,"[3, 14, 2, 1, 4, 5, 6, 7, 8, 16, 10, 11, 12, 13, 0, 15, 9, 17, 18, 19]",727.5,3.4584672451019287
"[3, 14, 2, 1, 4, 5, 6, 7, 8, 16, 10, 11, 12, 13, 0, 15, 9, 17, 18, 19]",727.5,"[3, 14, 2, 1, 4, 5, 6, 7, 8, 16, 10, 11, 12, 13, 0, 15, 9, 17, 18, 19]",727.5,3.5214712619781494
"[3, 14, 2, 1, 4, 5, 6, 7, 8, 16, 10, 11, 12, 13, 0, 15, 9, 17, 18, 19]",727.5,"[3, 14, 2, 1, 4, 5, 6, 7, 8, 16, 10, 11, 12, 13, 0, 15, 9, 17, 18, 19]",727.5,3.585469961166382
"[3, 14, 2, 1, 4, 5, 6, 7, 8, 16, 10, 11, 12, 13, 0, 15, 9, 17, 18, 19]",727.5,"[3, 14, 2, 1, 4, 5, 6, 7, 8, 16, 10, 11, 12, 13, 0, 15, 9, 17, 18, 19]",727.5,3.650479316711426
"[3, 14, 2, 1, 4, 5, 6, 7, 8, 16, 10, 11, 12, 13, 0, 15, 9, 17, 18, 19]",727.5,"[3, 14, 2, 1, 4, 5, 6, 7, 8, 16, 10, 11, 12, 13, 0, 15, 9, 17, 18, 19]",727.5,3.7164740562438965
"[3, 15, 2, 1, 4, 5, 6, 7, 8, 16, 10, 11, 12, 13, 0, 14, 9, 17, 18, 19]",723.5,"[3, 15, 2, 1, 4, 5, 6, 7, 8, 16, 10, 11, 12, 13, 0, 14, 9, 17, 18, 19]",723.5,3.783480405807495
"[3, 15, 2, 1, 4, 5, 6, 7, 8, 16, 10, 11, 12, 13, 0, 14, 9, 17, 18, 19]",723.5,"[3, 15, 2, 1, 4, 5, 6, 7, 8, 16, 10, 11, 12, 13, 0, 14, 9, 17, 18, 19]",723.5,3.8494718074798584
"[3, 15, 2, 1, 4, 5, 6, 7, 8, 16, 10, 11, 12, 13, 0, 14, 9, 17, 18, 19]",723.5,"[3, 15, 2, 1, 4, 5, 6, 7, 8, 16, 10, 11, 12, 13, 0, 14, 9, 17, 18, 19]",723.5,3.9134697914123535
"[3, 15, 2, 1, 4, 5, 6, 7, 8, 16, 10, 11, 12, 13, 0, 14, 9, 17, 18, 19]",723.5,"[3, 15, 2, 1, 4, 5, 6, 7, 8, 16, 10, 11, 12, 13, 0, 14, 9, 17, 18, 19]",723.5,3.980470657348633
"[3, 15, 2, 1, 4, 5, 6, 7, 8, 16, 10, 11, 12, 13, 0, 14, 9, 17, 18, 19]",723.5,"[3, 15, 2, 1, 4, 5, 6, 7, 8, 16, 10, 11, 12, 13, 0, 14, 9, 17, 18, 19]",723.5,4.0464770793914795
"[3, 15, 2, 1, 4, 5, 6, 7, 8, 16, 10, 11, 12, 13, 0, 14, 9, 17, 18, 19]",723.5,"[3, 15, 2, 1, 4, 5, 6, 7, 8, 16, 10, 11, 12, 13, 0, 14, 9, 17, 18, 19]",723.5,4.114532470703125
"[3, 15, 2, 1, 4, 5, 6, 7, 8, 16, 10, 11, 12, 13, 0, 14, 9, 17, 18, 19]",723.5,"[3, 15, 2, 1, 4, 5, 6, 7, 8, 16, 10, 11, 12, 13, 0, 14, 9, 17, 18, 19]",723.5,4.18147349357605
"[3, 15, 2, 1, 4, 5, 6, 7, 8, 16, 10, 11, 12, 13, 0, 14, 9, 17, 18, 19]",723.5,"[3, 15, 2, 1, 4, 5, 6, 7, 8, 16, 10, 11, 12, 13, 0, 14, 9, 17, 18, 19]",723.5,4.250475883483887
"[3, 15, 2, 1, 4, 5, 6, 7, 8, 16, 10, 11, 12, 13, 0, 14, 9, 17, 18, 19]",723.5,"[3, 15, 2, 1, 4, 5, 6, 7, 8, 16, 10, 11, 12, 13, 0, 14, 9, 17, 18, 19]",723.5,4.314474821090698
"[3, 15, 2, 1, 4, 5, 6, 7, 8, 16, 10, 11, 12, 13, 0, 14, 9, 17, 18, 19]",723.5,"[3, 15, 2, 1, 4, 5, 6, 7, 8, 16, 10, 11, 12, 13, 0, 14, 9, 17, 18, 19]",723.5,4.3824896812438965
"[3, 15, 2, 1, 4, 5, 6, 7, 8, 16, 10, 11, 12, 13, 0, 14, 9, 17, 18, 19]",723.5,"[3, 15, 2, 1, 4, 5, 6, 7, 8, 16, 10, 11, 12, 13, 0, 14, 9, 17, 18, 19]",723.5,4.450483322143555
"[3, 15, 2, 1, 4, 5, 6, 7, 8, 16, 10, 11, 12, 13, 0, 14, 9, 17, 18, 19]",723.5,"[3, 15, 2, 1, 4, 5, 6, 7, 8, 16, 10, 11, 12, 13, 0, 14, 9, 17, 18, 19]",723.5,4.52147912979126
"[3, 15, 2, 1, 4, 5, 6, 7, 8, 16, 10, 11, 12, 13, 0, 14, 9, 17, 18, 19]",723.5,"[3, 15, 2, 1, 4, 5, 6, 7, 8, 16, 10, 11, 12, 13, 0, 14, 9, 17, 18, 19]",723.5,4.5884809494018555
"[3, 15, 2, 1, 18, 5, 6, 7, 8, 16, 10, 11, 12, 13, 0, 14, 9, 17, 4, 19]",721.5,"[3, 15, 2, 1, 18, 5, 6, 7, 8, 16, 10, 11, 12, 13, 0, 14, 9, 17, 4, 19]",721.5,4.66048264503479
"[3, 15, 2, 1, 18, 5, 6, 7, 8, 16, 10, 11, 12, 13, 0, 14, 9, 17, 4, 19]",721.5,"[3, 15, 2, 1, 18, 5, 6, 7, 8, 16, 10, 11, 12, 13, 0, 14, 9, 17, 4, 19]",721.5,4.7284791469573975
"[3, 15, 2, 1, 18, 5, 6, 7, 8, 16, 10, 11, 12, 13, 0, 14, 9, 17, 4, 19]",721.5,"[3, 15, 2, 1, 18, 5, 6, 7, 8, 16, 10, 11, 12, 13, 0, 14, 9, 17, 4, 19]",721.5,4.79448127746582
"[3, 15, 2, 1, 18, 5, 6, 7, 8, 16, 10, 11, 12, 13, 0, 14, 9, 17, 4, 19]",721.5,"[3, 15, 2, 1, 18, 5, 6, 7, 8, 16, 10, 11, 12, 13, 0, 14, 9, 17, 4, 19]",721.5,4.8604841232299805
"[3, 15, 2, 1, 18, 5, 6, 7, 8, 16, 10, 11, 12, 13, 0, 14, 9, 17, 4, 19]",721.5,"[3, 15, 2, 1, 18, 5, 6, 7, 8, 16, 10, 11, 12, 13, 0, 14, 9, 17, 4, 19]",721.5,4.926485538482666
"[3, 15, 2, 1, 18, 5, 19, 7, 8, 16, 10, 11, 12, 13, 0, 14, 9, 17, 4, 6]",705.0,"[3, 15, 2, 1, 18, 5, 19, 7, 8, 16, 10, 11, 12, 13, 0, 14, 9, 17, 4, 6]",705.0,4.990487813949585
"[3, 15, 2, 1, 18, 5, 19, 7, 8, 16, 10, 11, 12, 13, 0, 14, 9, 17, 4, 6]",705.0,"[3, 15, 2, 1, 18, 5, 19, 7, 8, 16, 10, 11, 12, 13, 0, 14, 9, 17, 4, 6]",705.0,5.056490421295166
"[3, 15, 2, 1, 18, 5, 19, 7, 8, 16, 10, 11, 12, 13, 0, 14, 9, 17, 4, 6]",705.0,"[3, 15, 2, 1, 18, 5, 19, 7, 8, 16, 10, 11, 12, 13, 0, 14, 9, 17, 4, 6]",705.0,5.1234846115112305
"[3, 15, 2, 1, 18, 5, 19, 7, 8, 16, 10, 11, 12, 13, 0, 14, 9, 17, 4, 6]",705.0,"[3, 15, 2, 1, 18, 5, 19, 7, 8, 16, 10, 11, 12, 13, 0, 14, 9, 17, 4, 6]",705.0,5.1914894580841064
"[3, 15, 2, 1, 18, 5, 19, 7, 8, 16, 10, 14, 12, 13, 0, 11, 9, 17, 4, 6]",702.0,"[3, 15, 2, 1, 18, 5, 19, 7, 8, 16, 10, 14, 12, 13, 0, 11, 9, 17, 4, 6]",702.0,5.255489826202393
"[3, 15, 2, 1, 18, 5, 19, 7, 8, 16, 10, 14, 12, 13, 0, 11, 9, 17, 4, 6]",702.0,"[3, 15, 2, 1, 18, 5, 19, 7, 8, 16, 10, 14, 12, 13, 0, 11, 9, 17, 4, 6]",702.0,5.322488069534302
"[3, 15, 2, 1, 18, 5, 19, 7, 8, 16, 10, 14, 12, 13, 0, 11, 9, 17, 4, 6]",702.0,"[3, 15, 2, 1, 18, 5, 19, 7, 8, 16, 10, 14, 12, 13, 0, 11, 9, 17, 4, 6]",702.0,5.387489318847656
"[3, 15, 2, 1, 18, 5, 19, 7, 8, 16, 10, 14, 12, 13, 0, 11, 9, 17, 4, 6]",702.0,"[3, 15, 2, 1, 18, 5, 19, 7, 8, 16, 10, 14, 12, 13, 0, 11, 9, 17, 4, 6]",702.0,5.453492164611816
"[3, 15, 2, 1, 18, 5, 19, 7, 8, 16, 10, 14, 12, 13, 0, 11, 9, 17, 4, 6]",702.0,"[3, 15, 2, 1, 18, 5, 19, 7, 8, 16, 10, 14, 12, 13, 0, 11, 9, 17, 4, 6]",702.0,5.519490718841553
"[3, 15, 2, 1, 18, 5, 19, 7, 8, 16, 10, 14, 12, 13, 0, 11, 9, 17, 4, 6]",702.0,"[3, 15, 2, 1, 18, 5, 19, 7, 8, 16, 10, 14, 12, 13, 0, 11, 9, 17, 4, 6]",702.0,5.588490009307861
"[3, 15, 2, 1, 18, 5, 19, 7, 8, 16, 10, 14, 12, 13, 0, 11, 9, 17, 4, 6]",702.0,"[3, 15, 2, 1, 18, 5, 19, 7, 8, 16, 10, 14, 12, 13, 0, 11, 9, 17, 4, 6]",702.0,5.651515960693359
"[3, 15, 2, 1, 18, 5, 19, 7, 8, 16, 10, 14, 12, 13, 0, 11, 9, 17, 4, 6]",702.0,"[3, 15, 2, 1, 18, 5, 19, 7, 8, 16, 10, 14, 12, 13, 0, 11, 9, 17, 4, 6]",702.0,5.717493772506714
"[3, 15, 2, 1, 18, 5, 19, 7, 8, 16, 10, 14, 12, 13, 0, 11, 9, 17, 4, 6]",702.0,"[3, 15, 2, 1, 18, 5, 19, 7, 8, 16, 10, 14, 12, 13, 0, 11, 9, 17, 4, 6]",702.0,5.7844953536987305
"[3, 15, 2, 1, 18, 5, 19, 7, 8, 16, 10, 14, 12, 13, 0, 11, 9, 17, 4, 6]",702.0,"[3, 15, 2, 1, 18, 5, 19, 7, 8, 16, 10, 14, 12, 13, 0, 11, 9, 17, 4, 6]",702.0,5.851492643356323
"[3, 15, 2, 1, 18, 5, 19, 7, 8, 16, 10, 14, 12, 13, 0, 11, 9, 17, 4, 6]",702.0,"[3, 15, 2, 1, 18, 5, 19, 7, 8, 16, 10, 14, 12, 13, 0, 11, 9, 17, 4, 6]",702.0,5.9175050258636475
"[3, 15, 2, 1, 18, 5, 19, 7, 8, 16, 10, 14, 12, 13, 0, 11, 9, 17, 4, 6]",702.0,"[3, 15, 2, 1, 18, 5, 19, 7, 8, 16, 10, 14, 12, 13, 0, 11, 9, 17, 4, 6]",702.0,5.985496520996094
"[3, 15, 2, 1, 18, 5, 19, 7, 8, 16, 10, 14, 12, 13, 0, 11, 9, 17, 4, 6]",702.0,"[3, 15, 2, 1, 18, 5, 19, 7, 8, 16, 10, 14, 12, 13, 0, 11, 9, 17, 4, 6]",702.0,6.057500123977661
"[3, 15, 2, 1, 18, 5, 19, 7, 8, 16, 10, 14, 12, 13, 0, 11, 9, 17, 4, 6]",702.0,"[3, 15, 2, 1, 18, 5, 19, 7, 8, 16, 10, 14, 12, 13, 0, 11, 9, 17, 4, 6]",702.0,6.126503944396973
"[3, 15, 2, 1, 18, 5, 19, 7, 8, 16, 10, 14, 12, 13, 0, 11, 9, 17, 4, 6]",702.0,"[3, 15, 2, 1, 18, 5, 19, 7, 8, 16, 10, 14, 12, 13, 0, 11, 9, 17, 4, 6]",702.0,6.194498062133789
"[3, 15, 2, 1, 18, 5, 19, 7, 8, 16, 10, 14, 12, 13, 0, 11, 9, 17, 4, 6]",702.0,"[3, 15, 2, 1, 18, 5, 19, 7, 8, 16, 10, 14, 12, 13, 0, 11, 9, 17, 4, 6]",702.0,6.262497425079346
"[3, 15, 2, 1, 18, 5, 19, 7, 8, 16, 10, 14, 12, 13, 0, 11, 9, 17, 4, 6]",702.0,"[3, 15, 2, 1, 18, 5, 19, 7, 8, 16, 10, 14, 12, 13, 0, 11, 9, 17, 4, 6]",702.0,6.328499794006348
"[3, 15, 2, 1, 18, 5, 19, 7, 8, 16, 10, 14, 12, 13, 0, 11, 9, 17, 4, 6]",702.0,"[3, 15, 2, 1, 18, 5, 19, 7, 8, 16, 10, 14, 12, 13, 0, 11, 9, 17, 4, 6]",702.0,6.395503520965576
"[3, 15, 2, 1, 18, 5, 19, 7, 8, 16, 10, 14, 12, 13, 0, 11, 9, 17, 4, 6]",702.0,"[3, 15, 2, 1, 18, 5, 19, 7, 8, 16, 10, 14, 12, 13, 0, 11, 9, 17, 4, 6]",702.0,6.461570739746094
"[3, 15, 2, 1, 18, 5, 19, 7, 8, 16, 10, 14, 12, 13, 0, 11, 9, 17, 4, 6]",702.0,"[3, 15, 2, 1, 18, 5, 19, 7, 8, 16, 10, 14, 12, 13, 0, 11, 9, 17, 4, 6]",702.0,6.526505470275879
"[3, 15, 2, 1, 18, 5, 19, 7, 8, 16, 10, 14, 12, 13, 0, 11, 9, 17, 4, 6]",702.0,"[3, 15, 2, 1, 18, 5, 19, 7, 8, 16, 10, 14, 12, 13, 0, 11, 9, 17, 4, 6]",702.0,6.59350323677063
"[3, 15, 2, 1, 18, 5, 19, 7, 8, 16, 10, 14, 12, 13, 0, 11, 9, 17, 4, 6]",702.0,"[3, 15, 2, 1, 18, 5, 19, 7, 8, 16, 10, 14, 12, 13, 0, 11, 9, 17, 4, 6]",702.0,6.661506414413452
"[3, 15, 2, 1, 18, 5, 19, 7, 8, 16, 10, 14, 12, 13, 0, 11, 9, 17, 4, 6]",702.0,"[3, 15, 2, 1, 18, 5, 19, 7, 8, 16, 10, 14, 12, 13, 0, 11, 9, 17, 4, 6]",702.0,6.729508638381958
"[3, 15, 2, 1, 18, 5, 19, 7, 8, 16, 10, 14, 12, 13, 0, 11, 9, 17, 4, 6]",702.0,"[3, 15, 2, 1, 18, 5, 19, 7, 8, 16, 10, 14, 12, 13, 0, 11, 9, 17, 4, 6]",702.0,6.7955098152160645
"[3, 15, 2, 1, 18, 5, 19, 7, 8, 16, 10, 14, 12, 13, 0, 11, 9, 17, 4, 6]",702.0,"[3, 15, 2, 1, 18, 5, 19, 7, 8, 16, 10, 14, 12, 13, 0, 11, 9, 17, 4, 6]",702.0,6.861512184143066
"[3, 15, 2, 1, 18, 5, 19, 7, 8, 16, 10, 14, 12, 13, 0, 11, 9, 17, 4, 6]",702.0,"[3, 15, 2, 1, 18, 5, 19, 7, 8, 16, 10, 14, 12, 13, 0, 11, 9, 17, 4, 6]",702.0,6.9275171756744385
"[3, 15, 2, 1, 18, 5, 19, 7, 8, 16, 10, 14, 12, 13, 0, 11, 9, 17, 4, 6]",702.0,"[3, 15, 2, 1, 18, 5, 19, 7, 8, 16, 10, 14, 12, 13, 0, 11, 9, 17, 4, 6]",702.0,6.994513273239136
"[3, 15, 2, 1, 18, 5, 19, 7, 8, 16, 10, 14, 12, 13, 0, 11, 9, 17, 4, 6]",702.0,"[3, 15, 2, 1, 18, 5, 19, 7, 8, 16, 10, 14, 12, 13, 0, 11, 9, 17, 4, 6]",702.0,7.057508707046509
"[3, 15, 2, 1, 18, 5, 19, 7, 8, 16, 10, 14, 12, 13, 0, 11, 9, 17, 4, 6]",702.0,"[3, 15, 2, 1, 18, 5, 19, 7, 8, 16, 10, 14, 12, 13, 0, 11, 9, 17, 4, 6]",702.0,7.122514724731445
"[3, 15, 2, 1, 18, 5, 19, 7, 8, 16, 10, 14, 12, 13, 0, 11, 9, 17, 4, 6]",702.0,"[3, 15, 2, 1, 18, 5, 19, 7, 8, 16, 10, 14, 12, 13, 0, 11, 9, 17, 4, 6]",702.0,7.196562051773071
"[3, 15, 2, 1, 18, 5, 19, 7, 8, 16, 10, 14, 12, 13, 0, 11, 9, 17, 4, 6]",702.0,"[3, 15, 2, 1, 18, 5, 19, 7, 8, 16, 10, 14, 12, 13, 0, 11, 9, 17, 4, 6]",702.0,7.275521993637085
"[3, 15, 2, 1, 18, 5, 19, 7, 8, 16, 10, 14, 12, 13, 0, 11, 9, 17, 4, 6]",702.0,"[3, 15, 2, 1, 18, 5, 19, 7, 8, 16, 10, 14, 12, 13, 0, 11, 9, 17, 4, 6]",702.0,7.347513437271118
"[3, 15, 2, 1, 18, 5, 19, 7, 8, 16, 10, 14, 12, 13, 0, 11, 9, 17, 4, 6]",702.0,"[3, 15, 2, 1, 18, 5, 19, 7, 8, 16, 10, 14, 12, 13, 0, 11, 9, 17, 4, 6]",702.0,7.41951847076416
"[3, 15, 2, 1, 18, 5, 19, 7, 8, 16, 10, 14, 12, 13, 0, 11, 9, 17, 4, 6]",702.0,"[3, 15, 2, 1, 18, 5, 19, 7, 8, 16, 10, 14, 12, 13, 0, 11, 9, 17, 4, 6]",702.0,7.4925127029418945
"[3, 15, 2, 1, 18, 5, 19, 7, 8, 16, 10, 14, 12, 13, 0, 11, 9, 17, 4, 6]",702.0,"[3, 15, 2, 1, 18, 5, 19, 7, 8, 16, 10, 14, 12, 13, 0, 11, 9, 17, 4, 6]",702.0,7.561523199081421
"[3, 15, 2, 1, 18, 5, 19, 7, 8, 16, 10, 14, 12, 13, 0, 11, 9, 17, 4, 6]",702.0,"[3, 15, 2, 1, 18, 5, 19, 7, 8, 16, 10, 14, 12, 13, 0, 11, 9, 17, 4, 6]",702.0,7.629516839981079
"[3, 15, 2, 1, 18, 5, 19, 7, 8, 16, 10, 14, 12, 13, 0, 11, 9, 17, 4, 6]",702.0,"[3, 15, 2, 1, 18, 5, 19, 7, 8, 16, 10, 14, 12, 13, 0, 11, 9, 17, 4, 6]",702.0,7.697518587112427
"[3, 15, 2, 1, 18, 5, 19, 7, 8, 16, 10, 14, 12, 13, 0, 11, 9, 17, 4, 6]",702.0,"[3, 15, 2, 1, 18, 5, 19, 7, 8, 16, 10, 14, 12, 13, 0, 11, 9, 17, 4, 6]",702.0,7.769522190093994
"[3, 15, 2, 1, 18, 5, 19, 7, 8, 16, 10, 14, 12, 13, 0, 11, 9, 17, 4, 6]",702.0,"[3, 15, 2, 1, 18, 5, 19, 7, 8, 16, 10, 14, 12, 13, 0, 11, 9, 17, 4, 6]",702.0,7.843540668487549
"[3, 15, 2, 1, 18, 5, 19, 7, 8, 16, 10, 14, 12, 13, 0, 11, 9, 17, 4, 6]",702.0,"[3, 15, 2, 1, 18, 5, 19, 7, 8, 16, 10, 14, 12, 13, 0, 11, 9, 17, 4, 6]",702.0,7.914517164230347
"[3, 15, 2, 1, 18, 5, 19, 7, 8, 16, 10, 14, 12, 13, 0, 11, 9, 17, 4, 6]",702.0,"[3, 15, 2, 1, 18, 5, 19, 7, 8, 16, 10, 14, 12, 13, 0, 11, 9, 17, 4, 6]",702.0,7.983522415161133
"[3, 15, 2, 1, 18, 5, 19, 7, 8, 16, 10, 14, 12, 13, 0, 11, 9, 17, 4, 6]",702.0,"[3, 15, 2, 1, 18, 5, 19, 7, 8, 16, 10, 14, 12, 13, 0, 11, 9, 17, 4, 6]",702.0,8.050527334213257
"[3, 15, 2, 1, 18, 5, 19, 7, 8, 16, 10, 14, 12, 13, 0, 11, 9, 17, 4, 6]",702.0,"[3, 15, 2, 1, 18, 5, 19, 7, 8, 16, 10, 14, 12, 13, 0, 11, 9, 17, 4, 6]",702.0,8.122523546218872
"[3, 15, 2, 1, 18, 5, 19, 7, 8, 16, 10, 14, 12, 13, 0, 11, 9, 17, 4, 6]",702.0,"[3, 15, 2, 1, 18, 5, 19, 7, 8, 16, 10, 14, 12, 13, 0, 11, 9, 17, 4, 6]",702.0,8.192522525787354
"[3, 15, 2, 1, 18, 5, 19, 7, 8, 16, 10, 14, 12, 13, 0, 11, 9, 17, 4, 6]",702.0,"[3, 15, 2, 1, 18, 5, 19, 7, 8, 16, 10, 14, 12, 13, 0, 11, 9, 17, 4, 6]",702.0,8.260523557662964
"[3, 15, 2, 1, 18, 5, 19, 7, 8, 16, 10, 14, 12, 13, 0, 11, 9, 17, 4, 6]",702.0,"[3, 15, 2, 1, 18, 5, 19, 7, 8, 16, 10, 14, 12, 13, 0, 11, 9, 17, 4, 6]",702.0,8.326524257659912
"[3, 15, 2, 1, 18, 5, 19, 7, 8, 16, 10, 14, 12, 13, 0, 11, 9, 17, 4, 6]",702.0,"[3, 15, 2, 1, 18, 5, 19, 7, 8, 16, 10, 14, 12, 13, 0, 11, 9, 17, 4, 6]",702.0,8.394525051116943
"[3, 15, 2, 1, 18, 5, 19, 7, 8, 16, 10, 14, 12, 13, 0, 11, 9, 17, 4, 6]",702.0,"[3, 15, 2, 1, 18, 5, 19, 7, 8, 16, 10, 14, 12, 13, 0, 11, 9, 17, 4, 6]",702.0,8.458530902862549
"[3, 15, 2, 1, 18, 5, 19, 7, 8, 16, 10, 14, 12, 13, 0, 11, 9, 17, 4, 6]",702.0,"[3, 15, 2, 1, 18, 5, 19, 7, 8, 16, 10, 14, 12, 13, 0, 11, 9, 17, 4, 6]",702.0,8.52353048324585
"[3, 15, 2, 1, 18, 5, 19, 7, 8, 16, 10, 14, 12, 13, 0, 11, 9, 17, 4, 6]",702.0,"[3, 15, 2, 1, 18, 5, 19, 7, 8, 16, 10, 14, 12, 13, 0, 11, 9, 17, 4, 6]",702.0,8.591537952423096
"[3, 15, 2, 1, 18, 5, 19, 7, 8, 16, 10, 14, 12, 13, 0, 11, 9, 17, 4, 6]",702.0,"[3, 15, 2, 1, 18, 5, 19, 7, 8, 16, 10, 14, 12, 13, 0, 11, 9, 17, 4, 6]",702.0,8.65752911567688
"[3, 15, 2, 1, 18, 5, 19, 7, 8, 16, 10, 14, 12, 13, 0, 11, 9, 17, 4, 6]",702.0,"[3, 15, 2, 1, 18, 5, 19, 7, 8, 16, 10, 14, 12, 13, 0, 11, 9, 17, 4, 6]",702.0,8.723526000976562
"[3, 15, 2, 1, 18, 5, 19, 7, 8, 16, 10, 14, 12, 13, 0, 11, 9, 17, 4, 6]",702.0,"[3, 15, 2, 1, 18, 5, 19, 7, 8, 16, 10, 14, 12, 13, 0, 11, 9, 17, 4, 6]",702.0,8.790528059005737
"[3, 15, 2, 1, 18, 5, 19, 7, 8, 16, 10, 14, 12, 13, 0, 11, 9, 17, 4, 6]",702.0,"[3, 15, 2, 1, 18, 5, 19, 7, 8, 16, 10, 14, 12, 13, 0, 11, 9, 17, 4, 6]",702.0,8.86153244972229
"[3, 15, 2, 1, 18, 5, 19, 7, 8, 16, 10, 14, 12, 13, 0, 11, 9, 17, 4, 6]",702.0,"[3, 15, 2, 1, 18, 5, 19, 7, 8, 16, 10, 14, 12, 13, 0, 11, 9, 17, 4, 6]",702.0,8.930534839630127
"[3, 15, 2, 1, 18, 5, 19, 7, 8, 16, 10, 14, 12, 13, 0, 11, 9, 17, 4, 6]",702.0,"[3, 15, 2, 1, 18, 5, 19, 7, 8, 16, 10, 14, 12, 13, 0, 11, 9, 17, 4, 6]",702.0,8.994534015655518
"[3, 15, 2, 1, 18, 5, 19, 7, 8, 16, 10, 14, 12, 13, 0, 11, 9, 17, 4, 6]",702.0,"[3, 15, 2, 1, 18, 5, 19, 7, 8, 16, 10, 14, 12, 13, 0, 11, 9, 17, 4, 6]",702.0,9.06253170967102
"[3, 15, 2, 1, 18, 5, 19, 7, 8, 16, 10, 14, 12, 13, 0, 11, 9, 17, 4, 6]",702.0,"[3, 15, 2, 1, 18, 5, 19, 7, 8, 16, 10, 14, 12, 13, 0, 11, 9, 17, 4, 6]",702.0,9.131534576416016
"[3, 15, 2, 1, 18, 5, 19, 7, 8, 16, 10, 14, 12, 13, 0, 11, 9, 17, 4, 6]",702.0,"[3, 15, 2, 1, 18, 5, 19, 7, 8, 16, 10, 14, 12, 13, 0, 11, 9, 17, 4, 6]",702.0,9.200536251068115
"[3, 15, 2, 1, 18, 5, 19, 7, 8, 16, 10, 14, 12, 13, 0, 11, 9, 17, 4, 6]",702.0,"[3, 15, 2, 1, 18, 5, 19, 7, 8, 16, 10, 14, 12, 13, 0, 11, 9, 17, 4, 6]",702.0,9.269535303115845
"[3, 15, 2, 1, 18, 5, 19, 7, 8, 16, 10, 14, 12, 13, 0, 11, 9, 17, 4, 6]",702.0,"[3, 15, 2, 1, 18, 5, 19, 7, 8, 16, 10, 14, 12, 13, 0, 11, 9, 17, 4, 6]",702.0,9.33553409576416
"[3, 15, 2, 1, 18, 5, 19, 7, 8, 16, 10, 14, 12, 13, 0, 11, 9, 17, 4, 6]",702.0,"[3, 15, 2, 1, 18, 5, 19, 7, 8, 16, 10, 14, 12, 13, 0, 11, 9, 17, 4, 6]",702.0,9.400555849075317
"[3, 15, 2, 1, 18, 5, 19, 7, 8, 16, 10, 14, 12, 13, 0, 11, 9, 17, 4, 6]",702.0,"[3, 15, 2, 1, 18, 5, 19, 7, 8, 16, 10, 14, 12, 13, 0, 11, 9, 17, 4, 6]",702.0,9.466535568237305
"[3, 15, 2, 1, 18, 5, 19, 7, 8, 16, 10, 14, 12, 13, 0, 11, 9, 17, 4, 6]",702.0,"[3, 15, 2, 1, 18, 5, 19, 7, 8, 16, 10, 14, 12, 13, 0, 11, 9, 17, 4, 6]",702.0,9.531537294387817
"[3, 15, 2, 1, 18, 5, 19, 7, 8, 16, 10, 14, 12, 13, 0, 11, 9, 17, 4, 6]",702.0,"[3, 15, 2, 1, 18, 5, 19, 7, 8, 16, 10, 14, 12, 13, 0, 11, 9, 17, 4, 6]",702.0,9.59554123878479
"[3, 15, 2, 1, 18, 5, 19, 7, 8, 16, 10, 14, 12, 13, 0, 11, 9, 17, 4, 6]",702.0,"[3, 15, 2, 1, 18, 5, 19, 7, 8, 16, 10, 14, 12, 13, 0, 11, 9, 17, 4, 6]",702.0,9.6615469455719
"[3, 15, 2, 1, 18, 5, 19, 7, 8, 16, 10, 14, 12, 13, 0, 11, 9, 17, 4, 6]",702.0,"[3, 15, 2, 1, 18, 5, 19, 7, 8, 16, 10, 14, 12, 13, 0, 11, 9, 17, 4, 6]",702.0,9.72853708267212
"[3, 15, 2, 1, 18, 5, 19, 7, 8, 16, 10, 14, 12, 13, 0, 11, 9, 17, 4, 6]",702.0,"[3, 15, 2, 1, 18, 5, 19, 7, 8, 16, 10, 14, 12, 13, 0, 11, 9, 17, 4, 6]",702.0,9.795544385910034
"[3, 15, 2, 1, 18, 5, 19, 7, 8, 16, 10, 14, 12, 13, 0, 11, 9, 17, 4, 6]",702.0,"[3, 15, 2, 1, 18, 5, 19, 7, 8, 16, 10, 14, 12, 13, 0, 11, 9, 17, 4, 6]",702.0,9.861540794372559
"[3, 15, 2, 1, 18, 5, 19, 7, 8, 16, 10, 14, 12, 13, 0, 11, 9, 17, 4, 6]",702.0,"[3, 15, 2, 1, 18, 5, 19, 7, 8, 16, 10, 14, 12, 13, 0, 11, 9, 17, 4, 6]",702.0,9.930543422698975
"[3, 15, 2, 1, 18, 5, 19, 7, 8, 16, 10, 14, 12, 13, 0, 11, 9, 17, 4, 6]",702.0,"[3, 15, 2, 1, 18, 5, 19, 7, 8, 16, 10, 14, 12, 13, 0, 11, 9, 17, 4, 6]",702.0,9.99754786491394
"[3, 15, 2, 1, 18, 5, 19, 7, 8, 16, 10, 14, 12, 13, 0, 11, 9, 17, 4, 6]",702.0,"[3, 15, 2, 1, 18, 5, 19, 7, 8, 16, 10, 14, 12, 13, 0, 11, 9, 17, 4, 6]",702.0,10.063546895980835
"[3, 15, 2, 1, 18, 5, 19, 7, 8, 16, 10, 14, 12, 13, 0, 11, 9, 17, 4, 6]",702.0,"[3, 15, 2, 1, 18, 5, 19, 7, 8, 16, 10, 14, 12, 13, 0, 11, 9, 17, 4, 6]",702.0,10.132549285888672
"[3, 15, 2, 1, 18, 5, 19, 7, 8, 16, 10, 14, 12, 13, 0, 11, 9, 17, 4, 6]",702.0,"[3, 15, 2, 1, 18, 5, 19, 7, 8, 16, 10, 14, 12, 13, 0, 11, 9, 17, 4, 6]",702.0,10.19856071472168
"[3, 15, 2, 1, 18, 5, 19, 7, 8, 16, 10, 14, 12, 13, 0, 11, 9, 17, 4, 6]",702.0,"[3, 15, 2, 1, 18, 5, 19, 7, 8, 16, 10, 14, 12, 13, 0, 11, 9, 17, 4, 6]",702.0,10.266547918319702
"[3, 15, 2, 1, 18, 5, 19, 7, 8, 16, 10, 14, 12, 13, 0, 11, 9, 17, 4, 6]",702.0,"[3, 15, 2, 1, 18, 5, 19, 7, 8, 16, 10, 14, 12, 13, 0, 11, 9, 17, 4, 6]",702.0,10.348551750183105
"[3, 15, 2, 1, 18, 5, 19, 7, 8, 16, 10, 14, 12, 13, 0, 11, 9, 17, 4, 6]",702.0,"[3, 15, 2, 1, 18, 5, 19, 7, 8, 16, 10, 14, 12, 13, 0, 11, 9, 17, 4, 6]",702.0,10.415558576583862
"[3, 15, 2, 1, 18, 5, 19, 7, 8, 16, 10, 14, 12, 13, 0, 11, 9, 17, 4, 6]",702.0,"[3, 15, 2, 1, 18, 5, 19, 7, 8, 16, 10, 14, 12, 13, 0, 11, 9, 17, 4, 6]",702.0,10.485608577728271
"[3, 15, 2, 1, 18, 5, 19, 7, 8, 16, 10, 14, 12, 13, 0, 11, 9, 17, 4, 6]",702.0,"[3, 15, 2, 1, 18, 5, 19, 7, 8, 16, 10, 14, 12, 13, 0, 11, 9, 17, 4, 6]",702.0,10.550549745559692
"[3, 15, 2, 1, 18, 5, 19, 7, 8, 16, 10, 14, 12, 13, 0, 11, 9, 17, 4, 6]",702.0,"[3, 15, 2, 1, 18, 5, 19, 7, 8, 16, 10, 14, 12, 13, 0, 11, 9, 17, 4, 6]",702.0,10.619555950164795
"[3, 15, 2, 1, 18, 5, 19, 7, 8, 16, 10, 14, 12, 13, 0, 11, 9, 17, 4, 6]",702.0,"[3, 15, 2, 1, 18, 5, 19, 7, 8, 16, 10, 14, 12, 13, 0, 11, 9, 17, 4, 6]",702.0,10.692627191543579
"[3, 15, 2, 1, 18, 5, 19, 7, 8, 16, 10, 14, 12, 13, 0, 11, 9, 17, 4, 6]",702.0,"[3, 15, 2, 1, 18, 5, 19, 7, 8, 16, 10, 14, 12, 13, 0, 11, 9, 17, 4, 6]",702.0,10.763553142547607
"[3, 15, 2, 1, 18, 5, 19, 7, 8, 16, 10, 14, 12, 13, 0, 11, 9, 17, 4, 6]",702.0,"[3, 15, 2, 1, 18, 5, 19, 7, 8, 16, 10, 14, 12, 13, 0, 11, 9, 17, 4, 6]",702.0,10.835559129714966
"[3, 15, 2, 1, 18, 5, 19, 7, 8, 16, 10, 14, 12, 13, 0, 11, 9, 17, 4, 6]",702.0,"[3, 15, 2, 1, 18, 5, 19, 7, 8, 16, 10, 14, 12, 13, 0, 11, 9, 17, 4, 6]",702.0,10.936555624008179
"[3, 15, 2, 1, 18, 5, 19, 7, 8, 16, 10, 14, 12, 13, 0, 11, 9, 17, 4, 6]",702.0,"[3, 15, 2, 1, 18, 5, 19, 7, 8, 16, 10, 14, 12, 13, 0, 11, 9, 17, 4, 6]",702.0,11.003565311431885
"[3, 15, 2, 1, 18, 5, 19, 7, 8, 16, 10, 14, 12, 13, 0, 11, 9, 17, 4, 6]",702.0,"[3, 15, 2, 1, 18, 5, 19, 7, 8, 16, 10, 14, 12, 13, 0, 11, 9, 17, 4, 6]",702.0,11.069555759429932
"[3, 15, 2, 1, 18, 5, 19, 7, 8, 16, 10, 14, 12, 13, 0, 11, 9, 17, 4, 6]",702.0,"[3, 15, 2, 1, 18, 5, 19, 7, 8, 16, 10, 14, 12, 13, 0, 11, 9, 17, 4, 6]",702.0,11.14363718032837
"[3, 15, 2, 1, 18, 5, 19, 7, 8, 16, 10, 14, 12, 13, 0, 11, 9, 17, 4, 6]",702.0,"[3, 15, 2, 1, 18, 5, 19, 7, 8, 16, 10, 14, 12, 13, 0, 11, 9, 17, 4, 6]",702.0,11.20858097076416
"[3, 15, 2, 1, 18, 5, 19, 7, 8, 16, 10, 14, 12, 13, 0, 11, 9, 17, 4, 6]",702.0,"[3, 15, 2, 1, 18, 5, 19, 7, 8, 16, 10, 14, 12, 13, 0, 11, 9, 17, 4, 6]",702.0,11.274561405181885
"[3, 15, 2, 1, 18, 5, 19, 7, 8, 16, 10, 14, 12, 13, 0, 11, 9, 17, 4, 6]",702.0,"[3, 15, 2, 1, 18, 5, 19, 7, 8, 16, 10, 14, 12, 13, 0, 11, 9, 17, 4, 6]",702.0,11.340561866760254
"[3, 15, 2, 1, 18, 5, 19, 7, 8, 16, 10, 14, 12, 13, 0, 11, 9, 17, 4, 6]",702.0,"[3, 15, 2, 1, 18, 5, 19, 7, 8, 16, 10, 14, 12, 13, 0, 11, 9, 17, 4, 6]",702.0,11.40556001663208
"[3, 15, 2, 1, 18, 5, 19, 7, 8, 16, 10, 14, 12, 13, 0, 11, 9, 17, 4, 6]",702.0,"[3, 15, 2, 1, 18, 5, 19, 7, 8, 16, 10, 14, 12, 13, 0, 11, 9, 17, 4, 6]",702.0,11.471582651138306
"[3, 15, 2, 1, 18, 5, 19, 7, 8, 16, 10, 14, 12, 13, 0, 11, 9, 17, 4, 6]",702.0,"[3, 15, 2, 1, 18, 5, 19, 7, 8, 16, 10, 14, 12, 13, 0, 11, 9, 17, 4, 6]",702.0,11.537580251693726
"[3, 15, 2, 1, 18, 5, 19, 7, 8, 16, 10, 14, 12, 13, 0, 11, 9, 17, 4, 6]",702.0,"[3, 15, 2, 1, 18, 5, 19, 7, 8, 16, 10, 14, 12, 13, 0, 11, 9, 17, 4, 6]",702.0,11.604572057723999
"[3, 15, 2, 1, 18, 5, 19, 7, 8, 16, 10, 14, 12, 13, 0, 11, 9, 17, 4, 6]",702.0,"[3, 15, 2, 1, 18, 5, 19, 7, 8, 16, 10, 14, 12, 13, 0, 11, 9, 17, 4, 6]",702.0,11.670568704605103
"[3, 15, 2, 1, 18, 5, 19, 7, 8, 16, 10, 14, 12, 13, 0, 11, 9, 17, 4, 6]",702.0,"[3, 15, 2, 1, 18, 5, 19, 7, 8, 16, 10, 14, 12, 13, 0, 11, 9, 17, 4, 6]",702.0,11.739570379257202
"[3, 15, 2, 1, 18, 5, 19, 7, 8, 16, 10, 14, 12, 13, 0, 11, 9, 17, 4, 6]",702.0,"[3, 15, 2, 1, 18, 5, 19, 7, 8, 16, 10, 14, 12, 13, 0, 11, 9, 17, 4, 6]",702.0,11.80857229232788
"[3, 15, 2, 1, 18, 5, 19, 7, 8, 16, 10, 14, 12, 13, 0, 11, 9, 17, 4, 6]",702.0,"[3, 15, 2, 1, 18, 5, 19, 7, 8, 16, 10, 14, 12, 13, 0, 11, 9, 17, 4, 6]",702.0,11.875603675842285
"[3, 15, 2, 1, 18, 5, 19, 7, 8, 16, 10, 14, 12, 13, 0, 11, 9, 17, 4, 6]",702.0,"[3, 15, 2, 1, 18, 5, 19, 7, 8, 16, 10, 14, 12, 13, 0, 11, 9, 17, 4, 6]",702.0,11.948567628860474
"[3, 15, 2, 1, 18, 5, 19, 7, 8, 16, 10, 14, 12, 13, 0, 11, 9, 17, 4, 6]",702.0,"[3, 15, 2, 1, 18, 5, 19, 7, 8, 16, 10, 14, 12, 13, 0, 11, 9, 17, 4, 6]",702.0,12.014569520950317
"[3, 15, 2, 1, 18, 5, 19, 7, 8, 16, 10, 14, 12, 13, 0, 11, 9, 17, 4, 6]",702.0,"[3, 15, 2, 1, 18, 5, 19, 7, 8, 16, 10, 14, 12, 13, 0, 11, 9, 17, 4, 6]",702.0,12.082569122314453
"[3, 15, 2, 1, 18, 5, 19, 7, 8, 16, 10, 14, 12, 13, 0, 11, 9, 17, 4, 6]",702.0,"[3, 15, 2, 1, 18, 5, 19, 7, 8, 16, 10, 14, 12, 13, 0, 11, 9, 17, 4, 6]",702.0,12.147571802139282
"[3, 15, 2, 1, 18, 5, 19, 7, 8, 16, 10, 14, 12, 13, 0, 11, 9, 17, 4, 6]",702.0,"[3, 15, 2, 1, 18, 5, 19, 7, 8, 16, 10, 14, 12, 13, 0, 11, 9, 17, 4, 6]",702.0,12.213568925857544
"[3, 15, 2, 1, 18, 5, 19, 7, 8, 16, 10, 14, 12, 13, 0, 11, 9, 17, 4, 6]",702.0,"[3, 15, 2, 1, 18, 5, 19, 7, 8, 16, 10, 14, 12, 13, 0, 11, 9, 17, 4, 6]",702.0,12.281572818756104
"[3, 15, 2, 1, 18, 5, 19, 7, 8, 16, 10, 14, 12, 13, 0, 11, 9, 17, 4, 6]",702.0,"[3, 15, 2, 1, 18, 5, 19, 7, 8, 16, 10, 14, 12, 13, 0, 11, 9, 17, 4, 6]",702.0,12.35557508468628
"[3, 15, 2, 1, 18, 5, 19, 7, 8, 16, 10, 14, 12, 13, 0, 11, 9, 17, 4, 6]",702.0,"[3, 15, 2, 1, 18, 5, 19, 7, 8, 16, 10, 14, 12, 13, 0, 11, 9, 17, 4, 6]",702.0,12.429574012756348
"[3, 15, 2, 1, 18, 5, 19, 7, 8, 16, 10, 14, 12, 13, 0, 11, 9, 17, 4, 6]",702.0,"[3, 15, 2, 1, 18, 5, 19, 7, 8, 16, 10, 14, 12, 13, 0, 11, 9, 17, 4, 6]",702.0,12.505621910095215
"[3, 15, 2, 1, 18, 5, 19, 7, 8, 16, 10, 14, 12, 13, 0, 11, 9, 17, 4, 6]",702.0,"[3, 15, 2, 1, 18, 5, 19, 7, 8, 16, 10, 14, 12, 13, 0, 11, 9, 17, 4, 6]",702.0,12.577008485794067
"[3, 15, 2, 1, 18, 5, 19, 7, 8, 16, 10, 14, 12, 13, 0, 11, 9, 17, 4, 6]",702.0,"[3, 15, 2, 1, 18, 5, 19, 7, 8, 16, 10, 14, 12, 13, 0, 11, 9, 17, 4, 6]",702.0,12.6535804271698
"[3, 15, 2, 1, 18, 5, 19, 7, 8, 16, 10, 14, 12, 13, 0, 11, 9, 17, 4, 6]",702.0,"[3, 15, 2, 1, 18, 5, 19, 7, 8, 16, 10, 14, 12, 13, 0, 11, 9, 17, 4, 6]",702.0,12.728591203689575
"[3, 15, 2, 1, 18, 5, 19, 7, 8, 16, 10, 14, 12, 13, 0, 11, 9, 17, 4, 6]",702.0,"[3, 15, 2, 1, 18, 5, 19, 7, 8, 16, 10, 14, 12, 13, 0, 11, 9, 17, 4, 6]",702.0,12.797585487365723
"[3, 15, 2, 1, 18, 5, 19, 7, 8, 16, 10, 14, 12, 13, 0, 11, 9, 17, 4, 6]",702.0,"[3, 15, 2, 1, 18, 5, 19, 7, 8, 16, 10, 14, 12, 13, 0, 11, 9, 17, 4, 6]",702.0,12.86358118057251
"[3, 15, 2, 1, 18, 5, 19, 7, 8, 16, 10, 14, 12, 13, 0, 11, 9, 17, 4, 6]",702.0,"[3, 15, 2, 1, 18, 5, 19, 7, 8, 16, 10, 14, 12, 13, 0, 11, 9, 17, 4, 6]",702.0,12.929584503173828
"[3, 15, 2, 1, 18, 5, 19, 7, 8, 16, 10, 14, 12, 13, 0, 11, 9, 17, 4, 6]",702.0,"[3, 15, 2, 1, 18, 5, 19, 7, 8, 16, 10, 14, 12, 13, 0, 11, 9, 17, 4, 6]",702.0,12.99558138847351
"[3, 15, 2, 1, 18, 5, 19, 7, 8, 16, 10, 14, 12, 13, 0, 11, 9, 17, 4, 6]",702.0,"[3, 15, 2, 1, 18, 5, 19, 7, 8, 16, 10, 14, 12, 13, 0, 11, 9, 17, 4, 6]",702.0,13.062583446502686
"[3, 15, 2, 1, 18, 5, 19, 7, 8, 16, 10, 14, 12, 13, 0, 11, 9, 17, 4, 6]",702.0,"[3, 15, 2, 1, 18, 5, 19, 7, 8, 16, 10, 14, 12, 13, 0, 11, 9, 17, 4, 6]",702.0,13.131594896316528
"[3, 15, 2, 1, 18, 5, 19, 7, 8, 16, 10, 14, 12, 13, 0, 11, 9, 17, 4, 6]",702.0,"[3, 15, 2, 1, 18, 5, 19, 7, 8, 16, 10, 14, 12, 13, 0, 11, 9, 17, 4, 6]",702.0,13.200582504272461
"[3, 15, 2, 1, 18, 5, 19, 7, 8, 16, 10, 14, 12, 13, 0, 11, 9, 17, 4, 6]",702.0,"[3, 15, 2, 1, 18, 5, 19, 7, 8, 16, 10, 14, 12, 13, 0, 11, 9, 17, 4, 6]",702.0,13.26758885383606
"[3, 15, 2, 1, 18, 5, 19, 7, 8, 16, 10, 14, 12, 13, 0, 11, 9, 17, 4, 6]",702.0,"[3, 15, 2, 1, 18, 5, 19, 7, 8, 16, 10, 14, 12, 13, 0, 11, 9, 17, 4, 6]",702.0,13.332586765289307
"[3, 15, 2, 1, 18, 5, 19, 7, 8, 16, 10, 14, 12, 13, 0, 11, 9, 17, 4, 6]",702.0,"[3, 15, 2, 1, 18, 5, 19, 7, 8, 16, 10, 14, 12, 13, 0, 11, 9, 17, 4, 6]",702.0,13.39958381652832
"[3, 15, 2, 1, 18, 5, 19, 7, 8, 16, 10, 14, 12, 13, 0, 11, 9, 17, 4, 6]",702.0,"[3, 15, 2, 1, 18, 5, 19, 7, 8, 16, 10, 14, 12, 13, 0, 11, 9, 17, 4, 6]",702.0,13.463591814041138
"[3, 15, 2, 1, 18, 5, 19, 7, 8, 16, 10, 14, 12, 13, 0, 11, 9, 17, 4, 6]",702.0,"[3, 15, 2, 1, 18, 5, 19, 7, 8, 16, 10, 14, 12, 13, 0, 11, 9, 17, 4, 6]",702.0,13.531587839126587
