Sequence,Fitness,Best_sequence,Best_fitness,Time
"[0, 1, 2, 3, 4, 5, 6, 7, 8, 9, 10, 11, 12, 13, 14, 15, 16, 17, 18, 19, 20, 21, 22, 23, 24, 25, 26, 27, 28, 29, 30, 31, 32, 33, 34, 35, 36, 37, 38, 39]",2509.5,"[0, 1, 2, 3, 4, 5, 6, 7, 8, 9, 10, 11, 12, 13, 14, 15, 16, 17, 18, 19, 20, 21, 22, 23, 24, 25, 26, 27, 28, 29, 30, 31, 32, 33, 34, 35, 36, 37, 38, 39]",2509.5,0.0
"[0, 1, 2, 3, 4, 5, 6, 7, 8, 9, 10, 11, 12, 13, 14, 15, 16, 17, 18, 19, 20, 21, 22, 23, 24, 25, 26, 27, 28, 29, 30, 31, 32, 33, 34, 35, 36, 37, 38, 39]",2509.5,"[0, 1, 2, 3, 4, 5, 6, 7, 8, 9, 10, 11, 12, 13, 14, 15, 16, 17, 18, 19, 20, 21, 22, 23, 24, 25, 26, 27, 28, 29, 30, 31, 32, 33, 34, 35, 36, 37, 38, 39]",2509.5,0.16299962997436523
"[0, 1, 2, 3, 4, 5, 6, 7, 8, 9, 10, 11, 12, 13, 14, 15, 16, 17, 18, 19, 20, 21, 22, 23, 24, 25, 26, 27, 28, 29, 30, 31, 32, 33, 34, 35, 36, 37, 38, 39]",2509.5,"[0, 1, 2, 3, 4, 5, 6, 7, 8, 9, 10, 11, 12, 13, 14, 15, 16, 17, 18, 19, 20, 21, 22, 23, 24, 25, 26, 27, 28, 29, 30, 31, 32, 33, 34, 35, 36, 37, 38, 39]",2509.5,0.3249979019165039
"[0, 1, 2, 3, 4, 5, 6, 7, 8, 9, 10, 11, 12, 13, 14, 15, 16, 17, 18, 19, 20, 21, 22, 23, 24, 25, 26, 27, 28, 29, 30, 31, 32, 33, 34, 35, 36, 37, 38, 39]",2509.5,"[0, 1, 2, 3, 4, 5, 6, 7, 8, 9, 10, 11, 12, 13, 14, 15, 16, 17, 18, 19, 20, 21, 22, 23, 24, 25, 26, 27, 28, 29, 30, 31, 32, 33, 34, 35, 36, 37, 38, 39]",2509.5,0.4800412654876709
"[0, 1, 2, 3, 4, 5, 6, 7, 8, 9, 10, 11, 12, 13, 14, 15, 16, 17, 18, 19, 20, 21, 22, 23, 24, 25, 26, 27, 28, 29, 30, 31, 32, 33, 34, 35, 36, 37, 38, 39]",2509.5,"[0, 1, 2, 3, 4, 5, 6, 7, 8, 9, 10, 11, 12, 13, 14, 15, 16, 17, 18, 19, 20, 21, 22, 23, 24, 25, 26, 27, 28, 29, 30, 31, 32, 33, 34, 35, 36, 37, 38, 39]",2509.5,0.6290085315704346
"[15, 1, 2, 3, 4, 5, 6, 7, 8, 9, 10, 11, 12, 13, 14, 0, 16, 17, 18, 19, 20, 21, 22, 23, 24, 25, 26, 27, 28, 29, 30, 31, 32, 33, 34, 35, 36, 37, 38, 39]",2475.0,"[15, 1, 2, 3, 4, 5, 6, 7, 8, 9, 10, 11, 12, 13, 14, 0, 16, 17, 18, 19, 20, 21, 22, 23, 24, 25, 26, 27, 28, 29, 30, 31, 32, 33, 34, 35, 36, 37, 38, 39]",2475.0,0.8222763538360596
"[15, 16, 2, 3, 4, 5, 6, 7, 8, 9, 10, 11, 12, 13, 14, 0, 1, 17, 18, 19, 20, 21, 22, 23, 24, 25, 26, 27, 28, 29, 30, 31, 32, 33, 34, 35, 36, 37, 38, 39]",2469.5,"[15, 16, 2, 3, 4, 5, 6, 7, 8, 9, 10, 11, 12, 13, 14, 0, 1, 17, 18, 19, 20, 21, 22, 23, 24, 25, 26, 27, 28, 29, 30, 31, 32, 33, 34, 35, 36, 37, 38, 39]",2469.5,0.9790053367614746
"[15, 16, 2, 3, 4, 5, 6, 12, 8, 9, 10, 11, 7, 13, 14, 0, 1, 17, 18, 19, 20, 21, 22, 23, 24, 25, 26, 27, 28, 29, 30, 31, 32, 33, 34, 35, 36, 37, 38, 39]",2459.0,"[15, 16, 2, 3, 4, 5, 6, 12, 8, 9, 10, 11, 7, 13, 14, 0, 1, 17, 18, 19, 20, 21, 22, 23, 24, 25, 26, 27, 28, 29, 30, 31, 32, 33, 34, 35, 36, 37, 38, 39]",2459.0,1.1280028820037842
"[15, 16, 2, 3, 4, 5, 6, 12, 8, 9, 10, 11, 7, 13, 14, 0, 1, 17, 18, 19, 20, 21, 22, 23, 24, 25, 26, 27, 28, 29, 30, 31, 32, 33, 34, 35, 36, 37, 38, 39]",2459.0,"[15, 16, 2, 3, 4, 5, 6, 12, 8, 9, 10, 11, 7, 13, 14, 0, 1, 17, 18, 19, 20, 21, 22, 23, 24, 25, 26, 27, 28, 29, 30, 31, 32, 33, 34, 35, 36, 37, 38, 39]",2459.0,1.282008409500122
"[15, 16, 2, 3, 4, 5, 6, 12, 8, 9, 10, 11, 7, 13, 14, 0, 1, 17, 18, 19, 20, 21, 22, 23, 24, 25, 26, 27, 28, 29, 30, 31, 32, 33, 34, 35, 36, 37, 38, 39]",2459.0,"[15, 16, 2, 3, 4, 5, 6, 12, 8, 9, 10, 11, 7, 13, 14, 0, 1, 17, 18, 19, 20, 21, 22, 23, 24, 25, 26, 27, 28, 29, 30, 31, 32, 33, 34, 35, 36, 37, 38, 39]",2459.0,1.45601487159729
"[15, 16, 2, 3, 4, 5, 6, 12, 8, 9, 10, 11, 7, 13, 14, 0, 1, 17, 18, 19, 20, 21, 22, 23, 24, 25, 26, 27, 28, 29, 30, 31, 32, 33, 34, 35, 36, 37, 38, 39]",2459.0,"[15, 16, 2, 3, 4, 5, 6, 12, 8, 9, 10, 11, 7, 13, 14, 0, 1, 17, 18, 19, 20, 21, 22, 23, 24, 25, 26, 27, 28, 29, 30, 31, 32, 33, 34, 35, 36, 37, 38, 39]",2459.0,1.6510138511657715
"[15, 16, 2, 3, 4, 5, 6, 12, 8, 9, 10, 11, 7, 13, 14, 0, 1, 17, 18, 19, 20, 21, 22, 23, 24, 25, 26, 27, 28, 29, 30, 31, 32, 33, 34, 35, 36, 37, 38, 39]",2459.0,"[15, 16, 2, 3, 4, 5, 6, 12, 8, 9, 10, 11, 7, 13, 14, 0, 1, 17, 18, 19, 20, 21, 22, 23, 24, 25, 26, 27, 28, 29, 30, 31, 32, 33, 34, 35, 36, 37, 38, 39]",2459.0,1.862013816833496
"[15, 16, 2, 3, 4, 5, 6, 12, 8, 9, 10, 11, 7, 13, 14, 0, 1, 17, 18, 19, 20, 21, 22, 23, 24, 25, 26, 27, 28, 29, 30, 31, 32, 33, 34, 35, 36, 37, 38, 39]",2459.0,"[15, 16, 2, 3, 4, 5, 6, 12, 8, 9, 10, 11, 7, 13, 14, 0, 1, 17, 18, 19, 20, 21, 22, 23, 24, 25, 26, 27, 28, 29, 30, 31, 32, 33, 34, 35, 36, 37, 38, 39]",2459.0,2.023012161254883
"[15, 16, 2, 3, 4, 5, 6, 12, 8, 9, 10, 11, 7, 13, 14, 0, 1, 17, 18, 19, 20, 21, 22, 23, 24, 25, 26, 27, 28, 29, 30, 31, 32, 33, 34, 35, 36, 37, 38, 39]",2459.0,"[15, 16, 2, 3, 4, 5, 6, 12, 8, 9, 10, 11, 7, 13, 14, 0, 1, 17, 18, 19, 20, 21, 22, 23, 24, 25, 26, 27, 28, 29, 30, 31, 32, 33, 34, 35, 36, 37, 38, 39]",2459.0,2.1730217933654785
"[15, 16, 2, 3, 4, 5, 6, 12, 8, 9, 10, 11, 7, 13, 14, 0, 1, 17, 18, 19, 20, 21, 22, 30, 24, 25, 26, 27, 28, 29, 23, 31, 32, 33, 34, 35, 36, 37, 38, 39]",2444.0,"[15, 16, 2, 3, 4, 5, 6, 12, 8, 9, 10, 11, 7, 13, 14, 0, 1, 17, 18, 19, 20, 21, 22, 30, 24, 25, 26, 27, 28, 29, 23, 31, 32, 33, 34, 35, 36, 37, 38, 39]",2444.0,2.3220245838165283
"[15, 16, 2, 3, 4, 5, 6, 12, 8, 9, 10, 11, 7, 13, 14, 0, 1, 17, 18, 19, 20, 21, 32, 30, 24, 25, 26, 27, 28, 29, 23, 31, 22, 33, 34, 35, 36, 37, 38, 39]",2443.5,"[15, 16, 2, 3, 4, 5, 6, 12, 8, 9, 10, 11, 7, 13, 14, 0, 1, 17, 18, 19, 20, 21, 32, 30, 24, 25, 26, 27, 28, 29, 23, 31, 22, 33, 34, 35, 36, 37, 38, 39]",2443.5,2.47902250289917
"[15, 16, 2, 3, 4, 5, 6, 12, 8, 9, 10, 11, 7, 13, 14, 0, 1, 17, 18, 19, 20, 21, 32, 30, 24, 25, 26, 27, 28, 29, 23, 31, 22, 33, 34, 35, 36, 37, 38, 39]",2443.5,"[15, 16, 2, 3, 4, 5, 6, 12, 8, 9, 10, 11, 7, 13, 14, 0, 1, 17, 18, 19, 20, 21, 32, 30, 24, 25, 26, 27, 28, 29, 23, 31, 22, 33, 34, 35, 36, 37, 38, 39]",2443.5,2.6250240802764893
"[15, 16, 2, 3, 4, 5, 6, 12, 8, 9, 10, 11, 7, 13, 14, 0, 1, 17, 18, 19, 20, 21, 32, 30, 24, 25, 26, 27, 28, 29, 23, 31, 22, 33, 34, 35, 36, 37, 38, 39]",2443.5,"[15, 16, 2, 3, 4, 5, 6, 12, 8, 9, 10, 11, 7, 13, 14, 0, 1, 17, 18, 19, 20, 21, 32, 30, 24, 25, 26, 27, 28, 29, 23, 31, 22, 33, 34, 35, 36, 37, 38, 39]",2443.5,2.793023109436035
"[16, 15, 2, 3, 4, 5, 6, 12, 8, 9, 10, 11, 7, 13, 14, 0, 1, 17, 18, 19, 20, 21, 32, 30, 24, 25, 26, 27, 28, 29, 23, 31, 22, 33, 34, 35, 36, 37, 38, 39]",2427.0,"[16, 15, 2, 3, 4, 5, 6, 12, 8, 9, 10, 11, 7, 13, 14, 0, 1, 17, 18, 19, 20, 21, 32, 30, 24, 25, 26, 27, 28, 29, 23, 31, 22, 33, 34, 35, 36, 37, 38, 39]",2427.0,2.943025827407837
"[16, 15, 2, 3, 4, 5, 6, 12, 8, 9, 10, 11, 7, 13, 14, 0, 1, 17, 18, 19, 20, 21, 32, 30, 24, 25, 26, 27, 28, 29, 23, 31, 22, 33, 34, 35, 36, 37, 38, 39]",2427.0,"[16, 15, 2, 3, 4, 5, 6, 12, 8, 9, 10, 11, 7, 13, 14, 0, 1, 17, 18, 19, 20, 21, 32, 30, 24, 25, 26, 27, 28, 29, 23, 31, 22, 33, 34, 35, 36, 37, 38, 39]",2427.0,3.1090235710144043
"[16, 15, 2, 3, 4, 5, 6, 12, 8, 9, 10, 11, 7, 13, 14, 0, 1, 17, 18, 19, 20, 21, 32, 30, 24, 25, 26, 27, 28, 29, 23, 31, 22, 33, 34, 35, 36, 37, 38, 39]",2427.0,"[16, 15, 2, 3, 4, 5, 6, 12, 8, 9, 10, 11, 7, 13, 14, 0, 1, 17, 18, 19, 20, 21, 32, 30, 24, 25, 26, 27, 28, 29, 23, 31, 22, 33, 34, 35, 36, 37, 38, 39]",2427.0,3.275026559829712
"[16, 15, 2, 3, 4, 5, 6, 12, 8, 9, 10, 11, 7, 13, 14, 0, 1, 17, 18, 19, 20, 21, 32, 30, 24, 25, 26, 27, 28, 29, 23, 31, 22, 33, 34, 35, 36, 37, 38, 39]",2427.0,"[16, 15, 2, 3, 4, 5, 6, 12, 8, 9, 10, 11, 7, 13, 14, 0, 1, 17, 18, 19, 20, 21, 32, 30, 24, 25, 26, 27, 28, 29, 23, 31, 22, 33, 34, 35, 36, 37, 38, 39]",2427.0,3.4260361194610596
"[16, 15, 2, 12, 4, 5, 6, 3, 8, 9, 10, 11, 7, 13, 14, 0, 1, 17, 18, 19, 20, 21, 32, 30, 24, 25, 26, 27, 28, 29, 23, 31, 22, 33, 34, 35, 36, 37, 38, 39]",2404.5,"[16, 15, 2, 12, 4, 5, 6, 3, 8, 9, 10, 11, 7, 13, 14, 0, 1, 17, 18, 19, 20, 21, 32, 30, 24, 25, 26, 27, 28, 29, 23, 31, 22, 33, 34, 35, 36, 37, 38, 39]",2404.5,3.6130313873291016
"[16, 15, 2, 12, 4, 5, 6, 3, 8, 9, 10, 11, 7, 13, 14, 0, 1, 17, 18, 19, 20, 21, 32, 30, 24, 25, 26, 27, 28, 29, 23, 31, 22, 33, 34, 35, 36, 37, 38, 39]",2404.5,"[16, 15, 2, 12, 4, 5, 6, 3, 8, 9, 10, 11, 7, 13, 14, 0, 1, 17, 18, 19, 20, 21, 32, 30, 24, 25, 26, 27, 28, 29, 23, 31, 22, 33, 34, 35, 36, 37, 38, 39]",2404.5,3.75903582572937
"[16, 15, 2, 12, 4, 5, 6, 3, 8, 9, 10, 11, 7, 13, 14, 0, 1, 17, 18, 19, 20, 21, 32, 30, 24, 25, 26, 27, 28, 29, 23, 31, 22, 33, 34, 35, 36, 37, 38, 39]",2404.5,"[16, 15, 2, 12, 4, 5, 6, 3, 8, 9, 10, 11, 7, 13, 14, 0, 1, 17, 18, 19, 20, 21, 32, 30, 24, 25, 26, 27, 28, 29, 23, 31, 22, 33, 34, 35, 36, 37, 38, 39]",2404.5,3.9040398597717285
"[16, 15, 2, 12, 4, 5, 6, 3, 8, 9, 10, 11, 7, 13, 14, 0, 1, 17, 18, 19, 20, 21, 32, 30, 24, 25, 26, 27, 28, 29, 23, 31, 22, 33, 34, 35, 36, 37, 38, 39]",2404.5,"[16, 15, 2, 12, 4, 5, 6, 3, 8, 9, 10, 11, 7, 13, 14, 0, 1, 17, 18, 19, 20, 21, 32, 30, 24, 25, 26, 27, 28, 29, 23, 31, 22, 33, 34, 35, 36, 37, 38, 39]",2404.5,4.0708699226379395
"[16, 15, 2, 12, 4, 5, 6, 3, 8, 9, 10, 11, 7, 13, 14, 0, 1, 17, 18, 19, 20, 21, 32, 30, 24, 25, 26, 27, 28, 29, 23, 31, 22, 33, 34, 35, 36, 37, 38, 39]",2404.5,"[16, 15, 2, 12, 4, 5, 6, 3, 8, 9, 10, 11, 7, 13, 14, 0, 1, 17, 18, 19, 20, 21, 32, 30, 24, 25, 26, 27, 28, 29, 23, 31, 22, 33, 34, 35, 36, 37, 38, 39]",2404.5,4.22304105758667
"[16, 15, 2, 12, 4, 5, 6, 3, 8, 9, 10, 11, 7, 13, 14, 0, 1, 17, 18, 19, 20, 21, 32, 30, 24, 25, 26, 27, 28, 29, 23, 31, 22, 33, 34, 35, 36, 37, 38, 39]",2404.5,"[16, 15, 2, 12, 4, 5, 6, 3, 8, 9, 10, 11, 7, 13, 14, 0, 1, 17, 18, 19, 20, 21, 32, 30, 24, 25, 26, 27, 28, 29, 23, 31, 22, 33, 34, 35, 36, 37, 38, 39]",2404.5,4.377062082290649
"[16, 15, 2, 12, 4, 5, 6, 3, 8, 9, 10, 11, 7, 13, 14, 0, 1, 17, 18, 19, 20, 21, 32, 30, 24, 25, 26, 27, 28, 29, 23, 31, 22, 33, 34, 35, 36, 37, 38, 39]",2404.5,"[16, 15, 2, 12, 4, 5, 6, 3, 8, 9, 10, 11, 7, 13, 14, 0, 1, 17, 18, 19, 20, 21, 32, 30, 24, 25, 26, 27, 28, 29, 23, 31, 22, 33, 34, 35, 36, 37, 38, 39]",2404.5,4.526044607162476
"[16, 15, 2, 12, 4, 5, 6, 3, 8, 9, 10, 11, 7, 13, 14, 0, 1, 17, 18, 19, 20, 21, 32, 30, 24, 25, 26, 27, 28, 29, 23, 31, 22, 33, 34, 35, 36, 37, 38, 39]",2404.5,"[16, 15, 2, 12, 4, 5, 6, 3, 8, 9, 10, 11, 7, 13, 14, 0, 1, 17, 18, 19, 20, 21, 32, 30, 24, 25, 26, 27, 28, 29, 23, 31, 22, 33, 34, 35, 36, 37, 38, 39]",2404.5,4.686048746109009
"[16, 15, 2, 12, 4, 5, 6, 3, 8, 9, 10, 11, 7, 13, 14, 0, 1, 17, 18, 19, 20, 21, 32, 30, 24, 25, 26, 27, 28, 29, 23, 31, 22, 33, 34, 35, 36, 37, 38, 39]",2404.5,"[16, 15, 2, 12, 4, 5, 6, 3, 8, 9, 10, 11, 7, 13, 14, 0, 1, 17, 18, 19, 20, 21, 32, 30, 24, 25, 26, 27, 28, 29, 23, 31, 22, 33, 34, 35, 36, 37, 38, 39]",2404.5,4.867041826248169
"[16, 15, 2, 12, 4, 5, 6, 3, 8, 9, 10, 11, 7, 13, 14, 0, 1, 17, 18, 19, 20, 21, 32, 30, 24, 25, 26, 27, 28, 29, 23, 31, 22, 33, 34, 35, 36, 37, 38, 39]",2404.5,"[16, 15, 2, 12, 4, 5, 6, 3, 8, 9, 10, 11, 7, 13, 14, 0, 1, 17, 18, 19, 20, 21, 32, 30, 24, 25, 26, 27, 28, 29, 23, 31, 22, 33, 34, 35, 36, 37, 38, 39]",2404.5,5.0238847732543945
"[16, 15, 2, 12, 4, 5, 6, 3, 8, 9, 10, 11, 7, 13, 14, 0, 1, 17, 18, 19, 20, 21, 32, 30, 24, 25, 26, 27, 28, 29, 23, 31, 22, 33, 34, 35, 36, 37, 38, 39]",2404.5,"[16, 15, 2, 12, 4, 5, 6, 3, 8, 9, 10, 11, 7, 13, 14, 0, 1, 17, 18, 19, 20, 21, 32, 30, 24, 25, 26, 27, 28, 29, 23, 31, 22, 33, 34, 35, 36, 37, 38, 39]",2404.5,5.181048631668091
"[16, 15, 2, 12, 4, 5, 6, 3, 8, 9, 10, 11, 7, 13, 14, 0, 1, 17, 18, 19, 20, 21, 32, 30, 24, 25, 26, 27, 28, 29, 23, 31, 22, 33, 34, 35, 36, 37, 38, 39]",2404.5,"[16, 15, 2, 12, 4, 5, 6, 3, 8, 9, 10, 11, 7, 13, 14, 0, 1, 17, 18, 19, 20, 21, 32, 30, 24, 25, 26, 27, 28, 29, 23, 31, 22, 33, 34, 35, 36, 37, 38, 39]",2404.5,5.3270533084869385
"[16, 15, 2, 12, 4, 5, 6, 3, 8, 9, 10, 11, 7, 13, 14, 0, 1, 17, 18, 19, 20, 21, 32, 36, 24, 25, 26, 27, 28, 29, 23, 31, 22, 33, 34, 35, 30, 37, 38, 39]",2393.5,"[16, 15, 2, 12, 4, 5, 6, 3, 8, 9, 10, 11, 7, 13, 14, 0, 1, 17, 18, 19, 20, 21, 32, 36, 24, 25, 26, 27, 28, 29, 23, 31, 22, 33, 34, 35, 30, 37, 38, 39]",2393.5,5.475052118301392
"[16, 15, 2, 12, 4, 5, 6, 3, 8, 9, 10, 11, 7, 13, 14, 0, 1, 17, 18, 19, 20, 21, 32, 36, 24, 25, 26, 27, 28, 29, 23, 31, 22, 33, 34, 35, 30, 37, 38, 39]",2393.5,"[16, 15, 2, 12, 4, 5, 6, 3, 8, 9, 10, 11, 7, 13, 14, 0, 1, 17, 18, 19, 20, 21, 32, 36, 24, 25, 26, 27, 28, 29, 23, 31, 22, 33, 34, 35, 30, 37, 38, 39]",2393.5,5.622051477432251
"[16, 15, 2, 12, 4, 5, 6, 3, 8, 9, 10, 11, 7, 13, 14, 0, 1, 17, 18, 19, 20, 21, 32, 36, 24, 25, 26, 27, 28, 29, 23, 31, 22, 33, 34, 35, 30, 37, 38, 39]",2393.5,"[16, 15, 2, 12, 4, 5, 6, 3, 8, 9, 10, 11, 7, 13, 14, 0, 1, 17, 18, 19, 20, 21, 32, 36, 24, 25, 26, 27, 28, 29, 23, 31, 22, 33, 34, 35, 30, 37, 38, 39]",2393.5,5.765059947967529
"[16, 15, 2, 12, 4, 5, 6, 3, 8, 9, 10, 11, 7, 13, 14, 0, 1, 17, 18, 19, 20, 21, 32, 36, 24, 25, 26, 27, 28, 29, 23, 31, 22, 33, 34, 35, 30, 37, 38, 39]",2393.5,"[16, 15, 2, 12, 4, 5, 6, 3, 8, 9, 10, 11, 7, 13, 14, 0, 1, 17, 18, 19, 20, 21, 32, 36, 24, 25, 26, 27, 28, 29, 23, 31, 22, 33, 34, 35, 30, 37, 38, 39]",2393.5,5.9100682735443115
"[16, 15, 2, 12, 4, 5, 6, 3, 8, 9, 10, 11, 7, 13, 14, 0, 1, 17, 18, 19, 20, 21, 32, 36, 24, 25, 26, 27, 28, 29, 23, 31, 22, 33, 34, 35, 30, 37, 38, 39]",2393.5,"[16, 15, 2, 12, 4, 5, 6, 3, 8, 9, 10, 11, 7, 13, 14, 0, 1, 17, 18, 19, 20, 21, 32, 36, 24, 25, 26, 27, 28, 29, 23, 31, 22, 33, 34, 35, 30, 37, 38, 39]",2393.5,6.063080072402954
"[16, 15, 2, 12, 4, 5, 6, 3, 8, 9, 10, 11, 7, 13, 14, 0, 1, 17, 18, 19, 20, 21, 32, 36, 24, 25, 26, 27, 28, 29, 23, 31, 22, 33, 34, 35, 30, 37, 38, 39]",2393.5,"[16, 15, 2, 12, 4, 5, 6, 3, 8, 9, 10, 11, 7, 13, 14, 0, 1, 17, 18, 19, 20, 21, 32, 36, 24, 25, 26, 27, 28, 29, 23, 31, 22, 33, 34, 35, 30, 37, 38, 39]",2393.5,6.212068796157837
"[16, 15, 2, 12, 4, 5, 6, 3, 8, 9, 10, 11, 7, 13, 14, 0, 1, 17, 18, 19, 20, 21, 32, 36, 24, 25, 26, 27, 28, 29, 23, 31, 22, 33, 34, 35, 30, 37, 38, 39]",2393.5,"[16, 15, 2, 12, 4, 5, 6, 3, 8, 9, 10, 11, 7, 13, 14, 0, 1, 17, 18, 19, 20, 21, 32, 36, 24, 25, 26, 27, 28, 29, 23, 31, 22, 33, 34, 35, 30, 37, 38, 39]",2393.5,6.367067575454712
"[16, 15, 2, 12, 4, 5, 6, 3, 8, 9, 10, 11, 7, 13, 14, 0, 1, 17, 18, 19, 20, 21, 32, 36, 24, 25, 26, 27, 28, 29, 23, 31, 22, 33, 34, 35, 30, 37, 38, 39]",2393.5,"[16, 15, 2, 12, 4, 5, 6, 3, 8, 9, 10, 11, 7, 13, 14, 0, 1, 17, 18, 19, 20, 21, 32, 36, 24, 25, 26, 27, 28, 29, 23, 31, 22, 33, 34, 35, 30, 37, 38, 39]",2393.5,6.519064664840698
"[16, 15, 2, 12, 4, 5, 6, 3, 8, 9, 10, 11, 7, 13, 14, 0, 1, 17, 18, 19, 20, 21, 32, 36, 24, 25, 26, 27, 28, 29, 23, 31, 22, 33, 34, 35, 30, 37, 38, 39]",2393.5,"[16, 15, 2, 12, 4, 5, 6, 3, 8, 9, 10, 11, 7, 13, 14, 0, 1, 17, 18, 19, 20, 21, 32, 36, 24, 25, 26, 27, 28, 29, 23, 31, 22, 33, 34, 35, 30, 37, 38, 39]",2393.5,6.680063486099243
"[16, 15, 2, 12, 4, 5, 6, 3, 8, 9, 10, 11, 7, 13, 14, 0, 1, 17, 18, 19, 20, 21, 32, 36, 24, 25, 26, 27, 28, 29, 23, 31, 22, 33, 34, 35, 30, 37, 38, 39]",2393.5,"[16, 15, 2, 12, 4, 5, 6, 3, 8, 9, 10, 11, 7, 13, 14, 0, 1, 17, 18, 19, 20, 21, 32, 36, 24, 25, 26, 27, 28, 29, 23, 31, 22, 33, 34, 35, 30, 37, 38, 39]",2393.5,6.839065313339233
"[16, 15, 2, 12, 4, 5, 6, 3, 8, 9, 10, 11, 7, 13, 14, 0, 1, 17, 18, 19, 20, 21, 32, 36, 24, 25, 26, 27, 28, 29, 23, 31, 22, 33, 34, 35, 30, 37, 38, 39]",2393.5,"[16, 15, 2, 12, 4, 5, 6, 3, 8, 9, 10, 11, 7, 13, 14, 0, 1, 17, 18, 19, 20, 21, 32, 36, 24, 25, 26, 27, 28, 29, 23, 31, 22, 33, 34, 35, 30, 37, 38, 39]",2393.5,7.00507116317749
"[16, 15, 2, 12, 4, 5, 6, 3, 8, 9, 10, 11, 7, 13, 14, 0, 1, 17, 18, 19, 20, 21, 32, 36, 24, 25, 26, 27, 28, 29, 23, 31, 22, 33, 34, 35, 30, 37, 38, 39]",2393.5,"[16, 15, 2, 12, 4, 5, 6, 3, 8, 9, 10, 11, 7, 13, 14, 0, 1, 17, 18, 19, 20, 21, 32, 36, 24, 25, 26, 27, 28, 29, 23, 31, 22, 33, 34, 35, 30, 37, 38, 39]",2393.5,7.167088747024536
"[16, 15, 2, 12, 4, 5, 6, 3, 8, 9, 10, 11, 7, 13, 14, 0, 1, 17, 18, 19, 20, 21, 32, 36, 24, 25, 26, 27, 28, 29, 23, 31, 22, 33, 34, 35, 30, 37, 38, 39]",2393.5,"[16, 15, 2, 12, 4, 5, 6, 3, 8, 9, 10, 11, 7, 13, 14, 0, 1, 17, 18, 19, 20, 21, 32, 36, 24, 25, 26, 27, 28, 29, 23, 31, 22, 33, 34, 35, 30, 37, 38, 39]",2393.5,7.333078145980835
"[16, 15, 2, 12, 4, 5, 6, 3, 8, 9, 10, 11, 7, 13, 14, 0, 1, 17, 18, 19, 20, 21, 32, 36, 24, 25, 26, 27, 28, 29, 23, 31, 22, 33, 34, 35, 30, 37, 38, 39]",2393.5,"[16, 15, 2, 12, 4, 5, 6, 3, 8, 9, 10, 11, 7, 13, 14, 0, 1, 17, 18, 19, 20, 21, 32, 36, 24, 25, 26, 27, 28, 29, 23, 31, 22, 33, 34, 35, 30, 37, 38, 39]",2393.5,7.499081373214722
"[16, 15, 2, 12, 4, 5, 6, 3, 8, 9, 10, 11, 7, 13, 14, 0, 1, 17, 18, 19, 20, 21, 32, 36, 24, 25, 26, 27, 28, 29, 23, 31, 22, 33, 34, 35, 30, 37, 38, 39]",2393.5,"[16, 15, 2, 12, 4, 5, 6, 3, 8, 9, 10, 11, 7, 13, 14, 0, 1, 17, 18, 19, 20, 21, 32, 36, 24, 25, 26, 27, 28, 29, 23, 31, 22, 33, 34, 35, 30, 37, 38, 39]",2393.5,7.648084402084351
"[16, 15, 2, 12, 4, 5, 6, 3, 8, 9, 10, 11, 7, 13, 14, 0, 1, 17, 18, 19, 20, 21, 32, 36, 24, 25, 26, 27, 28, 29, 23, 31, 22, 33, 34, 35, 30, 37, 38, 39]",2393.5,"[16, 15, 2, 12, 4, 5, 6, 3, 8, 9, 10, 11, 7, 13, 14, 0, 1, 17, 18, 19, 20, 21, 32, 36, 24, 25, 26, 27, 28, 29, 23, 31, 22, 33, 34, 35, 30, 37, 38, 39]",2393.5,7.80107569694519
"[16, 15, 2, 12, 4, 5, 6, 11, 8, 9, 10, 3, 7, 13, 14, 0, 1, 17, 18, 19, 20, 21, 32, 36, 24, 25, 26, 27, 28, 29, 23, 31, 22, 33, 34, 35, 30, 37, 38, 39]",2375.5,"[16, 15, 2, 12, 4, 5, 6, 11, 8, 9, 10, 3, 7, 13, 14, 0, 1, 17, 18, 19, 20, 21, 32, 36, 24, 25, 26, 27, 28, 29, 23, 31, 22, 33, 34, 35, 30, 37, 38, 39]",2375.5,7.951077222824097
"[16, 15, 2, 12, 4, 5, 6, 11, 8, 9, 10, 3, 7, 13, 14, 0, 1, 17, 18, 19, 20, 21, 32, 36, 24, 25, 26, 27, 28, 29, 23, 31, 22, 33, 34, 35, 30, 37, 38, 39]",2375.5,"[16, 15, 2, 12, 4, 5, 6, 11, 8, 9, 10, 3, 7, 13, 14, 0, 1, 17, 18, 19, 20, 21, 32, 36, 24, 25, 26, 27, 28, 29, 23, 31, 22, 33, 34, 35, 30, 37, 38, 39]",2375.5,8.097083568572998
"[16, 15, 2, 12, 4, 5, 6, 11, 8, 9, 10, 3, 7, 13, 14, 0, 1, 17, 18, 19, 20, 21, 32, 36, 24, 25, 26, 27, 28, 29, 23, 31, 22, 33, 34, 35, 30, 37, 38, 39]",2375.5,"[16, 15, 2, 12, 4, 5, 6, 11, 8, 9, 10, 3, 7, 13, 14, 0, 1, 17, 18, 19, 20, 21, 32, 36, 24, 25, 26, 27, 28, 29, 23, 31, 22, 33, 34, 35, 30, 37, 38, 39]",2375.5,8.243080615997314
"[16, 15, 2, 12, 4, 5, 6, 11, 8, 9, 10, 3, 7, 13, 14, 0, 1, 17, 18, 19, 20, 21, 32, 36, 24, 25, 26, 27, 28, 29, 23, 31, 22, 33, 34, 35, 30, 37, 38, 39]",2375.5,"[16, 15, 2, 12, 4, 5, 6, 11, 8, 9, 10, 3, 7, 13, 14, 0, 1, 17, 18, 19, 20, 21, 32, 36, 24, 25, 26, 27, 28, 29, 23, 31, 22, 33, 34, 35, 30, 37, 38, 39]",2375.5,8.39208197593689
"[16, 15, 2, 12, 4, 5, 6, 11, 8, 9, 10, 3, 7, 13, 14, 0, 1, 17, 18, 19, 20, 21, 32, 36, 24, 25, 26, 27, 28, 29, 23, 31, 22, 33, 34, 35, 30, 37, 38, 39]",2375.5,"[16, 15, 2, 12, 4, 5, 6, 11, 8, 9, 10, 3, 7, 13, 14, 0, 1, 17, 18, 19, 20, 21, 32, 36, 24, 25, 26, 27, 28, 29, 23, 31, 22, 33, 34, 35, 30, 37, 38, 39]",2375.5,8.542111158370972
"[16, 15, 2, 12, 11, 5, 6, 4, 8, 9, 10, 3, 7, 13, 14, 0, 1, 17, 18, 19, 20, 21, 32, 36, 24, 25, 26, 27, 28, 29, 23, 31, 22, 33, 34, 35, 30, 37, 38, 39]",2370.0,"[16, 15, 2, 12, 11, 5, 6, 4, 8, 9, 10, 3, 7, 13, 14, 0, 1, 17, 18, 19, 20, 21, 32, 36, 24, 25, 26, 27, 28, 29, 23, 31, 22, 33, 34, 35, 30, 37, 38, 39]",2370.0,8.698567390441895
"[16, 15, 2, 12, 11, 5, 6, 4, 8, 9, 10, 3, 7, 13, 14, 0, 1, 17, 18, 19, 20, 21, 32, 36, 24, 25, 26, 27, 28, 29, 23, 31, 22, 33, 34, 35, 30, 37, 38, 39]",2370.0,"[16, 15, 2, 12, 11, 5, 6, 4, 8, 9, 10, 3, 7, 13, 14, 0, 1, 17, 18, 19, 20, 21, 32, 36, 24, 25, 26, 27, 28, 29, 23, 31, 22, 33, 34, 35, 30, 37, 38, 39]",2370.0,8.854087829589844
"[16, 15, 2, 12, 11, 5, 6, 4, 8, 9, 10, 3, 7, 13, 14, 0, 1, 17, 18, 19, 20, 21, 32, 36, 24, 25, 26, 27, 28, 29, 23, 31, 22, 33, 34, 35, 30, 37, 38, 39]",2370.0,"[16, 15, 2, 12, 11, 5, 6, 4, 8, 9, 10, 3, 7, 13, 14, 0, 1, 17, 18, 19, 20, 21, 32, 36, 24, 25, 26, 27, 28, 29, 23, 31, 22, 33, 34, 35, 30, 37, 38, 39]",2370.0,9.00708818435669
"[16, 15, 2, 12, 11, 5, 6, 4, 8, 9, 10, 3, 7, 13, 14, 0, 1, 17, 18, 19, 20, 21, 32, 36, 24, 25, 26, 27, 28, 29, 23, 31, 22, 33, 34, 35, 30, 37, 38, 39]",2370.0,"[16, 15, 2, 12, 11, 5, 6, 4, 8, 9, 10, 3, 7, 13, 14, 0, 1, 17, 18, 19, 20, 21, 32, 36, 24, 25, 26, 27, 28, 29, 23, 31, 22, 33, 34, 35, 30, 37, 38, 39]",2370.0,9.156092405319214
"[16, 15, 2, 12, 11, 5, 6, 4, 8, 9, 10, 3, 7, 13, 14, 0, 1, 17, 18, 19, 20, 21, 32, 36, 24, 25, 26, 27, 28, 29, 23, 31, 22, 33, 34, 35, 30, 37, 38, 39]",2370.0,"[16, 15, 2, 12, 11, 5, 6, 4, 8, 9, 10, 3, 7, 13, 14, 0, 1, 17, 18, 19, 20, 21, 32, 36, 24, 25, 26, 27, 28, 29, 23, 31, 22, 33, 34, 35, 30, 37, 38, 39]",2370.0,9.31592845916748
"[16, 15, 2, 12, 11, 5, 6, 4, 8, 9, 10, 3, 7, 13, 14, 0, 1, 17, 18, 19, 20, 21, 32, 36, 24, 25, 26, 27, 28, 29, 23, 31, 22, 33, 34, 35, 30, 37, 38, 39]",2370.0,"[16, 15, 2, 12, 11, 5, 6, 4, 8, 9, 10, 3, 7, 13, 14, 0, 1, 17, 18, 19, 20, 21, 32, 36, 24, 25, 26, 27, 28, 29, 23, 31, 22, 33, 34, 35, 30, 37, 38, 39]",2370.0,9.482098817825317
"[16, 15, 2, 12, 11, 5, 6, 4, 8, 9, 10, 3, 7, 13, 14, 0, 1, 17, 18, 19, 20, 21, 32, 36, 24, 25, 26, 27, 28, 29, 23, 31, 22, 33, 34, 35, 30, 37, 38, 39]",2370.0,"[16, 15, 2, 12, 11, 5, 6, 4, 8, 9, 10, 3, 7, 13, 14, 0, 1, 17, 18, 19, 20, 21, 32, 36, 24, 25, 26, 27, 28, 29, 23, 31, 22, 33, 34, 35, 30, 37, 38, 39]",2370.0,9.627127647399902
"[16, 15, 2, 12, 11, 5, 6, 4, 8, 9, 10, 3, 7, 13, 14, 0, 1, 17, 18, 19, 20, 21, 32, 36, 24, 25, 26, 27, 28, 29, 23, 31, 22, 33, 34, 35, 30, 37, 38, 39]",2370.0,"[16, 15, 2, 12, 11, 5, 6, 4, 8, 9, 10, 3, 7, 13, 14, 0, 1, 17, 18, 19, 20, 21, 32, 36, 24, 25, 26, 27, 28, 29, 23, 31, 22, 33, 34, 35, 30, 37, 38, 39]",2370.0,9.779095888137817
"[16, 15, 2, 12, 11, 5, 6, 4, 8, 9, 10, 3, 7, 13, 14, 0, 1, 17, 18, 19, 20, 21, 32, 36, 24, 25, 26, 27, 28, 29, 23, 31, 22, 33, 34, 35, 30, 37, 38, 39]",2370.0,"[16, 15, 2, 12, 11, 5, 6, 4, 8, 9, 10, 3, 7, 13, 14, 0, 1, 17, 18, 19, 20, 21, 32, 36, 24, 25, 26, 27, 28, 29, 23, 31, 22, 33, 34, 35, 30, 37, 38, 39]",2370.0,9.938096761703491
"[16, 15, 2, 12, 11, 5, 6, 4, 8, 9, 10, 3, 7, 13, 14, 0, 1, 17, 18, 19, 20, 21, 32, 36, 24, 25, 26, 27, 28, 29, 23, 31, 22, 33, 34, 35, 30, 37, 38, 39]",2370.0,"[16, 15, 2, 12, 11, 5, 6, 4, 8, 9, 10, 3, 7, 13, 14, 0, 1, 17, 18, 19, 20, 21, 32, 36, 24, 25, 26, 27, 28, 29, 23, 31, 22, 33, 34, 35, 30, 37, 38, 39]",2370.0,10.084119319915771
"[16, 15, 2, 12, 11, 5, 6, 4, 8, 9, 10, 3, 7, 13, 14, 0, 1, 17, 18, 19, 20, 21, 32, 36, 24, 25, 26, 27, 28, 29, 23, 31, 22, 33, 34, 35, 30, 37, 38, 39]",2370.0,"[16, 15, 2, 12, 11, 5, 6, 4, 8, 9, 10, 3, 7, 13, 14, 0, 1, 17, 18, 19, 20, 21, 32, 36, 24, 25, 26, 27, 28, 29, 23, 31, 22, 33, 34, 35, 30, 37, 38, 39]",2370.0,10.239105701446533
"[16, 15, 2, 12, 11, 5, 6, 4, 8, 9, 10, 3, 7, 13, 14, 0, 1, 17, 18, 19, 20, 21, 32, 36, 24, 25, 26, 27, 28, 29, 23, 31, 22, 33, 34, 35, 30, 37, 38, 39]",2370.0,"[16, 15, 2, 12, 11, 5, 6, 4, 8, 9, 10, 3, 7, 13, 14, 0, 1, 17, 18, 19, 20, 21, 32, 36, 24, 25, 26, 27, 28, 29, 23, 31, 22, 33, 34, 35, 30, 37, 38, 39]",2370.0,10.390105724334717
"[16, 15, 2, 12, 11, 5, 6, 4, 8, 9, 10, 3, 7, 13, 14, 0, 1, 17, 18, 19, 20, 21, 32, 36, 24, 25, 26, 27, 28, 29, 23, 31, 22, 33, 34, 35, 30, 37, 38, 39]",2370.0,"[16, 15, 2, 12, 11, 5, 6, 4, 8, 9, 10, 3, 7, 13, 14, 0, 1, 17, 18, 19, 20, 21, 32, 36, 24, 25, 26, 27, 28, 29, 23, 31, 22, 33, 34, 35, 30, 37, 38, 39]",2370.0,10.540106058120728
"[16, 15, 2, 12, 11, 5, 6, 4, 8, 9, 10, 3, 7, 13, 14, 0, 1, 17, 18, 19, 20, 21, 32, 36, 24, 25, 26, 27, 28, 29, 23, 31, 22, 33, 34, 35, 30, 37, 38, 39]",2370.0,"[16, 15, 2, 12, 11, 5, 6, 4, 8, 9, 10, 3, 7, 13, 14, 0, 1, 17, 18, 19, 20, 21, 32, 36, 24, 25, 26, 27, 28, 29, 23, 31, 22, 33, 34, 35, 30, 37, 38, 39]",2370.0,10.692105054855347
"[16, 15, 6, 12, 11, 5, 2, 4, 8, 9, 10, 3, 7, 13, 14, 0, 1, 17, 18, 19, 20, 21, 32, 36, 24, 25, 26, 27, 28, 29, 23, 31, 22, 33, 34, 35, 30, 37, 38, 39]",2367.0,"[16, 15, 6, 12, 11, 5, 2, 4, 8, 9, 10, 3, 7, 13, 14, 0, 1, 17, 18, 19, 20, 21, 32, 36, 24, 25, 26, 27, 28, 29, 23, 31, 22, 33, 34, 35, 30, 37, 38, 39]",2367.0,10.842109203338623
"[16, 15, 6, 12, 11, 5, 2, 4, 8, 9, 10, 3, 7, 13, 14, 0, 1, 17, 18, 19, 20, 21, 32, 36, 24, 25, 26, 27, 28, 29, 23, 31, 22, 33, 34, 35, 30, 37, 38, 39]",2367.0,"[16, 15, 6, 12, 11, 5, 2, 4, 8, 9, 10, 3, 7, 13, 14, 0, 1, 17, 18, 19, 20, 21, 32, 36, 24, 25, 26, 27, 28, 29, 23, 31, 22, 33, 34, 35, 30, 37, 38, 39]",2367.0,10.991105318069458
"[16, 15, 6, 12, 11, 0, 2, 4, 8, 9, 10, 3, 7, 13, 14, 5, 1, 17, 18, 19, 20, 21, 32, 36, 24, 25, 26, 27, 28, 29, 23, 31, 22, 33, 34, 35, 30, 37, 38, 39]",2364.5,"[16, 15, 6, 12, 11, 0, 2, 4, 8, 9, 10, 3, 7, 13, 14, 5, 1, 17, 18, 19, 20, 21, 32, 36, 24, 25, 26, 27, 28, 29, 23, 31, 22, 33, 34, 35, 30, 37, 38, 39]",2364.5,11.139110565185547
"[16, 15, 6, 12, 11, 0, 2, 4, 8, 9, 10, 3, 7, 13, 14, 5, 1, 17, 18, 19, 20, 21, 32, 36, 24, 25, 26, 27, 28, 29, 23, 31, 22, 33, 34, 35, 30, 37, 38, 39]",2364.5,"[16, 15, 6, 12, 11, 0, 2, 4, 8, 9, 10, 3, 7, 13, 14, 5, 1, 17, 18, 19, 20, 21, 32, 36, 24, 25, 26, 27, 28, 29, 23, 31, 22, 33, 34, 35, 30, 37, 38, 39]",2364.5,11.288114547729492
"[16, 15, 6, 12, 11, 0, 2, 4, 8, 9, 10, 3, 7, 13, 14, 5, 1, 17, 18, 19, 20, 21, 32, 36, 24, 25, 26, 27, 28, 29, 23, 31, 22, 33, 34, 35, 30, 37, 38, 39]",2364.5,"[16, 15, 6, 12, 11, 0, 2, 4, 8, 9, 10, 3, 7, 13, 14, 5, 1, 17, 18, 19, 20, 21, 32, 36, 24, 25, 26, 27, 28, 29, 23, 31, 22, 33, 34, 35, 30, 37, 38, 39]",2364.5,11.446174144744873
"[16, 15, 6, 12, 11, 0, 2, 4, 8, 9, 10, 3, 7, 13, 14, 5, 1, 17, 18, 19, 20, 21, 32, 36, 24, 25, 26, 27, 28, 29, 23, 31, 22, 33, 34, 35, 30, 37, 38, 39]",2364.5,"[16, 15, 6, 12, 11, 0, 2, 4, 8, 9, 10, 3, 7, 13, 14, 5, 1, 17, 18, 19, 20, 21, 32, 36, 24, 25, 26, 27, 28, 29, 23, 31, 22, 33, 34, 35, 30, 37, 38, 39]",2364.5,11.623125076293945
"[16, 15, 6, 12, 11, 0, 2, 4, 8, 9, 10, 3, 7, 13, 14, 5, 1, 17, 18, 19, 20, 21, 32, 36, 24, 25, 26, 27, 28, 29, 23, 31, 22, 33, 34, 35, 30, 37, 38, 39]",2364.5,"[16, 15, 6, 12, 11, 0, 2, 4, 8, 9, 10, 3, 7, 13, 14, 5, 1, 17, 18, 19, 20, 21, 32, 36, 24, 25, 26, 27, 28, 29, 23, 31, 22, 33, 34, 35, 30, 37, 38, 39]",2364.5,11.776131868362427
"[16, 15, 6, 12, 11, 0, 2, 4, 8, 9, 10, 3, 7, 13, 14, 5, 1, 17, 18, 19, 20, 21, 32, 36, 24, 25, 26, 27, 28, 29, 23, 31, 22, 33, 34, 35, 30, 37, 38, 39]",2364.5,"[16, 15, 6, 12, 11, 0, 2, 4, 8, 9, 10, 3, 7, 13, 14, 5, 1, 17, 18, 19, 20, 21, 32, 36, 24, 25, 26, 27, 28, 29, 23, 31, 22, 33, 34, 35, 30, 37, 38, 39]",2364.5,11.928118705749512
"[16, 15, 6, 12, 11, 0, 2, 4, 8, 9, 10, 3, 7, 13, 14, 5, 1, 17, 18, 19, 20, 21, 32, 36, 24, 25, 26, 27, 28, 29, 23, 31, 22, 33, 34, 35, 30, 37, 38, 39]",2364.5,"[16, 15, 6, 12, 11, 0, 2, 4, 8, 9, 10, 3, 7, 13, 14, 5, 1, 17, 18, 19, 20, 21, 32, 36, 24, 25, 26, 27, 28, 29, 23, 31, 22, 33, 34, 35, 30, 37, 38, 39]",2364.5,12.082245111465454
"[16, 15, 6, 12, 11, 0, 2, 4, 8, 9, 10, 3, 7, 13, 14, 5, 1, 17, 18, 19, 20, 21, 32, 36, 24, 25, 26, 27, 28, 29, 23, 31, 22, 33, 34, 35, 30, 37, 38, 39]",2364.5,"[16, 15, 6, 12, 11, 0, 2, 4, 8, 9, 10, 3, 7, 13, 14, 5, 1, 17, 18, 19, 20, 21, 32, 36, 24, 25, 26, 27, 28, 29, 23, 31, 22, 33, 34, 35, 30, 37, 38, 39]",2364.5,12.235127925872803
"[16, 15, 6, 12, 11, 0, 2, 4, 8, 9, 10, 3, 7, 13, 14, 5, 1, 17, 18, 19, 20, 21, 32, 36, 24, 25, 26, 27, 28, 29, 23, 31, 22, 33, 34, 35, 30, 37, 38, 39]",2364.5,"[16, 15, 6, 12, 11, 0, 2, 4, 8, 9, 10, 3, 7, 13, 14, 5, 1, 17, 18, 19, 20, 21, 32, 36, 24, 25, 26, 27, 28, 29, 23, 31, 22, 33, 34, 35, 30, 37, 38, 39]",2364.5,12.393136501312256
"[16, 15, 6, 12, 11, 0, 2, 4, 8, 9, 10, 3, 7, 20, 14, 5, 1, 17, 18, 19, 13, 21, 32, 36, 24, 25, 26, 27, 28, 29, 23, 31, 22, 33, 34, 35, 30, 37, 38, 39]",2360.0,"[16, 15, 6, 12, 11, 0, 2, 4, 8, 9, 10, 3, 7, 20, 14, 5, 1, 17, 18, 19, 13, 21, 32, 36, 24, 25, 26, 27, 28, 29, 23, 31, 22, 33, 34, 35, 30, 37, 38, 39]",2360.0,12.547135353088379
"[16, 15, 6, 12, 11, 0, 2, 4, 8, 9, 10, 3, 7, 20, 14, 5, 1, 17, 18, 19, 13, 21, 32, 36, 24, 25, 26, 27, 28, 29, 23, 31, 22, 33, 34, 35, 30, 37, 38, 39]",2360.0,"[16, 15, 6, 12, 11, 0, 2, 4, 8, 9, 10, 3, 7, 20, 14, 5, 1, 17, 18, 19, 13, 21, 32, 36, 24, 25, 26, 27, 28, 29, 23, 31, 22, 33, 34, 35, 30, 37, 38, 39]",2360.0,12.70795750617981
"[16, 15, 6, 12, 11, 0, 2, 4, 8, 9, 10, 3, 7, 20, 14, 5, 1, 17, 18, 19, 13, 21, 32, 36, 24, 25, 26, 27, 28, 29, 23, 31, 22, 33, 34, 35, 30, 37, 38, 39]",2360.0,"[16, 15, 6, 12, 11, 0, 2, 4, 8, 9, 10, 3, 7, 20, 14, 5, 1, 17, 18, 19, 13, 21, 32, 36, 24, 25, 26, 27, 28, 29, 23, 31, 22, 33, 34, 35, 30, 37, 38, 39]",2360.0,12.876139163970947
"[16, 15, 9, 12, 11, 0, 2, 4, 8, 6, 10, 3, 7, 20, 14, 5, 1, 17, 18, 19, 13, 21, 32, 36, 24, 25, 26, 27, 28, 29, 23, 31, 22, 33, 34, 35, 30, 37, 38, 39]",2359.5,"[16, 15, 9, 12, 11, 0, 2, 4, 8, 6, 10, 3, 7, 20, 14, 5, 1, 17, 18, 19, 13, 21, 32, 36, 24, 25, 26, 27, 28, 29, 23, 31, 22, 33, 34, 35, 30, 37, 38, 39]",2359.5,13.032130718231201
"[16, 15, 9, 12, 11, 0, 2, 4, 8, 6, 10, 3, 7, 20, 14, 5, 1, 17, 18, 19, 13, 21, 32, 36, 24, 25, 26, 27, 28, 29, 23, 31, 22, 33, 34, 35, 30, 37, 38, 39]",2359.5,"[16, 15, 9, 12, 11, 0, 2, 4, 8, 6, 10, 3, 7, 20, 14, 5, 1, 17, 18, 19, 13, 21, 32, 36, 24, 25, 26, 27, 28, 29, 23, 31, 22, 33, 34, 35, 30, 37, 38, 39]",2359.5,13.183138370513916
"[16, 15, 9, 12, 11, 0, 2, 4, 8, 6, 10, 3, 7, 20, 14, 5, 1, 17, 18, 19, 13, 21, 32, 36, 24, 25, 26, 27, 28, 29, 23, 31, 22, 33, 34, 35, 30, 37, 38, 39]",2359.5,"[16, 15, 9, 12, 11, 0, 2, 4, 8, 6, 10, 3, 7, 20, 14, 5, 1, 17, 18, 19, 13, 21, 32, 36, 24, 25, 26, 27, 28, 29, 23, 31, 22, 33, 34, 35, 30, 37, 38, 39]",2359.5,13.352405071258545
"[16, 15, 9, 12, 11, 0, 2, 4, 8, 6, 10, 3, 7, 20, 14, 5, 1, 17, 18, 19, 13, 21, 32, 36, 24, 25, 26, 27, 28, 29, 23, 31, 22, 33, 34, 35, 30, 37, 38, 39]",2359.5,"[16, 15, 9, 12, 11, 0, 2, 4, 8, 6, 10, 3, 7, 20, 14, 5, 1, 17, 18, 19, 13, 21, 32, 36, 24, 25, 26, 27, 28, 29, 23, 31, 22, 33, 34, 35, 30, 37, 38, 39]",2359.5,13.506138324737549
"[16, 15, 9, 12, 11, 0, 2, 4, 8, 6, 10, 3, 7, 20, 14, 5, 1, 17, 18, 19, 13, 21, 32, 36, 24, 25, 26, 27, 28, 29, 23, 31, 22, 33, 34, 35, 30, 37, 38, 39]",2359.5,"[16, 15, 9, 12, 11, 0, 2, 4, 8, 6, 10, 3, 7, 20, 14, 5, 1, 17, 18, 19, 13, 21, 32, 36, 24, 25, 26, 27, 28, 29, 23, 31, 22, 33, 34, 35, 30, 37, 38, 39]",2359.5,13.656136751174927
"[16, 15, 9, 12, 11, 0, 2, 4, 8, 6, 10, 3, 7, 20, 14, 5, 1, 17, 18, 19, 13, 21, 32, 36, 24, 25, 26, 27, 28, 29, 23, 31, 22, 33, 34, 35, 30, 37, 38, 39]",2359.5,"[16, 15, 9, 12, 11, 0, 2, 4, 8, 6, 10, 3, 7, 20, 14, 5, 1, 17, 18, 19, 13, 21, 32, 36, 24, 25, 26, 27, 28, 29, 23, 31, 22, 33, 34, 35, 30, 37, 38, 39]",2359.5,13.802140951156616
"[16, 15, 9, 12, 11, 0, 2, 4, 8, 6, 10, 3, 7, 20, 14, 5, 1, 17, 18, 19, 13, 21, 32, 36, 24, 25, 26, 27, 28, 29, 23, 31, 22, 33, 34, 35, 30, 37, 38, 39]",2359.5,"[16, 15, 9, 12, 11, 0, 2, 4, 8, 6, 10, 3, 7, 20, 14, 5, 1, 17, 18, 19, 13, 21, 32, 36, 24, 25, 26, 27, 28, 29, 23, 31, 22, 33, 34, 35, 30, 37, 38, 39]",2359.5,13.957138776779175
"[16, 15, 9, 12, 11, 0, 2, 4, 8, 6, 10, 3, 7, 20, 14, 5, 1, 17, 18, 19, 13, 21, 32, 36, 24, 25, 26, 27, 28, 29, 23, 31, 22, 33, 34, 35, 30, 37, 38, 39]",2359.5,"[16, 15, 9, 12, 11, 0, 2, 4, 8, 6, 10, 3, 7, 20, 14, 5, 1, 17, 18, 19, 13, 21, 32, 36, 24, 25, 26, 27, 28, 29, 23, 31, 22, 33, 34, 35, 30, 37, 38, 39]",2359.5,14.107143640518188
"[16, 15, 9, 12, 11, 0, 2, 4, 8, 6, 10, 3, 7, 20, 14, 5, 1, 17, 18, 19, 13, 21, 32, 36, 24, 25, 26, 27, 28, 29, 23, 31, 22, 33, 34, 35, 30, 37, 38, 39]",2359.5,"[16, 15, 9, 12, 11, 0, 2, 4, 8, 6, 10, 3, 7, 20, 14, 5, 1, 17, 18, 19, 13, 21, 32, 36, 24, 25, 26, 27, 28, 29, 23, 31, 22, 33, 34, 35, 30, 37, 38, 39]",2359.5,14.25714635848999
"[16, 15, 9, 12, 11, 0, 2, 4, 8, 6, 10, 3, 7, 20, 14, 5, 1, 17, 18, 19, 13, 21, 32, 36, 24, 25, 26, 27, 28, 29, 23, 31, 22, 33, 34, 35, 30, 37, 38, 39]",2359.5,"[16, 15, 9, 12, 11, 0, 2, 4, 8, 6, 10, 3, 7, 20, 14, 5, 1, 17, 18, 19, 13, 21, 32, 36, 24, 25, 26, 27, 28, 29, 23, 31, 22, 33, 34, 35, 30, 37, 38, 39]",2359.5,14.416149854660034
"[16, 15, 9, 12, 11, 0, 2, 4, 8, 6, 10, 3, 7, 20, 14, 5, 1, 17, 18, 19, 13, 21, 32, 36, 24, 25, 26, 27, 28, 29, 23, 31, 22, 33, 34, 35, 30, 37, 38, 39]",2359.5,"[16, 15, 9, 12, 11, 0, 2, 4, 8, 6, 10, 3, 7, 20, 14, 5, 1, 17, 18, 19, 13, 21, 32, 36, 24, 25, 26, 27, 28, 29, 23, 31, 22, 33, 34, 35, 30, 37, 38, 39]",2359.5,14.568145513534546
"[16, 15, 9, 12, 11, 0, 2, 4, 8, 6, 10, 3, 7, 20, 14, 5, 1, 17, 18, 19, 13, 21, 32, 36, 24, 25, 26, 27, 28, 29, 23, 31, 22, 33, 34, 35, 30, 37, 38, 39]",2359.5,"[16, 15, 9, 12, 11, 0, 2, 4, 8, 6, 10, 3, 7, 20, 14, 5, 1, 17, 18, 19, 13, 21, 32, 36, 24, 25, 26, 27, 28, 29, 23, 31, 22, 33, 34, 35, 30, 37, 38, 39]",2359.5,14.720147132873535
"[16, 15, 9, 12, 11, 0, 2, 4, 8, 6, 10, 3, 7, 20, 14, 5, 1, 17, 18, 19, 13, 21, 32, 36, 24, 25, 26, 27, 28, 29, 23, 31, 22, 33, 34, 35, 30, 37, 38, 39]",2359.5,"[16, 15, 9, 12, 11, 0, 2, 4, 8, 6, 10, 3, 7, 20, 14, 5, 1, 17, 18, 19, 13, 21, 32, 36, 24, 25, 26, 27, 28, 29, 23, 31, 22, 33, 34, 35, 30, 37, 38, 39]",2359.5,14.890151500701904
"[16, 15, 9, 12, 11, 0, 2, 4, 8, 6, 10, 3, 7, 20, 14, 5, 1, 17, 18, 19, 13, 21, 32, 36, 24, 25, 26, 27, 28, 29, 23, 31, 22, 33, 34, 35, 30, 37, 38, 39]",2359.5,"[16, 15, 9, 12, 11, 0, 2, 4, 8, 6, 10, 3, 7, 20, 14, 5, 1, 17, 18, 19, 13, 21, 32, 36, 24, 25, 26, 27, 28, 29, 23, 31, 22, 33, 34, 35, 30, 37, 38, 39]",2359.5,15.050148487091064
"[16, 15, 9, 12, 11, 0, 2, 4, 8, 6, 10, 3, 7, 20, 14, 5, 1, 17, 18, 19, 13, 21, 32, 36, 24, 25, 26, 27, 28, 29, 23, 31, 22, 33, 34, 35, 30, 37, 38, 39]",2359.5,"[16, 15, 9, 12, 11, 0, 2, 4, 8, 6, 10, 3, 7, 20, 14, 5, 1, 17, 18, 19, 13, 21, 32, 36, 24, 25, 26, 27, 28, 29, 23, 31, 22, 33, 34, 35, 30, 37, 38, 39]",2359.5,15.206207036972046
"[16, 15, 9, 12, 11, 0, 2, 4, 8, 6, 10, 3, 7, 20, 14, 5, 1, 17, 18, 19, 13, 21, 32, 36, 24, 25, 26, 27, 28, 29, 23, 31, 22, 33, 34, 35, 30, 37, 38, 39]",2359.5,"[16, 15, 9, 12, 11, 0, 2, 4, 8, 6, 10, 3, 7, 20, 14, 5, 1, 17, 18, 19, 13, 21, 32, 36, 24, 25, 26, 27, 28, 29, 23, 31, 22, 33, 34, 35, 30, 37, 38, 39]",2359.5,15.375156879425049
"[16, 15, 9, 12, 11, 0, 2, 4, 8, 6, 10, 3, 7, 20, 14, 5, 1, 17, 18, 19, 13, 21, 32, 36, 24, 25, 26, 27, 28, 29, 23, 31, 22, 33, 34, 35, 30, 37, 38, 39]",2359.5,"[16, 15, 9, 12, 11, 0, 2, 4, 8, 6, 10, 3, 7, 20, 14, 5, 1, 17, 18, 19, 13, 21, 32, 36, 24, 25, 26, 27, 28, 29, 23, 31, 22, 33, 34, 35, 30, 37, 38, 39]",2359.5,15.53715467453003
"[16, 15, 9, 12, 11, 0, 2, 4, 8, 6, 10, 3, 7, 20, 14, 5, 1, 17, 18, 19, 13, 21, 32, 36, 24, 25, 26, 27, 28, 29, 23, 31, 22, 33, 34, 35, 30, 37, 38, 39]",2359.5,"[16, 15, 9, 12, 11, 0, 2, 4, 8, 6, 10, 3, 7, 20, 14, 5, 1, 17, 18, 19, 13, 21, 32, 36, 24, 25, 26, 27, 28, 29, 23, 31, 22, 33, 34, 35, 30, 37, 38, 39]",2359.5,15.688161849975586
"[16, 15, 9, 12, 11, 0, 2, 4, 8, 6, 10, 3, 7, 20, 14, 5, 1, 17, 18, 19, 13, 21, 32, 36, 24, 25, 26, 27, 28, 29, 23, 31, 22, 33, 34, 35, 30, 37, 38, 39]",2359.5,"[16, 15, 9, 12, 11, 0, 2, 4, 8, 6, 10, 3, 7, 20, 14, 5, 1, 17, 18, 19, 13, 21, 32, 36, 24, 25, 26, 27, 28, 29, 23, 31, 22, 33, 34, 35, 30, 37, 38, 39]",2359.5,15.856159210205078
"[16, 15, 9, 12, 11, 0, 2, 4, 8, 6, 10, 3, 7, 20, 14, 5, 1, 17, 18, 19, 13, 21, 32, 36, 24, 25, 26, 27, 28, 29, 23, 31, 22, 33, 34, 35, 30, 37, 38, 39]",2359.5,"[16, 15, 9, 12, 11, 0, 2, 4, 8, 6, 10, 3, 7, 20, 14, 5, 1, 17, 18, 19, 13, 21, 32, 36, 24, 25, 26, 27, 28, 29, 23, 31, 22, 33, 34, 35, 30, 37, 38, 39]",2359.5,16.0161612033844
"[16, 15, 9, 12, 11, 0, 2, 4, 8, 6, 10, 3, 7, 20, 14, 5, 1, 17, 18, 19, 13, 21, 32, 36, 24, 25, 26, 27, 28, 29, 23, 31, 22, 33, 34, 35, 30, 37, 38, 39]",2359.5,"[16, 15, 9, 12, 11, 0, 2, 4, 8, 6, 10, 3, 7, 20, 14, 5, 1, 17, 18, 19, 13, 21, 32, 36, 24, 25, 26, 27, 28, 29, 23, 31, 22, 33, 34, 35, 30, 37, 38, 39]",2359.5,16.168163776397705
"[16, 15, 9, 12, 11, 0, 2, 4, 8, 6, 10, 3, 7, 20, 14, 5, 1, 17, 18, 19, 13, 21, 32, 36, 24, 25, 26, 27, 28, 29, 23, 31, 22, 33, 34, 35, 30, 37, 38, 39]",2359.5,"[16, 15, 9, 12, 11, 0, 2, 4, 8, 6, 10, 3, 7, 20, 14, 5, 1, 17, 18, 19, 13, 21, 32, 36, 24, 25, 26, 27, 28, 29, 23, 31, 22, 33, 34, 35, 30, 37, 38, 39]",2359.5,16.322171449661255
"[16, 15, 9, 12, 11, 0, 2, 4, 8, 6, 10, 3, 7, 20, 14, 5, 1, 17, 18, 19, 13, 21, 32, 36, 24, 25, 26, 27, 28, 29, 23, 31, 22, 33, 34, 35, 30, 37, 38, 39]",2359.5,"[16, 15, 9, 12, 11, 0, 2, 4, 8, 6, 10, 3, 7, 20, 14, 5, 1, 17, 18, 19, 13, 21, 32, 36, 24, 25, 26, 27, 28, 29, 23, 31, 22, 33, 34, 35, 30, 37, 38, 39]",2359.5,16.473186492919922
"[16, 15, 9, 12, 11, 0, 2, 4, 8, 6, 10, 3, 7, 20, 14, 5, 1, 17, 18, 19, 13, 21, 32, 36, 24, 25, 26, 27, 28, 29, 23, 31, 22, 33, 34, 35, 30, 37, 38, 39]",2359.5,"[16, 15, 9, 12, 11, 0, 2, 4, 8, 6, 10, 3, 7, 20, 14, 5, 1, 17, 18, 19, 13, 21, 32, 36, 24, 25, 26, 27, 28, 29, 23, 31, 22, 33, 34, 35, 30, 37, 38, 39]",2359.5,16.62618088722229
"[16, 15, 9, 12, 11, 0, 2, 4, 8, 6, 10, 3, 7, 20, 14, 5, 1, 17, 18, 19, 13, 21, 32, 36, 24, 25, 26, 27, 28, 29, 23, 31, 22, 33, 34, 35, 30, 37, 38, 39]",2359.5,"[16, 15, 9, 12, 11, 0, 2, 4, 8, 6, 10, 3, 7, 20, 14, 5, 1, 17, 18, 19, 13, 21, 32, 36, 24, 25, 26, 27, 28, 29, 23, 31, 22, 33, 34, 35, 30, 37, 38, 39]",2359.5,16.78016972541809
"[16, 15, 9, 12, 11, 0, 2, 4, 8, 6, 10, 3, 7, 20, 14, 5, 1, 17, 18, 19, 13, 21, 32, 36, 24, 25, 26, 27, 28, 29, 23, 31, 22, 33, 34, 35, 30, 37, 38, 39]",2359.5,"[16, 15, 9, 12, 11, 0, 2, 4, 8, 6, 10, 3, 7, 20, 14, 5, 1, 17, 18, 19, 13, 21, 32, 36, 24, 25, 26, 27, 28, 29, 23, 31, 22, 33, 34, 35, 30, 37, 38, 39]",2359.5,16.929192304611206
"[16, 15, 9, 12, 11, 0, 2, 4, 8, 6, 10, 3, 7, 20, 14, 5, 1, 17, 18, 19, 13, 21, 32, 36, 24, 25, 26, 27, 28, 29, 23, 31, 22, 33, 34, 35, 30, 37, 38, 39]",2359.5,"[16, 15, 9, 12, 11, 0, 2, 4, 8, 6, 10, 3, 7, 20, 14, 5, 1, 17, 18, 19, 13, 21, 32, 36, 24, 25, 26, 27, 28, 29, 23, 31, 22, 33, 34, 35, 30, 37, 38, 39]",2359.5,17.07818102836609
"[16, 15, 9, 12, 11, 0, 2, 4, 8, 6, 10, 3, 7, 20, 14, 5, 1, 17, 18, 19, 13, 21, 32, 36, 24, 25, 26, 27, 28, 29, 23, 31, 22, 33, 34, 35, 30, 37, 38, 39]",2359.5,"[16, 15, 9, 12, 11, 0, 2, 4, 8, 6, 10, 3, 7, 20, 14, 5, 1, 17, 18, 19, 13, 21, 32, 36, 24, 25, 26, 27, 28, 29, 23, 31, 22, 33, 34, 35, 30, 37, 38, 39]",2359.5,17.227174520492554
"[16, 15, 9, 12, 11, 0, 2, 4, 8, 6, 10, 3, 7, 20, 14, 5, 1, 17, 18, 19, 13, 21, 32, 36, 24, 25, 26, 27, 28, 29, 23, 31, 22, 33, 34, 35, 30, 37, 38, 39]",2359.5,"[16, 15, 9, 12, 11, 0, 2, 4, 8, 6, 10, 3, 7, 20, 14, 5, 1, 17, 18, 19, 13, 21, 32, 36, 24, 25, 26, 27, 28, 29, 23, 31, 22, 33, 34, 35, 30, 37, 38, 39]",2359.5,17.37817931175232
"[16, 15, 9, 12, 11, 0, 2, 4, 8, 6, 10, 3, 7, 20, 14, 5, 1, 17, 18, 19, 13, 21, 32, 36, 24, 25, 26, 27, 28, 29, 23, 31, 22, 33, 34, 35, 30, 37, 38, 39]",2359.5,"[16, 15, 9, 12, 11, 0, 2, 4, 8, 6, 10, 3, 7, 20, 14, 5, 1, 17, 18, 19, 13, 21, 32, 36, 24, 25, 26, 27, 28, 29, 23, 31, 22, 33, 34, 35, 30, 37, 38, 39]",2359.5,17.528181552886963
"[16, 15, 9, 12, 11, 0, 2, 4, 8, 6, 10, 3, 7, 20, 14, 5, 1, 17, 18, 19, 13, 21, 32, 36, 24, 25, 26, 27, 28, 29, 23, 31, 22, 33, 34, 35, 30, 37, 38, 39]",2359.5,"[16, 15, 9, 12, 11, 0, 2, 4, 8, 6, 10, 3, 7, 20, 14, 5, 1, 17, 18, 19, 13, 21, 32, 36, 24, 25, 26, 27, 28, 29, 23, 31, 22, 33, 34, 35, 30, 37, 38, 39]",2359.5,17.676180124282837
"[16, 15, 9, 12, 11, 0, 2, 4, 8, 6, 10, 3, 7, 20, 14, 5, 1, 17, 18, 19, 13, 21, 32, 36, 24, 25, 26, 27, 28, 29, 38, 31, 22, 33, 34, 35, 30, 37, 23, 39]",2352.0,"[16, 15, 9, 12, 11, 0, 2, 4, 8, 6, 10, 3, 7, 20, 14, 5, 1, 17, 18, 19, 13, 21, 32, 36, 24, 25, 26, 27, 28, 29, 38, 31, 22, 33, 34, 35, 30, 37, 23, 39]",2352.0,17.835015773773193
"[16, 15, 9, 12, 11, 0, 2, 4, 8, 6, 10, 3, 7, 20, 14, 5, 1, 17, 18, 19, 13, 21, 32, 36, 24, 25, 26, 27, 28, 29, 38, 31, 22, 33, 34, 35, 30, 37, 23, 39]",2352.0,"[16, 15, 9, 12, 11, 0, 2, 4, 8, 6, 10, 3, 7, 20, 14, 5, 1, 17, 18, 19, 13, 21, 32, 36, 24, 25, 26, 27, 28, 29, 38, 31, 22, 33, 34, 35, 30, 37, 23, 39]",2352.0,17.99118208885193
"[16, 15, 9, 12, 11, 0, 2, 4, 8, 6, 10, 3, 7, 20, 14, 5, 1, 17, 18, 19, 13, 21, 32, 36, 24, 25, 26, 27, 28, 29, 38, 31, 22, 33, 34, 35, 30, 37, 23, 39]",2352.0,"[16, 15, 9, 12, 11, 0, 2, 4, 8, 6, 10, 3, 7, 20, 14, 5, 1, 17, 18, 19, 13, 21, 32, 36, 24, 25, 26, 27, 28, 29, 38, 31, 22, 33, 34, 35, 30, 37, 23, 39]",2352.0,18.1441867351532
"[16, 15, 9, 12, 11, 0, 2, 4, 8, 6, 10, 3, 7, 20, 14, 5, 1, 17, 18, 19, 13, 21, 32, 36, 24, 25, 26, 27, 28, 29, 38, 31, 22, 33, 34, 35, 30, 37, 23, 39]",2352.0,"[16, 15, 9, 12, 11, 0, 2, 4, 8, 6, 10, 3, 7, 20, 14, 5, 1, 17, 18, 19, 13, 21, 32, 36, 24, 25, 26, 27, 28, 29, 38, 31, 22, 33, 34, 35, 30, 37, 23, 39]",2352.0,18.307191371917725
"[16, 15, 9, 12, 11, 0, 2, 4, 8, 6, 10, 3, 7, 20, 14, 5, 1, 17, 18, 19, 13, 21, 32, 36, 24, 25, 26, 27, 28, 29, 38, 31, 22, 33, 34, 35, 30, 37, 23, 39]",2352.0,"[16, 15, 9, 12, 11, 0, 2, 4, 8, 6, 10, 3, 7, 20, 14, 5, 1, 17, 18, 19, 13, 21, 32, 36, 24, 25, 26, 27, 28, 29, 38, 31, 22, 33, 34, 35, 30, 37, 23, 39]",2352.0,18.45618987083435
"[16, 15, 9, 12, 11, 0, 2, 4, 8, 6, 10, 3, 7, 20, 14, 5, 1, 17, 18, 19, 13, 21, 32, 36, 24, 25, 26, 27, 28, 29, 38, 31, 22, 33, 34, 35, 30, 37, 23, 39]",2352.0,"[16, 15, 9, 12, 11, 0, 2, 4, 8, 6, 10, 3, 7, 20, 14, 5, 1, 17, 18, 19, 13, 21, 32, 36, 24, 25, 26, 27, 28, 29, 38, 31, 22, 33, 34, 35, 30, 37, 23, 39]",2352.0,18.60219144821167
"[16, 15, 9, 12, 11, 0, 2, 4, 8, 6, 10, 3, 7, 20, 14, 5, 1, 17, 18, 19, 13, 21, 32, 36, 24, 25, 26, 27, 28, 29, 38, 31, 22, 33, 34, 35, 30, 37, 23, 39]",2352.0,"[16, 15, 9, 12, 11, 0, 2, 4, 8, 6, 10, 3, 7, 20, 14, 5, 1, 17, 18, 19, 13, 21, 32, 36, 24, 25, 26, 27, 28, 29, 38, 31, 22, 33, 34, 35, 30, 37, 23, 39]",2352.0,18.750197649002075
"[16, 15, 9, 12, 11, 0, 2, 4, 8, 6, 10, 3, 7, 20, 14, 5, 1, 17, 18, 19, 13, 21, 32, 36, 24, 25, 26, 27, 28, 29, 38, 31, 22, 33, 34, 35, 30, 37, 23, 39]",2352.0,"[16, 15, 9, 12, 11, 0, 2, 4, 8, 6, 10, 3, 7, 20, 14, 5, 1, 17, 18, 19, 13, 21, 32, 36, 24, 25, 26, 27, 28, 29, 38, 31, 22, 33, 34, 35, 30, 37, 23, 39]",2352.0,18.899192810058594
"[16, 15, 9, 12, 11, 0, 2, 4, 8, 6, 10, 3, 7, 20, 14, 5, 1, 17, 18, 19, 13, 21, 32, 36, 24, 25, 26, 27, 28, 29, 38, 31, 22, 33, 34, 35, 30, 37, 23, 39]",2352.0,"[16, 15, 9, 12, 11, 0, 2, 4, 8, 6, 10, 3, 7, 20, 14, 5, 1, 17, 18, 19, 13, 21, 32, 36, 24, 25, 26, 27, 28, 29, 38, 31, 22, 33, 34, 35, 30, 37, 23, 39]",2352.0,19.050224781036377
"[16, 15, 9, 12, 11, 0, 2, 4, 8, 6, 10, 3, 7, 20, 14, 5, 1, 17, 18, 19, 13, 21, 32, 36, 24, 25, 26, 27, 28, 29, 38, 31, 22, 33, 34, 35, 30, 37, 23, 39]",2352.0,"[16, 15, 9, 12, 11, 0, 2, 4, 8, 6, 10, 3, 7, 20, 14, 5, 1, 17, 18, 19, 13, 21, 32, 36, 24, 25, 26, 27, 28, 29, 38, 31, 22, 33, 34, 35, 30, 37, 23, 39]",2352.0,19.19620656967163
"[16, 15, 9, 12, 11, 0, 2, 4, 8, 6, 10, 3, 7, 20, 14, 5, 1, 17, 18, 19, 13, 21, 32, 36, 24, 25, 26, 27, 28, 29, 38, 31, 22, 33, 34, 35, 30, 37, 23, 39]",2352.0,"[16, 15, 9, 12, 11, 0, 2, 4, 8, 6, 10, 3, 7, 20, 14, 5, 1, 17, 18, 19, 13, 21, 32, 36, 24, 25, 26, 27, 28, 29, 38, 31, 22, 33, 34, 35, 30, 37, 23, 39]",2352.0,19.354214191436768
"[16, 15, 9, 12, 11, 0, 2, 4, 8, 6, 10, 3, 7, 20, 14, 5, 1, 17, 18, 19, 13, 21, 32, 36, 24, 25, 26, 27, 28, 29, 38, 31, 22, 33, 34, 35, 30, 37, 23, 39]",2352.0,"[16, 15, 9, 12, 11, 0, 2, 4, 8, 6, 10, 3, 7, 20, 14, 5, 1, 17, 18, 19, 13, 21, 32, 36, 24, 25, 26, 27, 28, 29, 38, 31, 22, 33, 34, 35, 30, 37, 23, 39]",2352.0,19.509204626083374
"[16, 15, 9, 12, 11, 0, 2, 4, 8, 6, 10, 3, 7, 20, 14, 5, 1, 17, 18, 19, 13, 21, 32, 36, 24, 25, 26, 27, 28, 29, 38, 31, 22, 33, 34, 35, 30, 37, 23, 39]",2352.0,"[16, 15, 9, 12, 11, 0, 2, 4, 8, 6, 10, 3, 7, 20, 14, 5, 1, 17, 18, 19, 13, 21, 32, 36, 24, 25, 26, 27, 28, 29, 38, 31, 22, 33, 34, 35, 30, 37, 23, 39]",2352.0,19.662206888198853
"[16, 15, 9, 12, 11, 0, 2, 4, 8, 6, 10, 3, 7, 20, 14, 5, 1, 17, 18, 19, 13, 21, 32, 36, 24, 25, 26, 27, 28, 29, 38, 31, 22, 33, 34, 35, 30, 37, 23, 39]",2352.0,"[16, 15, 9, 12, 11, 0, 2, 4, 8, 6, 10, 3, 7, 20, 14, 5, 1, 17, 18, 19, 13, 21, 32, 36, 24, 25, 26, 27, 28, 29, 38, 31, 22, 33, 34, 35, 30, 37, 23, 39]",2352.0,19.81520962715149
"[16, 15, 9, 12, 11, 0, 2, 4, 8, 6, 10, 3, 7, 20, 14, 5, 1, 17, 18, 19, 13, 21, 32, 36, 24, 25, 26, 27, 28, 29, 38, 31, 22, 33, 34, 35, 30, 37, 23, 39]",2352.0,"[16, 15, 9, 12, 11, 0, 2, 4, 8, 6, 10, 3, 7, 20, 14, 5, 1, 17, 18, 19, 13, 21, 32, 36, 24, 25, 26, 27, 28, 29, 38, 31, 22, 33, 34, 35, 30, 37, 23, 39]",2352.0,19.965209245681763
"[16, 15, 9, 12, 11, 0, 2, 4, 8, 6, 10, 3, 7, 20, 14, 5, 1, 17, 18, 19, 13, 21, 32, 36, 24, 25, 26, 27, 28, 29, 38, 31, 22, 33, 34, 35, 30, 37, 23, 39]",2352.0,"[16, 15, 9, 12, 11, 0, 2, 4, 8, 6, 10, 3, 7, 20, 14, 5, 1, 17, 18, 19, 13, 21, 32, 36, 24, 25, 26, 27, 28, 29, 38, 31, 22, 33, 34, 35, 30, 37, 23, 39]",2352.0,20.112216472625732
"[16, 15, 9, 12, 11, 0, 2, 4, 8, 6, 10, 3, 7, 20, 14, 5, 1, 17, 18, 19, 13, 21, 32, 36, 24, 25, 26, 27, 28, 29, 38, 31, 22, 33, 34, 35, 30, 37, 23, 39]",2352.0,"[16, 15, 9, 12, 11, 0, 2, 4, 8, 6, 10, 3, 7, 20, 14, 5, 1, 17, 18, 19, 13, 21, 32, 36, 24, 25, 26, 27, 28, 29, 38, 31, 22, 33, 34, 35, 30, 37, 23, 39]",2352.0,20.26121473312378
"[16, 15, 9, 12, 11, 0, 2, 4, 8, 6, 10, 3, 7, 20, 14, 5, 1, 17, 18, 19, 13, 21, 32, 36, 24, 25, 26, 27, 28, 29, 38, 31, 22, 33, 34, 35, 30, 37, 23, 39]",2352.0,"[16, 15, 9, 12, 11, 0, 2, 4, 8, 6, 10, 3, 7, 20, 14, 5, 1, 17, 18, 19, 13, 21, 32, 36, 24, 25, 26, 27, 28, 29, 38, 31, 22, 33, 34, 35, 30, 37, 23, 39]",2352.0,20.404219150543213
"[16, 15, 9, 12, 11, 0, 2, 4, 8, 6, 10, 3, 7, 20, 14, 5, 1, 17, 18, 19, 13, 21, 32, 36, 24, 25, 26, 27, 28, 29, 38, 31, 22, 33, 34, 35, 30, 37, 23, 39]",2352.0,"[16, 15, 9, 12, 11, 0, 2, 4, 8, 6, 10, 3, 7, 20, 14, 5, 1, 17, 18, 19, 13, 21, 32, 36, 24, 25, 26, 27, 28, 29, 38, 31, 22, 33, 34, 35, 30, 37, 23, 39]",2352.0,20.552228212356567
"[16, 15, 9, 12, 11, 0, 2, 4, 8, 6, 10, 3, 7, 20, 14, 5, 1, 17, 18, 19, 13, 21, 32, 36, 24, 25, 26, 27, 28, 29, 38, 31, 22, 33, 34, 35, 30, 37, 23, 39]",2352.0,"[16, 15, 9, 12, 11, 0, 2, 4, 8, 6, 10, 3, 7, 20, 14, 5, 1, 17, 18, 19, 13, 21, 32, 36, 24, 25, 26, 27, 28, 29, 38, 31, 22, 33, 34, 35, 30, 37, 23, 39]",2352.0,20.700247049331665
"[16, 15, 9, 12, 11, 0, 2, 4, 8, 6, 10, 3, 7, 20, 14, 5, 1, 17, 18, 19, 13, 21, 32, 36, 24, 25, 26, 27, 28, 29, 38, 31, 22, 33, 34, 35, 30, 37, 23, 39]",2352.0,"[16, 15, 9, 12, 11, 0, 2, 4, 8, 6, 10, 3, 7, 20, 14, 5, 1, 17, 18, 19, 13, 21, 32, 36, 24, 25, 26, 27, 28, 29, 38, 31, 22, 33, 34, 35, 30, 37, 23, 39]",2352.0,20.85730290412903
"[16, 15, 9, 12, 11, 0, 2, 4, 8, 6, 10, 3, 7, 20, 14, 5, 1, 17, 18, 19, 13, 21, 32, 36, 24, 25, 26, 27, 28, 29, 38, 31, 22, 33, 34, 35, 30, 37, 23, 39]",2352.0,"[16, 15, 9, 12, 11, 0, 2, 4, 8, 6, 10, 3, 7, 20, 14, 5, 1, 17, 18, 19, 13, 21, 32, 36, 24, 25, 26, 27, 28, 29, 38, 31, 22, 33, 34, 35, 30, 37, 23, 39]",2352.0,21.0062313079834
"[16, 15, 9, 12, 11, 0, 2, 4, 8, 6, 10, 3, 7, 20, 14, 5, 1, 17, 18, 19, 13, 21, 32, 36, 24, 25, 26, 27, 28, 29, 38, 31, 22, 33, 34, 35, 30, 37, 23, 39]",2352.0,"[16, 15, 9, 12, 11, 0, 2, 4, 8, 6, 10, 3, 7, 20, 14, 5, 1, 17, 18, 19, 13, 21, 32, 36, 24, 25, 26, 27, 28, 29, 38, 31, 22, 33, 34, 35, 30, 37, 23, 39]",2352.0,21.164238214492798
"[16, 15, 9, 12, 11, 0, 2, 4, 8, 6, 10, 3, 7, 20, 14, 5, 1, 17, 18, 19, 13, 21, 32, 36, 24, 25, 26, 27, 28, 29, 38, 31, 22, 33, 34, 35, 30, 37, 23, 39]",2352.0,"[16, 15, 9, 12, 11, 0, 2, 4, 8, 6, 10, 3, 7, 20, 14, 5, 1, 17, 18, 19, 13, 21, 32, 36, 24, 25, 26, 27, 28, 29, 38, 31, 22, 33, 34, 35, 30, 37, 23, 39]",2352.0,21.315324068069458
"[16, 15, 9, 12, 11, 0, 2, 4, 8, 6, 10, 3, 7, 20, 14, 5, 1, 17, 18, 19, 13, 21, 32, 36, 24, 25, 26, 27, 28, 29, 38, 31, 22, 33, 34, 35, 30, 37, 23, 39]",2352.0,"[16, 15, 9, 12, 11, 0, 2, 4, 8, 6, 10, 3, 7, 20, 14, 5, 1, 17, 18, 19, 13, 21, 32, 36, 24, 25, 26, 27, 28, 29, 38, 31, 22, 33, 34, 35, 30, 37, 23, 39]",2352.0,21.46425175666809
"[16, 15, 9, 12, 11, 0, 2, 4, 8, 6, 10, 3, 7, 20, 14, 5, 1, 17, 18, 19, 13, 21, 32, 36, 24, 25, 26, 27, 28, 29, 38, 31, 22, 33, 34, 35, 30, 37, 23, 39]",2352.0,"[16, 15, 9, 12, 11, 0, 2, 4, 8, 6, 10, 3, 7, 20, 14, 5, 1, 17, 18, 19, 13, 21, 32, 36, 24, 25, 26, 27, 28, 29, 38, 31, 22, 33, 34, 35, 30, 37, 23, 39]",2352.0,21.617377758026123
"[16, 15, 9, 12, 11, 0, 2, 4, 8, 6, 10, 3, 7, 20, 14, 5, 1, 17, 18, 19, 13, 21, 32, 36, 24, 25, 26, 27, 28, 29, 38, 31, 22, 33, 34, 35, 30, 37, 23, 39]",2352.0,"[16, 15, 9, 12, 11, 0, 2, 4, 8, 6, 10, 3, 7, 20, 14, 5, 1, 17, 18, 19, 13, 21, 32, 36, 24, 25, 26, 27, 28, 29, 38, 31, 22, 33, 34, 35, 30, 37, 23, 39]",2352.0,21.77223801612854
"[16, 15, 9, 12, 11, 0, 2, 4, 8, 6, 10, 3, 7, 20, 14, 5, 1, 17, 18, 19, 13, 21, 32, 36, 24, 25, 26, 27, 28, 29, 38, 31, 22, 33, 34, 35, 30, 37, 23, 39]",2352.0,"[16, 15, 9, 12, 11, 0, 2, 4, 8, 6, 10, 3, 7, 20, 14, 5, 1, 17, 18, 19, 13, 21, 32, 36, 24, 25, 26, 27, 28, 29, 38, 31, 22, 33, 34, 35, 30, 37, 23, 39]",2352.0,21.924360036849976
"[16, 15, 9, 12, 11, 0, 2, 4, 8, 6, 10, 3, 7, 20, 14, 5, 1, 17, 18, 19, 13, 21, 32, 36, 24, 25, 26, 27, 28, 29, 38, 31, 22, 33, 34, 35, 30, 37, 23, 39]",2352.0,"[16, 15, 9, 12, 11, 0, 2, 4, 8, 6, 10, 3, 7, 20, 14, 5, 1, 17, 18, 19, 13, 21, 32, 36, 24, 25, 26, 27, 28, 29, 38, 31, 22, 33, 34, 35, 30, 37, 23, 39]",2352.0,22.082069158554077
"[16, 15, 9, 12, 11, 0, 2, 4, 8, 6, 10, 3, 7, 20, 14, 5, 1, 17, 18, 19, 13, 21, 32, 36, 24, 25, 26, 27, 28, 29, 38, 31, 22, 33, 34, 35, 30, 37, 23, 39]",2352.0,"[16, 15, 9, 12, 11, 0, 2, 4, 8, 6, 10, 3, 7, 20, 14, 5, 1, 17, 18, 19, 13, 21, 32, 36, 24, 25, 26, 27, 28, 29, 38, 31, 22, 33, 34, 35, 30, 37, 23, 39]",2352.0,22.244242429733276
"[16, 15, 9, 12, 11, 0, 2, 4, 8, 6, 10, 3, 7, 20, 14, 5, 1, 17, 18, 19, 13, 21, 32, 36, 24, 25, 26, 27, 28, 29, 38, 31, 22, 33, 34, 35, 30, 37, 23, 39]",2352.0,"[16, 15, 9, 12, 11, 0, 2, 4, 8, 6, 10, 3, 7, 20, 14, 5, 1, 17, 18, 19, 13, 21, 32, 36, 24, 25, 26, 27, 28, 29, 38, 31, 22, 33, 34, 35, 30, 37, 23, 39]",2352.0,22.397247314453125
"[16, 15, 9, 12, 11, 0, 2, 4, 8, 6, 10, 3, 7, 20, 14, 5, 1, 17, 18, 19, 13, 21, 32, 36, 24, 25, 26, 27, 28, 29, 38, 31, 22, 33, 34, 35, 30, 37, 23, 39]",2352.0,"[16, 15, 9, 12, 11, 0, 2, 4, 8, 6, 10, 3, 7, 20, 14, 5, 1, 17, 18, 19, 13, 21, 32, 36, 24, 25, 26, 27, 28, 29, 38, 31, 22, 33, 34, 35, 30, 37, 23, 39]",2352.0,22.55134081840515
"[16, 15, 9, 12, 11, 0, 2, 4, 8, 6, 10, 3, 7, 20, 14, 5, 1, 17, 18, 19, 13, 21, 32, 36, 24, 25, 26, 27, 28, 29, 38, 31, 22, 33, 34, 35, 30, 37, 23, 39]",2352.0,"[16, 15, 9, 12, 11, 0, 2, 4, 8, 6, 10, 3, 7, 20, 14, 5, 1, 17, 18, 19, 13, 21, 32, 36, 24, 25, 26, 27, 28, 29, 38, 31, 22, 33, 34, 35, 30, 37, 23, 39]",2352.0,22.714250087738037
"[16, 15, 9, 12, 11, 0, 2, 4, 8, 6, 10, 3, 7, 20, 14, 5, 1, 17, 18, 19, 13, 21, 32, 36, 24, 25, 26, 27, 28, 29, 38, 31, 22, 33, 34, 35, 30, 37, 23, 39]",2352.0,"[16, 15, 9, 12, 11, 0, 2, 4, 8, 6, 10, 3, 7, 20, 14, 5, 1, 17, 18, 19, 13, 21, 32, 36, 24, 25, 26, 27, 28, 29, 38, 31, 22, 33, 34, 35, 30, 37, 23, 39]",2352.0,22.86625361442566
"[16, 15, 9, 12, 11, 0, 2, 4, 8, 6, 10, 3, 7, 20, 14, 5, 1, 17, 18, 19, 13, 21, 32, 36, 24, 25, 26, 27, 28, 29, 38, 31, 22, 33, 34, 35, 30, 37, 23, 39]",2352.0,"[16, 15, 9, 12, 11, 0, 2, 4, 8, 6, 10, 3, 7, 20, 14, 5, 1, 17, 18, 19, 13, 21, 32, 36, 24, 25, 26, 27, 28, 29, 38, 31, 22, 33, 34, 35, 30, 37, 23, 39]",2352.0,23.02125883102417
"[16, 15, 9, 12, 11, 0, 2, 4, 8, 6, 10, 3, 7, 20, 14, 5, 1, 17, 18, 19, 13, 21, 32, 36, 24, 25, 26, 27, 28, 29, 38, 31, 22, 33, 34, 35, 30, 37, 23, 39]",2352.0,"[16, 15, 9, 12, 11, 0, 2, 4, 8, 6, 10, 3, 7, 20, 14, 5, 1, 17, 18, 19, 13, 21, 32, 36, 24, 25, 26, 27, 28, 29, 38, 31, 22, 33, 34, 35, 30, 37, 23, 39]",2352.0,23.177393913269043
"[16, 15, 9, 12, 11, 0, 2, 4, 8, 6, 10, 3, 7, 20, 14, 5, 1, 17, 18, 19, 13, 21, 32, 36, 24, 25, 26, 27, 28, 29, 38, 31, 22, 33, 34, 35, 30, 37, 23, 39]",2352.0,"[16, 15, 9, 12, 11, 0, 2, 4, 8, 6, 10, 3, 7, 20, 14, 5, 1, 17, 18, 19, 13, 21, 32, 36, 24, 25, 26, 27, 28, 29, 38, 31, 22, 33, 34, 35, 30, 37, 23, 39]",2352.0,23.35328769683838
"[16, 15, 9, 12, 11, 0, 2, 4, 8, 6, 10, 3, 7, 20, 14, 5, 1, 17, 18, 19, 13, 21, 32, 36, 24, 25, 26, 27, 28, 29, 38, 31, 22, 33, 34, 35, 30, 37, 23, 39]",2352.0,"[16, 15, 9, 12, 11, 0, 2, 4, 8, 6, 10, 3, 7, 20, 14, 5, 1, 17, 18, 19, 13, 21, 32, 36, 24, 25, 26, 27, 28, 29, 38, 31, 22, 33, 34, 35, 30, 37, 23, 39]",2352.0,23.50226402282715
"[16, 15, 9, 12, 11, 0, 2, 4, 8, 6, 10, 3, 7, 20, 14, 5, 1, 17, 18, 19, 13, 21, 32, 36, 24, 25, 26, 27, 28, 29, 38, 31, 22, 33, 34, 35, 30, 37, 23, 39]",2352.0,"[16, 15, 9, 12, 11, 0, 2, 4, 8, 6, 10, 3, 7, 20, 14, 5, 1, 17, 18, 19, 13, 21, 32, 36, 24, 25, 26, 27, 28, 29, 38, 31, 22, 33, 34, 35, 30, 37, 23, 39]",2352.0,23.64927053451538
"[16, 15, 9, 12, 11, 0, 2, 4, 8, 6, 10, 3, 7, 20, 14, 5, 1, 17, 18, 19, 13, 21, 32, 36, 24, 25, 26, 27, 28, 29, 38, 31, 22, 33, 34, 35, 30, 37, 23, 39]",2352.0,"[16, 15, 9, 12, 11, 0, 2, 4, 8, 6, 10, 3, 7, 20, 14, 5, 1, 17, 18, 19, 13, 21, 32, 36, 24, 25, 26, 27, 28, 29, 38, 31, 22, 33, 34, 35, 30, 37, 23, 39]",2352.0,23.811264276504517
"[16, 15, 9, 12, 11, 0, 2, 4, 8, 6, 10, 3, 7, 20, 14, 5, 1, 17, 18, 19, 13, 21, 32, 36, 24, 25, 26, 27, 28, 29, 38, 31, 22, 33, 34, 35, 30, 37, 23, 39]",2352.0,"[16, 15, 9, 12, 11, 0, 2, 4, 8, 6, 10, 3, 7, 20, 14, 5, 1, 17, 18, 19, 13, 21, 32, 36, 24, 25, 26, 27, 28, 29, 38, 31, 22, 33, 34, 35, 30, 37, 23, 39]",2352.0,23.96227264404297
"[16, 15, 9, 12, 11, 0, 2, 4, 8, 6, 10, 3, 7, 20, 14, 5, 1, 17, 18, 19, 13, 21, 32, 36, 24, 25, 26, 27, 28, 29, 38, 31, 22, 33, 34, 35, 30, 37, 23, 39]",2352.0,"[16, 15, 9, 12, 11, 0, 2, 4, 8, 6, 10, 3, 7, 20, 14, 5, 1, 17, 18, 19, 13, 21, 32, 36, 24, 25, 26, 27, 28, 29, 38, 31, 22, 33, 34, 35, 30, 37, 23, 39]",2352.0,24.11942458152771
"[16, 15, 9, 12, 11, 0, 2, 4, 8, 6, 10, 3, 7, 20, 14, 5, 1, 17, 18, 19, 13, 21, 32, 36, 24, 25, 26, 27, 28, 29, 38, 31, 22, 33, 34, 35, 30, 37, 23, 39]",2352.0,"[16, 15, 9, 12, 11, 0, 2, 4, 8, 6, 10, 3, 7, 20, 14, 5, 1, 17, 18, 19, 13, 21, 32, 36, 24, 25, 26, 27, 28, 29, 38, 31, 22, 33, 34, 35, 30, 37, 23, 39]",2352.0,24.270272493362427
"[16, 15, 9, 12, 11, 0, 2, 4, 8, 6, 10, 3, 7, 20, 14, 5, 1, 17, 18, 19, 13, 21, 32, 36, 24, 25, 26, 27, 28, 29, 38, 31, 22, 33, 34, 35, 30, 37, 23, 39]",2352.0,"[16, 15, 9, 12, 11, 0, 2, 4, 8, 6, 10, 3, 7, 20, 14, 5, 1, 17, 18, 19, 13, 21, 32, 36, 24, 25, 26, 27, 28, 29, 38, 31, 22, 33, 34, 35, 30, 37, 23, 39]",2352.0,24.41927433013916
"[16, 15, 9, 12, 11, 0, 2, 4, 8, 6, 10, 3, 7, 20, 14, 5, 1, 17, 18, 19, 13, 21, 32, 36, 24, 25, 26, 27, 28, 29, 38, 31, 22, 33, 34, 35, 30, 37, 23, 39]",2352.0,"[16, 15, 9, 12, 11, 0, 2, 4, 8, 6, 10, 3, 7, 20, 14, 5, 1, 17, 18, 19, 13, 21, 32, 36, 24, 25, 26, 27, 28, 29, 38, 31, 22, 33, 34, 35, 30, 37, 23, 39]",2352.0,24.56527876853943
"[16, 15, 9, 12, 11, 0, 2, 4, 8, 6, 10, 3, 7, 20, 14, 5, 1, 17, 18, 19, 13, 21, 32, 36, 24, 25, 26, 27, 28, 29, 38, 31, 22, 33, 34, 35, 30, 37, 23, 39]",2352.0,"[16, 15, 9, 12, 11, 0, 2, 4, 8, 6, 10, 3, 7, 20, 14, 5, 1, 17, 18, 19, 13, 21, 32, 36, 24, 25, 26, 27, 28, 29, 38, 31, 22, 33, 34, 35, 30, 37, 23, 39]",2352.0,24.71240234375
"[16, 15, 9, 12, 11, 0, 2, 4, 8, 6, 10, 3, 7, 20, 14, 5, 1, 17, 18, 19, 13, 21, 32, 36, 24, 25, 26, 27, 28, 29, 38, 31, 22, 33, 34, 35, 30, 37, 23, 39]",2352.0,"[16, 15, 9, 12, 11, 0, 2, 4, 8, 6, 10, 3, 7, 20, 14, 5, 1, 17, 18, 19, 13, 21, 32, 36, 24, 25, 26, 27, 28, 29, 38, 31, 22, 33, 34, 35, 30, 37, 23, 39]",2352.0,24.860286235809326
"[16, 15, 9, 12, 11, 0, 2, 4, 8, 6, 10, 3, 7, 20, 14, 5, 1, 17, 18, 19, 13, 21, 32, 36, 24, 25, 26, 27, 28, 29, 38, 31, 22, 33, 34, 35, 30, 37, 23, 39]",2352.0,"[16, 15, 9, 12, 11, 0, 2, 4, 8, 6, 10, 3, 7, 20, 14, 5, 1, 17, 18, 19, 13, 21, 32, 36, 24, 25, 26, 27, 28, 29, 38, 31, 22, 33, 34, 35, 30, 37, 23, 39]",2352.0,25.02255606651306
"[16, 15, 9, 12, 11, 0, 2, 4, 8, 6, 10, 3, 7, 20, 14, 5, 1, 17, 18, 19, 13, 21, 32, 36, 24, 25, 26, 27, 28, 29, 38, 31, 22, 33, 34, 35, 30, 37, 23, 39]",2352.0,"[16, 15, 9, 12, 11, 0, 2, 4, 8, 6, 10, 3, 7, 20, 14, 5, 1, 17, 18, 19, 13, 21, 32, 36, 24, 25, 26, 27, 28, 29, 38, 31, 22, 33, 34, 35, 30, 37, 23, 39]",2352.0,25.1872820854187
"[16, 15, 9, 12, 11, 0, 2, 4, 8, 6, 10, 3, 7, 20, 14, 5, 1, 17, 18, 19, 13, 21, 32, 36, 24, 25, 26, 27, 28, 29, 38, 31, 22, 33, 34, 35, 30, 37, 23, 39]",2352.0,"[16, 15, 9, 12, 11, 0, 2, 4, 8, 6, 10, 3, 7, 20, 14, 5, 1, 17, 18, 19, 13, 21, 32, 36, 24, 25, 26, 27, 28, 29, 38, 31, 22, 33, 34, 35, 30, 37, 23, 39]",2352.0,25.336283922195435
"[16, 15, 9, 12, 11, 0, 2, 4, 8, 6, 10, 3, 7, 20, 14, 5, 1, 17, 18, 19, 13, 21, 32, 36, 24, 25, 26, 27, 28, 29, 38, 31, 22, 33, 34, 35, 30, 37, 23, 39]",2352.0,"[16, 15, 9, 12, 11, 0, 2, 4, 8, 6, 10, 3, 7, 20, 14, 5, 1, 17, 18, 19, 13, 21, 32, 36, 24, 25, 26, 27, 28, 29, 38, 31, 22, 33, 34, 35, 30, 37, 23, 39]",2352.0,25.48928952217102
"[16, 15, 9, 12, 11, 0, 2, 4, 8, 6, 10, 3, 7, 20, 14, 5, 1, 17, 18, 19, 13, 21, 32, 36, 24, 25, 26, 27, 28, 29, 38, 31, 22, 33, 34, 35, 30, 37, 23, 39]",2352.0,"[16, 15, 9, 12, 11, 0, 2, 4, 8, 6, 10, 3, 7, 20, 14, 5, 1, 17, 18, 19, 13, 21, 32, 36, 24, 25, 26, 27, 28, 29, 38, 31, 22, 33, 34, 35, 30, 37, 23, 39]",2352.0,25.65629267692566
"[16, 15, 9, 12, 11, 0, 2, 4, 8, 6, 10, 3, 7, 20, 14, 5, 1, 17, 18, 19, 13, 21, 32, 36, 24, 25, 26, 27, 28, 29, 38, 31, 22, 33, 34, 35, 30, 37, 23, 39]",2352.0,"[16, 15, 9, 12, 11, 0, 2, 4, 8, 6, 10, 3, 7, 20, 14, 5, 1, 17, 18, 19, 13, 21, 32, 36, 24, 25, 26, 27, 28, 29, 38, 31, 22, 33, 34, 35, 30, 37, 23, 39]",2352.0,25.825300455093384
"[16, 15, 9, 12, 11, 0, 2, 4, 8, 6, 10, 3, 7, 20, 14, 5, 1, 17, 18, 19, 13, 21, 32, 36, 24, 25, 26, 27, 28, 29, 38, 31, 22, 33, 34, 35, 30, 37, 23, 39]",2352.0,"[16, 15, 9, 12, 11, 0, 2, 4, 8, 6, 10, 3, 7, 20, 14, 5, 1, 17, 18, 19, 13, 21, 32, 36, 24, 25, 26, 27, 28, 29, 38, 31, 22, 33, 34, 35, 30, 37, 23, 39]",2352.0,25.971299409866333
"[16, 15, 9, 12, 11, 0, 2, 4, 8, 6, 10, 3, 7, 20, 14, 5, 1, 17, 18, 19, 13, 21, 32, 36, 24, 25, 26, 27, 28, 29, 38, 31, 22, 33, 34, 35, 30, 37, 23, 39]",2352.0,"[16, 15, 9, 12, 11, 0, 2, 4, 8, 6, 10, 3, 7, 20, 14, 5, 1, 17, 18, 19, 13, 21, 32, 36, 24, 25, 26, 27, 28, 29, 38, 31, 22, 33, 34, 35, 30, 37, 23, 39]",2352.0,26.117296934127808
"[16, 15, 9, 12, 11, 0, 2, 4, 8, 6, 10, 3, 7, 20, 14, 5, 1, 17, 18, 19, 13, 21, 32, 36, 24, 25, 26, 27, 28, 29, 38, 31, 22, 33, 34, 35, 30, 37, 23, 39]",2352.0,"[16, 15, 9, 12, 11, 0, 2, 4, 8, 6, 10, 3, 7, 20, 14, 5, 1, 17, 18, 19, 13, 21, 32, 36, 24, 25, 26, 27, 28, 29, 38, 31, 22, 33, 34, 35, 30, 37, 23, 39]",2352.0,26.270301342010498
"[16, 15, 9, 12, 11, 0, 2, 4, 8, 6, 10, 3, 7, 20, 14, 5, 1, 17, 18, 19, 13, 21, 32, 36, 24, 25, 26, 27, 28, 29, 38, 31, 22, 33, 34, 35, 30, 37, 23, 39]",2352.0,"[16, 15, 9, 12, 11, 0, 2, 4, 8, 6, 10, 3, 7, 20, 14, 5, 1, 17, 18, 19, 13, 21, 32, 36, 24, 25, 26, 27, 28, 29, 38, 31, 22, 33, 34, 35, 30, 37, 23, 39]",2352.0,26.424301147460938
"[16, 15, 9, 12, 11, 0, 2, 4, 8, 6, 10, 3, 7, 20, 14, 5, 1, 17, 18, 19, 13, 21, 32, 36, 24, 25, 26, 27, 28, 29, 38, 31, 22, 33, 34, 35, 30, 37, 23, 39]",2352.0,"[16, 15, 9, 12, 11, 0, 2, 4, 8, 6, 10, 3, 7, 20, 14, 5, 1, 17, 18, 19, 13, 21, 32, 36, 24, 25, 26, 27, 28, 29, 38, 31, 22, 33, 34, 35, 30, 37, 23, 39]",2352.0,26.571309328079224
"[16, 15, 9, 12, 11, 0, 2, 4, 8, 6, 10, 3, 7, 20, 14, 5, 1, 17, 18, 19, 13, 21, 32, 36, 24, 25, 26, 27, 28, 29, 38, 31, 22, 33, 34, 35, 30, 37, 23, 39]",2352.0,"[16, 15, 9, 12, 11, 0, 2, 4, 8, 6, 10, 3, 7, 20, 14, 5, 1, 17, 18, 19, 13, 21, 32, 36, 24, 25, 26, 27, 28, 29, 38, 31, 22, 33, 34, 35, 30, 37, 23, 39]",2352.0,26.71831202507019
"[16, 15, 9, 12, 11, 0, 2, 4, 8, 6, 10, 3, 7, 20, 14, 5, 1, 17, 18, 19, 13, 21, 32, 36, 24, 25, 26, 27, 28, 29, 38, 31, 22, 33, 34, 35, 30, 37, 23, 39]",2352.0,"[16, 15, 9, 12, 11, 0, 2, 4, 8, 6, 10, 3, 7, 20, 14, 5, 1, 17, 18, 19, 13, 21, 32, 36, 24, 25, 26, 27, 28, 29, 38, 31, 22, 33, 34, 35, 30, 37, 23, 39]",2352.0,26.86931037902832
"[16, 15, 9, 12, 11, 0, 2, 4, 8, 6, 10, 3, 7, 20, 14, 5, 1, 17, 18, 19, 13, 21, 32, 36, 24, 25, 26, 27, 28, 29, 38, 31, 22, 33, 34, 35, 30, 37, 23, 39]",2352.0,"[16, 15, 9, 12, 11, 0, 2, 4, 8, 6, 10, 3, 7, 20, 14, 5, 1, 17, 18, 19, 13, 21, 32, 36, 24, 25, 26, 27, 28, 29, 38, 31, 22, 33, 34, 35, 30, 37, 23, 39]",2352.0,27.02231192588806
"[16, 15, 9, 12, 11, 0, 2, 4, 8, 6, 10, 3, 7, 20, 14, 5, 1, 17, 18, 19, 13, 21, 32, 36, 24, 25, 26, 27, 28, 29, 38, 31, 22, 33, 34, 35, 30, 37, 23, 39]",2352.0,"[16, 15, 9, 12, 11, 0, 2, 4, 8, 6, 10, 3, 7, 20, 14, 5, 1, 17, 18, 19, 13, 21, 32, 36, 24, 25, 26, 27, 28, 29, 38, 31, 22, 33, 34, 35, 30, 37, 23, 39]",2352.0,27.171317100524902
"[16, 15, 9, 12, 11, 0, 2, 4, 8, 6, 10, 3, 7, 20, 14, 5, 1, 17, 18, 19, 13, 21, 32, 36, 24, 25, 26, 27, 28, 29, 38, 31, 22, 33, 34, 35, 30, 37, 23, 39]",2352.0,"[16, 15, 9, 12, 11, 0, 2, 4, 8, 6, 10, 3, 7, 20, 14, 5, 1, 17, 18, 19, 13, 21, 32, 36, 24, 25, 26, 27, 28, 29, 38, 31, 22, 33, 34, 35, 30, 37, 23, 39]",2352.0,27.334316968917847
"[16, 15, 9, 12, 11, 0, 2, 4, 8, 6, 10, 3, 7, 20, 14, 5, 1, 17, 18, 19, 13, 21, 32, 36, 24, 25, 26, 27, 28, 29, 38, 31, 22, 33, 34, 35, 30, 37, 23, 39]",2352.0,"[16, 15, 9, 12, 11, 0, 2, 4, 8, 6, 10, 3, 7, 20, 14, 5, 1, 17, 18, 19, 13, 21, 32, 36, 24, 25, 26, 27, 28, 29, 38, 31, 22, 33, 34, 35, 30, 37, 23, 39]",2352.0,27.48535680770874
"[16, 15, 9, 12, 11, 0, 2, 4, 8, 6, 10, 3, 7, 20, 14, 5, 1, 17, 18, 19, 13, 21, 32, 36, 24, 25, 26, 27, 28, 29, 38, 31, 22, 33, 34, 35, 30, 37, 23, 39]",2352.0,"[16, 15, 9, 12, 11, 0, 2, 4, 8, 6, 10, 3, 7, 20, 14, 5, 1, 17, 18, 19, 13, 21, 32, 36, 24, 25, 26, 27, 28, 29, 38, 31, 22, 33, 34, 35, 30, 37, 23, 39]",2352.0,27.628324031829834
"[16, 15, 9, 12, 11, 0, 2, 4, 8, 6, 10, 3, 7, 20, 14, 5, 1, 17, 18, 19, 13, 21, 32, 36, 24, 25, 26, 27, 28, 29, 38, 31, 22, 33, 34, 35, 30, 37, 23, 39]",2352.0,"[16, 15, 9, 12, 11, 0, 2, 4, 8, 6, 10, 3, 7, 20, 14, 5, 1, 17, 18, 19, 13, 21, 32, 36, 24, 25, 26, 27, 28, 29, 38, 31, 22, 33, 34, 35, 30, 37, 23, 39]",2352.0,27.78034234046936
"[16, 15, 9, 12, 11, 0, 2, 4, 8, 6, 10, 3, 7, 20, 14, 5, 1, 17, 18, 19, 13, 21, 32, 36, 24, 25, 26, 27, 28, 29, 38, 31, 22, 33, 34, 35, 30, 37, 23, 39]",2352.0,"[16, 15, 9, 12, 11, 0, 2, 4, 8, 6, 10, 3, 7, 20, 14, 5, 1, 17, 18, 19, 13, 21, 32, 36, 24, 25, 26, 27, 28, 29, 38, 31, 22, 33, 34, 35, 30, 37, 23, 39]",2352.0,27.93032670021057
"[16, 15, 9, 12, 11, 0, 2, 4, 8, 6, 10, 3, 7, 20, 14, 5, 1, 17, 18, 19, 13, 21, 32, 36, 24, 25, 26, 27, 28, 29, 38, 31, 22, 33, 34, 35, 30, 37, 23, 39]",2352.0,"[16, 15, 9, 12, 11, 0, 2, 4, 8, 6, 10, 3, 7, 20, 14, 5, 1, 17, 18, 19, 13, 21, 32, 36, 24, 25, 26, 27, 28, 29, 38, 31, 22, 33, 34, 35, 30, 37, 23, 39]",2352.0,28.080331563949585
"[16, 15, 9, 12, 11, 0, 2, 4, 8, 6, 10, 3, 7, 20, 14, 5, 1, 17, 18, 19, 13, 21, 32, 36, 24, 25, 26, 27, 28, 29, 38, 31, 22, 33, 34, 35, 30, 37, 23, 39]",2352.0,"[16, 15, 9, 12, 11, 0, 2, 4, 8, 6, 10, 3, 7, 20, 14, 5, 1, 17, 18, 19, 13, 21, 32, 36, 24, 25, 26, 27, 28, 29, 38, 31, 22, 33, 34, 35, 30, 37, 23, 39]",2352.0,28.240429639816284
"[16, 15, 9, 12, 11, 0, 2, 4, 8, 6, 10, 3, 7, 20, 14, 5, 1, 17, 18, 19, 13, 21, 32, 36, 24, 25, 26, 27, 28, 29, 38, 31, 22, 33, 34, 35, 30, 37, 23, 39]",2352.0,"[16, 15, 9, 12, 11, 0, 2, 4, 8, 6, 10, 3, 7, 20, 14, 5, 1, 17, 18, 19, 13, 21, 32, 36, 24, 25, 26, 27, 28, 29, 38, 31, 22, 33, 34, 35, 30, 37, 23, 39]",2352.0,28.406158447265625
"[16, 15, 9, 12, 11, 0, 2, 4, 8, 6, 10, 3, 7, 20, 14, 5, 1, 17, 18, 19, 13, 21, 32, 36, 24, 25, 26, 27, 28, 29, 38, 31, 22, 33, 34, 35, 30, 37, 23, 39]",2352.0,"[16, 15, 9, 12, 11, 0, 2, 4, 8, 6, 10, 3, 7, 20, 14, 5, 1, 17, 18, 19, 13, 21, 32, 36, 24, 25, 26, 27, 28, 29, 38, 31, 22, 33, 34, 35, 30, 37, 23, 39]",2352.0,28.55892825126648
"[16, 15, 9, 12, 11, 0, 2, 4, 8, 6, 10, 3, 7, 20, 14, 5, 1, 17, 18, 19, 13, 21, 32, 36, 24, 25, 26, 27, 28, 29, 38, 31, 22, 33, 34, 35, 30, 37, 23, 39]",2352.0,"[16, 15, 9, 12, 11, 0, 2, 4, 8, 6, 10, 3, 7, 20, 14, 5, 1, 17, 18, 19, 13, 21, 32, 36, 24, 25, 26, 27, 28, 29, 38, 31, 22, 33, 34, 35, 30, 37, 23, 39]",2352.0,28.7179856300354
"[16, 15, 9, 12, 11, 0, 2, 4, 8, 6, 10, 3, 7, 20, 14, 5, 1, 17, 18, 19, 13, 21, 32, 36, 24, 25, 26, 27, 28, 29, 38, 31, 22, 33, 34, 35, 30, 37, 23, 39]",2352.0,"[16, 15, 9, 12, 11, 0, 2, 4, 8, 6, 10, 3, 7, 20, 14, 5, 1, 17, 18, 19, 13, 21, 32, 36, 24, 25, 26, 27, 28, 29, 38, 31, 22, 33, 34, 35, 30, 37, 23, 39]",2352.0,28.87845492362976
"[16, 15, 9, 12, 11, 0, 2, 4, 8, 6, 10, 3, 7, 20, 14, 5, 1, 17, 18, 19, 13, 21, 32, 36, 24, 25, 26, 27, 28, 29, 38, 31, 22, 33, 34, 35, 30, 37, 23, 39]",2352.0,"[16, 15, 9, 12, 11, 0, 2, 4, 8, 6, 10, 3, 7, 20, 14, 5, 1, 17, 18, 19, 13, 21, 32, 36, 24, 25, 26, 27, 28, 29, 38, 31, 22, 33, 34, 35, 30, 37, 23, 39]",2352.0,29.023465394973755
"[16, 15, 9, 12, 11, 0, 2, 4, 8, 6, 10, 3, 7, 20, 14, 5, 1, 17, 18, 19, 13, 21, 32, 36, 24, 25, 26, 27, 28, 29, 38, 31, 22, 33, 34, 35, 30, 37, 23, 39]",2352.0,"[16, 15, 9, 12, 11, 0, 2, 4, 8, 6, 10, 3, 7, 20, 14, 5, 1, 17, 18, 19, 13, 21, 32, 36, 24, 25, 26, 27, 28, 29, 38, 31, 22, 33, 34, 35, 30, 37, 23, 39]",2352.0,29.176475524902344
"[16, 15, 9, 12, 11, 0, 2, 4, 8, 6, 10, 3, 7, 20, 14, 5, 1, 17, 18, 19, 13, 21, 32, 36, 24, 25, 26, 27, 28, 29, 38, 31, 22, 33, 34, 35, 30, 37, 23, 39]",2352.0,"[16, 15, 9, 12, 11, 0, 2, 4, 8, 6, 10, 3, 7, 20, 14, 5, 1, 17, 18, 19, 13, 21, 32, 36, 24, 25, 26, 27, 28, 29, 38, 31, 22, 33, 34, 35, 30, 37, 23, 39]",2352.0,29.331480503082275
"[16, 15, 9, 12, 11, 0, 2, 4, 8, 6, 10, 3, 7, 20, 14, 5, 1, 17, 18, 19, 13, 21, 32, 36, 24, 25, 26, 27, 28, 29, 38, 31, 22, 33, 34, 35, 30, 37, 23, 39]",2352.0,"[16, 15, 9, 12, 11, 0, 2, 4, 8, 6, 10, 3, 7, 20, 14, 5, 1, 17, 18, 19, 13, 21, 32, 36, 24, 25, 26, 27, 28, 29, 38, 31, 22, 33, 34, 35, 30, 37, 23, 39]",2352.0,29.481544256210327
"[16, 15, 9, 12, 11, 0, 2, 4, 8, 6, 10, 3, 7, 20, 14, 5, 1, 17, 18, 19, 13, 21, 32, 36, 24, 25, 26, 27, 28, 29, 38, 31, 22, 33, 34, 35, 30, 37, 23, 39]",2352.0,"[16, 15, 9, 12, 11, 0, 2, 4, 8, 6, 10, 3, 7, 20, 14, 5, 1, 17, 18, 19, 13, 21, 32, 36, 24, 25, 26, 27, 28, 29, 38, 31, 22, 33, 34, 35, 30, 37, 23, 39]",2352.0,29.625470876693726
"[16, 15, 9, 12, 11, 0, 2, 4, 8, 6, 10, 3, 7, 20, 14, 5, 1, 17, 18, 19, 13, 21, 32, 36, 24, 25, 26, 27, 28, 29, 38, 31, 22, 33, 34, 35, 30, 37, 23, 39]",2352.0,"[16, 15, 9, 12, 11, 0, 2, 4, 8, 6, 10, 3, 7, 20, 14, 5, 1, 17, 18, 19, 13, 21, 32, 36, 24, 25, 26, 27, 28, 29, 38, 31, 22, 33, 34, 35, 30, 37, 23, 39]",2352.0,29.776606798171997
"[16, 15, 9, 12, 11, 0, 2, 4, 8, 6, 10, 3, 7, 20, 14, 5, 1, 17, 18, 19, 13, 21, 32, 36, 24, 25, 26, 27, 28, 29, 38, 31, 22, 33, 34, 35, 30, 37, 23, 39]",2352.0,"[16, 15, 9, 12, 11, 0, 2, 4, 8, 6, 10, 3, 7, 20, 14, 5, 1, 17, 18, 19, 13, 21, 32, 36, 24, 25, 26, 27, 28, 29, 38, 31, 22, 33, 34, 35, 30, 37, 23, 39]",2352.0,29.927477598190308
"[16, 15, 9, 12, 11, 0, 2, 4, 8, 6, 10, 3, 7, 20, 14, 5, 1, 17, 18, 19, 13, 21, 32, 36, 24, 25, 26, 27, 28, 29, 38, 31, 22, 33, 34, 35, 30, 37, 23, 39]",2352.0,"[16, 15, 9, 12, 11, 0, 2, 4, 8, 6, 10, 3, 7, 20, 14, 5, 1, 17, 18, 19, 13, 21, 32, 36, 24, 25, 26, 27, 28, 29, 38, 31, 22, 33, 34, 35, 30, 37, 23, 39]",2352.0,30.085487127304077
"[16, 15, 9, 12, 11, 0, 2, 4, 8, 6, 10, 3, 7, 20, 14, 5, 1, 17, 18, 19, 13, 21, 32, 36, 24, 25, 26, 27, 28, 29, 38, 31, 22, 33, 34, 35, 30, 37, 23, 39]",2352.0,"[16, 15, 9, 12, 11, 0, 2, 4, 8, 6, 10, 3, 7, 20, 14, 5, 1, 17, 18, 19, 13, 21, 32, 36, 24, 25, 26, 27, 28, 29, 38, 31, 22, 33, 34, 35, 30, 37, 23, 39]",2352.0,30.23947763442993
"[16, 15, 9, 12, 11, 0, 2, 4, 8, 6, 10, 3, 7, 20, 14, 5, 1, 17, 18, 19, 13, 21, 32, 36, 24, 25, 26, 27, 28, 29, 38, 31, 22, 33, 34, 35, 30, 37, 23, 39]",2352.0,"[16, 15, 9, 12, 11, 0, 2, 4, 8, 6, 10, 3, 7, 20, 14, 5, 1, 17, 18, 19, 13, 21, 32, 36, 24, 25, 26, 27, 28, 29, 38, 31, 22, 33, 34, 35, 30, 37, 23, 39]",2352.0,30.389482975006104
"[16, 15, 9, 12, 11, 0, 2, 4, 8, 6, 10, 14, 7, 20, 3, 5, 1, 17, 18, 19, 13, 21, 32, 36, 24, 25, 26, 27, 28, 29, 38, 31, 22, 33, 34, 35, 30, 37, 23, 39]",2335.5,"[16, 15, 9, 12, 11, 0, 2, 4, 8, 6, 10, 14, 7, 20, 3, 5, 1, 17, 18, 19, 13, 21, 32, 36, 24, 25, 26, 27, 28, 29, 38, 31, 22, 33, 34, 35, 30, 37, 23, 39]",2335.5,30.54448628425598
"[16, 15, 9, 12, 11, 0, 2, 4, 8, 6, 10, 14, 7, 20, 3, 5, 1, 17, 18, 19, 13, 21, 32, 36, 24, 25, 26, 27, 28, 29, 38, 31, 22, 33, 34, 35, 30, 37, 23, 39]",2335.5,"[16, 15, 9, 12, 11, 0, 2, 4, 8, 6, 10, 14, 7, 20, 3, 5, 1, 17, 18, 19, 13, 21, 32, 36, 24, 25, 26, 27, 28, 29, 38, 31, 22, 33, 34, 35, 30, 37, 23, 39]",2335.5,30.69848322868347
"[16, 15, 9, 12, 11, 0, 2, 4, 8, 6, 10, 14, 7, 20, 3, 5, 1, 17, 18, 19, 13, 21, 32, 36, 24, 25, 26, 27, 28, 29, 38, 31, 22, 33, 34, 35, 30, 37, 23, 39]",2335.5,"[16, 15, 9, 12, 11, 0, 2, 4, 8, 6, 10, 14, 7, 20, 3, 5, 1, 17, 18, 19, 13, 21, 32, 36, 24, 25, 26, 27, 28, 29, 38, 31, 22, 33, 34, 35, 30, 37, 23, 39]",2335.5,30.849485397338867
"[16, 15, 9, 12, 11, 0, 2, 4, 8, 6, 10, 14, 7, 20, 3, 5, 1, 17, 18, 19, 13, 21, 32, 36, 24, 25, 26, 27, 28, 29, 38, 31, 22, 33, 34, 35, 30, 37, 23, 39]",2335.5,"[16, 15, 9, 12, 11, 0, 2, 4, 8, 6, 10, 14, 7, 20, 3, 5, 1, 17, 18, 19, 13, 21, 32, 36, 24, 25, 26, 27, 28, 29, 38, 31, 22, 33, 34, 35, 30, 37, 23, 39]",2335.5,31.00150156021118
