Sequence,Fitness,Best_sequence,Best_fitness,Time
"[0, 1, 2, 3, 4, 5, 6, 7, 8, 9, 10, 11, 12, 13, 14, 15, 16, 17, 18, 19]",438,"[0, 1, 2, 3, 4, 5, 6, 7, 8, 9, 10, 11, 12, 13, 14, 15, 16, 17, 18, 19]",438,1.6927719116210938e-05
"[0, 1, 2, 3, 4, 5, 6, 7, 8, 9, 10, 11, 12, 13, 14, 15, 16, 17, 18, 19]",438,"[0, 1, 2, 3, 4, 5, 6, 7, 8, 9, 10, 11, 12, 13, 14, 15, 16, 17, 18, 19]",438,0.020000219345092773
"[0, 1, 2, 3, 4, 5, 6, 7, 8, 9, 10, 11, 12, 13, 14, 15, 16, 17, 18, 19]",438,"[0, 1, 2, 3, 4, 5, 6, 7, 8, 9, 10, 11, 12, 13, 14, 15, 16, 17, 18, 19]",438,0.03948616981506348
"[0, 1, 2, 3, 4, 5, 6, 7, 8, 9, 10, 11, 12, 13, 14, 15, 16, 17, 18, 19]",438,"[0, 1, 2, 3, 4, 5, 6, 7, 8, 9, 10, 11, 12, 13, 14, 15, 16, 17, 18, 19]",438,0.05868220329284668
"[0, 1, 2, 3, 4, 5, 6, 7, 8, 9, 10, 11, 12, 13, 14, 15, 16, 17, 18, 19]",438,"[0, 1, 2, 3, 4, 5, 6, 7, 8, 9, 10, 11, 12, 13, 14, 15, 16, 17, 18, 19]",438,0.07804226875305176
"[0, 1, 2, 3, 4, 15, 6, 7, 8, 9, 10, 11, 12, 13, 14, 5, 16, 17, 18, 19]",400,"[0, 1, 2, 3, 4, 15, 6, 7, 8, 9, 10, 11, 12, 13, 14, 5, 16, 17, 18, 19]",400,0.09740924835205078
"[0, 1, 2, 3, 4, 15, 6, 7, 8, 9, 10, 11, 12, 13, 14, 5, 16, 17, 18, 19]",400,"[0, 1, 2, 3, 4, 15, 6, 7, 8, 9, 10, 11, 12, 13, 14, 5, 16, 17, 18, 19]",400,0.11743521690368652
"[0, 12, 2, 3, 4, 15, 6, 7, 8, 9, 10, 11, 1, 13, 14, 5, 16, 17, 18, 19]",399,"[0, 12, 2, 3, 4, 15, 6, 7, 8, 9, 10, 11, 1, 13, 14, 5, 16, 17, 18, 19]",399,0.1376171112060547
"[0, 12, 2, 3, 4, 15, 6, 7, 8, 9, 10, 11, 1, 13, 14, 5, 16, 17, 18, 19]",399,"[0, 12, 2, 3, 4, 15, 6, 7, 8, 9, 10, 11, 1, 13, 14, 5, 16, 17, 18, 19]",399,0.15788817405700684
"[0, 12, 2, 3, 4, 15, 6, 7, 8, 9, 10, 11, 1, 13, 14, 5, 16, 17, 18, 19]",399,"[0, 12, 2, 3, 4, 15, 6, 7, 8, 9, 10, 11, 1, 13, 14, 5, 16, 17, 18, 19]",399,0.17883014678955078
"[0, 12, 2, 3, 4, 15, 6, 7, 8, 9, 10, 11, 1, 13, 14, 5, 16, 17, 18, 19]",399,"[0, 12, 2, 3, 4, 15, 6, 7, 8, 9, 10, 11, 1, 13, 14, 5, 16, 17, 18, 19]",399,0.19977927207946777
"[0, 12, 2, 3, 4, 15, 6, 7, 8, 9, 10, 11, 1, 13, 14, 5, 16, 17, 18, 19]",399,"[0, 12, 2, 3, 4, 15, 6, 7, 8, 9, 10, 11, 1, 13, 14, 5, 16, 17, 18, 19]",399,0.220628023147583
"[0, 12, 2, 3, 4, 15, 6, 7, 8, 9, 10, 11, 1, 13, 14, 5, 16, 17, 18, 19]",399,"[0, 12, 2, 3, 4, 15, 6, 7, 8, 9, 10, 11, 1, 13, 14, 5, 16, 17, 18, 19]",399,0.24182915687561035
"[0, 12, 2, 3, 4, 15, 6, 7, 8, 9, 10, 11, 1, 13, 14, 5, 16, 17, 18, 19]",399,"[0, 12, 2, 3, 4, 15, 6, 7, 8, 9, 10, 11, 1, 13, 14, 5, 16, 17, 18, 19]",399,0.26284217834472656
"[0, 12, 2, 3, 4, 15, 6, 7, 8, 9, 10, 11, 1, 13, 14, 5, 16, 17, 18, 19]",399,"[0, 12, 2, 3, 4, 15, 6, 7, 8, 9, 10, 11, 1, 13, 14, 5, 16, 17, 18, 19]",399,0.28409314155578613
"[0, 12, 2, 3, 4, 15, 6, 7, 8, 9, 10, 11, 1, 13, 14, 5, 16, 17, 18, 19]",399,"[0, 12, 2, 3, 4, 15, 6, 7, 8, 9, 10, 11, 1, 13, 14, 5, 16, 17, 18, 19]",399,0.30530524253845215
"[0, 12, 2, 3, 4, 15, 6, 7, 8, 9, 10, 11, 1, 13, 14, 5, 16, 17, 18, 19]",399,"[0, 12, 2, 3, 4, 15, 6, 7, 8, 9, 10, 11, 1, 13, 14, 5, 16, 17, 18, 19]",399,0.32724833488464355
"[12, 0, 2, 3, 4, 15, 6, 7, 8, 9, 10, 11, 1, 13, 14, 5, 16, 17, 18, 19]",395,"[12, 0, 2, 3, 4, 15, 6, 7, 8, 9, 10, 11, 1, 13, 14, 5, 16, 17, 18, 19]",395,0.3488771915435791
"[12, 0, 2, 3, 4, 15, 6, 7, 8, 9, 10, 11, 1, 13, 14, 5, 16, 17, 18, 19]",395,"[12, 0, 2, 3, 4, 15, 6, 7, 8, 9, 10, 11, 1, 13, 14, 5, 16, 17, 18, 19]",395,0.3699910640716553
"[12, 0, 2, 3, 4, 15, 6, 7, 8, 9, 10, 11, 1, 13, 14, 5, 16, 17, 18, 19]",395,"[12, 0, 2, 3, 4, 15, 6, 7, 8, 9, 10, 11, 1, 13, 14, 5, 16, 17, 18, 19]",395,0.39159107208251953
"[12, 0, 2, 3, 4, 15, 6, 7, 8, 9, 10, 11, 1, 13, 14, 5, 16, 17, 18, 19]",395,"[12, 0, 2, 3, 4, 15, 6, 7, 8, 9, 10, 11, 1, 13, 14, 5, 16, 17, 18, 19]",395,0.41348719596862793
"[12, 0, 2, 3, 4, 15, 6, 7, 8, 9, 10, 11, 1, 13, 14, 5, 16, 17, 18, 19]",395,"[12, 0, 2, 3, 4, 15, 6, 7, 8, 9, 10, 11, 1, 13, 14, 5, 16, 17, 18, 19]",395,0.4346942901611328
"[12, 0, 2, 3, 4, 15, 6, 7, 8, 9, 10, 11, 1, 13, 14, 5, 16, 17, 18, 19]",395,"[12, 0, 2, 3, 4, 15, 6, 7, 8, 9, 10, 11, 1, 13, 14, 5, 16, 17, 18, 19]",395,0.4562032222747803
"[12, 0, 2, 3, 4, 15, 6, 7, 8, 9, 10, 11, 1, 13, 14, 5, 16, 17, 18, 19]",395,"[12, 0, 2, 3, 4, 15, 6, 7, 8, 9, 10, 11, 1, 13, 14, 5, 16, 17, 18, 19]",395,0.4768340587615967
"[12, 0, 2, 3, 4, 15, 6, 7, 8, 9, 10, 11, 1, 13, 14, 5, 16, 17, 18, 19]",395,"[12, 0, 2, 3, 4, 15, 6, 7, 8, 9, 10, 11, 1, 13, 14, 5, 16, 17, 18, 19]",395,0.49831318855285645
"[12, 0, 2, 3, 4, 15, 6, 7, 8, 9, 10, 11, 1, 13, 14, 5, 16, 17, 18, 19]",395,"[12, 0, 2, 3, 4, 15, 6, 7, 8, 9, 10, 11, 1, 13, 14, 5, 16, 17, 18, 19]",395,0.5205562114715576
"[12, 0, 2, 3, 4, 15, 6, 7, 8, 9, 10, 11, 1, 13, 14, 5, 16, 17, 18, 19]",395,"[12, 0, 2, 3, 4, 15, 6, 7, 8, 9, 10, 11, 1, 13, 14, 5, 16, 17, 18, 19]",395,0.5429582595825195
"[12, 0, 2, 3, 4, 15, 6, 7, 8, 9, 10, 11, 1, 13, 14, 5, 16, 17, 18, 19]",395,"[12, 0, 2, 3, 4, 15, 6, 7, 8, 9, 10, 11, 1, 13, 14, 5, 16, 17, 18, 19]",395,0.5645430088043213
"[12, 0, 2, 3, 4, 15, 6, 7, 8, 9, 10, 11, 1, 13, 14, 5, 16, 17, 18, 19]",395,"[12, 0, 2, 3, 4, 15, 6, 7, 8, 9, 10, 11, 1, 13, 14, 5, 16, 17, 18, 19]",395,0.585299015045166
"[4, 0, 2, 3, 12, 15, 6, 7, 8, 9, 10, 11, 1, 13, 14, 5, 16, 17, 18, 19]",393,"[4, 0, 2, 3, 12, 15, 6, 7, 8, 9, 10, 11, 1, 13, 14, 5, 16, 17, 18, 19]",393,0.6077072620391846
"[4, 0, 2, 3, 12, 15, 6, 7, 8, 9, 10, 11, 1, 13, 14, 5, 16, 17, 18, 19]",393,"[4, 0, 2, 3, 12, 15, 6, 7, 8, 9, 10, 11, 1, 13, 14, 5, 16, 17, 18, 19]",393,0.629439115524292
"[4, 0, 2, 3, 12, 15, 6, 7, 8, 9, 10, 11, 1, 13, 14, 5, 16, 17, 18, 19]",393,"[4, 0, 2, 3, 12, 15, 6, 7, 8, 9, 10, 11, 1, 13, 14, 5, 16, 17, 18, 19]",393,0.6518080234527588
"[4, 0, 2, 9, 12, 15, 6, 7, 8, 3, 10, 11, 1, 13, 14, 5, 16, 17, 18, 19]",387,"[4, 0, 2, 9, 12, 15, 6, 7, 8, 3, 10, 11, 1, 13, 14, 5, 16, 17, 18, 19]",387,0.6734740734100342
"[4, 0, 2, 9, 12, 15, 6, 7, 8, 3, 10, 11, 1, 13, 14, 5, 16, 17, 18, 19]",387,"[4, 0, 2, 9, 12, 15, 6, 7, 8, 3, 10, 11, 1, 13, 14, 5, 16, 17, 18, 19]",387,0.6957762241363525
"[4, 0, 2, 9, 12, 15, 6, 7, 8, 3, 10, 11, 1, 13, 14, 5, 16, 17, 18, 19]",387,"[4, 0, 2, 9, 12, 15, 6, 7, 8, 3, 10, 11, 1, 13, 14, 5, 16, 17, 18, 19]",387,0.7173283100128174
"[4, 0, 2, 9, 12, 15, 6, 7, 8, 3, 10, 11, 1, 13, 14, 5, 16, 17, 18, 19]",387,"[4, 0, 2, 9, 12, 15, 6, 7, 8, 3, 10, 11, 1, 13, 14, 5, 16, 17, 18, 19]",387,0.7380990982055664
"[4, 0, 2, 9, 12, 15, 6, 7, 8, 3, 10, 11, 1, 13, 14, 5, 16, 17, 18, 19]",387,"[4, 0, 2, 9, 12, 15, 6, 7, 8, 3, 10, 11, 1, 13, 14, 5, 16, 17, 18, 19]",387,0.7606160640716553
"[4, 0, 2, 9, 12, 15, 6, 7, 8, 3, 10, 11, 1, 13, 14, 5, 16, 17, 18, 19]",387,"[4, 0, 2, 9, 12, 15, 6, 7, 8, 3, 10, 11, 1, 13, 14, 5, 16, 17, 18, 19]",387,0.7828459739685059
"[4, 0, 2, 9, 12, 15, 6, 7, 8, 3, 10, 11, 1, 13, 14, 5, 16, 17, 18, 19]",387,"[4, 0, 2, 9, 12, 15, 6, 7, 8, 3, 10, 11, 1, 13, 14, 5, 16, 17, 18, 19]",387,0.8050341606140137
"[4, 0, 2, 9, 12, 15, 6, 7, 8, 3, 10, 11, 1, 13, 14, 5, 16, 17, 18, 19]",387,"[4, 0, 2, 9, 12, 15, 6, 7, 8, 3, 10, 11, 1, 13, 14, 5, 16, 17, 18, 19]",387,0.8255600929260254
"[4, 0, 2, 9, 12, 15, 6, 7, 8, 3, 10, 11, 1, 13, 14, 5, 16, 17, 18, 19]",387,"[4, 0, 2, 9, 12, 15, 6, 7, 8, 3, 10, 11, 1, 13, 14, 5, 16, 17, 18, 19]",387,0.8457369804382324
"[4, 0, 2, 9, 12, 15, 6, 7, 8, 3, 10, 11, 1, 13, 14, 5, 16, 17, 18, 19]",387,"[4, 0, 2, 9, 12, 15, 6, 7, 8, 3, 10, 11, 1, 13, 14, 5, 16, 17, 18, 19]",387,0.8672151565551758
"[4, 0, 2, 9, 12, 15, 6, 7, 8, 3, 10, 11, 1, 13, 14, 5, 16, 17, 18, 19]",387,"[4, 0, 2, 9, 12, 15, 6, 7, 8, 3, 10, 11, 1, 13, 14, 5, 16, 17, 18, 19]",387,0.8882722854614258
"[4, 0, 2, 9, 12, 15, 6, 7, 8, 3, 10, 11, 1, 13, 14, 5, 16, 17, 18, 19]",387,"[4, 0, 2, 9, 12, 15, 6, 7, 8, 3, 10, 11, 1, 13, 14, 5, 16, 17, 18, 19]",387,0.9238440990447998
"[4, 0, 2, 9, 12, 15, 6, 7, 8, 3, 10, 11, 1, 13, 14, 5, 16, 17, 18, 19]",387,"[4, 0, 2, 9, 12, 15, 6, 7, 8, 3, 10, 11, 1, 13, 14, 5, 16, 17, 18, 19]",387,0.9453682899475098
"[4, 0, 2, 9, 12, 15, 6, 7, 8, 3, 10, 11, 1, 13, 14, 5, 16, 17, 18, 19]",387,"[4, 0, 2, 9, 12, 15, 6, 7, 8, 3, 10, 11, 1, 13, 14, 5, 16, 17, 18, 19]",387,0.9666199684143066
"[4, 0, 2, 9, 12, 15, 6, 7, 8, 3, 10, 11, 1, 13, 14, 5, 16, 17, 18, 19]",387,"[4, 0, 2, 9, 12, 15, 6, 7, 8, 3, 10, 11, 1, 13, 14, 5, 16, 17, 18, 19]",387,0.9899671077728271
"[4, 0, 2, 9, 12, 15, 6, 7, 8, 3, 10, 11, 1, 13, 14, 5, 16, 17, 18, 19]",387,"[4, 0, 2, 9, 12, 15, 6, 7, 8, 3, 10, 11, 1, 13, 14, 5, 16, 17, 18, 19]",387,1.0137982368469238
"[4, 0, 2, 9, 12, 15, 6, 7, 8, 3, 10, 11, 1, 13, 14, 5, 16, 17, 18, 19]",387,"[4, 0, 2, 9, 12, 15, 6, 7, 8, 3, 10, 11, 1, 13, 14, 5, 16, 17, 18, 19]",387,1.0372130870819092
"[4, 0, 2, 9, 11, 15, 6, 7, 8, 3, 10, 12, 1, 13, 14, 5, 16, 17, 18, 19]",382,"[4, 0, 2, 9, 11, 15, 6, 7, 8, 3, 10, 12, 1, 13, 14, 5, 16, 17, 18, 19]",382,1.0613391399383545
"[4, 0, 2, 9, 11, 15, 6, 7, 8, 3, 10, 12, 1, 13, 14, 5, 16, 17, 18, 19]",382,"[4, 0, 2, 9, 11, 15, 6, 7, 8, 3, 10, 12, 1, 13, 14, 5, 16, 17, 18, 19]",382,1.084934949874878
"[4, 0, 2, 9, 11, 15, 6, 7, 8, 3, 10, 12, 1, 13, 14, 5, 16, 17, 18, 19]",382,"[4, 0, 2, 9, 11, 15, 6, 7, 8, 3, 10, 12, 1, 13, 14, 5, 16, 17, 18, 19]",382,1.1064813137054443
"[4, 0, 2, 9, 11, 15, 6, 7, 8, 3, 10, 12, 1, 13, 14, 5, 16, 17, 18, 19]",382,"[4, 0, 2, 9, 11, 15, 6, 7, 8, 3, 10, 12, 1, 13, 14, 5, 16, 17, 18, 19]",382,1.1275341510772705
"[4, 0, 2, 9, 11, 15, 6, 7, 8, 3, 10, 12, 1, 13, 14, 5, 16, 17, 18, 19]",382,"[4, 0, 2, 9, 11, 15, 6, 7, 8, 3, 10, 12, 1, 13, 14, 5, 16, 17, 18, 19]",382,1.149381160736084
"[4, 0, 2, 9, 11, 15, 6, 7, 8, 3, 10, 12, 1, 13, 14, 5, 16, 17, 18, 19]",382,"[4, 0, 2, 9, 11, 15, 6, 7, 8, 3, 10, 12, 1, 13, 14, 5, 16, 17, 18, 19]",382,1.17230224609375
"[4, 0, 2, 9, 11, 15, 6, 7, 8, 3, 10, 12, 1, 13, 14, 5, 16, 17, 18, 19]",382,"[4, 0, 2, 9, 11, 15, 6, 7, 8, 3, 10, 12, 1, 13, 14, 5, 16, 17, 18, 19]",382,1.194782018661499
"[4, 0, 2, 9, 11, 15, 6, 7, 8, 3, 10, 12, 1, 13, 14, 5, 16, 17, 18, 19]",382,"[4, 0, 2, 9, 11, 15, 6, 7, 8, 3, 10, 12, 1, 13, 14, 5, 16, 17, 18, 19]",382,1.2175700664520264
"[4, 0, 2, 9, 11, 15, 6, 7, 8, 3, 10, 12, 1, 13, 14, 5, 16, 17, 18, 19]",382,"[4, 0, 2, 9, 11, 15, 6, 7, 8, 3, 10, 12, 1, 13, 14, 5, 16, 17, 18, 19]",382,1.2397582530975342
"[4, 0, 2, 9, 11, 15, 6, 7, 8, 3, 10, 12, 1, 13, 14, 5, 16, 17, 18, 19]",382,"[4, 0, 2, 9, 11, 15, 6, 7, 8, 3, 10, 12, 1, 13, 14, 5, 16, 17, 18, 19]",382,1.2612390518188477
"[4, 0, 2, 9, 11, 15, 6, 7, 8, 3, 10, 12, 1, 13, 14, 5, 16, 17, 18, 19]",382,"[4, 0, 2, 9, 11, 15, 6, 7, 8, 3, 10, 12, 1, 13, 14, 5, 16, 17, 18, 19]",382,1.2826361656188965
"[4, 0, 2, 9, 11, 15, 6, 7, 8, 3, 10, 12, 1, 13, 14, 5, 16, 17, 18, 19]",382,"[4, 0, 2, 9, 11, 15, 6, 7, 8, 3, 10, 12, 1, 13, 14, 5, 16, 17, 18, 19]",382,1.3050291538238525
"[4, 0, 2, 9, 11, 15, 6, 7, 8, 3, 10, 12, 1, 13, 14, 5, 16, 17, 18, 19]",382,"[4, 0, 2, 9, 11, 15, 6, 7, 8, 3, 10, 12, 1, 13, 14, 5, 16, 17, 18, 19]",382,1.3255071640014648
"[4, 0, 2, 9, 11, 15, 6, 7, 8, 3, 10, 12, 1, 13, 14, 5, 16, 17, 18, 19]",382,"[4, 0, 2, 9, 11, 15, 6, 7, 8, 3, 10, 12, 1, 13, 14, 5, 16, 17, 18, 19]",382,1.3467390537261963
"[4, 0, 2, 9, 11, 15, 6, 7, 8, 3, 10, 12, 1, 13, 14, 5, 16, 17, 18, 19]",382,"[4, 0, 2, 9, 11, 15, 6, 7, 8, 3, 10, 12, 1, 13, 14, 5, 16, 17, 18, 19]",382,1.3677151203155518
"[4, 0, 2, 9, 11, 15, 6, 7, 8, 3, 10, 12, 1, 13, 14, 5, 16, 17, 18, 19]",382,"[4, 0, 2, 9, 11, 15, 6, 7, 8, 3, 10, 12, 1, 13, 14, 5, 16, 17, 18, 19]",382,1.3893342018127441
"[4, 0, 2, 9, 11, 15, 6, 7, 8, 3, 10, 12, 1, 13, 14, 5, 16, 17, 18, 19]",382,"[4, 0, 2, 9, 11, 15, 6, 7, 8, 3, 10, 12, 1, 13, 14, 5, 16, 17, 18, 19]",382,1.4117603302001953
"[4, 0, 2, 9, 11, 15, 6, 7, 8, 3, 10, 12, 1, 13, 14, 5, 16, 17, 18, 19]",382,"[4, 0, 2, 9, 11, 15, 6, 7, 8, 3, 10, 12, 1, 13, 14, 5, 16, 17, 18, 19]",382,1.4330601692199707
"[4, 0, 2, 9, 11, 15, 6, 7, 8, 3, 10, 12, 1, 13, 14, 5, 16, 17, 18, 19]",382,"[4, 0, 2, 9, 11, 15, 6, 7, 8, 3, 10, 12, 1, 13, 14, 5, 16, 17, 18, 19]",382,1.4544992446899414
"[4, 0, 2, 9, 11, 15, 6, 7, 8, 3, 10, 12, 1, 13, 14, 5, 16, 17, 18, 19]",382,"[4, 0, 2, 9, 11, 15, 6, 7, 8, 3, 10, 12, 1, 13, 14, 5, 16, 17, 18, 19]",382,1.4760551452636719
"[4, 0, 2, 9, 11, 15, 6, 7, 8, 3, 10, 12, 1, 13, 14, 5, 16, 17, 18, 19]",382,"[4, 0, 2, 9, 11, 15, 6, 7, 8, 3, 10, 12, 1, 13, 14, 5, 16, 17, 18, 19]",382,1.4973230361938477
"[4, 0, 2, 9, 11, 15, 6, 7, 8, 3, 10, 12, 1, 13, 14, 5, 16, 17, 18, 19]",382,"[4, 0, 2, 9, 11, 15, 6, 7, 8, 3, 10, 12, 1, 13, 14, 5, 16, 17, 18, 19]",382,1.5197601318359375
"[4, 0, 2, 9, 11, 15, 6, 7, 8, 3, 10, 12, 1, 13, 14, 5, 16, 17, 18, 19]",382,"[4, 0, 2, 9, 11, 15, 6, 7, 8, 3, 10, 12, 1, 13, 14, 5, 16, 17, 18, 19]",382,1.5420129299163818
"[4, 0, 2, 9, 11, 15, 6, 7, 8, 3, 10, 12, 1, 13, 14, 5, 16, 17, 18, 19]",382,"[4, 0, 2, 9, 11, 15, 6, 7, 8, 3, 10, 12, 1, 13, 14, 5, 16, 17, 18, 19]",382,1.565709114074707
"[4, 0, 2, 9, 11, 15, 6, 7, 8, 3, 10, 12, 1, 13, 14, 5, 16, 17, 18, 19]",382,"[4, 0, 2, 9, 11, 15, 6, 7, 8, 3, 10, 12, 1, 13, 14, 5, 16, 17, 18, 19]",382,1.587799072265625
"[4, 0, 2, 9, 11, 15, 6, 7, 8, 3, 10, 12, 1, 13, 14, 5, 16, 17, 18, 19]",382,"[4, 0, 2, 9, 11, 15, 6, 7, 8, 3, 10, 12, 1, 13, 14, 5, 16, 17, 18, 19]",382,1.6099982261657715
"[4, 0, 2, 9, 11, 15, 6, 7, 8, 3, 10, 12, 1, 13, 14, 5, 16, 17, 18, 19]",382,"[4, 0, 2, 9, 11, 15, 6, 7, 8, 3, 10, 12, 1, 13, 14, 5, 16, 17, 18, 19]",382,1.6322309970855713
"[4, 0, 2, 9, 11, 15, 6, 7, 8, 3, 10, 12, 1, 13, 14, 5, 16, 17, 18, 19]",382,"[4, 0, 2, 9, 11, 15, 6, 7, 8, 3, 10, 12, 1, 13, 14, 5, 16, 17, 18, 19]",382,1.6554911136627197
"[4, 0, 2, 9, 11, 15, 6, 7, 8, 3, 10, 12, 1, 13, 14, 5, 16, 17, 18, 19]",382,"[4, 0, 2, 9, 11, 15, 6, 7, 8, 3, 10, 12, 1, 13, 14, 5, 16, 17, 18, 19]",382,1.6787750720977783
"[4, 0, 2, 9, 11, 15, 6, 7, 8, 3, 10, 12, 1, 13, 14, 5, 16, 17, 18, 19]",382,"[4, 0, 2, 9, 11, 15, 6, 7, 8, 3, 10, 12, 1, 13, 14, 5, 16, 17, 18, 19]",382,1.7022452354431152
"[4, 0, 2, 9, 11, 15, 6, 7, 8, 3, 10, 12, 1, 13, 14, 5, 16, 17, 18, 19]",382,"[4, 0, 2, 9, 11, 15, 6, 7, 8, 3, 10, 12, 1, 13, 14, 5, 16, 17, 18, 19]",382,1.7257342338562012
"[4, 0, 2, 9, 11, 15, 6, 7, 8, 3, 10, 12, 1, 13, 14, 5, 16, 17, 18, 19]",382,"[4, 0, 2, 9, 11, 15, 6, 7, 8, 3, 10, 12, 1, 13, 14, 5, 16, 17, 18, 19]",382,1.7477290630340576
"[4, 0, 2, 9, 11, 15, 6, 7, 8, 3, 10, 12, 1, 13, 14, 5, 16, 17, 18, 19]",382,"[4, 0, 2, 9, 11, 15, 6, 7, 8, 3, 10, 12, 1, 13, 14, 5, 16, 17, 18, 19]",382,1.7679870128631592
"[4, 0, 2, 9, 11, 15, 6, 7, 8, 3, 10, 12, 1, 13, 14, 5, 16, 17, 18, 19]",382,"[4, 0, 2, 9, 11, 15, 6, 7, 8, 3, 10, 12, 1, 13, 14, 5, 16, 17, 18, 19]",382,1.7880141735076904
"[4, 0, 2, 9, 11, 15, 6, 7, 8, 3, 10, 12, 1, 13, 14, 5, 16, 17, 18, 19]",382,"[4, 0, 2, 9, 11, 15, 6, 7, 8, 3, 10, 12, 1, 13, 14, 5, 16, 17, 18, 19]",382,1.8082561492919922
"[4, 0, 2, 9, 11, 15, 6, 7, 8, 3, 10, 12, 1, 13, 14, 5, 16, 17, 18, 19]",382,"[4, 0, 2, 9, 11, 15, 6, 7, 8, 3, 10, 12, 1, 13, 14, 5, 16, 17, 18, 19]",382,1.8285300731658936
"[4, 0, 2, 9, 11, 15, 6, 7, 8, 3, 10, 12, 1, 13, 14, 5, 16, 17, 18, 19]",382,"[4, 0, 2, 9, 11, 15, 6, 7, 8, 3, 10, 12, 1, 13, 14, 5, 16, 17, 18, 19]",382,1.8496263027191162
"[4, 0, 9, 2, 11, 15, 6, 7, 8, 3, 10, 12, 1, 13, 14, 5, 16, 17, 18, 19]",377,"[4, 0, 9, 2, 11, 15, 6, 7, 8, 3, 10, 12, 1, 13, 14, 5, 16, 17, 18, 19]",377,1.870894193649292
"[4, 0, 9, 2, 11, 15, 6, 7, 8, 3, 10, 12, 1, 13, 14, 5, 16, 17, 18, 19]",377,"[4, 0, 9, 2, 11, 15, 6, 7, 8, 3, 10, 12, 1, 13, 14, 5, 16, 17, 18, 19]",377,1.8928961753845215
"[4, 0, 9, 2, 11, 15, 6, 7, 8, 3, 10, 12, 1, 13, 14, 5, 16, 17, 18, 19]",377,"[4, 0, 9, 2, 11, 15, 6, 7, 8, 3, 10, 12, 1, 13, 14, 5, 16, 17, 18, 19]",377,1.9141120910644531
"[4, 0, 9, 2, 11, 15, 6, 7, 8, 3, 10, 12, 1, 13, 14, 5, 16, 17, 18, 19]",377,"[4, 0, 9, 2, 11, 15, 6, 7, 8, 3, 10, 12, 1, 13, 14, 5, 16, 17, 18, 19]",377,1.9355452060699463
"[4, 0, 9, 2, 11, 15, 6, 7, 8, 3, 10, 12, 1, 13, 14, 5, 16, 17, 18, 19]",377,"[4, 0, 9, 2, 11, 15, 6, 7, 8, 3, 10, 12, 1, 13, 14, 5, 16, 17, 18, 19]",377,1.9566700458526611
"[4, 0, 9, 2, 11, 15, 6, 7, 8, 3, 10, 12, 1, 13, 14, 5, 16, 17, 18, 19]",377,"[4, 0, 9, 2, 11, 15, 6, 7, 8, 3, 10, 12, 1, 13, 14, 5, 16, 17, 18, 19]",377,1.9786362648010254
"[4, 0, 9, 2, 11, 15, 6, 7, 8, 3, 10, 12, 1, 13, 14, 5, 16, 17, 18, 19]",377,"[4, 0, 9, 2, 11, 15, 6, 7, 8, 3, 10, 12, 1, 13, 14, 5, 16, 17, 18, 19]",377,2.0000710487365723
"[4, 0, 9, 2, 11, 15, 6, 7, 8, 3, 10, 12, 1, 13, 14, 5, 16, 17, 18, 19]",377,"[4, 0, 9, 2, 11, 15, 6, 7, 8, 3, 10, 12, 1, 13, 14, 5, 16, 17, 18, 19]",377,2.0205631256103516
"[4, 0, 9, 2, 11, 15, 6, 7, 8, 3, 10, 12, 1, 13, 14, 5, 16, 17, 18, 19]",377,"[4, 0, 9, 2, 11, 15, 6, 7, 8, 3, 10, 12, 1, 13, 14, 5, 16, 17, 18, 19]",377,2.0424232482910156
"[4, 0, 9, 2, 11, 15, 6, 7, 8, 3, 10, 12, 1, 13, 14, 5, 16, 17, 18, 19]",377,"[4, 0, 9, 2, 11, 15, 6, 7, 8, 3, 10, 12, 1, 13, 14, 5, 16, 17, 18, 19]",377,2.0644149780273438
"[4, 0, 9, 2, 11, 15, 6, 7, 8, 3, 10, 12, 1, 13, 14, 5, 16, 17, 18, 19]",377,"[4, 0, 9, 2, 11, 15, 6, 7, 8, 3, 10, 12, 1, 13, 14, 5, 16, 17, 18, 19]",377,2.0864882469177246
"[4, 0, 9, 2, 11, 15, 6, 7, 8, 3, 10, 12, 1, 13, 14, 5, 16, 17, 18, 19]",377,"[4, 0, 9, 2, 11, 15, 6, 7, 8, 3, 10, 12, 1, 13, 14, 5, 16, 17, 18, 19]",377,2.1086740493774414
"[4, 0, 9, 2, 11, 15, 6, 7, 8, 3, 10, 12, 19, 13, 14, 5, 16, 17, 18, 1]",344,"[4, 0, 9, 2, 11, 15, 6, 7, 8, 3, 10, 12, 19, 13, 14, 5, 16, 17, 18, 1]",344,2.129542350769043
"[4, 0, 9, 2, 11, 15, 6, 7, 8, 3, 10, 12, 19, 13, 14, 5, 16, 17, 18, 1]",344,"[4, 0, 9, 2, 11, 15, 6, 7, 8, 3, 10, 12, 19, 13, 14, 5, 16, 17, 18, 1]",344,2.1505560874938965
"[4, 0, 9, 2, 11, 15, 6, 7, 8, 3, 10, 12, 19, 13, 14, 5, 16, 17, 18, 1]",344,"[4, 0, 9, 2, 11, 15, 6, 7, 8, 3, 10, 12, 19, 13, 14, 5, 16, 17, 18, 1]",344,2.1712231636047363
"[4, 0, 9, 2, 11, 15, 6, 7, 8, 3, 10, 12, 19, 13, 14, 5, 16, 17, 18, 1]",344,"[4, 0, 9, 2, 11, 15, 6, 7, 8, 3, 10, 12, 19, 13, 14, 5, 16, 17, 18, 1]",344,2.190986156463623
"[4, 0, 9, 2, 11, 15, 6, 7, 8, 3, 10, 12, 19, 13, 14, 5, 16, 17, 18, 1]",344,"[4, 0, 9, 2, 11, 15, 6, 7, 8, 3, 10, 12, 19, 13, 14, 5, 16, 17, 18, 1]",344,2.212217092514038
"[4, 0, 9, 2, 11, 15, 6, 7, 8, 3, 10, 12, 19, 13, 14, 5, 16, 17, 18, 1]",344,"[4, 0, 9, 2, 11, 15, 6, 7, 8, 3, 10, 12, 19, 13, 14, 5, 16, 17, 18, 1]",344,2.233457326889038
"[4, 0, 9, 2, 11, 15, 6, 7, 8, 3, 10, 12, 19, 13, 14, 5, 16, 17, 18, 1]",344,"[4, 0, 9, 2, 11, 15, 6, 7, 8, 3, 10, 12, 19, 13, 14, 5, 16, 17, 18, 1]",344,2.256667137145996
"[4, 0, 9, 2, 11, 15, 6, 7, 8, 3, 10, 12, 19, 13, 14, 5, 16, 17, 18, 1]",344,"[4, 0, 9, 2, 11, 15, 6, 7, 8, 3, 10, 12, 19, 13, 14, 5, 16, 17, 18, 1]",344,2.2779572010040283
"[4, 0, 9, 2, 11, 15, 6, 7, 8, 3, 10, 12, 19, 13, 14, 5, 16, 17, 18, 1]",344,"[4, 0, 9, 2, 11, 15, 6, 7, 8, 3, 10, 12, 19, 13, 14, 5, 16, 17, 18, 1]",344,2.2990269660949707
"[1, 0, 9, 2, 11, 15, 6, 7, 8, 3, 10, 12, 19, 13, 14, 5, 16, 17, 18, 4]",307,"[1, 0, 9, 2, 11, 15, 6, 7, 8, 3, 10, 12, 19, 13, 14, 5, 16, 17, 18, 4]",307,2.3192641735076904
"[1, 0, 9, 2, 11, 15, 6, 7, 8, 3, 10, 12, 19, 13, 14, 5, 16, 17, 18, 4]",307,"[1, 0, 9, 2, 11, 15, 6, 7, 8, 3, 10, 12, 19, 13, 14, 5, 16, 17, 18, 4]",307,2.339611291885376
"[1, 0, 9, 2, 11, 15, 6, 7, 8, 3, 10, 12, 19, 13, 14, 5, 16, 17, 18, 4]",307,"[1, 0, 9, 2, 11, 15, 6, 7, 8, 3, 10, 12, 19, 13, 14, 5, 16, 17, 18, 4]",307,2.3613603115081787
"[1, 0, 9, 2, 11, 15, 6, 7, 8, 3, 10, 12, 19, 13, 14, 5, 16, 17, 18, 4]",307,"[1, 0, 9, 2, 11, 15, 6, 7, 8, 3, 10, 12, 19, 13, 14, 5, 16, 17, 18, 4]",307,2.3835811614990234
"[1, 0, 9, 2, 11, 15, 6, 7, 8, 3, 10, 12, 19, 13, 14, 5, 16, 17, 18, 4]",307,"[1, 0, 9, 2, 11, 15, 6, 7, 8, 3, 10, 12, 19, 13, 14, 5, 16, 17, 18, 4]",307,2.404358148574829
"[1, 0, 9, 2, 11, 15, 6, 7, 8, 3, 10, 12, 19, 13, 14, 5, 16, 17, 18, 4]",307,"[1, 0, 9, 2, 11, 15, 6, 7, 8, 3, 10, 12, 19, 13, 14, 5, 16, 17, 18, 4]",307,2.4245851039886475
"[1, 0, 9, 2, 11, 15, 6, 7, 8, 3, 10, 12, 19, 13, 14, 5, 16, 17, 18, 4]",307,"[1, 0, 9, 2, 11, 15, 6, 7, 8, 3, 10, 12, 19, 13, 14, 5, 16, 17, 18, 4]",307,2.444836139678955
"[1, 0, 9, 2, 11, 15, 6, 7, 8, 3, 10, 12, 19, 13, 14, 5, 16, 17, 18, 4]",307,"[1, 0, 9, 2, 11, 15, 6, 7, 8, 3, 10, 12, 19, 13, 14, 5, 16, 17, 18, 4]",307,2.465031147003174
"[1, 0, 9, 2, 11, 15, 6, 7, 8, 3, 10, 12, 19, 13, 14, 5, 16, 17, 18, 4]",307,"[1, 0, 9, 2, 11, 15, 6, 7, 8, 3, 10, 12, 19, 13, 14, 5, 16, 17, 18, 4]",307,2.484873056411743
"[1, 0, 9, 2, 11, 15, 6, 7, 8, 3, 10, 12, 19, 13, 14, 5, 16, 17, 18, 4]",307,"[1, 0, 9, 2, 11, 15, 6, 7, 8, 3, 10, 12, 19, 13, 14, 5, 16, 17, 18, 4]",307,2.504333257675171
"[1, 0, 9, 2, 11, 15, 6, 7, 8, 3, 10, 12, 19, 13, 14, 5, 16, 17, 18, 4]",307,"[1, 0, 9, 2, 11, 15, 6, 7, 8, 3, 10, 12, 19, 13, 14, 5, 16, 17, 18, 4]",307,2.524400234222412
"[1, 0, 9, 2, 11, 15, 6, 7, 8, 3, 10, 12, 19, 13, 14, 5, 16, 17, 18, 4]",307,"[1, 0, 9, 2, 11, 15, 6, 7, 8, 3, 10, 12, 19, 13, 14, 5, 16, 17, 18, 4]",307,2.5561211109161377
"[1, 0, 9, 2, 11, 15, 6, 7, 8, 3, 10, 12, 19, 13, 14, 5, 16, 17, 18, 4]",307,"[1, 0, 9, 2, 11, 15, 6, 7, 8, 3, 10, 12, 19, 13, 14, 5, 16, 17, 18, 4]",307,2.5777082443237305
"[1, 0, 9, 2, 11, 15, 6, 7, 8, 3, 10, 12, 19, 13, 14, 5, 16, 17, 18, 4]",307,"[1, 0, 9, 2, 11, 15, 6, 7, 8, 3, 10, 12, 19, 13, 14, 5, 16, 17, 18, 4]",307,2.597886085510254
"[1, 0, 9, 2, 11, 15, 6, 7, 8, 3, 10, 12, 19, 13, 14, 5, 16, 17, 18, 4]",307,"[1, 0, 9, 2, 11, 15, 6, 7, 8, 3, 10, 12, 19, 13, 14, 5, 16, 17, 18, 4]",307,2.617908000946045
"[1, 0, 9, 2, 11, 15, 6, 7, 8, 3, 10, 12, 19, 13, 14, 5, 16, 17, 18, 4]",307,"[1, 0, 9, 2, 11, 15, 6, 7, 8, 3, 10, 12, 19, 13, 14, 5, 16, 17, 18, 4]",307,2.638949155807495
"[1, 0, 9, 2, 11, 15, 6, 7, 8, 3, 10, 12, 19, 13, 14, 5, 16, 17, 18, 4]",307,"[1, 0, 9, 2, 11, 15, 6, 7, 8, 3, 10, 12, 19, 13, 14, 5, 16, 17, 18, 4]",307,2.6599602699279785
"[1, 0, 9, 2, 11, 15, 6, 7, 8, 3, 10, 12, 19, 13, 14, 5, 16, 17, 18, 4]",307,"[1, 0, 9, 2, 11, 15, 6, 7, 8, 3, 10, 12, 19, 13, 14, 5, 16, 17, 18, 4]",307,2.6809911727905273
"[1, 0, 9, 2, 11, 15, 6, 7, 8, 3, 10, 12, 19, 13, 14, 5, 16, 17, 18, 4]",307,"[1, 0, 9, 2, 11, 15, 6, 7, 8, 3, 10, 12, 19, 13, 14, 5, 16, 17, 18, 4]",307,2.702225923538208
"[1, 0, 9, 2, 11, 15, 6, 7, 8, 3, 10, 12, 19, 13, 14, 5, 16, 17, 18, 4]",307,"[1, 0, 9, 2, 11, 15, 6, 7, 8, 3, 10, 12, 19, 13, 14, 5, 16, 17, 18, 4]",307,2.7240242958068848
"[1, 0, 9, 2, 11, 15, 6, 7, 8, 3, 10, 12, 19, 13, 14, 5, 16, 17, 18, 4]",307,"[1, 0, 9, 2, 11, 15, 6, 7, 8, 3, 10, 12, 19, 13, 14, 5, 16, 17, 18, 4]",307,2.7474091053009033
"[1, 0, 9, 2, 11, 15, 6, 7, 8, 3, 10, 12, 19, 13, 14, 5, 16, 17, 18, 4]",307,"[1, 0, 9, 2, 11, 15, 6, 7, 8, 3, 10, 12, 19, 13, 14, 5, 16, 17, 18, 4]",307,2.771059036254883
"[1, 0, 9, 2, 11, 15, 6, 7, 8, 3, 10, 12, 19, 13, 14, 5, 16, 17, 18, 4]",307,"[1, 0, 9, 2, 11, 15, 6, 7, 8, 3, 10, 12, 19, 13, 14, 5, 16, 17, 18, 4]",307,2.7933802604675293
"[1, 0, 9, 2, 11, 15, 6, 7, 8, 3, 10, 12, 19, 13, 14, 5, 16, 17, 18, 4]",307,"[1, 0, 9, 2, 11, 15, 6, 7, 8, 3, 10, 12, 19, 13, 14, 5, 16, 17, 18, 4]",307,2.815066337585449
"[1, 0, 9, 2, 11, 15, 6, 7, 8, 3, 10, 12, 19, 13, 14, 5, 16, 17, 18, 4]",307,"[1, 0, 9, 2, 11, 15, 6, 7, 8, 3, 10, 12, 19, 13, 14, 5, 16, 17, 18, 4]",307,2.835721015930176
"[1, 0, 9, 2, 11, 15, 6, 7, 8, 3, 10, 12, 19, 13, 14, 5, 16, 17, 18, 4]",307,"[1, 0, 9, 2, 11, 15, 6, 7, 8, 3, 10, 12, 19, 13, 14, 5, 16, 17, 18, 4]",307,2.8571791648864746
"[1, 0, 9, 2, 11, 15, 6, 7, 8, 3, 10, 12, 19, 13, 14, 5, 16, 17, 18, 4]",307,"[1, 0, 9, 2, 11, 15, 6, 7, 8, 3, 10, 12, 19, 13, 14, 5, 16, 17, 18, 4]",307,2.879315137863159
"[1, 0, 9, 2, 11, 15, 6, 7, 8, 3, 10, 12, 19, 13, 14, 5, 16, 17, 18, 4]",307,"[1, 0, 9, 2, 11, 15, 6, 7, 8, 3, 10, 12, 19, 13, 14, 5, 16, 17, 18, 4]",307,2.9022679328918457
"[1, 0, 9, 2, 11, 15, 6, 7, 8, 3, 10, 12, 19, 13, 14, 5, 16, 17, 18, 4]",307,"[1, 0, 9, 2, 11, 15, 6, 7, 8, 3, 10, 12, 19, 13, 14, 5, 16, 17, 18, 4]",307,2.9240520000457764
"[1, 0, 9, 2, 11, 15, 6, 7, 8, 3, 10, 12, 19, 13, 14, 5, 16, 17, 18, 4]",307,"[1, 0, 9, 2, 11, 15, 6, 7, 8, 3, 10, 12, 19, 13, 14, 5, 16, 17, 18, 4]",307,2.9442031383514404
"[1, 0, 9, 2, 11, 15, 6, 7, 8, 3, 10, 12, 19, 13, 14, 5, 16, 17, 18, 4]",307,"[1, 0, 9, 2, 11, 15, 6, 7, 8, 3, 10, 12, 19, 13, 14, 5, 16, 17, 18, 4]",307,2.964588165283203
"[1, 0, 9, 2, 11, 15, 6, 7, 8, 3, 10, 12, 19, 13, 14, 5, 16, 17, 18, 4]",307,"[1, 0, 9, 2, 11, 15, 6, 7, 8, 3, 10, 12, 19, 13, 14, 5, 16, 17, 18, 4]",307,2.984744071960449
"[1, 0, 9, 2, 11, 15, 6, 7, 8, 3, 10, 12, 19, 13, 14, 5, 16, 17, 18, 4]",307,"[1, 0, 9, 2, 11, 15, 6, 7, 8, 3, 10, 12, 19, 13, 14, 5, 16, 17, 18, 4]",307,3.0043861865997314
"[1, 0, 9, 2, 11, 15, 6, 7, 8, 3, 10, 12, 19, 13, 14, 5, 16, 17, 18, 4]",307,"[1, 0, 9, 2, 11, 15, 6, 7, 8, 3, 10, 12, 19, 13, 14, 5, 16, 17, 18, 4]",307,3.024144172668457
"[1, 0, 9, 2, 11, 15, 6, 7, 8, 3, 10, 12, 19, 13, 14, 5, 16, 17, 18, 4]",307,"[1, 0, 9, 2, 11, 15, 6, 7, 8, 3, 10, 12, 19, 13, 14, 5, 16, 17, 18, 4]",307,3.0445051193237305
"[1, 12, 9, 2, 11, 15, 6, 7, 8, 3, 10, 0, 19, 13, 14, 5, 16, 17, 18, 4]",305,"[1, 12, 9, 2, 11, 15, 6, 7, 8, 3, 10, 0, 19, 13, 14, 5, 16, 17, 18, 4]",305,3.0646142959594727
"[1, 12, 9, 2, 11, 15, 6, 7, 8, 3, 10, 0, 19, 13, 14, 5, 16, 17, 18, 4]",305,"[1, 12, 9, 2, 11, 15, 6, 7, 8, 3, 10, 0, 19, 13, 14, 5, 16, 17, 18, 4]",305,3.0865161418914795
"[1, 12, 9, 2, 11, 15, 6, 7, 8, 3, 10, 0, 19, 13, 14, 5, 16, 17, 18, 4]",305,"[1, 12, 9, 2, 11, 15, 6, 7, 8, 3, 10, 0, 19, 13, 14, 5, 16, 17, 18, 4]",305,3.107966184616089
"[1, 12, 9, 2, 11, 15, 6, 7, 8, 3, 10, 0, 19, 13, 14, 5, 16, 17, 18, 4]",305,"[1, 12, 9, 2, 11, 15, 6, 7, 8, 3, 10, 0, 19, 13, 14, 5, 16, 17, 18, 4]",305,3.1276769638061523
"[1, 12, 9, 2, 11, 15, 6, 7, 8, 3, 10, 0, 19, 13, 14, 5, 16, 17, 18, 4]",305,"[1, 12, 9, 2, 11, 15, 6, 7, 8, 3, 10, 0, 19, 13, 14, 5, 16, 17, 18, 4]",305,3.148139238357544
"[1, 12, 9, 2, 11, 15, 6, 7, 8, 3, 10, 0, 19, 13, 14, 5, 16, 17, 18, 4]",305,"[1, 12, 9, 2, 11, 15, 6, 7, 8, 3, 10, 0, 19, 13, 14, 5, 16, 17, 18, 4]",305,3.1688051223754883
"[1, 12, 9, 2, 11, 15, 6, 7, 8, 3, 10, 0, 19, 13, 14, 5, 16, 17, 18, 4]",305,"[1, 12, 9, 2, 11, 15, 6, 7, 8, 3, 10, 0, 19, 13, 14, 5, 16, 17, 18, 4]",305,3.18936824798584
"[1, 12, 9, 2, 11, 15, 6, 7, 8, 3, 10, 0, 19, 13, 14, 5, 16, 17, 18, 4]",305,"[1, 12, 9, 2, 11, 15, 6, 7, 8, 3, 10, 0, 19, 13, 14, 5, 16, 17, 18, 4]",305,3.2092480659484863
"[1, 12, 9, 2, 11, 15, 6, 7, 8, 3, 10, 0, 19, 13, 14, 5, 16, 17, 18, 4]",305,"[1, 12, 9, 2, 11, 15, 6, 7, 8, 3, 10, 0, 19, 13, 14, 5, 16, 17, 18, 4]",305,3.2300543785095215
"[1, 12, 9, 2, 11, 15, 6, 7, 8, 3, 10, 0, 19, 13, 14, 5, 16, 17, 18, 4]",305,"[1, 12, 9, 2, 11, 15, 6, 7, 8, 3, 10, 0, 19, 13, 14, 5, 16, 17, 18, 4]",305,3.250441074371338
"[1, 12, 9, 2, 11, 15, 6, 7, 8, 3, 10, 0, 19, 13, 14, 5, 16, 17, 18, 4]",305,"[1, 12, 9, 2, 11, 15, 6, 7, 8, 3, 10, 0, 19, 13, 14, 5, 16, 17, 18, 4]",305,3.270806074142456
"[1, 12, 9, 2, 11, 15, 6, 7, 8, 3, 10, 0, 19, 13, 14, 5, 16, 17, 18, 4]",305,"[1, 12, 9, 2, 11, 15, 6, 7, 8, 3, 10, 0, 19, 13, 14, 5, 16, 17, 18, 4]",305,3.2913241386413574
"[1, 12, 9, 2, 11, 15, 6, 7, 8, 3, 10, 0, 19, 13, 14, 5, 16, 17, 18, 4]",305,"[1, 12, 9, 2, 11, 15, 6, 7, 8, 3, 10, 0, 19, 13, 14, 5, 16, 17, 18, 4]",305,3.311887264251709
"[1, 12, 9, 2, 11, 15, 6, 7, 8, 3, 10, 0, 19, 13, 14, 5, 16, 17, 18, 4]",305,"[1, 12, 9, 2, 11, 15, 6, 7, 8, 3, 10, 0, 19, 13, 14, 5, 16, 17, 18, 4]",305,3.332491159439087
"[1, 12, 9, 2, 11, 15, 6, 7, 8, 3, 10, 0, 19, 13, 14, 5, 16, 17, 18, 4]",305,"[1, 12, 9, 2, 11, 15, 6, 7, 8, 3, 10, 0, 19, 13, 14, 5, 16, 17, 18, 4]",305,3.3528881072998047
"[1, 12, 9, 2, 11, 15, 6, 7, 8, 3, 10, 0, 19, 13, 14, 5, 16, 17, 18, 4]",305,"[1, 12, 9, 2, 11, 15, 6, 7, 8, 3, 10, 0, 19, 13, 14, 5, 16, 17, 18, 4]",305,3.374000310897827
"[1, 12, 9, 2, 11, 15, 6, 7, 8, 3, 10, 0, 19, 13, 14, 5, 16, 17, 18, 4]",305,"[1, 12, 9, 2, 11, 15, 6, 7, 8, 3, 10, 0, 19, 13, 14, 5, 16, 17, 18, 4]",305,3.3940980434417725
"[1, 12, 9, 2, 11, 15, 6, 7, 8, 3, 10, 0, 19, 13, 14, 5, 16, 17, 18, 4]",305,"[1, 12, 9, 2, 11, 15, 6, 7, 8, 3, 10, 0, 19, 13, 14, 5, 16, 17, 18, 4]",305,3.414842128753662
"[1, 12, 9, 2, 11, 15, 6, 7, 8, 3, 10, 0, 19, 13, 14, 5, 16, 17, 18, 4]",305,"[1, 12, 9, 2, 11, 15, 6, 7, 8, 3, 10, 0, 19, 13, 14, 5, 16, 17, 18, 4]",305,3.4353411197662354
"[1, 12, 9, 2, 11, 15, 6, 7, 8, 3, 10, 0, 19, 13, 14, 5, 16, 17, 18, 4]",305,"[1, 12, 9, 2, 11, 15, 6, 7, 8, 3, 10, 0, 19, 13, 14, 5, 16, 17, 18, 4]",305,3.45586895942688
"[1, 12, 9, 2, 11, 15, 6, 7, 8, 3, 10, 0, 19, 13, 14, 5, 16, 17, 18, 4]",305,"[1, 12, 9, 2, 11, 15, 6, 7, 8, 3, 10, 0, 19, 13, 14, 5, 16, 17, 18, 4]",305,3.476353168487549
"[1, 12, 9, 2, 11, 15, 6, 7, 8, 3, 10, 0, 19, 13, 14, 5, 16, 17, 18, 4]",305,"[1, 12, 9, 2, 11, 15, 6, 7, 8, 3, 10, 0, 19, 13, 14, 5, 16, 17, 18, 4]",305,3.4968771934509277
"[1, 12, 9, 2, 11, 15, 6, 7, 8, 3, 10, 0, 19, 13, 14, 5, 16, 17, 18, 4]",305,"[1, 12, 9, 2, 11, 15, 6, 7, 8, 3, 10, 0, 19, 13, 14, 5, 16, 17, 18, 4]",305,3.517461061477661
"[1, 12, 9, 2, 11, 15, 6, 7, 8, 3, 10, 0, 19, 13, 14, 5, 16, 17, 18, 4]",305,"[1, 12, 9, 2, 11, 15, 6, 7, 8, 3, 10, 0, 19, 13, 14, 5, 16, 17, 18, 4]",305,3.5377321243286133
"[1, 12, 9, 2, 11, 15, 6, 7, 8, 3, 10, 0, 19, 13, 14, 5, 16, 17, 18, 4]",305,"[1, 12, 9, 2, 11, 15, 6, 7, 8, 3, 10, 0, 19, 13, 14, 5, 16, 17, 18, 4]",305,3.558232069015503
"[1, 12, 9, 2, 11, 15, 6, 7, 8, 3, 10, 0, 19, 13, 14, 5, 16, 17, 18, 4]",305,"[1, 12, 9, 2, 11, 15, 6, 7, 8, 3, 10, 0, 19, 13, 14, 5, 16, 17, 18, 4]",305,3.578580141067505
"[1, 12, 9, 2, 11, 15, 6, 7, 8, 3, 10, 0, 19, 13, 14, 5, 16, 17, 18, 4]",305,"[1, 12, 9, 2, 11, 15, 6, 7, 8, 3, 10, 0, 19, 13, 14, 5, 16, 17, 18, 4]",305,3.5995171070098877
"[1, 12, 9, 2, 11, 15, 6, 7, 8, 3, 10, 0, 19, 13, 14, 5, 16, 17, 18, 4]",305,"[1, 12, 9, 2, 11, 15, 6, 7, 8, 3, 10, 0, 19, 13, 14, 5, 16, 17, 18, 4]",305,3.6203463077545166
"[1, 12, 9, 2, 11, 15, 6, 7, 8, 3, 10, 0, 19, 13, 14, 5, 16, 17, 18, 4]",305,"[1, 12, 9, 2, 11, 15, 6, 7, 8, 3, 10, 0, 19, 13, 14, 5, 16, 17, 18, 4]",305,3.6418230533599854
"[1, 12, 9, 2, 11, 15, 6, 7, 8, 3, 10, 0, 19, 13, 14, 5, 16, 17, 18, 4]",305,"[1, 12, 9, 2, 11, 15, 6, 7, 8, 3, 10, 0, 19, 13, 14, 5, 16, 17, 18, 4]",305,3.663449287414551
"[1, 12, 9, 2, 11, 15, 6, 7, 8, 3, 10, 0, 19, 13, 14, 5, 16, 17, 18, 4]",305,"[1, 12, 9, 2, 11, 15, 6, 7, 8, 3, 10, 0, 19, 13, 14, 5, 16, 17, 18, 4]",305,3.685040235519409
"[1, 12, 9, 2, 11, 15, 6, 7, 8, 3, 10, 0, 19, 13, 14, 5, 16, 17, 18, 4]",305,"[1, 12, 9, 2, 11, 15, 6, 7, 8, 3, 10, 0, 19, 13, 14, 5, 16, 17, 18, 4]",305,3.7061400413513184
"[1, 12, 9, 2, 11, 15, 6, 7, 8, 3, 10, 0, 19, 13, 14, 5, 16, 17, 18, 4]",305,"[1, 12, 9, 2, 11, 15, 6, 7, 8, 3, 10, 0, 19, 13, 14, 5, 16, 17, 18, 4]",305,3.7276742458343506
"[1, 12, 9, 2, 11, 15, 6, 7, 8, 3, 10, 0, 19, 13, 14, 5, 16, 17, 18, 4]",305,"[1, 12, 9, 2, 11, 15, 6, 7, 8, 3, 10, 0, 19, 13, 14, 5, 16, 17, 18, 4]",305,3.7494051456451416
"[1, 12, 9, 2, 11, 15, 6, 7, 8, 3, 10, 0, 19, 13, 14, 5, 16, 17, 18, 4]",305,"[1, 12, 9, 2, 11, 15, 6, 7, 8, 3, 10, 0, 19, 13, 14, 5, 16, 17, 18, 4]",305,3.770700216293335
"[1, 12, 9, 2, 11, 15, 6, 7, 8, 3, 10, 0, 19, 13, 14, 5, 16, 17, 18, 4]",305,"[1, 12, 9, 2, 11, 15, 6, 7, 8, 3, 10, 0, 19, 13, 14, 5, 16, 17, 18, 4]",305,3.7918500900268555
"[1, 12, 9, 2, 11, 15, 6, 7, 8, 3, 10, 0, 19, 13, 14, 5, 16, 17, 18, 4]",305,"[1, 12, 9, 2, 11, 15, 6, 7, 8, 3, 10, 0, 19, 13, 14, 5, 16, 17, 18, 4]",305,3.8131792545318604
"[1, 12, 9, 2, 11, 15, 6, 7, 8, 3, 10, 0, 19, 13, 14, 5, 16, 17, 18, 4]",305,"[1, 12, 9, 2, 11, 15, 6, 7, 8, 3, 10, 0, 19, 13, 14, 5, 16, 17, 18, 4]",305,3.834766149520874
"[1, 12, 9, 2, 11, 15, 6, 7, 8, 3, 10, 0, 19, 13, 14, 5, 16, 17, 18, 4]",305,"[1, 12, 9, 2, 11, 15, 6, 7, 8, 3, 10, 0, 19, 13, 14, 5, 16, 17, 18, 4]",305,3.8566160202026367
"[1, 12, 9, 2, 11, 15, 6, 7, 8, 3, 10, 0, 19, 13, 14, 5, 16, 17, 18, 4]",305,"[1, 12, 9, 2, 11, 15, 6, 7, 8, 3, 10, 0, 19, 13, 14, 5, 16, 17, 18, 4]",305,3.8777003288269043
"[1, 12, 9, 2, 11, 15, 6, 7, 8, 3, 10, 0, 19, 13, 14, 5, 16, 17, 18, 4]",305,"[1, 12, 9, 2, 11, 15, 6, 7, 8, 3, 10, 0, 19, 13, 14, 5, 16, 17, 18, 4]",305,3.898939371109009
"[1, 12, 9, 2, 11, 15, 6, 7, 8, 3, 10, 0, 19, 13, 14, 5, 16, 17, 18, 4]",305,"[1, 12, 9, 2, 11, 15, 6, 7, 8, 3, 10, 0, 19, 13, 14, 5, 16, 17, 18, 4]",305,3.920260190963745
"[1, 12, 9, 2, 11, 15, 6, 7, 8, 3, 10, 0, 19, 13, 14, 5, 16, 17, 18, 4]",305,"[1, 12, 9, 2, 11, 15, 6, 7, 8, 3, 10, 0, 19, 13, 14, 5, 16, 17, 18, 4]",305,3.9420151710510254
"[1, 12, 9, 2, 11, 15, 6, 7, 8, 3, 10, 0, 19, 13, 14, 5, 16, 17, 18, 4]",305,"[1, 12, 9, 2, 11, 15, 6, 7, 8, 3, 10, 0, 19, 13, 14, 5, 16, 17, 18, 4]",305,3.963114023208618
"[1, 12, 9, 2, 11, 15, 6, 7, 8, 3, 10, 0, 19, 13, 14, 5, 16, 17, 18, 4]",305,"[1, 12, 9, 2, 11, 15, 6, 7, 8, 3, 10, 0, 19, 13, 14, 5, 16, 17, 18, 4]",305,3.984307050704956
"[1, 12, 9, 2, 11, 15, 6, 7, 8, 3, 10, 0, 19, 13, 14, 5, 16, 17, 18, 4]",305,"[1, 12, 9, 2, 11, 15, 6, 7, 8, 3, 10, 0, 19, 13, 14, 5, 16, 17, 18, 4]",305,4.005063056945801
"[1, 12, 9, 2, 11, 15, 6, 7, 8, 3, 10, 0, 19, 13, 14, 5, 16, 17, 18, 4]",305,"[1, 12, 9, 2, 11, 15, 6, 7, 8, 3, 10, 0, 19, 13, 14, 5, 16, 17, 18, 4]",305,4.0248730182647705
"[1, 12, 9, 2, 11, 15, 6, 7, 8, 3, 10, 0, 19, 13, 14, 5, 16, 17, 18, 4]",305,"[1, 12, 9, 2, 11, 15, 6, 7, 8, 3, 10, 0, 19, 13, 14, 5, 16, 17, 18, 4]",305,4.045359134674072
"[1, 12, 9, 2, 11, 15, 6, 7, 8, 3, 10, 0, 19, 13, 14, 5, 16, 17, 18, 4]",305,"[1, 12, 9, 2, 11, 15, 6, 7, 8, 3, 10, 0, 19, 13, 14, 5, 16, 17, 18, 4]",305,4.0655529499053955
"[1, 12, 9, 2, 11, 15, 6, 7, 8, 3, 10, 0, 19, 13, 14, 5, 16, 17, 18, 4]",305,"[1, 12, 9, 2, 11, 15, 6, 7, 8, 3, 10, 0, 19, 13, 14, 5, 16, 17, 18, 4]",305,4.097516059875488
"[1, 12, 9, 2, 11, 15, 6, 7, 8, 3, 10, 0, 19, 13, 14, 5, 16, 17, 18, 4]",305,"[1, 12, 9, 2, 11, 15, 6, 7, 8, 3, 10, 0, 19, 13, 14, 5, 16, 17, 18, 4]",305,4.118210077285767
"[1, 12, 9, 2, 11, 15, 6, 7, 8, 3, 10, 0, 19, 13, 14, 5, 16, 17, 18, 4]",305,"[1, 12, 9, 2, 11, 15, 6, 7, 8, 3, 10, 0, 19, 13, 14, 5, 16, 17, 18, 4]",305,4.138844966888428
"[1, 12, 9, 2, 11, 15, 6, 7, 8, 3, 10, 0, 19, 13, 14, 5, 16, 17, 18, 4]",305,"[1, 12, 9, 2, 11, 15, 6, 7, 8, 3, 10, 0, 19, 13, 14, 5, 16, 17, 18, 4]",305,4.158883094787598
"[1, 12, 9, 2, 11, 15, 6, 7, 8, 3, 10, 0, 19, 13, 14, 5, 16, 17, 18, 4]",305,"[1, 12, 9, 2, 11, 15, 6, 7, 8, 3, 10, 0, 19, 13, 14, 5, 16, 17, 18, 4]",305,4.178223133087158
"[1, 12, 9, 2, 11, 15, 6, 7, 8, 3, 10, 0, 19, 13, 14, 5, 16, 17, 18, 4]",305,"[1, 12, 9, 2, 11, 15, 6, 7, 8, 3, 10, 0, 19, 13, 14, 5, 16, 17, 18, 4]",305,4.19976806640625
"[1, 12, 9, 2, 11, 15, 6, 7, 8, 3, 10, 0, 19, 13, 14, 5, 16, 17, 18, 4]",305,"[1, 12, 9, 2, 11, 15, 6, 7, 8, 3, 10, 0, 19, 13, 14, 5, 16, 17, 18, 4]",305,4.2215070724487305
"[1, 12, 9, 2, 11, 15, 6, 7, 8, 3, 10, 0, 19, 13, 14, 5, 16, 17, 18, 4]",305,"[1, 12, 9, 2, 11, 15, 6, 7, 8, 3, 10, 0, 19, 13, 14, 5, 16, 17, 18, 4]",305,4.242796182632446
"[1, 12, 9, 2, 11, 15, 6, 7, 8, 3, 10, 0, 19, 13, 14, 5, 16, 17, 18, 4]",305,"[1, 12, 9, 2, 11, 15, 6, 7, 8, 3, 10, 0, 19, 13, 14, 5, 16, 17, 18, 4]",305,4.26315712928772
"[1, 12, 9, 2, 11, 15, 6, 7, 8, 3, 10, 0, 19, 13, 14, 5, 16, 17, 18, 4]",305,"[1, 12, 9, 2, 11, 15, 6, 7, 8, 3, 10, 0, 19, 13, 14, 5, 16, 17, 18, 4]",305,4.283962249755859
"[1, 12, 9, 2, 11, 15, 6, 7, 8, 3, 10, 0, 19, 13, 14, 5, 16, 17, 18, 4]",305,"[1, 12, 9, 2, 11, 15, 6, 7, 8, 3, 10, 0, 19, 13, 14, 5, 16, 17, 18, 4]",305,4.305413246154785
"[1, 12, 9, 2, 11, 15, 6, 7, 8, 3, 10, 0, 19, 13, 14, 5, 16, 17, 18, 4]",305,"[1, 12, 9, 2, 11, 15, 6, 7, 8, 3, 10, 0, 19, 13, 14, 5, 16, 17, 18, 4]",305,4.326020240783691
"[1, 12, 9, 2, 11, 15, 6, 7, 8, 3, 10, 0, 19, 13, 14, 5, 16, 17, 18, 4]",305,"[1, 12, 9, 2, 11, 15, 6, 7, 8, 3, 10, 0, 19, 13, 14, 5, 16, 17, 18, 4]",305,4.347420930862427
"[1, 12, 9, 2, 11, 15, 6, 7, 8, 3, 10, 0, 19, 13, 14, 5, 16, 17, 18, 4]",305,"[1, 12, 9, 2, 11, 15, 6, 7, 8, 3, 10, 0, 19, 13, 14, 5, 16, 17, 18, 4]",305,4.3691442012786865
"[1, 12, 9, 2, 11, 15, 6, 7, 8, 3, 10, 0, 19, 13, 14, 5, 16, 17, 18, 4]",305,"[1, 12, 9, 2, 11, 15, 6, 7, 8, 3, 10, 0, 19, 13, 14, 5, 16, 17, 18, 4]",305,4.390588998794556
"[1, 12, 9, 2, 11, 15, 6, 7, 8, 3, 10, 0, 19, 13, 14, 5, 16, 17, 18, 4]",305,"[1, 12, 9, 2, 11, 15, 6, 7, 8, 3, 10, 0, 19, 13, 14, 5, 16, 17, 18, 4]",305,4.411269187927246
"[1, 12, 9, 2, 11, 15, 6, 7, 8, 3, 10, 0, 19, 13, 14, 5, 16, 17, 18, 4]",305,"[1, 12, 9, 2, 11, 15, 6, 7, 8, 3, 10, 0, 19, 13, 14, 5, 16, 17, 18, 4]",305,4.4318811893463135
"[1, 12, 9, 2, 11, 15, 6, 7, 8, 3, 10, 0, 19, 13, 14, 5, 16, 17, 18, 4]",305,"[1, 12, 9, 2, 11, 15, 6, 7, 8, 3, 10, 0, 19, 13, 14, 5, 16, 17, 18, 4]",305,4.453547239303589
"[1, 12, 9, 2, 11, 15, 6, 7, 8, 3, 10, 0, 19, 13, 14, 5, 16, 17, 18, 4]",305,"[1, 12, 9, 2, 11, 15, 6, 7, 8, 3, 10, 0, 19, 13, 14, 5, 16, 17, 18, 4]",305,4.474431037902832
"[1, 12, 9, 2, 11, 15, 6, 7, 8, 3, 10, 0, 19, 13, 14, 5, 16, 17, 18, 4]",305,"[1, 12, 9, 2, 11, 15, 6, 7, 8, 3, 10, 0, 19, 13, 14, 5, 16, 17, 18, 4]",305,4.494915246963501
"[1, 12, 9, 2, 11, 15, 6, 7, 8, 3, 10, 0, 19, 13, 14, 5, 16, 17, 18, 4]",305,"[1, 12, 9, 2, 11, 15, 6, 7, 8, 3, 10, 0, 19, 13, 14, 5, 16, 17, 18, 4]",305,4.515660047531128
"[1, 12, 9, 2, 11, 15, 6, 7, 8, 3, 10, 0, 19, 13, 14, 5, 16, 17, 18, 4]",305,"[1, 12, 9, 2, 11, 15, 6, 7, 8, 3, 10, 0, 19, 13, 14, 5, 16, 17, 18, 4]",305,4.535779237747192
"[1, 12, 9, 2, 11, 15, 6, 7, 8, 3, 10, 0, 19, 13, 14, 5, 16, 17, 18, 4]",305,"[1, 12, 9, 2, 11, 15, 6, 7, 8, 3, 10, 0, 19, 13, 14, 5, 16, 17, 18, 4]",305,4.556258201599121
"[1, 12, 9, 2, 11, 15, 6, 7, 8, 3, 10, 0, 19, 13, 14, 5, 16, 17, 18, 4]",305,"[1, 12, 9, 2, 11, 15, 6, 7, 8, 3, 10, 0, 19, 13, 14, 5, 16, 17, 18, 4]",305,4.5774171352386475
"[1, 12, 9, 2, 11, 15, 6, 7, 8, 3, 10, 0, 19, 13, 14, 5, 16, 17, 18, 4]",305,"[1, 12, 9, 2, 11, 15, 6, 7, 8, 3, 10, 0, 19, 13, 14, 5, 16, 17, 18, 4]",305,4.599793195724487
"[1, 12, 9, 2, 11, 15, 6, 7, 8, 3, 10, 0, 19, 13, 14, 5, 16, 17, 18, 4]",305,"[1, 12, 9, 2, 11, 15, 6, 7, 8, 3, 10, 0, 19, 13, 14, 5, 16, 17, 18, 4]",305,4.621010065078735
"[1, 12, 9, 2, 11, 15, 6, 7, 8, 3, 10, 0, 19, 13, 14, 5, 16, 17, 18, 4]",305,"[1, 12, 9, 2, 11, 15, 6, 7, 8, 3, 10, 0, 19, 13, 14, 5, 16, 17, 18, 4]",305,4.642723083496094
"[1, 12, 9, 2, 11, 15, 6, 7, 8, 3, 10, 0, 19, 13, 14, 5, 16, 17, 18, 4]",305,"[1, 12, 9, 2, 11, 15, 6, 7, 8, 3, 10, 0, 19, 13, 14, 5, 16, 17, 18, 4]",305,4.66418719291687
"[1, 12, 9, 2, 11, 15, 6, 7, 8, 3, 10, 0, 19, 13, 14, 5, 16, 17, 18, 4]",305,"[1, 12, 9, 2, 11, 15, 6, 7, 8, 3, 10, 0, 19, 13, 14, 5, 16, 17, 18, 4]",305,4.685383081436157
"[1, 12, 9, 2, 11, 15, 6, 7, 8, 3, 10, 0, 19, 13, 14, 5, 16, 17, 18, 4]",305,"[1, 12, 9, 2, 11, 15, 6, 7, 8, 3, 10, 0, 19, 13, 14, 5, 16, 17, 18, 4]",305,4.705905199050903
"[1, 12, 9, 2, 11, 15, 6, 7, 8, 3, 10, 0, 19, 13, 14, 5, 16, 17, 18, 4]",305,"[1, 12, 9, 2, 11, 15, 6, 7, 8, 3, 10, 0, 19, 13, 14, 5, 16, 17, 18, 4]",305,4.726389169692993
"[1, 12, 9, 2, 11, 15, 6, 7, 8, 3, 10, 0, 19, 13, 14, 5, 16, 17, 18, 4]",305,"[1, 12, 9, 2, 11, 15, 6, 7, 8, 3, 10, 0, 19, 13, 14, 5, 16, 17, 18, 4]",305,4.746894121170044
"[1, 12, 9, 2, 11, 15, 6, 7, 8, 3, 10, 0, 19, 13, 14, 5, 16, 17, 18, 4]",305,"[1, 12, 9, 2, 11, 15, 6, 7, 8, 3, 10, 0, 19, 13, 14, 5, 16, 17, 18, 4]",305,4.767358064651489
"[1, 12, 9, 2, 11, 15, 6, 7, 8, 3, 10, 0, 19, 13, 14, 5, 16, 17, 18, 4]",305,"[1, 12, 9, 2, 11, 15, 6, 7, 8, 3, 10, 0, 19, 13, 14, 5, 16, 17, 18, 4]",305,4.787765026092529
"[1, 12, 9, 2, 11, 15, 6, 7, 8, 3, 10, 0, 19, 13, 14, 5, 16, 17, 18, 4]",305,"[1, 12, 9, 2, 11, 15, 6, 7, 8, 3, 10, 0, 19, 13, 14, 5, 16, 17, 18, 4]",305,4.808182239532471
"[1, 12, 9, 2, 11, 15, 6, 7, 8, 3, 10, 0, 19, 13, 14, 5, 16, 17, 18, 4]",305,"[1, 12, 9, 2, 11, 15, 6, 7, 8, 3, 10, 0, 19, 13, 14, 5, 16, 17, 18, 4]",305,4.828138113021851
"[1, 12, 9, 2, 11, 15, 6, 7, 8, 3, 10, 0, 19, 13, 14, 5, 16, 17, 18, 4]",305,"[1, 12, 9, 2, 11, 15, 6, 7, 8, 3, 10, 0, 19, 13, 14, 5, 16, 17, 18, 4]",305,4.848786115646362
"[1, 12, 9, 2, 11, 15, 6, 7, 8, 3, 10, 0, 19, 13, 14, 5, 16, 17, 18, 4]",305,"[1, 12, 9, 2, 11, 15, 6, 7, 8, 3, 10, 0, 19, 13, 14, 5, 16, 17, 18, 4]",305,4.8690221309661865
"[1, 12, 9, 2, 11, 15, 6, 7, 8, 3, 10, 0, 19, 13, 14, 5, 16, 17, 18, 4]",305,"[1, 12, 9, 2, 11, 15, 6, 7, 8, 3, 10, 0, 19, 13, 14, 5, 16, 17, 18, 4]",305,4.888995170593262
"[1, 12, 9, 2, 11, 15, 6, 7, 8, 3, 10, 0, 19, 13, 14, 5, 16, 17, 18, 4]",305,"[1, 12, 9, 2, 11, 15, 6, 7, 8, 3, 10, 0, 19, 13, 14, 5, 16, 17, 18, 4]",305,4.909081220626831
"[1, 12, 9, 2, 11, 15, 6, 7, 8, 3, 10, 0, 19, 13, 14, 5, 16, 17, 18, 4]",305,"[1, 12, 9, 2, 11, 15, 6, 7, 8, 3, 10, 0, 19, 13, 14, 5, 16, 17, 18, 4]",305,4.929612159729004
"[1, 12, 9, 2, 11, 15, 6, 7, 8, 3, 10, 0, 19, 13, 14, 5, 16, 17, 18, 4]",305,"[1, 12, 9, 2, 11, 15, 6, 7, 8, 3, 10, 0, 19, 13, 14, 5, 16, 17, 18, 4]",305,4.9502222537994385
"[1, 12, 9, 2, 11, 15, 6, 7, 8, 3, 10, 0, 19, 13, 14, 5, 16, 17, 18, 4]",305,"[1, 12, 9, 2, 11, 15, 6, 7, 8, 3, 10, 0, 19, 13, 14, 5, 16, 17, 18, 4]",305,4.970917224884033
"[1, 12, 9, 2, 11, 15, 6, 7, 8, 3, 10, 0, 19, 13, 14, 5, 16, 17, 18, 4]",305,"[1, 12, 9, 2, 11, 15, 6, 7, 8, 3, 10, 0, 19, 13, 14, 5, 16, 17, 18, 4]",305,4.9918532371521
"[1, 12, 9, 2, 11, 15, 6, 7, 8, 3, 10, 0, 19, 13, 14, 5, 16, 17, 18, 4]",305,"[1, 12, 9, 2, 11, 15, 6, 7, 8, 3, 10, 0, 19, 13, 14, 5, 16, 17, 18, 4]",305,5.012585163116455
"[1, 12, 9, 2, 11, 15, 6, 7, 8, 3, 10, 0, 19, 13, 14, 5, 16, 17, 18, 4]",305,"[1, 12, 9, 2, 11, 15, 6, 7, 8, 3, 10, 0, 19, 13, 14, 5, 16, 17, 18, 4]",305,5.03277325630188
"[1, 12, 9, 2, 11, 15, 6, 7, 8, 3, 10, 0, 19, 13, 14, 5, 16, 17, 18, 4]",305,"[1, 12, 9, 2, 11, 15, 6, 7, 8, 3, 10, 0, 19, 13, 14, 5, 16, 17, 18, 4]",305,5.053451061248779
"[1, 12, 9, 2, 11, 15, 6, 7, 8, 3, 10, 0, 19, 13, 14, 5, 16, 17, 18, 4]",305,"[1, 12, 9, 2, 11, 15, 6, 7, 8, 3, 10, 0, 19, 13, 14, 5, 16, 17, 18, 4]",305,5.073675155639648
"[1, 12, 9, 2, 11, 15, 6, 7, 8, 3, 10, 0, 19, 13, 14, 5, 16, 17, 18, 4]",305,"[1, 12, 9, 2, 11, 15, 6, 7, 8, 3, 10, 0, 19, 13, 14, 5, 16, 17, 18, 4]",305,5.095429182052612
"[1, 12, 9, 2, 11, 15, 6, 7, 8, 3, 10, 0, 19, 13, 14, 5, 16, 17, 18, 4]",305,"[1, 12, 9, 2, 11, 15, 6, 7, 8, 3, 10, 0, 19, 13, 14, 5, 16, 17, 18, 4]",305,5.116411209106445
"[1, 12, 9, 2, 11, 15, 6, 7, 8, 3, 10, 0, 19, 13, 14, 5, 16, 17, 18, 4]",305,"[1, 12, 9, 2, 11, 15, 6, 7, 8, 3, 10, 0, 19, 13, 14, 5, 16, 17, 18, 4]",305,5.136998176574707
"[1, 12, 9, 2, 11, 15, 6, 7, 8, 3, 10, 0, 19, 13, 14, 5, 16, 17, 18, 4]",305,"[1, 12, 9, 2, 11, 15, 6, 7, 8, 3, 10, 0, 19, 13, 14, 5, 16, 17, 18, 4]",305,5.1572511196136475
"[1, 12, 9, 2, 11, 15, 6, 7, 8, 3, 10, 0, 19, 13, 14, 5, 16, 17, 18, 4]",305,"[1, 12, 9, 2, 11, 15, 6, 7, 8, 3, 10, 0, 19, 13, 14, 5, 16, 17, 18, 4]",305,5.177714109420776
"[1, 12, 9, 2, 11, 15, 6, 7, 8, 3, 10, 0, 19, 13, 14, 5, 16, 17, 18, 4]",305,"[1, 12, 9, 2, 11, 15, 6, 7, 8, 3, 10, 0, 19, 13, 14, 5, 16, 17, 18, 4]",305,5.198371171951294
"[1, 12, 9, 2, 11, 15, 6, 7, 8, 3, 10, 0, 19, 13, 14, 5, 16, 17, 18, 4]",305,"[1, 12, 9, 2, 11, 15, 6, 7, 8, 3, 10, 0, 19, 13, 14, 5, 16, 17, 18, 4]",305,5.218940019607544
"[1, 12, 9, 2, 11, 15, 6, 7, 8, 3, 10, 0, 19, 13, 14, 5, 16, 17, 18, 4]",305,"[1, 12, 9, 2, 11, 15, 6, 7, 8, 3, 10, 0, 19, 13, 14, 5, 16, 17, 18, 4]",305,5.239164113998413
"[1, 12, 9, 2, 11, 15, 6, 7, 8, 3, 10, 0, 19, 13, 14, 5, 16, 17, 18, 4]",305,"[1, 12, 9, 2, 11, 15, 6, 7, 8, 3, 10, 0, 19, 13, 14, 5, 16, 17, 18, 4]",305,5.260239124298096
"[1, 12, 9, 2, 11, 15, 6, 7, 8, 3, 10, 0, 19, 13, 14, 5, 16, 17, 18, 4]",305,"[1, 12, 9, 2, 11, 15, 6, 7, 8, 3, 10, 0, 19, 13, 14, 5, 16, 17, 18, 4]",305,5.281005144119263
"[1, 12, 9, 2, 11, 15, 6, 7, 8, 3, 10, 0, 19, 13, 14, 5, 16, 17, 18, 4]",305,"[1, 12, 9, 2, 11, 15, 6, 7, 8, 3, 10, 0, 19, 13, 14, 5, 16, 17, 18, 4]",305,5.301484107971191
"[1, 12, 9, 2, 11, 15, 6, 7, 8, 3, 10, 0, 19, 13, 14, 5, 16, 17, 18, 4]",305,"[1, 12, 9, 2, 11, 15, 6, 7, 8, 3, 10, 0, 19, 13, 14, 5, 16, 17, 18, 4]",305,5.322407960891724
"[1, 12, 9, 2, 11, 15, 6, 7, 8, 3, 10, 0, 19, 13, 14, 5, 16, 17, 18, 4]",305,"[1, 12, 9, 2, 11, 15, 6, 7, 8, 3, 10, 0, 19, 13, 14, 5, 16, 17, 18, 4]",305,5.343377113342285
"[1, 12, 9, 2, 11, 15, 6, 7, 8, 3, 10, 0, 19, 13, 14, 5, 16, 17, 18, 4]",305,"[1, 12, 9, 2, 11, 15, 6, 7, 8, 3, 10, 0, 19, 13, 14, 5, 16, 17, 18, 4]",305,5.36365818977356
"[1, 12, 9, 2, 11, 15, 6, 7, 8, 3, 10, 0, 19, 13, 14, 5, 16, 17, 18, 4]",305,"[1, 12, 9, 2, 11, 15, 6, 7, 8, 3, 10, 0, 19, 13, 14, 5, 16, 17, 18, 4]",305,5.383630275726318
"[1, 12, 9, 2, 11, 15, 6, 7, 8, 3, 10, 0, 19, 13, 14, 5, 16, 17, 18, 4]",305,"[1, 12, 9, 2, 11, 15, 6, 7, 8, 3, 10, 0, 19, 13, 14, 5, 16, 17, 18, 4]",305,5.403670072555542
"[1, 12, 9, 2, 11, 15, 6, 7, 8, 3, 10, 0, 19, 13, 14, 5, 16, 17, 18, 4]",305,"[1, 12, 9, 2, 11, 15, 6, 7, 8, 3, 10, 0, 19, 13, 14, 5, 16, 17, 18, 4]",305,5.42373514175415
"[1, 12, 9, 2, 11, 15, 6, 7, 8, 3, 10, 0, 19, 13, 14, 5, 16, 17, 18, 4]",305,"[1, 12, 9, 2, 11, 15, 6, 7, 8, 3, 10, 0, 19, 13, 14, 5, 16, 17, 18, 4]",305,5.443483352661133
"[1, 12, 9, 2, 11, 15, 6, 7, 8, 3, 10, 0, 19, 13, 14, 5, 16, 17, 18, 4]",305,"[1, 12, 9, 2, 11, 15, 6, 7, 8, 3, 10, 0, 19, 13, 14, 5, 16, 17, 18, 4]",305,5.463724136352539
"[1, 12, 9, 2, 11, 15, 6, 7, 8, 3, 10, 0, 19, 13, 14, 5, 16, 17, 18, 4]",305,"[1, 12, 9, 2, 11, 15, 6, 7, 8, 3, 10, 0, 19, 13, 14, 5, 16, 17, 18, 4]",305,5.484776973724365
"[1, 12, 9, 2, 11, 15, 6, 7, 8, 3, 10, 0, 19, 13, 14, 5, 16, 17, 18, 4]",305,"[1, 12, 9, 2, 11, 15, 6, 7, 8, 3, 10, 0, 19, 13, 14, 5, 16, 17, 18, 4]",305,5.504590272903442
"[1, 12, 9, 2, 11, 15, 6, 7, 8, 3, 10, 0, 19, 13, 14, 5, 16, 17, 18, 4]",305,"[1, 12, 9, 2, 11, 15, 6, 7, 8, 3, 10, 0, 19, 13, 14, 5, 16, 17, 18, 4]",305,5.524579286575317
"[1, 12, 9, 2, 11, 15, 6, 7, 8, 3, 10, 0, 19, 13, 14, 5, 16, 17, 18, 4]",305,"[1, 12, 9, 2, 11, 15, 6, 7, 8, 3, 10, 0, 19, 13, 14, 5, 16, 17, 18, 4]",305,5.5449559688568115
"[1, 12, 9, 2, 11, 15, 6, 7, 8, 3, 10, 0, 19, 13, 14, 5, 16, 17, 18, 4]",305,"[1, 12, 9, 2, 11, 15, 6, 7, 8, 3, 10, 0, 19, 13, 14, 5, 16, 17, 18, 4]",305,5.566547155380249
"[1, 12, 9, 2, 11, 15, 6, 7, 8, 3, 10, 0, 19, 13, 14, 5, 16, 17, 18, 4]",305,"[1, 12, 9, 2, 11, 15, 6, 7, 8, 3, 10, 0, 19, 13, 14, 5, 16, 17, 18, 4]",305,5.588889122009277
"[1, 12, 9, 2, 11, 15, 6, 7, 8, 3, 10, 0, 19, 13, 14, 5, 16, 17, 18, 4]",305,"[1, 12, 9, 2, 11, 15, 6, 7, 8, 3, 10, 0, 19, 13, 14, 5, 16, 17, 18, 4]",305,5.610558986663818
"[1, 12, 9, 2, 11, 15, 6, 7, 8, 3, 10, 0, 19, 13, 14, 5, 16, 17, 18, 4]",305,"[1, 12, 9, 2, 11, 15, 6, 7, 8, 3, 10, 0, 19, 13, 14, 5, 16, 17, 18, 4]",305,5.632063150405884
"[1, 12, 9, 2, 11, 15, 6, 7, 8, 3, 10, 0, 19, 13, 14, 5, 16, 17, 18, 4]",305,"[1, 12, 9, 2, 11, 15, 6, 7, 8, 3, 10, 0, 19, 13, 14, 5, 16, 17, 18, 4]",305,5.653594255447388
"[1, 12, 9, 2, 11, 15, 6, 7, 8, 3, 10, 0, 19, 13, 14, 5, 16, 17, 18, 4]",305,"[1, 12, 9, 2, 11, 15, 6, 7, 8, 3, 10, 0, 19, 13, 14, 5, 16, 17, 18, 4]",305,5.675029039382935
"[1, 12, 9, 2, 11, 15, 6, 7, 8, 3, 10, 0, 19, 13, 14, 5, 16, 17, 18, 4]",305,"[1, 12, 9, 2, 11, 15, 6, 7, 8, 3, 10, 0, 19, 13, 14, 5, 16, 17, 18, 4]",305,5.695519208908081
"[1, 12, 9, 2, 11, 15, 6, 7, 8, 3, 10, 0, 19, 13, 14, 5, 16, 17, 18, 4]",305,"[1, 12, 9, 2, 11, 15, 6, 7, 8, 3, 10, 0, 19, 13, 14, 5, 16, 17, 18, 4]",305,5.716430187225342
"[1, 12, 9, 2, 11, 15, 6, 7, 8, 3, 10, 0, 19, 13, 14, 5, 16, 17, 18, 4]",305,"[1, 12, 9, 2, 11, 15, 6, 7, 8, 3, 10, 0, 19, 13, 14, 5, 16, 17, 18, 4]",305,5.738577127456665
"[1, 12, 9, 2, 11, 15, 6, 7, 8, 3, 10, 0, 19, 13, 14, 5, 16, 17, 18, 4]",305,"[1, 12, 9, 2, 11, 15, 6, 7, 8, 3, 10, 0, 19, 13, 14, 5, 16, 17, 18, 4]",305,5.7611589431762695
"[1, 12, 9, 2, 11, 15, 6, 7, 8, 3, 10, 0, 19, 13, 14, 5, 16, 17, 18, 4]",305,"[1, 12, 9, 2, 11, 15, 6, 7, 8, 3, 10, 0, 19, 13, 14, 5, 16, 17, 18, 4]",305,5.783038139343262
"[1, 12, 9, 2, 11, 15, 6, 7, 8, 3, 10, 0, 19, 13, 14, 5, 16, 17, 18, 4]",305,"[1, 12, 9, 2, 11, 15, 6, 7, 8, 3, 10, 0, 19, 13, 14, 5, 16, 17, 18, 4]",305,5.805274248123169
"[1, 12, 9, 2, 11, 15, 6, 7, 8, 3, 10, 0, 19, 13, 14, 5, 16, 17, 18, 4]",305,"[1, 12, 9, 2, 11, 15, 6, 7, 8, 3, 10, 0, 19, 13, 14, 5, 16, 17, 18, 4]",305,5.825438976287842
"[1, 12, 9, 2, 11, 15, 6, 7, 8, 3, 10, 0, 19, 13, 14, 5, 16, 17, 18, 4]",305,"[1, 12, 9, 2, 11, 15, 6, 7, 8, 3, 10, 0, 19, 13, 14, 5, 16, 17, 18, 4]",305,5.858506202697754
"[1, 12, 9, 2, 11, 15, 6, 7, 8, 3, 10, 0, 19, 13, 14, 5, 16, 17, 18, 4]",305,"[1, 12, 9, 2, 11, 15, 6, 7, 8, 3, 10, 0, 19, 13, 14, 5, 16, 17, 18, 4]",305,5.879937171936035
"[1, 12, 9, 2, 11, 15, 6, 7, 8, 3, 10, 0, 19, 13, 14, 5, 16, 17, 18, 4]",305,"[1, 12, 9, 2, 11, 15, 6, 7, 8, 3, 10, 0, 19, 13, 14, 5, 16, 17, 18, 4]",305,5.901111125946045
"[1, 12, 9, 2, 11, 15, 6, 7, 8, 3, 10, 0, 19, 13, 14, 5, 16, 17, 18, 4]",305,"[1, 12, 9, 2, 11, 15, 6, 7, 8, 3, 10, 0, 19, 13, 14, 5, 16, 17, 18, 4]",305,5.9218950271606445
"[1, 12, 9, 2, 11, 15, 6, 7, 8, 3, 10, 0, 19, 13, 14, 5, 16, 17, 18, 4]",305,"[1, 12, 9, 2, 11, 15, 6, 7, 8, 3, 10, 0, 19, 13, 14, 5, 16, 17, 18, 4]",305,5.943210124969482
"[1, 12, 9, 2, 11, 15, 6, 7, 8, 3, 10, 0, 19, 13, 14, 5, 16, 17, 18, 4]",305,"[1, 12, 9, 2, 11, 15, 6, 7, 8, 3, 10, 0, 19, 13, 14, 5, 16, 17, 18, 4]",305,5.964189052581787
"[1, 12, 9, 2, 11, 15, 6, 7, 8, 3, 10, 0, 19, 13, 14, 5, 16, 17, 18, 4]",305,"[1, 12, 9, 2, 11, 15, 6, 7, 8, 3, 10, 0, 19, 13, 14, 5, 16, 17, 18, 4]",305,5.985270023345947
"[1, 12, 9, 2, 11, 15, 6, 7, 8, 3, 10, 0, 19, 13, 14, 5, 16, 17, 18, 4]",305,"[1, 12, 9, 2, 11, 15, 6, 7, 8, 3, 10, 0, 19, 13, 14, 5, 16, 17, 18, 4]",305,6.006040096282959
"[1, 12, 9, 2, 11, 15, 6, 7, 8, 3, 10, 0, 19, 13, 14, 5, 16, 17, 18, 4]",305,"[1, 12, 9, 2, 11, 15, 6, 7, 8, 3, 10, 0, 19, 13, 14, 5, 16, 17, 18, 4]",305,6.027257204055786
"[1, 12, 9, 2, 11, 15, 6, 7, 8, 3, 10, 0, 19, 13, 14, 5, 16, 17, 18, 4]",305,"[1, 12, 9, 2, 11, 15, 6, 7, 8, 3, 10, 0, 19, 13, 14, 5, 16, 17, 18, 4]",305,6.048729181289673
"[1, 12, 9, 2, 11, 15, 6, 7, 8, 3, 10, 0, 19, 13, 14, 5, 16, 17, 18, 4]",305,"[1, 12, 9, 2, 11, 15, 6, 7, 8, 3, 10, 0, 19, 13, 14, 5, 16, 17, 18, 4]",305,6.070107936859131
"[1, 12, 9, 2, 11, 15, 6, 7, 8, 3, 10, 0, 19, 13, 14, 5, 16, 17, 18, 4]",305,"[1, 12, 9, 2, 11, 15, 6, 7, 8, 3, 10, 0, 19, 13, 14, 5, 16, 17, 18, 4]",305,6.091439247131348
"[1, 12, 9, 2, 11, 15, 6, 7, 8, 3, 10, 0, 19, 13, 14, 5, 16, 17, 18, 4]",305,"[1, 12, 9, 2, 11, 15, 6, 7, 8, 3, 10, 0, 19, 13, 14, 5, 16, 17, 18, 4]",305,6.113239049911499
"[1, 12, 9, 2, 11, 15, 6, 7, 8, 3, 10, 0, 19, 13, 14, 5, 16, 17, 18, 4]",305,"[1, 12, 9, 2, 11, 15, 6, 7, 8, 3, 10, 0, 19, 13, 14, 5, 16, 17, 18, 4]",305,6.134814023971558
"[1, 12, 9, 2, 11, 15, 6, 7, 8, 3, 10, 0, 19, 13, 14, 5, 16, 17, 18, 4]",305,"[1, 12, 9, 2, 11, 15, 6, 7, 8, 3, 10, 0, 19, 13, 14, 5, 16, 17, 18, 4]",305,6.156163215637207
"[1, 12, 9, 2, 11, 15, 6, 7, 8, 3, 10, 0, 19, 13, 14, 5, 16, 17, 18, 4]",305,"[1, 12, 9, 2, 11, 15, 6, 7, 8, 3, 10, 0, 19, 13, 14, 5, 16, 17, 18, 4]",305,6.17741322517395
"[1, 12, 9, 2, 11, 15, 6, 7, 8, 3, 10, 0, 19, 13, 14, 5, 16, 17, 18, 4]",305,"[1, 12, 9, 2, 11, 15, 6, 7, 8, 3, 10, 0, 19, 13, 14, 5, 16, 17, 18, 4]",305,6.198652029037476
"[1, 12, 9, 2, 11, 15, 6, 7, 8, 3, 10, 0, 19, 13, 14, 5, 16, 17, 18, 4]",305,"[1, 12, 9, 2, 11, 15, 6, 7, 8, 3, 10, 0, 19, 13, 14, 5, 16, 17, 18, 4]",305,6.220015287399292
"[1, 12, 9, 2, 11, 15, 6, 7, 8, 3, 10, 0, 19, 13, 14, 5, 16, 17, 18, 4]",305,"[1, 12, 9, 2, 11, 15, 6, 7, 8, 3, 10, 0, 19, 13, 14, 5, 16, 17, 18, 4]",305,6.2402331829071045
"[1, 12, 9, 2, 11, 15, 6, 7, 8, 3, 10, 0, 19, 13, 14, 5, 16, 17, 18, 4]",305,"[1, 12, 9, 2, 11, 15, 6, 7, 8, 3, 10, 0, 19, 13, 14, 5, 16, 17, 18, 4]",305,6.261005163192749
"[1, 12, 9, 2, 11, 15, 6, 7, 8, 3, 10, 0, 19, 13, 14, 5, 16, 17, 18, 4]",305,"[1, 12, 9, 2, 11, 15, 6, 7, 8, 3, 10, 0, 19, 13, 14, 5, 16, 17, 18, 4]",305,6.281036138534546
"[1, 12, 9, 2, 11, 15, 6, 7, 8, 3, 10, 0, 19, 13, 14, 5, 16, 17, 18, 4]",305,"[1, 12, 9, 2, 11, 15, 6, 7, 8, 3, 10, 0, 19, 13, 14, 5, 16, 17, 18, 4]",305,6.301921129226685
"[1, 12, 9, 2, 11, 15, 6, 7, 8, 3, 10, 0, 19, 13, 14, 5, 16, 17, 18, 4]",305,"[1, 12, 9, 2, 11, 15, 6, 7, 8, 3, 10, 0, 19, 13, 14, 5, 16, 17, 18, 4]",305,6.322919130325317
"[1, 12, 9, 2, 11, 15, 6, 7, 8, 3, 10, 0, 19, 13, 14, 5, 16, 17, 18, 4]",305,"[1, 12, 9, 2, 11, 15, 6, 7, 8, 3, 10, 0, 19, 13, 14, 5, 16, 17, 18, 4]",305,6.343371152877808
"[1, 12, 9, 2, 11, 15, 6, 7, 8, 3, 10, 0, 19, 13, 14, 5, 16, 17, 18, 4]",305,"[1, 12, 9, 2, 11, 15, 6, 7, 8, 3, 10, 0, 19, 13, 14, 5, 16, 17, 18, 4]",305,6.364580154418945
"[1, 12, 9, 2, 11, 15, 6, 7, 8, 3, 10, 0, 19, 13, 14, 5, 16, 17, 18, 4]",305,"[1, 12, 9, 2, 11, 15, 6, 7, 8, 3, 10, 0, 19, 13, 14, 5, 16, 17, 18, 4]",305,6.385857105255127
"[1, 12, 9, 2, 11, 15, 6, 7, 8, 3, 10, 0, 19, 13, 14, 5, 16, 17, 18, 4]",305,"[1, 12, 9, 2, 11, 15, 6, 7, 8, 3, 10, 0, 19, 13, 14, 5, 16, 17, 18, 4]",305,6.406186103820801
"[1, 12, 9, 2, 11, 15, 6, 7, 8, 3, 10, 0, 19, 13, 14, 5, 16, 17, 18, 4]",305,"[1, 12, 9, 2, 11, 15, 6, 7, 8, 3, 10, 0, 19, 13, 14, 5, 16, 17, 18, 4]",305,6.427205324172974
"[1, 12, 9, 2, 11, 15, 6, 7, 8, 3, 10, 0, 19, 13, 14, 5, 16, 17, 18, 4]",305,"[1, 12, 9, 2, 11, 15, 6, 7, 8, 3, 10, 0, 19, 13, 14, 5, 16, 17, 18, 4]",305,6.4479591846466064
"[1, 12, 9, 2, 11, 15, 6, 7, 8, 3, 10, 0, 19, 13, 14, 5, 16, 17, 18, 4]",305,"[1, 12, 9, 2, 11, 15, 6, 7, 8, 3, 10, 0, 19, 13, 14, 5, 16, 17, 18, 4]",305,6.4696221351623535
"[1, 12, 9, 2, 11, 15, 6, 7, 8, 3, 10, 0, 19, 13, 14, 5, 16, 17, 18, 4]",305,"[1, 12, 9, 2, 11, 15, 6, 7, 8, 3, 10, 0, 19, 13, 14, 5, 16, 17, 18, 4]",305,6.490525007247925
"[1, 12, 9, 2, 11, 15, 6, 7, 8, 3, 10, 0, 19, 13, 14, 5, 16, 17, 18, 4]",305,"[1, 12, 9, 2, 11, 15, 6, 7, 8, 3, 10, 0, 19, 13, 14, 5, 16, 17, 18, 4]",305,6.511541128158569
"[1, 12, 9, 2, 11, 15, 6, 7, 8, 3, 10, 0, 19, 13, 14, 5, 16, 17, 18, 4]",305,"[1, 12, 9, 2, 11, 15, 6, 7, 8, 3, 10, 0, 19, 13, 14, 5, 16, 17, 18, 4]",305,6.533208131790161
"[1, 12, 9, 2, 11, 15, 6, 7, 8, 3, 10, 0, 19, 13, 14, 5, 16, 17, 18, 4]",305,"[1, 12, 9, 2, 11, 15, 6, 7, 8, 3, 10, 0, 19, 13, 14, 5, 16, 17, 18, 4]",305,6.55262017250061
"[1, 12, 9, 2, 11, 15, 6, 7, 8, 3, 10, 0, 19, 13, 14, 5, 16, 17, 18, 4]",305,"[1, 12, 9, 2, 11, 15, 6, 7, 8, 3, 10, 0, 19, 13, 14, 5, 16, 17, 18, 4]",305,6.5732080936431885
"[1, 12, 9, 2, 11, 15, 6, 7, 8, 3, 10, 0, 19, 13, 14, 5, 16, 17, 18, 4]",305,"[1, 12, 9, 2, 11, 15, 6, 7, 8, 3, 10, 0, 19, 13, 14, 5, 16, 17, 18, 4]",305,6.596194267272949
"[1, 12, 9, 2, 11, 15, 6, 7, 8, 3, 10, 0, 19, 13, 14, 5, 16, 17, 18, 4]",305,"[1, 12, 9, 2, 11, 15, 6, 7, 8, 3, 10, 0, 19, 13, 14, 5, 16, 17, 18, 4]",305,6.617584228515625
"[1, 12, 9, 2, 11, 15, 6, 7, 8, 3, 10, 0, 19, 13, 14, 5, 16, 17, 18, 4]",305,"[1, 12, 9, 2, 11, 15, 6, 7, 8, 3, 10, 0, 19, 13, 14, 5, 16, 17, 18, 4]",305,6.639776229858398
"[1, 12, 9, 2, 11, 15, 6, 7, 8, 3, 10, 0, 19, 13, 14, 5, 16, 17, 18, 4]",305,"[1, 12, 9, 2, 11, 15, 6, 7, 8, 3, 10, 0, 19, 13, 14, 5, 16, 17, 18, 4]",305,6.660856246948242
"[1, 12, 9, 2, 11, 15, 6, 7, 8, 3, 10, 0, 19, 13, 14, 5, 16, 17, 18, 4]",305,"[1, 12, 9, 2, 11, 15, 6, 7, 8, 3, 10, 0, 19, 13, 14, 5, 16, 17, 18, 4]",305,6.681958913803101
"[1, 12, 9, 2, 11, 15, 6, 7, 8, 3, 10, 0, 19, 13, 14, 5, 16, 17, 18, 4]",305,"[1, 12, 9, 2, 11, 15, 6, 7, 8, 3, 10, 0, 19, 13, 14, 5, 16, 17, 18, 4]",305,6.703006982803345
"[1, 12, 9, 2, 11, 15, 6, 7, 8, 3, 10, 0, 19, 13, 14, 5, 16, 17, 18, 4]",305,"[1, 12, 9, 2, 11, 15, 6, 7, 8, 3, 10, 0, 19, 13, 14, 5, 16, 17, 18, 4]",305,6.723623037338257
"[1, 12, 9, 2, 11, 15, 6, 7, 8, 3, 10, 0, 19, 13, 14, 5, 16, 17, 18, 4]",305,"[1, 12, 9, 2, 11, 15, 6, 7, 8, 3, 10, 0, 19, 13, 14, 5, 16, 17, 18, 4]",305,6.744567155838013
"[1, 12, 9, 2, 11, 15, 6, 7, 8, 3, 10, 0, 19, 13, 14, 5, 16, 17, 18, 4]",305,"[1, 12, 9, 2, 11, 15, 6, 7, 8, 3, 10, 0, 19, 13, 14, 5, 16, 17, 18, 4]",305,6.765970945358276
"[1, 12, 9, 2, 11, 15, 6, 7, 8, 3, 10, 0, 19, 13, 14, 5, 16, 17, 18, 4]",305,"[1, 12, 9, 2, 11, 15, 6, 7, 8, 3, 10, 0, 19, 13, 14, 5, 16, 17, 18, 4]",305,6.786333084106445
"[1, 12, 9, 2, 11, 15, 6, 7, 8, 3, 10, 0, 19, 13, 14, 5, 16, 17, 18, 4]",305,"[1, 12, 9, 2, 11, 15, 6, 7, 8, 3, 10, 0, 19, 13, 14, 5, 16, 17, 18, 4]",305,6.8060622215271
"[1, 12, 9, 2, 11, 15, 6, 7, 8, 3, 10, 0, 19, 13, 14, 5, 16, 17, 18, 4]",305,"[1, 12, 9, 2, 11, 15, 6, 7, 8, 3, 10, 0, 19, 13, 14, 5, 16, 17, 18, 4]",305,6.827064275741577
"[1, 12, 9, 2, 11, 15, 6, 7, 8, 3, 10, 0, 19, 13, 14, 5, 16, 17, 18, 4]",305,"[1, 12, 9, 2, 11, 15, 6, 7, 8, 3, 10, 0, 19, 13, 14, 5, 16, 17, 18, 4]",305,6.847381114959717
"[1, 12, 9, 2, 11, 15, 6, 7, 8, 3, 10, 0, 19, 13, 14, 5, 16, 17, 18, 4]",305,"[1, 12, 9, 2, 11, 15, 6, 7, 8, 3, 10, 0, 19, 13, 14, 5, 16, 17, 18, 4]",305,6.867112159729004
"[1, 12, 9, 2, 11, 15, 6, 7, 8, 3, 10, 0, 19, 13, 14, 5, 16, 17, 18, 4]",305,"[1, 12, 9, 2, 11, 15, 6, 7, 8, 3, 10, 0, 19, 13, 14, 5, 16, 17, 18, 4]",305,6.887818098068237
"[1, 12, 9, 2, 11, 15, 6, 7, 8, 3, 10, 0, 19, 13, 14, 5, 16, 17, 18, 4]",305,"[1, 12, 9, 2, 11, 15, 6, 7, 8, 3, 10, 0, 19, 13, 14, 5, 16, 17, 18, 4]",305,6.908545255661011
"[1, 12, 9, 2, 11, 15, 6, 7, 8, 3, 10, 0, 19, 13, 14, 5, 16, 17, 18, 4]",305,"[1, 12, 9, 2, 11, 15, 6, 7, 8, 3, 10, 0, 19, 13, 14, 5, 16, 17, 18, 4]",305,6.929155111312866
"[1, 12, 9, 2, 11, 15, 6, 7, 8, 3, 10, 0, 19, 13, 14, 5, 16, 17, 18, 4]",305,"[1, 12, 9, 2, 11, 15, 6, 7, 8, 3, 10, 0, 19, 13, 14, 5, 16, 17, 18, 4]",305,6.950212240219116
"[1, 12, 9, 2, 11, 15, 6, 7, 8, 3, 10, 0, 19, 13, 14, 5, 16, 17, 18, 4]",305,"[1, 12, 9, 2, 11, 15, 6, 7, 8, 3, 10, 0, 19, 13, 14, 5, 16, 17, 18, 4]",305,6.971124172210693
"[1, 12, 9, 2, 11, 15, 6, 7, 8, 3, 10, 0, 19, 13, 14, 5, 16, 17, 18, 4]",305,"[1, 12, 9, 2, 11, 15, 6, 7, 8, 3, 10, 0, 19, 13, 14, 5, 16, 17, 18, 4]",305,6.9924681186676025
"[1, 12, 9, 2, 11, 15, 6, 7, 8, 3, 10, 0, 19, 13, 14, 5, 16, 17, 18, 4]",305,"[1, 12, 9, 2, 11, 15, 6, 7, 8, 3, 10, 0, 19, 13, 14, 5, 16, 17, 18, 4]",305,7.013473033905029
"[1, 12, 9, 2, 11, 15, 6, 7, 8, 3, 10, 0, 19, 13, 14, 5, 16, 17, 18, 4]",305,"[1, 12, 9, 2, 11, 15, 6, 7, 8, 3, 10, 0, 19, 13, 14, 5, 16, 17, 18, 4]",305,7.034463167190552
"[1, 12, 9, 2, 11, 15, 6, 7, 8, 3, 10, 0, 19, 13, 14, 5, 16, 17, 18, 4]",305,"[1, 12, 9, 2, 11, 15, 6, 7, 8, 3, 10, 0, 19, 13, 14, 5, 16, 17, 18, 4]",305,7.054800271987915
"[1, 12, 9, 2, 11, 15, 6, 7, 8, 3, 10, 0, 19, 13, 14, 5, 16, 17, 18, 4]",305,"[1, 12, 9, 2, 11, 15, 6, 7, 8, 3, 10, 0, 19, 13, 14, 5, 16, 17, 18, 4]",305,7.075628042221069
"[1, 12, 9, 2, 11, 15, 6, 7, 8, 3, 10, 0, 19, 13, 14, 5, 16, 17, 18, 4]",305,"[1, 12, 9, 2, 11, 15, 6, 7, 8, 3, 10, 0, 19, 13, 14, 5, 16, 17, 18, 4]",305,7.096374034881592
"[1, 12, 9, 2, 11, 15, 6, 7, 8, 3, 10, 0, 19, 13, 14, 5, 16, 17, 18, 4]",305,"[1, 12, 9, 2, 11, 15, 6, 7, 8, 3, 10, 0, 19, 13, 14, 5, 16, 17, 18, 4]",305,7.1165771484375
"[1, 8, 9, 2, 11, 15, 6, 7, 12, 3, 10, 0, 19, 13, 14, 5, 16, 17, 18, 4]",304,"[1, 8, 9, 2, 11, 15, 6, 7, 12, 3, 10, 0, 19, 13, 14, 5, 16, 17, 18, 4]",304,7.136584043502808
"[1, 8, 9, 2, 11, 15, 6, 7, 12, 3, 10, 0, 19, 13, 14, 5, 16, 17, 18, 4]",304,"[1, 8, 9, 2, 11, 15, 6, 7, 12, 3, 10, 0, 19, 13, 14, 5, 16, 17, 18, 4]",304,7.1573100090026855
"[1, 8, 9, 2, 11, 15, 6, 7, 12, 3, 10, 0, 19, 13, 14, 5, 16, 17, 18, 4]",304,"[1, 8, 9, 2, 11, 15, 6, 7, 12, 3, 10, 0, 19, 13, 14, 5, 16, 17, 18, 4]",304,7.177541255950928
"[1, 8, 9, 2, 11, 15, 6, 7, 12, 3, 10, 0, 19, 13, 14, 5, 16, 17, 18, 4]",304,"[1, 8, 9, 2, 11, 15, 6, 7, 12, 3, 10, 0, 19, 13, 14, 5, 16, 17, 18, 4]",304,7.198033094406128
"[1, 8, 9, 2, 11, 15, 6, 7, 12, 3, 10, 0, 19, 13, 14, 5, 16, 17, 18, 4]",304,"[1, 8, 9, 2, 11, 15, 6, 7, 12, 3, 10, 0, 19, 13, 14, 5, 16, 17, 18, 4]",304,7.217997074127197
"[1, 8, 9, 2, 11, 15, 6, 7, 12, 3, 10, 0, 19, 13, 14, 5, 16, 17, 18, 4]",304,"[1, 8, 9, 2, 11, 15, 6, 7, 12, 3, 10, 0, 19, 13, 14, 5, 16, 17, 18, 4]",304,7.237621068954468
"[1, 8, 9, 2, 11, 15, 6, 7, 12, 3, 10, 0, 19, 13, 14, 5, 16, 17, 18, 4]",304,"[1, 8, 9, 2, 11, 15, 6, 7, 12, 3, 10, 0, 19, 13, 14, 5, 16, 17, 18, 4]",304,7.258532285690308
"[1, 8, 9, 2, 11, 15, 6, 7, 12, 3, 10, 0, 19, 13, 14, 5, 16, 17, 18, 4]",304,"[1, 8, 9, 2, 11, 15, 6, 7, 12, 3, 10, 0, 19, 13, 14, 5, 16, 17, 18, 4]",304,7.278256177902222
"[1, 8, 9, 2, 11, 15, 6, 7, 12, 3, 10, 0, 19, 13, 14, 5, 16, 17, 18, 4]",304,"[1, 8, 9, 2, 11, 15, 6, 7, 12, 3, 10, 0, 19, 13, 14, 5, 16, 17, 18, 4]",304,7.298450946807861
"[1, 8, 9, 2, 11, 15, 6, 7, 12, 3, 10, 0, 19, 13, 14, 5, 16, 17, 18, 4]",304,"[1, 8, 9, 2, 11, 15, 6, 7, 12, 3, 10, 0, 19, 13, 14, 5, 16, 17, 18, 4]",304,7.3182690143585205
"[1, 8, 9, 2, 11, 15, 6, 7, 12, 3, 10, 0, 19, 13, 14, 5, 16, 17, 18, 4]",304,"[1, 8, 9, 2, 11, 15, 6, 7, 12, 3, 10, 0, 19, 13, 14, 5, 16, 17, 18, 4]",304,7.337798357009888
"[1, 8, 9, 2, 11, 15, 6, 7, 12, 3, 10, 0, 19, 13, 14, 5, 16, 17, 18, 4]",304,"[1, 8, 9, 2, 11, 15, 6, 7, 12, 3, 10, 0, 19, 13, 14, 5, 16, 17, 18, 4]",304,7.3579490184783936
"[1, 8, 9, 2, 11, 15, 6, 7, 12, 3, 10, 0, 19, 13, 14, 5, 16, 17, 18, 4]",304,"[1, 8, 9, 2, 11, 15, 6, 7, 12, 3, 10, 0, 19, 13, 14, 5, 16, 17, 18, 4]",304,7.378213167190552
"[1, 8, 9, 2, 11, 15, 6, 7, 12, 3, 10, 0, 19, 13, 14, 5, 16, 17, 18, 4]",304,"[1, 8, 9, 2, 11, 15, 6, 7, 12, 3, 10, 0, 19, 13, 14, 5, 16, 17, 18, 4]",304,7.39749813079834
"[1, 8, 9, 2, 11, 15, 6, 7, 12, 3, 10, 0, 19, 13, 14, 5, 16, 17, 18, 4]",304,"[1, 8, 9, 2, 11, 15, 6, 7, 12, 3, 10, 0, 19, 13, 14, 5, 16, 17, 18, 4]",304,7.417860269546509
"[1, 8, 9, 2, 11, 15, 6, 7, 12, 3, 10, 0, 19, 13, 14, 5, 16, 17, 18, 4]",304,"[1, 8, 9, 2, 11, 15, 6, 7, 12, 3, 10, 0, 19, 13, 14, 5, 16, 17, 18, 4]",304,7.437781095504761
"[1, 8, 9, 2, 11, 15, 6, 7, 12, 3, 10, 0, 19, 13, 14, 5, 16, 17, 18, 4]",304,"[1, 8, 9, 2, 11, 15, 6, 7, 12, 3, 10, 0, 19, 13, 14, 5, 16, 17, 18, 4]",304,7.4575581550598145
"[1, 8, 9, 2, 11, 15, 6, 7, 12, 3, 10, 0, 19, 13, 14, 5, 16, 17, 18, 4]",304,"[1, 8, 9, 2, 11, 15, 6, 7, 12, 3, 10, 0, 19, 13, 14, 5, 16, 17, 18, 4]",304,7.476887226104736
"[1, 8, 9, 2, 11, 15, 6, 7, 12, 3, 10, 0, 19, 13, 14, 5, 16, 17, 18, 4]",304,"[1, 8, 9, 2, 11, 15, 6, 7, 12, 3, 10, 0, 19, 13, 14, 5, 16, 17, 18, 4]",304,7.497807264328003
"[1, 8, 9, 2, 11, 15, 6, 7, 12, 3, 10, 0, 19, 13, 14, 5, 16, 17, 18, 4]",304,"[1, 8, 9, 2, 11, 15, 6, 7, 12, 3, 10, 0, 19, 13, 14, 5, 16, 17, 18, 4]",304,7.517439126968384
"[1, 8, 9, 2, 11, 15, 6, 7, 12, 3, 10, 0, 19, 13, 14, 5, 16, 17, 18, 4]",304,"[1, 8, 9, 2, 11, 15, 6, 7, 12, 3, 10, 0, 19, 13, 14, 5, 16, 17, 18, 4]",304,7.53737211227417
"[1, 8, 9, 2, 11, 15, 6, 7, 12, 3, 10, 0, 19, 13, 14, 5, 16, 17, 18, 4]",304,"[1, 8, 9, 2, 11, 15, 6, 7, 12, 3, 10, 0, 19, 13, 14, 5, 16, 17, 18, 4]",304,7.557008266448975
"[1, 8, 9, 2, 11, 15, 6, 7, 12, 3, 10, 0, 19, 13, 14, 5, 16, 17, 18, 4]",304,"[1, 8, 9, 2, 11, 15, 6, 7, 12, 3, 10, 0, 19, 13, 14, 5, 16, 17, 18, 4]",304,7.5768280029296875
"[1, 8, 9, 2, 11, 15, 6, 7, 12, 3, 10, 0, 19, 13, 14, 5, 16, 17, 18, 4]",304,"[1, 8, 9, 2, 11, 15, 6, 7, 12, 3, 10, 0, 19, 13, 14, 5, 16, 17, 18, 4]",304,7.596786022186279
"[1, 8, 9, 2, 11, 15, 6, 7, 12, 3, 10, 0, 19, 13, 14, 5, 16, 17, 18, 4]",304,"[1, 8, 9, 2, 11, 15, 6, 7, 12, 3, 10, 0, 19, 13, 14, 5, 16, 17, 18, 4]",304,7.6321961879730225
"[1, 8, 9, 2, 11, 15, 6, 7, 12, 3, 10, 0, 19, 13, 14, 5, 16, 17, 18, 4]",304,"[1, 8, 9, 2, 11, 15, 6, 7, 12, 3, 10, 0, 19, 13, 14, 5, 16, 17, 18, 4]",304,7.661059141159058
"[1, 8, 9, 2, 11, 15, 6, 7, 12, 3, 10, 0, 19, 13, 14, 5, 16, 17, 18, 4]",304,"[1, 8, 9, 2, 11, 15, 6, 7, 12, 3, 10, 0, 19, 13, 14, 5, 16, 17, 18, 4]",304,7.6856842041015625
"[1, 8, 9, 2, 11, 15, 6, 7, 12, 3, 10, 0, 19, 13, 14, 5, 16, 17, 18, 4]",304,"[1, 8, 9, 2, 11, 15, 6, 7, 12, 3, 10, 0, 19, 13, 14, 5, 16, 17, 18, 4]",304,7.708856105804443
"[1, 8, 9, 2, 11, 15, 6, 7, 12, 3, 10, 0, 19, 13, 14, 5, 16, 17, 18, 4]",304,"[1, 8, 9, 2, 11, 15, 6, 7, 12, 3, 10, 0, 19, 13, 14, 5, 16, 17, 18, 4]",304,7.733528137207031
"[1, 8, 9, 2, 11, 15, 6, 7, 12, 3, 10, 0, 19, 13, 14, 5, 16, 17, 18, 4]",304,"[1, 8, 9, 2, 11, 15, 6, 7, 12, 3, 10, 0, 19, 13, 14, 5, 16, 17, 18, 4]",304,7.754718065261841
"[1, 8, 9, 2, 11, 15, 6, 7, 12, 3, 10, 0, 19, 13, 14, 5, 16, 17, 18, 4]",304,"[1, 8, 9, 2, 11, 15, 6, 7, 12, 3, 10, 0, 19, 13, 14, 5, 16, 17, 18, 4]",304,7.7766032218933105
"[1, 8, 9, 2, 11, 15, 6, 7, 12, 3, 10, 0, 19, 13, 14, 5, 16, 17, 18, 4]",304,"[1, 8, 9, 2, 11, 15, 6, 7, 12, 3, 10, 0, 19, 13, 14, 5, 16, 17, 18, 4]",304,7.797289133071899
"[1, 8, 9, 2, 11, 15, 6, 7, 12, 3, 10, 0, 19, 13, 14, 5, 16, 17, 18, 4]",304,"[1, 8, 9, 2, 11, 15, 6, 7, 12, 3, 10, 0, 19, 13, 14, 5, 16, 17, 18, 4]",304,7.817481994628906
"[1, 8, 9, 2, 11, 15, 6, 7, 12, 3, 10, 0, 19, 13, 14, 5, 16, 17, 18, 4]",304,"[1, 8, 9, 2, 11, 15, 6, 7, 12, 3, 10, 0, 19, 13, 14, 5, 16, 17, 18, 4]",304,7.83861517906189
"[1, 8, 9, 2, 11, 15, 6, 7, 12, 3, 10, 0, 19, 13, 14, 5, 16, 17, 18, 4]",304,"[1, 8, 9, 2, 11, 15, 6, 7, 12, 3, 10, 0, 19, 13, 14, 5, 16, 17, 18, 4]",304,7.859726190567017
"[1, 8, 9, 2, 11, 15, 6, 7, 12, 3, 10, 0, 19, 13, 14, 5, 16, 17, 18, 4]",304,"[1, 8, 9, 2, 11, 15, 6, 7, 12, 3, 10, 0, 19, 13, 14, 5, 16, 17, 18, 4]",304,7.886982202529907
"[1, 8, 9, 2, 11, 15, 6, 7, 12, 3, 10, 0, 19, 13, 14, 5, 16, 17, 18, 4]",304,"[1, 8, 9, 2, 11, 15, 6, 7, 12, 3, 10, 0, 19, 13, 14, 5, 16, 17, 18, 4]",304,7.912659168243408
"[1, 8, 9, 2, 11, 15, 6, 7, 12, 3, 10, 0, 19, 13, 14, 5, 16, 17, 18, 4]",304,"[1, 8, 9, 2, 11, 15, 6, 7, 12, 3, 10, 0, 19, 13, 14, 5, 16, 17, 18, 4]",304,7.934370279312134
"[1, 8, 9, 2, 11, 15, 6, 7, 12, 3, 10, 0, 19, 13, 14, 5, 16, 17, 18, 4]",304,"[1, 8, 9, 2, 11, 15, 6, 7, 12, 3, 10, 0, 19, 13, 14, 5, 16, 17, 18, 4]",304,7.956557273864746
"[1, 8, 9, 2, 11, 15, 6, 7, 12, 3, 10, 0, 19, 13, 14, 5, 16, 17, 18, 4]",304,"[1, 8, 9, 2, 11, 15, 6, 7, 12, 3, 10, 0, 19, 13, 14, 5, 16, 17, 18, 4]",304,7.9785401821136475
"[1, 8, 9, 2, 11, 15, 6, 7, 12, 3, 10, 0, 19, 13, 14, 5, 16, 17, 18, 4]",304,"[1, 8, 9, 2, 11, 15, 6, 7, 12, 3, 10, 0, 19, 13, 14, 5, 16, 17, 18, 4]",304,8.000190019607544
"[1, 8, 9, 2, 11, 15, 6, 7, 12, 3, 10, 0, 19, 13, 14, 5, 16, 17, 18, 4]",304,"[1, 8, 9, 2, 11, 15, 6, 7, 12, 3, 10, 0, 19, 13, 14, 5, 16, 17, 18, 4]",304,8.022480249404907
"[1, 8, 9, 2, 11, 15, 6, 7, 12, 3, 10, 0, 19, 13, 14, 5, 16, 17, 18, 4]",304,"[1, 8, 9, 2, 11, 15, 6, 7, 12, 3, 10, 0, 19, 13, 14, 5, 16, 17, 18, 4]",304,8.044327020645142
"[1, 8, 9, 2, 11, 15, 6, 7, 12, 3, 10, 0, 19, 13, 14, 5, 16, 17, 18, 4]",304,"[1, 8, 9, 2, 11, 15, 6, 7, 12, 3, 10, 0, 19, 13, 14, 5, 16, 17, 18, 4]",304,8.066373348236084
"[1, 8, 9, 2, 11, 15, 6, 7, 12, 3, 10, 0, 19, 13, 14, 5, 16, 17, 18, 4]",304,"[1, 8, 9, 2, 11, 15, 6, 7, 12, 3, 10, 0, 19, 13, 14, 5, 16, 17, 18, 4]",304,8.087874174118042
"[1, 8, 9, 2, 11, 15, 6, 7, 12, 3, 10, 0, 19, 13, 14, 5, 16, 17, 18, 4]",304,"[1, 8, 9, 2, 11, 15, 6, 7, 12, 3, 10, 0, 19, 13, 14, 5, 16, 17, 18, 4]",304,8.108519077301025
"[1, 8, 9, 2, 11, 15, 6, 7, 12, 3, 10, 0, 19, 13, 14, 5, 16, 17, 18, 4]",304,"[1, 8, 9, 2, 11, 15, 6, 7, 12, 3, 10, 0, 19, 13, 14, 5, 16, 17, 18, 4]",304,8.130171298980713
"[1, 8, 9, 2, 11, 15, 6, 7, 12, 3, 10, 0, 19, 13, 14, 5, 16, 17, 18, 4]",304,"[1, 8, 9, 2, 11, 15, 6, 7, 12, 3, 10, 0, 19, 13, 14, 5, 16, 17, 18, 4]",304,8.1525399684906
"[1, 8, 9, 2, 11, 15, 6, 7, 12, 3, 10, 0, 19, 13, 14, 5, 16, 17, 18, 4]",304,"[1, 8, 9, 2, 11, 15, 6, 7, 12, 3, 10, 0, 19, 13, 14, 5, 16, 17, 18, 4]",304,8.175490140914917
"[1, 8, 9, 2, 11, 15, 6, 7, 12, 3, 10, 0, 19, 13, 14, 5, 16, 17, 18, 4]",304,"[1, 8, 9, 2, 11, 15, 6, 7, 12, 3, 10, 0, 19, 13, 14, 5, 16, 17, 18, 4]",304,8.19764518737793
"[1, 8, 9, 2, 11, 15, 6, 7, 12, 3, 10, 0, 19, 13, 14, 5, 16, 17, 18, 4]",304,"[1, 8, 9, 2, 11, 15, 6, 7, 12, 3, 10, 0, 19, 13, 14, 5, 16, 17, 18, 4]",304,8.219603061676025
"[1, 8, 9, 2, 11, 15, 6, 7, 12, 3, 10, 0, 19, 13, 14, 5, 16, 17, 18, 4]",304,"[1, 8, 9, 2, 11, 15, 6, 7, 12, 3, 10, 0, 19, 13, 14, 5, 16, 17, 18, 4]",304,8.240182161331177
"[1, 8, 9, 2, 11, 15, 6, 7, 12, 3, 10, 0, 19, 13, 14, 5, 16, 17, 18, 4]",304,"[1, 8, 9, 2, 11, 15, 6, 7, 12, 3, 10, 0, 19, 13, 14, 5, 16, 17, 18, 4]",304,8.26098895072937
"[1, 8, 9, 2, 11, 15, 6, 7, 12, 3, 10, 0, 19, 13, 14, 5, 16, 17, 18, 4]",304,"[1, 8, 9, 2, 11, 15, 6, 7, 12, 3, 10, 0, 19, 13, 14, 5, 16, 17, 18, 4]",304,8.282093286514282
"[1, 8, 9, 2, 11, 15, 6, 7, 12, 3, 10, 0, 19, 13, 14, 5, 16, 17, 18, 4]",304,"[1, 8, 9, 2, 11, 15, 6, 7, 12, 3, 10, 0, 19, 13, 14, 5, 16, 17, 18, 4]",304,8.302931070327759
"[1, 8, 9, 2, 11, 15, 6, 7, 12, 3, 10, 0, 19, 13, 14, 5, 16, 17, 18, 4]",304,"[1, 8, 9, 2, 11, 15, 6, 7, 12, 3, 10, 0, 19, 13, 14, 5, 16, 17, 18, 4]",304,8.32479214668274
"[1, 8, 9, 2, 11, 15, 6, 7, 12, 3, 10, 0, 19, 13, 14, 5, 16, 17, 18, 4]",304,"[1, 8, 9, 2, 11, 15, 6, 7, 12, 3, 10, 0, 19, 13, 14, 5, 16, 17, 18, 4]",304,8.34522819519043
"[1, 8, 9, 2, 11, 15, 6, 7, 12, 3, 10, 0, 19, 13, 14, 5, 16, 17, 18, 4]",304,"[1, 8, 9, 2, 11, 15, 6, 7, 12, 3, 10, 0, 19, 13, 14, 5, 16, 17, 18, 4]",304,8.365179300308228
"[1, 8, 9, 2, 11, 15, 6, 7, 12, 3, 10, 0, 19, 13, 14, 5, 16, 17, 18, 4]",304,"[1, 8, 9, 2, 11, 15, 6, 7, 12, 3, 10, 0, 19, 13, 14, 5, 16, 17, 18, 4]",304,8.385833024978638
"[1, 8, 9, 2, 11, 15, 6, 7, 12, 3, 10, 0, 19, 13, 14, 5, 16, 17, 18, 4]",304,"[1, 8, 9, 2, 11, 15, 6, 7, 12, 3, 10, 0, 19, 13, 14, 5, 16, 17, 18, 4]",304,8.405687093734741
"[1, 8, 9, 2, 11, 15, 6, 7, 12, 3, 10, 0, 19, 13, 14, 5, 16, 17, 18, 4]",304,"[1, 8, 9, 2, 11, 15, 6, 7, 12, 3, 10, 0, 19, 13, 14, 5, 16, 17, 18, 4]",304,8.424690961837769
"[1, 8, 9, 2, 11, 15, 6, 7, 12, 3, 10, 0, 19, 13, 14, 5, 16, 17, 18, 4]",304,"[1, 8, 9, 2, 11, 15, 6, 7, 12, 3, 10, 0, 19, 13, 14, 5, 16, 17, 18, 4]",304,8.444334268569946
"[1, 8, 9, 2, 11, 15, 6, 7, 12, 3, 10, 0, 19, 13, 14, 5, 16, 17, 18, 4]",304,"[1, 8, 9, 2, 11, 15, 6, 7, 12, 3, 10, 0, 19, 13, 14, 5, 16, 17, 18, 4]",304,8.464018106460571
"[1, 8, 9, 2, 11, 15, 6, 7, 12, 3, 10, 0, 19, 13, 14, 5, 16, 17, 18, 4]",304,"[1, 8, 9, 2, 11, 15, 6, 7, 12, 3, 10, 0, 19, 13, 14, 5, 16, 17, 18, 4]",304,8.496217250823975
"[1, 8, 9, 2, 11, 15, 6, 7, 12, 3, 10, 0, 19, 13, 14, 5, 16, 17, 18, 4]",304,"[1, 8, 9, 2, 11, 15, 6, 7, 12, 3, 10, 0, 19, 13, 14, 5, 16, 17, 18, 4]",304,8.51802134513855
