Sequence,Fitness,Best_sequence,Best_fitness,Time
"[0, 1, 2, 3, 4, 5, 6, 7, 8, 9, 10, 11, 12, 13, 14, 15, 16, 17, 18, 19]",971.5,"[0, 1, 2, 3, 4, 5, 6, 7, 8, 9, 10, 11, 12, 13, 14, 15, 16, 17, 18, 19]",971.5,0.0
"[0, 1, 2, 3, 4, 5, 6, 7, 8, 9, 10, 11, 12, 13, 14, 15, 16, 17, 18, 19]",971.5,"[0, 1, 2, 3, 4, 5, 6, 7, 8, 9, 10, 11, 12, 13, 14, 15, 16, 17, 18, 19]",971.5,0.08498287200927734
"[0, 1, 2, 14, 4, 5, 6, 7, 8, 9, 10, 11, 12, 13, 3, 15, 16, 17, 18, 19]",947.0,"[0, 1, 2, 14, 4, 5, 6, 7, 8, 9, 10, 11, 12, 13, 3, 15, 16, 17, 18, 19]",947.0,0.14698505401611328
"[0, 1, 2, 14, 4, 5, 6, 7, 8, 9, 10, 11, 12, 13, 3, 15, 16, 17, 18, 19]",947.0,"[0, 1, 2, 14, 4, 5, 6, 7, 8, 9, 10, 11, 12, 13, 3, 15, 16, 17, 18, 19]",947.0,0.20998430252075195
"[0, 1, 2, 14, 4, 5, 6, 7, 8, 9, 10, 11, 12, 13, 3, 15, 16, 17, 18, 19]",947.0,"[0, 1, 2, 14, 4, 5, 6, 7, 8, 9, 10, 11, 12, 13, 3, 15, 16, 17, 18, 19]",947.0,0.27098512649536133
"[0, 1, 2, 14, 4, 5, 6, 7, 8, 9, 10, 11, 12, 13, 3, 15, 16, 17, 18, 19]",947.0,"[0, 1, 2, 14, 4, 5, 6, 7, 8, 9, 10, 11, 12, 13, 3, 15, 16, 17, 18, 19]",947.0,0.33399057388305664
"[0, 1, 2, 14, 4, 5, 6, 7, 8, 9, 10, 11, 12, 13, 3, 15, 16, 17, 18, 19]",947.0,"[0, 1, 2, 14, 4, 5, 6, 7, 8, 9, 10, 11, 12, 13, 3, 15, 16, 17, 18, 19]",947.0,0.39699625968933105
"[0, 1, 2, 14, 4, 5, 6, 7, 8, 9, 10, 11, 12, 13, 3, 15, 16, 17, 18, 19]",947.0,"[0, 1, 2, 14, 4, 5, 6, 7, 8, 9, 10, 11, 12, 13, 3, 15, 16, 17, 18, 19]",947.0,0.45998644828796387
"[0, 1, 2, 14, 4, 5, 6, 7, 8, 9, 10, 11, 12, 13, 3, 15, 16, 17, 18, 19]",947.0,"[0, 1, 2, 14, 4, 5, 6, 7, 8, 9, 10, 11, 12, 13, 3, 15, 16, 17, 18, 19]",947.0,0.5249876976013184
"[0, 1, 2, 14, 4, 5, 6, 17, 8, 9, 10, 11, 12, 13, 3, 15, 16, 7, 18, 19]",918.0,"[0, 1, 2, 14, 4, 5, 6, 17, 8, 9, 10, 11, 12, 13, 3, 15, 16, 7, 18, 19]",918.0,0.5909886360168457
"[0, 1, 2, 14, 4, 5, 6, 17, 8, 9, 10, 11, 12, 13, 3, 15, 16, 7, 18, 19]",918.0,"[0, 1, 2, 14, 4, 5, 6, 17, 8, 9, 10, 11, 12, 13, 3, 15, 16, 7, 18, 19]",918.0,0.6539857387542725
"[0, 1, 2, 14, 4, 5, 6, 17, 8, 9, 10, 11, 12, 13, 3, 15, 16, 7, 18, 19]",918.0,"[0, 1, 2, 14, 4, 5, 6, 17, 8, 9, 10, 11, 12, 13, 3, 15, 16, 7, 18, 19]",918.0,0.7169902324676514
"[0, 1, 2, 14, 4, 5, 6, 17, 8, 9, 10, 11, 12, 13, 3, 15, 16, 7, 18, 19]",918.0,"[0, 1, 2, 14, 4, 5, 6, 17, 8, 9, 10, 11, 12, 13, 3, 15, 16, 7, 18, 19]",918.0,0.7789900302886963
"[0, 1, 2, 14, 4, 5, 6, 17, 8, 9, 10, 11, 12, 13, 3, 15, 16, 7, 18, 19]",918.0,"[0, 1, 2, 14, 4, 5, 6, 17, 8, 9, 10, 11, 12, 13, 3, 15, 16, 7, 18, 19]",918.0,0.8429920673370361
"[0, 1, 2, 14, 4, 5, 6, 17, 8, 9, 10, 11, 12, 13, 3, 15, 16, 7, 18, 19]",918.0,"[0, 1, 2, 14, 4, 5, 6, 17, 8, 9, 10, 11, 12, 13, 3, 15, 16, 7, 18, 19]",918.0,0.9060027599334717
"[0, 1, 2, 14, 4, 5, 6, 17, 8, 9, 10, 11, 12, 13, 3, 15, 16, 7, 18, 19]",918.0,"[0, 1, 2, 14, 4, 5, 6, 17, 8, 9, 10, 11, 12, 13, 3, 15, 16, 7, 18, 19]",918.0,0.9719939231872559
"[0, 1, 2, 14, 4, 5, 6, 17, 8, 9, 10, 11, 12, 13, 3, 15, 16, 7, 18, 19]",918.0,"[0, 1, 2, 14, 4, 5, 6, 17, 8, 9, 10, 11, 12, 13, 3, 15, 16, 7, 18, 19]",918.0,1.0359907150268555
"[0, 1, 2, 14, 4, 5, 6, 17, 8, 9, 10, 11, 12, 13, 3, 15, 16, 7, 18, 19]",918.0,"[0, 1, 2, 14, 4, 5, 6, 17, 8, 9, 10, 11, 12, 13, 3, 15, 16, 7, 18, 19]",918.0,1.0999913215637207
"[0, 1, 2, 14, 4, 5, 6, 17, 8, 9, 10, 11, 12, 13, 3, 15, 16, 7, 18, 19]",918.0,"[0, 1, 2, 14, 4, 5, 6, 17, 8, 9, 10, 11, 12, 13, 3, 15, 16, 7, 18, 19]",918.0,1.162996768951416
"[0, 1, 2, 14, 4, 5, 6, 17, 8, 9, 10, 11, 12, 13, 3, 15, 16, 7, 18, 19]",918.0,"[0, 1, 2, 14, 4, 5, 6, 17, 8, 9, 10, 11, 12, 13, 3, 15, 16, 7, 18, 19]",918.0,1.2259953022003174
"[0, 1, 2, 14, 4, 5, 6, 17, 8, 9, 10, 11, 12, 13, 3, 15, 16, 7, 18, 19]",918.0,"[0, 1, 2, 14, 4, 5, 6, 17, 8, 9, 10, 11, 12, 13, 3, 15, 16, 7, 18, 19]",918.0,1.2919964790344238
"[0, 1, 2, 14, 4, 5, 6, 17, 8, 9, 10, 11, 12, 13, 3, 15, 16, 7, 18, 19]",918.0,"[0, 1, 2, 14, 4, 5, 6, 17, 8, 9, 10, 11, 12, 13, 3, 15, 16, 7, 18, 19]",918.0,1.3549957275390625
"[0, 1, 4, 14, 2, 5, 6, 17, 8, 9, 10, 11, 12, 13, 3, 15, 16, 7, 18, 19]",916.0,"[0, 1, 4, 14, 2, 5, 6, 17, 8, 9, 10, 11, 12, 13, 3, 15, 16, 7, 18, 19]",916.0,1.4169983863830566
"[0, 1, 4, 14, 2, 5, 6, 17, 8, 9, 10, 11, 12, 13, 3, 15, 16, 7, 18, 19]",916.0,"[0, 1, 4, 14, 2, 5, 6, 17, 8, 9, 10, 11, 12, 13, 3, 15, 16, 7, 18, 19]",916.0,1.480992317199707
"[0, 1, 4, 14, 2, 5, 6, 17, 8, 9, 10, 11, 12, 13, 3, 15, 16, 7, 18, 19]",916.0,"[0, 1, 4, 14, 2, 5, 6, 17, 8, 9, 10, 11, 12, 13, 3, 15, 16, 7, 18, 19]",916.0,1.5470035076141357
"[0, 1, 4, 14, 2, 5, 6, 17, 8, 9, 10, 11, 12, 13, 3, 15, 16, 7, 18, 19]",916.0,"[0, 1, 4, 14, 2, 5, 6, 17, 8, 9, 10, 11, 12, 13, 3, 15, 16, 7, 18, 19]",916.0,1.6199977397918701
"[0, 1, 4, 14, 2, 5, 6, 17, 8, 9, 10, 11, 12, 13, 3, 15, 16, 7, 18, 19]",916.0,"[0, 1, 4, 14, 2, 5, 6, 17, 8, 9, 10, 11, 12, 13, 3, 15, 16, 7, 18, 19]",916.0,1.684999704360962
"[0, 1, 4, 14, 2, 5, 6, 17, 8, 9, 10, 11, 12, 13, 3, 15, 16, 7, 18, 19]",916.0,"[0, 1, 4, 14, 2, 5, 6, 17, 8, 9, 10, 11, 12, 13, 3, 15, 16, 7, 18, 19]",916.0,1.7490050792694092
"[0, 1, 4, 14, 2, 5, 6, 17, 8, 9, 10, 11, 12, 13, 3, 15, 16, 7, 18, 19]",916.0,"[0, 1, 4, 14, 2, 5, 6, 17, 8, 9, 10, 11, 12, 13, 3, 15, 16, 7, 18, 19]",916.0,1.8130006790161133
"[0, 1, 4, 14, 2, 5, 6, 17, 8, 9, 10, 11, 12, 13, 3, 15, 16, 7, 18, 19]",916.0,"[0, 1, 4, 14, 2, 5, 6, 17, 8, 9, 10, 11, 12, 13, 3, 15, 16, 7, 18, 19]",916.0,1.8760087490081787
"[0, 1, 4, 14, 2, 5, 6, 17, 8, 9, 10, 11, 12, 13, 3, 15, 16, 7, 18, 19]",916.0,"[0, 1, 4, 14, 2, 5, 6, 17, 8, 9, 10, 11, 12, 13, 3, 15, 16, 7, 18, 19]",916.0,1.93902587890625
"[0, 1, 4, 14, 2, 5, 6, 17, 8, 9, 10, 11, 12, 13, 3, 15, 16, 7, 18, 19]",916.0,"[0, 1, 4, 14, 2, 5, 6, 17, 8, 9, 10, 11, 12, 13, 3, 15, 16, 7, 18, 19]",916.0,2.0030291080474854
"[0, 1, 4, 14, 2, 5, 6, 17, 8, 9, 10, 11, 12, 13, 3, 15, 16, 7, 18, 19]",916.0,"[0, 1, 4, 14, 2, 5, 6, 17, 8, 9, 10, 11, 12, 13, 3, 15, 16, 7, 18, 19]",916.0,2.0680267810821533
"[0, 1, 4, 14, 2, 5, 6, 17, 8, 9, 10, 11, 12, 13, 3, 15, 16, 7, 18, 19]",916.0,"[0, 1, 4, 14, 2, 5, 6, 17, 8, 9, 10, 11, 12, 13, 3, 15, 16, 7, 18, 19]",916.0,2.1310322284698486
"[0, 1, 4, 14, 2, 5, 6, 17, 8, 9, 10, 11, 12, 13, 3, 15, 16, 7, 18, 19]",916.0,"[0, 1, 4, 14, 2, 5, 6, 17, 8, 9, 10, 11, 12, 13, 3, 15, 16, 7, 18, 19]",916.0,2.1950294971466064
"[0, 1, 4, 14, 2, 5, 6, 17, 8, 9, 10, 11, 12, 13, 3, 15, 16, 7, 18, 19]",916.0,"[0, 1, 4, 14, 2, 5, 6, 17, 8, 9, 10, 11, 12, 13, 3, 15, 16, 7, 18, 19]",916.0,2.260044813156128
"[0, 1, 4, 14, 2, 5, 6, 17, 8, 9, 10, 11, 12, 13, 3, 15, 16, 7, 18, 19]",916.0,"[0, 1, 4, 14, 2, 5, 6, 17, 8, 9, 10, 11, 12, 13, 3, 15, 16, 7, 18, 19]",916.0,2.324033498764038
"[0, 1, 4, 14, 2, 5, 6, 17, 8, 9, 10, 11, 12, 13, 3, 15, 16, 7, 18, 19]",916.0,"[0, 1, 4, 14, 2, 5, 6, 17, 8, 9, 10, 11, 12, 13, 3, 15, 16, 7, 18, 19]",916.0,2.390033006668091
"[0, 1, 4, 14, 2, 5, 6, 17, 8, 9, 10, 11, 12, 13, 3, 15, 16, 7, 18, 19]",916.0,"[0, 1, 4, 14, 2, 5, 6, 17, 8, 9, 10, 11, 12, 13, 3, 15, 16, 7, 18, 19]",916.0,2.455070734024048
"[0, 1, 4, 14, 2, 5, 6, 17, 8, 9, 10, 11, 12, 13, 3, 15, 16, 7, 18, 19]",916.0,"[0, 1, 4, 14, 2, 5, 6, 17, 8, 9, 10, 11, 12, 13, 3, 15, 16, 7, 18, 19]",916.0,2.5200722217559814
"[0, 1, 4, 14, 2, 5, 6, 17, 8, 9, 10, 11, 12, 13, 3, 15, 16, 7, 18, 19]",916.0,"[0, 1, 4, 14, 2, 5, 6, 17, 8, 9, 10, 11, 12, 13, 3, 15, 16, 7, 18, 19]",916.0,2.5860745906829834
"[0, 1, 4, 14, 2, 5, 6, 17, 8, 9, 10, 11, 12, 13, 3, 15, 16, 7, 18, 19]",916.0,"[0, 1, 4, 14, 2, 5, 6, 17, 8, 9, 10, 11, 12, 13, 3, 15, 16, 7, 18, 19]",916.0,2.6500773429870605
"[0, 1, 4, 14, 2, 5, 6, 17, 8, 9, 10, 11, 12, 13, 3, 15, 16, 7, 18, 19]",916.0,"[0, 1, 4, 14, 2, 5, 6, 17, 8, 9, 10, 11, 12, 13, 3, 15, 16, 7, 18, 19]",916.0,2.715076446533203
"[0, 1, 4, 14, 2, 5, 6, 17, 8, 9, 10, 11, 12, 13, 3, 15, 16, 7, 18, 19]",916.0,"[0, 1, 4, 14, 2, 5, 6, 17, 8, 9, 10, 11, 12, 13, 3, 15, 16, 7, 18, 19]",916.0,2.778074026107788
"[0, 1, 4, 14, 2, 5, 6, 17, 8, 9, 10, 11, 12, 13, 3, 15, 16, 7, 18, 19]",916.0,"[0, 1, 4, 14, 2, 5, 6, 17, 8, 9, 10, 11, 12, 13, 3, 15, 16, 7, 18, 19]",916.0,2.842073917388916
"[0, 1, 4, 14, 2, 11, 6, 17, 8, 9, 10, 5, 12, 13, 3, 15, 16, 7, 18, 19]",903.0,"[0, 1, 4, 14, 2, 11, 6, 17, 8, 9, 10, 5, 12, 13, 3, 15, 16, 7, 18, 19]",903.0,2.9060757160186768
"[0, 1, 4, 14, 2, 11, 6, 17, 8, 9, 10, 5, 12, 13, 3, 15, 16, 7, 18, 19]",903.0,"[0, 1, 4, 14, 2, 11, 6, 17, 8, 9, 10, 5, 12, 13, 3, 15, 16, 7, 18, 19]",903.0,2.969076156616211
"[0, 1, 4, 14, 2, 11, 6, 17, 8, 9, 10, 5, 12, 13, 3, 15, 16, 7, 18, 19]",903.0,"[0, 1, 4, 14, 2, 11, 6, 17, 8, 9, 10, 5, 12, 13, 3, 15, 16, 7, 18, 19]",903.0,3.0330750942230225
"[0, 1, 4, 14, 2, 11, 6, 17, 8, 9, 10, 5, 12, 13, 3, 15, 16, 7, 18, 19]",903.0,"[0, 1, 4, 14, 2, 11, 6, 17, 8, 9, 10, 5, 12, 13, 3, 15, 16, 7, 18, 19]",903.0,3.0960795879364014
"[0, 1, 4, 14, 2, 11, 6, 17, 8, 9, 10, 5, 12, 13, 3, 15, 16, 7, 18, 19]",903.0,"[0, 1, 4, 14, 2, 11, 6, 17, 8, 9, 10, 5, 12, 13, 3, 15, 16, 7, 18, 19]",903.0,3.1591341495513916
"[0, 1, 4, 14, 2, 11, 6, 17, 8, 9, 10, 5, 12, 13, 3, 15, 16, 7, 18, 19]",903.0,"[0, 1, 4, 14, 2, 11, 6, 17, 8, 9, 10, 5, 12, 13, 3, 15, 16, 7, 18, 19]",903.0,3.2230823040008545
"[0, 1, 4, 14, 2, 11, 6, 17, 8, 9, 10, 5, 12, 13, 3, 15, 16, 7, 18, 19]",903.0,"[0, 1, 4, 14, 2, 11, 6, 17, 8, 9, 10, 5, 12, 13, 3, 15, 16, 7, 18, 19]",903.0,3.286079168319702
"[0, 1, 4, 14, 2, 11, 6, 17, 8, 9, 10, 5, 12, 18, 3, 15, 16, 7, 13, 19]",872.5,"[0, 1, 4, 14, 2, 11, 6, 17, 8, 9, 10, 5, 12, 18, 3, 15, 16, 7, 13, 19]",872.5,3.3510899543762207
"[0, 1, 4, 14, 2, 11, 6, 17, 8, 9, 10, 5, 12, 18, 3, 13, 16, 7, 15, 19]",863.0,"[0, 1, 4, 14, 2, 11, 6, 17, 8, 9, 10, 5, 12, 18, 3, 13, 16, 7, 15, 19]",863.0,3.414078712463379
"[0, 1, 4, 14, 2, 11, 6, 17, 8, 9, 10, 5, 12, 18, 3, 13, 16, 7, 15, 19]",863.0,"[0, 1, 4, 14, 2, 11, 6, 17, 8, 9, 10, 5, 12, 18, 3, 13, 16, 7, 15, 19]",863.0,3.475083351135254
"[0, 1, 4, 14, 2, 11, 6, 17, 8, 9, 10, 5, 12, 18, 3, 13, 16, 7, 15, 19]",863.0,"[0, 1, 4, 14, 2, 11, 6, 17, 8, 9, 10, 5, 12, 18, 3, 13, 16, 7, 15, 19]",863.0,3.5434141159057617
"[0, 1, 4, 14, 7, 11, 6, 17, 8, 9, 10, 5, 12, 18, 3, 13, 16, 2, 15, 19]",844.0,"[0, 1, 4, 14, 7, 11, 6, 17, 8, 9, 10, 5, 12, 18, 3, 13, 16, 2, 15, 19]",844.0,3.613084316253662
"[0, 1, 4, 14, 7, 11, 6, 17, 8, 9, 10, 5, 12, 18, 3, 13, 16, 2, 15, 19]",844.0,"[0, 1, 4, 14, 7, 11, 6, 17, 8, 9, 10, 5, 12, 18, 3, 13, 16, 2, 15, 19]",844.0,3.6760878562927246
"[0, 1, 4, 14, 7, 11, 6, 17, 8, 9, 10, 5, 12, 18, 3, 13, 16, 2, 15, 19]",844.0,"[0, 1, 4, 14, 7, 11, 6, 17, 8, 9, 10, 5, 12, 18, 3, 13, 16, 2, 15, 19]",844.0,3.7410852909088135
"[0, 1, 4, 14, 7, 11, 6, 17, 8, 9, 10, 5, 12, 18, 3, 13, 16, 2, 15, 19]",844.0,"[0, 1, 4, 14, 7, 11, 6, 17, 8, 9, 10, 5, 12, 18, 3, 13, 16, 2, 15, 19]",844.0,3.809086322784424
"[0, 1, 4, 14, 7, 11, 6, 17, 8, 9, 10, 5, 12, 18, 3, 13, 16, 2, 15, 19]",844.0,"[0, 1, 4, 14, 7, 11, 6, 17, 8, 9, 10, 5, 12, 18, 3, 13, 16, 2, 15, 19]",844.0,3.8730831146240234
"[0, 1, 4, 14, 7, 11, 6, 17, 8, 9, 10, 5, 12, 18, 3, 13, 16, 2, 15, 19]",844.0,"[0, 1, 4, 14, 7, 11, 6, 17, 8, 9, 10, 5, 12, 18, 3, 13, 16, 2, 15, 19]",844.0,3.9390909671783447
"[0, 1, 4, 14, 7, 11, 6, 17, 8, 9, 10, 5, 12, 18, 3, 13, 16, 2, 15, 19]",844.0,"[0, 1, 4, 14, 7, 11, 6, 17, 8, 9, 10, 5, 12, 18, 3, 13, 16, 2, 15, 19]",844.0,4.0041046142578125
"[0, 1, 4, 14, 7, 11, 6, 17, 8, 9, 10, 5, 12, 18, 3, 13, 16, 2, 15, 19]",844.0,"[0, 1, 4, 14, 7, 11, 6, 17, 8, 9, 10, 5, 12, 18, 3, 13, 16, 2, 15, 19]",844.0,4.066134929656982
"[0, 1, 4, 14, 7, 11, 6, 17, 8, 9, 10, 5, 12, 18, 3, 13, 16, 2, 15, 19]",844.0,"[0, 1, 4, 14, 7, 11, 6, 17, 8, 9, 10, 5, 12, 18, 3, 13, 16, 2, 15, 19]",844.0,4.130235433578491
"[0, 1, 4, 14, 7, 11, 6, 17, 8, 9, 10, 5, 12, 18, 3, 13, 16, 2, 15, 19]",844.0,"[0, 1, 4, 14, 7, 11, 6, 17, 8, 9, 10, 5, 12, 18, 3, 13, 16, 2, 15, 19]",844.0,4.192094802856445
"[0, 1, 4, 14, 7, 11, 6, 17, 8, 9, 10, 5, 12, 18, 3, 13, 16, 2, 15, 19]",844.0,"[0, 1, 4, 14, 7, 11, 6, 17, 8, 9, 10, 5, 12, 18, 3, 13, 16, 2, 15, 19]",844.0,4.25809121131897
"[0, 1, 4, 14, 7, 11, 6, 17, 8, 9, 10, 5, 12, 18, 3, 13, 16, 2, 15, 19]",844.0,"[0, 1, 4, 14, 7, 11, 6, 17, 8, 9, 10, 5, 12, 18, 3, 13, 16, 2, 15, 19]",844.0,4.320090055465698
"[0, 1, 4, 14, 7, 11, 6, 17, 8, 9, 10, 5, 12, 18, 3, 13, 16, 2, 15, 19]",844.0,"[0, 1, 4, 14, 7, 11, 6, 17, 8, 9, 10, 5, 12, 18, 3, 13, 16, 2, 15, 19]",844.0,4.3820977210998535
"[0, 1, 4, 14, 7, 11, 6, 17, 8, 9, 10, 5, 12, 18, 3, 13, 16, 2, 15, 19]",844.0,"[0, 1, 4, 14, 7, 11, 6, 17, 8, 9, 10, 5, 12, 18, 3, 13, 16, 2, 15, 19]",844.0,4.444093227386475
"[0, 1, 4, 14, 7, 11, 6, 17, 8, 9, 10, 5, 12, 18, 3, 13, 16, 2, 15, 19]",844.0,"[0, 1, 4, 14, 7, 11, 6, 17, 8, 9, 10, 5, 12, 18, 3, 13, 16, 2, 15, 19]",844.0,4.507092237472534
"[0, 1, 4, 14, 7, 11, 6, 17, 8, 9, 10, 5, 12, 18, 3, 13, 16, 2, 15, 19]",844.0,"[0, 1, 4, 14, 7, 11, 6, 17, 8, 9, 10, 5, 12, 18, 3, 13, 16, 2, 15, 19]",844.0,4.5690953731536865
"[0, 1, 4, 14, 7, 11, 6, 17, 8, 9, 10, 5, 12, 18, 3, 13, 16, 2, 15, 19]",844.0,"[0, 1, 4, 14, 7, 11, 6, 17, 8, 9, 10, 5, 12, 18, 3, 13, 16, 2, 15, 19]",844.0,4.631094455718994
"[0, 1, 4, 14, 7, 11, 6, 17, 8, 9, 10, 5, 12, 18, 3, 13, 16, 2, 15, 19]",844.0,"[0, 1, 4, 14, 7, 11, 6, 17, 8, 9, 10, 5, 12, 18, 3, 13, 16, 2, 15, 19]",844.0,4.694097995758057
"[0, 1, 4, 14, 7, 11, 6, 17, 8, 9, 10, 5, 12, 18, 3, 13, 16, 2, 15, 19]",844.0,"[0, 1, 4, 14, 7, 11, 6, 17, 8, 9, 10, 5, 12, 18, 3, 13, 16, 2, 15, 19]",844.0,4.788101673126221
"[0, 1, 4, 14, 7, 11, 6, 17, 8, 9, 10, 5, 12, 18, 3, 13, 16, 2, 15, 19]",844.0,"[0, 1, 4, 14, 7, 11, 6, 17, 8, 9, 10, 5, 12, 18, 3, 13, 16, 2, 15, 19]",844.0,4.851101875305176
"[0, 1, 4, 14, 7, 11, 6, 17, 8, 9, 10, 5, 12, 18, 3, 13, 16, 2, 15, 19]",844.0,"[0, 1, 4, 14, 7, 11, 6, 17, 8, 9, 10, 5, 12, 18, 3, 13, 16, 2, 15, 19]",844.0,4.9131011962890625
"[0, 1, 4, 14, 7, 11, 6, 17, 8, 9, 10, 5, 12, 18, 3, 13, 16, 2, 15, 19]",844.0,"[0, 1, 4, 14, 7, 11, 6, 17, 8, 9, 10, 5, 12, 18, 3, 13, 16, 2, 15, 19]",844.0,4.9761061668396
"[0, 1, 4, 14, 7, 11, 6, 17, 8, 9, 10, 5, 12, 18, 3, 13, 16, 2, 15, 19]",844.0,"[0, 1, 4, 14, 7, 11, 6, 17, 8, 9, 10, 5, 12, 18, 3, 13, 16, 2, 15, 19]",844.0,5.037097930908203
"[0, 1, 4, 14, 7, 11, 6, 17, 8, 9, 10, 5, 12, 18, 3, 13, 16, 2, 15, 19]",844.0,"[0, 1, 4, 14, 7, 11, 6, 17, 8, 9, 10, 5, 12, 18, 3, 13, 16, 2, 15, 19]",844.0,5.0991051197052
"[0, 1, 4, 14, 7, 11, 6, 17, 8, 9, 10, 5, 12, 18, 3, 13, 16, 2, 15, 19]",844.0,"[0, 1, 4, 14, 7, 11, 6, 17, 8, 9, 10, 5, 12, 18, 3, 13, 16, 2, 15, 19]",844.0,5.1631019115448
"[0, 1, 4, 14, 7, 11, 6, 17, 8, 9, 10, 5, 12, 18, 3, 13, 16, 2, 15, 19]",844.0,"[0, 1, 4, 14, 7, 11, 6, 17, 8, 9, 10, 5, 12, 18, 3, 13, 16, 2, 15, 19]",844.0,5.225103139877319
"[0, 1, 4, 14, 7, 11, 6, 17, 8, 9, 10, 5, 12, 18, 3, 13, 16, 2, 15, 19]",844.0,"[0, 1, 4, 14, 7, 11, 6, 17, 8, 9, 10, 5, 12, 18, 3, 13, 16, 2, 15, 19]",844.0,5.289104223251343
"[0, 1, 4, 14, 7, 11, 6, 17, 8, 9, 10, 5, 12, 18, 3, 13, 16, 2, 15, 19]",844.0,"[0, 1, 4, 14, 7, 11, 6, 17, 8, 9, 10, 5, 12, 18, 3, 13, 16, 2, 15, 19]",844.0,5.3551342487335205
"[0, 1, 4, 14, 7, 11, 6, 17, 8, 9, 10, 5, 12, 18, 3, 13, 16, 2, 15, 19]",844.0,"[0, 1, 4, 14, 7, 11, 6, 17, 8, 9, 10, 5, 12, 18, 3, 13, 16, 2, 15, 19]",844.0,5.421103000640869
"[0, 1, 4, 14, 7, 11, 6, 17, 8, 9, 10, 5, 12, 18, 3, 13, 16, 2, 15, 19]",844.0,"[0, 1, 4, 14, 7, 11, 6, 17, 8, 9, 10, 5, 12, 18, 3, 13, 16, 2, 15, 19]",844.0,5.48310112953186
"[0, 1, 4, 14, 7, 11, 6, 17, 8, 9, 10, 5, 12, 18, 3, 13, 16, 2, 15, 19]",844.0,"[0, 1, 4, 14, 7, 11, 6, 17, 8, 9, 10, 5, 12, 18, 3, 13, 16, 2, 15, 19]",844.0,5.547102928161621
"[0, 1, 4, 14, 7, 11, 6, 17, 8, 9, 10, 5, 12, 18, 3, 13, 16, 2, 15, 19]",844.0,"[0, 1, 4, 14, 7, 11, 6, 17, 8, 9, 10, 5, 12, 18, 3, 13, 16, 2, 15, 19]",844.0,5.613105773925781
"[0, 1, 4, 14, 7, 11, 6, 17, 8, 9, 10, 5, 12, 18, 3, 13, 16, 2, 15, 19]",844.0,"[0, 1, 4, 14, 7, 11, 6, 17, 8, 9, 10, 5, 12, 18, 3, 13, 16, 2, 15, 19]",844.0,5.67612624168396
"[0, 1, 4, 14, 7, 11, 6, 17, 8, 9, 10, 5, 12, 18, 3, 13, 16, 2, 15, 19]",844.0,"[0, 1, 4, 14, 7, 11, 6, 17, 8, 9, 10, 5, 12, 18, 3, 13, 16, 2, 15, 19]",844.0,5.740111351013184
"[0, 1, 4, 14, 7, 11, 6, 17, 8, 9, 10, 5, 12, 18, 3, 13, 16, 2, 15, 19]",844.0,"[0, 1, 4, 14, 7, 11, 6, 17, 8, 9, 10, 5, 12, 18, 3, 13, 16, 2, 15, 19]",844.0,5.802112579345703
"[0, 1, 4, 14, 7, 11, 6, 17, 8, 9, 10, 5, 12, 18, 3, 13, 16, 2, 15, 19]",844.0,"[0, 1, 4, 14, 7, 11, 6, 17, 8, 9, 10, 5, 12, 18, 3, 13, 16, 2, 15, 19]",844.0,5.8711066246032715
"[0, 1, 4, 14, 7, 11, 6, 17, 8, 9, 10, 5, 12, 18, 3, 13, 16, 2, 15, 19]",844.0,"[0, 1, 4, 14, 7, 11, 6, 17, 8, 9, 10, 5, 12, 18, 3, 13, 16, 2, 15, 19]",844.0,5.9391114711761475
"[0, 1, 4, 14, 7, 11, 6, 17, 8, 9, 10, 5, 12, 18, 3, 13, 16, 2, 15, 19]",844.0,"[0, 1, 4, 14, 7, 11, 6, 17, 8, 9, 10, 5, 12, 18, 3, 13, 16, 2, 15, 19]",844.0,6.003109931945801
"[0, 1, 4, 14, 7, 11, 6, 17, 8, 9, 10, 5, 12, 18, 3, 13, 16, 2, 15, 19]",844.0,"[0, 1, 4, 14, 7, 11, 6, 17, 8, 9, 10, 5, 12, 18, 3, 13, 16, 2, 15, 19]",844.0,6.0681116580963135
"[0, 1, 4, 14, 7, 11, 6, 17, 8, 9, 10, 5, 12, 18, 3, 13, 16, 2, 15, 19]",844.0,"[0, 1, 4, 14, 7, 11, 6, 17, 8, 9, 10, 5, 12, 18, 3, 13, 16, 2, 15, 19]",844.0,6.133112668991089
"[0, 1, 4, 14, 7, 11, 6, 17, 8, 9, 10, 5, 12, 18, 3, 13, 16, 2, 15, 19]",844.0,"[0, 1, 4, 14, 7, 11, 6, 17, 8, 9, 10, 5, 12, 18, 3, 13, 16, 2, 15, 19]",844.0,6.197115659713745
"[0, 1, 4, 14, 7, 11, 6, 17, 8, 9, 10, 5, 12, 18, 3, 13, 16, 2, 15, 19]",844.0,"[0, 1, 4, 14, 7, 11, 6, 17, 8, 9, 10, 5, 12, 18, 3, 13, 16, 2, 15, 19]",844.0,6.258116245269775
"[0, 1, 4, 14, 7, 11, 6, 17, 8, 9, 10, 5, 12, 18, 3, 13, 16, 2, 15, 19]",844.0,"[0, 1, 4, 14, 7, 11, 6, 17, 8, 9, 10, 5, 12, 18, 3, 13, 16, 2, 15, 19]",844.0,6.320111036300659
"[0, 1, 4, 14, 7, 11, 6, 17, 8, 9, 10, 5, 12, 18, 3, 13, 16, 2, 15, 19]",844.0,"[0, 1, 4, 14, 7, 11, 6, 17, 8, 9, 10, 5, 12, 18, 3, 13, 16, 2, 15, 19]",844.0,6.382113456726074
"[0, 1, 4, 14, 7, 11, 6, 17, 8, 9, 10, 5, 12, 18, 3, 13, 16, 2, 15, 19]",844.0,"[0, 1, 4, 14, 7, 11, 6, 17, 8, 9, 10, 5, 12, 18, 3, 13, 16, 2, 15, 19]",844.0,6.443115949630737
"[0, 1, 4, 14, 7, 11, 6, 17, 8, 9, 10, 5, 12, 18, 3, 13, 16, 2, 15, 19]",844.0,"[0, 1, 4, 14, 7, 11, 6, 17, 8, 9, 10, 5, 12, 18, 3, 13, 16, 2, 15, 19]",844.0,6.503116130828857
"[0, 1, 4, 14, 7, 11, 6, 17, 8, 9, 10, 5, 12, 18, 3, 13, 16, 2, 15, 19]",844.0,"[0, 1, 4, 14, 7, 11, 6, 17, 8, 9, 10, 5, 12, 18, 3, 13, 16, 2, 15, 19]",844.0,6.565114736557007
"[0, 1, 4, 14, 7, 11, 6, 17, 8, 9, 10, 5, 12, 18, 3, 13, 16, 2, 15, 19]",844.0,"[0, 1, 4, 14, 7, 11, 6, 17, 8, 9, 10, 5, 12, 18, 3, 13, 16, 2, 15, 19]",844.0,6.627115964889526
"[0, 1, 4, 14, 7, 11, 6, 17, 8, 9, 10, 5, 12, 18, 3, 13, 16, 2, 15, 19]",844.0,"[0, 1, 4, 14, 7, 11, 6, 17, 8, 9, 10, 5, 12, 18, 3, 13, 16, 2, 15, 19]",844.0,6.6881186962127686
"[0, 1, 4, 14, 7, 11, 6, 17, 8, 9, 10, 5, 12, 18, 3, 13, 16, 2, 15, 19]",844.0,"[0, 1, 4, 14, 7, 11, 6, 17, 8, 9, 10, 5, 12, 18, 3, 13, 16, 2, 15, 19]",844.0,6.749122381210327
"[0, 1, 4, 14, 7, 11, 6, 17, 8, 9, 10, 5, 12, 18, 3, 13, 16, 2, 15, 19]",844.0,"[0, 1, 4, 14, 7, 11, 6, 17, 8, 9, 10, 5, 12, 18, 3, 13, 16, 2, 15, 19]",844.0,6.811156988143921
"[0, 1, 4, 14, 7, 11, 6, 17, 8, 9, 10, 5, 12, 18, 3, 13, 16, 2, 15, 19]",844.0,"[0, 1, 4, 14, 7, 11, 6, 17, 8, 9, 10, 5, 12, 18, 3, 13, 16, 2, 15, 19]",844.0,6.873119831085205
"[0, 1, 4, 14, 7, 11, 6, 17, 8, 9, 10, 5, 12, 18, 3, 13, 16, 2, 15, 19]",844.0,"[0, 1, 4, 14, 7, 11, 6, 17, 8, 9, 10, 5, 12, 18, 3, 13, 16, 2, 15, 19]",844.0,6.936121940612793
"[0, 1, 4, 14, 7, 11, 6, 17, 8, 9, 10, 5, 12, 18, 3, 13, 16, 2, 15, 19]",844.0,"[0, 1, 4, 14, 7, 11, 6, 17, 8, 9, 10, 5, 12, 18, 3, 13, 16, 2, 15, 19]",844.0,6.999120712280273
"[0, 1, 4, 14, 7, 11, 6, 17, 8, 9, 10, 5, 12, 18, 3, 13, 16, 2, 15, 19]",844.0,"[0, 1, 4, 14, 7, 11, 6, 17, 8, 9, 10, 5, 12, 18, 3, 13, 16, 2, 15, 19]",844.0,7.0611252784729
"[0, 1, 4, 14, 7, 11, 6, 17, 8, 9, 10, 5, 12, 18, 3, 13, 16, 2, 15, 19]",844.0,"[0, 1, 4, 14, 7, 11, 6, 17, 8, 9, 10, 5, 12, 18, 3, 13, 16, 2, 15, 19]",844.0,7.124125957489014
"[0, 1, 4, 14, 7, 11, 6, 17, 8, 9, 10, 5, 12, 18, 3, 13, 16, 2, 15, 19]",844.0,"[0, 1, 4, 14, 7, 11, 6, 17, 8, 9, 10, 5, 12, 18, 3, 13, 16, 2, 15, 19]",844.0,7.191120862960815
"[0, 1, 4, 14, 7, 11, 6, 17, 8, 9, 10, 5, 12, 18, 3, 13, 16, 2, 15, 19]",844.0,"[0, 1, 4, 14, 7, 11, 6, 17, 8, 9, 10, 5, 12, 18, 3, 13, 16, 2, 15, 19]",844.0,7.251128435134888
"[0, 1, 4, 14, 7, 11, 6, 17, 8, 9, 10, 5, 12, 18, 3, 13, 16, 2, 15, 19]",844.0,"[0, 1, 4, 14, 7, 11, 6, 17, 8, 9, 10, 5, 12, 18, 3, 13, 16, 2, 15, 19]",844.0,7.316122531890869
"[0, 1, 4, 14, 7, 11, 6, 17, 8, 9, 10, 5, 12, 18, 3, 13, 16, 2, 15, 19]",844.0,"[0, 1, 4, 14, 7, 11, 6, 17, 8, 9, 10, 5, 12, 18, 3, 13, 16, 2, 15, 19]",844.0,7.3771278858184814
"[0, 1, 4, 14, 7, 11, 6, 17, 8, 9, 10, 5, 12, 18, 3, 13, 16, 2, 15, 19]",844.0,"[0, 1, 4, 14, 7, 11, 6, 17, 8, 9, 10, 5, 12, 18, 3, 13, 16, 2, 15, 19]",844.0,7.439146518707275
"[0, 1, 4, 14, 7, 11, 6, 17, 8, 9, 10, 5, 12, 18, 3, 13, 16, 2, 15, 19]",844.0,"[0, 1, 4, 14, 7, 11, 6, 17, 8, 9, 10, 5, 12, 18, 3, 13, 16, 2, 15, 19]",844.0,7.502129316329956
"[0, 1, 4, 14, 7, 11, 6, 17, 8, 9, 10, 5, 12, 18, 3, 13, 16, 2, 15, 19]",844.0,"[0, 1, 4, 14, 7, 11, 6, 17, 8, 9, 10, 5, 12, 18, 3, 13, 16, 2, 15, 19]",844.0,7.564131498336792
"[0, 1, 4, 14, 7, 11, 6, 17, 8, 9, 10, 5, 12, 18, 3, 13, 16, 2, 15, 19]",844.0,"[0, 1, 4, 14, 7, 11, 6, 17, 8, 9, 10, 5, 12, 18, 3, 13, 16, 2, 15, 19]",844.0,7.6251280307769775
"[0, 1, 4, 14, 7, 11, 6, 17, 8, 9, 10, 5, 12, 18, 3, 13, 16, 2, 15, 19]",844.0,"[0, 1, 4, 14, 7, 11, 6, 17, 8, 9, 10, 5, 12, 18, 3, 13, 16, 2, 15, 19]",844.0,7.688133955001831
"[0, 1, 4, 14, 7, 11, 6, 17, 8, 9, 10, 5, 12, 18, 3, 13, 16, 2, 15, 19]",844.0,"[0, 1, 4, 14, 7, 11, 6, 17, 8, 9, 10, 5, 12, 18, 3, 13, 16, 2, 15, 19]",844.0,7.750132083892822
"[0, 1, 4, 14, 7, 11, 6, 17, 8, 9, 10, 5, 12, 18, 3, 13, 16, 2, 15, 19]",844.0,"[0, 1, 4, 14, 7, 11, 6, 17, 8, 9, 10, 5, 12, 18, 3, 13, 16, 2, 15, 19]",844.0,7.812142610549927
"[0, 1, 4, 14, 7, 11, 6, 17, 8, 9, 10, 5, 12, 18, 3, 13, 16, 2, 15, 19]",844.0,"[0, 1, 4, 14, 7, 11, 6, 17, 8, 9, 10, 5, 12, 18, 3, 13, 16, 2, 15, 19]",844.0,7.874130725860596
"[0, 1, 4, 14, 7, 11, 6, 17, 8, 9, 10, 5, 12, 18, 3, 13, 16, 2, 15, 19]",844.0,"[0, 1, 4, 14, 7, 11, 6, 17, 8, 9, 10, 5, 12, 18, 3, 13, 16, 2, 15, 19]",844.0,7.935134172439575
"[0, 1, 4, 14, 7, 11, 6, 17, 8, 9, 10, 5, 12, 18, 3, 13, 16, 2, 15, 19]",844.0,"[0, 1, 4, 14, 7, 11, 6, 17, 8, 9, 10, 5, 12, 18, 3, 13, 16, 2, 15, 19]",844.0,7.997312307357788
"[0, 1, 4, 14, 7, 11, 6, 17, 8, 9, 10, 5, 12, 18, 3, 13, 16, 2, 15, 19]",844.0,"[0, 1, 4, 14, 7, 11, 6, 17, 8, 9, 10, 5, 12, 18, 3, 13, 16, 2, 15, 19]",844.0,8.060133218765259
"[0, 1, 4, 14, 7, 11, 6, 17, 8, 9, 10, 5, 12, 18, 3, 13, 16, 2, 15, 19]",844.0,"[0, 1, 4, 14, 7, 11, 6, 17, 8, 9, 10, 5, 12, 18, 3, 13, 16, 2, 15, 19]",844.0,8.124135494232178
"[0, 1, 4, 14, 7, 11, 6, 17, 8, 9, 10, 5, 12, 18, 3, 13, 16, 2, 15, 19]",844.0,"[0, 1, 4, 14, 7, 11, 6, 17, 8, 9, 10, 5, 12, 18, 3, 13, 16, 2, 15, 19]",844.0,8.18513822555542
"[0, 1, 4, 14, 7, 11, 6, 17, 8, 9, 10, 5, 12, 18, 3, 13, 16, 2, 15, 19]",844.0,"[0, 1, 4, 14, 7, 11, 6, 17, 8, 9, 10, 5, 12, 18, 3, 13, 16, 2, 15, 19]",844.0,8.249141216278076
"[0, 1, 4, 14, 7, 11, 6, 17, 8, 9, 10, 5, 12, 18, 3, 13, 16, 2, 15, 19]",844.0,"[0, 1, 4, 14, 7, 11, 6, 17, 8, 9, 10, 5, 12, 18, 3, 13, 16, 2, 15, 19]",844.0,8.311138391494751
"[0, 1, 4, 14, 7, 11, 6, 17, 8, 9, 10, 5, 12, 18, 3, 13, 16, 2, 15, 19]",844.0,"[0, 1, 4, 14, 7, 11, 6, 17, 8, 9, 10, 5, 12, 18, 3, 13, 16, 2, 15, 19]",844.0,8.375150680541992
"[0, 1, 4, 14, 7, 11, 6, 17, 8, 9, 10, 5, 12, 18, 3, 13, 16, 2, 15, 19]",844.0,"[0, 1, 4, 14, 7, 11, 6, 17, 8, 9, 10, 5, 12, 18, 3, 13, 16, 2, 15, 19]",844.0,8.437135457992554
"[0, 1, 4, 14, 7, 11, 6, 17, 8, 9, 10, 5, 12, 18, 3, 13, 16, 2, 15, 19]",844.0,"[0, 1, 4, 14, 7, 11, 6, 17, 8, 9, 10, 5, 12, 18, 3, 13, 16, 2, 15, 19]",844.0,8.500800609588623
"[0, 1, 4, 14, 7, 11, 6, 17, 8, 9, 10, 5, 12, 18, 3, 13, 16, 2, 15, 19]",844.0,"[0, 1, 4, 14, 7, 11, 6, 17, 8, 9, 10, 5, 12, 18, 3, 13, 16, 2, 15, 19]",844.0,8.565148830413818
"[0, 1, 4, 14, 7, 11, 6, 17, 8, 9, 10, 5, 12, 18, 3, 13, 16, 2, 15, 19]",844.0,"[0, 1, 4, 14, 7, 11, 6, 17, 8, 9, 10, 5, 12, 18, 3, 13, 16, 2, 15, 19]",844.0,8.629152774810791
"[0, 1, 4, 14, 7, 11, 6, 17, 8, 9, 10, 5, 12, 18, 3, 13, 16, 2, 15, 19]",844.0,"[0, 1, 4, 14, 7, 11, 6, 17, 8, 9, 10, 5, 12, 18, 3, 13, 16, 2, 15, 19]",844.0,8.693207740783691
"[0, 1, 4, 14, 7, 11, 6, 17, 8, 9, 10, 5, 12, 18, 3, 13, 16, 2, 15, 19]",844.0,"[0, 1, 4, 14, 7, 11, 6, 17, 8, 9, 10, 5, 12, 18, 3, 13, 16, 2, 15, 19]",844.0,8.754146337509155
"[0, 1, 4, 14, 7, 11, 6, 17, 8, 9, 10, 5, 12, 18, 3, 13, 16, 2, 15, 19]",844.0,"[0, 1, 4, 14, 7, 11, 6, 17, 8, 9, 10, 5, 12, 18, 3, 13, 16, 2, 15, 19]",844.0,8.817142009735107
"[0, 1, 4, 14, 7, 11, 6, 17, 8, 9, 10, 5, 12, 18, 3, 13, 16, 2, 15, 19]",844.0,"[0, 1, 4, 14, 7, 11, 6, 17, 8, 9, 10, 5, 12, 18, 3, 13, 16, 2, 15, 19]",844.0,8.879151344299316
"[0, 1, 4, 14, 7, 11, 6, 17, 8, 9, 10, 5, 12, 18, 3, 13, 16, 2, 15, 19]",844.0,"[0, 1, 4, 14, 7, 11, 6, 17, 8, 9, 10, 5, 12, 18, 3, 13, 16, 2, 15, 19]",844.0,8.94114089012146
"[0, 1, 4, 14, 7, 11, 6, 17, 8, 9, 10, 5, 12, 18, 3, 13, 16, 2, 15, 19]",844.0,"[0, 1, 4, 14, 7, 11, 6, 17, 8, 9, 10, 5, 12, 18, 3, 13, 16, 2, 15, 19]",844.0,9.004152774810791
"[0, 1, 4, 14, 7, 11, 6, 17, 8, 9, 10, 5, 12, 18, 3, 13, 16, 2, 15, 19]",844.0,"[0, 1, 4, 14, 7, 11, 6, 17, 8, 9, 10, 5, 12, 18, 3, 13, 16, 2, 15, 19]",844.0,9.068143606185913
"[0, 1, 4, 14, 7, 11, 6, 17, 8, 9, 10, 5, 12, 18, 3, 13, 16, 2, 15, 19]",844.0,"[0, 1, 4, 14, 7, 11, 6, 17, 8, 9, 10, 5, 12, 18, 3, 13, 16, 2, 15, 19]",844.0,9.13016414642334
"[0, 1, 4, 14, 7, 11, 6, 17, 8, 9, 10, 5, 12, 18, 3, 13, 16, 2, 15, 19]",844.0,"[0, 1, 4, 14, 7, 11, 6, 17, 8, 9, 10, 5, 12, 18, 3, 13, 16, 2, 15, 19]",844.0,9.190147876739502
"[0, 1, 4, 14, 7, 11, 6, 17, 8, 9, 10, 5, 12, 18, 3, 13, 16, 2, 15, 19]",844.0,"[0, 1, 4, 14, 7, 11, 6, 17, 8, 9, 10, 5, 12, 18, 3, 13, 16, 2, 15, 19]",844.0,9.252148151397705
"[0, 1, 4, 14, 7, 11, 6, 17, 8, 9, 10, 5, 12, 18, 3, 13, 16, 2, 15, 19]",844.0,"[0, 1, 4, 14, 7, 11, 6, 17, 8, 9, 10, 5, 12, 18, 3, 13, 16, 2, 15, 19]",844.0,9.317147493362427
"[0, 1, 4, 14, 7, 11, 6, 17, 8, 9, 10, 5, 12, 18, 3, 13, 16, 2, 15, 19]",844.0,"[0, 1, 4, 14, 7, 11, 6, 17, 8, 9, 10, 5, 12, 18, 3, 13, 16, 2, 15, 19]",844.0,9.378144264221191
"[0, 1, 4, 14, 7, 11, 6, 17, 8, 9, 10, 5, 12, 18, 3, 13, 16, 2, 15, 19]",844.0,"[0, 1, 4, 14, 7, 11, 6, 17, 8, 9, 10, 5, 12, 18, 3, 13, 16, 2, 15, 19]",844.0,9.44214677810669
"[0, 1, 4, 14, 7, 11, 6, 17, 8, 9, 10, 5, 12, 18, 3, 13, 16, 2, 15, 19]",844.0,"[0, 1, 4, 14, 7, 11, 6, 17, 8, 9, 10, 5, 12, 18, 3, 13, 16, 2, 15, 19]",844.0,9.504162788391113
"[0, 1, 4, 14, 7, 11, 6, 17, 8, 9, 10, 5, 12, 18, 3, 13, 16, 2, 15, 19]",844.0,"[0, 1, 4, 14, 7, 11, 6, 17, 8, 9, 10, 5, 12, 18, 3, 13, 16, 2, 15, 19]",844.0,9.572148323059082
"[0, 1, 4, 14, 7, 11, 6, 17, 8, 9, 10, 5, 12, 18, 3, 13, 16, 2, 15, 19]",844.0,"[0, 1, 4, 14, 7, 11, 6, 17, 8, 9, 10, 5, 12, 18, 3, 13, 16, 2, 15, 19]",844.0,9.642157554626465
"[0, 1, 4, 14, 7, 11, 6, 17, 8, 9, 10, 5, 12, 18, 3, 13, 16, 2, 15, 19]",844.0,"[0, 1, 4, 14, 7, 11, 6, 17, 8, 9, 10, 5, 12, 18, 3, 13, 16, 2, 15, 19]",844.0,9.709151268005371
"[0, 1, 4, 14, 7, 11, 6, 17, 8, 9, 10, 5, 12, 18, 3, 13, 16, 2, 15, 19]",844.0,"[0, 1, 4, 14, 7, 11, 6, 17, 8, 9, 10, 5, 12, 18, 3, 13, 16, 2, 15, 19]",844.0,9.778340339660645
"[0, 1, 4, 14, 7, 11, 6, 17, 8, 9, 10, 5, 12, 18, 3, 13, 16, 2, 15, 19]",844.0,"[0, 1, 4, 14, 7, 11, 6, 17, 8, 9, 10, 5, 12, 18, 3, 13, 16, 2, 15, 19]",844.0,9.84615182876587
"[0, 1, 4, 14, 7, 11, 6, 17, 8, 9, 10, 5, 12, 18, 3, 13, 16, 2, 15, 19]",844.0,"[0, 1, 4, 14, 7, 11, 6, 17, 8, 9, 10, 5, 12, 18, 3, 13, 16, 2, 15, 19]",844.0,9.90915560722351
"[0, 1, 4, 14, 7, 11, 6, 17, 8, 9, 10, 5, 12, 18, 3, 13, 16, 2, 15, 19]",844.0,"[0, 1, 4, 14, 7, 11, 6, 17, 8, 9, 10, 5, 12, 18, 3, 13, 16, 2, 15, 19]",844.0,9.968228340148926
"[0, 1, 4, 14, 7, 11, 6, 17, 8, 9, 10, 5, 12, 18, 3, 13, 16, 2, 15, 19]",844.0,"[0, 1, 4, 14, 7, 11, 6, 17, 8, 9, 10, 5, 12, 18, 3, 13, 16, 2, 15, 19]",844.0,10.032158136367798
"[0, 1, 4, 14, 7, 11, 6, 17, 8, 9, 10, 5, 12, 18, 3, 13, 16, 2, 15, 19]",844.0,"[0, 1, 4, 14, 7, 11, 6, 17, 8, 9, 10, 5, 12, 18, 3, 13, 16, 2, 15, 19]",844.0,10.094155550003052
"[0, 1, 4, 14, 7, 11, 6, 17, 8, 9, 10, 5, 12, 18, 3, 13, 16, 2, 15, 19]",844.0,"[0, 1, 4, 14, 7, 11, 6, 17, 8, 9, 10, 5, 12, 18, 3, 13, 16, 2, 15, 19]",844.0,10.160156011581421
"[0, 1, 4, 14, 7, 11, 6, 17, 8, 9, 10, 5, 12, 18, 3, 13, 16, 2, 15, 19]",844.0,"[0, 1, 4, 14, 7, 11, 6, 17, 8, 9, 10, 5, 12, 18, 3, 13, 16, 2, 15, 19]",844.0,10.224153995513916
"[0, 1, 4, 14, 7, 11, 6, 17, 8, 9, 10, 5, 12, 18, 3, 13, 16, 2, 15, 19]",844.0,"[0, 1, 4, 14, 7, 11, 6, 17, 8, 9, 10, 5, 12, 18, 3, 13, 16, 2, 15, 19]",844.0,10.288157224655151
"[0, 1, 4, 14, 7, 11, 6, 17, 8, 9, 10, 5, 12, 18, 3, 13, 16, 2, 15, 19]",844.0,"[0, 1, 4, 14, 7, 11, 6, 17, 8, 9, 10, 5, 12, 18, 3, 13, 16, 2, 15, 19]",844.0,10.350157499313354
"[0, 1, 4, 14, 7, 11, 6, 17, 8, 9, 10, 5, 12, 18, 3, 13, 16, 2, 15, 19]",844.0,"[0, 1, 4, 14, 7, 11, 6, 17, 8, 9, 10, 5, 12, 18, 3, 13, 16, 2, 15, 19]",844.0,10.413161754608154
"[0, 1, 4, 14, 7, 11, 6, 17, 8, 9, 10, 5, 12, 18, 3, 13, 16, 2, 15, 19]",844.0,"[0, 1, 4, 14, 7, 11, 6, 17, 8, 9, 10, 5, 12, 18, 3, 13, 16, 2, 15, 19]",844.0,10.478166103363037
"[0, 1, 4, 14, 7, 11, 6, 17, 8, 9, 10, 5, 12, 18, 3, 13, 16, 2, 15, 19]",844.0,"[0, 1, 4, 14, 7, 11, 6, 17, 8, 9, 10, 5, 12, 18, 3, 13, 16, 2, 15, 19]",844.0,10.542160272598267
"[0, 1, 4, 14, 7, 11, 6, 17, 8, 9, 10, 5, 12, 18, 3, 13, 16, 2, 15, 19]",844.0,"[0, 1, 4, 14, 7, 11, 6, 17, 8, 9, 10, 5, 12, 18, 3, 13, 16, 2, 15, 19]",844.0,10.605161190032959
"[0, 1, 4, 14, 7, 11, 6, 17, 8, 9, 10, 5, 12, 18, 3, 13, 16, 2, 15, 19]",844.0,"[0, 1, 4, 14, 7, 11, 6, 17, 8, 9, 10, 5, 12, 18, 3, 13, 16, 2, 15, 19]",844.0,10.669171571731567
"[0, 1, 4, 14, 7, 11, 6, 17, 8, 9, 10, 5, 12, 18, 3, 13, 16, 2, 15, 19]",844.0,"[0, 1, 4, 14, 7, 11, 6, 17, 8, 9, 10, 5, 12, 18, 3, 13, 16, 2, 15, 19]",844.0,10.732163190841675
"[0, 1, 4, 14, 7, 11, 6, 17, 8, 9, 10, 5, 12, 18, 3, 13, 16, 2, 15, 19]",844.0,"[0, 1, 4, 14, 7, 11, 6, 17, 8, 9, 10, 5, 12, 18, 3, 13, 16, 2, 15, 19]",844.0,10.793166637420654
"[0, 1, 4, 14, 7, 11, 6, 17, 8, 9, 10, 5, 12, 18, 3, 13, 16, 2, 15, 19]",844.0,"[0, 1, 4, 14, 7, 11, 6, 17, 8, 9, 10, 5, 12, 18, 3, 13, 16, 2, 15, 19]",844.0,10.856164932250977
"[0, 1, 4, 14, 7, 11, 6, 17, 8, 9, 10, 5, 12, 18, 3, 13, 16, 2, 15, 19]",844.0,"[0, 1, 4, 14, 7, 11, 6, 17, 8, 9, 10, 5, 12, 18, 3, 13, 16, 2, 15, 19]",844.0,10.917165040969849
"[0, 1, 4, 14, 7, 11, 6, 17, 8, 9, 10, 5, 12, 18, 3, 13, 16, 2, 15, 19]",844.0,"[0, 1, 4, 14, 7, 11, 6, 17, 8, 9, 10, 5, 12, 18, 3, 13, 16, 2, 15, 19]",844.0,10.978179693222046
"[0, 1, 4, 14, 7, 11, 6, 17, 8, 9, 10, 5, 12, 18, 3, 13, 16, 2, 15, 19]",844.0,"[0, 1, 4, 14, 7, 11, 6, 17, 8, 9, 10, 5, 12, 18, 3, 13, 16, 2, 15, 19]",844.0,11.043164014816284
"[0, 1, 4, 14, 7, 11, 6, 17, 8, 9, 10, 5, 12, 18, 3, 13, 16, 2, 15, 19]",844.0,"[0, 1, 4, 14, 7, 11, 6, 17, 8, 9, 10, 5, 12, 18, 3, 13, 16, 2, 15, 19]",844.0,11.105169296264648
"[0, 1, 4, 14, 7, 11, 6, 17, 8, 9, 10, 5, 12, 18, 3, 13, 16, 2, 15, 19]",844.0,"[0, 1, 4, 14, 7, 11, 6, 17, 8, 9, 10, 5, 12, 18, 3, 13, 16, 2, 15, 19]",844.0,11.167165994644165
"[0, 1, 4, 14, 7, 11, 6, 17, 8, 9, 10, 5, 12, 18, 3, 13, 16, 2, 15, 19]",844.0,"[0, 1, 4, 14, 7, 11, 6, 17, 8, 9, 10, 5, 12, 18, 3, 13, 16, 2, 15, 19]",844.0,11.228165626525879
"[0, 1, 4, 14, 7, 11, 6, 17, 8, 9, 10, 5, 12, 18, 3, 13, 16, 2, 15, 19]",844.0,"[0, 1, 4, 14, 7, 11, 6, 17, 8, 9, 10, 5, 12, 18, 3, 13, 16, 2, 15, 19]",844.0,11.288166046142578
"[0, 1, 4, 14, 7, 11, 6, 17, 8, 9, 10, 5, 12, 18, 3, 13, 16, 2, 15, 19]",844.0,"[0, 1, 4, 14, 7, 11, 6, 17, 8, 9, 10, 5, 12, 18, 3, 13, 16, 2, 15, 19]",844.0,11.350168228149414
"[0, 1, 4, 14, 7, 11, 6, 17, 8, 9, 10, 5, 12, 18, 3, 13, 16, 2, 15, 19]",844.0,"[0, 1, 4, 14, 7, 11, 6, 17, 8, 9, 10, 5, 12, 18, 3, 13, 16, 2, 15, 19]",844.0,11.415169715881348
"[0, 1, 4, 14, 7, 11, 6, 17, 8, 9, 10, 5, 12, 18, 3, 13, 16, 2, 15, 19]",844.0,"[0, 1, 4, 14, 7, 11, 6, 17, 8, 9, 10, 5, 12, 18, 3, 13, 16, 2, 15, 19]",844.0,11.477171182632446
"[0, 1, 4, 14, 7, 11, 6, 17, 8, 9, 10, 5, 12, 18, 3, 13, 16, 2, 15, 19]",844.0,"[0, 1, 4, 14, 7, 11, 6, 17, 8, 9, 10, 5, 12, 18, 3, 13, 16, 2, 15, 19]",844.0,11.541168451309204
"[0, 1, 4, 14, 7, 11, 6, 17, 8, 9, 10, 5, 12, 18, 3, 13, 16, 2, 15, 19]",844.0,"[0, 1, 4, 14, 7, 11, 6, 17, 8, 9, 10, 5, 12, 18, 3, 13, 16, 2, 15, 19]",844.0,11.606189489364624
"[0, 1, 4, 14, 7, 11, 6, 17, 8, 9, 10, 5, 12, 18, 3, 13, 16, 2, 15, 19]",844.0,"[0, 1, 4, 14, 7, 11, 6, 17, 8, 9, 10, 5, 12, 18, 3, 13, 16, 2, 15, 19]",844.0,11.670171976089478
"[0, 1, 4, 14, 7, 11, 6, 17, 8, 9, 10, 5, 12, 18, 3, 13, 16, 2, 15, 19]",844.0,"[0, 1, 4, 14, 7, 11, 6, 17, 8, 9, 10, 5, 12, 18, 3, 13, 16, 2, 15, 19]",844.0,11.73417353630066
"[0, 1, 4, 14, 7, 11, 6, 17, 8, 9, 10, 5, 12, 18, 3, 13, 16, 2, 15, 19]",844.0,"[0, 1, 4, 14, 7, 11, 6, 17, 8, 9, 10, 5, 12, 18, 3, 13, 16, 2, 15, 19]",844.0,11.798171281814575
"[0, 1, 4, 14, 7, 11, 6, 17, 8, 9, 10, 5, 12, 18, 3, 13, 16, 2, 15, 19]",844.0,"[0, 1, 4, 14, 7, 11, 6, 17, 8, 9, 10, 5, 12, 18, 3, 13, 16, 2, 15, 19]",844.0,11.860179662704468
"[0, 1, 4, 14, 7, 11, 6, 17, 8, 9, 10, 5, 12, 18, 3, 13, 16, 2, 15, 19]",844.0,"[0, 1, 4, 14, 7, 11, 6, 17, 8, 9, 10, 5, 12, 18, 3, 13, 16, 2, 15, 19]",844.0,11.923173666000366
"[0, 1, 4, 14, 7, 11, 6, 17, 8, 9, 10, 5, 12, 18, 3, 13, 16, 2, 15, 19]",844.0,"[0, 1, 4, 14, 7, 11, 6, 17, 8, 9, 10, 5, 12, 18, 3, 13, 16, 2, 15, 19]",844.0,11.985177278518677
"[0, 1, 4, 14, 7, 11, 6, 17, 8, 9, 10, 5, 12, 18, 3, 13, 16, 2, 15, 19]",844.0,"[0, 1, 4, 14, 7, 11, 6, 17, 8, 9, 10, 5, 12, 18, 3, 13, 16, 2, 15, 19]",844.0,12.049176931381226
"[0, 1, 4, 14, 7, 11, 6, 17, 8, 9, 10, 5, 12, 18, 3, 13, 16, 2, 15, 19]",844.0,"[0, 1, 4, 14, 7, 11, 6, 17, 8, 9, 10, 5, 12, 18, 3, 13, 16, 2, 15, 19]",844.0,12.113176822662354
"[0, 1, 4, 14, 7, 11, 6, 17, 8, 9, 10, 5, 12, 18, 3, 13, 16, 2, 15, 19]",844.0,"[0, 1, 4, 14, 7, 11, 6, 17, 8, 9, 10, 5, 12, 18, 3, 13, 16, 2, 15, 19]",844.0,12.177176237106323
"[0, 1, 4, 14, 7, 11, 6, 17, 8, 9, 10, 5, 12, 18, 3, 13, 16, 2, 15, 19]",844.0,"[0, 1, 4, 14, 7, 11, 6, 17, 8, 9, 10, 5, 12, 18, 3, 13, 16, 2, 15, 19]",844.0,12.23918104171753
"[0, 1, 4, 14, 7, 11, 6, 17, 8, 9, 10, 5, 12, 18, 3, 13, 16, 2, 15, 19]",844.0,"[0, 1, 4, 14, 7, 11, 6, 17, 8, 9, 10, 5, 12, 18, 3, 13, 16, 2, 15, 19]",844.0,12.300182342529297
"[0, 1, 4, 14, 7, 11, 6, 17, 8, 9, 10, 5, 12, 18, 3, 13, 16, 2, 15, 19]",844.0,"[0, 1, 4, 14, 7, 11, 6, 17, 8, 9, 10, 5, 12, 18, 3, 13, 16, 2, 15, 19]",844.0,12.383180379867554
"[0, 1, 4, 14, 7, 11, 2, 17, 8, 9, 10, 5, 12, 18, 3, 13, 16, 6, 15, 19]",839.0,"[0, 1, 4, 14, 7, 11, 2, 17, 8, 9, 10, 5, 12, 18, 3, 13, 16, 6, 15, 19]",839.0,12.444181680679321
"[0, 1, 4, 14, 7, 11, 2, 17, 8, 9, 10, 5, 12, 18, 3, 13, 16, 6, 15, 19]",839.0,"[0, 1, 4, 14, 7, 11, 2, 17, 8, 9, 10, 5, 12, 18, 3, 13, 16, 6, 15, 19]",839.0,12.503182649612427
"[0, 1, 4, 14, 7, 11, 2, 17, 8, 9, 10, 5, 12, 18, 3, 13, 16, 6, 15, 19]",839.0,"[0, 1, 4, 14, 7, 11, 2, 17, 8, 9, 10, 5, 12, 18, 3, 13, 16, 6, 15, 19]",839.0,12.56418514251709
"[0, 1, 4, 14, 7, 11, 16, 17, 8, 9, 10, 5, 12, 18, 3, 13, 2, 6, 15, 19]",831.5,"[0, 1, 4, 14, 7, 11, 16, 17, 8, 9, 10, 5, 12, 18, 3, 13, 2, 6, 15, 19]",831.5,12.624189138412476
"[0, 1, 4, 14, 7, 11, 16, 17, 8, 9, 10, 5, 12, 18, 3, 13, 2, 6, 15, 19]",831.5,"[0, 1, 4, 14, 7, 11, 16, 17, 8, 9, 10, 5, 12, 18, 3, 13, 2, 6, 15, 19]",831.5,12.685192823410034
"[0, 1, 4, 14, 7, 11, 16, 17, 8, 9, 10, 5, 12, 18, 3, 13, 2, 6, 15, 19]",831.5,"[0, 1, 4, 14, 7, 11, 16, 17, 8, 9, 10, 5, 12, 18, 3, 13, 2, 6, 15, 19]",831.5,12.748188257217407
