Sequence,Fitness,Best_sequence,Best_fitness,Time
"[0, 1, 2, 3, 4, 5, 6, 7, 8, 9, 10, 11, 12, 13, 14, 15, 16, 17, 18, 19, 20, 21, 22, 23, 24, 25, 26, 27, 28, 29, 30, 31, 32, 33, 34, 35, 36, 37, 38, 39]",2465,"[0, 1, 2, 3, 4, 5, 6, 7, 8, 9, 10, 11, 12, 13, 14, 15, 16, 17, 18, 19, 20, 21, 22, 23, 24, 25, 26, 27, 28, 29, 30, 31, 32, 33, 34, 35, 36, 37, 38, 39]",2465,2.3126602172851562e-05
"[0, 1, 2, 3, 4, 5, 6, 7, 8, 9, 10, 11, 12, 13, 14, 15, 16, 17, 18, 19, 20, 21, 22, 23, 24, 25, 26, 27, 28, 29, 30, 31, 32, 33, 34, 35, 36, 37, 38, 39]",2465,"[0, 1, 2, 3, 4, 5, 6, 7, 8, 9, 10, 11, 12, 13, 14, 15, 16, 17, 18, 19, 20, 21, 22, 23, 24, 25, 26, 27, 28, 29, 30, 31, 32, 33, 34, 35, 36, 37, 38, 39]",2465,0.056136131286621094
"[0, 1, 2, 3, 4, 5, 6, 7, 8, 9, 10, 11, 12, 13, 14, 15, 16, 17, 18, 19, 20, 21, 22, 23, 24, 25, 26, 27, 28, 29, 30, 31, 32, 33, 34, 35, 36, 37, 38, 39]",2465,"[0, 1, 2, 3, 4, 5, 6, 7, 8, 9, 10, 11, 12, 13, 14, 15, 16, 17, 18, 19, 20, 21, 22, 23, 24, 25, 26, 27, 28, 29, 30, 31, 32, 33, 34, 35, 36, 37, 38, 39]",2465,0.11668610572814941
"[0, 1, 2, 3, 4, 5, 6, 7, 8, 9, 10, 11, 12, 13, 14, 15, 16, 17, 18, 19, 20, 21, 22, 23, 24, 25, 26, 27, 28, 29, 30, 31, 32, 33, 34, 35, 36, 37, 38, 39]",2465,"[0, 1, 2, 3, 4, 5, 6, 7, 8, 9, 10, 11, 12, 13, 14, 15, 16, 17, 18, 19, 20, 21, 22, 23, 24, 25, 26, 27, 28, 29, 30, 31, 32, 33, 34, 35, 36, 37, 38, 39]",2465,0.17613005638122559
"[0, 1, 2, 3, 4, 11, 6, 7, 8, 9, 10, 5, 12, 13, 14, 15, 16, 17, 18, 19, 20, 21, 22, 23, 24, 25, 26, 27, 28, 29, 30, 31, 32, 33, 34, 35, 36, 37, 38, 39]",2347,"[0, 1, 2, 3, 4, 11, 6, 7, 8, 9, 10, 5, 12, 13, 14, 15, 16, 17, 18, 19, 20, 21, 22, 23, 24, 25, 26, 27, 28, 29, 30, 31, 32, 33, 34, 35, 36, 37, 38, 39]",2347,0.23152518272399902
"[15, 1, 2, 3, 4, 11, 6, 7, 8, 9, 10, 5, 12, 13, 14, 0, 16, 17, 18, 19, 20, 21, 22, 23, 24, 25, 26, 27, 28, 29, 30, 31, 32, 33, 34, 35, 36, 37, 38, 39]",2266,"[15, 1, 2, 3, 4, 11, 6, 7, 8, 9, 10, 5, 12, 13, 14, 0, 16, 17, 18, 19, 20, 21, 22, 23, 24, 25, 26, 27, 28, 29, 30, 31, 32, 33, 34, 35, 36, 37, 38, 39]",2266,0.28881406784057617
"[15, 16, 2, 3, 4, 11, 6, 7, 8, 9, 10, 5, 12, 13, 14, 0, 1, 17, 18, 19, 20, 21, 22, 23, 24, 25, 26, 27, 28, 29, 30, 31, 32, 33, 34, 35, 36, 37, 38, 39]",2212,"[15, 16, 2, 3, 4, 11, 6, 7, 8, 9, 10, 5, 12, 13, 14, 0, 1, 17, 18, 19, 20, 21, 22, 23, 24, 25, 26, 27, 28, 29, 30, 31, 32, 33, 34, 35, 36, 37, 38, 39]",2212,0.3449232578277588
"[15, 16, 2, 3, 4, 11, 6, 12, 8, 9, 10, 5, 7, 13, 14, 0, 1, 17, 18, 19, 20, 21, 22, 23, 24, 25, 26, 27, 28, 29, 30, 31, 32, 33, 34, 35, 36, 37, 38, 39]",2202,"[15, 16, 2, 3, 4, 11, 6, 12, 8, 9, 10, 5, 7, 13, 14, 0, 1, 17, 18, 19, 20, 21, 22, 23, 24, 25, 26, 27, 28, 29, 30, 31, 32, 33, 34, 35, 36, 37, 38, 39]",2202,0.40203213691711426
"[15, 16, 2, 3, 4, 11, 6, 12, 8, 9, 10, 5, 7, 13, 14, 0, 1, 17, 18, 19, 20, 21, 22, 23, 24, 25, 26, 27, 28, 29, 30, 31, 32, 33, 34, 35, 36, 37, 38, 39]",2202,"[15, 16, 2, 3, 4, 11, 6, 12, 8, 9, 10, 5, 7, 13, 14, 0, 1, 17, 18, 19, 20, 21, 22, 23, 24, 25, 26, 27, 28, 29, 30, 31, 32, 33, 34, 35, 36, 37, 38, 39]",2202,0.4555792808532715
"[15, 16, 2, 3, 4, 11, 6, 12, 8, 9, 10, 5, 7, 13, 14, 0, 1, 17, 18, 19, 20, 21, 22, 23, 24, 25, 26, 27, 28, 29, 30, 31, 32, 33, 34, 35, 36, 37, 38, 39]",2202,"[15, 16, 2, 3, 4, 11, 6, 12, 8, 9, 10, 5, 7, 13, 14, 0, 1, 17, 18, 19, 20, 21, 22, 23, 24, 25, 26, 27, 28, 29, 30, 31, 32, 33, 34, 35, 36, 37, 38, 39]",2202,0.5220069885253906
"[15, 16, 2, 3, 4, 11, 6, 12, 8, 9, 10, 5, 7, 13, 14, 0, 1, 17, 18, 19, 20, 21, 22, 23, 24, 25, 26, 27, 28, 29, 30, 31, 32, 33, 34, 35, 36, 37, 38, 39]",2202,"[15, 16, 2, 3, 4, 11, 6, 12, 8, 9, 10, 5, 7, 13, 14, 0, 1, 17, 18, 19, 20, 21, 22, 23, 24, 25, 26, 27, 28, 29, 30, 31, 32, 33, 34, 35, 36, 37, 38, 39]",2202,0.5740861892700195
"[15, 16, 2, 3, 4, 11, 6, 12, 8, 9, 10, 5, 7, 13, 14, 0, 1, 17, 18, 19, 20, 21, 22, 23, 24, 25, 26, 27, 28, 29, 30, 31, 32, 33, 34, 35, 36, 37, 38, 39]",2202,"[15, 16, 2, 3, 4, 11, 6, 12, 8, 9, 10, 5, 7, 13, 14, 0, 1, 17, 18, 19, 20, 21, 22, 23, 24, 25, 26, 27, 28, 29, 30, 31, 32, 33, 34, 35, 36, 37, 38, 39]",2202,0.6281170845031738
"[15, 16, 2, 3, 4, 11, 6, 12, 8, 9, 10, 5, 7, 13, 14, 0, 1, 17, 18, 19, 20, 21, 22, 23, 24, 25, 26, 27, 28, 29, 30, 31, 32, 33, 34, 35, 36, 37, 38, 39]",2202,"[15, 16, 2, 3, 4, 11, 6, 12, 8, 9, 10, 5, 7, 13, 14, 0, 1, 17, 18, 19, 20, 21, 22, 23, 24, 25, 26, 27, 28, 29, 30, 31, 32, 33, 34, 35, 36, 37, 38, 39]",2202,0.681969165802002
"[15, 16, 2, 3, 23, 11, 6, 12, 8, 9, 10, 5, 7, 13, 14, 0, 1, 17, 18, 19, 20, 21, 22, 4, 24, 25, 26, 27, 28, 29, 30, 31, 32, 33, 34, 35, 36, 37, 38, 39]",2161,"[15, 16, 2, 3, 23, 11, 6, 12, 8, 9, 10, 5, 7, 13, 14, 0, 1, 17, 18, 19, 20, 21, 22, 4, 24, 25, 26, 27, 28, 29, 30, 31, 32, 33, 34, 35, 36, 37, 38, 39]",2161,0.7343292236328125
"[15, 16, 2, 3, 23, 11, 6, 12, 8, 9, 10, 5, 7, 13, 14, 0, 1, 17, 18, 19, 20, 21, 22, 4, 24, 25, 26, 27, 28, 29, 30, 31, 32, 33, 34, 35, 36, 37, 38, 39]",2161,"[15, 16, 2, 3, 23, 11, 6, 12, 8, 9, 10, 5, 7, 13, 14, 0, 1, 17, 18, 19, 20, 21, 22, 4, 24, 25, 26, 27, 28, 29, 30, 31, 32, 33, 34, 35, 36, 37, 38, 39]",2161,0.7869071960449219
"[15, 16, 2, 3, 23, 11, 6, 12, 8, 9, 10, 5, 7, 13, 14, 0, 1, 17, 18, 19, 20, 21, 22, 4, 24, 25, 26, 27, 28, 29, 30, 31, 32, 33, 34, 35, 36, 37, 38, 39]",2161,"[15, 16, 2, 3, 23, 11, 6, 12, 8, 9, 10, 5, 7, 13, 14, 0, 1, 17, 18, 19, 20, 21, 22, 4, 24, 25, 26, 27, 28, 29, 30, 31, 32, 33, 34, 35, 36, 37, 38, 39]",2161,0.8393092155456543
"[15, 16, 2, 3, 23, 11, 6, 12, 8, 9, 10, 5, 7, 13, 14, 0, 1, 17, 18, 19, 20, 21, 22, 4, 24, 25, 26, 27, 28, 29, 30, 31, 32, 33, 34, 35, 36, 37, 38, 39]",2161,"[15, 16, 2, 3, 23, 11, 6, 12, 8, 9, 10, 5, 7, 13, 14, 0, 1, 17, 18, 19, 20, 21, 22, 4, 24, 25, 26, 27, 28, 29, 30, 31, 32, 33, 34, 35, 36, 37, 38, 39]",2161,0.8914170265197754
"[15, 16, 2, 3, 23, 11, 6, 12, 8, 9, 10, 5, 7, 13, 14, 0, 1, 17, 18, 19, 20, 21, 22, 4, 24, 25, 26, 27, 28, 29, 30, 31, 32, 33, 34, 35, 36, 37, 38, 39]",2161,"[15, 16, 2, 3, 23, 11, 6, 12, 8, 9, 10, 5, 7, 13, 14, 0, 1, 17, 18, 19, 20, 21, 22, 4, 24, 25, 26, 27, 28, 29, 30, 31, 32, 33, 34, 35, 36, 37, 38, 39]",2161,0.9444451332092285
"[16, 15, 2, 3, 23, 11, 6, 12, 8, 9, 10, 5, 7, 13, 14, 0, 1, 17, 18, 19, 20, 21, 22, 4, 24, 25, 26, 27, 28, 29, 30, 31, 32, 33, 34, 35, 36, 37, 38, 39]",2143,"[16, 15, 2, 3, 23, 11, 6, 12, 8, 9, 10, 5, 7, 13, 14, 0, 1, 17, 18, 19, 20, 21, 22, 4, 24, 25, 26, 27, 28, 29, 30, 31, 32, 33, 34, 35, 36, 37, 38, 39]",2143,0.9977991580963135
"[16, 15, 2, 3, 23, 11, 6, 12, 17, 9, 10, 5, 7, 13, 14, 0, 1, 8, 18, 19, 20, 21, 22, 4, 24, 25, 26, 27, 28, 29, 30, 31, 32, 33, 34, 35, 36, 37, 38, 39]",2141,"[16, 15, 2, 3, 23, 11, 6, 12, 17, 9, 10, 5, 7, 13, 14, 0, 1, 8, 18, 19, 20, 21, 22, 4, 24, 25, 26, 27, 28, 29, 30, 31, 32, 33, 34, 35, 36, 37, 38, 39]",2141,1.0504350662231445
"[16, 15, 2, 3, 23, 11, 6, 12, 17, 9, 10, 5, 7, 13, 14, 0, 1, 8, 18, 19, 20, 21, 22, 4, 24, 25, 26, 27, 28, 29, 30, 31, 32, 33, 34, 35, 36, 37, 38, 39]",2141,"[16, 15, 2, 3, 23, 11, 6, 12, 17, 9, 10, 5, 7, 13, 14, 0, 1, 8, 18, 19, 20, 21, 22, 4, 24, 25, 26, 27, 28, 29, 30, 31, 32, 33, 34, 35, 36, 37, 38, 39]",2141,1.103379249572754
"[16, 15, 2, 3, 23, 11, 6, 12, 17, 9, 10, 5, 7, 13, 14, 0, 1, 8, 18, 19, 20, 21, 22, 4, 24, 25, 26, 27, 28, 29, 30, 31, 32, 33, 34, 35, 36, 37, 38, 39]",2141,"[16, 15, 2, 3, 23, 11, 6, 12, 17, 9, 10, 5, 7, 13, 14, 0, 1, 8, 18, 19, 20, 21, 22, 4, 24, 25, 26, 27, 28, 29, 30, 31, 32, 33, 34, 35, 36, 37, 38, 39]",2141,1.1566362380981445
"[16, 15, 2, 3, 23, 11, 6, 12, 17, 9, 10, 5, 7, 13, 14, 0, 1, 8, 18, 19, 20, 21, 22, 4, 24, 25, 26, 27, 28, 29, 30, 31, 32, 33, 34, 35, 36, 37, 38, 39]",2141,"[16, 15, 2, 3, 23, 11, 6, 12, 17, 9, 10, 5, 7, 13, 14, 0, 1, 8, 18, 19, 20, 21, 22, 4, 24, 25, 26, 27, 28, 29, 30, 31, 32, 33, 34, 35, 36, 37, 38, 39]",2141,1.2100751399993896
"[16, 15, 2, 3, 23, 11, 6, 12, 17, 9, 10, 5, 7, 13, 14, 0, 1, 8, 18, 19, 20, 21, 22, 4, 24, 25, 26, 27, 28, 29, 30, 31, 32, 33, 34, 35, 36, 37, 38, 39]",2141,"[16, 15, 2, 3, 23, 11, 6, 12, 17, 9, 10, 5, 7, 13, 14, 0, 1, 8, 18, 19, 20, 21, 22, 4, 24, 25, 26, 27, 28, 29, 30, 31, 32, 33, 34, 35, 36, 37, 38, 39]",2141,1.2634751796722412
"[16, 15, 2, 3, 23, 11, 6, 12, 17, 9, 10, 5, 7, 13, 14, 0, 1, 8, 18, 19, 20, 21, 22, 4, 24, 25, 26, 27, 28, 29, 30, 31, 32, 33, 34, 35, 36, 37, 38, 39]",2141,"[16, 15, 2, 3, 23, 11, 6, 12, 17, 9, 10, 5, 7, 13, 14, 0, 1, 8, 18, 19, 20, 21, 22, 4, 24, 25, 26, 27, 28, 29, 30, 31, 32, 33, 34, 35, 36, 37, 38, 39]",2141,1.3166823387145996
"[16, 15, 2, 3, 23, 11, 6, 12, 17, 9, 10, 5, 7, 13, 14, 0, 1, 8, 18, 19, 20, 21, 22, 4, 24, 25, 26, 27, 28, 29, 30, 31, 32, 33, 34, 35, 36, 37, 38, 39]",2141,"[16, 15, 2, 3, 23, 11, 6, 12, 17, 9, 10, 5, 7, 13, 14, 0, 1, 8, 18, 19, 20, 21, 22, 4, 24, 25, 26, 27, 28, 29, 30, 31, 32, 33, 34, 35, 36, 37, 38, 39]",2141,1.3700401782989502
"[16, 15, 2, 3, 23, 11, 6, 12, 17, 9, 10, 5, 7, 13, 14, 0, 1, 8, 18, 19, 20, 21, 22, 4, 24, 25, 26, 27, 28, 29, 30, 31, 32, 33, 34, 35, 36, 37, 38, 39]",2141,"[16, 15, 2, 3, 23, 11, 6, 12, 17, 9, 10, 5, 7, 13, 14, 0, 1, 8, 18, 19, 20, 21, 22, 4, 24, 25, 26, 27, 28, 29, 30, 31, 32, 33, 34, 35, 36, 37, 38, 39]",2141,1.422868251800537
"[16, 15, 2, 3, 23, 11, 6, 12, 17, 9, 10, 5, 7, 13, 14, 0, 1, 8, 18, 19, 20, 21, 22, 4, 24, 25, 26, 27, 28, 29, 30, 31, 32, 33, 34, 35, 36, 37, 38, 39]",2141,"[16, 15, 2, 3, 23, 11, 6, 12, 17, 9, 10, 5, 7, 13, 14, 0, 1, 8, 18, 19, 20, 21, 22, 4, 24, 25, 26, 27, 28, 29, 30, 31, 32, 33, 34, 35, 36, 37, 38, 39]",2141,1.4759821891784668
"[16, 15, 2, 3, 23, 11, 6, 12, 17, 9, 10, 5, 7, 13, 14, 0, 1, 8, 18, 19, 20, 21, 22, 4, 24, 25, 26, 27, 28, 29, 30, 31, 32, 33, 34, 35, 36, 37, 38, 39]",2141,"[16, 15, 2, 3, 23, 11, 6, 12, 17, 9, 10, 5, 7, 13, 14, 0, 1, 8, 18, 19, 20, 21, 22, 4, 24, 25, 26, 27, 28, 29, 30, 31, 32, 33, 34, 35, 36, 37, 38, 39]",2141,1.5309550762176514
"[16, 15, 2, 3, 23, 11, 6, 12, 17, 9, 10, 5, 7, 13, 14, 0, 1, 8, 18, 19, 20, 21, 22, 4, 24, 25, 26, 27, 28, 29, 30, 31, 32, 33, 34, 35, 36, 37, 38, 39]",2141,"[16, 15, 2, 3, 23, 11, 6, 12, 17, 9, 10, 5, 7, 13, 14, 0, 1, 8, 18, 19, 20, 21, 22, 4, 24, 25, 26, 27, 28, 29, 30, 31, 32, 33, 34, 35, 36, 37, 38, 39]",2141,1.5847070217132568
"[16, 15, 2, 3, 23, 11, 6, 12, 17, 9, 10, 5, 7, 13, 14, 0, 1, 8, 18, 19, 20, 21, 22, 4, 24, 25, 26, 27, 28, 29, 30, 31, 32, 33, 34, 35, 36, 37, 38, 39]",2141,"[16, 15, 2, 3, 23, 11, 6, 12, 17, 9, 10, 5, 7, 13, 14, 0, 1, 8, 18, 19, 20, 21, 22, 4, 24, 25, 26, 27, 28, 29, 30, 31, 32, 33, 34, 35, 36, 37, 38, 39]",2141,1.6380090713500977
"[16, 15, 2, 3, 23, 11, 6, 12, 17, 9, 10, 5, 7, 13, 14, 0, 1, 8, 18, 19, 20, 21, 22, 4, 24, 25, 26, 27, 28, 29, 30, 31, 32, 33, 34, 35, 36, 37, 38, 39]",2141,"[16, 15, 2, 3, 23, 11, 6, 12, 17, 9, 10, 5, 7, 13, 14, 0, 1, 8, 18, 19, 20, 21, 22, 4, 24, 25, 26, 27, 28, 29, 30, 31, 32, 33, 34, 35, 36, 37, 38, 39]",2141,1.6915481090545654
"[16, 15, 2, 3, 23, 11, 6, 12, 17, 22, 10, 5, 7, 13, 14, 0, 1, 8, 18, 19, 20, 21, 9, 4, 24, 25, 26, 27, 28, 29, 30, 31, 32, 33, 34, 35, 36, 37, 38, 39]",2087,"[16, 15, 2, 3, 23, 11, 6, 12, 17, 22, 10, 5, 7, 13, 14, 0, 1, 8, 18, 19, 20, 21, 9, 4, 24, 25, 26, 27, 28, 29, 30, 31, 32, 33, 34, 35, 36, 37, 38, 39]",2087,1.7449951171875
"[16, 15, 2, 3, 23, 11, 6, 12, 17, 22, 10, 5, 7, 13, 14, 0, 1, 8, 18, 19, 20, 21, 9, 4, 24, 25, 26, 27, 28, 29, 30, 31, 32, 33, 34, 35, 36, 37, 38, 39]",2087,"[16, 15, 2, 3, 23, 11, 6, 12, 17, 22, 10, 5, 7, 13, 14, 0, 1, 8, 18, 19, 20, 21, 9, 4, 24, 25, 26, 27, 28, 29, 30, 31, 32, 33, 34, 35, 36, 37, 38, 39]",2087,1.7986180782318115
"[16, 15, 2, 3, 23, 11, 6, 12, 17, 22, 10, 5, 7, 13, 14, 0, 1, 8, 18, 19, 20, 21, 9, 4, 24, 25, 26, 27, 28, 29, 30, 31, 32, 33, 34, 35, 36, 37, 38, 39]",2087,"[16, 15, 2, 3, 23, 11, 6, 12, 17, 22, 10, 5, 7, 13, 14, 0, 1, 8, 18, 19, 20, 21, 9, 4, 24, 25, 26, 27, 28, 29, 30, 31, 32, 33, 34, 35, 36, 37, 38, 39]",2087,1.850623369216919
"[16, 15, 2, 3, 23, 11, 6, 12, 17, 22, 10, 5, 7, 13, 14, 0, 1, 8, 18, 19, 20, 21, 9, 4, 24, 25, 26, 27, 28, 29, 30, 31, 32, 33, 34, 35, 36, 37, 38, 39]",2087,"[16, 15, 2, 3, 23, 11, 6, 12, 17, 22, 10, 5, 7, 13, 14, 0, 1, 8, 18, 19, 20, 21, 9, 4, 24, 25, 26, 27, 28, 29, 30, 31, 32, 33, 34, 35, 36, 37, 38, 39]",2087,1.9037113189697266
"[16, 15, 2, 3, 23, 11, 6, 12, 17, 22, 10, 5, 7, 13, 14, 0, 1, 8, 18, 19, 20, 21, 9, 4, 24, 25, 26, 27, 28, 29, 30, 31, 32, 33, 34, 35, 36, 37, 38, 39]",2087,"[16, 15, 2, 3, 23, 11, 6, 12, 17, 22, 10, 5, 7, 13, 14, 0, 1, 8, 18, 19, 20, 21, 9, 4, 24, 25, 26, 27, 28, 29, 30, 31, 32, 33, 34, 35, 36, 37, 38, 39]",2087,1.956700325012207
"[16, 15, 2, 3, 23, 11, 6, 12, 17, 22, 10, 5, 7, 13, 14, 0, 1, 8, 18, 19, 20, 21, 9, 4, 24, 25, 26, 27, 28, 29, 30, 31, 32, 33, 34, 35, 36, 37, 38, 39]",2087,"[16, 15, 2, 3, 23, 11, 6, 12, 17, 22, 10, 5, 7, 13, 14, 0, 1, 8, 18, 19, 20, 21, 9, 4, 24, 25, 26, 27, 28, 29, 30, 31, 32, 33, 34, 35, 36, 37, 38, 39]",2087,2.009556293487549
"[16, 15, 2, 3, 23, 11, 6, 12, 17, 22, 10, 5, 7, 13, 14, 0, 1, 8, 18, 19, 20, 21, 9, 4, 24, 25, 26, 27, 28, 29, 30, 31, 32, 33, 34, 35, 36, 37, 38, 39]",2087,"[16, 15, 2, 3, 23, 11, 6, 12, 17, 22, 10, 5, 7, 13, 14, 0, 1, 8, 18, 19, 20, 21, 9, 4, 24, 25, 26, 27, 28, 29, 30, 31, 32, 33, 34, 35, 36, 37, 38, 39]",2087,2.063068151473999
"[16, 15, 2, 3, 23, 11, 6, 12, 17, 22, 10, 5, 7, 13, 14, 0, 1, 8, 18, 19, 20, 21, 9, 4, 24, 25, 26, 27, 28, 29, 30, 31, 32, 33, 34, 35, 36, 37, 38, 39]",2087,"[16, 15, 2, 3, 23, 11, 6, 12, 17, 22, 10, 5, 7, 13, 14, 0, 1, 8, 18, 19, 20, 21, 9, 4, 24, 25, 26, 27, 28, 29, 30, 31, 32, 33, 34, 35, 36, 37, 38, 39]",2087,2.115913152694702
"[16, 15, 2, 3, 23, 11, 6, 12, 17, 22, 10, 5, 7, 13, 14, 0, 1, 8, 18, 19, 20, 21, 9, 4, 24, 25, 26, 27, 28, 29, 30, 31, 32, 33, 34, 35, 36, 37, 38, 39]",2087,"[16, 15, 2, 3, 23, 11, 6, 12, 17, 22, 10, 5, 7, 13, 14, 0, 1, 8, 18, 19, 20, 21, 9, 4, 24, 25, 26, 27, 28, 29, 30, 31, 32, 33, 34, 35, 36, 37, 38, 39]",2087,2.16898512840271
"[16, 15, 2, 3, 23, 11, 6, 12, 17, 22, 10, 5, 7, 13, 14, 0, 1, 8, 18, 19, 20, 21, 9, 4, 24, 25, 26, 27, 28, 29, 30, 31, 32, 33, 34, 35, 36, 37, 38, 39]",2087,"[16, 15, 2, 3, 23, 11, 6, 12, 17, 22, 10, 5, 7, 13, 14, 0, 1, 8, 18, 19, 20, 21, 9, 4, 24, 25, 26, 27, 28, 29, 30, 31, 32, 33, 34, 35, 36, 37, 38, 39]",2087,2.221428155899048
"[16, 15, 2, 3, 23, 11, 6, 12, 17, 22, 10, 5, 7, 13, 14, 0, 1, 8, 18, 19, 20, 21, 9, 4, 24, 25, 26, 27, 28, 29, 30, 31, 32, 33, 34, 35, 36, 37, 38, 39]",2087,"[16, 15, 2, 3, 23, 11, 6, 12, 17, 22, 10, 5, 7, 13, 14, 0, 1, 8, 18, 19, 20, 21, 9, 4, 24, 25, 26, 27, 28, 29, 30, 31, 32, 33, 34, 35, 36, 37, 38, 39]",2087,2.2743241786956787
"[16, 15, 2, 3, 23, 11, 6, 12, 17, 22, 10, 5, 7, 13, 14, 0, 1, 8, 18, 19, 20, 21, 9, 4, 24, 25, 26, 27, 28, 29, 30, 31, 32, 33, 34, 35, 36, 37, 38, 39]",2087,"[16, 15, 2, 3, 23, 11, 6, 12, 17, 22, 10, 5, 7, 13, 14, 0, 1, 8, 18, 19, 20, 21, 9, 4, 24, 25, 26, 27, 28, 29, 30, 31, 32, 33, 34, 35, 36, 37, 38, 39]",2087,2.3288192749023438
"[16, 15, 2, 3, 23, 11, 6, 12, 17, 22, 10, 5, 7, 13, 14, 0, 1, 8, 18, 19, 20, 21, 9, 4, 24, 25, 26, 27, 28, 29, 30, 31, 32, 33, 34, 35, 36, 37, 38, 39]",2087,"[16, 15, 2, 3, 23, 11, 6, 12, 17, 22, 10, 5, 7, 13, 14, 0, 1, 8, 18, 19, 20, 21, 9, 4, 24, 25, 26, 27, 28, 29, 30, 31, 32, 33, 34, 35, 36, 37, 38, 39]",2087,2.381437301635742
"[16, 15, 2, 3, 23, 11, 6, 12, 17, 22, 10, 5, 7, 13, 14, 0, 1, 8, 18, 19, 20, 21, 9, 4, 24, 25, 26, 27, 28, 29, 30, 31, 32, 33, 34, 35, 36, 37, 38, 39]",2087,"[16, 15, 2, 3, 23, 11, 6, 12, 17, 22, 10, 5, 7, 13, 14, 0, 1, 8, 18, 19, 20, 21, 9, 4, 24, 25, 26, 27, 28, 29, 30, 31, 32, 33, 34, 35, 36, 37, 38, 39]",2087,2.4351112842559814
"[16, 15, 2, 3, 23, 11, 13, 12, 17, 22, 10, 5, 7, 6, 14, 0, 1, 8, 18, 19, 20, 21, 9, 4, 24, 25, 26, 27, 28, 29, 30, 31, 32, 33, 34, 35, 36, 37, 38, 39]",2075,"[16, 15, 2, 3, 23, 11, 13, 12, 17, 22, 10, 5, 7, 6, 14, 0, 1, 8, 18, 19, 20, 21, 9, 4, 24, 25, 26, 27, 28, 29, 30, 31, 32, 33, 34, 35, 36, 37, 38, 39]",2075,2.4876701831817627
"[16, 15, 2, 3, 23, 11, 13, 12, 17, 22, 10, 5, 7, 6, 14, 0, 1, 8, 18, 19, 20, 21, 9, 4, 24, 25, 26, 27, 28, 29, 30, 31, 32, 33, 34, 35, 36, 37, 38, 39]",2075,"[16, 15, 2, 3, 23, 11, 13, 12, 17, 22, 10, 5, 7, 6, 14, 0, 1, 8, 18, 19, 20, 21, 9, 4, 24, 25, 26, 27, 28, 29, 30, 31, 32, 33, 34, 35, 36, 37, 38, 39]",2075,2.5407302379608154
"[16, 15, 2, 3, 23, 11, 13, 12, 17, 22, 10, 5, 7, 6, 14, 0, 1, 8, 18, 19, 20, 21, 9, 4, 24, 25, 26, 27, 28, 29, 30, 31, 32, 33, 34, 35, 36, 37, 38, 39]",2075,"[16, 15, 2, 3, 23, 11, 13, 12, 17, 22, 10, 5, 7, 6, 14, 0, 1, 8, 18, 19, 20, 21, 9, 4, 24, 25, 26, 27, 28, 29, 30, 31, 32, 33, 34, 35, 36, 37, 38, 39]",2075,2.5934462547302246
"[16, 15, 2, 3, 23, 11, 13, 12, 17, 22, 10, 5, 7, 6, 14, 0, 1, 8, 18, 19, 20, 21, 9, 4, 24, 25, 26, 27, 28, 29, 30, 31, 32, 33, 34, 35, 36, 37, 38, 39]",2075,"[16, 15, 2, 3, 23, 11, 13, 12, 17, 22, 10, 5, 7, 6, 14, 0, 1, 8, 18, 19, 20, 21, 9, 4, 24, 25, 26, 27, 28, 29, 30, 31, 32, 33, 34, 35, 36, 37, 38, 39]",2075,2.645641326904297
"[16, 15, 2, 3, 23, 11, 13, 12, 17, 22, 10, 5, 7, 6, 14, 0, 1, 8, 18, 19, 20, 21, 9, 4, 24, 25, 26, 27, 28, 29, 30, 31, 32, 33, 34, 35, 36, 37, 38, 39]",2075,"[16, 15, 2, 3, 23, 11, 13, 12, 17, 22, 10, 5, 7, 6, 14, 0, 1, 8, 18, 19, 20, 21, 9, 4, 24, 25, 26, 27, 28, 29, 30, 31, 32, 33, 34, 35, 36, 37, 38, 39]",2075,2.6984431743621826
"[16, 15, 2, 3, 23, 11, 13, 12, 17, 22, 10, 5, 7, 6, 14, 0, 1, 8, 18, 19, 20, 21, 9, 4, 24, 25, 26, 27, 28, 29, 30, 31, 32, 33, 34, 35, 36, 37, 38, 39]",2075,"[16, 15, 2, 3, 23, 11, 13, 12, 17, 22, 10, 5, 7, 6, 14, 0, 1, 8, 18, 19, 20, 21, 9, 4, 24, 25, 26, 27, 28, 29, 30, 31, 32, 33, 34, 35, 36, 37, 38, 39]",2075,2.751660108566284
"[16, 15, 2, 3, 23, 11, 13, 12, 17, 22, 10, 5, 7, 6, 14, 0, 1, 8, 18, 19, 20, 21, 9, 4, 24, 25, 26, 27, 28, 29, 30, 31, 32, 33, 34, 35, 36, 37, 38, 39]",2075,"[16, 15, 2, 3, 23, 11, 13, 12, 17, 22, 10, 5, 7, 6, 14, 0, 1, 8, 18, 19, 20, 21, 9, 4, 24, 25, 26, 27, 28, 29, 30, 31, 32, 33, 34, 35, 36, 37, 38, 39]",2075,2.8045802116394043
"[16, 15, 2, 3, 23, 11, 13, 12, 17, 22, 10, 5, 7, 6, 14, 0, 1, 8, 18, 19, 20, 21, 9, 4, 24, 25, 26, 27, 28, 29, 30, 31, 32, 33, 34, 35, 36, 37, 38, 39]",2075,"[16, 15, 2, 3, 23, 11, 13, 12, 17, 22, 10, 5, 7, 6, 14, 0, 1, 8, 18, 19, 20, 21, 9, 4, 24, 25, 26, 27, 28, 29, 30, 31, 32, 33, 34, 35, 36, 37, 38, 39]",2075,2.8574650287628174
"[16, 15, 2, 3, 23, 11, 13, 12, 17, 22, 10, 5, 7, 6, 14, 0, 1, 8, 18, 19, 20, 21, 9, 4, 24, 25, 26, 27, 28, 29, 30, 31, 32, 33, 34, 35, 39, 37, 38, 36]",2062,"[16, 15, 2, 3, 23, 11, 13, 12, 17, 22, 10, 5, 7, 6, 14, 0, 1, 8, 18, 19, 20, 21, 9, 4, 24, 25, 26, 27, 28, 29, 30, 31, 32, 33, 34, 35, 39, 37, 38, 36]",2062,2.910844326019287
"[16, 15, 2, 3, 23, 11, 13, 12, 17, 22, 10, 5, 7, 6, 14, 0, 1, 8, 18, 19, 20, 21, 9, 4, 24, 25, 26, 27, 28, 29, 30, 31, 32, 33, 34, 35, 39, 37, 38, 36]",2062,"[16, 15, 2, 3, 23, 11, 13, 12, 17, 22, 10, 5, 7, 6, 14, 0, 1, 8, 18, 19, 20, 21, 9, 4, 24, 25, 26, 27, 28, 29, 30, 31, 32, 33, 34, 35, 39, 37, 38, 36]",2062,2.9636192321777344
"[16, 15, 2, 3, 23, 11, 13, 12, 17, 22, 10, 5, 7, 6, 14, 0, 1, 8, 18, 19, 20, 21, 9, 4, 24, 25, 26, 27, 28, 29, 30, 31, 32, 33, 34, 35, 39, 37, 38, 36]",2062,"[16, 15, 2, 3, 23, 11, 13, 12, 17, 22, 10, 5, 7, 6, 14, 0, 1, 8, 18, 19, 20, 21, 9, 4, 24, 25, 26, 27, 28, 29, 30, 31, 32, 33, 34, 35, 39, 37, 38, 36]",2062,3.0166592597961426
"[16, 15, 2, 3, 23, 11, 13, 12, 17, 22, 10, 5, 7, 6, 14, 0, 1, 8, 18, 19, 20, 21, 9, 4, 24, 25, 26, 27, 28, 29, 30, 31, 32, 33, 34, 35, 39, 37, 38, 36]",2062,"[16, 15, 2, 3, 23, 11, 13, 12, 17, 22, 10, 5, 7, 6, 14, 0, 1, 8, 18, 19, 20, 21, 9, 4, 24, 25, 26, 27, 28, 29, 30, 31, 32, 33, 34, 35, 39, 37, 38, 36]",2062,3.0695343017578125
"[16, 15, 2, 3, 23, 11, 13, 12, 17, 22, 10, 5, 7, 6, 14, 0, 1, 8, 18, 19, 20, 21, 9, 4, 24, 25, 26, 27, 28, 29, 30, 31, 32, 33, 34, 35, 39, 37, 38, 36]",2062,"[16, 15, 2, 3, 23, 11, 13, 12, 17, 22, 10, 5, 7, 6, 14, 0, 1, 8, 18, 19, 20, 21, 9, 4, 24, 25, 26, 27, 28, 29, 30, 31, 32, 33, 34, 35, 39, 37, 38, 36]",2062,3.1229071617126465
"[16, 15, 2, 3, 23, 11, 13, 12, 17, 22, 10, 5, 7, 6, 14, 0, 1, 8, 18, 19, 20, 21, 9, 4, 24, 25, 26, 27, 28, 29, 30, 31, 32, 33, 34, 35, 39, 37, 38, 36]",2062,"[16, 15, 2, 3, 23, 11, 13, 12, 17, 22, 10, 5, 7, 6, 14, 0, 1, 8, 18, 19, 20, 21, 9, 4, 24, 25, 26, 27, 28, 29, 30, 31, 32, 33, 34, 35, 39, 37, 38, 36]",2062,3.175204038619995
"[16, 15, 2, 3, 23, 11, 13, 12, 17, 22, 10, 5, 7, 6, 14, 0, 1, 8, 18, 19, 20, 21, 9, 4, 24, 25, 26, 27, 28, 29, 30, 31, 32, 33, 34, 35, 39, 37, 38, 36]",2062,"[16, 15, 2, 3, 23, 11, 13, 12, 17, 22, 10, 5, 7, 6, 14, 0, 1, 8, 18, 19, 20, 21, 9, 4, 24, 25, 26, 27, 28, 29, 30, 31, 32, 33, 34, 35, 39, 37, 38, 36]",2062,3.2274532318115234
"[16, 15, 2, 3, 23, 11, 13, 12, 17, 22, 10, 5, 7, 6, 14, 0, 1, 8, 18, 19, 20, 21, 9, 4, 24, 25, 26, 27, 28, 29, 30, 31, 32, 33, 34, 35, 39, 37, 38, 36]",2062,"[16, 15, 2, 3, 23, 11, 13, 12, 17, 22, 10, 5, 7, 6, 14, 0, 1, 8, 18, 19, 20, 21, 9, 4, 24, 25, 26, 27, 28, 29, 30, 31, 32, 33, 34, 35, 39, 37, 38, 36]",2062,3.27972412109375
"[16, 15, 2, 3, 23, 11, 13, 12, 17, 22, 10, 5, 7, 6, 14, 0, 1, 8, 18, 19, 20, 21, 9, 4, 24, 25, 26, 27, 28, 29, 30, 31, 32, 33, 34, 35, 39, 37, 38, 36]",2062,"[16, 15, 2, 3, 23, 11, 13, 12, 17, 22, 10, 5, 7, 6, 14, 0, 1, 8, 18, 19, 20, 21, 9, 4, 24, 25, 26, 27, 28, 29, 30, 31, 32, 33, 34, 35, 39, 37, 38, 36]",2062,3.3326492309570312
"[16, 15, 2, 3, 23, 11, 13, 12, 17, 22, 10, 5, 7, 6, 14, 0, 1, 8, 18, 19, 20, 21, 9, 4, 24, 25, 26, 27, 28, 29, 30, 31, 32, 33, 34, 35, 39, 37, 38, 36]",2062,"[16, 15, 2, 3, 23, 11, 13, 12, 17, 22, 10, 5, 7, 6, 14, 0, 1, 8, 18, 19, 20, 21, 9, 4, 24, 25, 26, 27, 28, 29, 30, 31, 32, 33, 34, 35, 39, 37, 38, 36]",2062,3.3859121799468994
"[16, 15, 2, 3, 23, 11, 13, 12, 17, 22, 10, 5, 7, 6, 14, 0, 1, 8, 18, 19, 20, 21, 9, 4, 24, 25, 26, 27, 28, 29, 30, 31, 32, 33, 34, 35, 39, 37, 38, 36]",2062,"[16, 15, 2, 3, 23, 11, 13, 12, 17, 22, 10, 5, 7, 6, 14, 0, 1, 8, 18, 19, 20, 21, 9, 4, 24, 25, 26, 27, 28, 29, 30, 31, 32, 33, 34, 35, 39, 37, 38, 36]",2062,3.439998149871826
"[16, 15, 2, 3, 23, 11, 13, 12, 17, 22, 10, 5, 7, 6, 14, 0, 1, 8, 18, 19, 20, 21, 9, 4, 24, 25, 26, 27, 28, 29, 30, 31, 32, 33, 34, 35, 39, 37, 38, 36]",2062,"[16, 15, 2, 3, 23, 11, 13, 12, 17, 22, 10, 5, 7, 6, 14, 0, 1, 8, 18, 19, 20, 21, 9, 4, 24, 25, 26, 27, 28, 29, 30, 31, 32, 33, 34, 35, 39, 37, 38, 36]",2062,3.4930951595306396
"[16, 15, 2, 3, 23, 11, 13, 12, 17, 22, 10, 5, 7, 6, 14, 0, 1, 8, 18, 19, 20, 21, 9, 4, 24, 25, 26, 27, 28, 29, 30, 31, 32, 33, 34, 35, 39, 37, 38, 36]",2062,"[16, 15, 2, 3, 23, 11, 13, 12, 17, 22, 10, 5, 7, 6, 14, 0, 1, 8, 18, 19, 20, 21, 9, 4, 24, 25, 26, 27, 28, 29, 30, 31, 32, 33, 34, 35, 39, 37, 38, 36]",2062,3.54561710357666
"[16, 15, 2, 3, 23, 11, 13, 12, 17, 22, 10, 5, 7, 6, 14, 0, 1, 8, 18, 19, 20, 21, 9, 4, 24, 25, 26, 27, 28, 29, 30, 31, 32, 33, 34, 35, 39, 37, 38, 36]",2062,"[16, 15, 2, 3, 23, 11, 13, 12, 17, 22, 10, 5, 7, 6, 14, 0, 1, 8, 18, 19, 20, 21, 9, 4, 24, 25, 26, 27, 28, 29, 30, 31, 32, 33, 34, 35, 39, 37, 38, 36]",2062,3.5992770195007324
"[16, 15, 2, 3, 23, 11, 13, 12, 17, 22, 10, 5, 7, 6, 14, 0, 1, 8, 18, 19, 20, 21, 9, 4, 24, 25, 26, 27, 28, 29, 30, 31, 32, 33, 34, 35, 39, 37, 38, 36]",2062,"[16, 15, 2, 3, 23, 11, 13, 12, 17, 22, 10, 5, 7, 6, 14, 0, 1, 8, 18, 19, 20, 21, 9, 4, 24, 25, 26, 27, 28, 29, 30, 31, 32, 33, 34, 35, 39, 37, 38, 36]",2062,3.652449131011963
"[16, 15, 2, 3, 23, 11, 13, 12, 17, 22, 10, 5, 7, 6, 14, 0, 1, 8, 18, 19, 20, 21, 9, 4, 24, 25, 26, 27, 28, 29, 30, 31, 32, 33, 34, 35, 39, 37, 38, 36]",2062,"[16, 15, 2, 3, 23, 11, 13, 12, 17, 22, 10, 5, 7, 6, 14, 0, 1, 8, 18, 19, 20, 21, 9, 4, 24, 25, 26, 27, 28, 29, 30, 31, 32, 33, 34, 35, 39, 37, 38, 36]",2062,3.706378221511841
"[16, 15, 2, 3, 23, 11, 13, 12, 17, 22, 10, 5, 7, 6, 14, 0, 1, 8, 18, 19, 20, 21, 9, 4, 24, 25, 26, 27, 28, 29, 30, 31, 32, 33, 34, 35, 39, 37, 38, 36]",2062,"[16, 15, 2, 3, 23, 11, 13, 12, 17, 22, 10, 5, 7, 6, 14, 0, 1, 8, 18, 19, 20, 21, 9, 4, 24, 25, 26, 27, 28, 29, 30, 31, 32, 33, 34, 35, 39, 37, 38, 36]",2062,3.7589001655578613
"[16, 15, 2, 3, 23, 11, 13, 12, 17, 22, 10, 5, 7, 6, 14, 0, 1, 8, 18, 19, 20, 21, 9, 4, 24, 25, 26, 27, 28, 29, 30, 31, 32, 33, 34, 35, 39, 37, 38, 36]",2062,"[16, 15, 2, 3, 23, 11, 13, 12, 17, 22, 10, 5, 7, 6, 14, 0, 1, 8, 18, 19, 20, 21, 9, 4, 24, 25, 26, 27, 28, 29, 30, 31, 32, 33, 34, 35, 39, 37, 38, 36]",2062,3.811838150024414
"[16, 15, 2, 3, 23, 11, 13, 12, 17, 22, 10, 5, 7, 6, 14, 0, 1, 20, 18, 19, 8, 21, 9, 4, 24, 25, 26, 27, 28, 29, 30, 31, 32, 33, 34, 35, 39, 37, 38, 36]",2043,"[16, 15, 2, 3, 23, 11, 13, 12, 17, 22, 10, 5, 7, 6, 14, 0, 1, 20, 18, 19, 8, 21, 9, 4, 24, 25, 26, 27, 28, 29, 30, 31, 32, 33, 34, 35, 39, 37, 38, 36]",2043,3.864089250564575
"[16, 15, 2, 3, 23, 11, 13, 12, 17, 22, 10, 5, 7, 6, 14, 0, 1, 20, 18, 19, 8, 21, 9, 4, 24, 25, 26, 27, 28, 29, 30, 31, 32, 33, 34, 35, 39, 37, 38, 36]",2043,"[16, 15, 2, 3, 23, 11, 13, 12, 17, 22, 10, 5, 7, 6, 14, 0, 1, 20, 18, 19, 8, 21, 9, 4, 24, 25, 26, 27, 28, 29, 30, 31, 32, 33, 34, 35, 39, 37, 38, 36]",2043,3.9173550605773926
"[16, 15, 2, 3, 23, 11, 13, 12, 17, 22, 10, 5, 7, 6, 14, 0, 1, 20, 18, 19, 8, 21, 9, 4, 24, 25, 26, 27, 28, 29, 30, 31, 32, 33, 34, 35, 39, 37, 38, 36]",2043,"[16, 15, 2, 3, 23, 11, 13, 12, 17, 22, 10, 5, 7, 6, 14, 0, 1, 20, 18, 19, 8, 21, 9, 4, 24, 25, 26, 27, 28, 29, 30, 31, 32, 33, 34, 35, 39, 37, 38, 36]",2043,3.9702682495117188
"[16, 15, 2, 3, 23, 11, 13, 12, 17, 22, 10, 5, 7, 6, 14, 0, 1, 20, 18, 19, 8, 21, 9, 4, 24, 25, 26, 27, 28, 29, 30, 31, 32, 33, 34, 35, 39, 37, 38, 36]",2043,"[16, 15, 2, 3, 23, 11, 13, 12, 17, 22, 10, 5, 7, 6, 14, 0, 1, 20, 18, 19, 8, 21, 9, 4, 24, 25, 26, 27, 28, 29, 30, 31, 32, 33, 34, 35, 39, 37, 38, 36]",2043,4.023165225982666
"[16, 15, 2, 3, 23, 11, 13, 12, 17, 22, 10, 5, 7, 6, 14, 0, 1, 20, 18, 19, 8, 21, 9, 4, 24, 32, 26, 27, 28, 29, 30, 31, 25, 33, 34, 35, 39, 37, 38, 36]",1998,"[16, 15, 2, 3, 23, 11, 13, 12, 17, 22, 10, 5, 7, 6, 14, 0, 1, 20, 18, 19, 8, 21, 9, 4, 24, 32, 26, 27, 28, 29, 30, 31, 25, 33, 34, 35, 39, 37, 38, 36]",1998,4.0768632888793945
"[16, 15, 2, 3, 23, 11, 13, 12, 17, 22, 10, 5, 7, 6, 14, 0, 1, 20, 18, 19, 8, 21, 9, 4, 24, 32, 26, 27, 28, 29, 30, 31, 25, 33, 34, 35, 39, 37, 38, 36]",1998,"[16, 15, 2, 3, 23, 11, 13, 12, 17, 22, 10, 5, 7, 6, 14, 0, 1, 20, 18, 19, 8, 21, 9, 4, 24, 32, 26, 27, 28, 29, 30, 31, 25, 33, 34, 35, 39, 37, 38, 36]",1998,4.130758285522461
"[16, 15, 2, 3, 23, 11, 13, 12, 17, 22, 10, 5, 7, 6, 14, 0, 1, 20, 18, 19, 8, 21, 9, 4, 24, 32, 26, 27, 28, 29, 30, 31, 25, 33, 34, 35, 39, 37, 38, 36]",1998,"[16, 15, 2, 3, 23, 11, 13, 12, 17, 22, 10, 5, 7, 6, 14, 0, 1, 20, 18, 19, 8, 21, 9, 4, 24, 32, 26, 27, 28, 29, 30, 31, 25, 33, 34, 35, 39, 37, 38, 36]",1998,4.186669111251831
"[16, 15, 2, 3, 23, 11, 13, 12, 17, 22, 10, 5, 7, 6, 14, 0, 1, 20, 18, 19, 8, 21, 9, 4, 24, 32, 26, 27, 28, 29, 30, 31, 25, 33, 34, 35, 39, 37, 38, 36]",1998,"[16, 15, 2, 3, 23, 11, 13, 12, 17, 22, 10, 5, 7, 6, 14, 0, 1, 20, 18, 19, 8, 21, 9, 4, 24, 32, 26, 27, 28, 29, 30, 31, 25, 33, 34, 35, 39, 37, 38, 36]",1998,4.243380308151245
"[16, 15, 2, 3, 23, 11, 13, 12, 17, 22, 10, 5, 7, 6, 14, 0, 1, 20, 18, 19, 8, 21, 9, 4, 24, 32, 26, 27, 28, 29, 30, 31, 25, 33, 34, 35, 39, 37, 38, 36]",1998,"[16, 15, 2, 3, 23, 11, 13, 12, 17, 22, 10, 5, 7, 6, 14, 0, 1, 20, 18, 19, 8, 21, 9, 4, 24, 32, 26, 27, 28, 29, 30, 31, 25, 33, 34, 35, 39, 37, 38, 36]",1998,4.296597957611084
"[16, 15, 2, 3, 23, 11, 13, 12, 17, 22, 10, 5, 7, 6, 14, 0, 1, 20, 18, 19, 8, 21, 9, 4, 24, 32, 26, 27, 28, 29, 30, 31, 25, 33, 34, 35, 39, 37, 38, 36]",1998,"[16, 15, 2, 3, 23, 11, 13, 12, 17, 22, 10, 5, 7, 6, 14, 0, 1, 20, 18, 19, 8, 21, 9, 4, 24, 32, 26, 27, 28, 29, 30, 31, 25, 33, 34, 35, 39, 37, 38, 36]",1998,4.349003076553345
"[16, 15, 2, 3, 23, 11, 13, 12, 17, 22, 10, 5, 7, 6, 14, 0, 1, 20, 18, 19, 8, 21, 9, 4, 24, 32, 26, 27, 28, 29, 30, 31, 25, 33, 34, 35, 39, 37, 38, 36]",1998,"[16, 15, 2, 3, 23, 11, 13, 12, 17, 22, 10, 5, 7, 6, 14, 0, 1, 20, 18, 19, 8, 21, 9, 4, 24, 32, 26, 27, 28, 29, 30, 31, 25, 33, 34, 35, 39, 37, 38, 36]",1998,4.4025163650512695
"[16, 15, 2, 3, 23, 11, 13, 12, 17, 22, 10, 5, 7, 6, 14, 0, 1, 20, 18, 19, 8, 21, 9, 4, 24, 32, 26, 27, 28, 29, 30, 31, 25, 33, 34, 35, 39, 37, 38, 36]",1998,"[16, 15, 2, 3, 23, 11, 13, 12, 17, 22, 10, 5, 7, 6, 14, 0, 1, 20, 18, 19, 8, 21, 9, 4, 24, 32, 26, 27, 28, 29, 30, 31, 25, 33, 34, 35, 39, 37, 38, 36]",1998,4.455677270889282
"[16, 15, 2, 3, 23, 11, 13, 12, 17, 22, 10, 5, 7, 6, 14, 0, 1, 20, 18, 19, 8, 21, 9, 4, 24, 32, 26, 27, 28, 29, 30, 31, 25, 33, 34, 35, 39, 37, 38, 36]",1998,"[16, 15, 2, 3, 23, 11, 13, 12, 17, 22, 10, 5, 7, 6, 14, 0, 1, 20, 18, 19, 8, 21, 9, 4, 24, 32, 26, 27, 28, 29, 30, 31, 25, 33, 34, 35, 39, 37, 38, 36]",1998,4.508522272109985
"[16, 15, 2, 3, 23, 11, 13, 12, 17, 22, 10, 5, 7, 6, 14, 0, 1, 20, 18, 19, 8, 21, 9, 4, 24, 32, 26, 27, 28, 29, 30, 31, 25, 33, 34, 35, 39, 37, 38, 36]",1998,"[16, 15, 2, 3, 23, 11, 13, 12, 17, 22, 10, 5, 7, 6, 14, 0, 1, 20, 18, 19, 8, 21, 9, 4, 24, 32, 26, 27, 28, 29, 30, 31, 25, 33, 34, 35, 39, 37, 38, 36]",1998,4.564085245132446
"[16, 15, 2, 3, 23, 11, 13, 12, 17, 22, 10, 5, 7, 6, 14, 0, 1, 20, 18, 19, 8, 21, 9, 4, 24, 32, 26, 27, 28, 29, 30, 31, 25, 33, 34, 35, 39, 37, 38, 36]",1998,"[16, 15, 2, 3, 23, 11, 13, 12, 17, 22, 10, 5, 7, 6, 14, 0, 1, 20, 18, 19, 8, 21, 9, 4, 24, 32, 26, 27, 28, 29, 30, 31, 25, 33, 34, 35, 39, 37, 38, 36]",1998,4.6217100620269775
"[16, 15, 2, 3, 23, 11, 13, 12, 17, 22, 10, 5, 7, 6, 14, 0, 1, 20, 18, 19, 8, 21, 9, 4, 24, 32, 26, 27, 28, 29, 30, 31, 25, 33, 34, 35, 39, 37, 38, 36]",1998,"[16, 15, 2, 3, 23, 11, 13, 12, 17, 22, 10, 5, 7, 6, 14, 0, 1, 20, 18, 19, 8, 21, 9, 4, 24, 32, 26, 27, 28, 29, 30, 31, 25, 33, 34, 35, 39, 37, 38, 36]",1998,4.676555156707764
"[16, 15, 2, 3, 23, 11, 13, 12, 17, 22, 10, 5, 7, 6, 14, 0, 1, 20, 18, 19, 8, 21, 9, 4, 24, 32, 26, 27, 28, 29, 30, 31, 25, 33, 34, 35, 39, 37, 38, 36]",1998,"[16, 15, 2, 3, 23, 11, 13, 12, 17, 22, 10, 5, 7, 6, 14, 0, 1, 20, 18, 19, 8, 21, 9, 4, 24, 32, 26, 27, 28, 29, 30, 31, 25, 33, 34, 35, 39, 37, 38, 36]",1998,4.731974124908447
"[16, 15, 2, 3, 23, 11, 13, 12, 17, 22, 10, 5, 7, 6, 14, 0, 1, 20, 18, 19, 8, 21, 9, 4, 24, 32, 26, 27, 28, 29, 30, 31, 25, 33, 34, 35, 39, 37, 38, 36]",1998,"[16, 15, 2, 3, 23, 11, 13, 12, 17, 22, 10, 5, 7, 6, 14, 0, 1, 20, 18, 19, 8, 21, 9, 4, 24, 32, 26, 27, 28, 29, 30, 31, 25, 33, 34, 35, 39, 37, 38, 36]",1998,4.786543130874634
"[16, 15, 3, 2, 23, 11, 13, 12, 17, 22, 10, 5, 7, 6, 14, 0, 1, 20, 18, 19, 8, 21, 9, 4, 24, 32, 26, 27, 28, 29, 30, 31, 25, 33, 34, 35, 39, 37, 38, 36]",1992,"[16, 15, 3, 2, 23, 11, 13, 12, 17, 22, 10, 5, 7, 6, 14, 0, 1, 20, 18, 19, 8, 21, 9, 4, 24, 32, 26, 27, 28, 29, 30, 31, 25, 33, 34, 35, 39, 37, 38, 36]",1992,4.841500282287598
"[16, 15, 3, 2, 23, 11, 13, 12, 17, 22, 10, 5, 7, 6, 14, 0, 1, 20, 18, 19, 8, 21, 9, 4, 24, 32, 26, 27, 28, 29, 30, 31, 25, 33, 34, 35, 39, 37, 38, 36]",1992,"[16, 15, 3, 2, 23, 11, 13, 12, 17, 22, 10, 5, 7, 6, 14, 0, 1, 20, 18, 19, 8, 21, 9, 4, 24, 32, 26, 27, 28, 29, 30, 31, 25, 33, 34, 35, 39, 37, 38, 36]",1992,4.895797967910767
"[16, 15, 3, 2, 23, 11, 13, 12, 17, 22, 10, 5, 7, 6, 14, 0, 1, 20, 18, 19, 8, 21, 9, 4, 24, 32, 26, 27, 28, 29, 30, 31, 25, 33, 34, 35, 39, 37, 38, 36]",1992,"[16, 15, 3, 2, 23, 11, 13, 12, 17, 22, 10, 5, 7, 6, 14, 0, 1, 20, 18, 19, 8, 21, 9, 4, 24, 32, 26, 27, 28, 29, 30, 31, 25, 33, 34, 35, 39, 37, 38, 36]",1992,4.949936151504517
"[16, 15, 3, 2, 23, 11, 13, 12, 17, 22, 10, 5, 7, 6, 14, 0, 1, 20, 18, 19, 8, 21, 9, 4, 24, 32, 26, 27, 28, 29, 30, 31, 25, 33, 34, 35, 39, 37, 38, 36]",1992,"[16, 15, 3, 2, 23, 11, 13, 12, 17, 22, 10, 5, 7, 6, 14, 0, 1, 20, 18, 19, 8, 21, 9, 4, 24, 32, 26, 27, 28, 29, 30, 31, 25, 33, 34, 35, 39, 37, 38, 36]",1992,5.018190145492554
"[16, 15, 3, 2, 23, 11, 13, 12, 17, 22, 10, 5, 7, 6, 14, 0, 1, 20, 18, 19, 8, 21, 9, 4, 24, 32, 26, 27, 28, 29, 30, 31, 25, 33, 34, 35, 39, 37, 38, 36]",1992,"[16, 15, 3, 2, 23, 11, 13, 12, 17, 22, 10, 5, 7, 6, 14, 0, 1, 20, 18, 19, 8, 21, 9, 4, 24, 32, 26, 27, 28, 29, 30, 31, 25, 33, 34, 35, 39, 37, 38, 36]",1992,5.072642087936401
"[16, 15, 3, 2, 23, 11, 13, 12, 17, 22, 10, 5, 7, 6, 14, 0, 1, 20, 18, 19, 8, 21, 9, 4, 24, 32, 26, 27, 28, 29, 30, 31, 25, 33, 34, 35, 39, 37, 38, 36]",1992,"[16, 15, 3, 2, 23, 11, 13, 12, 17, 22, 10, 5, 7, 6, 14, 0, 1, 20, 18, 19, 8, 21, 9, 4, 24, 32, 26, 27, 28, 29, 30, 31, 25, 33, 34, 35, 39, 37, 38, 36]",1992,5.125712156295776
"[16, 15, 3, 2, 23, 11, 13, 12, 17, 22, 10, 5, 7, 6, 14, 0, 1, 20, 18, 19, 8, 21, 9, 4, 24, 32, 26, 27, 28, 29, 30, 31, 25, 33, 34, 35, 39, 37, 38, 36]",1992,"[16, 15, 3, 2, 23, 11, 13, 12, 17, 22, 10, 5, 7, 6, 14, 0, 1, 20, 18, 19, 8, 21, 9, 4, 24, 32, 26, 27, 28, 29, 30, 31, 25, 33, 34, 35, 39, 37, 38, 36]",1992,5.180213212966919
"[16, 15, 3, 2, 23, 11, 13, 12, 17, 22, 10, 5, 7, 6, 14, 0, 1, 20, 18, 19, 8, 21, 9, 4, 24, 32, 26, 27, 28, 29, 30, 31, 25, 33, 34, 35, 39, 37, 38, 36]",1992,"[16, 15, 3, 2, 23, 11, 13, 12, 17, 22, 10, 5, 7, 6, 14, 0, 1, 20, 18, 19, 8, 21, 9, 4, 24, 32, 26, 27, 28, 29, 30, 31, 25, 33, 34, 35, 39, 37, 38, 36]",1992,5.233161211013794
"[16, 15, 3, 2, 23, 11, 13, 12, 17, 22, 10, 5, 7, 6, 14, 0, 1, 20, 18, 19, 8, 21, 9, 4, 24, 32, 26, 27, 28, 29, 30, 31, 25, 33, 34, 35, 39, 37, 38, 36]",1992,"[16, 15, 3, 2, 23, 11, 13, 12, 17, 22, 10, 5, 7, 6, 14, 0, 1, 20, 18, 19, 8, 21, 9, 4, 24, 32, 26, 27, 28, 29, 30, 31, 25, 33, 34, 35, 39, 37, 38, 36]",1992,5.286646127700806
"[16, 15, 3, 2, 23, 11, 13, 12, 17, 22, 10, 5, 7, 6, 14, 0, 1, 20, 18, 19, 8, 21, 9, 4, 24, 32, 26, 27, 28, 29, 30, 31, 25, 33, 34, 35, 39, 37, 38, 36]",1992,"[16, 15, 3, 2, 23, 11, 13, 12, 17, 22, 10, 5, 7, 6, 14, 0, 1, 20, 18, 19, 8, 21, 9, 4, 24, 32, 26, 27, 28, 29, 30, 31, 25, 33, 34, 35, 39, 37, 38, 36]",1992,5.340688228607178
"[16, 15, 3, 2, 23, 11, 13, 12, 17, 22, 10, 5, 7, 6, 14, 0, 1, 20, 18, 19, 8, 21, 9, 4, 24, 32, 26, 27, 28, 29, 30, 31, 35, 33, 34, 25, 39, 37, 38, 36]",1972,"[16, 15, 3, 2, 23, 11, 13, 12, 17, 22, 10, 5, 7, 6, 14, 0, 1, 20, 18, 19, 8, 21, 9, 4, 24, 32, 26, 27, 28, 29, 30, 31, 35, 33, 34, 25, 39, 37, 38, 36]",1972,5.39544415473938
"[16, 15, 3, 2, 23, 11, 13, 12, 17, 22, 10, 5, 7, 6, 14, 0, 1, 20, 18, 19, 8, 21, 9, 4, 24, 32, 26, 27, 28, 29, 30, 31, 35, 33, 34, 25, 39, 37, 38, 36]",1972,"[16, 15, 3, 2, 23, 11, 13, 12, 17, 22, 10, 5, 7, 6, 14, 0, 1, 20, 18, 19, 8, 21, 9, 4, 24, 32, 26, 27, 28, 29, 30, 31, 35, 33, 34, 25, 39, 37, 38, 36]",1972,5.450470209121704
"[16, 15, 3, 2, 23, 11, 13, 12, 17, 22, 10, 5, 7, 6, 14, 0, 1, 20, 18, 19, 8, 21, 9, 4, 24, 32, 26, 27, 28, 29, 30, 31, 35, 33, 34, 25, 39, 37, 38, 36]",1972,"[16, 15, 3, 2, 23, 11, 13, 12, 17, 22, 10, 5, 7, 6, 14, 0, 1, 20, 18, 19, 8, 21, 9, 4, 24, 32, 26, 27, 28, 29, 30, 31, 35, 33, 34, 25, 39, 37, 38, 36]",1972,5.502562046051025
"[16, 15, 3, 2, 23, 11, 13, 12, 17, 22, 10, 5, 7, 6, 14, 0, 1, 20, 18, 19, 8, 21, 9, 4, 24, 32, 26, 27, 28, 29, 30, 31, 35, 33, 34, 25, 39, 37, 38, 36]",1972,"[16, 15, 3, 2, 23, 11, 13, 12, 17, 22, 10, 5, 7, 6, 14, 0, 1, 20, 18, 19, 8, 21, 9, 4, 24, 32, 26, 27, 28, 29, 30, 31, 35, 33, 34, 25, 39, 37, 38, 36]",1972,5.555196285247803
"[16, 15, 3, 2, 23, 11, 13, 12, 17, 22, 10, 5, 7, 6, 14, 0, 1, 20, 18, 19, 8, 21, 9, 4, 24, 32, 26, 27, 28, 29, 30, 31, 35, 33, 34, 25, 39, 37, 38, 36]",1972,"[16, 15, 3, 2, 23, 11, 13, 12, 17, 22, 10, 5, 7, 6, 14, 0, 1, 20, 18, 19, 8, 21, 9, 4, 24, 32, 26, 27, 28, 29, 30, 31, 35, 33, 34, 25, 39, 37, 38, 36]",1972,5.610069990158081
"[16, 15, 3, 2, 23, 11, 13, 12, 17, 22, 10, 5, 7, 6, 14, 0, 1, 20, 18, 19, 8, 21, 9, 4, 24, 32, 26, 27, 28, 29, 30, 31, 35, 33, 34, 25, 39, 37, 38, 36]",1972,"[16, 15, 3, 2, 23, 11, 13, 12, 17, 22, 10, 5, 7, 6, 14, 0, 1, 20, 18, 19, 8, 21, 9, 4, 24, 32, 26, 27, 28, 29, 30, 31, 35, 33, 34, 25, 39, 37, 38, 36]",1972,5.667503118515015
"[16, 15, 3, 2, 23, 11, 13, 12, 17, 22, 10, 5, 7, 6, 14, 0, 1, 20, 18, 19, 8, 21, 9, 4, 24, 32, 26, 27, 28, 29, 30, 31, 35, 33, 34, 25, 39, 37, 38, 36]",1972,"[16, 15, 3, 2, 23, 11, 13, 12, 17, 22, 10, 5, 7, 6, 14, 0, 1, 20, 18, 19, 8, 21, 9, 4, 24, 32, 26, 27, 28, 29, 30, 31, 35, 33, 34, 25, 39, 37, 38, 36]",1972,5.723273277282715
"[16, 15, 3, 2, 23, 11, 13, 12, 17, 22, 10, 5, 7, 6, 14, 0, 1, 20, 18, 19, 8, 21, 9, 4, 24, 32, 26, 27, 28, 29, 30, 31, 35, 33, 34, 25, 39, 37, 38, 36]",1972,"[16, 15, 3, 2, 23, 11, 13, 12, 17, 22, 10, 5, 7, 6, 14, 0, 1, 20, 18, 19, 8, 21, 9, 4, 24, 32, 26, 27, 28, 29, 30, 31, 35, 33, 34, 25, 39, 37, 38, 36]",1972,5.776205062866211
"[16, 15, 3, 2, 23, 11, 13, 12, 17, 22, 10, 5, 7, 6, 14, 0, 1, 20, 18, 19, 8, 21, 9, 4, 24, 32, 26, 27, 28, 29, 30, 31, 35, 33, 34, 25, 39, 37, 38, 36]",1972,"[16, 15, 3, 2, 23, 11, 13, 12, 17, 22, 10, 5, 7, 6, 14, 0, 1, 20, 18, 19, 8, 21, 9, 4, 24, 32, 26, 27, 28, 29, 30, 31, 35, 33, 34, 25, 39, 37, 38, 36]",1972,5.82954216003418
"[16, 15, 3, 2, 23, 11, 13, 12, 17, 22, 10, 5, 7, 6, 14, 0, 1, 20, 18, 19, 8, 21, 9, 4, 24, 32, 26, 27, 28, 29, 30, 31, 35, 33, 34, 25, 39, 37, 38, 36]",1972,"[16, 15, 3, 2, 23, 11, 13, 12, 17, 22, 10, 5, 7, 6, 14, 0, 1, 20, 18, 19, 8, 21, 9, 4, 24, 32, 26, 27, 28, 29, 30, 31, 35, 33, 34, 25, 39, 37, 38, 36]",1972,5.8840460777282715
"[16, 15, 3, 2, 23, 11, 13, 12, 17, 22, 10, 5, 7, 6, 14, 0, 1, 20, 18, 19, 8, 21, 9, 4, 24, 32, 26, 27, 28, 29, 30, 31, 35, 33, 34, 25, 39, 37, 38, 36]",1972,"[16, 15, 3, 2, 23, 11, 13, 12, 17, 22, 10, 5, 7, 6, 14, 0, 1, 20, 18, 19, 8, 21, 9, 4, 24, 32, 26, 27, 28, 29, 30, 31, 35, 33, 34, 25, 39, 37, 38, 36]",1972,5.938129186630249
"[16, 15, 3, 2, 23, 11, 13, 12, 17, 22, 10, 5, 7, 6, 14, 0, 1, 20, 18, 19, 8, 21, 9, 4, 24, 32, 26, 27, 28, 29, 30, 31, 35, 33, 34, 25, 39, 37, 38, 36]",1972,"[16, 15, 3, 2, 23, 11, 13, 12, 17, 22, 10, 5, 7, 6, 14, 0, 1, 20, 18, 19, 8, 21, 9, 4, 24, 32, 26, 27, 28, 29, 30, 31, 35, 33, 34, 25, 39, 37, 38, 36]",1972,5.992449998855591
"[16, 15, 3, 2, 23, 11, 13, 12, 17, 22, 10, 5, 7, 6, 14, 0, 1, 20, 18, 19, 8, 21, 9, 4, 24, 32, 26, 27, 28, 29, 30, 31, 35, 33, 34, 25, 39, 37, 38, 36]",1972,"[16, 15, 3, 2, 23, 11, 13, 12, 17, 22, 10, 5, 7, 6, 14, 0, 1, 20, 18, 19, 8, 21, 9, 4, 24, 32, 26, 27, 28, 29, 30, 31, 35, 33, 34, 25, 39, 37, 38, 36]",1972,6.045145034790039
"[16, 15, 3, 2, 23, 11, 13, 12, 17, 22, 10, 5, 7, 6, 14, 0, 1, 20, 18, 19, 8, 21, 9, 4, 24, 32, 26, 27, 28, 29, 30, 31, 35, 33, 34, 25, 39, 37, 38, 36]",1972,"[16, 15, 3, 2, 23, 11, 13, 12, 17, 22, 10, 5, 7, 6, 14, 0, 1, 20, 18, 19, 8, 21, 9, 4, 24, 32, 26, 27, 28, 29, 30, 31, 35, 33, 34, 25, 39, 37, 38, 36]",1972,6.099797964096069
"[16, 15, 3, 2, 23, 11, 13, 12, 17, 22, 10, 5, 7, 6, 14, 0, 1, 20, 18, 19, 8, 21, 9, 4, 24, 32, 26, 27, 28, 29, 38, 31, 35, 33, 34, 25, 39, 37, 30, 36]",1860,"[16, 15, 3, 2, 23, 11, 13, 12, 17, 22, 10, 5, 7, 6, 14, 0, 1, 20, 18, 19, 8, 21, 9, 4, 24, 32, 26, 27, 28, 29, 38, 31, 35, 33, 34, 25, 39, 37, 30, 36]",1860,6.152465105056763
"[16, 15, 3, 2, 23, 11, 13, 12, 17, 22, 10, 5, 7, 6, 14, 0, 1, 20, 18, 19, 8, 21, 9, 4, 24, 32, 26, 27, 28, 29, 38, 31, 35, 33, 34, 25, 39, 37, 30, 36]",1860,"[16, 15, 3, 2, 23, 11, 13, 12, 17, 22, 10, 5, 7, 6, 14, 0, 1, 20, 18, 19, 8, 21, 9, 4, 24, 32, 26, 27, 28, 29, 38, 31, 35, 33, 34, 25, 39, 37, 30, 36]",1860,6.206302165985107
"[16, 15, 3, 2, 23, 11, 13, 12, 17, 22, 10, 5, 7, 6, 14, 0, 1, 20, 18, 19, 8, 21, 9, 4, 24, 32, 26, 27, 28, 29, 38, 31, 35, 33, 34, 25, 39, 37, 30, 36]",1860,"[16, 15, 3, 2, 23, 11, 13, 12, 17, 22, 10, 5, 7, 6, 14, 0, 1, 20, 18, 19, 8, 21, 9, 4, 24, 32, 26, 27, 28, 29, 38, 31, 35, 33, 34, 25, 39, 37, 30, 36]",1860,6.25907301902771
"[16, 15, 3, 2, 23, 11, 13, 12, 17, 22, 10, 5, 7, 6, 14, 0, 1, 20, 18, 19, 8, 21, 9, 4, 24, 32, 26, 27, 28, 29, 38, 31, 35, 33, 34, 25, 39, 37, 30, 36]",1860,"[16, 15, 3, 2, 23, 11, 13, 12, 17, 22, 10, 5, 7, 6, 14, 0, 1, 20, 18, 19, 8, 21, 9, 4, 24, 32, 26, 27, 28, 29, 38, 31, 35, 33, 34, 25, 39, 37, 30, 36]",1860,6.310631275177002
"[16, 15, 3, 2, 23, 11, 13, 12, 17, 22, 10, 5, 7, 6, 14, 0, 1, 20, 18, 19, 8, 21, 9, 4, 24, 32, 26, 27, 28, 29, 38, 31, 35, 33, 34, 25, 39, 37, 30, 36]",1860,"[16, 15, 3, 2, 23, 11, 13, 12, 17, 22, 10, 5, 7, 6, 14, 0, 1, 20, 18, 19, 8, 21, 9, 4, 24, 32, 26, 27, 28, 29, 38, 31, 35, 33, 34, 25, 39, 37, 30, 36]",1860,6.363500118255615
"[16, 15, 3, 2, 23, 11, 13, 12, 17, 22, 10, 5, 7, 6, 14, 0, 1, 20, 18, 19, 8, 21, 9, 4, 24, 32, 26, 27, 28, 29, 38, 31, 35, 33, 34, 25, 39, 37, 30, 36]",1860,"[16, 15, 3, 2, 23, 11, 13, 12, 17, 22, 10, 5, 7, 6, 14, 0, 1, 20, 18, 19, 8, 21, 9, 4, 24, 32, 26, 27, 28, 29, 38, 31, 35, 33, 34, 25, 39, 37, 30, 36]",1860,6.416551113128662
"[16, 15, 3, 2, 23, 11, 13, 12, 17, 22, 10, 5, 7, 6, 14, 0, 1, 20, 18, 19, 8, 21, 9, 4, 24, 32, 26, 27, 28, 29, 38, 31, 35, 33, 34, 25, 39, 37, 30, 36]",1860,"[16, 15, 3, 2, 23, 11, 13, 12, 17, 22, 10, 5, 7, 6, 14, 0, 1, 20, 18, 19, 8, 21, 9, 4, 24, 32, 26, 27, 28, 29, 38, 31, 35, 33, 34, 25, 39, 37, 30, 36]",1860,6.4694740772247314
"[16, 15, 3, 2, 23, 11, 13, 12, 17, 22, 10, 5, 7, 6, 14, 0, 1, 20, 18, 19, 8, 21, 9, 4, 24, 32, 26, 27, 28, 29, 38, 31, 35, 33, 34, 25, 39, 37, 30, 36]",1860,"[16, 15, 3, 2, 23, 11, 13, 12, 17, 22, 10, 5, 7, 6, 14, 0, 1, 20, 18, 19, 8, 21, 9, 4, 24, 32, 26, 27, 28, 29, 38, 31, 35, 33, 34, 25, 39, 37, 30, 36]",1860,6.5221991539001465
"[16, 15, 3, 2, 23, 11, 13, 12, 17, 22, 10, 5, 7, 6, 14, 0, 1, 20, 18, 19, 8, 21, 9, 4, 24, 32, 26, 27, 28, 29, 38, 31, 35, 33, 34, 25, 39, 37, 30, 36]",1860,"[16, 15, 3, 2, 23, 11, 13, 12, 17, 22, 10, 5, 7, 6, 14, 0, 1, 20, 18, 19, 8, 21, 9, 4, 24, 32, 26, 27, 28, 29, 38, 31, 35, 33, 34, 25, 39, 37, 30, 36]",1860,6.576696157455444
"[16, 15, 3, 2, 23, 11, 13, 12, 17, 22, 10, 5, 7, 6, 14, 0, 1, 20, 18, 19, 8, 21, 9, 4, 24, 32, 26, 27, 28, 29, 38, 31, 35, 33, 34, 25, 39, 37, 30, 36]",1860,"[16, 15, 3, 2, 23, 11, 13, 12, 17, 22, 10, 5, 7, 6, 14, 0, 1, 20, 18, 19, 8, 21, 9, 4, 24, 32, 26, 27, 28, 29, 38, 31, 35, 33, 34, 25, 39, 37, 30, 36]",1860,6.633212327957153
"[16, 15, 3, 2, 23, 11, 13, 12, 17, 22, 10, 5, 7, 6, 14, 0, 1, 20, 18, 19, 8, 21, 9, 4, 24, 32, 26, 27, 28, 29, 38, 31, 35, 33, 34, 25, 39, 37, 30, 36]",1860,"[16, 15, 3, 2, 23, 11, 13, 12, 17, 22, 10, 5, 7, 6, 14, 0, 1, 20, 18, 19, 8, 21, 9, 4, 24, 32, 26, 27, 28, 29, 38, 31, 35, 33, 34, 25, 39, 37, 30, 36]",1860,6.688762187957764
"[16, 15, 3, 2, 23, 11, 13, 12, 17, 22, 10, 5, 7, 6, 14, 0, 1, 20, 18, 19, 8, 21, 9, 4, 24, 32, 26, 27, 28, 29, 38, 31, 35, 33, 34, 25, 39, 37, 30, 36]",1860,"[16, 15, 3, 2, 23, 11, 13, 12, 17, 22, 10, 5, 7, 6, 14, 0, 1, 20, 18, 19, 8, 21, 9, 4, 24, 32, 26, 27, 28, 29, 38, 31, 35, 33, 34, 25, 39, 37, 30, 36]",1860,6.74557900428772
"[16, 15, 3, 2, 23, 11, 13, 12, 17, 22, 10, 5, 7, 6, 14, 0, 1, 20, 18, 19, 8, 21, 9, 4, 24, 32, 26, 27, 28, 29, 38, 31, 35, 33, 34, 25, 39, 37, 30, 36]",1860,"[16, 15, 3, 2, 23, 11, 13, 12, 17, 22, 10, 5, 7, 6, 14, 0, 1, 20, 18, 19, 8, 21, 9, 4, 24, 32, 26, 27, 28, 29, 38, 31, 35, 33, 34, 25, 39, 37, 30, 36]",1860,6.80130934715271
"[16, 15, 3, 2, 23, 11, 13, 12, 17, 22, 10, 5, 7, 6, 14, 0, 1, 20, 18, 19, 8, 21, 9, 4, 24, 32, 26, 27, 28, 29, 38, 31, 35, 33, 34, 25, 39, 37, 30, 36]",1860,"[16, 15, 3, 2, 23, 11, 13, 12, 17, 22, 10, 5, 7, 6, 14, 0, 1, 20, 18, 19, 8, 21, 9, 4, 24, 32, 26, 27, 28, 29, 38, 31, 35, 33, 34, 25, 39, 37, 30, 36]",1860,6.8560402393341064
"[16, 15, 3, 2, 23, 11, 13, 12, 17, 22, 10, 5, 7, 6, 14, 0, 1, 20, 18, 19, 8, 21, 9, 4, 24, 32, 26, 27, 28, 29, 38, 31, 35, 33, 34, 25, 39, 37, 30, 36]",1860,"[16, 15, 3, 2, 23, 11, 13, 12, 17, 22, 10, 5, 7, 6, 14, 0, 1, 20, 18, 19, 8, 21, 9, 4, 24, 32, 26, 27, 28, 29, 38, 31, 35, 33, 34, 25, 39, 37, 30, 36]",1860,6.912352085113525
"[16, 15, 3, 2, 23, 11, 13, 12, 17, 22, 10, 5, 7, 6, 14, 0, 1, 20, 18, 19, 8, 21, 9, 4, 24, 32, 26, 27, 28, 29, 38, 31, 35, 33, 34, 25, 39, 37, 30, 36]",1860,"[16, 15, 3, 2, 23, 11, 13, 12, 17, 22, 10, 5, 7, 6, 14, 0, 1, 20, 18, 19, 8, 21, 9, 4, 24, 32, 26, 27, 28, 29, 38, 31, 35, 33, 34, 25, 39, 37, 30, 36]",1860,6.968732118606567
"[16, 15, 3, 2, 23, 11, 13, 12, 17, 22, 10, 5, 7, 6, 14, 0, 1, 20, 18, 19, 8, 21, 9, 4, 24, 32, 26, 27, 28, 29, 38, 31, 35, 33, 34, 25, 39, 37, 30, 36]",1860,"[16, 15, 3, 2, 23, 11, 13, 12, 17, 22, 10, 5, 7, 6, 14, 0, 1, 20, 18, 19, 8, 21, 9, 4, 24, 32, 26, 27, 28, 29, 38, 31, 35, 33, 34, 25, 39, 37, 30, 36]",1860,7.0239832401275635
"[16, 15, 3, 2, 23, 11, 13, 12, 17, 22, 10, 5, 7, 6, 14, 0, 1, 20, 18, 19, 8, 21, 9, 4, 24, 32, 26, 27, 28, 29, 38, 31, 35, 33, 34, 25, 39, 37, 30, 36]",1860,"[16, 15, 3, 2, 23, 11, 13, 12, 17, 22, 10, 5, 7, 6, 14, 0, 1, 20, 18, 19, 8, 21, 9, 4, 24, 32, 26, 27, 28, 29, 38, 31, 35, 33, 34, 25, 39, 37, 30, 36]",1860,7.080257177352905
"[16, 15, 3, 2, 23, 11, 13, 12, 17, 22, 10, 5, 7, 6, 14, 0, 1, 20, 18, 19, 8, 21, 9, 4, 24, 32, 26, 27, 28, 29, 38, 31, 35, 33, 34, 25, 39, 37, 30, 36]",1860,"[16, 15, 3, 2, 23, 11, 13, 12, 17, 22, 10, 5, 7, 6, 14, 0, 1, 20, 18, 19, 8, 21, 9, 4, 24, 32, 26, 27, 28, 29, 38, 31, 35, 33, 34, 25, 39, 37, 30, 36]",1860,7.135082244873047
"[16, 15, 3, 2, 23, 11, 13, 12, 17, 22, 10, 5, 7, 6, 14, 0, 1, 20, 18, 19, 8, 21, 9, 4, 24, 32, 26, 27, 28, 29, 38, 31, 35, 33, 34, 25, 39, 37, 30, 36]",1860,"[16, 15, 3, 2, 23, 11, 13, 12, 17, 22, 10, 5, 7, 6, 14, 0, 1, 20, 18, 19, 8, 21, 9, 4, 24, 32, 26, 27, 28, 29, 38, 31, 35, 33, 34, 25, 39, 37, 30, 36]",1860,7.18894624710083
"[16, 15, 3, 2, 23, 11, 13, 12, 17, 22, 10, 5, 7, 6, 14, 0, 1, 20, 18, 19, 8, 21, 9, 4, 24, 32, 26, 27, 28, 29, 38, 31, 35, 33, 34, 25, 39, 37, 30, 36]",1860,"[16, 15, 3, 2, 23, 11, 13, 12, 17, 22, 10, 5, 7, 6, 14, 0, 1, 20, 18, 19, 8, 21, 9, 4, 24, 32, 26, 27, 28, 29, 38, 31, 35, 33, 34, 25, 39, 37, 30, 36]",1860,7.241573095321655
"[16, 15, 3, 2, 23, 11, 13, 12, 17, 22, 10, 5, 7, 6, 14, 0, 1, 20, 18, 19, 8, 21, 9, 4, 24, 32, 26, 27, 28, 29, 38, 31, 35, 33, 34, 25, 39, 37, 30, 36]",1860,"[16, 15, 3, 2, 23, 11, 13, 12, 17, 22, 10, 5, 7, 6, 14, 0, 1, 20, 18, 19, 8, 21, 9, 4, 24, 32, 26, 27, 28, 29, 38, 31, 35, 33, 34, 25, 39, 37, 30, 36]",1860,7.293983221054077
"[16, 15, 3, 2, 23, 11, 13, 12, 17, 22, 10, 5, 7, 6, 14, 0, 1, 20, 18, 19, 8, 21, 9, 4, 24, 32, 26, 27, 28, 29, 38, 31, 35, 33, 34, 25, 39, 37, 30, 36]",1860,"[16, 15, 3, 2, 23, 11, 13, 12, 17, 22, 10, 5, 7, 6, 14, 0, 1, 20, 18, 19, 8, 21, 9, 4, 24, 32, 26, 27, 28, 29, 38, 31, 35, 33, 34, 25, 39, 37, 30, 36]",1860,7.345853328704834
"[16, 15, 3, 2, 23, 11, 13, 12, 17, 22, 10, 5, 7, 6, 14, 0, 1, 20, 18, 19, 8, 21, 9, 4, 24, 32, 26, 27, 28, 29, 38, 31, 35, 33, 34, 25, 39, 37, 30, 36]",1860,"[16, 15, 3, 2, 23, 11, 13, 12, 17, 22, 10, 5, 7, 6, 14, 0, 1, 20, 18, 19, 8, 21, 9, 4, 24, 32, 26, 27, 28, 29, 38, 31, 35, 33, 34, 25, 39, 37, 30, 36]",1860,7.398425102233887
"[16, 15, 3, 2, 23, 11, 13, 12, 17, 22, 10, 5, 7, 6, 14, 0, 1, 20, 18, 19, 8, 21, 9, 4, 24, 32, 26, 27, 28, 29, 38, 31, 35, 33, 34, 25, 39, 37, 30, 36]",1860,"[16, 15, 3, 2, 23, 11, 13, 12, 17, 22, 10, 5, 7, 6, 14, 0, 1, 20, 18, 19, 8, 21, 9, 4, 24, 32, 26, 27, 28, 29, 38, 31, 35, 33, 34, 25, 39, 37, 30, 36]",1860,7.450660228729248
"[16, 15, 3, 2, 23, 11, 13, 12, 17, 22, 10, 5, 7, 6, 14, 0, 1, 20, 18, 19, 8, 21, 9, 4, 24, 32, 26, 27, 28, 29, 38, 31, 35, 33, 34, 25, 39, 37, 30, 36]",1860,"[16, 15, 3, 2, 23, 11, 13, 12, 17, 22, 10, 5, 7, 6, 14, 0, 1, 20, 18, 19, 8, 21, 9, 4, 24, 32, 26, 27, 28, 29, 38, 31, 35, 33, 34, 25, 39, 37, 30, 36]",1860,7.503404140472412
"[16, 15, 3, 2, 23, 11, 13, 12, 17, 22, 10, 5, 7, 6, 14, 0, 1, 20, 18, 19, 8, 21, 9, 4, 24, 32, 26, 27, 28, 29, 38, 31, 35, 33, 34, 25, 39, 37, 30, 36]",1860,"[16, 15, 3, 2, 23, 11, 13, 12, 17, 22, 10, 5, 7, 6, 14, 0, 1, 20, 18, 19, 8, 21, 9, 4, 24, 32, 26, 27, 28, 29, 38, 31, 35, 33, 34, 25, 39, 37, 30, 36]",1860,7.55602502822876
"[16, 15, 3, 2, 23, 11, 13, 12, 17, 22, 10, 5, 7, 6, 14, 0, 1, 20, 18, 19, 8, 21, 9, 4, 24, 32, 26, 27, 28, 29, 38, 31, 35, 33, 34, 25, 39, 37, 30, 36]",1860,"[16, 15, 3, 2, 23, 11, 13, 12, 17, 22, 10, 5, 7, 6, 14, 0, 1, 20, 18, 19, 8, 21, 9, 4, 24, 32, 26, 27, 28, 29, 38, 31, 35, 33, 34, 25, 39, 37, 30, 36]",1860,7.622064113616943
"[16, 15, 3, 2, 23, 11, 13, 12, 17, 22, 10, 5, 7, 6, 14, 0, 1, 20, 18, 19, 8, 21, 9, 4, 24, 32, 26, 27, 28, 29, 38, 31, 35, 33, 34, 25, 39, 37, 30, 36]",1860,"[16, 15, 3, 2, 23, 11, 13, 12, 17, 22, 10, 5, 7, 6, 14, 0, 1, 20, 18, 19, 8, 21, 9, 4, 24, 32, 26, 27, 28, 29, 38, 31, 35, 33, 34, 25, 39, 37, 30, 36]",1860,7.675818204879761
"[16, 15, 3, 2, 23, 11, 13, 12, 17, 22, 10, 5, 7, 6, 14, 0, 1, 20, 18, 19, 8, 21, 9, 4, 24, 32, 26, 27, 28, 29, 38, 31, 35, 33, 34, 25, 39, 37, 30, 36]",1860,"[16, 15, 3, 2, 23, 11, 13, 12, 17, 22, 10, 5, 7, 6, 14, 0, 1, 20, 18, 19, 8, 21, 9, 4, 24, 32, 26, 27, 28, 29, 38, 31, 35, 33, 34, 25, 39, 37, 30, 36]",1860,7.729272127151489
"[16, 15, 3, 2, 23, 11, 13, 12, 17, 22, 10, 5, 7, 6, 14, 0, 1, 20, 18, 19, 8, 21, 9, 4, 24, 32, 26, 27, 28, 29, 38, 31, 35, 33, 34, 25, 39, 37, 30, 36]",1860,"[16, 15, 3, 2, 23, 11, 13, 12, 17, 22, 10, 5, 7, 6, 14, 0, 1, 20, 18, 19, 8, 21, 9, 4, 24, 32, 26, 27, 28, 29, 38, 31, 35, 33, 34, 25, 39, 37, 30, 36]",1860,7.781995058059692
"[16, 15, 3, 2, 23, 11, 13, 12, 17, 22, 10, 5, 7, 6, 14, 0, 1, 20, 18, 19, 8, 21, 9, 4, 24, 32, 26, 27, 28, 29, 38, 31, 35, 33, 34, 25, 39, 37, 30, 36]",1860,"[16, 15, 3, 2, 23, 11, 13, 12, 17, 22, 10, 5, 7, 6, 14, 0, 1, 20, 18, 19, 8, 21, 9, 4, 24, 32, 26, 27, 28, 29, 38, 31, 35, 33, 34, 25, 39, 37, 30, 36]",1860,7.834479093551636
"[16, 15, 3, 2, 23, 11, 13, 12, 17, 22, 10, 5, 7, 6, 14, 0, 1, 20, 18, 19, 8, 21, 9, 4, 24, 32, 26, 27, 28, 29, 38, 31, 35, 33, 34, 25, 39, 37, 30, 36]",1860,"[16, 15, 3, 2, 23, 11, 13, 12, 17, 22, 10, 5, 7, 6, 14, 0, 1, 20, 18, 19, 8, 21, 9, 4, 24, 32, 26, 27, 28, 29, 38, 31, 35, 33, 34, 25, 39, 37, 30, 36]",1860,7.888679265975952
"[16, 15, 3, 2, 23, 11, 13, 12, 17, 22, 10, 5, 7, 6, 14, 0, 1, 20, 18, 19, 8, 21, 9, 4, 24, 32, 26, 27, 28, 29, 38, 31, 35, 33, 34, 25, 39, 37, 30, 36]",1860,"[16, 15, 3, 2, 23, 11, 13, 12, 17, 22, 10, 5, 7, 6, 14, 0, 1, 20, 18, 19, 8, 21, 9, 4, 24, 32, 26, 27, 28, 29, 38, 31, 35, 33, 34, 25, 39, 37, 30, 36]",1860,7.944998264312744
"[16, 15, 3, 2, 23, 11, 13, 12, 17, 22, 10, 5, 7, 6, 14, 0, 1, 20, 18, 19, 8, 21, 9, 4, 24, 32, 26, 27, 28, 29, 38, 31, 35, 33, 34, 25, 39, 37, 30, 36]",1860,"[16, 15, 3, 2, 23, 11, 13, 12, 17, 22, 10, 5, 7, 6, 14, 0, 1, 20, 18, 19, 8, 21, 9, 4, 24, 32, 26, 27, 28, 29, 38, 31, 35, 33, 34, 25, 39, 37, 30, 36]",1860,7.998537302017212
"[16, 15, 3, 2, 23, 11, 13, 12, 17, 22, 10, 5, 7, 6, 14, 0, 1, 20, 18, 19, 8, 21, 9, 4, 24, 32, 26, 27, 28, 29, 38, 31, 35, 33, 34, 25, 39, 37, 30, 36]",1860,"[16, 15, 3, 2, 23, 11, 13, 12, 17, 22, 10, 5, 7, 6, 14, 0, 1, 20, 18, 19, 8, 21, 9, 4, 24, 32, 26, 27, 28, 29, 38, 31, 35, 33, 34, 25, 39, 37, 30, 36]",1860,8.051237106323242
"[16, 15, 3, 2, 23, 11, 13, 12, 17, 22, 10, 5, 7, 6, 14, 0, 1, 20, 18, 19, 8, 21, 9, 4, 24, 32, 26, 27, 28, 29, 38, 31, 35, 33, 34, 25, 39, 37, 30, 36]",1860,"[16, 15, 3, 2, 23, 11, 13, 12, 17, 22, 10, 5, 7, 6, 14, 0, 1, 20, 18, 19, 8, 21, 9, 4, 24, 32, 26, 27, 28, 29, 38, 31, 35, 33, 34, 25, 39, 37, 30, 36]",1860,8.105342149734497
"[16, 15, 3, 2, 23, 11, 13, 12, 17, 22, 10, 5, 7, 6, 14, 0, 1, 20, 18, 19, 8, 21, 9, 4, 24, 32, 26, 27, 28, 29, 38, 31, 35, 33, 34, 25, 39, 37, 30, 36]",1860,"[16, 15, 3, 2, 23, 11, 13, 12, 17, 22, 10, 5, 7, 6, 14, 0, 1, 20, 18, 19, 8, 21, 9, 4, 24, 32, 26, 27, 28, 29, 38, 31, 35, 33, 34, 25, 39, 37, 30, 36]",1860,8.15883207321167
"[16, 15, 3, 2, 23, 11, 13, 12, 17, 22, 10, 5, 7, 6, 14, 0, 1, 20, 18, 19, 8, 21, 9, 4, 24, 32, 26, 27, 28, 29, 38, 31, 35, 33, 34, 25, 39, 37, 30, 36]",1860,"[16, 15, 3, 2, 23, 11, 13, 12, 17, 22, 10, 5, 7, 6, 14, 0, 1, 20, 18, 19, 8, 21, 9, 4, 24, 32, 26, 27, 28, 29, 38, 31, 35, 33, 34, 25, 39, 37, 30, 36]",1860,8.213083267211914
"[16, 15, 3, 2, 23, 11, 13, 12, 17, 22, 10, 5, 7, 6, 14, 0, 1, 20, 18, 19, 8, 21, 9, 4, 24, 32, 26, 27, 28, 29, 38, 31, 35, 33, 34, 25, 39, 37, 30, 36]",1860,"[16, 15, 3, 2, 23, 11, 13, 12, 17, 22, 10, 5, 7, 6, 14, 0, 1, 20, 18, 19, 8, 21, 9, 4, 24, 32, 26, 27, 28, 29, 38, 31, 35, 33, 34, 25, 39, 37, 30, 36]",1860,8.265205383300781
"[16, 15, 3, 2, 23, 11, 13, 12, 17, 22, 10, 5, 7, 6, 14, 0, 1, 20, 18, 19, 8, 21, 9, 4, 24, 32, 26, 27, 28, 29, 38, 31, 35, 33, 34, 25, 39, 37, 30, 36]",1860,"[16, 15, 3, 2, 23, 11, 13, 12, 17, 22, 10, 5, 7, 6, 14, 0, 1, 20, 18, 19, 8, 21, 9, 4, 24, 32, 26, 27, 28, 29, 38, 31, 35, 33, 34, 25, 39, 37, 30, 36]",1860,8.318970203399658
"[16, 15, 3, 2, 23, 11, 13, 12, 17, 22, 10, 5, 7, 6, 14, 0, 1, 20, 18, 19, 8, 21, 9, 4, 24, 32, 26, 27, 28, 29, 38, 31, 35, 33, 34, 25, 39, 37, 30, 36]",1860,"[16, 15, 3, 2, 23, 11, 13, 12, 17, 22, 10, 5, 7, 6, 14, 0, 1, 20, 18, 19, 8, 21, 9, 4, 24, 32, 26, 27, 28, 29, 38, 31, 35, 33, 34, 25, 39, 37, 30, 36]",1860,8.37152624130249
"[16, 15, 3, 2, 23, 11, 13, 12, 17, 22, 10, 5, 7, 6, 14, 0, 1, 20, 18, 19, 8, 21, 9, 4, 24, 32, 26, 27, 28, 29, 38, 31, 35, 33, 34, 25, 39, 37, 30, 36]",1860,"[16, 15, 3, 2, 23, 11, 13, 12, 17, 22, 10, 5, 7, 6, 14, 0, 1, 20, 18, 19, 8, 21, 9, 4, 24, 32, 26, 27, 28, 29, 38, 31, 35, 33, 34, 25, 39, 37, 30, 36]",1860,8.423880338668823
"[16, 15, 3, 2, 23, 11, 13, 12, 17, 22, 10, 5, 7, 6, 14, 0, 1, 20, 18, 19, 8, 21, 9, 4, 24, 32, 26, 27, 28, 29, 38, 31, 35, 33, 34, 25, 39, 37, 30, 36]",1860,"[16, 15, 3, 2, 23, 11, 13, 12, 17, 22, 10, 5, 7, 6, 14, 0, 1, 20, 18, 19, 8, 21, 9, 4, 24, 32, 26, 27, 28, 29, 38, 31, 35, 33, 34, 25, 39, 37, 30, 36]",1860,8.47677731513977
"[16, 15, 3, 2, 23, 11, 13, 12, 17, 22, 10, 5, 7, 6, 14, 0, 1, 20, 18, 19, 8, 21, 9, 4, 24, 32, 26, 27, 28, 29, 38, 31, 35, 33, 34, 25, 39, 37, 30, 36]",1860,"[16, 15, 3, 2, 23, 11, 13, 12, 17, 22, 10, 5, 7, 6, 14, 0, 1, 20, 18, 19, 8, 21, 9, 4, 24, 32, 26, 27, 28, 29, 38, 31, 35, 33, 34, 25, 39, 37, 30, 36]",1860,8.529279232025146
"[16, 15, 3, 2, 23, 11, 13, 12, 17, 22, 10, 5, 7, 6, 14, 0, 1, 20, 18, 19, 8, 21, 9, 4, 24, 32, 26, 27, 28, 29, 38, 31, 35, 33, 34, 25, 39, 37, 30, 36]",1860,"[16, 15, 3, 2, 23, 11, 13, 12, 17, 22, 10, 5, 7, 6, 14, 0, 1, 20, 18, 19, 8, 21, 9, 4, 24, 32, 26, 27, 28, 29, 38, 31, 35, 33, 34, 25, 39, 37, 30, 36]",1860,8.581676006317139
"[16, 15, 3, 2, 23, 11, 13, 12, 17, 22, 10, 5, 7, 6, 14, 0, 1, 20, 18, 19, 8, 21, 9, 4, 24, 32, 26, 27, 28, 29, 38, 31, 35, 33, 34, 25, 39, 37, 30, 36]",1860,"[16, 15, 3, 2, 23, 11, 13, 12, 17, 22, 10, 5, 7, 6, 14, 0, 1, 20, 18, 19, 8, 21, 9, 4, 24, 32, 26, 27, 28, 29, 38, 31, 35, 33, 34, 25, 39, 37, 30, 36]",1860,8.634104013442993
"[16, 15, 3, 2, 23, 11, 13, 12, 17, 22, 10, 5, 7, 6, 14, 0, 1, 20, 18, 19, 8, 21, 9, 4, 24, 32, 26, 27, 28, 29, 38, 31, 35, 33, 34, 25, 39, 37, 30, 36]",1860,"[16, 15, 3, 2, 23, 11, 13, 12, 17, 22, 10, 5, 7, 6, 14, 0, 1, 20, 18, 19, 8, 21, 9, 4, 24, 32, 26, 27, 28, 29, 38, 31, 35, 33, 34, 25, 39, 37, 30, 36]",1860,8.686609268188477
"[16, 15, 3, 2, 23, 11, 13, 12, 17, 22, 10, 5, 7, 6, 14, 0, 1, 20, 18, 19, 8, 21, 9, 4, 24, 32, 26, 27, 28, 29, 38, 31, 35, 33, 34, 25, 39, 37, 30, 36]",1860,"[16, 15, 3, 2, 23, 11, 13, 12, 17, 22, 10, 5, 7, 6, 14, 0, 1, 20, 18, 19, 8, 21, 9, 4, 24, 32, 26, 27, 28, 29, 38, 31, 35, 33, 34, 25, 39, 37, 30, 36]",1860,8.739445209503174
"[16, 15, 3, 2, 23, 11, 13, 12, 17, 22, 10, 5, 7, 6, 14, 0, 1, 20, 18, 19, 8, 21, 9, 4, 24, 32, 26, 27, 28, 29, 38, 31, 35, 33, 34, 25, 39, 37, 30, 36]",1860,"[16, 15, 3, 2, 23, 11, 13, 12, 17, 22, 10, 5, 7, 6, 14, 0, 1, 20, 18, 19, 8, 21, 9, 4, 24, 32, 26, 27, 28, 29, 38, 31, 35, 33, 34, 25, 39, 37, 30, 36]",1860,8.792347192764282
"[16, 15, 3, 2, 23, 11, 13, 12, 17, 22, 10, 5, 18, 6, 14, 0, 1, 20, 7, 19, 8, 21, 9, 4, 24, 32, 26, 27, 28, 29, 38, 31, 35, 33, 34, 25, 39, 37, 30, 36]",1855,"[16, 15, 3, 2, 23, 11, 13, 12, 17, 22, 10, 5, 18, 6, 14, 0, 1, 20, 7, 19, 8, 21, 9, 4, 24, 32, 26, 27, 28, 29, 38, 31, 35, 33, 34, 25, 39, 37, 30, 36]",1855,8.845414161682129
"[16, 15, 3, 2, 23, 11, 13, 12, 17, 22, 10, 5, 18, 6, 14, 0, 1, 20, 7, 19, 8, 21, 9, 4, 24, 32, 26, 27, 28, 29, 38, 31, 35, 33, 34, 25, 39, 37, 30, 36]",1855,"[16, 15, 3, 2, 23, 11, 13, 12, 17, 22, 10, 5, 18, 6, 14, 0, 1, 20, 7, 19, 8, 21, 9, 4, 24, 32, 26, 27, 28, 29, 38, 31, 35, 33, 34, 25, 39, 37, 30, 36]",1855,8.89762020111084
"[16, 15, 3, 2, 23, 11, 13, 12, 17, 22, 10, 5, 18, 6, 14, 0, 1, 20, 7, 19, 8, 21, 9, 4, 24, 32, 26, 27, 28, 29, 38, 31, 35, 33, 34, 25, 39, 37, 30, 36]",1855,"[16, 15, 3, 2, 23, 11, 13, 12, 17, 22, 10, 5, 18, 6, 14, 0, 1, 20, 7, 19, 8, 21, 9, 4, 24, 32, 26, 27, 28, 29, 38, 31, 35, 33, 34, 25, 39, 37, 30, 36]",1855,8.950945138931274
"[16, 15, 3, 2, 23, 11, 13, 12, 17, 22, 10, 5, 18, 6, 14, 0, 1, 20, 7, 19, 8, 21, 9, 4, 24, 32, 26, 27, 28, 29, 38, 31, 35, 33, 34, 25, 39, 37, 30, 36]",1855,"[16, 15, 3, 2, 23, 11, 13, 12, 17, 22, 10, 5, 18, 6, 14, 0, 1, 20, 7, 19, 8, 21, 9, 4, 24, 32, 26, 27, 28, 29, 38, 31, 35, 33, 34, 25, 39, 37, 30, 36]",1855,9.004432201385498
"[16, 15, 3, 2, 23, 11, 13, 12, 17, 22, 10, 5, 18, 6, 14, 0, 1, 20, 7, 19, 8, 21, 9, 4, 24, 32, 26, 27, 28, 29, 38, 31, 35, 33, 34, 25, 39, 37, 30, 36]",1855,"[16, 15, 3, 2, 23, 11, 13, 12, 17, 22, 10, 5, 18, 6, 14, 0, 1, 20, 7, 19, 8, 21, 9, 4, 24, 32, 26, 27, 28, 29, 38, 31, 35, 33, 34, 25, 39, 37, 30, 36]",1855,9.056710243225098
"[16, 15, 3, 2, 23, 11, 13, 12, 17, 22, 10, 5, 18, 6, 14, 0, 1, 20, 7, 19, 8, 21, 9, 4, 24, 32, 26, 27, 28, 29, 38, 31, 35, 33, 34, 25, 39, 37, 30, 36]",1855,"[16, 15, 3, 2, 23, 11, 13, 12, 17, 22, 10, 5, 18, 6, 14, 0, 1, 20, 7, 19, 8, 21, 9, 4, 24, 32, 26, 27, 28, 29, 38, 31, 35, 33, 34, 25, 39, 37, 30, 36]",1855,9.109245300292969
"[16, 15, 3, 2, 23, 11, 13, 12, 17, 22, 10, 5, 18, 6, 14, 0, 1, 20, 7, 19, 8, 21, 9, 4, 24, 32, 26, 27, 28, 29, 38, 31, 35, 33, 34, 25, 39, 37, 30, 36]",1855,"[16, 15, 3, 2, 23, 11, 13, 12, 17, 22, 10, 5, 18, 6, 14, 0, 1, 20, 7, 19, 8, 21, 9, 4, 24, 32, 26, 27, 28, 29, 38, 31, 35, 33, 34, 25, 39, 37, 30, 36]",1855,9.161436319351196
"[16, 15, 3, 2, 23, 11, 13, 12, 17, 22, 10, 5, 18, 6, 14, 0, 1, 20, 7, 19, 8, 21, 9, 4, 24, 32, 26, 27, 28, 29, 38, 31, 35, 33, 34, 25, 39, 37, 30, 36]",1855,"[16, 15, 3, 2, 23, 11, 13, 12, 17, 22, 10, 5, 18, 6, 14, 0, 1, 20, 7, 19, 8, 21, 9, 4, 24, 32, 26, 27, 28, 29, 38, 31, 35, 33, 34, 25, 39, 37, 30, 36]",1855,9.214760303497314
"[16, 15, 3, 2, 23, 11, 13, 12, 17, 22, 10, 5, 18, 6, 14, 0, 1, 20, 7, 19, 8, 21, 9, 4, 24, 32, 26, 27, 28, 29, 38, 31, 35, 33, 34, 25, 39, 37, 30, 36]",1855,"[16, 15, 3, 2, 23, 11, 13, 12, 17, 22, 10, 5, 18, 6, 14, 0, 1, 20, 7, 19, 8, 21, 9, 4, 24, 32, 26, 27, 28, 29, 38, 31, 35, 33, 34, 25, 39, 37, 30, 36]",1855,9.268750190734863
"[16, 15, 3, 2, 23, 11, 13, 12, 17, 22, 10, 5, 18, 6, 14, 0, 1, 20, 7, 19, 8, 21, 9, 4, 24, 32, 26, 27, 28, 29, 38, 31, 35, 33, 34, 25, 39, 37, 30, 36]",1855,"[16, 15, 3, 2, 23, 11, 13, 12, 17, 22, 10, 5, 18, 6, 14, 0, 1, 20, 7, 19, 8, 21, 9, 4, 24, 32, 26, 27, 28, 29, 38, 31, 35, 33, 34, 25, 39, 37, 30, 36]",1855,9.322422981262207
"[16, 15, 3, 2, 23, 11, 13, 12, 17, 22, 10, 5, 18, 6, 14, 0, 1, 20, 7, 19, 8, 21, 9, 4, 24, 32, 26, 27, 28, 29, 38, 31, 35, 33, 34, 25, 39, 37, 30, 36]",1855,"[16, 15, 3, 2, 23, 11, 13, 12, 17, 22, 10, 5, 18, 6, 14, 0, 1, 20, 7, 19, 8, 21, 9, 4, 24, 32, 26, 27, 28, 29, 38, 31, 35, 33, 34, 25, 39, 37, 30, 36]",1855,9.375144243240356
"[16, 15, 3, 2, 23, 11, 13, 12, 17, 22, 10, 5, 18, 6, 14, 0, 1, 20, 7, 19, 8, 21, 9, 4, 24, 32, 26, 27, 28, 29, 38, 31, 35, 33, 34, 25, 39, 37, 30, 36]",1855,"[16, 15, 3, 2, 23, 11, 13, 12, 17, 22, 10, 5, 18, 6, 14, 0, 1, 20, 7, 19, 8, 21, 9, 4, 24, 32, 26, 27, 28, 29, 38, 31, 35, 33, 34, 25, 39, 37, 30, 36]",1855,9.427626371383667
"[16, 15, 3, 2, 23, 11, 13, 12, 17, 22, 10, 5, 18, 6, 14, 0, 1, 20, 7, 19, 8, 21, 9, 4, 24, 32, 26, 27, 28, 29, 38, 31, 35, 33, 34, 25, 39, 37, 30, 36]",1855,"[16, 15, 3, 2, 23, 11, 13, 12, 17, 22, 10, 5, 18, 6, 14, 0, 1, 20, 7, 19, 8, 21, 9, 4, 24, 32, 26, 27, 28, 29, 38, 31, 35, 33, 34, 25, 39, 37, 30, 36]",1855,9.48111629486084
"[16, 15, 3, 2, 23, 11, 13, 12, 17, 22, 10, 5, 18, 6, 14, 0, 1, 20, 7, 19, 8, 21, 9, 4, 24, 32, 26, 27, 28, 29, 38, 31, 35, 33, 34, 25, 39, 37, 30, 36]",1855,"[16, 15, 3, 2, 23, 11, 13, 12, 17, 22, 10, 5, 18, 6, 14, 0, 1, 20, 7, 19, 8, 21, 9, 4, 24, 32, 26, 27, 28, 29, 38, 31, 35, 33, 34, 25, 39, 37, 30, 36]",1855,9.533825159072876
"[16, 15, 3, 2, 23, 11, 13, 12, 17, 22, 10, 5, 18, 6, 14, 0, 1, 20, 7, 19, 8, 21, 9, 4, 24, 32, 26, 27, 28, 29, 38, 31, 35, 33, 34, 25, 39, 37, 30, 36]",1855,"[16, 15, 3, 2, 23, 11, 13, 12, 17, 22, 10, 5, 18, 6, 14, 0, 1, 20, 7, 19, 8, 21, 9, 4, 24, 32, 26, 27, 28, 29, 38, 31, 35, 33, 34, 25, 39, 37, 30, 36]",1855,9.586234092712402
"[16, 15, 3, 2, 23, 11, 13, 12, 17, 22, 10, 5, 18, 6, 14, 0, 1, 20, 7, 19, 8, 21, 9, 4, 24, 32, 26, 27, 28, 29, 38, 31, 35, 33, 34, 25, 39, 37, 30, 36]",1855,"[16, 15, 3, 2, 23, 11, 13, 12, 17, 22, 10, 5, 18, 6, 14, 0, 1, 20, 7, 19, 8, 21, 9, 4, 24, 32, 26, 27, 28, 29, 38, 31, 35, 33, 34, 25, 39, 37, 30, 36]",1855,9.63925814628601
"[16, 15, 3, 2, 23, 11, 13, 12, 17, 22, 10, 5, 18, 6, 14, 0, 1, 20, 7, 19, 8, 21, 9, 4, 24, 32, 26, 27, 28, 29, 38, 31, 35, 33, 34, 25, 39, 37, 30, 36]",1855,"[16, 15, 3, 2, 23, 11, 13, 12, 17, 22, 10, 5, 18, 6, 14, 0, 1, 20, 7, 19, 8, 21, 9, 4, 24, 32, 26, 27, 28, 29, 38, 31, 35, 33, 34, 25, 39, 37, 30, 36]",1855,9.692359209060669
"[16, 15, 3, 2, 23, 11, 13, 12, 17, 22, 10, 5, 18, 6, 14, 0, 1, 20, 7, 19, 8, 21, 9, 4, 24, 32, 26, 27, 28, 29, 38, 31, 35, 33, 34, 25, 39, 37, 30, 36]",1855,"[16, 15, 3, 2, 23, 11, 13, 12, 17, 22, 10, 5, 18, 6, 14, 0, 1, 20, 7, 19, 8, 21, 9, 4, 24, 32, 26, 27, 28, 29, 38, 31, 35, 33, 34, 25, 39, 37, 30, 36]",1855,9.745199203491211
"[16, 15, 3, 2, 23, 11, 13, 12, 17, 22, 10, 5, 18, 6, 14, 0, 1, 20, 7, 19, 8, 21, 9, 4, 24, 32, 26, 27, 28, 29, 38, 31, 35, 33, 34, 25, 39, 37, 30, 36]",1855,"[16, 15, 3, 2, 23, 11, 13, 12, 17, 22, 10, 5, 18, 6, 14, 0, 1, 20, 7, 19, 8, 21, 9, 4, 24, 32, 26, 27, 28, 29, 38, 31, 35, 33, 34, 25, 39, 37, 30, 36]",1855,9.798434019088745
"[16, 15, 3, 2, 23, 11, 13, 12, 17, 22, 10, 5, 18, 6, 14, 0, 1, 20, 7, 19, 8, 21, 9, 4, 24, 32, 26, 27, 28, 29, 38, 31, 35, 33, 34, 25, 39, 37, 30, 36]",1855,"[16, 15, 3, 2, 23, 11, 13, 12, 17, 22, 10, 5, 18, 6, 14, 0, 1, 20, 7, 19, 8, 21, 9, 4, 24, 32, 26, 27, 28, 29, 38, 31, 35, 33, 34, 25, 39, 37, 30, 36]",1855,9.849446296691895
"[16, 15, 3, 2, 23, 11, 13, 12, 17, 22, 10, 5, 18, 6, 14, 0, 1, 20, 7, 19, 8, 21, 9, 4, 24, 32, 26, 27, 28, 29, 38, 31, 35, 33, 34, 25, 39, 37, 30, 36]",1855,"[16, 15, 3, 2, 23, 11, 13, 12, 17, 22, 10, 5, 18, 6, 14, 0, 1, 20, 7, 19, 8, 21, 9, 4, 24, 32, 26, 27, 28, 29, 38, 31, 35, 33, 34, 25, 39, 37, 30, 36]",1855,9.902257204055786
"[16, 15, 3, 2, 23, 11, 13, 12, 17, 22, 10, 5, 18, 6, 14, 0, 1, 20, 7, 19, 8, 21, 9, 4, 24, 32, 26, 27, 28, 29, 38, 31, 35, 33, 34, 25, 39, 37, 30, 36]",1855,"[16, 15, 3, 2, 23, 11, 13, 12, 17, 22, 10, 5, 18, 6, 14, 0, 1, 20, 7, 19, 8, 21, 9, 4, 24, 32, 26, 27, 28, 29, 38, 31, 35, 33, 34, 25, 39, 37, 30, 36]",1855,9.971524238586426
"[16, 15, 3, 2, 23, 11, 13, 12, 17, 22, 10, 5, 18, 6, 14, 0, 1, 20, 7, 19, 8, 21, 9, 4, 24, 32, 26, 27, 28, 29, 38, 31, 35, 33, 34, 25, 39, 37, 30, 36]",1855,"[16, 15, 3, 2, 23, 11, 13, 12, 17, 22, 10, 5, 18, 6, 14, 0, 1, 20, 7, 19, 8, 21, 9, 4, 24, 32, 26, 27, 28, 29, 38, 31, 35, 33, 34, 25, 39, 37, 30, 36]",1855,10.02626919746399
"[16, 15, 3, 2, 23, 11, 13, 12, 17, 22, 10, 5, 18, 6, 14, 0, 1, 20, 7, 19, 8, 21, 9, 4, 24, 32, 26, 27, 28, 29, 38, 31, 35, 33, 34, 25, 39, 37, 30, 36]",1855,"[16, 15, 3, 2, 23, 11, 13, 12, 17, 22, 10, 5, 18, 6, 14, 0, 1, 20, 7, 19, 8, 21, 9, 4, 24, 32, 26, 27, 28, 29, 38, 31, 35, 33, 34, 25, 39, 37, 30, 36]",1855,10.079536199569702
"[16, 15, 3, 2, 23, 11, 13, 12, 17, 22, 10, 5, 18, 6, 14, 0, 1, 20, 7, 19, 8, 21, 9, 4, 24, 32, 26, 30, 28, 29, 38, 31, 35, 33, 34, 25, 39, 37, 27, 36]",1852,"[16, 15, 3, 2, 23, 11, 13, 12, 17, 22, 10, 5, 18, 6, 14, 0, 1, 20, 7, 19, 8, 21, 9, 4, 24, 32, 26, 30, 28, 29, 38, 31, 35, 33, 34, 25, 39, 37, 27, 36]",1852,10.133332967758179
"[16, 15, 3, 2, 23, 11, 13, 12, 17, 22, 10, 5, 18, 6, 14, 0, 1, 20, 7, 19, 8, 21, 9, 4, 24, 32, 26, 30, 28, 29, 38, 31, 35, 33, 34, 25, 39, 37, 27, 36]",1852,"[16, 15, 3, 2, 23, 11, 13, 12, 17, 22, 10, 5, 18, 6, 14, 0, 1, 20, 7, 19, 8, 21, 9, 4, 24, 32, 26, 30, 28, 29, 38, 31, 35, 33, 34, 25, 39, 37, 27, 36]",1852,10.188518285751343
"[16, 15, 3, 2, 23, 11, 13, 12, 17, 22, 10, 5, 18, 6, 14, 0, 1, 20, 7, 19, 8, 21, 9, 4, 24, 32, 26, 30, 28, 29, 38, 31, 35, 33, 34, 25, 39, 37, 27, 36]",1852,"[16, 15, 3, 2, 23, 11, 13, 12, 17, 22, 10, 5, 18, 6, 14, 0, 1, 20, 7, 19, 8, 21, 9, 4, 24, 32, 26, 30, 28, 29, 38, 31, 35, 33, 34, 25, 39, 37, 27, 36]",1852,10.246584177017212
"[16, 15, 3, 2, 23, 11, 13, 12, 17, 22, 10, 5, 18, 6, 14, 0, 1, 20, 7, 19, 8, 21, 9, 4, 24, 32, 26, 30, 28, 29, 38, 31, 35, 33, 34, 25, 39, 37, 27, 36]",1852,"[16, 15, 3, 2, 23, 11, 13, 12, 17, 22, 10, 5, 18, 6, 14, 0, 1, 20, 7, 19, 8, 21, 9, 4, 24, 32, 26, 30, 28, 29, 38, 31, 35, 33, 34, 25, 39, 37, 27, 36]",1852,10.300940036773682
"[16, 15, 3, 2, 23, 11, 13, 12, 17, 22, 10, 5, 18, 6, 14, 0, 1, 20, 7, 19, 8, 21, 9, 4, 24, 32, 26, 30, 28, 29, 38, 31, 35, 33, 34, 25, 39, 37, 27, 36]",1852,"[16, 15, 3, 2, 23, 11, 13, 12, 17, 22, 10, 5, 18, 6, 14, 0, 1, 20, 7, 19, 8, 21, 9, 4, 24, 32, 26, 30, 28, 29, 38, 31, 35, 33, 34, 25, 39, 37, 27, 36]",1852,10.353357076644897
"[16, 15, 3, 2, 23, 11, 13, 12, 17, 22, 10, 5, 18, 6, 14, 0, 1, 20, 7, 19, 8, 21, 9, 4, 24, 32, 26, 30, 28, 29, 38, 31, 35, 33, 34, 25, 39, 37, 27, 36]",1852,"[16, 15, 3, 2, 23, 11, 13, 12, 17, 22, 10, 5, 18, 6, 14, 0, 1, 20, 7, 19, 8, 21, 9, 4, 24, 32, 26, 30, 28, 29, 38, 31, 35, 33, 34, 25, 39, 37, 27, 36]",1852,10.405341148376465
"[16, 15, 3, 2, 23, 11, 13, 12, 17, 22, 10, 5, 18, 6, 14, 0, 1, 20, 7, 19, 8, 21, 9, 4, 24, 32, 26, 30, 28, 29, 38, 31, 35, 33, 34, 25, 39, 37, 27, 36]",1852,"[16, 15, 3, 2, 23, 11, 13, 12, 17, 22, 10, 5, 18, 6, 14, 0, 1, 20, 7, 19, 8, 21, 9, 4, 24, 32, 26, 30, 28, 29, 38, 31, 35, 33, 34, 25, 39, 37, 27, 36]",1852,10.45754623413086
"[16, 15, 3, 2, 23, 11, 13, 12, 17, 22, 10, 5, 18, 6, 14, 0, 1, 20, 7, 19, 8, 21, 9, 4, 24, 32, 26, 30, 28, 29, 38, 31, 35, 33, 34, 25, 39, 37, 27, 36]",1852,"[16, 15, 3, 2, 23, 11, 13, 12, 17, 22, 10, 5, 18, 6, 14, 0, 1, 20, 7, 19, 8, 21, 9, 4, 24, 32, 26, 30, 28, 29, 38, 31, 35, 33, 34, 25, 39, 37, 27, 36]",1852,10.510390996932983
"[16, 15, 3, 2, 23, 11, 13, 12, 17, 22, 10, 5, 18, 6, 14, 0, 1, 20, 7, 19, 8, 21, 9, 4, 24, 32, 26, 30, 28, 29, 38, 31, 35, 33, 34, 25, 39, 37, 27, 36]",1852,"[16, 15, 3, 2, 23, 11, 13, 12, 17, 22, 10, 5, 18, 6, 14, 0, 1, 20, 7, 19, 8, 21, 9, 4, 24, 32, 26, 30, 28, 29, 38, 31, 35, 33, 34, 25, 39, 37, 27, 36]",1852,10.562206268310547
"[16, 15, 3, 2, 23, 11, 13, 12, 17, 22, 10, 5, 18, 6, 14, 0, 1, 20, 7, 19, 8, 21, 9, 4, 24, 32, 26, 30, 28, 29, 38, 31, 35, 33, 34, 25, 39, 37, 27, 36]",1852,"[16, 15, 3, 2, 23, 11, 13, 12, 17, 22, 10, 5, 18, 6, 14, 0, 1, 20, 7, 19, 8, 21, 9, 4, 24, 32, 26, 30, 28, 29, 38, 31, 35, 33, 34, 25, 39, 37, 27, 36]",1852,10.6151762008667
"[16, 15, 3, 2, 23, 11, 13, 12, 17, 22, 10, 5, 18, 6, 14, 0, 1, 20, 7, 19, 8, 21, 9, 4, 24, 32, 26, 30, 28, 29, 38, 31, 35, 33, 34, 25, 39, 37, 27, 36]",1852,"[16, 15, 3, 2, 23, 11, 13, 12, 17, 22, 10, 5, 18, 6, 14, 0, 1, 20, 7, 19, 8, 21, 9, 4, 24, 32, 26, 30, 28, 29, 38, 31, 35, 33, 34, 25, 39, 37, 27, 36]",1852,10.66776704788208
"[16, 15, 3, 2, 23, 11, 13, 12, 17, 22, 10, 5, 18, 6, 14, 0, 1, 20, 7, 19, 8, 21, 9, 4, 24, 32, 26, 30, 28, 29, 38, 31, 35, 33, 34, 25, 39, 37, 27, 36]",1852,"[16, 15, 3, 2, 23, 11, 13, 12, 17, 22, 10, 5, 18, 6, 14, 0, 1, 20, 7, 19, 8, 21, 9, 4, 24, 32, 26, 30, 28, 29, 38, 31, 35, 33, 34, 25, 39, 37, 27, 36]",1852,10.723067283630371
"[16, 15, 3, 2, 23, 11, 13, 12, 17, 22, 10, 5, 18, 6, 14, 0, 1, 20, 7, 19, 8, 21, 9, 4, 24, 32, 26, 30, 28, 29, 38, 31, 35, 33, 34, 25, 39, 37, 27, 36]",1852,"[16, 15, 3, 2, 23, 11, 13, 12, 17, 22, 10, 5, 18, 6, 14, 0, 1, 20, 7, 19, 8, 21, 9, 4, 24, 32, 26, 30, 28, 29, 38, 31, 35, 33, 34, 25, 39, 37, 27, 36]",1852,10.777215242385864
