Sequence,Fitness,Best_sequence,Best_fitness,Time
"[0, 1, 2, 3, 4, 5, 6, 7, 8, 9, 10, 11, 12, 13, 14, 15, 16, 17, 18, 19]",971.5,"[0, 1, 2, 3, 4, 5, 6, 7, 8, 9, 10, 11, 12, 13, 14, 15, 16, 17, 18, 19]",971.5,0.0010013580322265625
"[0, 1, 2, 3, 4, 5, 6, 7, 8, 9, 10, 11, 12, 13, 14, 15, 16, 17, 18, 19]",971.5,"[0, 1, 2, 3, 4, 5, 6, 7, 8, 9, 10, 11, 12, 13, 14, 15, 16, 17, 18, 19]",971.5,0.060997724533081055
"[0, 1, 2, 3, 4, 5, 6, 7, 8, 9, 10, 11, 12, 13, 14, 15, 16, 17, 18, 19]",971.5,"[0, 1, 2, 3, 4, 5, 6, 7, 8, 9, 10, 11, 12, 13, 14, 15, 16, 17, 18, 19]",971.5,0.12401032447814941
"[0, 1, 2, 3, 4, 5, 6, 7, 8, 9, 10, 11, 12, 13, 14, 15, 16, 17, 18, 19]",971.5,"[0, 1, 2, 3, 4, 5, 6, 7, 8, 9, 10, 11, 12, 13, 14, 15, 16, 17, 18, 19]",971.5,0.1900017261505127
"[0, 1, 2, 3, 4, 5, 6, 7, 8, 9, 10, 11, 12, 13, 14, 15, 16, 17, 18, 19]",971.5,"[0, 1, 2, 3, 4, 5, 6, 7, 8, 9, 10, 11, 12, 13, 14, 15, 16, 17, 18, 19]",971.5,0.25307726860046387
"[0, 1, 2, 3, 4, 5, 6, 7, 8, 9, 10, 11, 12, 13, 14, 15, 16, 17, 18, 19]",971.5,"[0, 1, 2, 3, 4, 5, 6, 7, 8, 9, 10, 11, 12, 13, 14, 15, 16, 17, 18, 19]",971.5,0.31900930404663086
"[0, 1, 2, 3, 4, 5, 6, 7, 8, 9, 10, 11, 12, 13, 14, 15, 16, 17, 18, 19]",971.5,"[0, 1, 2, 3, 4, 5, 6, 7, 8, 9, 10, 11, 12, 13, 14, 15, 16, 17, 18, 19]",971.5,0.38100314140319824
"[0, 1, 2, 3, 4, 5, 6, 7, 8, 9, 10, 11, 12, 13, 14, 15, 16, 17, 18, 19]",971.5,"[0, 1, 2, 3, 4, 5, 6, 7, 8, 9, 10, 11, 12, 13, 14, 15, 16, 17, 18, 19]",971.5,0.4450068473815918
"[0, 1, 2, 3, 4, 5, 6, 7, 8, 9, 10, 11, 12, 13, 14, 15, 16, 17, 18, 19]",971.5,"[0, 1, 2, 3, 4, 5, 6, 7, 8, 9, 10, 11, 12, 13, 14, 15, 16, 17, 18, 19]",971.5,0.5080108642578125
"[0, 1, 2, 3, 4, 5, 19, 7, 8, 9, 10, 11, 12, 13, 14, 15, 16, 17, 18, 6]",921.5,"[0, 1, 2, 3, 4, 5, 19, 7, 8, 9, 10, 11, 12, 13, 14, 15, 16, 17, 18, 6]",921.5,0.5700070858001709
"[0, 1, 2, 3, 4, 5, 19, 7, 8, 9, 10, 11, 12, 13, 14, 15, 16, 17, 18, 6]",921.5,"[0, 1, 2, 3, 4, 5, 19, 7, 8, 9, 10, 11, 12, 13, 14, 15, 16, 17, 18, 6]",921.5,0.6330063343048096
"[0, 1, 2, 3, 4, 5, 19, 7, 8, 9, 10, 11, 12, 13, 14, 15, 16, 17, 18, 6]",921.5,"[0, 1, 2, 3, 4, 5, 19, 7, 8, 9, 10, 11, 12, 13, 14, 15, 16, 17, 18, 6]",921.5,0.6950578689575195
"[0, 1, 2, 3, 4, 5, 19, 7, 8, 9, 10, 11, 12, 13, 14, 15, 16, 17, 18, 6]",921.5,"[0, 1, 2, 3, 4, 5, 19, 7, 8, 9, 10, 11, 12, 13, 14, 15, 16, 17, 18, 6]",921.5,0.7580106258392334
"[0, 1, 2, 3, 4, 5, 19, 7, 8, 9, 10, 11, 12, 13, 14, 15, 16, 17, 18, 6]",921.5,"[0, 1, 2, 3, 4, 5, 19, 7, 8, 9, 10, 11, 12, 13, 14, 15, 16, 17, 18, 6]",921.5,0.8190135955810547
"[0, 1, 2, 3, 4, 5, 19, 7, 8, 9, 10, 11, 12, 13, 14, 15, 16, 17, 18, 6]",921.5,"[0, 1, 2, 3, 4, 5, 19, 7, 8, 9, 10, 11, 12, 13, 14, 15, 16, 17, 18, 6]",921.5,0.8810100555419922
"[0, 1, 2, 4, 3, 5, 19, 7, 8, 9, 10, 11, 12, 13, 14, 15, 16, 17, 18, 6]",920.0,"[0, 1, 2, 4, 3, 5, 19, 7, 8, 9, 10, 11, 12, 13, 14, 15, 16, 17, 18, 6]",920.0,0.9470078945159912
"[0, 1, 2, 4, 3, 5, 19, 7, 8, 9, 10, 11, 12, 13, 14, 15, 16, 17, 18, 6]",920.0,"[0, 1, 2, 4, 3, 5, 19, 7, 8, 9, 10, 11, 12, 13, 14, 15, 16, 17, 18, 6]",920.0,1.0137674808502197
"[0, 1, 2, 4, 16, 5, 19, 7, 8, 9, 10, 11, 12, 13, 14, 15, 3, 17, 18, 6]",896.5,"[0, 1, 2, 4, 16, 5, 19, 7, 8, 9, 10, 11, 12, 13, 14, 15, 3, 17, 18, 6]",896.5,1.0797972679138184
"[0, 1, 2, 4, 16, 5, 19, 7, 8, 9, 10, 11, 12, 13, 14, 15, 3, 17, 18, 6]",896.5,"[0, 1, 2, 4, 16, 5, 19, 7, 8, 9, 10, 11, 12, 13, 14, 15, 3, 17, 18, 6]",896.5,1.1447701454162598
"[0, 1, 2, 4, 16, 5, 19, 7, 8, 9, 10, 11, 12, 13, 14, 15, 3, 17, 18, 6]",896.5,"[0, 1, 2, 4, 16, 5, 19, 7, 8, 9, 10, 11, 12, 13, 14, 15, 3, 17, 18, 6]",896.5,1.209775447845459
"[0, 1, 2, 4, 16, 5, 19, 7, 8, 9, 10, 11, 12, 13, 14, 15, 3, 17, 18, 6]",896.5,"[0, 1, 2, 4, 16, 5, 19, 7, 8, 9, 10, 11, 12, 13, 14, 15, 3, 17, 18, 6]",896.5,1.2757744789123535
"[0, 1, 2, 4, 16, 5, 19, 7, 8, 9, 10, 11, 12, 13, 14, 15, 3, 17, 18, 6]",896.5,"[0, 1, 2, 4, 16, 5, 19, 7, 8, 9, 10, 11, 12, 13, 14, 15, 3, 17, 18, 6]",896.5,1.3427741527557373
"[0, 1, 13, 4, 16, 5, 19, 7, 8, 9, 10, 11, 12, 2, 14, 15, 3, 17, 18, 6]",883.5,"[0, 1, 13, 4, 16, 5, 19, 7, 8, 9, 10, 11, 12, 2, 14, 15, 3, 17, 18, 6]",883.5,1.437776803970337
"[0, 1, 13, 4, 16, 5, 19, 7, 8, 9, 10, 11, 12, 2, 14, 15, 3, 17, 18, 6]",883.5,"[0, 1, 13, 4, 16, 5, 19, 7, 8, 9, 10, 11, 12, 2, 14, 15, 3, 17, 18, 6]",883.5,1.5037753582000732
"[0, 1, 13, 4, 16, 5, 19, 7, 8, 9, 10, 11, 12, 2, 14, 15, 3, 17, 18, 6]",883.5,"[0, 1, 13, 4, 16, 5, 19, 7, 8, 9, 10, 11, 12, 2, 14, 15, 3, 17, 18, 6]",883.5,1.5697743892669678
"[0, 1, 13, 4, 16, 5, 19, 7, 8, 9, 10, 11, 12, 2, 14, 18, 3, 17, 15, 6]",855.5,"[0, 1, 13, 4, 16, 5, 19, 7, 8, 9, 10, 11, 12, 2, 14, 18, 3, 17, 15, 6]",855.5,1.6387760639190674
"[0, 1, 13, 4, 16, 5, 19, 7, 8, 9, 10, 11, 12, 2, 14, 18, 3, 17, 15, 6]",855.5,"[0, 1, 13, 4, 16, 5, 19, 7, 8, 9, 10, 11, 12, 2, 14, 18, 3, 17, 15, 6]",855.5,1.7027785778045654
"[0, 1, 13, 4, 16, 5, 19, 7, 8, 9, 10, 11, 12, 2, 14, 18, 3, 17, 15, 6]",855.5,"[0, 1, 13, 4, 16, 5, 19, 7, 8, 9, 10, 11, 12, 2, 14, 18, 3, 17, 15, 6]",855.5,1.7687835693359375
"[0, 1, 15, 4, 16, 5, 19, 7, 8, 9, 10, 11, 12, 2, 14, 18, 3, 17, 13, 6]",854.0,"[0, 1, 15, 4, 16, 5, 19, 7, 8, 9, 10, 11, 12, 2, 14, 18, 3, 17, 13, 6]",854.0,1.831784725189209
"[0, 1, 15, 4, 16, 5, 19, 7, 8, 9, 10, 11, 12, 2, 14, 18, 3, 17, 13, 6]",854.0,"[0, 1, 15, 4, 16, 5, 19, 7, 8, 9, 10, 11, 12, 2, 14, 18, 3, 17, 13, 6]",854.0,1.8947794437408447
"[0, 1, 15, 4, 16, 5, 19, 7, 8, 9, 10, 11, 12, 2, 14, 18, 3, 17, 13, 6]",854.0,"[0, 1, 15, 4, 16, 5, 19, 7, 8, 9, 10, 11, 12, 2, 14, 18, 3, 17, 13, 6]",854.0,1.9577875137329102
"[0, 1, 15, 4, 16, 5, 19, 7, 8, 9, 10, 11, 12, 2, 14, 18, 3, 17, 13, 6]",854.0,"[0, 1, 15, 4, 16, 5, 19, 7, 8, 9, 10, 11, 12, 2, 14, 18, 3, 17, 13, 6]",854.0,2.019784450531006
"[0, 1, 15, 4, 16, 5, 19, 7, 8, 9, 10, 11, 12, 2, 14, 18, 3, 17, 13, 6]",854.0,"[0, 1, 15, 4, 16, 5, 19, 7, 8, 9, 10, 11, 12, 2, 14, 18, 3, 17, 13, 6]",854.0,2.0857818126678467
"[0, 1, 15, 4, 16, 5, 19, 7, 8, 9, 10, 11, 12, 2, 14, 18, 3, 17, 13, 6]",854.0,"[0, 1, 15, 4, 16, 5, 19, 7, 8, 9, 10, 11, 12, 2, 14, 18, 3, 17, 13, 6]",854.0,2.148787498474121
"[0, 1, 15, 4, 16, 5, 19, 7, 8, 9, 10, 11, 12, 2, 14, 18, 3, 17, 13, 6]",854.0,"[0, 1, 15, 4, 16, 5, 19, 7, 8, 9, 10, 11, 12, 2, 14, 18, 3, 17, 13, 6]",854.0,2.2127842903137207
"[0, 1, 15, 4, 16, 5, 19, 7, 8, 9, 10, 11, 12, 2, 14, 18, 3, 17, 13, 6]",854.0,"[0, 1, 15, 4, 16, 5, 19, 7, 8, 9, 10, 11, 12, 2, 14, 18, 3, 17, 13, 6]",854.0,2.273784637451172
"[0, 1, 15, 4, 16, 5, 19, 7, 8, 9, 10, 11, 12, 2, 14, 18, 3, 17, 13, 6]",854.0,"[0, 1, 15, 4, 16, 5, 19, 7, 8, 9, 10, 11, 12, 2, 14, 18, 3, 17, 13, 6]",854.0,2.338785409927368
"[0, 1, 15, 4, 16, 5, 19, 7, 8, 9, 10, 11, 12, 2, 14, 18, 3, 17, 13, 6]",854.0,"[0, 1, 15, 4, 16, 5, 19, 7, 8, 9, 10, 11, 12, 2, 14, 18, 3, 17, 13, 6]",854.0,2.4057862758636475
"[0, 1, 15, 4, 16, 5, 19, 7, 8, 9, 10, 11, 12, 2, 14, 18, 3, 17, 13, 6]",854.0,"[0, 1, 15, 4, 16, 5, 19, 7, 8, 9, 10, 11, 12, 2, 14, 18, 3, 17, 13, 6]",854.0,2.473039388656616
"[0, 1, 15, 4, 16, 5, 19, 7, 8, 9, 10, 11, 12, 2, 14, 18, 3, 17, 13, 6]",854.0,"[0, 1, 15, 4, 16, 5, 19, 7, 8, 9, 10, 11, 12, 2, 14, 18, 3, 17, 13, 6]",854.0,2.5477964878082275
"[0, 1, 15, 4, 16, 5, 19, 7, 8, 9, 10, 11, 12, 2, 14, 18, 3, 17, 13, 6]",854.0,"[0, 1, 15, 4, 16, 5, 19, 7, 8, 9, 10, 11, 12, 2, 14, 18, 3, 17, 13, 6]",854.0,2.6137919425964355
"[0, 1, 15, 4, 16, 5, 19, 7, 8, 9, 10, 11, 12, 2, 14, 18, 3, 17, 13, 6]",854.0,"[0, 1, 15, 4, 16, 5, 19, 7, 8, 9, 10, 11, 12, 2, 14, 18, 3, 17, 13, 6]",854.0,2.6787891387939453
"[0, 1, 15, 4, 16, 5, 19, 7, 8, 9, 10, 11, 12, 2, 14, 18, 3, 17, 13, 6]",854.0,"[0, 1, 15, 4, 16, 5, 19, 7, 8, 9, 10, 11, 12, 2, 14, 18, 3, 17, 13, 6]",854.0,2.744797468185425
"[0, 1, 15, 4, 16, 5, 19, 7, 8, 9, 10, 11, 12, 2, 14, 18, 3, 17, 13, 6]",854.0,"[0, 1, 15, 4, 16, 5, 19, 7, 8, 9, 10, 11, 12, 2, 14, 18, 3, 17, 13, 6]",854.0,2.806788682937622
"[0, 1, 15, 4, 16, 5, 19, 7, 8, 9, 10, 11, 12, 2, 14, 18, 3, 17, 13, 6]",854.0,"[0, 1, 15, 4, 16, 5, 19, 7, 8, 9, 10, 11, 12, 2, 14, 18, 3, 17, 13, 6]",854.0,2.8717875480651855
"[0, 1, 15, 4, 16, 5, 19, 7, 8, 9, 10, 11, 12, 2, 14, 18, 3, 17, 13, 6]",854.0,"[0, 1, 15, 4, 16, 5, 19, 7, 8, 9, 10, 11, 12, 2, 14, 18, 3, 17, 13, 6]",854.0,2.937790870666504
"[0, 1, 15, 4, 16, 5, 19, 7, 8, 9, 10, 11, 12, 2, 14, 18, 3, 17, 13, 6]",854.0,"[0, 1, 15, 4, 16, 5, 19, 7, 8, 9, 10, 11, 12, 2, 14, 18, 3, 17, 13, 6]",854.0,3.0018327236175537
"[0, 1, 15, 4, 16, 5, 19, 7, 8, 9, 10, 11, 12, 2, 14, 18, 3, 17, 13, 6]",854.0,"[0, 1, 15, 4, 16, 5, 19, 7, 8, 9, 10, 11, 12, 2, 14, 18, 3, 17, 13, 6]",854.0,3.0638017654418945
"[0, 1, 15, 4, 16, 5, 19, 7, 8, 9, 10, 11, 12, 2, 14, 18, 3, 17, 13, 6]",854.0,"[0, 1, 15, 4, 16, 5, 19, 7, 8, 9, 10, 11, 12, 2, 14, 18, 3, 17, 13, 6]",854.0,3.1247947216033936
"[0, 1, 15, 4, 16, 5, 19, 7, 8, 9, 10, 11, 12, 2, 14, 18, 3, 17, 13, 6]",854.0,"[0, 1, 15, 4, 16, 5, 19, 7, 8, 9, 10, 11, 12, 2, 14, 18, 3, 17, 13, 6]",854.0,3.186795234680176
"[0, 1, 15, 4, 16, 5, 19, 7, 8, 9, 13, 11, 12, 2, 14, 18, 3, 17, 10, 6]",846.5,"[0, 1, 15, 4, 16, 5, 19, 7, 8, 9, 13, 11, 12, 2, 14, 18, 3, 17, 10, 6]",846.5,3.2508068084716797
"[0, 1, 15, 4, 16, 5, 19, 7, 8, 9, 13, 11, 12, 2, 14, 18, 3, 17, 10, 6]",846.5,"[0, 1, 15, 4, 16, 5, 19, 7, 8, 9, 13, 11, 12, 2, 14, 18, 3, 17, 10, 6]",846.5,3.314816951751709
"[0, 1, 15, 4, 16, 5, 19, 7, 8, 9, 13, 11, 12, 2, 14, 18, 3, 17, 10, 6]",846.5,"[0, 1, 15, 4, 16, 5, 19, 7, 8, 9, 13, 11, 12, 2, 14, 18, 3, 17, 10, 6]",846.5,3.379796028137207
"[0, 1, 15, 4, 16, 5, 19, 7, 8, 9, 13, 11, 12, 2, 14, 18, 3, 17, 10, 6]",846.5,"[0, 1, 15, 4, 16, 5, 19, 7, 8, 9, 13, 11, 12, 2, 14, 18, 3, 17, 10, 6]",846.5,3.4428136348724365
"[0, 1, 15, 4, 16, 5, 19, 7, 8, 9, 13, 11, 12, 2, 14, 18, 3, 17, 10, 6]",846.5,"[0, 1, 15, 4, 16, 5, 19, 7, 8, 9, 13, 11, 12, 2, 14, 18, 3, 17, 10, 6]",846.5,3.505798101425171
"[0, 1, 15, 4, 16, 5, 19, 7, 8, 9, 13, 11, 12, 2, 14, 18, 3, 17, 10, 6]",846.5,"[0, 1, 15, 4, 16, 5, 19, 7, 8, 9, 13, 11, 12, 2, 14, 18, 3, 17, 10, 6]",846.5,3.569793462753296
"[0, 1, 15, 4, 16, 5, 19, 7, 8, 9, 13, 11, 12, 2, 14, 18, 3, 17, 10, 6]",846.5,"[0, 1, 15, 4, 16, 5, 19, 7, 8, 9, 13, 11, 12, 2, 14, 18, 3, 17, 10, 6]",846.5,3.6358182430267334
"[0, 18, 15, 4, 16, 5, 19, 7, 8, 9, 13, 11, 12, 2, 14, 1, 3, 17, 10, 6]",841.0,"[0, 18, 15, 4, 16, 5, 19, 7, 8, 9, 13, 11, 12, 2, 14, 1, 3, 17, 10, 6]",841.0,3.702014207839966
"[0, 18, 15, 4, 16, 5, 19, 7, 8, 9, 13, 11, 12, 2, 14, 1, 3, 17, 10, 6]",841.0,"[0, 18, 15, 4, 16, 5, 19, 7, 8, 9, 13, 11, 12, 2, 14, 1, 3, 17, 10, 6]",841.0,3.766817092895508
"[0, 18, 15, 4, 16, 5, 19, 7, 8, 9, 13, 11, 12, 2, 14, 1, 3, 17, 10, 6]",841.0,"[0, 18, 15, 4, 16, 5, 19, 7, 8, 9, 13, 11, 12, 2, 14, 1, 3, 17, 10, 6]",841.0,3.830799102783203
"[0, 18, 8, 4, 16, 5, 19, 7, 15, 9, 13, 11, 12, 2, 14, 1, 3, 17, 10, 6]",833.5,"[0, 18, 8, 4, 16, 5, 19, 7, 15, 9, 13, 11, 12, 2, 14, 1, 3, 17, 10, 6]",833.5,3.8977973461151123
"[0, 18, 8, 4, 16, 5, 19, 7, 15, 9, 13, 11, 12, 2, 14, 1, 3, 17, 10, 6]",833.5,"[0, 18, 8, 4, 16, 5, 19, 7, 15, 9, 13, 11, 12, 2, 14, 1, 3, 17, 10, 6]",833.5,3.966797351837158
"[0, 18, 8, 4, 16, 5, 19, 7, 15, 9, 13, 11, 12, 2, 14, 1, 3, 17, 10, 6]",833.5,"[0, 18, 8, 4, 16, 5, 19, 7, 15, 9, 13, 11, 12, 2, 14, 1, 3, 17, 10, 6]",833.5,4.035820007324219
"[0, 18, 8, 4, 16, 5, 19, 7, 15, 9, 13, 11, 12, 2, 14, 1, 3, 17, 10, 6]",833.5,"[0, 18, 8, 4, 16, 5, 19, 7, 15, 9, 13, 11, 12, 2, 14, 1, 3, 17, 10, 6]",833.5,4.103804349899292
"[0, 16, 8, 4, 18, 5, 19, 7, 15, 9, 13, 11, 12, 2, 14, 1, 3, 17, 10, 6]",829.0,"[0, 16, 8, 4, 18, 5, 19, 7, 15, 9, 13, 11, 12, 2, 14, 1, 3, 17, 10, 6]",829.0,4.170812368392944
"[0, 16, 8, 4, 18, 5, 19, 7, 15, 9, 13, 11, 12, 2, 14, 1, 3, 17, 10, 6]",829.0,"[0, 16, 8, 4, 18, 5, 19, 7, 15, 9, 13, 11, 12, 2, 14, 1, 3, 17, 10, 6]",829.0,4.234803199768066
"[0, 16, 8, 4, 18, 5, 19, 7, 15, 9, 13, 11, 12, 2, 14, 1, 3, 17, 10, 6]",829.0,"[0, 16, 8, 4, 18, 5, 19, 7, 15, 9, 13, 11, 12, 2, 14, 1, 3, 17, 10, 6]",829.0,4.301802396774292
"[0, 16, 8, 4, 18, 5, 19, 7, 15, 9, 13, 11, 12, 2, 14, 1, 3, 17, 10, 6]",829.0,"[0, 16, 8, 4, 18, 5, 19, 7, 15, 9, 13, 11, 12, 2, 14, 1, 3, 17, 10, 6]",829.0,4.367849349975586
"[0, 16, 8, 4, 18, 5, 19, 7, 15, 9, 13, 11, 12, 2, 14, 1, 3, 17, 10, 6]",829.0,"[0, 16, 8, 4, 18, 5, 19, 7, 15, 9, 13, 11, 12, 2, 14, 1, 3, 17, 10, 6]",829.0,4.435835599899292
"[0, 16, 8, 4, 18, 5, 19, 7, 15, 9, 13, 11, 12, 2, 14, 1, 3, 17, 10, 6]",829.0,"[0, 16, 8, 4, 18, 5, 19, 7, 15, 9, 13, 11, 12, 2, 14, 1, 3, 17, 10, 6]",829.0,4.502847194671631
"[0, 16, 8, 4, 18, 5, 19, 7, 15, 9, 13, 11, 12, 2, 14, 1, 3, 17, 10, 6]",829.0,"[0, 16, 8, 4, 18, 5, 19, 7, 15, 9, 13, 11, 12, 2, 14, 1, 3, 17, 10, 6]",829.0,4.567840337753296
"[0, 16, 8, 4, 18, 5, 19, 7, 15, 9, 13, 11, 12, 2, 14, 1, 3, 17, 10, 6]",829.0,"[0, 16, 8, 4, 18, 5, 19, 7, 15, 9, 13, 11, 12, 2, 14, 1, 3, 17, 10, 6]",829.0,4.634838342666626
"[0, 16, 8, 4, 18, 5, 19, 7, 15, 9, 13, 11, 12, 2, 14, 1, 3, 17, 10, 6]",829.0,"[0, 16, 8, 4, 18, 5, 19, 7, 15, 9, 13, 11, 12, 2, 14, 1, 3, 17, 10, 6]",829.0,4.706844806671143
"[0, 16, 8, 4, 18, 5, 19, 7, 15, 9, 13, 11, 12, 2, 14, 1, 3, 17, 10, 6]",829.0,"[0, 16, 8, 4, 18, 5, 19, 7, 15, 9, 13, 11, 12, 2, 14, 1, 3, 17, 10, 6]",829.0,4.772840261459351
"[0, 16, 8, 4, 18, 5, 19, 7, 15, 9, 13, 11, 12, 2, 14, 1, 3, 17, 10, 6]",829.0,"[0, 16, 8, 4, 18, 5, 19, 7, 15, 9, 13, 11, 12, 2, 14, 1, 3, 17, 10, 6]",829.0,4.842062711715698
"[0, 16, 8, 4, 18, 5, 19, 7, 15, 9, 13, 11, 12, 2, 14, 1, 3, 17, 10, 6]",829.0,"[0, 16, 8, 4, 18, 5, 19, 7, 15, 9, 13, 11, 12, 2, 14, 1, 3, 17, 10, 6]",829.0,4.910464763641357
"[0, 16, 8, 4, 18, 5, 19, 7, 15, 9, 13, 11, 12, 2, 14, 1, 3, 17, 10, 6]",829.0,"[0, 16, 8, 4, 18, 5, 19, 7, 15, 9, 13, 11, 12, 2, 14, 1, 3, 17, 10, 6]",829.0,4.97649359703064
"[0, 16, 8, 4, 18, 5, 19, 7, 15, 9, 13, 11, 12, 2, 14, 1, 3, 17, 10, 6]",829.0,"[0, 16, 8, 4, 18, 5, 19, 7, 15, 9, 13, 11, 12, 2, 14, 1, 3, 17, 10, 6]",829.0,5.041469097137451
"[0, 16, 8, 4, 18, 5, 19, 7, 15, 9, 13, 11, 12, 2, 14, 1, 3, 17, 10, 6]",829.0,"[0, 16, 8, 4, 18, 5, 19, 7, 15, 9, 13, 11, 12, 2, 14, 1, 3, 17, 10, 6]",829.0,5.10546612739563
"[0, 16, 8, 4, 18, 5, 19, 7, 15, 9, 13, 11, 12, 2, 14, 1, 3, 17, 10, 6]",829.0,"[0, 16, 8, 4, 18, 5, 19, 7, 15, 9, 13, 11, 12, 2, 14, 1, 3, 17, 10, 6]",829.0,5.169466257095337
"[0, 16, 8, 4, 18, 5, 19, 7, 15, 9, 13, 11, 12, 2, 14, 1, 3, 17, 10, 6]",829.0,"[0, 16, 8, 4, 18, 5, 19, 7, 15, 9, 13, 11, 12, 2, 14, 1, 3, 17, 10, 6]",829.0,5.236471176147461
"[0, 16, 8, 4, 18, 5, 19, 7, 15, 9, 13, 11, 12, 2, 14, 1, 3, 17, 10, 6]",829.0,"[0, 16, 8, 4, 18, 5, 19, 7, 15, 9, 13, 11, 12, 2, 14, 1, 3, 17, 10, 6]",829.0,5.298471689224243
"[0, 16, 8, 4, 18, 5, 19, 7, 15, 9, 13, 11, 12, 2, 14, 1, 3, 17, 10, 6]",829.0,"[0, 16, 8, 4, 18, 5, 19, 7, 15, 9, 13, 11, 12, 2, 14, 1, 3, 17, 10, 6]",829.0,5.363470077514648
"[0, 16, 8, 4, 18, 5, 19, 7, 15, 9, 13, 11, 12, 2, 14, 1, 3, 17, 10, 6]",829.0,"[0, 16, 8, 4, 18, 5, 19, 7, 15, 9, 13, 11, 12, 2, 14, 1, 3, 17, 10, 6]",829.0,5.428467512130737
"[0, 16, 8, 4, 18, 5, 19, 7, 15, 9, 13, 11, 12, 2, 14, 1, 3, 17, 10, 6]",829.0,"[0, 16, 8, 4, 18, 5, 19, 7, 15, 9, 13, 11, 12, 2, 14, 1, 3, 17, 10, 6]",829.0,5.495477676391602
"[0, 16, 8, 4, 18, 5, 19, 7, 17, 9, 13, 11, 12, 2, 14, 1, 3, 15, 10, 6]",825.5,"[0, 16, 8, 4, 18, 5, 19, 7, 17, 9, 13, 11, 12, 2, 14, 1, 3, 15, 10, 6]",825.5,5.563743591308594
"[0, 16, 8, 4, 18, 5, 19, 7, 17, 9, 13, 11, 12, 2, 14, 1, 3, 15, 10, 6]",825.5,"[0, 16, 8, 4, 18, 5, 19, 7, 17, 9, 13, 11, 12, 2, 14, 1, 3, 15, 10, 6]",825.5,5.629472970962524
"[0, 16, 8, 4, 18, 5, 19, 7, 17, 9, 13, 11, 12, 2, 14, 1, 3, 15, 10, 6]",825.5,"[0, 16, 8, 4, 18, 5, 19, 7, 17, 9, 13, 11, 12, 2, 14, 1, 3, 15, 10, 6]",825.5,5.696474313735962
"[0, 16, 8, 4, 18, 5, 19, 7, 17, 9, 13, 11, 12, 2, 14, 1, 3, 15, 10, 6]",825.5,"[0, 16, 8, 4, 18, 5, 19, 7, 17, 9, 13, 11, 12, 2, 14, 1, 3, 15, 10, 6]",825.5,5.76250696182251
"[0, 16, 8, 4, 18, 5, 19, 7, 17, 9, 13, 11, 12, 2, 14, 1, 3, 15, 10, 6]",825.5,"[0, 16, 8, 4, 18, 5, 19, 7, 17, 9, 13, 11, 12, 2, 14, 1, 3, 15, 10, 6]",825.5,5.8275439739227295
"[0, 16, 8, 4, 18, 5, 19, 7, 17, 9, 13, 11, 12, 2, 14, 1, 3, 15, 10, 6]",825.5,"[0, 16, 8, 4, 18, 5, 19, 7, 17, 9, 13, 11, 12, 2, 14, 1, 3, 15, 10, 6]",825.5,5.895476341247559
"[0, 16, 8, 4, 18, 5, 19, 7, 17, 9, 13, 11, 12, 2, 14, 1, 3, 15, 10, 6]",825.5,"[0, 16, 8, 4, 18, 5, 19, 7, 17, 9, 13, 11, 12, 2, 14, 1, 3, 15, 10, 6]",825.5,5.961477756500244
"[0, 16, 8, 4, 18, 5, 19, 7, 17, 9, 13, 11, 12, 2, 14, 1, 3, 15, 10, 6]",825.5,"[0, 16, 8, 4, 18, 5, 19, 7, 17, 9, 13, 11, 12, 2, 14, 1, 3, 15, 10, 6]",825.5,6.026476860046387
"[0, 16, 8, 4, 18, 5, 19, 7, 17, 9, 13, 11, 12, 2, 14, 1, 3, 15, 10, 6]",825.5,"[0, 16, 8, 4, 18, 5, 19, 7, 17, 9, 13, 11, 12, 2, 14, 1, 3, 15, 10, 6]",825.5,6.089478254318237
"[0, 16, 8, 4, 18, 5, 19, 7, 17, 9, 13, 11, 12, 2, 14, 1, 3, 15, 10, 6]",825.5,"[0, 16, 8, 4, 18, 5, 19, 7, 17, 9, 13, 11, 12, 2, 14, 1, 3, 15, 10, 6]",825.5,6.1554811000823975
"[0, 16, 8, 4, 18, 5, 19, 7, 17, 9, 13, 11, 12, 2, 14, 1, 3, 15, 10, 6]",825.5,"[0, 16, 8, 4, 18, 5, 19, 7, 17, 9, 13, 11, 12, 2, 14, 1, 3, 15, 10, 6]",825.5,6.219493627548218
"[0, 16, 8, 4, 18, 5, 19, 7, 17, 9, 13, 11, 12, 2, 14, 1, 3, 15, 10, 6]",825.5,"[0, 16, 8, 4, 18, 5, 19, 7, 17, 9, 13, 11, 12, 2, 14, 1, 3, 15, 10, 6]",825.5,6.2824859619140625
"[0, 16, 8, 4, 18, 5, 19, 7, 17, 9, 13, 11, 12, 2, 14, 1, 3, 15, 10, 6]",825.5,"[0, 16, 8, 4, 18, 5, 19, 7, 17, 9, 13, 11, 12, 2, 14, 1, 3, 15, 10, 6]",825.5,6.347488641738892
"[0, 16, 8, 4, 18, 5, 19, 7, 17, 9, 13, 11, 12, 2, 14, 1, 3, 15, 10, 6]",825.5,"[0, 16, 8, 4, 18, 5, 19, 7, 17, 9, 13, 11, 12, 2, 14, 1, 3, 15, 10, 6]",825.5,6.411494016647339
"[0, 16, 8, 4, 18, 5, 19, 7, 17, 9, 13, 11, 12, 2, 14, 1, 3, 15, 10, 6]",825.5,"[0, 16, 8, 4, 18, 5, 19, 7, 17, 9, 13, 11, 12, 2, 14, 1, 3, 15, 10, 6]",825.5,6.474487781524658
"[0, 16, 8, 4, 18, 5, 19, 7, 17, 9, 13, 11, 12, 2, 14, 1, 3, 15, 10, 6]",825.5,"[0, 16, 8, 4, 18, 5, 19, 7, 17, 9, 13, 11, 12, 2, 14, 1, 3, 15, 10, 6]",825.5,6.537501096725464
"[0, 16, 8, 4, 18, 5, 19, 7, 17, 9, 13, 11, 12, 2, 14, 1, 3, 15, 10, 6]",825.5,"[0, 16, 8, 4, 18, 5, 19, 7, 17, 9, 13, 11, 12, 2, 14, 1, 3, 15, 10, 6]",825.5,6.601486444473267
"[0, 16, 8, 4, 18, 5, 19, 7, 17, 9, 13, 11, 12, 2, 14, 1, 3, 15, 10, 6]",825.5,"[0, 16, 8, 4, 18, 5, 19, 7, 17, 9, 13, 11, 12, 2, 14, 1, 3, 15, 10, 6]",825.5,6.666485548019409
"[0, 16, 8, 4, 18, 5, 19, 7, 17, 9, 13, 11, 12, 2, 14, 1, 3, 15, 10, 6]",825.5,"[0, 16, 8, 4, 18, 5, 19, 7, 17, 9, 13, 11, 12, 2, 14, 1, 3, 15, 10, 6]",825.5,6.730495929718018
"[0, 16, 8, 4, 18, 5, 19, 7, 17, 9, 13, 11, 12, 2, 14, 1, 3, 15, 10, 6]",825.5,"[0, 16, 8, 4, 18, 5, 19, 7, 17, 9, 13, 11, 12, 2, 14, 1, 3, 15, 10, 6]",825.5,6.795494079589844
"[0, 16, 8, 4, 18, 5, 19, 7, 17, 9, 13, 11, 12, 2, 14, 1, 3, 15, 10, 6]",825.5,"[0, 16, 8, 4, 18, 5, 19, 7, 17, 9, 13, 11, 12, 2, 14, 1, 3, 15, 10, 6]",825.5,6.858508110046387
"[0, 16, 8, 4, 18, 5, 19, 7, 17, 9, 13, 11, 12, 2, 14, 1, 3, 15, 10, 6]",825.5,"[0, 16, 8, 4, 18, 5, 19, 7, 17, 9, 13, 11, 12, 2, 14, 1, 3, 15, 10, 6]",825.5,6.923490524291992
"[0, 16, 8, 4, 18, 10, 19, 7, 17, 9, 13, 11, 12, 2, 14, 1, 3, 15, 5, 6]",819.5,"[0, 16, 8, 4, 18, 10, 19, 7, 17, 9, 13, 11, 12, 2, 14, 1, 3, 15, 5, 6]",819.5,6.988494396209717
"[0, 16, 8, 4, 18, 10, 19, 7, 17, 9, 13, 11, 12, 2, 14, 1, 3, 15, 5, 6]",819.5,"[0, 16, 8, 4, 18, 10, 19, 7, 17, 9, 13, 11, 12, 2, 14, 1, 3, 15, 5, 6]",819.5,7.05350923538208
"[0, 16, 8, 4, 18, 10, 19, 7, 17, 9, 13, 11, 12, 2, 14, 1, 3, 15, 5, 6]",819.5,"[0, 16, 8, 4, 18, 10, 19, 7, 17, 9, 13, 11, 12, 2, 14, 1, 3, 15, 5, 6]",819.5,7.117532968521118
"[0, 16, 8, 4, 18, 10, 19, 7, 17, 9, 13, 11, 12, 2, 14, 1, 3, 15, 5, 6]",819.5,"[0, 16, 8, 4, 18, 10, 19, 7, 17, 9, 13, 11, 12, 2, 14, 1, 3, 15, 5, 6]",819.5,7.184495210647583
"[0, 16, 8, 4, 18, 10, 19, 7, 17, 9, 13, 11, 12, 2, 14, 1, 3, 15, 5, 6]",819.5,"[0, 16, 8, 4, 18, 10, 19, 7, 17, 9, 13, 11, 12, 2, 14, 1, 3, 15, 5, 6]",819.5,7.251506567001343
"[0, 16, 8, 4, 18, 10, 19, 7, 17, 9, 13, 11, 12, 2, 14, 1, 3, 15, 5, 6]",819.5,"[0, 16, 8, 4, 18, 10, 19, 7, 17, 9, 13, 11, 12, 2, 14, 1, 3, 15, 5, 6]",819.5,7.31849479675293
"[0, 16, 8, 4, 18, 10, 19, 7, 17, 9, 13, 11, 12, 2, 14, 1, 3, 15, 5, 6]",819.5,"[0, 16, 8, 4, 18, 10, 19, 7, 17, 9, 13, 11, 12, 2, 14, 1, 3, 15, 5, 6]",819.5,7.383536338806152
"[0, 16, 8, 4, 18, 10, 19, 7, 17, 9, 13, 11, 12, 2, 14, 1, 3, 15, 5, 6]",819.5,"[0, 16, 8, 4, 18, 10, 19, 7, 17, 9, 13, 11, 12, 2, 14, 1, 3, 15, 5, 6]",819.5,7.449497222900391
"[0, 16, 8, 4, 18, 10, 19, 7, 17, 9, 13, 11, 12, 2, 14, 1, 3, 15, 5, 6]",819.5,"[0, 16, 8, 4, 18, 10, 19, 7, 17, 9, 13, 11, 12, 2, 14, 1, 3, 15, 5, 6]",819.5,7.516499280929565
"[0, 16, 8, 4, 18, 10, 19, 7, 17, 9, 13, 11, 12, 2, 14, 1, 3, 15, 5, 6]",819.5,"[0, 16, 8, 4, 18, 10, 19, 7, 17, 9, 13, 11, 12, 2, 14, 1, 3, 15, 5, 6]",819.5,7.584503889083862
"[0, 16, 8, 4, 18, 10, 19, 7, 17, 9, 13, 11, 12, 2, 14, 1, 3, 15, 5, 6]",819.5,"[0, 16, 8, 4, 18, 10, 19, 7, 17, 9, 13, 11, 12, 2, 14, 1, 3, 15, 5, 6]",819.5,7.648503303527832
"[0, 16, 8, 4, 18, 10, 19, 7, 17, 9, 13, 11, 12, 2, 14, 1, 3, 15, 5, 6]",819.5,"[0, 16, 8, 4, 18, 10, 19, 7, 17, 9, 13, 11, 12, 2, 14, 1, 3, 15, 5, 6]",819.5,7.7163496017456055
"[0, 16, 8, 4, 18, 10, 19, 7, 17, 9, 13, 11, 12, 2, 14, 1, 3, 15, 5, 6]",819.5,"[0, 16, 8, 4, 18, 10, 19, 7, 17, 9, 13, 11, 12, 2, 14, 1, 3, 15, 5, 6]",819.5,7.784348487854004
"[0, 16, 8, 4, 18, 10, 19, 7, 17, 9, 13, 11, 12, 2, 14, 1, 3, 15, 5, 6]",819.5,"[0, 16, 8, 4, 18, 10, 19, 7, 17, 9, 13, 11, 12, 2, 14, 1, 3, 15, 5, 6]",819.5,7.856350898742676
"[0, 16, 8, 4, 18, 10, 19, 7, 17, 9, 13, 11, 12, 2, 14, 1, 3, 15, 5, 6]",819.5,"[0, 16, 8, 4, 18, 10, 19, 7, 17, 9, 13, 11, 12, 2, 14, 1, 3, 15, 5, 6]",819.5,7.9233558177948
"[0, 16, 8, 4, 18, 10, 19, 7, 17, 9, 13, 11, 12, 2, 14, 1, 3, 15, 5, 6]",819.5,"[0, 16, 8, 4, 18, 10, 19, 7, 17, 9, 13, 11, 12, 2, 14, 1, 3, 15, 5, 6]",819.5,7.986476898193359
"[0, 16, 8, 4, 18, 10, 19, 7, 17, 9, 13, 11, 12, 2, 14, 1, 3, 15, 5, 6]",819.5,"[0, 16, 8, 4, 18, 10, 19, 7, 17, 9, 13, 11, 12, 2, 14, 1, 3, 15, 5, 6]",819.5,8.052361011505127
"[0, 16, 8, 4, 18, 10, 19, 7, 17, 9, 13, 11, 12, 2, 14, 1, 3, 15, 5, 6]",819.5,"[0, 16, 8, 4, 18, 10, 19, 7, 17, 9, 13, 11, 12, 2, 14, 1, 3, 15, 5, 6]",819.5,8.120353937149048
"[0, 16, 8, 4, 18, 10, 19, 7, 17, 9, 13, 11, 12, 2, 14, 1, 3, 15, 5, 6]",819.5,"[0, 16, 8, 4, 18, 10, 19, 7, 17, 9, 13, 11, 12, 2, 14, 1, 3, 15, 5, 6]",819.5,8.184353590011597
"[0, 16, 8, 4, 18, 10, 19, 7, 17, 9, 13, 11, 12, 2, 14, 1, 3, 15, 5, 6]",819.5,"[0, 16, 8, 4, 18, 10, 19, 7, 17, 9, 13, 11, 12, 2, 14, 1, 3, 15, 5, 6]",819.5,8.24935793876648
"[0, 16, 8, 4, 18, 10, 19, 7, 17, 9, 13, 11, 12, 2, 14, 1, 3, 15, 5, 6]",819.5,"[0, 16, 8, 4, 18, 10, 19, 7, 17, 9, 13, 11, 12, 2, 14, 1, 3, 15, 5, 6]",819.5,8.31337022781372
"[0, 16, 8, 4, 18, 10, 19, 7, 17, 9, 13, 11, 12, 2, 14, 1, 3, 15, 5, 6]",819.5,"[0, 16, 8, 4, 18, 10, 19, 7, 17, 9, 13, 11, 12, 2, 14, 1, 3, 15, 5, 6]",819.5,8.37735891342163
"[0, 16, 8, 4, 18, 10, 19, 7, 17, 9, 13, 11, 12, 2, 14, 1, 3, 15, 5, 6]",819.5,"[0, 16, 8, 4, 18, 10, 19, 7, 17, 9, 13, 11, 12, 2, 14, 1, 3, 15, 5, 6]",819.5,8.451359272003174
"[0, 16, 8, 4, 18, 10, 19, 7, 17, 9, 13, 11, 12, 2, 14, 1, 3, 15, 5, 6]",819.5,"[0, 16, 8, 4, 18, 10, 19, 7, 17, 9, 13, 11, 12, 2, 14, 1, 3, 15, 5, 6]",819.5,8.52436351776123
"[0, 16, 8, 4, 18, 10, 19, 7, 17, 9, 13, 11, 12, 2, 14, 1, 3, 15, 5, 6]",819.5,"[0, 16, 8, 4, 18, 10, 19, 7, 17, 9, 13, 11, 12, 2, 14, 1, 3, 15, 5, 6]",819.5,8.620358943939209
"[0, 16, 8, 4, 18, 10, 19, 7, 17, 9, 13, 11, 12, 2, 14, 1, 3, 15, 5, 6]",819.5,"[0, 16, 8, 4, 18, 10, 19, 7, 17, 9, 13, 11, 12, 2, 14, 1, 3, 15, 5, 6]",819.5,8.685626745223999
"[0, 16, 8, 4, 18, 10, 19, 7, 17, 9, 13, 11, 12, 2, 14, 1, 3, 15, 5, 6]",819.5,"[0, 16, 8, 4, 18, 10, 19, 7, 17, 9, 13, 11, 12, 2, 14, 1, 3, 15, 5, 6]",819.5,8.751365661621094
"[0, 16, 8, 4, 18, 10, 19, 7, 17, 9, 13, 11, 12, 2, 14, 1, 3, 15, 5, 6]",819.5,"[0, 16, 8, 4, 18, 10, 19, 7, 17, 9, 13, 11, 12, 2, 14, 1, 3, 15, 5, 6]",819.5,8.817361831665039
"[0, 16, 8, 4, 18, 10, 19, 7, 17, 9, 13, 11, 12, 2, 14, 1, 3, 15, 5, 6]",819.5,"[0, 16, 8, 4, 18, 10, 19, 7, 17, 9, 13, 11, 12, 2, 14, 1, 3, 15, 5, 6]",819.5,8.883114576339722
"[0, 16, 8, 4, 18, 10, 19, 7, 17, 9, 13, 11, 12, 2, 14, 1, 3, 15, 5, 6]",819.5,"[0, 16, 8, 4, 18, 10, 19, 7, 17, 9, 13, 11, 12, 2, 14, 1, 3, 15, 5, 6]",819.5,8.9543616771698
"[0, 16, 8, 4, 18, 10, 19, 7, 17, 9, 13, 11, 12, 2, 14, 1, 3, 15, 5, 6]",819.5,"[0, 16, 8, 4, 18, 10, 19, 7, 17, 9, 13, 11, 12, 2, 14, 1, 3, 15, 5, 6]",819.5,9.018367052078247
"[0, 16, 8, 4, 18, 10, 19, 7, 17, 9, 13, 11, 12, 2, 14, 1, 3, 15, 5, 6]",819.5,"[0, 16, 8, 4, 18, 10, 19, 7, 17, 9, 13, 11, 12, 2, 14, 1, 3, 15, 5, 6]",819.5,9.083368062973022
"[0, 16, 8, 4, 18, 10, 19, 7, 17, 9, 13, 11, 12, 2, 14, 1, 3, 15, 5, 6]",819.5,"[0, 16, 8, 4, 18, 10, 19, 7, 17, 9, 13, 11, 12, 2, 14, 1, 3, 15, 5, 6]",819.5,9.148375034332275
"[0, 16, 8, 4, 18, 10, 19, 7, 17, 9, 13, 11, 12, 2, 14, 1, 3, 15, 5, 6]",819.5,"[0, 16, 8, 4, 18, 10, 19, 7, 17, 9, 13, 11, 12, 2, 14, 1, 3, 15, 5, 6]",819.5,9.210368156433105
"[0, 16, 8, 4, 18, 10, 19, 7, 17, 9, 13, 11, 12, 2, 14, 1, 3, 15, 5, 6]",819.5,"[0, 16, 8, 4, 18, 10, 19, 7, 17, 9, 13, 11, 12, 2, 14, 1, 3, 15, 5, 6]",819.5,9.274367809295654
"[0, 16, 8, 4, 18, 10, 19, 7, 17, 9, 13, 11, 12, 2, 14, 1, 3, 15, 5, 6]",819.5,"[0, 16, 8, 4, 18, 10, 19, 7, 17, 9, 13, 11, 12, 2, 14, 1, 3, 15, 5, 6]",819.5,9.338371515274048
"[0, 16, 8, 4, 18, 10, 19, 7, 17, 9, 13, 11, 12, 2, 14, 1, 3, 15, 5, 6]",819.5,"[0, 16, 8, 4, 18, 10, 19, 7, 17, 9, 13, 11, 12, 2, 14, 1, 3, 15, 5, 6]",819.5,9.403370380401611
"[0, 16, 8, 4, 18, 10, 19, 7, 17, 9, 13, 11, 12, 2, 14, 1, 3, 15, 5, 6]",819.5,"[0, 16, 8, 4, 18, 10, 19, 7, 17, 9, 13, 11, 12, 2, 14, 1, 3, 15, 5, 6]",819.5,9.465374946594238
"[0, 16, 8, 4, 18, 10, 19, 7, 17, 9, 13, 11, 12, 2, 14, 1, 3, 15, 5, 6]",819.5,"[0, 16, 8, 4, 18, 10, 19, 7, 17, 9, 13, 11, 12, 2, 14, 1, 3, 15, 5, 6]",819.5,9.530378103256226
"[0, 16, 8, 4, 18, 10, 19, 7, 17, 9, 13, 11, 12, 2, 14, 1, 3, 15, 5, 6]",819.5,"[0, 16, 8, 4, 18, 10, 19, 7, 17, 9, 13, 11, 12, 2, 14, 1, 3, 15, 5, 6]",819.5,9.594372749328613
"[0, 16, 8, 4, 18, 10, 19, 7, 17, 9, 13, 11, 12, 2, 14, 1, 3, 15, 5, 6]",819.5,"[0, 16, 8, 4, 18, 10, 19, 7, 17, 9, 13, 11, 12, 2, 14, 1, 3, 15, 5, 6]",819.5,9.658380508422852
"[0, 16, 8, 4, 18, 10, 19, 7, 17, 9, 13, 11, 12, 2, 14, 1, 3, 15, 5, 6]",819.5,"[0, 16, 8, 4, 18, 10, 19, 7, 17, 9, 13, 11, 12, 2, 14, 1, 3, 15, 5, 6]",819.5,9.726377248764038
"[0, 16, 8, 4, 18, 10, 19, 7, 17, 9, 13, 11, 12, 2, 14, 1, 3, 15, 5, 6]",819.5,"[0, 16, 8, 4, 18, 10, 19, 7, 17, 9, 13, 11, 12, 2, 14, 1, 3, 15, 5, 6]",819.5,9.793389320373535
"[0, 16, 8, 4, 18, 10, 19, 7, 17, 9, 13, 11, 12, 2, 14, 1, 3, 15, 5, 6]",819.5,"[0, 16, 8, 4, 18, 10, 19, 7, 17, 9, 13, 11, 12, 2, 14, 1, 3, 15, 5, 6]",819.5,9.861374855041504
"[0, 16, 8, 4, 18, 10, 19, 7, 17, 9, 13, 11, 12, 2, 14, 1, 3, 15, 5, 6]",819.5,"[0, 16, 8, 4, 18, 10, 19, 7, 17, 9, 13, 11, 12, 2, 14, 1, 3, 15, 5, 6]",819.5,9.930126905441284
"[0, 16, 8, 4, 18, 10, 19, 7, 17, 9, 13, 11, 12, 2, 14, 1, 3, 15, 5, 6]",819.5,"[0, 16, 8, 4, 18, 10, 19, 7, 17, 9, 13, 11, 12, 2, 14, 1, 3, 15, 5, 6]",819.5,10.001378774642944
"[0, 16, 8, 4, 18, 10, 19, 7, 17, 9, 13, 11, 12, 2, 14, 1, 3, 15, 5, 6]",819.5,"[0, 16, 8, 4, 18, 10, 19, 7, 17, 9, 13, 11, 12, 2, 14, 1, 3, 15, 5, 6]",819.5,10.066385269165039
"[0, 16, 8, 4, 18, 10, 19, 7, 17, 9, 13, 11, 12, 2, 14, 1, 3, 15, 5, 6]",819.5,"[0, 16, 8, 4, 18, 10, 19, 7, 17, 9, 13, 11, 12, 2, 14, 1, 3, 15, 5, 6]",819.5,10.133393287658691
"[0, 16, 8, 4, 18, 10, 19, 7, 17, 9, 13, 11, 12, 2, 14, 1, 3, 15, 5, 6]",819.5,"[0, 16, 8, 4, 18, 10, 19, 7, 17, 9, 13, 11, 12, 2, 14, 1, 3, 15, 5, 6]",819.5,10.196382284164429
"[0, 16, 8, 4, 18, 10, 19, 7, 17, 9, 13, 11, 12, 2, 14, 1, 3, 15, 5, 6]",819.5,"[0, 16, 8, 4, 18, 10, 19, 7, 17, 9, 13, 11, 12, 2, 14, 1, 3, 15, 5, 6]",819.5,10.26338529586792
"[0, 16, 8, 4, 18, 10, 19, 7, 17, 9, 13, 11, 12, 2, 14, 1, 3, 15, 5, 6]",819.5,"[0, 16, 8, 4, 18, 10, 19, 7, 17, 9, 13, 11, 12, 2, 14, 1, 3, 15, 5, 6]",819.5,10.331381797790527
"[0, 16, 8, 4, 18, 10, 19, 7, 17, 9, 13, 11, 12, 2, 14, 1, 3, 15, 5, 6]",819.5,"[0, 16, 8, 4, 18, 10, 19, 7, 17, 9, 13, 11, 12, 2, 14, 1, 3, 15, 5, 6]",819.5,10.397380828857422
"[0, 16, 8, 4, 18, 10, 19, 7, 17, 9, 13, 11, 12, 2, 14, 1, 3, 15, 5, 6]",819.5,"[0, 16, 8, 4, 18, 10, 19, 7, 17, 9, 13, 11, 12, 2, 14, 1, 3, 15, 5, 6]",819.5,10.463381290435791
"[0, 16, 8, 4, 18, 10, 19, 7, 17, 9, 13, 11, 12, 2, 14, 1, 3, 15, 5, 6]",819.5,"[0, 16, 8, 4, 18, 10, 19, 7, 17, 9, 13, 11, 12, 2, 14, 1, 3, 15, 5, 6]",819.5,10.52838397026062
"[0, 16, 8, 4, 18, 10, 19, 7, 17, 9, 13, 11, 12, 2, 14, 1, 3, 15, 5, 6]",819.5,"[0, 16, 8, 4, 18, 10, 19, 7, 17, 9, 13, 11, 12, 2, 14, 1, 3, 15, 5, 6]",819.5,10.595383644104004
"[0, 16, 8, 4, 18, 10, 19, 7, 17, 9, 13, 11, 12, 2, 14, 1, 3, 15, 5, 6]",819.5,"[0, 16, 8, 4, 18, 10, 19, 7, 17, 9, 13, 11, 12, 2, 14, 1, 3, 15, 5, 6]",819.5,10.65938663482666
"[0, 16, 8, 4, 18, 10, 19, 7, 17, 9, 13, 11, 12, 2, 14, 1, 3, 15, 5, 6]",819.5,"[0, 16, 8, 4, 18, 10, 19, 7, 17, 9, 13, 11, 12, 2, 14, 1, 3, 15, 5, 6]",819.5,10.723385095596313
"[0, 16, 8, 4, 18, 10, 19, 7, 17, 9, 13, 11, 12, 2, 14, 1, 3, 15, 5, 6]",819.5,"[0, 16, 8, 4, 18, 10, 19, 7, 17, 9, 13, 11, 12, 2, 14, 1, 3, 15, 5, 6]",819.5,10.7863929271698
"[0, 16, 8, 4, 18, 10, 19, 7, 17, 9, 13, 11, 12, 2, 14, 1, 3, 15, 5, 6]",819.5,"[0, 16, 8, 4, 18, 10, 19, 7, 17, 9, 13, 11, 12, 2, 14, 1, 3, 15, 5, 6]",819.5,10.849388122558594
"[0, 16, 8, 4, 18, 10, 19, 7, 17, 9, 13, 11, 12, 2, 14, 1, 3, 15, 5, 6]",819.5,"[0, 16, 8, 4, 18, 10, 19, 7, 17, 9, 13, 11, 12, 2, 14, 1, 3, 15, 5, 6]",819.5,10.914406776428223
"[0, 16, 8, 4, 18, 10, 19, 7, 17, 9, 13, 11, 12, 2, 14, 1, 3, 15, 5, 6]",819.5,"[0, 16, 8, 4, 18, 10, 19, 7, 17, 9, 13, 11, 12, 2, 14, 1, 3, 15, 5, 6]",819.5,10.978515148162842
"[0, 16, 8, 4, 18, 10, 19, 7, 17, 9, 13, 11, 12, 2, 14, 1, 3, 15, 5, 6]",819.5,"[0, 16, 8, 4, 18, 10, 19, 7, 17, 9, 13, 11, 12, 2, 14, 1, 3, 15, 5, 6]",819.5,11.044389247894287
"[0, 16, 8, 4, 18, 10, 19, 7, 17, 9, 13, 11, 12, 2, 14, 1, 3, 15, 5, 6]",819.5,"[0, 16, 8, 4, 18, 10, 19, 7, 17, 9, 13, 11, 12, 2, 14, 1, 3, 15, 5, 6]",819.5,11.109397649765015
"[0, 16, 8, 4, 18, 10, 19, 7, 17, 9, 13, 11, 12, 2, 14, 1, 3, 15, 5, 6]",819.5,"[0, 16, 8, 4, 18, 10, 19, 7, 17, 9, 13, 11, 12, 2, 14, 1, 3, 15, 5, 6]",819.5,11.172394275665283
"[0, 16, 8, 4, 18, 10, 19, 7, 17, 9, 13, 11, 12, 2, 14, 1, 3, 15, 5, 6]",819.5,"[0, 16, 8, 4, 18, 10, 19, 7, 17, 9, 13, 11, 12, 2, 14, 1, 3, 15, 5, 6]",819.5,11.238399028778076
"[0, 16, 8, 4, 18, 10, 19, 7, 17, 9, 13, 11, 12, 2, 14, 1, 3, 15, 5, 6]",819.5,"[0, 16, 8, 4, 18, 10, 19, 7, 17, 9, 13, 11, 12, 2, 14, 1, 3, 15, 5, 6]",819.5,11.302397966384888
"[0, 16, 8, 4, 18, 10, 19, 7, 17, 9, 13, 11, 12, 2, 14, 1, 3, 15, 5, 6]",819.5,"[0, 16, 8, 4, 18, 10, 19, 7, 17, 9, 13, 11, 12, 2, 14, 1, 3, 15, 5, 6]",819.5,11.366393089294434
"[0, 16, 8, 4, 18, 10, 19, 7, 17, 9, 13, 11, 12, 2, 14, 1, 3, 15, 5, 6]",819.5,"[0, 16, 8, 4, 18, 10, 19, 7, 17, 9, 13, 11, 12, 2, 14, 1, 3, 15, 5, 6]",819.5,11.430397033691406
"[0, 16, 8, 4, 18, 10, 19, 7, 17, 9, 13, 11, 12, 2, 14, 1, 3, 15, 5, 6]",819.5,"[0, 16, 8, 4, 18, 10, 19, 7, 17, 9, 13, 11, 12, 2, 14, 1, 3, 15, 5, 6]",819.5,11.494400978088379
"[0, 16, 8, 4, 18, 10, 19, 7, 17, 9, 13, 11, 12, 2, 14, 1, 3, 15, 5, 6]",819.5,"[0, 16, 8, 4, 18, 10, 19, 7, 17, 9, 13, 11, 12, 2, 14, 1, 3, 15, 5, 6]",819.5,11.559410572052002
"[0, 16, 8, 4, 18, 10, 19, 7, 17, 9, 13, 11, 12, 2, 14, 1, 3, 15, 5, 6]",819.5,"[0, 16, 8, 4, 18, 10, 19, 7, 17, 9, 13, 11, 12, 2, 14, 1, 3, 15, 5, 6]",819.5,11.623433828353882
"[0, 16, 8, 4, 18, 10, 19, 7, 17, 9, 13, 11, 12, 2, 14, 1, 3, 15, 5, 6]",819.5,"[0, 16, 8, 4, 18, 10, 19, 7, 17, 9, 13, 11, 12, 2, 14, 1, 3, 15, 5, 6]",819.5,11.689399242401123
"[0, 16, 8, 4, 18, 10, 19, 7, 17, 9, 13, 11, 12, 2, 14, 1, 3, 15, 5, 6]",819.5,"[0, 16, 8, 4, 18, 10, 19, 7, 17, 9, 13, 11, 12, 2, 14, 1, 3, 15, 5, 6]",819.5,11.761400699615479
"[0, 16, 8, 4, 18, 10, 19, 7, 17, 9, 13, 11, 12, 2, 14, 1, 3, 15, 5, 6]",819.5,"[0, 16, 8, 4, 18, 10, 19, 7, 17, 9, 13, 11, 12, 2, 14, 1, 3, 15, 5, 6]",819.5,11.827401876449585
"[0, 16, 8, 4, 18, 10, 19, 7, 17, 9, 13, 11, 12, 2, 14, 1, 3, 15, 5, 6]",819.5,"[0, 16, 8, 4, 18, 10, 19, 7, 17, 9, 13, 11, 12, 2, 14, 1, 3, 15, 5, 6]",819.5,11.89440107345581
"[0, 16, 8, 4, 18, 10, 19, 7, 17, 9, 13, 11, 12, 2, 14, 1, 3, 15, 5, 6]",819.5,"[0, 16, 8, 4, 18, 10, 19, 7, 17, 9, 13, 11, 12, 2, 14, 1, 3, 15, 5, 6]",819.5,11.96141505241394
"[0, 16, 8, 4, 18, 10, 19, 7, 17, 9, 13, 11, 12, 2, 14, 1, 3, 15, 5, 6]",819.5,"[0, 16, 8, 4, 18, 10, 19, 7, 17, 9, 13, 11, 12, 2, 14, 1, 3, 15, 5, 6]",819.5,12.027404546737671
"[0, 16, 8, 4, 18, 10, 19, 7, 17, 9, 13, 11, 12, 2, 14, 1, 3, 15, 5, 6]",819.5,"[0, 16, 8, 4, 18, 10, 19, 7, 17, 9, 13, 11, 12, 2, 14, 1, 3, 15, 5, 6]",819.5,12.092409610748291
"[0, 16, 8, 4, 18, 10, 19, 7, 17, 9, 13, 11, 12, 2, 14, 1, 3, 15, 5, 6]",819.5,"[0, 16, 8, 4, 18, 10, 19, 7, 17, 9, 13, 11, 12, 2, 14, 1, 3, 15, 5, 6]",819.5,12.154414653778076
"[0, 16, 8, 4, 18, 10, 19, 7, 17, 9, 13, 11, 12, 2, 14, 1, 3, 15, 5, 6]",819.5,"[0, 16, 8, 4, 18, 10, 19, 7, 17, 9, 13, 11, 12, 2, 14, 1, 3, 15, 5, 6]",819.5,12.21950387954712
"[0, 16, 8, 4, 18, 10, 19, 7, 17, 9, 13, 11, 12, 2, 14, 1, 3, 15, 5, 6]",819.5,"[0, 16, 8, 4, 18, 10, 19, 7, 17, 9, 13, 11, 12, 2, 14, 1, 3, 15, 5, 6]",819.5,12.283424615859985
"[0, 16, 8, 4, 18, 10, 19, 7, 17, 9, 13, 11, 12, 2, 14, 1, 3, 15, 5, 6]",819.5,"[0, 16, 8, 4, 18, 10, 19, 7, 17, 9, 13, 11, 12, 2, 14, 1, 3, 15, 5, 6]",819.5,12.347413063049316
"[0, 16, 8, 4, 18, 10, 19, 7, 17, 9, 13, 11, 12, 2, 14, 1, 3, 15, 5, 6]",819.5,"[0, 16, 8, 4, 18, 10, 19, 7, 17, 9, 13, 11, 12, 2, 14, 1, 3, 15, 5, 6]",819.5,12.410412549972534
"[0, 16, 8, 4, 18, 10, 19, 7, 17, 9, 13, 11, 12, 2, 14, 1, 3, 15, 5, 6]",819.5,"[0, 16, 8, 4, 18, 10, 19, 7, 17, 9, 13, 11, 12, 2, 14, 1, 3, 15, 5, 6]",819.5,12.47440791130066
"[0, 16, 8, 4, 18, 10, 19, 7, 17, 9, 13, 11, 12, 2, 14, 1, 3, 15, 5, 6]",819.5,"[0, 16, 8, 4, 18, 10, 19, 7, 17, 9, 13, 11, 12, 2, 14, 1, 3, 15, 5, 6]",819.5,12.540412902832031
"[0, 16, 8, 4, 18, 10, 19, 7, 17, 9, 13, 11, 12, 2, 14, 1, 3, 15, 5, 6]",819.5,"[0, 16, 8, 4, 18, 10, 19, 7, 17, 9, 13, 11, 12, 2, 14, 1, 3, 15, 5, 6]",819.5,12.606411218643188
"[0, 16, 8, 4, 18, 10, 19, 7, 17, 9, 13, 11, 12, 2, 14, 1, 3, 15, 5, 6]",819.5,"[0, 16, 8, 4, 18, 10, 19, 7, 17, 9, 13, 11, 12, 2, 14, 1, 3, 15, 5, 6]",819.5,12.66841435432434
"[0, 16, 8, 4, 18, 10, 19, 7, 17, 9, 13, 11, 12, 2, 14, 1, 3, 15, 5, 6]",819.5,"[0, 16, 8, 4, 18, 10, 19, 7, 17, 9, 13, 11, 12, 2, 14, 1, 3, 15, 5, 6]",819.5,12.732415914535522
"[0, 16, 8, 4, 18, 10, 19, 7, 17, 9, 13, 11, 12, 2, 14, 1, 3, 15, 5, 6]",819.5,"[0, 16, 8, 4, 18, 10, 19, 7, 17, 9, 13, 11, 12, 2, 14, 1, 3, 15, 5, 6]",819.5,12.797414779663086
"[0, 16, 8, 4, 18, 10, 19, 7, 17, 9, 13, 11, 12, 2, 14, 1, 3, 15, 5, 6]",819.5,"[0, 16, 8, 4, 18, 10, 19, 7, 17, 9, 13, 11, 12, 2, 14, 1, 3, 15, 5, 6]",819.5,12.863413333892822
"[0, 16, 8, 4, 18, 10, 19, 7, 17, 9, 13, 11, 12, 2, 14, 1, 3, 15, 5, 6]",819.5,"[0, 16, 8, 4, 18, 10, 19, 7, 17, 9, 13, 11, 12, 2, 14, 1, 3, 15, 5, 6]",819.5,12.92957615852356
"[0, 16, 8, 4, 18, 10, 19, 7, 17, 9, 13, 11, 12, 2, 14, 1, 3, 15, 5, 6]",819.5,"[0, 16, 8, 4, 18, 10, 19, 7, 17, 9, 13, 11, 12, 2, 14, 1, 3, 15, 5, 6]",819.5,12.996429681777954
"[0, 16, 8, 4, 18, 10, 19, 7, 17, 9, 13, 11, 12, 2, 14, 1, 3, 15, 5, 6]",819.5,"[0, 16, 8, 4, 18, 10, 19, 7, 17, 9, 13, 11, 12, 2, 14, 1, 3, 15, 5, 6]",819.5,13.06441617012024
"[0, 16, 8, 4, 18, 10, 19, 7, 17, 9, 13, 11, 12, 2, 14, 1, 3, 15, 5, 6]",819.5,"[0, 16, 8, 4, 18, 10, 19, 7, 17, 9, 13, 11, 12, 2, 14, 1, 3, 15, 5, 6]",819.5,13.135427236557007
