Sequence,Fitness,Best_sequence,Best_fitness,Time
"[0, 1, 2, 3, 4, 5, 6, 7, 8, 9, 10, 11, 12, 13, 14, 15, 16, 17, 18, 19, 20, 21, 22, 23, 24, 25, 26, 27, 28, 29, 30, 31, 32, 33, 34, 35, 36, 37, 38, 39]",2927,"[0, 1, 2, 3, 4, 5, 6, 7, 8, 9, 10, 11, 12, 13, 14, 15, 16, 17, 18, 19, 20, 21, 22, 23, 24, 25, 26, 27, 28, 29, 30, 31, 32, 33, 34, 35, 36, 37, 38, 39]",2927,2.7894973754882812e-05
"[0, 1, 2, 3, 4, 5, 6, 7, 8, 9, 10, 11, 12, 13, 14, 15, 16, 17, 18, 19, 20, 21, 22, 23, 24, 25, 26, 27, 28, 29, 30, 31, 32, 33, 34, 35, 36, 37, 38, 39]",2927,"[0, 1, 2, 3, 4, 5, 6, 7, 8, 9, 10, 11, 12, 13, 14, 15, 16, 17, 18, 19, 20, 21, 22, 23, 24, 25, 26, 27, 28, 29, 30, 31, 32, 33, 34, 35, 36, 37, 38, 39]",2927,0.05417799949645996
"[0, 1, 2, 3, 4, 5, 6, 7, 8, 9, 10, 11, 12, 13, 14, 15, 16, 17, 18, 19, 20, 21, 22, 23, 24, 25, 26, 27, 28, 29, 30, 31, 32, 33, 34, 35, 36, 37, 38, 39]",2927,"[0, 1, 2, 3, 4, 5, 6, 7, 8, 9, 10, 11, 12, 13, 14, 15, 16, 17, 18, 19, 20, 21, 22, 23, 24, 25, 26, 27, 28, 29, 30, 31, 32, 33, 34, 35, 36, 37, 38, 39]",2927,0.10482001304626465
"[0, 1, 2, 3, 4, 5, 6, 7, 8, 9, 10, 11, 12, 13, 14, 15, 16, 17, 18, 19, 20, 21, 22, 23, 24, 25, 26, 27, 28, 29, 30, 31, 32, 33, 34, 35, 36, 37, 38, 39]",2927,"[0, 1, 2, 3, 4, 5, 6, 7, 8, 9, 10, 11, 12, 13, 14, 15, 16, 17, 18, 19, 20, 21, 22, 23, 24, 25, 26, 27, 28, 29, 30, 31, 32, 33, 34, 35, 36, 37, 38, 39]",2927,0.14948463439941406
"[0, 1, 2, 3, 4, 11, 6, 7, 8, 9, 10, 5, 12, 13, 14, 15, 16, 17, 18, 19, 20, 21, 22, 23, 24, 25, 26, 27, 28, 29, 30, 31, 32, 33, 34, 35, 36, 37, 38, 39]",2801,"[0, 1, 2, 3, 4, 11, 6, 7, 8, 9, 10, 5, 12, 13, 14, 15, 16, 17, 18, 19, 20, 21, 22, 23, 24, 25, 26, 27, 28, 29, 30, 31, 32, 33, 34, 35, 36, 37, 38, 39]",2801,0.1950228214263916
"[0, 1, 2, 3, 4, 11, 6, 7, 8, 9, 10, 5, 12, 13, 14, 15, 16, 17, 18, 19, 20, 21, 22, 23, 24, 25, 26, 27, 28, 29, 30, 31, 32, 33, 34, 35, 36, 37, 38, 39]",2801,"[0, 1, 2, 3, 4, 11, 6, 7, 8, 9, 10, 5, 12, 13, 14, 15, 16, 17, 18, 19, 20, 21, 22, 23, 24, 25, 26, 27, 28, 29, 30, 31, 32, 33, 34, 35, 36, 37, 38, 39]",2801,0.24399280548095703
"[0, 1, 2, 3, 4, 11, 6, 7, 8, 9, 10, 5, 12, 13, 14, 15, 16, 17, 18, 19, 20, 21, 22, 23, 24, 25, 26, 27, 28, 29, 30, 31, 32, 33, 34, 35, 36, 37, 38, 39]",2801,"[0, 1, 2, 3, 4, 11, 6, 7, 8, 9, 10, 5, 12, 13, 14, 15, 16, 17, 18, 19, 20, 21, 22, 23, 24, 25, 26, 27, 28, 29, 30, 31, 32, 33, 34, 35, 36, 37, 38, 39]",2801,0.2879598140716553
"[0, 1, 2, 3, 4, 11, 6, 12, 8, 9, 10, 5, 7, 13, 14, 15, 16, 17, 18, 19, 20, 21, 22, 23, 24, 25, 26, 27, 28, 29, 30, 31, 32, 33, 34, 35, 36, 37, 38, 39]",2793,"[0, 1, 2, 3, 4, 11, 6, 12, 8, 9, 10, 5, 7, 13, 14, 15, 16, 17, 18, 19, 20, 21, 22, 23, 24, 25, 26, 27, 28, 29, 30, 31, 32, 33, 34, 35, 36, 37, 38, 39]",2793,0.34514474868774414
"[0, 1, 2, 3, 4, 11, 6, 12, 8, 9, 10, 5, 7, 13, 14, 15, 16, 17, 18, 19, 20, 21, 22, 23, 24, 25, 26, 27, 28, 29, 30, 31, 32, 33, 34, 35, 36, 37, 38, 39]",2793,"[0, 1, 2, 3, 4, 11, 6, 12, 8, 9, 10, 5, 7, 13, 14, 15, 16, 17, 18, 19, 20, 21, 22, 23, 24, 25, 26, 27, 28, 29, 30, 31, 32, 33, 34, 35, 36, 37, 38, 39]",2793,0.38870978355407715
"[0, 1, 2, 3, 4, 11, 6, 12, 8, 9, 10, 5, 7, 13, 14, 15, 16, 17, 18, 19, 20, 21, 22, 23, 24, 25, 26, 27, 28, 29, 30, 31, 32, 33, 34, 35, 36, 37, 38, 39]",2793,"[0, 1, 2, 3, 4, 11, 6, 12, 8, 9, 10, 5, 7, 13, 14, 15, 16, 17, 18, 19, 20, 21, 22, 23, 24, 25, 26, 27, 28, 29, 30, 31, 32, 33, 34, 35, 36, 37, 38, 39]",2793,0.4321160316467285
"[0, 1, 2, 3, 4, 11, 6, 12, 8, 9, 10, 5, 7, 13, 14, 15, 16, 17, 18, 19, 20, 21, 22, 23, 24, 25, 26, 27, 28, 29, 30, 31, 32, 33, 34, 35, 36, 37, 38, 39]",2793,"[0, 1, 2, 3, 4, 11, 6, 12, 8, 9, 10, 5, 7, 13, 14, 15, 16, 17, 18, 19, 20, 21, 22, 23, 24, 25, 26, 27, 28, 29, 30, 31, 32, 33, 34, 35, 36, 37, 38, 39]",2793,0.47793102264404297
"[0, 1, 2, 3, 4, 11, 6, 12, 8, 9, 10, 5, 7, 13, 14, 15, 16, 17, 18, 19, 20, 21, 22, 23, 24, 25, 26, 27, 28, 29, 30, 31, 32, 33, 34, 35, 36, 37, 38, 39]",2793,"[0, 1, 2, 3, 4, 11, 6, 12, 8, 9, 10, 5, 7, 13, 14, 15, 16, 17, 18, 19, 20, 21, 22, 23, 24, 25, 26, 27, 28, 29, 30, 31, 32, 33, 34, 35, 36, 37, 38, 39]",2793,0.5236790180206299
"[0, 1, 2, 3, 4, 11, 6, 12, 8, 9, 10, 5, 7, 13, 14, 15, 16, 17, 18, 19, 20, 21, 22, 23, 24, 25, 26, 27, 28, 29, 30, 31, 32, 33, 34, 35, 36, 37, 38, 39]",2793,"[0, 1, 2, 3, 4, 11, 6, 12, 8, 9, 10, 5, 7, 13, 14, 15, 16, 17, 18, 19, 20, 21, 22, 23, 24, 25, 26, 27, 28, 29, 30, 31, 32, 33, 34, 35, 36, 37, 38, 39]",2793,0.5683138370513916
"[0, 1, 2, 3, 4, 11, 6, 12, 8, 9, 10, 5, 7, 13, 14, 15, 16, 17, 18, 19, 20, 21, 22, 23, 24, 25, 26, 27, 28, 29, 30, 31, 32, 33, 34, 35, 36, 37, 38, 39]",2793,"[0, 1, 2, 3, 4, 11, 6, 12, 8, 9, 10, 5, 7, 13, 14, 15, 16, 17, 18, 19, 20, 21, 22, 23, 24, 25, 26, 27, 28, 29, 30, 31, 32, 33, 34, 35, 36, 37, 38, 39]",2793,0.6121537685394287
"[0, 1, 2, 3, 4, 11, 6, 12, 8, 9, 10, 5, 7, 13, 14, 15, 16, 17, 18, 19, 20, 21, 22, 30, 24, 25, 26, 27, 28, 29, 23, 31, 32, 33, 34, 35, 36, 37, 38, 39]",2779,"[0, 1, 2, 3, 4, 11, 6, 12, 8, 9, 10, 5, 7, 13, 14, 15, 16, 17, 18, 19, 20, 21, 22, 30, 24, 25, 26, 27, 28, 29, 23, 31, 32, 33, 34, 35, 36, 37, 38, 39]",2779,0.6551859378814697
"[0, 1, 2, 3, 4, 11, 6, 12, 8, 9, 10, 5, 7, 13, 14, 15, 16, 17, 18, 19, 20, 21, 22, 30, 24, 25, 26, 27, 28, 29, 23, 31, 32, 33, 34, 35, 36, 37, 38, 39]",2779,"[0, 1, 2, 3, 4, 11, 6, 12, 8, 9, 10, 5, 7, 13, 14, 15, 16, 17, 18, 19, 20, 21, 22, 30, 24, 25, 26, 27, 28, 29, 23, 31, 32, 33, 34, 35, 36, 37, 38, 39]",2779,0.6988959312438965
"[0, 1, 2, 3, 4, 11, 6, 12, 8, 9, 10, 5, 7, 13, 14, 15, 16, 17, 18, 19, 20, 21, 22, 30, 24, 25, 26, 27, 28, 29, 23, 31, 32, 33, 34, 35, 36, 37, 38, 39]",2779,"[0, 1, 2, 3, 4, 11, 6, 12, 8, 9, 10, 5, 7, 13, 14, 15, 16, 17, 18, 19, 20, 21, 22, 30, 24, 25, 26, 27, 28, 29, 23, 31, 32, 33, 34, 35, 36, 37, 38, 39]",2779,0.7445108890533447
"[0, 1, 2, 3, 4, 11, 6, 12, 8, 9, 10, 5, 7, 13, 14, 15, 16, 17, 18, 19, 20, 21, 22, 30, 24, 25, 26, 27, 28, 29, 23, 31, 32, 33, 34, 35, 36, 37, 38, 39]",2779,"[0, 1, 2, 3, 4, 11, 6, 12, 8, 9, 10, 5, 7, 13, 14, 15, 16, 17, 18, 19, 20, 21, 22, 30, 24, 25, 26, 27, 28, 29, 23, 31, 32, 33, 34, 35, 36, 37, 38, 39]",2779,0.7886838912963867
"[1, 0, 2, 3, 4, 11, 6, 12, 8, 9, 10, 5, 7, 13, 14, 15, 16, 17, 18, 19, 20, 21, 22, 30, 24, 25, 26, 27, 28, 29, 23, 31, 32, 33, 34, 35, 36, 37, 38, 39]",2773,"[1, 0, 2, 3, 4, 11, 6, 12, 8, 9, 10, 5, 7, 13, 14, 15, 16, 17, 18, 19, 20, 21, 22, 30, 24, 25, 26, 27, 28, 29, 23, 31, 32, 33, 34, 35, 36, 37, 38, 39]",2773,0.8372159004211426
"[1, 0, 2, 3, 4, 11, 6, 12, 8, 9, 10, 5, 7, 13, 14, 15, 16, 17, 18, 19, 20, 21, 22, 30, 24, 25, 26, 27, 28, 29, 23, 31, 32, 33, 34, 35, 36, 37, 38, 39]",2773,"[1, 0, 2, 3, 4, 11, 6, 12, 8, 9, 10, 5, 7, 13, 14, 15, 16, 17, 18, 19, 20, 21, 22, 30, 24, 25, 26, 27, 28, 29, 23, 31, 32, 33, 34, 35, 36, 37, 38, 39]",2773,0.8848440647125244
"[1, 0, 2, 3, 4, 11, 6, 12, 8, 9, 10, 5, 7, 13, 14, 15, 16, 17, 18, 19, 20, 21, 22, 30, 24, 25, 26, 27, 28, 29, 23, 31, 32, 33, 34, 35, 36, 37, 38, 39]",2773,"[1, 0, 2, 3, 4, 11, 6, 12, 8, 9, 10, 5, 7, 13, 14, 15, 16, 17, 18, 19, 20, 21, 22, 30, 24, 25, 26, 27, 28, 29, 23, 31, 32, 33, 34, 35, 36, 37, 38, 39]",2773,0.93070387840271
"[1, 0, 2, 3, 4, 11, 6, 12, 8, 9, 10, 5, 7, 13, 14, 15, 16, 17, 18, 19, 20, 21, 22, 30, 24, 25, 26, 27, 28, 29, 23, 31, 32, 33, 34, 35, 36, 37, 38, 39]",2773,"[1, 0, 2, 3, 4, 11, 6, 12, 8, 9, 10, 5, 7, 13, 14, 15, 16, 17, 18, 19, 20, 21, 22, 30, 24, 25, 26, 27, 28, 29, 23, 31, 32, 33, 34, 35, 36, 37, 38, 39]",2773,0.9765958786010742
"[1, 0, 2, 12, 4, 11, 6, 3, 8, 9, 10, 5, 7, 13, 14, 15, 16, 17, 18, 19, 20, 21, 22, 30, 24, 25, 26, 27, 28, 29, 23, 31, 32, 33, 34, 35, 36, 37, 38, 39]",2712,"[1, 0, 2, 12, 4, 11, 6, 3, 8, 9, 10, 5, 7, 13, 14, 15, 16, 17, 18, 19, 20, 21, 22, 30, 24, 25, 26, 27, 28, 29, 23, 31, 32, 33, 34, 35, 36, 37, 38, 39]",2712,1.020988941192627
"[1, 0, 2, 12, 4, 11, 6, 3, 8, 9, 10, 5, 7, 13, 14, 15, 16, 17, 18, 19, 20, 21, 22, 30, 24, 25, 26, 27, 28, 29, 23, 31, 32, 33, 34, 35, 36, 37, 38, 39]",2712,"[1, 0, 2, 12, 4, 11, 6, 3, 8, 9, 10, 5, 7, 13, 14, 15, 16, 17, 18, 19, 20, 21, 22, 30, 24, 25, 26, 27, 28, 29, 23, 31, 32, 33, 34, 35, 36, 37, 38, 39]",2712,1.0654489994049072
"[1, 0, 2, 12, 4, 11, 6, 3, 8, 9, 10, 5, 7, 13, 14, 15, 16, 17, 18, 19, 20, 21, 22, 30, 24, 25, 26, 27, 28, 29, 23, 31, 32, 33, 34, 35, 36, 37, 38, 39]",2712,"[1, 0, 2, 12, 4, 11, 6, 3, 8, 9, 10, 5, 7, 13, 14, 15, 16, 17, 18, 19, 20, 21, 22, 30, 24, 25, 26, 27, 28, 29, 23, 31, 32, 33, 34, 35, 36, 37, 38, 39]",2712,1.112117052078247
"[1, 0, 2, 12, 4, 11, 6, 3, 8, 9, 10, 5, 7, 13, 14, 15, 16, 17, 18, 19, 20, 21, 22, 30, 24, 25, 26, 27, 28, 29, 23, 31, 32, 33, 34, 35, 36, 37, 38, 39]",2712,"[1, 0, 2, 12, 4, 11, 6, 3, 8, 9, 10, 5, 7, 13, 14, 15, 16, 17, 18, 19, 20, 21, 22, 30, 24, 25, 26, 27, 28, 29, 23, 31, 32, 33, 34, 35, 36, 37, 38, 39]",2712,1.1605608463287354
"[1, 0, 2, 12, 4, 11, 6, 3, 8, 9, 10, 5, 7, 13, 14, 15, 16, 17, 18, 19, 20, 21, 22, 30, 24, 25, 26, 27, 28, 29, 23, 31, 32, 33, 34, 35, 36, 37, 38, 39]",2712,"[1, 0, 2, 12, 4, 11, 6, 3, 8, 9, 10, 5, 7, 13, 14, 15, 16, 17, 18, 19, 20, 21, 22, 30, 24, 25, 26, 27, 28, 29, 23, 31, 32, 33, 34, 35, 36, 37, 38, 39]",2712,1.2060909271240234
"[1, 0, 2, 12, 4, 11, 6, 3, 8, 9, 10, 5, 7, 13, 14, 15, 16, 17, 18, 19, 20, 21, 22, 30, 24, 25, 26, 27, 28, 29, 23, 31, 32, 33, 34, 35, 36, 37, 38, 39]",2712,"[1, 0, 2, 12, 4, 11, 6, 3, 8, 9, 10, 5, 7, 13, 14, 15, 16, 17, 18, 19, 20, 21, 22, 30, 24, 25, 26, 27, 28, 29, 23, 31, 32, 33, 34, 35, 36, 37, 38, 39]",2712,1.2510828971862793
"[1, 0, 2, 12, 4, 11, 6, 3, 8, 9, 10, 5, 7, 13, 14, 15, 16, 17, 18, 19, 20, 21, 22, 30, 24, 25, 26, 27, 28, 29, 23, 31, 32, 33, 34, 35, 36, 37, 38, 39]",2712,"[1, 0, 2, 12, 4, 11, 6, 3, 8, 9, 10, 5, 7, 13, 14, 15, 16, 17, 18, 19, 20, 21, 22, 30, 24, 25, 26, 27, 28, 29, 23, 31, 32, 33, 34, 35, 36, 37, 38, 39]",2712,1.2963898181915283
"[1, 0, 2, 12, 4, 11, 6, 3, 8, 9, 10, 5, 7, 13, 14, 15, 16, 17, 18, 19, 20, 21, 22, 30, 24, 25, 26, 27, 28, 29, 23, 31, 32, 33, 34, 35, 36, 37, 38, 39]",2712,"[1, 0, 2, 12, 4, 11, 6, 3, 8, 9, 10, 5, 7, 13, 14, 15, 16, 17, 18, 19, 20, 21, 22, 30, 24, 25, 26, 27, 28, 29, 23, 31, 32, 33, 34, 35, 36, 37, 38, 39]",2712,1.343242883682251
"[1, 0, 2, 12, 4, 11, 6, 3, 8, 9, 10, 5, 7, 13, 14, 15, 16, 17, 18, 19, 20, 21, 22, 30, 24, 25, 26, 27, 28, 29, 23, 31, 32, 33, 34, 35, 36, 37, 38, 39]",2712,"[1, 0, 2, 12, 4, 11, 6, 3, 8, 9, 10, 5, 7, 13, 14, 15, 16, 17, 18, 19, 20, 21, 22, 30, 24, 25, 26, 27, 28, 29, 23, 31, 32, 33, 34, 35, 36, 37, 38, 39]",2712,1.3882648944854736
"[1, 0, 2, 12, 4, 11, 6, 3, 8, 9, 10, 5, 7, 13, 14, 15, 16, 17, 18, 19, 20, 21, 22, 30, 24, 25, 26, 27, 28, 29, 23, 31, 32, 33, 34, 35, 36, 37, 38, 39]",2712,"[1, 0, 2, 12, 4, 11, 6, 3, 8, 9, 10, 5, 7, 13, 14, 15, 16, 17, 18, 19, 20, 21, 22, 30, 24, 25, 26, 27, 28, 29, 23, 31, 32, 33, 34, 35, 36, 37, 38, 39]",2712,1.447218894958496
"[1, 0, 2, 12, 4, 11, 6, 3, 8, 9, 10, 5, 7, 13, 14, 15, 16, 17, 18, 19, 20, 21, 22, 30, 24, 25, 26, 27, 28, 29, 23, 31, 32, 33, 34, 35, 36, 37, 38, 39]",2712,"[1, 0, 2, 12, 4, 11, 6, 3, 8, 9, 10, 5, 7, 13, 14, 15, 16, 17, 18, 19, 20, 21, 22, 30, 24, 25, 26, 27, 28, 29, 23, 31, 32, 33, 34, 35, 36, 37, 38, 39]",2712,1.511854887008667
"[1, 0, 2, 12, 4, 11, 6, 3, 8, 9, 10, 5, 7, 13, 14, 15, 16, 17, 18, 19, 20, 21, 22, 30, 24, 25, 26, 27, 28, 29, 23, 31, 32, 33, 34, 35, 36, 37, 38, 39]",2712,"[1, 0, 2, 12, 4, 11, 6, 3, 8, 9, 10, 5, 7, 13, 14, 15, 16, 17, 18, 19, 20, 21, 22, 30, 24, 25, 26, 27, 28, 29, 23, 31, 32, 33, 34, 35, 36, 37, 38, 39]",2712,1.569713830947876
"[1, 0, 2, 12, 4, 11, 6, 3, 8, 9, 10, 5, 7, 13, 14, 15, 16, 17, 18, 19, 20, 21, 22, 30, 24, 25, 26, 27, 28, 29, 23, 31, 32, 33, 34, 35, 36, 37, 38, 39]",2712,"[1, 0, 2, 12, 4, 11, 6, 3, 8, 9, 10, 5, 7, 13, 14, 15, 16, 17, 18, 19, 20, 21, 22, 30, 24, 25, 26, 27, 28, 29, 23, 31, 32, 33, 34, 35, 36, 37, 38, 39]",2712,1.627321720123291
"[1, 0, 2, 12, 4, 11, 6, 3, 8, 9, 10, 5, 7, 13, 14, 15, 16, 17, 18, 19, 20, 21, 22, 30, 24, 25, 26, 27, 28, 29, 23, 31, 32, 33, 34, 35, 36, 37, 38, 39]",2712,"[1, 0, 2, 12, 4, 11, 6, 3, 8, 9, 10, 5, 7, 13, 14, 15, 16, 17, 18, 19, 20, 21, 22, 30, 24, 25, 26, 27, 28, 29, 23, 31, 32, 33, 34, 35, 36, 37, 38, 39]",2712,1.6747488975524902
"[1, 0, 2, 12, 4, 11, 6, 3, 8, 9, 10, 5, 7, 13, 14, 15, 16, 17, 18, 19, 20, 21, 22, 30, 24, 25, 26, 27, 28, 29, 23, 31, 32, 33, 34, 35, 36, 37, 38, 39]",2712,"[1, 0, 2, 12, 4, 11, 6, 3, 8, 9, 10, 5, 7, 13, 14, 15, 16, 17, 18, 19, 20, 21, 22, 30, 24, 25, 26, 27, 28, 29, 23, 31, 32, 33, 34, 35, 36, 37, 38, 39]",2712,1.730914831161499
"[1, 0, 2, 12, 4, 11, 6, 3, 8, 9, 10, 5, 7, 13, 14, 15, 16, 17, 18, 19, 20, 21, 22, 30, 24, 25, 26, 27, 28, 29, 23, 31, 32, 33, 34, 35, 36, 37, 38, 39]",2712,"[1, 0, 2, 12, 4, 11, 6, 3, 8, 9, 10, 5, 7, 13, 14, 15, 16, 17, 18, 19, 20, 21, 22, 30, 24, 25, 26, 27, 28, 29, 23, 31, 32, 33, 34, 35, 36, 37, 38, 39]",2712,1.7801258563995361
"[1, 0, 2, 12, 4, 11, 6, 3, 8, 9, 10, 5, 7, 13, 14, 15, 16, 17, 18, 19, 20, 21, 22, 30, 24, 25, 26, 27, 28, 29, 23, 31, 32, 33, 34, 35, 36, 37, 38, 39]",2712,"[1, 0, 2, 12, 4, 11, 6, 3, 8, 9, 10, 5, 7, 13, 14, 15, 16, 17, 18, 19, 20, 21, 22, 30, 24, 25, 26, 27, 28, 29, 23, 31, 32, 33, 34, 35, 36, 37, 38, 39]",2712,1.8279008865356445
"[1, 0, 2, 12, 4, 11, 6, 3, 8, 9, 10, 5, 7, 13, 14, 15, 16, 17, 18, 19, 20, 21, 22, 30, 24, 25, 26, 27, 28, 29, 23, 31, 32, 33, 34, 35, 36, 37, 38, 39]",2712,"[1, 0, 2, 12, 4, 11, 6, 3, 8, 9, 10, 5, 7, 13, 14, 15, 16, 17, 18, 19, 20, 21, 22, 30, 24, 25, 26, 27, 28, 29, 23, 31, 32, 33, 34, 35, 36, 37, 38, 39]",2712,1.875661849975586
"[1, 0, 2, 12, 4, 11, 6, 3, 8, 9, 10, 5, 7, 13, 14, 15, 16, 17, 18, 19, 20, 21, 22, 30, 24, 25, 26, 27, 28, 29, 23, 31, 32, 33, 34, 35, 36, 37, 38, 39]",2712,"[1, 0, 2, 12, 4, 11, 6, 3, 8, 9, 10, 5, 7, 13, 14, 15, 16, 17, 18, 19, 20, 21, 22, 30, 24, 25, 26, 27, 28, 29, 23, 31, 32, 33, 34, 35, 36, 37, 38, 39]",2712,1.9241509437561035
"[1, 0, 2, 12, 4, 11, 6, 3, 8, 9, 10, 5, 7, 13, 14, 15, 16, 17, 18, 19, 20, 21, 22, 30, 24, 25, 26, 27, 28, 29, 23, 31, 32, 33, 34, 35, 36, 37, 38, 39]",2712,"[1, 0, 2, 12, 4, 11, 6, 3, 8, 9, 10, 5, 7, 13, 14, 15, 16, 17, 18, 19, 20, 21, 22, 30, 24, 25, 26, 27, 28, 29, 23, 31, 32, 33, 34, 35, 36, 37, 38, 39]",2712,1.9901759624481201
"[1, 0, 2, 12, 4, 11, 6, 3, 8, 9, 10, 5, 7, 13, 14, 15, 16, 17, 18, 19, 20, 21, 22, 30, 24, 25, 26, 27, 28, 29, 23, 31, 32, 33, 34, 35, 36, 37, 38, 39]",2712,"[1, 0, 2, 12, 4, 11, 6, 3, 8, 9, 10, 5, 7, 13, 14, 15, 16, 17, 18, 19, 20, 21, 22, 30, 24, 25, 26, 27, 28, 29, 23, 31, 32, 33, 34, 35, 36, 37, 38, 39]",2712,2.0393757820129395
"[1, 0, 2, 12, 4, 11, 6, 3, 8, 9, 10, 5, 7, 13, 14, 15, 16, 17, 18, 19, 20, 21, 22, 30, 24, 25, 26, 27, 28, 29, 23, 31, 32, 33, 34, 35, 36, 37, 38, 39]",2712,"[1, 0, 2, 12, 4, 11, 6, 3, 8, 9, 10, 5, 7, 13, 14, 15, 16, 17, 18, 19, 20, 21, 22, 30, 24, 25, 26, 27, 28, 29, 23, 31, 32, 33, 34, 35, 36, 37, 38, 39]",2712,2.086772918701172
"[1, 0, 2, 12, 4, 11, 6, 3, 8, 9, 10, 5, 7, 13, 14, 15, 16, 17, 18, 19, 20, 21, 22, 30, 24, 25, 26, 27, 28, 29, 23, 31, 32, 33, 34, 35, 36, 37, 38, 39]",2712,"[1, 0, 2, 12, 4, 11, 6, 3, 8, 9, 10, 5, 7, 13, 14, 15, 16, 17, 18, 19, 20, 21, 22, 30, 24, 25, 26, 27, 28, 29, 23, 31, 32, 33, 34, 35, 36, 37, 38, 39]",2712,2.1335549354553223
"[1, 0, 2, 12, 4, 11, 6, 3, 8, 9, 10, 5, 7, 13, 14, 15, 16, 17, 18, 19, 20, 21, 22, 30, 24, 25, 26, 27, 28, 29, 23, 31, 32, 33, 34, 35, 36, 37, 38, 39]",2712,"[1, 0, 2, 12, 4, 11, 6, 3, 8, 9, 10, 5, 7, 13, 14, 15, 16, 17, 18, 19, 20, 21, 22, 30, 24, 25, 26, 27, 28, 29, 23, 31, 32, 33, 34, 35, 36, 37, 38, 39]",2712,2.1802687644958496
"[1, 0, 2, 12, 4, 11, 6, 3, 8, 9, 10, 5, 7, 13, 14, 15, 16, 17, 18, 19, 20, 21, 22, 30, 24, 25, 26, 27, 28, 29, 23, 31, 32, 33, 34, 35, 36, 37, 38, 39]",2712,"[1, 0, 2, 12, 4, 11, 6, 3, 8, 9, 10, 5, 7, 13, 14, 15, 16, 17, 18, 19, 20, 21, 22, 30, 24, 25, 26, 27, 28, 29, 23, 31, 32, 33, 34, 35, 36, 37, 38, 39]",2712,2.2282297611236572
"[1, 0, 2, 12, 4, 11, 6, 3, 8, 9, 10, 5, 7, 13, 14, 15, 16, 17, 18, 19, 20, 21, 22, 30, 24, 25, 26, 27, 28, 29, 23, 31, 32, 33, 34, 35, 36, 37, 38, 39]",2712,"[1, 0, 2, 12, 4, 11, 6, 3, 8, 9, 10, 5, 7, 13, 14, 15, 16, 17, 18, 19, 20, 21, 22, 30, 24, 25, 26, 27, 28, 29, 23, 31, 32, 33, 34, 35, 36, 37, 38, 39]",2712,2.2753400802612305
"[1, 0, 2, 12, 4, 11, 6, 3, 8, 9, 10, 5, 7, 13, 14, 15, 16, 17, 18, 19, 20, 21, 22, 30, 24, 25, 26, 27, 28, 29, 23, 31, 32, 33, 34, 35, 36, 37, 38, 39]",2712,"[1, 0, 2, 12, 4, 11, 6, 3, 8, 9, 10, 5, 7, 13, 14, 15, 16, 17, 18, 19, 20, 21, 22, 30, 24, 25, 26, 27, 28, 29, 23, 31, 32, 33, 34, 35, 36, 37, 38, 39]",2712,2.3302159309387207
"[1, 0, 2, 12, 4, 11, 6, 3, 8, 9, 10, 5, 7, 13, 14, 15, 16, 17, 18, 19, 20, 21, 22, 30, 24, 25, 26, 27, 28, 29, 23, 31, 32, 33, 34, 35, 36, 37, 38, 39]",2712,"[1, 0, 2, 12, 4, 11, 6, 3, 8, 9, 10, 5, 7, 13, 14, 15, 16, 17, 18, 19, 20, 21, 22, 30, 24, 25, 26, 27, 28, 29, 23, 31, 32, 33, 34, 35, 36, 37, 38, 39]",2712,2.379323959350586
"[1, 0, 2, 12, 4, 11, 6, 3, 8, 9, 10, 5, 7, 13, 14, 15, 16, 17, 18, 19, 20, 21, 22, 30, 24, 25, 26, 27, 28, 29, 23, 31, 32, 33, 34, 35, 36, 37, 38, 39]",2712,"[1, 0, 2, 12, 4, 11, 6, 3, 8, 9, 10, 5, 7, 13, 14, 15, 16, 17, 18, 19, 20, 21, 22, 30, 24, 25, 26, 27, 28, 29, 23, 31, 32, 33, 34, 35, 36, 37, 38, 39]",2712,2.425090789794922
"[1, 0, 2, 12, 4, 11, 6, 3, 8, 9, 10, 5, 7, 13, 14, 15, 16, 17, 18, 19, 20, 21, 22, 30, 24, 25, 26, 27, 28, 29, 23, 31, 32, 33, 34, 35, 36, 37, 38, 39]",2712,"[1, 0, 2, 12, 4, 11, 6, 3, 8, 9, 10, 5, 7, 13, 14, 15, 16, 17, 18, 19, 20, 21, 22, 30, 24, 25, 26, 27, 28, 29, 23, 31, 32, 33, 34, 35, 36, 37, 38, 39]",2712,2.469580888748169
"[1, 0, 2, 12, 4, 11, 6, 3, 8, 9, 10, 5, 7, 13, 14, 15, 16, 17, 18, 19, 20, 21, 22, 30, 24, 25, 26, 27, 28, 29, 23, 31, 32, 33, 34, 35, 36, 37, 38, 39]",2712,"[1, 0, 2, 12, 4, 11, 6, 3, 8, 9, 10, 5, 7, 13, 14, 15, 16, 17, 18, 19, 20, 21, 22, 30, 24, 25, 26, 27, 28, 29, 23, 31, 32, 33, 34, 35, 36, 37, 38, 39]",2712,2.5146639347076416
"[1, 0, 2, 12, 4, 11, 6, 3, 8, 9, 10, 5, 7, 13, 14, 15, 16, 17, 18, 19, 20, 21, 22, 30, 24, 25, 26, 27, 28, 29, 23, 31, 32, 33, 34, 35, 36, 37, 38, 39]",2712,"[1, 0, 2, 12, 4, 11, 6, 3, 8, 9, 10, 5, 7, 13, 14, 15, 16, 17, 18, 19, 20, 21, 22, 30, 24, 25, 26, 27, 28, 29, 23, 31, 32, 33, 34, 35, 36, 37, 38, 39]",2712,2.5590808391571045
"[1, 0, 2, 12, 4, 11, 6, 3, 8, 9, 10, 5, 7, 13, 14, 15, 16, 17, 18, 19, 20, 21, 22, 30, 24, 25, 26, 27, 28, 29, 23, 31, 32, 33, 34, 35, 36, 37, 38, 39]",2712,"[1, 0, 2, 12, 4, 11, 6, 3, 8, 9, 10, 5, 7, 13, 14, 15, 16, 17, 18, 19, 20, 21, 22, 30, 24, 25, 26, 27, 28, 29, 23, 31, 32, 33, 34, 35, 36, 37, 38, 39]",2712,2.6039769649505615
"[1, 0, 2, 12, 4, 11, 6, 3, 8, 9, 10, 5, 7, 13, 14, 15, 16, 17, 18, 19, 20, 21, 22, 30, 24, 25, 26, 27, 28, 29, 23, 31, 32, 33, 34, 35, 36, 37, 38, 39]",2712,"[1, 0, 2, 12, 4, 11, 6, 3, 8, 9, 10, 5, 7, 13, 14, 15, 16, 17, 18, 19, 20, 21, 22, 30, 24, 25, 26, 27, 28, 29, 23, 31, 32, 33, 34, 35, 36, 37, 38, 39]",2712,2.650190830230713
"[1, 0, 2, 12, 4, 11, 6, 3, 8, 9, 10, 5, 7, 13, 14, 15, 16, 17, 18, 19, 20, 21, 22, 30, 24, 25, 26, 27, 28, 29, 23, 31, 32, 33, 34, 35, 36, 37, 38, 39]",2712,"[1, 0, 2, 12, 4, 11, 6, 3, 8, 9, 10, 5, 7, 13, 14, 15, 16, 17, 18, 19, 20, 21, 22, 30, 24, 25, 26, 27, 28, 29, 23, 31, 32, 33, 34, 35, 36, 37, 38, 39]",2712,2.696692943572998
"[1, 0, 2, 12, 4, 11, 6, 3, 8, 9, 10, 5, 7, 13, 14, 15, 16, 17, 18, 19, 20, 21, 22, 30, 24, 25, 26, 27, 28, 29, 23, 31, 32, 33, 34, 35, 36, 37, 38, 39]",2712,"[1, 0, 2, 12, 4, 11, 6, 3, 8, 9, 10, 5, 7, 13, 14, 15, 16, 17, 18, 19, 20, 21, 22, 30, 24, 25, 26, 27, 28, 29, 23, 31, 32, 33, 34, 35, 36, 37, 38, 39]",2712,2.743499994277954
"[1, 0, 2, 12, 4, 11, 6, 3, 8, 9, 10, 5, 7, 13, 14, 15, 16, 17, 18, 19, 20, 21, 22, 30, 24, 25, 26, 27, 28, 29, 23, 31, 32, 33, 34, 35, 36, 37, 38, 39]",2712,"[1, 0, 2, 12, 4, 11, 6, 3, 8, 9, 10, 5, 7, 13, 14, 15, 16, 17, 18, 19, 20, 21, 22, 30, 24, 25, 26, 27, 28, 29, 23, 31, 32, 33, 34, 35, 36, 37, 38, 39]",2712,2.7901339530944824
"[1, 0, 2, 12, 4, 11, 6, 3, 8, 9, 10, 5, 7, 13, 14, 15, 16, 17, 18, 19, 20, 21, 22, 30, 24, 25, 26, 27, 28, 29, 23, 31, 32, 33, 34, 35, 36, 37, 38, 39]",2712,"[1, 0, 2, 12, 4, 11, 6, 3, 8, 9, 10, 5, 7, 13, 14, 15, 16, 17, 18, 19, 20, 21, 22, 30, 24, 25, 26, 27, 28, 29, 23, 31, 32, 33, 34, 35, 36, 37, 38, 39]",2712,2.8372397422790527
"[1, 0, 2, 12, 4, 11, 6, 3, 8, 9, 10, 5, 7, 13, 14, 15, 16, 17, 18, 19, 20, 21, 22, 30, 24, 25, 26, 27, 28, 29, 23, 31, 32, 33, 34, 35, 36, 37, 38, 39]",2712,"[1, 0, 2, 12, 4, 11, 6, 3, 8, 9, 10, 5, 7, 13, 14, 15, 16, 17, 18, 19, 20, 21, 22, 30, 24, 25, 26, 27, 28, 29, 23, 31, 32, 33, 34, 35, 36, 37, 38, 39]",2712,2.882840871810913
"[1, 0, 2, 12, 4, 11, 6, 3, 8, 9, 10, 5, 7, 13, 14, 15, 16, 17, 18, 19, 20, 21, 22, 30, 24, 25, 26, 27, 28, 29, 23, 31, 32, 33, 34, 35, 36, 37, 38, 39]",2712,"[1, 0, 2, 12, 4, 11, 6, 3, 8, 9, 10, 5, 7, 13, 14, 15, 16, 17, 18, 19, 20, 21, 22, 30, 24, 25, 26, 27, 28, 29, 23, 31, 32, 33, 34, 35, 36, 37, 38, 39]",2712,2.9285778999328613
"[1, 0, 2, 12, 4, 11, 6, 3, 8, 9, 10, 5, 7, 13, 14, 15, 16, 17, 18, 19, 20, 21, 22, 30, 24, 25, 26, 27, 28, 29, 23, 31, 32, 33, 34, 35, 36, 37, 38, 39]",2712,"[1, 0, 2, 12, 4, 11, 6, 3, 8, 9, 10, 5, 7, 13, 14, 15, 16, 17, 18, 19, 20, 21, 22, 30, 24, 25, 26, 27, 28, 29, 23, 31, 32, 33, 34, 35, 36, 37, 38, 39]",2712,2.9744699001312256
"[1, 0, 2, 12, 4, 11, 6, 3, 8, 9, 10, 5, 7, 13, 14, 15, 16, 17, 18, 19, 20, 21, 22, 30, 24, 25, 26, 27, 28, 29, 23, 31, 32, 33, 34, 35, 36, 37, 38, 39]",2712,"[1, 0, 2, 12, 4, 11, 6, 3, 8, 9, 10, 5, 7, 13, 14, 15, 16, 17, 18, 19, 20, 21, 22, 30, 24, 25, 26, 27, 28, 29, 23, 31, 32, 33, 34, 35, 36, 37, 38, 39]",2712,3.0188398361206055
"[1, 0, 2, 12, 4, 11, 6, 3, 8, 9, 10, 5, 7, 13, 14, 15, 16, 17, 18, 19, 20, 21, 22, 30, 24, 25, 26, 27, 28, 29, 23, 31, 32, 33, 34, 35, 36, 37, 38, 39]",2712,"[1, 0, 2, 12, 4, 11, 6, 3, 8, 9, 10, 5, 7, 13, 14, 15, 16, 17, 18, 19, 20, 21, 22, 30, 24, 25, 26, 27, 28, 29, 23, 31, 32, 33, 34, 35, 36, 37, 38, 39]",2712,3.0626907348632812
"[1, 0, 2, 12, 4, 11, 6, 3, 8, 9, 10, 5, 7, 13, 14, 15, 16, 17, 18, 19, 20, 21, 22, 30, 24, 25, 26, 27, 28, 29, 23, 31, 32, 33, 34, 35, 36, 37, 38, 39]",2712,"[1, 0, 2, 12, 4, 11, 6, 3, 8, 9, 10, 5, 7, 13, 14, 15, 16, 17, 18, 19, 20, 21, 22, 30, 24, 25, 26, 27, 28, 29, 23, 31, 32, 33, 34, 35, 36, 37, 38, 39]",2712,3.106491804122925
"[1, 0, 2, 12, 4, 11, 6, 3, 8, 9, 10, 5, 7, 13, 14, 15, 16, 17, 18, 19, 20, 21, 22, 30, 24, 25, 26, 27, 28, 29, 23, 31, 32, 33, 34, 35, 36, 37, 38, 39]",2712,"[1, 0, 2, 12, 4, 11, 6, 3, 8, 9, 10, 5, 7, 13, 14, 15, 16, 17, 18, 19, 20, 21, 22, 30, 24, 25, 26, 27, 28, 29, 23, 31, 32, 33, 34, 35, 36, 37, 38, 39]",2712,3.1518630981445312
"[1, 0, 2, 12, 4, 11, 6, 3, 8, 9, 10, 5, 7, 13, 14, 15, 16, 17, 18, 19, 20, 21, 22, 30, 24, 25, 26, 27, 28, 29, 23, 31, 32, 33, 34, 35, 36, 37, 38, 39]",2712,"[1, 0, 2, 12, 4, 11, 6, 3, 8, 9, 10, 5, 7, 13, 14, 15, 16, 17, 18, 19, 20, 21, 22, 30, 24, 25, 26, 27, 28, 29, 23, 31, 32, 33, 34, 35, 36, 37, 38, 39]",2712,3.1973788738250732
"[1, 0, 2, 12, 4, 11, 6, 3, 8, 9, 10, 5, 7, 13, 14, 15, 16, 17, 18, 19, 20, 21, 22, 30, 24, 25, 26, 27, 28, 29, 23, 31, 32, 33, 34, 35, 36, 37, 38, 39]",2712,"[1, 0, 2, 12, 4, 11, 6, 3, 8, 9, 10, 5, 7, 13, 14, 15, 16, 17, 18, 19, 20, 21, 22, 30, 24, 25, 26, 27, 28, 29, 23, 31, 32, 33, 34, 35, 36, 37, 38, 39]",2712,3.2425537109375
"[1, 0, 2, 12, 4, 11, 6, 3, 8, 9, 10, 5, 7, 13, 14, 15, 16, 17, 18, 19, 20, 21, 22, 30, 24, 25, 26, 27, 28, 29, 23, 31, 32, 33, 34, 35, 36, 37, 38, 39]",2712,"[1, 0, 2, 12, 4, 11, 6, 3, 8, 9, 10, 5, 7, 13, 14, 15, 16, 17, 18, 19, 20, 21, 22, 30, 24, 25, 26, 27, 28, 29, 23, 31, 32, 33, 34, 35, 36, 37, 38, 39]",2712,3.287637948989868
"[1, 0, 2, 12, 4, 11, 6, 3, 8, 9, 10, 5, 7, 13, 14, 15, 16, 17, 18, 19, 20, 21, 22, 30, 24, 25, 26, 27, 28, 29, 23, 31, 32, 33, 34, 35, 36, 37, 38, 39]",2712,"[1, 0, 2, 12, 4, 11, 6, 3, 8, 9, 10, 5, 7, 13, 14, 15, 16, 17, 18, 19, 20, 21, 22, 30, 24, 25, 26, 27, 28, 29, 23, 31, 32, 33, 34, 35, 36, 37, 38, 39]",2712,3.3342199325561523
"[1, 0, 2, 12, 4, 11, 6, 3, 8, 9, 10, 5, 7, 13, 14, 15, 16, 17, 18, 19, 20, 21, 22, 30, 24, 25, 26, 27, 28, 29, 23, 31, 32, 33, 34, 35, 36, 37, 38, 39]",2712,"[1, 0, 2, 12, 4, 11, 6, 3, 8, 9, 10, 5, 7, 13, 14, 15, 16, 17, 18, 19, 20, 21, 22, 30, 24, 25, 26, 27, 28, 29, 23, 31, 32, 33, 34, 35, 36, 37, 38, 39]",2712,3.3820579051971436
"[1, 0, 2, 12, 4, 11, 6, 3, 8, 9, 10, 5, 7, 13, 14, 15, 16, 17, 18, 19, 20, 21, 22, 30, 24, 25, 26, 27, 28, 29, 23, 31, 32, 33, 34, 35, 36, 37, 38, 39]",2712,"[1, 0, 2, 12, 4, 11, 6, 3, 8, 9, 10, 5, 7, 13, 14, 15, 16, 17, 18, 19, 20, 21, 22, 30, 24, 25, 26, 27, 28, 29, 23, 31, 32, 33, 34, 35, 36, 37, 38, 39]",2712,3.4276039600372314
"[1, 0, 2, 12, 4, 11, 6, 3, 8, 9, 10, 5, 7, 13, 14, 15, 16, 17, 18, 19, 20, 21, 22, 30, 24, 25, 26, 27, 28, 29, 23, 31, 32, 33, 34, 35, 36, 37, 38, 39]",2712,"[1, 0, 2, 12, 4, 11, 6, 3, 8, 9, 10, 5, 7, 13, 14, 15, 16, 17, 18, 19, 20, 21, 22, 30, 24, 25, 26, 27, 28, 29, 23, 31, 32, 33, 34, 35, 36, 37, 38, 39]",2712,3.473106861114502
"[1, 0, 2, 12, 4, 11, 6, 3, 8, 9, 10, 5, 7, 13, 14, 15, 16, 17, 18, 19, 20, 21, 22, 30, 24, 25, 26, 27, 28, 29, 23, 31, 32, 33, 34, 35, 36, 37, 38, 39]",2712,"[1, 0, 2, 12, 4, 11, 6, 3, 8, 9, 10, 5, 7, 13, 14, 15, 16, 17, 18, 19, 20, 21, 22, 30, 24, 25, 26, 27, 28, 29, 23, 31, 32, 33, 34, 35, 36, 37, 38, 39]",2712,3.517730712890625
"[1, 0, 2, 12, 4, 11, 6, 3, 8, 9, 10, 5, 7, 13, 14, 15, 16, 17, 18, 19, 20, 21, 22, 30, 24, 25, 26, 27, 28, 29, 23, 31, 32, 33, 34, 35, 36, 37, 38, 39]",2712,"[1, 0, 2, 12, 4, 11, 6, 3, 8, 9, 10, 5, 7, 13, 14, 15, 16, 17, 18, 19, 20, 21, 22, 30, 24, 25, 26, 27, 28, 29, 23, 31, 32, 33, 34, 35, 36, 37, 38, 39]",2712,3.563391923904419
"[1, 0, 2, 12, 4, 11, 6, 3, 8, 9, 10, 5, 7, 13, 14, 15, 16, 17, 18, 19, 20, 21, 22, 30, 24, 25, 26, 27, 28, 29, 23, 31, 32, 33, 34, 35, 36, 37, 38, 39]",2712,"[1, 0, 2, 12, 4, 11, 6, 3, 8, 9, 10, 5, 7, 13, 14, 15, 16, 17, 18, 19, 20, 21, 22, 30, 24, 25, 26, 27, 28, 29, 23, 31, 32, 33, 34, 35, 36, 37, 38, 39]",2712,3.6076149940490723
"[1, 0, 2, 12, 4, 11, 6, 3, 8, 9, 10, 5, 7, 13, 14, 15, 16, 17, 18, 19, 20, 21, 22, 30, 24, 25, 26, 27, 28, 29, 23, 31, 32, 33, 34, 35, 36, 37, 38, 39]",2712,"[1, 0, 2, 12, 4, 11, 6, 3, 8, 9, 10, 5, 7, 13, 14, 15, 16, 17, 18, 19, 20, 21, 22, 30, 24, 25, 26, 27, 28, 29, 23, 31, 32, 33, 34, 35, 36, 37, 38, 39]",2712,3.65364408493042
"[1, 0, 2, 12, 4, 11, 6, 3, 8, 9, 10, 5, 7, 13, 14, 15, 16, 17, 18, 19, 20, 21, 22, 30, 24, 25, 26, 27, 28, 29, 23, 31, 32, 33, 34, 35, 36, 37, 38, 39]",2712,"[1, 0, 2, 12, 4, 11, 6, 3, 8, 9, 10, 5, 7, 13, 14, 15, 16, 17, 18, 19, 20, 21, 22, 30, 24, 25, 26, 27, 28, 29, 23, 31, 32, 33, 34, 35, 36, 37, 38, 39]",2712,3.6992008686065674
"[1, 0, 2, 12, 4, 11, 6, 3, 8, 9, 10, 5, 7, 13, 14, 15, 16, 17, 18, 19, 20, 21, 22, 30, 24, 25, 26, 27, 28, 29, 23, 31, 32, 33, 34, 35, 36, 37, 38, 39]",2712,"[1, 0, 2, 12, 4, 11, 6, 3, 8, 9, 10, 5, 7, 13, 14, 15, 16, 17, 18, 19, 20, 21, 22, 30, 24, 25, 26, 27, 28, 29, 23, 31, 32, 33, 34, 35, 36, 37, 38, 39]",2712,3.748183012008667
"[1, 0, 2, 12, 4, 11, 6, 3, 8, 9, 10, 5, 7, 13, 14, 15, 16, 17, 18, 19, 20, 21, 22, 30, 24, 25, 26, 27, 28, 29, 23, 31, 32, 33, 34, 35, 36, 37, 38, 39]",2712,"[1, 0, 2, 12, 4, 11, 6, 3, 8, 9, 10, 5, 7, 13, 14, 15, 16, 17, 18, 19, 20, 21, 22, 30, 24, 25, 26, 27, 28, 29, 23, 31, 32, 33, 34, 35, 36, 37, 38, 39]",2712,3.796031951904297
"[1, 0, 2, 12, 4, 11, 6, 3, 8, 9, 10, 5, 7, 13, 14, 15, 16, 17, 18, 19, 20, 21, 22, 30, 24, 25, 26, 27, 28, 29, 23, 31, 32, 33, 34, 35, 36, 37, 38, 39]",2712,"[1, 0, 2, 12, 4, 11, 6, 3, 8, 9, 10, 5, 7, 13, 14, 15, 16, 17, 18, 19, 20, 21, 22, 30, 24, 25, 26, 27, 28, 29, 23, 31, 32, 33, 34, 35, 36, 37, 38, 39]",2712,3.8422930240631104
"[1, 0, 2, 12, 4, 11, 6, 3, 8, 9, 10, 5, 7, 13, 14, 15, 16, 17, 18, 19, 20, 21, 22, 30, 24, 25, 26, 27, 28, 29, 23, 31, 32, 33, 34, 35, 36, 37, 38, 39]",2712,"[1, 0, 2, 12, 4, 11, 6, 3, 8, 9, 10, 5, 7, 13, 14, 15, 16, 17, 18, 19, 20, 21, 22, 30, 24, 25, 26, 27, 28, 29, 23, 31, 32, 33, 34, 35, 36, 37, 38, 39]",2712,3.8890156745910645
"[1, 0, 2, 12, 4, 11, 6, 3, 8, 9, 10, 5, 7, 13, 14, 15, 16, 17, 18, 19, 20, 21, 22, 30, 24, 25, 26, 27, 28, 29, 23, 31, 32, 33, 34, 35, 36, 37, 38, 39]",2712,"[1, 0, 2, 12, 4, 11, 6, 3, 8, 9, 10, 5, 7, 13, 14, 15, 16, 17, 18, 19, 20, 21, 22, 30, 24, 25, 26, 27, 28, 29, 23, 31, 32, 33, 34, 35, 36, 37, 38, 39]",2712,3.938844919204712
"[1, 0, 2, 12, 4, 11, 6, 3, 8, 9, 10, 5, 7, 13, 14, 15, 16, 17, 18, 19, 20, 21, 22, 30, 24, 25, 26, 27, 28, 29, 23, 31, 32, 33, 34, 35, 36, 37, 38, 39]",2712,"[1, 0, 2, 12, 4, 11, 6, 3, 8, 9, 10, 5, 7, 13, 14, 15, 16, 17, 18, 19, 20, 21, 22, 30, 24, 25, 26, 27, 28, 29, 23, 31, 32, 33, 34, 35, 36, 37, 38, 39]",2712,3.986555814743042
"[1, 0, 2, 12, 4, 11, 6, 3, 8, 9, 10, 5, 7, 13, 14, 15, 16, 17, 18, 19, 20, 21, 22, 30, 24, 25, 26, 27, 28, 29, 23, 31, 32, 33, 34, 35, 36, 37, 38, 39]",2712,"[1, 0, 2, 12, 4, 11, 6, 3, 8, 9, 10, 5, 7, 13, 14, 15, 16, 17, 18, 19, 20, 21, 22, 30, 24, 25, 26, 27, 28, 29, 23, 31, 32, 33, 34, 35, 36, 37, 38, 39]",2712,4.0333898067474365
"[1, 0, 2, 12, 4, 11, 6, 3, 8, 9, 10, 5, 7, 13, 14, 15, 16, 17, 18, 19, 20, 21, 22, 30, 24, 25, 26, 27, 28, 29, 23, 31, 32, 33, 34, 35, 36, 37, 38, 39]",2712,"[1, 0, 2, 12, 4, 11, 6, 3, 8, 9, 10, 5, 7, 13, 14, 15, 16, 17, 18, 19, 20, 21, 22, 30, 24, 25, 26, 27, 28, 29, 23, 31, 32, 33, 34, 35, 36, 37, 38, 39]",2712,4.081109046936035
"[1, 0, 2, 12, 4, 11, 6, 3, 8, 9, 10, 5, 7, 13, 14, 15, 16, 17, 18, 19, 20, 21, 22, 30, 24, 25, 26, 27, 28, 29, 23, 31, 32, 33, 34, 35, 36, 37, 38, 39]",2712,"[1, 0, 2, 12, 4, 11, 6, 3, 8, 9, 10, 5, 7, 13, 14, 15, 16, 17, 18, 19, 20, 21, 22, 30, 24, 25, 26, 27, 28, 29, 23, 31, 32, 33, 34, 35, 36, 37, 38, 39]",2712,4.1262526512146
"[1, 0, 2, 12, 4, 11, 6, 3, 8, 9, 10, 5, 7, 13, 14, 15, 16, 17, 18, 19, 20, 21, 22, 30, 24, 25, 26, 27, 28, 29, 23, 31, 32, 33, 34, 35, 36, 37, 38, 39]",2712,"[1, 0, 2, 12, 4, 11, 6, 3, 8, 9, 10, 5, 7, 13, 14, 15, 16, 17, 18, 19, 20, 21, 22, 30, 24, 25, 26, 27, 28, 29, 23, 31, 32, 33, 34, 35, 36, 37, 38, 39]",2712,4.17052698135376
"[1, 0, 2, 12, 4, 11, 6, 3, 8, 9, 10, 5, 7, 13, 14, 15, 16, 17, 18, 19, 20, 21, 22, 30, 24, 25, 26, 27, 28, 29, 23, 31, 32, 33, 34, 35, 36, 37, 38, 39]",2712,"[1, 0, 2, 12, 4, 11, 6, 3, 8, 9, 10, 5, 7, 13, 14, 15, 16, 17, 18, 19, 20, 21, 22, 30, 24, 25, 26, 27, 28, 29, 23, 31, 32, 33, 34, 35, 36, 37, 38, 39]",2712,4.228272914886475
"[1, 0, 2, 12, 4, 11, 6, 3, 8, 9, 10, 5, 7, 13, 14, 15, 16, 17, 18, 19, 20, 21, 22, 30, 24, 25, 26, 27, 28, 29, 23, 31, 32, 33, 34, 35, 36, 37, 38, 39]",2712,"[1, 0, 2, 12, 4, 11, 6, 3, 8, 9, 10, 5, 7, 13, 14, 15, 16, 17, 18, 19, 20, 21, 22, 30, 24, 25, 26, 27, 28, 29, 23, 31, 32, 33, 34, 35, 36, 37, 38, 39]",2712,4.275158882141113
"[1, 0, 2, 12, 4, 11, 6, 3, 8, 9, 10, 5, 7, 13, 14, 15, 16, 17, 18, 19, 20, 21, 22, 30, 24, 25, 26, 27, 28, 29, 23, 31, 32, 33, 34, 35, 36, 37, 38, 39]",2712,"[1, 0, 2, 12, 4, 11, 6, 3, 8, 9, 10, 5, 7, 13, 14, 15, 16, 17, 18, 19, 20, 21, 22, 30, 24, 25, 26, 27, 28, 29, 23, 31, 32, 33, 34, 35, 36, 37, 38, 39]",2712,4.321233749389648
"[1, 0, 2, 12, 4, 11, 6, 3, 8, 9, 10, 5, 7, 13, 14, 15, 16, 17, 18, 19, 20, 21, 22, 30, 24, 25, 26, 27, 28, 29, 23, 31, 32, 33, 34, 35, 36, 37, 38, 39]",2712,"[1, 0, 2, 12, 4, 11, 6, 3, 8, 9, 10, 5, 7, 13, 14, 15, 16, 17, 18, 19, 20, 21, 22, 30, 24, 25, 26, 27, 28, 29, 23, 31, 32, 33, 34, 35, 36, 37, 38, 39]",2712,4.366484880447388
"[1, 0, 2, 12, 4, 11, 6, 3, 8, 9, 10, 5, 7, 13, 14, 15, 16, 17, 18, 19, 20, 21, 22, 30, 24, 25, 26, 27, 28, 29, 23, 31, 32, 33, 34, 35, 36, 37, 38, 39]",2712,"[1, 0, 2, 12, 4, 11, 6, 3, 8, 9, 10, 5, 7, 13, 14, 15, 16, 17, 18, 19, 20, 21, 22, 30, 24, 25, 26, 27, 28, 29, 23, 31, 32, 33, 34, 35, 36, 37, 38, 39]",2712,4.414330720901489
"[1, 0, 2, 12, 4, 11, 6, 3, 8, 9, 10, 5, 7, 13, 14, 15, 16, 17, 18, 19, 20, 21, 22, 30, 24, 25, 26, 27, 28, 29, 23, 31, 32, 33, 34, 35, 36, 37, 38, 39]",2712,"[1, 0, 2, 12, 4, 11, 6, 3, 8, 9, 10, 5, 7, 13, 14, 15, 16, 17, 18, 19, 20, 21, 22, 30, 24, 25, 26, 27, 28, 29, 23, 31, 32, 33, 34, 35, 36, 37, 38, 39]",2712,4.461256980895996
"[1, 0, 2, 12, 4, 11, 6, 3, 8, 9, 10, 5, 7, 13, 14, 15, 16, 17, 18, 19, 20, 21, 22, 30, 24, 25, 26, 27, 28, 29, 23, 31, 32, 33, 34, 35, 36, 37, 38, 39]",2712,"[1, 0, 2, 12, 4, 11, 6, 3, 8, 9, 10, 5, 7, 13, 14, 15, 16, 17, 18, 19, 20, 21, 22, 30, 24, 25, 26, 27, 28, 29, 23, 31, 32, 33, 34, 35, 36, 37, 38, 39]",2712,4.506846904754639
"[1, 0, 2, 12, 4, 11, 6, 3, 8, 9, 10, 5, 7, 13, 14, 15, 16, 17, 18, 19, 20, 21, 22, 30, 24, 25, 26, 27, 28, 29, 23, 31, 32, 33, 34, 35, 36, 37, 38, 39]",2712,"[1, 0, 2, 12, 4, 11, 6, 3, 8, 9, 10, 5, 7, 13, 14, 15, 16, 17, 18, 19, 20, 21, 22, 30, 24, 25, 26, 27, 28, 29, 23, 31, 32, 33, 34, 35, 36, 37, 38, 39]",2712,4.552661895751953
"[1, 0, 2, 12, 4, 11, 6, 3, 8, 9, 10, 5, 7, 13, 14, 15, 16, 17, 18, 19, 20, 21, 22, 30, 24, 25, 26, 27, 28, 29, 23, 31, 32, 33, 34, 35, 36, 37, 38, 39]",2712,"[1, 0, 2, 12, 4, 11, 6, 3, 8, 9, 10, 5, 7, 13, 14, 15, 16, 17, 18, 19, 20, 21, 22, 30, 24, 25, 26, 27, 28, 29, 23, 31, 32, 33, 34, 35, 36, 37, 38, 39]",2712,4.597951889038086
"[1, 0, 2, 12, 4, 11, 6, 3, 8, 9, 10, 5, 7, 13, 14, 15, 16, 17, 18, 19, 20, 21, 22, 30, 24, 25, 26, 27, 28, 29, 23, 31, 32, 33, 34, 35, 36, 37, 38, 39]",2712,"[1, 0, 2, 12, 4, 11, 6, 3, 8, 9, 10, 5, 7, 13, 14, 15, 16, 17, 18, 19, 20, 21, 22, 30, 24, 25, 26, 27, 28, 29, 23, 31, 32, 33, 34, 35, 36, 37, 38, 39]",2712,4.643260955810547
"[1, 0, 2, 12, 4, 11, 6, 3, 8, 9, 10, 5, 7, 13, 14, 15, 16, 17, 18, 19, 20, 21, 22, 30, 24, 25, 26, 27, 28, 29, 23, 31, 32, 33, 34, 35, 36, 37, 38, 39]",2712,"[1, 0, 2, 12, 4, 11, 6, 3, 8, 9, 10, 5, 7, 13, 14, 15, 16, 17, 18, 19, 20, 21, 22, 30, 24, 25, 26, 27, 28, 29, 23, 31, 32, 33, 34, 35, 36, 37, 38, 39]",2712,4.691372632980347
"[1, 0, 2, 12, 4, 11, 6, 3, 8, 9, 10, 5, 7, 13, 14, 15, 16, 17, 18, 19, 20, 21, 22, 30, 24, 25, 26, 27, 28, 29, 23, 31, 32, 33, 34, 35, 36, 37, 38, 39]",2712,"[1, 0, 2, 12, 4, 11, 6, 3, 8, 9, 10, 5, 7, 13, 14, 15, 16, 17, 18, 19, 20, 21, 22, 30, 24, 25, 26, 27, 28, 29, 23, 31, 32, 33, 34, 35, 36, 37, 38, 39]",2712,4.738217830657959
"[1, 0, 2, 12, 4, 11, 6, 3, 8, 9, 10, 5, 7, 13, 14, 15, 16, 17, 18, 19, 20, 21, 22, 30, 24, 25, 26, 27, 28, 29, 23, 31, 32, 33, 34, 35, 36, 37, 38, 39]",2712,"[1, 0, 2, 12, 4, 11, 6, 3, 8, 9, 10, 5, 7, 13, 14, 15, 16, 17, 18, 19, 20, 21, 22, 30, 24, 25, 26, 27, 28, 29, 23, 31, 32, 33, 34, 35, 36, 37, 38, 39]",2712,4.7853686809539795
"[1, 0, 2, 12, 4, 11, 6, 3, 8, 9, 10, 5, 7, 13, 14, 15, 16, 17, 18, 19, 20, 21, 22, 30, 24, 25, 26, 27, 28, 29, 23, 31, 32, 33, 34, 35, 36, 37, 38, 39]",2712,"[1, 0, 2, 12, 4, 11, 6, 3, 8, 9, 10, 5, 7, 13, 14, 15, 16, 17, 18, 19, 20, 21, 22, 30, 24, 25, 26, 27, 28, 29, 23, 31, 32, 33, 34, 35, 36, 37, 38, 39]",2712,4.832122802734375
"[1, 0, 2, 12, 4, 11, 6, 3, 8, 9, 10, 5, 7, 13, 14, 15, 16, 17, 18, 19, 20, 21, 22, 30, 24, 25, 26, 27, 28, 29, 23, 31, 32, 33, 34, 35, 36, 37, 38, 39]",2712,"[1, 0, 2, 12, 4, 11, 6, 3, 8, 9, 10, 5, 7, 13, 14, 15, 16, 17, 18, 19, 20, 21, 22, 30, 24, 25, 26, 27, 28, 29, 23, 31, 32, 33, 34, 35, 36, 37, 38, 39]",2712,4.878245830535889
"[1, 0, 2, 12, 4, 11, 6, 3, 8, 9, 10, 5, 7, 13, 14, 15, 16, 17, 18, 19, 20, 21, 22, 30, 24, 25, 26, 27, 28, 29, 23, 31, 32, 33, 34, 35, 36, 37, 38, 39]",2712,"[1, 0, 2, 12, 4, 11, 6, 3, 8, 9, 10, 5, 7, 13, 14, 15, 16, 17, 18, 19, 20, 21, 22, 30, 24, 25, 26, 27, 28, 29, 23, 31, 32, 33, 34, 35, 36, 37, 38, 39]",2712,4.92395806312561
"[1, 0, 2, 12, 4, 11, 6, 3, 8, 9, 10, 5, 7, 13, 14, 15, 16, 17, 18, 19, 20, 21, 22, 30, 24, 25, 26, 27, 28, 29, 23, 31, 32, 33, 34, 35, 36, 37, 38, 39]",2712,"[1, 0, 2, 12, 4, 11, 6, 3, 8, 9, 10, 5, 7, 13, 14, 15, 16, 17, 18, 19, 20, 21, 22, 30, 24, 25, 26, 27, 28, 29, 23, 31, 32, 33, 34, 35, 36, 37, 38, 39]",2712,4.971622943878174
"[1, 0, 2, 12, 4, 11, 6, 3, 8, 9, 10, 5, 7, 13, 14, 15, 16, 17, 18, 19, 20, 21, 22, 30, 24, 25, 26, 27, 28, 29, 23, 31, 32, 33, 34, 35, 36, 37, 38, 39]",2712,"[1, 0, 2, 12, 4, 11, 6, 3, 8, 9, 10, 5, 7, 13, 14, 15, 16, 17, 18, 19, 20, 21, 22, 30, 24, 25, 26, 27, 28, 29, 23, 31, 32, 33, 34, 35, 36, 37, 38, 39]",2712,5.017163991928101
"[1, 0, 2, 12, 4, 11, 6, 3, 8, 9, 10, 5, 7, 13, 14, 15, 16, 17, 18, 19, 20, 21, 22, 30, 24, 25, 26, 27, 28, 29, 23, 31, 32, 33, 34, 35, 36, 37, 38, 39]",2712,"[1, 0, 2, 12, 4, 11, 6, 3, 8, 9, 10, 5, 7, 13, 14, 15, 16, 17, 18, 19, 20, 21, 22, 30, 24, 25, 26, 27, 28, 29, 23, 31, 32, 33, 34, 35, 36, 37, 38, 39]",2712,5.061649799346924
"[1, 0, 2, 12, 4, 11, 6, 3, 8, 9, 10, 5, 7, 13, 14, 15, 16, 17, 18, 19, 20, 21, 22, 30, 24, 25, 26, 27, 28, 29, 23, 31, 32, 33, 34, 35, 36, 37, 38, 39]",2712,"[1, 0, 2, 12, 4, 11, 6, 3, 8, 9, 10, 5, 7, 13, 14, 15, 16, 17, 18, 19, 20, 21, 22, 30, 24, 25, 26, 27, 28, 29, 23, 31, 32, 33, 34, 35, 36, 37, 38, 39]",2712,5.1063737869262695
"[1, 0, 2, 12, 4, 11, 6, 3, 8, 9, 10, 5, 7, 13, 14, 15, 16, 17, 18, 19, 20, 21, 22, 30, 24, 25, 26, 27, 28, 29, 23, 31, 32, 33, 34, 35, 36, 37, 38, 39]",2712,"[1, 0, 2, 12, 4, 11, 6, 3, 8, 9, 10, 5, 7, 13, 14, 15, 16, 17, 18, 19, 20, 21, 22, 30, 24, 25, 26, 27, 28, 29, 23, 31, 32, 33, 34, 35, 36, 37, 38, 39]",2712,5.15136194229126
"[1, 0, 2, 12, 4, 11, 6, 3, 8, 9, 10, 5, 7, 13, 14, 15, 16, 17, 18, 19, 20, 21, 22, 30, 24, 25, 26, 27, 28, 29, 23, 31, 32, 33, 34, 35, 36, 37, 38, 39]",2712,"[1, 0, 2, 12, 4, 11, 6, 3, 8, 9, 10, 5, 7, 13, 14, 15, 16, 17, 18, 19, 20, 21, 22, 30, 24, 25, 26, 27, 28, 29, 23, 31, 32, 33, 34, 35, 36, 37, 38, 39]",2712,5.196831941604614
"[1, 0, 2, 12, 4, 11, 6, 3, 8, 9, 10, 5, 7, 13, 14, 15, 16, 17, 18, 19, 20, 21, 22, 30, 24, 25, 26, 27, 28, 29, 23, 31, 32, 33, 34, 35, 36, 37, 38, 39]",2712,"[1, 0, 2, 12, 4, 11, 6, 3, 8, 9, 10, 5, 7, 13, 14, 15, 16, 17, 18, 19, 20, 21, 22, 30, 24, 25, 26, 27, 28, 29, 23, 31, 32, 33, 34, 35, 36, 37, 38, 39]",2712,5.241850852966309
"[1, 0, 2, 12, 4, 11, 6, 3, 8, 9, 10, 5, 7, 13, 14, 15, 16, 17, 18, 19, 20, 21, 22, 30, 24, 25, 26, 27, 28, 29, 23, 31, 32, 33, 34, 35, 36, 37, 38, 39]",2712,"[1, 0, 2, 12, 4, 11, 6, 3, 8, 9, 10, 5, 7, 13, 14, 15, 16, 17, 18, 19, 20, 21, 22, 30, 24, 25, 26, 27, 28, 29, 23, 31, 32, 33, 34, 35, 36, 37, 38, 39]",2712,5.2861487865448
"[1, 0, 2, 12, 4, 11, 6, 3, 8, 9, 10, 5, 7, 13, 14, 15, 16, 17, 18, 19, 20, 21, 22, 30, 24, 25, 26, 27, 28, 29, 23, 31, 32, 33, 34, 35, 36, 37, 38, 39]",2712,"[1, 0, 2, 12, 4, 11, 6, 3, 8, 9, 10, 5, 7, 13, 14, 15, 16, 17, 18, 19, 20, 21, 22, 30, 24, 25, 26, 27, 28, 29, 23, 31, 32, 33, 34, 35, 36, 37, 38, 39]",2712,5.337267875671387
"[1, 0, 2, 12, 4, 11, 6, 3, 8, 9, 10, 5, 7, 13, 14, 15, 16, 17, 18, 19, 20, 21, 22, 30, 24, 25, 26, 27, 28, 29, 23, 31, 32, 33, 34, 35, 36, 37, 38, 39]",2712,"[1, 0, 2, 12, 4, 11, 6, 3, 8, 9, 10, 5, 7, 13, 14, 15, 16, 17, 18, 19, 20, 21, 22, 30, 24, 25, 26, 27, 28, 29, 23, 31, 32, 33, 34, 35, 36, 37, 38, 39]",2712,5.38241982460022
"[1, 0, 2, 12, 4, 11, 6, 3, 8, 9, 10, 5, 7, 13, 14, 15, 16, 17, 18, 19, 20, 21, 22, 30, 24, 25, 26, 27, 28, 29, 23, 31, 32, 33, 34, 35, 36, 37, 38, 39]",2712,"[1, 0, 2, 12, 4, 11, 6, 3, 8, 9, 10, 5, 7, 13, 14, 15, 16, 17, 18, 19, 20, 21, 22, 30, 24, 25, 26, 27, 28, 29, 23, 31, 32, 33, 34, 35, 36, 37, 38, 39]",2712,5.4279539585113525
"[1, 0, 2, 12, 4, 11, 6, 3, 8, 9, 10, 5, 7, 13, 14, 15, 16, 17, 18, 19, 20, 21, 22, 30, 24, 25, 26, 27, 28, 29, 23, 31, 32, 33, 34, 35, 36, 37, 38, 39]",2712,"[1, 0, 2, 12, 4, 11, 6, 3, 8, 9, 10, 5, 7, 13, 14, 15, 16, 17, 18, 19, 20, 21, 22, 30, 24, 25, 26, 27, 28, 29, 23, 31, 32, 33, 34, 35, 36, 37, 38, 39]",2712,5.473412752151489
"[1, 0, 2, 12, 4, 11, 6, 3, 8, 9, 10, 5, 7, 13, 14, 15, 16, 17, 18, 19, 20, 21, 22, 30, 24, 25, 26, 27, 28, 29, 23, 31, 32, 33, 34, 35, 36, 37, 38, 39]",2712,"[1, 0, 2, 12, 4, 11, 6, 3, 8, 9, 10, 5, 7, 13, 14, 15, 16, 17, 18, 19, 20, 21, 22, 30, 24, 25, 26, 27, 28, 29, 23, 31, 32, 33, 34, 35, 36, 37, 38, 39]",2712,5.52157187461853
"[1, 0, 2, 12, 4, 11, 6, 3, 8, 9, 10, 5, 7, 13, 14, 15, 16, 17, 18, 19, 20, 21, 22, 30, 24, 25, 26, 27, 28, 29, 23, 31, 32, 33, 34, 35, 36, 37, 38, 39]",2712,"[1, 0, 2, 12, 4, 11, 6, 3, 8, 9, 10, 5, 7, 13, 14, 15, 16, 17, 18, 19, 20, 21, 22, 30, 24, 25, 26, 27, 28, 29, 23, 31, 32, 33, 34, 35, 36, 37, 38, 39]",2712,5.569835901260376
"[1, 0, 2, 12, 4, 11, 6, 3, 8, 9, 10, 5, 7, 13, 14, 15, 16, 17, 18, 19, 20, 21, 22, 30, 24, 25, 26, 27, 28, 29, 23, 31, 32, 33, 34, 35, 36, 37, 38, 39]",2712,"[1, 0, 2, 12, 4, 11, 6, 3, 8, 9, 10, 5, 7, 13, 14, 15, 16, 17, 18, 19, 20, 21, 22, 30, 24, 25, 26, 27, 28, 29, 23, 31, 32, 33, 34, 35, 36, 37, 38, 39]",2712,5.61620569229126
"[1, 0, 2, 12, 4, 11, 6, 3, 8, 9, 10, 5, 7, 13, 14, 15, 16, 17, 18, 19, 20, 21, 22, 30, 24, 25, 26, 27, 28, 29, 23, 31, 32, 33, 34, 35, 36, 37, 38, 39]",2712,"[1, 0, 2, 12, 4, 11, 6, 3, 8, 9, 10, 5, 7, 13, 14, 15, 16, 17, 18, 19, 20, 21, 22, 30, 24, 25, 26, 27, 28, 29, 23, 31, 32, 33, 34, 35, 36, 37, 38, 39]",2712,5.662848949432373
"[1, 0, 2, 12, 4, 11, 6, 3, 8, 9, 10, 5, 7, 13, 14, 15, 16, 17, 18, 19, 20, 21, 22, 30, 24, 25, 26, 27, 28, 29, 23, 31, 32, 33, 34, 35, 36, 37, 38, 39]",2712,"[1, 0, 2, 12, 4, 11, 6, 3, 8, 9, 10, 5, 7, 13, 14, 15, 16, 17, 18, 19, 20, 21, 22, 30, 24, 25, 26, 27, 28, 29, 23, 31, 32, 33, 34, 35, 36, 37, 38, 39]",2712,5.708194017410278
"[1, 0, 2, 12, 4, 11, 6, 3, 8, 9, 10, 5, 7, 13, 14, 15, 16, 17, 18, 19, 20, 21, 22, 30, 24, 25, 26, 27, 28, 29, 23, 31, 32, 33, 34, 35, 36, 37, 38, 39]",2712,"[1, 0, 2, 12, 4, 11, 6, 3, 8, 9, 10, 5, 7, 13, 14, 15, 16, 17, 18, 19, 20, 21, 22, 30, 24, 25, 26, 27, 28, 29, 23, 31, 32, 33, 34, 35, 36, 37, 38, 39]",2712,5.75382399559021
"[1, 0, 2, 12, 4, 11, 6, 3, 8, 9, 10, 5, 7, 13, 14, 15, 16, 17, 18, 19, 20, 21, 22, 30, 24, 25, 26, 27, 28, 29, 23, 31, 32, 33, 34, 35, 36, 37, 38, 39]",2712,"[1, 0, 2, 12, 4, 11, 6, 3, 8, 9, 10, 5, 7, 13, 14, 15, 16, 17, 18, 19, 20, 21, 22, 30, 24, 25, 26, 27, 28, 29, 23, 31, 32, 33, 34, 35, 36, 37, 38, 39]",2712,5.797613859176636
"[1, 0, 2, 12, 4, 11, 6, 3, 8, 9, 10, 5, 7, 13, 14, 15, 16, 17, 18, 19, 20, 21, 22, 30, 24, 25, 26, 27, 28, 29, 23, 31, 32, 33, 34, 35, 36, 37, 38, 39]",2712,"[1, 0, 2, 12, 4, 11, 6, 3, 8, 9, 10, 5, 7, 13, 14, 15, 16, 17, 18, 19, 20, 21, 22, 30, 24, 25, 26, 27, 28, 29, 23, 31, 32, 33, 34, 35, 36, 37, 38, 39]",2712,5.844681024551392
"[1, 0, 2, 12, 4, 11, 6, 3, 8, 9, 10, 5, 7, 13, 14, 15, 16, 17, 18, 19, 20, 21, 22, 30, 24, 25, 26, 27, 28, 29, 23, 31, 32, 33, 34, 35, 36, 37, 38, 39]",2712,"[1, 0, 2, 12, 4, 11, 6, 3, 8, 9, 10, 5, 7, 13, 14, 15, 16, 17, 18, 19, 20, 21, 22, 30, 24, 25, 26, 27, 28, 29, 23, 31, 32, 33, 34, 35, 36, 37, 38, 39]",2712,5.8907740116119385
"[1, 0, 2, 12, 4, 11, 6, 3, 8, 9, 10, 5, 7, 13, 14, 15, 16, 17, 18, 19, 20, 21, 22, 30, 24, 25, 26, 27, 28, 29, 23, 31, 32, 33, 34, 35, 36, 37, 38, 39]",2712,"[1, 0, 2, 12, 4, 11, 6, 3, 8, 9, 10, 5, 7, 13, 14, 15, 16, 17, 18, 19, 20, 21, 22, 30, 24, 25, 26, 27, 28, 29, 23, 31, 32, 33, 34, 35, 36, 37, 38, 39]",2712,5.938920974731445
"[1, 0, 2, 12, 4, 11, 6, 3, 8, 9, 10, 5, 7, 13, 14, 15, 16, 17, 18, 19, 20, 21, 22, 30, 24, 25, 26, 27, 28, 29, 23, 31, 32, 33, 34, 35, 36, 37, 38, 39]",2712,"[1, 0, 2, 12, 4, 11, 6, 3, 8, 9, 10, 5, 7, 13, 14, 15, 16, 17, 18, 19, 20, 21, 22, 30, 24, 25, 26, 27, 28, 29, 23, 31, 32, 33, 34, 35, 36, 37, 38, 39]",2712,5.986478805541992
"[1, 0, 2, 12, 4, 11, 6, 3, 8, 9, 10, 5, 7, 13, 14, 15, 16, 17, 18, 19, 20, 21, 22, 30, 24, 25, 26, 27, 28, 29, 23, 31, 32, 33, 34, 35, 36, 37, 38, 39]",2712,"[1, 0, 2, 12, 4, 11, 6, 3, 8, 9, 10, 5, 7, 13, 14, 15, 16, 17, 18, 19, 20, 21, 22, 30, 24, 25, 26, 27, 28, 29, 23, 31, 32, 33, 34, 35, 36, 37, 38, 39]",2712,6.0316078662872314
"[1, 0, 2, 12, 4, 11, 6, 3, 8, 9, 10, 5, 7, 13, 14, 15, 16, 17, 18, 19, 20, 21, 22, 30, 24, 25, 26, 27, 28, 29, 23, 31, 32, 33, 34, 35, 36, 37, 38, 39]",2712,"[1, 0, 2, 12, 4, 11, 6, 3, 8, 9, 10, 5, 7, 13, 14, 15, 16, 17, 18, 19, 20, 21, 22, 30, 24, 25, 26, 27, 28, 29, 23, 31, 32, 33, 34, 35, 36, 37, 38, 39]",2712,6.075874090194702
"[1, 0, 2, 12, 4, 11, 6, 3, 8, 9, 10, 5, 7, 13, 14, 15, 16, 17, 18, 19, 20, 21, 22, 30, 24, 25, 26, 27, 28, 29, 23, 31, 32, 33, 34, 35, 36, 37, 38, 39]",2712,"[1, 0, 2, 12, 4, 11, 6, 3, 8, 9, 10, 5, 7, 13, 14, 15, 16, 17, 18, 19, 20, 21, 22, 30, 24, 25, 26, 27, 28, 29, 23, 31, 32, 33, 34, 35, 36, 37, 38, 39]",2712,6.122593879699707
"[1, 0, 2, 12, 4, 11, 6, 3, 8, 9, 10, 5, 7, 13, 14, 15, 16, 17, 18, 19, 20, 21, 22, 30, 24, 25, 26, 27, 28, 29, 23, 31, 32, 33, 34, 35, 36, 37, 38, 39]",2712,"[1, 0, 2, 12, 4, 11, 6, 3, 8, 9, 10, 5, 7, 13, 14, 15, 16, 17, 18, 19, 20, 21, 22, 30, 24, 25, 26, 27, 28, 29, 23, 31, 32, 33, 34, 35, 36, 37, 38, 39]",2712,6.167959690093994
"[1, 0, 2, 12, 4, 11, 6, 3, 8, 9, 10, 5, 7, 13, 14, 15, 16, 17, 18, 19, 20, 21, 22, 30, 24, 25, 26, 27, 28, 29, 23, 31, 32, 33, 34, 35, 36, 37, 38, 39]",2712,"[1, 0, 2, 12, 4, 11, 6, 3, 8, 9, 10, 5, 7, 13, 14, 15, 16, 17, 18, 19, 20, 21, 22, 30, 24, 25, 26, 27, 28, 29, 23, 31, 32, 33, 34, 35, 36, 37, 38, 39]",2712,6.212419748306274
"[1, 0, 2, 12, 4, 11, 6, 3, 8, 9, 10, 5, 7, 13, 14, 15, 16, 17, 18, 19, 20, 21, 22, 30, 24, 25, 26, 27, 28, 29, 23, 31, 32, 33, 34, 35, 36, 37, 38, 39]",2712,"[1, 0, 2, 12, 4, 11, 6, 3, 8, 9, 10, 5, 7, 13, 14, 15, 16, 17, 18, 19, 20, 21, 22, 30, 24, 25, 26, 27, 28, 29, 23, 31, 32, 33, 34, 35, 36, 37, 38, 39]",2712,6.25640606880188
"[1, 0, 2, 12, 4, 11, 6, 3, 8, 9, 10, 5, 7, 13, 14, 15, 16, 17, 18, 19, 20, 21, 22, 30, 24, 25, 26, 27, 28, 29, 23, 31, 32, 33, 34, 35, 36, 37, 38, 39]",2712,"[1, 0, 2, 12, 4, 11, 6, 3, 8, 9, 10, 5, 7, 13, 14, 15, 16, 17, 18, 19, 20, 21, 22, 30, 24, 25, 26, 27, 28, 29, 23, 31, 32, 33, 34, 35, 36, 37, 38, 39]",2712,6.314957857131958
"[1, 0, 2, 12, 4, 11, 6, 3, 8, 9, 10, 5, 7, 13, 14, 15, 16, 17, 18, 19, 20, 21, 22, 30, 24, 25, 26, 27, 28, 29, 23, 31, 32, 33, 34, 35, 36, 37, 38, 39]",2712,"[1, 0, 2, 12, 4, 11, 6, 3, 8, 9, 10, 5, 7, 13, 14, 15, 16, 17, 18, 19, 20, 21, 22, 30, 24, 25, 26, 27, 28, 29, 23, 31, 32, 33, 34, 35, 36, 37, 38, 39]",2712,6.363902807235718
"[1, 0, 2, 12, 4, 11, 6, 3, 8, 9, 10, 5, 7, 13, 14, 15, 16, 17, 18, 19, 20, 21, 22, 30, 24, 25, 26, 27, 28, 29, 23, 31, 32, 33, 34, 35, 36, 37, 38, 39]",2712,"[1, 0, 2, 12, 4, 11, 6, 3, 8, 9, 10, 5, 7, 13, 14, 15, 16, 17, 18, 19, 20, 21, 22, 30, 24, 25, 26, 27, 28, 29, 23, 31, 32, 33, 34, 35, 36, 37, 38, 39]",2712,6.409380912780762
"[1, 0, 2, 12, 4, 11, 6, 3, 8, 9, 10, 5, 7, 13, 14, 15, 16, 17, 18, 19, 20, 21, 22, 30, 24, 25, 26, 27, 28, 29, 23, 31, 32, 33, 34, 35, 36, 37, 38, 39]",2712,"[1, 0, 2, 12, 4, 11, 6, 3, 8, 9, 10, 5, 7, 13, 14, 15, 16, 17, 18, 19, 20, 21, 22, 30, 24, 25, 26, 27, 28, 29, 23, 31, 32, 33, 34, 35, 36, 37, 38, 39]",2712,6.454113960266113
"[1, 0, 2, 12, 4, 11, 6, 3, 8, 9, 10, 5, 7, 13, 14, 15, 16, 17, 18, 19, 20, 21, 22, 30, 24, 25, 26, 27, 28, 29, 23, 31, 32, 33, 34, 35, 36, 37, 38, 39]",2712,"[1, 0, 2, 12, 4, 11, 6, 3, 8, 9, 10, 5, 7, 13, 14, 15, 16, 17, 18, 19, 20, 21, 22, 30, 24, 25, 26, 27, 28, 29, 23, 31, 32, 33, 34, 35, 36, 37, 38, 39]",2712,6.498316049575806
"[1, 0, 2, 12, 4, 11, 6, 3, 8, 9, 10, 5, 7, 13, 14, 15, 16, 17, 18, 19, 20, 21, 22, 30, 24, 25, 26, 27, 28, 29, 23, 31, 32, 33, 34, 35, 36, 37, 38, 39]",2712,"[1, 0, 2, 12, 4, 11, 6, 3, 8, 9, 10, 5, 7, 13, 14, 15, 16, 17, 18, 19, 20, 21, 22, 30, 24, 25, 26, 27, 28, 29, 23, 31, 32, 33, 34, 35, 36, 37, 38, 39]",2712,6.546442985534668
"[1, 0, 2, 12, 4, 11, 6, 3, 8, 9, 10, 5, 7, 13, 14, 15, 16, 17, 18, 19, 20, 21, 22, 30, 24, 25, 26, 27, 28, 29, 23, 31, 32, 33, 34, 35, 36, 37, 38, 39]",2712,"[1, 0, 2, 12, 4, 11, 6, 3, 8, 9, 10, 5, 7, 13, 14, 15, 16, 17, 18, 19, 20, 21, 22, 30, 24, 25, 26, 27, 28, 29, 23, 31, 32, 33, 34, 35, 36, 37, 38, 39]",2712,6.597218751907349
"[1, 0, 2, 12, 4, 11, 6, 3, 8, 9, 10, 5, 7, 13, 14, 15, 16, 17, 18, 19, 20, 21, 22, 30, 24, 25, 26, 27, 28, 29, 23, 31, 32, 33, 34, 35, 36, 37, 38, 39]",2712,"[1, 0, 2, 12, 4, 11, 6, 3, 8, 9, 10, 5, 7, 13, 14, 15, 16, 17, 18, 19, 20, 21, 22, 30, 24, 25, 26, 27, 28, 29, 23, 31, 32, 33, 34, 35, 36, 37, 38, 39]",2712,6.643377780914307
"[1, 0, 2, 12, 4, 11, 6, 3, 8, 9, 10, 5, 7, 13, 14, 15, 16, 17, 18, 19, 20, 21, 22, 30, 24, 25, 26, 27, 28, 29, 23, 31, 32, 33, 34, 35, 36, 37, 38, 39]",2712,"[1, 0, 2, 12, 4, 11, 6, 3, 8, 9, 10, 5, 7, 13, 14, 15, 16, 17, 18, 19, 20, 21, 22, 30, 24, 25, 26, 27, 28, 29, 23, 31, 32, 33, 34, 35, 36, 37, 38, 39]",2712,6.689424753189087
"[1, 0, 2, 12, 4, 11, 6, 3, 8, 9, 10, 5, 7, 13, 14, 15, 16, 17, 18, 19, 20, 21, 22, 30, 24, 25, 26, 27, 28, 29, 23, 31, 32, 33, 34, 35, 36, 37, 38, 39]",2712,"[1, 0, 2, 12, 4, 11, 6, 3, 8, 9, 10, 5, 7, 13, 14, 15, 16, 17, 18, 19, 20, 21, 22, 30, 24, 25, 26, 27, 28, 29, 23, 31, 32, 33, 34, 35, 36, 37, 38, 39]",2712,6.735728740692139
"[1, 0, 2, 12, 4, 11, 6, 3, 8, 9, 10, 5, 7, 13, 14, 15, 16, 17, 18, 19, 20, 21, 22, 30, 24, 25, 26, 27, 28, 29, 23, 31, 32, 33, 34, 35, 36, 37, 38, 39]",2712,"[1, 0, 2, 12, 4, 11, 6, 3, 8, 9, 10, 5, 7, 13, 14, 15, 16, 17, 18, 19, 20, 21, 22, 30, 24, 25, 26, 27, 28, 29, 23, 31, 32, 33, 34, 35, 36, 37, 38, 39]",2712,6.781029939651489
"[1, 0, 2, 12, 4, 11, 6, 3, 8, 9, 10, 5, 7, 13, 14, 15, 16, 17, 18, 19, 20, 21, 22, 30, 24, 25, 26, 27, 28, 29, 23, 31, 32, 33, 34, 35, 36, 37, 38, 39]",2712,"[1, 0, 2, 12, 4, 11, 6, 3, 8, 9, 10, 5, 7, 13, 14, 15, 16, 17, 18, 19, 20, 21, 22, 30, 24, 25, 26, 27, 28, 29, 23, 31, 32, 33, 34, 35, 36, 37, 38, 39]",2712,6.824318885803223
"[1, 0, 2, 12, 4, 11, 6, 3, 8, 9, 10, 5, 7, 13, 14, 15, 16, 17, 18, 19, 20, 21, 22, 30, 24, 25, 26, 27, 28, 29, 23, 31, 32, 33, 34, 35, 36, 37, 38, 39]",2712,"[1, 0, 2, 12, 4, 11, 6, 3, 8, 9, 10, 5, 7, 13, 14, 15, 16, 17, 18, 19, 20, 21, 22, 30, 24, 25, 26, 27, 28, 29, 23, 31, 32, 33, 34, 35, 36, 37, 38, 39]",2712,6.869229793548584
"[1, 0, 2, 12, 4, 11, 6, 3, 8, 9, 10, 5, 7, 13, 14, 15, 16, 17, 18, 19, 20, 21, 22, 30, 24, 25, 26, 27, 28, 29, 23, 31, 32, 33, 34, 35, 36, 37, 38, 39]",2712,"[1, 0, 2, 12, 4, 11, 6, 3, 8, 9, 10, 5, 7, 13, 14, 15, 16, 17, 18, 19, 20, 21, 22, 30, 24, 25, 26, 27, 28, 29, 23, 31, 32, 33, 34, 35, 36, 37, 38, 39]",2712,6.913482904434204
"[1, 0, 2, 12, 4, 11, 6, 3, 8, 9, 10, 5, 7, 13, 14, 15, 16, 17, 18, 19, 20, 21, 22, 30, 24, 25, 26, 27, 28, 29, 23, 31, 32, 33, 34, 35, 36, 37, 38, 39]",2712,"[1, 0, 2, 12, 4, 11, 6, 3, 8, 9, 10, 5, 7, 13, 14, 15, 16, 17, 18, 19, 20, 21, 22, 30, 24, 25, 26, 27, 28, 29, 23, 31, 32, 33, 34, 35, 36, 37, 38, 39]",2712,6.959896802902222
"[1, 0, 2, 12, 4, 11, 6, 3, 8, 9, 10, 5, 7, 13, 14, 15, 16, 17, 18, 19, 20, 21, 22, 30, 24, 25, 26, 27, 28, 29, 23, 31, 32, 33, 34, 35, 36, 37, 38, 39]",2712,"[1, 0, 2, 12, 4, 11, 6, 3, 8, 9, 10, 5, 7, 13, 14, 15, 16, 17, 18, 19, 20, 21, 22, 30, 24, 25, 26, 27, 28, 29, 23, 31, 32, 33, 34, 35, 36, 37, 38, 39]",2712,7.006062746047974
"[1, 0, 2, 12, 4, 11, 6, 3, 8, 9, 10, 5, 7, 13, 14, 15, 16, 17, 18, 19, 20, 21, 22, 30, 24, 25, 26, 27, 28, 29, 23, 31, 32, 33, 34, 35, 36, 37, 38, 39]",2712,"[1, 0, 2, 12, 4, 11, 6, 3, 8, 9, 10, 5, 7, 13, 14, 15, 16, 17, 18, 19, 20, 21, 22, 30, 24, 25, 26, 27, 28, 29, 23, 31, 32, 33, 34, 35, 36, 37, 38, 39]",2712,7.051602840423584
"[1, 0, 2, 12, 4, 11, 6, 3, 8, 9, 10, 5, 7, 13, 14, 15, 16, 17, 18, 19, 20, 21, 22, 30, 24, 25, 26, 27, 28, 29, 23, 31, 32, 33, 34, 35, 36, 37, 38, 39]",2712,"[1, 0, 2, 12, 4, 11, 6, 3, 8, 9, 10, 5, 7, 13, 14, 15, 16, 17, 18, 19, 20, 21, 22, 30, 24, 25, 26, 27, 28, 29, 23, 31, 32, 33, 34, 35, 36, 37, 38, 39]",2712,7.096530914306641
"[1, 0, 2, 12, 4, 11, 6, 3, 8, 9, 10, 5, 7, 13, 14, 15, 16, 17, 18, 19, 20, 21, 22, 30, 24, 25, 26, 27, 28, 29, 23, 31, 32, 33, 34, 35, 36, 37, 38, 39]",2712,"[1, 0, 2, 12, 4, 11, 6, 3, 8, 9, 10, 5, 7, 13, 14, 15, 16, 17, 18, 19, 20, 21, 22, 30, 24, 25, 26, 27, 28, 29, 23, 31, 32, 33, 34, 35, 36, 37, 38, 39]",2712,7.14055871963501
"[1, 0, 2, 12, 4, 11, 6, 3, 8, 9, 10, 5, 7, 13, 14, 15, 16, 17, 18, 19, 20, 21, 22, 30, 24, 25, 26, 27, 28, 29, 23, 31, 32, 33, 34, 35, 36, 37, 38, 39]",2712,"[1, 0, 2, 12, 4, 11, 6, 3, 8, 9, 10, 5, 7, 13, 14, 15, 16, 17, 18, 19, 20, 21, 22, 30, 24, 25, 26, 27, 28, 29, 23, 31, 32, 33, 34, 35, 36, 37, 38, 39]",2712,7.1850807666778564
"[1, 0, 2, 12, 4, 11, 6, 3, 8, 9, 10, 5, 7, 13, 14, 15, 16, 17, 18, 19, 20, 21, 22, 30, 24, 25, 26, 27, 28, 29, 23, 31, 32, 33, 34, 35, 36, 37, 38, 39]",2712,"[1, 0, 2, 12, 4, 11, 6, 3, 8, 9, 10, 5, 7, 13, 14, 15, 16, 17, 18, 19, 20, 21, 22, 30, 24, 25, 26, 27, 28, 29, 23, 31, 32, 33, 34, 35, 36, 37, 38, 39]",2712,7.2304368019104
"[1, 0, 2, 12, 4, 11, 6, 3, 8, 9, 10, 5, 7, 13, 14, 15, 16, 17, 18, 19, 20, 21, 22, 30, 24, 25, 26, 27, 28, 29, 23, 31, 32, 33, 34, 35, 36, 37, 38, 39]",2712,"[1, 0, 2, 12, 4, 11, 6, 3, 8, 9, 10, 5, 7, 13, 14, 15, 16, 17, 18, 19, 20, 21, 22, 30, 24, 25, 26, 27, 28, 29, 23, 31, 32, 33, 34, 35, 36, 37, 38, 39]",2712,7.275044918060303
"[1, 0, 2, 12, 4, 11, 6, 3, 8, 9, 10, 5, 7, 13, 14, 15, 16, 17, 18, 19, 20, 21, 22, 30, 24, 25, 26, 27, 28, 29, 23, 31, 32, 33, 34, 35, 36, 37, 38, 39]",2712,"[1, 0, 2, 12, 4, 11, 6, 3, 8, 9, 10, 5, 7, 13, 14, 15, 16, 17, 18, 19, 20, 21, 22, 30, 24, 25, 26, 27, 28, 29, 23, 31, 32, 33, 34, 35, 36, 37, 38, 39]",2712,7.318687915802002
"[1, 0, 2, 12, 4, 11, 6, 3, 8, 9, 10, 5, 7, 13, 14, 15, 16, 17, 18, 19, 20, 21, 22, 30, 24, 25, 26, 27, 28, 29, 23, 31, 32, 33, 34, 35, 36, 37, 38, 39]",2712,"[1, 0, 2, 12, 4, 11, 6, 3, 8, 9, 10, 5, 7, 13, 14, 15, 16, 17, 18, 19, 20, 21, 22, 30, 24, 25, 26, 27, 28, 29, 23, 31, 32, 33, 34, 35, 36, 37, 38, 39]",2712,7.3650267124176025
"[1, 0, 2, 12, 4, 11, 6, 3, 8, 9, 10, 5, 7, 13, 14, 15, 16, 17, 18, 19, 20, 21, 22, 30, 24, 25, 26, 27, 28, 29, 23, 31, 32, 33, 34, 35, 36, 37, 38, 39]",2712,"[1, 0, 2, 12, 4, 11, 6, 3, 8, 9, 10, 5, 7, 13, 14, 15, 16, 17, 18, 19, 20, 21, 22, 30, 24, 25, 26, 27, 28, 29, 23, 31, 32, 33, 34, 35, 36, 37, 38, 39]",2712,7.412578821182251
"[1, 0, 2, 12, 4, 11, 6, 3, 8, 9, 10, 5, 7, 13, 14, 15, 16, 17, 18, 19, 20, 21, 22, 30, 24, 25, 26, 27, 28, 29, 23, 31, 32, 33, 34, 35, 36, 37, 38, 39]",2712,"[1, 0, 2, 12, 4, 11, 6, 3, 8, 9, 10, 5, 7, 13, 14, 15, 16, 17, 18, 19, 20, 21, 22, 30, 24, 25, 26, 27, 28, 29, 23, 31, 32, 33, 34, 35, 36, 37, 38, 39]",2712,7.457844972610474
"[1, 0, 2, 12, 4, 11, 6, 3, 8, 9, 10, 5, 7, 13, 14, 15, 16, 17, 18, 19, 20, 21, 22, 30, 24, 25, 26, 27, 28, 29, 23, 31, 32, 33, 34, 35, 36, 37, 38, 39]",2712,"[1, 0, 2, 12, 4, 11, 6, 3, 8, 9, 10, 5, 7, 13, 14, 15, 16, 17, 18, 19, 20, 21, 22, 30, 24, 25, 26, 27, 28, 29, 23, 31, 32, 33, 34, 35, 36, 37, 38, 39]",2712,7.502532720565796
"[1, 0, 2, 12, 4, 11, 6, 3, 8, 9, 10, 5, 7, 13, 14, 15, 16, 17, 18, 19, 20, 21, 22, 30, 24, 25, 26, 27, 28, 29, 23, 31, 32, 33, 34, 35, 36, 37, 38, 39]",2712,"[1, 0, 2, 12, 4, 11, 6, 3, 8, 9, 10, 5, 7, 13, 14, 15, 16, 17, 18, 19, 20, 21, 22, 30, 24, 25, 26, 27, 28, 29, 23, 31, 32, 33, 34, 35, 36, 37, 38, 39]",2712,7.548925876617432
"[1, 0, 2, 12, 4, 11, 6, 3, 8, 9, 10, 5, 7, 13, 14, 15, 16, 17, 18, 19, 20, 21, 22, 30, 24, 25, 26, 27, 28, 29, 23, 31, 32, 33, 34, 35, 36, 37, 38, 39]",2712,"[1, 0, 2, 12, 4, 11, 6, 3, 8, 9, 10, 5, 7, 13, 14, 15, 16, 17, 18, 19, 20, 21, 22, 30, 24, 25, 26, 27, 28, 29, 23, 31, 32, 33, 34, 35, 36, 37, 38, 39]",2712,7.595698833465576
"[1, 0, 2, 12, 4, 11, 6, 3, 8, 9, 10, 5, 7, 13, 14, 15, 16, 17, 18, 19, 20, 21, 22, 30, 24, 25, 26, 27, 28, 29, 23, 31, 32, 33, 34, 35, 36, 37, 38, 39]",2712,"[1, 0, 2, 12, 4, 11, 6, 3, 8, 9, 10, 5, 7, 13, 14, 15, 16, 17, 18, 19, 20, 21, 22, 30, 24, 25, 26, 27, 28, 29, 23, 31, 32, 33, 34, 35, 36, 37, 38, 39]",2712,7.6430017948150635
"[1, 0, 2, 12, 4, 11, 6, 3, 8, 9, 10, 5, 7, 13, 14, 15, 16, 17, 18, 19, 20, 21, 22, 30, 24, 25, 26, 27, 28, 29, 23, 31, 32, 33, 34, 35, 36, 37, 38, 39]",2712,"[1, 0, 2, 12, 4, 11, 6, 3, 8, 9, 10, 5, 7, 13, 14, 15, 16, 17, 18, 19, 20, 21, 22, 30, 24, 25, 26, 27, 28, 29, 23, 31, 32, 33, 34, 35, 36, 37, 38, 39]",2712,7.691194772720337
"[1, 0, 2, 12, 4, 11, 6, 3, 8, 9, 10, 5, 7, 13, 14, 15, 16, 17, 18, 19, 20, 21, 22, 30, 24, 25, 26, 27, 28, 29, 23, 31, 32, 33, 34, 35, 36, 37, 38, 39]",2712,"[1, 0, 2, 12, 4, 11, 6, 3, 8, 9, 10, 5, 7, 13, 14, 15, 16, 17, 18, 19, 20, 21, 22, 30, 24, 25, 26, 27, 28, 29, 23, 31, 32, 33, 34, 35, 36, 37, 38, 39]",2712,7.738236904144287
"[1, 0, 2, 12, 4, 11, 6, 3, 8, 9, 10, 5, 7, 13, 14, 15, 16, 17, 18, 19, 20, 21, 22, 30, 24, 25, 26, 27, 28, 29, 23, 31, 32, 33, 34, 35, 36, 37, 38, 39]",2712,"[1, 0, 2, 12, 4, 11, 6, 3, 8, 9, 10, 5, 7, 13, 14, 15, 16, 17, 18, 19, 20, 21, 22, 30, 24, 25, 26, 27, 28, 29, 23, 31, 32, 33, 34, 35, 36, 37, 38, 39]",2712,7.783959865570068
"[1, 0, 2, 12, 4, 11, 6, 3, 8, 9, 10, 5, 7, 13, 14, 15, 16, 17, 18, 19, 20, 21, 22, 30, 24, 25, 26, 27, 28, 29, 23, 31, 32, 33, 34, 35, 36, 37, 38, 39]",2712,"[1, 0, 2, 12, 4, 11, 6, 3, 8, 9, 10, 5, 7, 13, 14, 15, 16, 17, 18, 19, 20, 21, 22, 30, 24, 25, 26, 27, 28, 29, 23, 31, 32, 33, 34, 35, 36, 37, 38, 39]",2712,7.829473972320557
"[1, 0, 2, 12, 4, 11, 6, 3, 8, 9, 10, 5, 7, 13, 14, 15, 16, 17, 18, 19, 20, 21, 22, 30, 24, 25, 26, 27, 28, 29, 23, 31, 32, 33, 34, 35, 36, 37, 38, 39]",2712,"[1, 0, 2, 12, 4, 11, 6, 3, 8, 9, 10, 5, 7, 13, 14, 15, 16, 17, 18, 19, 20, 21, 22, 30, 24, 25, 26, 27, 28, 29, 23, 31, 32, 33, 34, 35, 36, 37, 38, 39]",2712,7.873580694198608
"[1, 0, 2, 12, 4, 11, 6, 3, 8, 9, 10, 5, 7, 13, 14, 15, 16, 17, 18, 19, 20, 21, 22, 30, 24, 25, 26, 27, 28, 29, 23, 31, 32, 33, 34, 35, 36, 37, 38, 39]",2712,"[1, 0, 2, 12, 4, 11, 6, 3, 8, 9, 10, 5, 7, 13, 14, 15, 16, 17, 18, 19, 20, 21, 22, 30, 24, 25, 26, 27, 28, 29, 23, 31, 32, 33, 34, 35, 36, 37, 38, 39]",2712,7.9194419384002686
"[1, 0, 2, 12, 4, 11, 6, 3, 8, 9, 10, 5, 7, 13, 14, 15, 16, 17, 18, 19, 20, 21, 22, 30, 24, 25, 26, 27, 28, 29, 23, 31, 32, 33, 34, 35, 36, 37, 38, 39]",2712,"[1, 0, 2, 12, 4, 11, 6, 3, 8, 9, 10, 5, 7, 13, 14, 15, 16, 17, 18, 19, 20, 21, 22, 30, 24, 25, 26, 27, 28, 29, 23, 31, 32, 33, 34, 35, 36, 37, 38, 39]",2712,7.964501857757568
"[1, 0, 2, 12, 4, 11, 6, 3, 8, 9, 10, 5, 7, 13, 14, 15, 16, 17, 18, 19, 20, 21, 22, 30, 24, 25, 26, 27, 28, 29, 23, 31, 32, 33, 34, 35, 36, 37, 38, 39]",2712,"[1, 0, 2, 12, 4, 11, 6, 3, 8, 9, 10, 5, 7, 13, 14, 15, 16, 17, 18, 19, 20, 21, 22, 30, 24, 25, 26, 27, 28, 29, 23, 31, 32, 33, 34, 35, 36, 37, 38, 39]",2712,8.009659767150879
"[1, 0, 2, 12, 4, 11, 6, 3, 8, 9, 10, 5, 7, 13, 14, 15, 16, 17, 18, 19, 20, 21, 22, 30, 24, 25, 26, 27, 28, 29, 23, 31, 32, 33, 34, 35, 36, 37, 38, 39]",2712,"[1, 0, 2, 12, 4, 11, 6, 3, 8, 9, 10, 5, 7, 13, 14, 15, 16, 17, 18, 19, 20, 21, 22, 30, 24, 25, 26, 27, 28, 29, 23, 31, 32, 33, 34, 35, 36, 37, 38, 39]",2712,8.055791854858398
"[1, 0, 2, 12, 4, 11, 6, 3, 8, 9, 10, 5, 7, 13, 14, 15, 16, 17, 18, 19, 20, 21, 22, 30, 24, 25, 26, 27, 28, 29, 23, 31, 32, 33, 34, 35, 36, 37, 38, 39]",2712,"[1, 0, 2, 12, 4, 11, 6, 3, 8, 9, 10, 5, 7, 13, 14, 15, 16, 17, 18, 19, 20, 21, 22, 30, 24, 25, 26, 27, 28, 29, 23, 31, 32, 33, 34, 35, 36, 37, 38, 39]",2712,8.10054087638855
"[1, 0, 2, 12, 4, 11, 6, 3, 8, 9, 10, 5, 7, 13, 14, 15, 16, 17, 18, 19, 20, 21, 22, 30, 24, 25, 26, 27, 28, 29, 23, 31, 32, 33, 34, 35, 36, 37, 38, 39]",2712,"[1, 0, 2, 12, 4, 11, 6, 3, 8, 9, 10, 5, 7, 13, 14, 15, 16, 17, 18, 19, 20, 21, 22, 30, 24, 25, 26, 27, 28, 29, 23, 31, 32, 33, 34, 35, 36, 37, 38, 39]",2712,8.144705057144165
"[1, 0, 2, 12, 4, 11, 6, 3, 8, 9, 10, 5, 7, 13, 14, 15, 16, 17, 18, 19, 20, 21, 22, 30, 24, 25, 26, 27, 28, 29, 23, 31, 32, 33, 34, 35, 36, 37, 38, 39]",2712,"[1, 0, 2, 12, 4, 11, 6, 3, 8, 9, 10, 5, 7, 13, 14, 15, 16, 17, 18, 19, 20, 21, 22, 30, 24, 25, 26, 27, 28, 29, 23, 31, 32, 33, 34, 35, 36, 37, 38, 39]",2712,8.18964409828186
"[1, 0, 2, 12, 4, 11, 6, 3, 8, 9, 10, 5, 7, 13, 14, 15, 16, 17, 18, 19, 20, 21, 22, 30, 24, 25, 26, 27, 28, 29, 23, 31, 32, 33, 34, 35, 36, 37, 38, 39]",2712,"[1, 0, 2, 12, 4, 11, 6, 3, 8, 9, 10, 5, 7, 13, 14, 15, 16, 17, 18, 19, 20, 21, 22, 30, 24, 25, 26, 27, 28, 29, 23, 31, 32, 33, 34, 35, 36, 37, 38, 39]",2712,8.233977794647217
"[1, 0, 2, 12, 4, 11, 6, 3, 8, 9, 10, 5, 7, 13, 14, 15, 16, 17, 18, 19, 20, 21, 22, 30, 24, 25, 26, 27, 28, 29, 23, 31, 32, 33, 34, 35, 36, 37, 38, 39]",2712,"[1, 0, 2, 12, 4, 11, 6, 3, 8, 9, 10, 5, 7, 13, 14, 15, 16, 17, 18, 19, 20, 21, 22, 30, 24, 25, 26, 27, 28, 29, 23, 31, 32, 33, 34, 35, 36, 37, 38, 39]",2712,8.278868913650513
"[1, 0, 2, 12, 4, 11, 6, 3, 8, 9, 10, 5, 7, 13, 14, 15, 16, 17, 18, 19, 20, 21, 22, 30, 24, 25, 26, 27, 28, 29, 23, 31, 32, 33, 34, 35, 36, 37, 38, 39]",2712,"[1, 0, 2, 12, 4, 11, 6, 3, 8, 9, 10, 5, 7, 13, 14, 15, 16, 17, 18, 19, 20, 21, 22, 30, 24, 25, 26, 27, 28, 29, 23, 31, 32, 33, 34, 35, 36, 37, 38, 39]",2712,8.322377920150757
"[1, 0, 2, 12, 4, 11, 6, 3, 8, 9, 10, 5, 7, 13, 14, 15, 16, 17, 18, 19, 20, 21, 22, 30, 24, 25, 26, 27, 28, 29, 23, 31, 32, 33, 34, 35, 36, 37, 38, 39]",2712,"[1, 0, 2, 12, 4, 11, 6, 3, 8, 9, 10, 5, 7, 13, 14, 15, 16, 17, 18, 19, 20, 21, 22, 30, 24, 25, 26, 27, 28, 29, 23, 31, 32, 33, 34, 35, 36, 37, 38, 39]",2712,8.368218898773193
"[1, 0, 2, 12, 4, 11, 6, 3, 8, 9, 10, 5, 7, 13, 14, 15, 16, 17, 18, 19, 20, 21, 22, 30, 24, 25, 26, 27, 28, 29, 23, 31, 32, 33, 34, 35, 36, 37, 38, 39]",2712,"[1, 0, 2, 12, 4, 11, 6, 3, 8, 9, 10, 5, 7, 13, 14, 15, 16, 17, 18, 19, 20, 21, 22, 30, 24, 25, 26, 27, 28, 29, 23, 31, 32, 33, 34, 35, 36, 37, 38, 39]",2712,8.413103818893433
"[1, 0, 2, 12, 4, 11, 6, 3, 8, 9, 10, 5, 7, 13, 14, 15, 16, 17, 18, 19, 20, 21, 22, 30, 24, 25, 26, 27, 28, 29, 23, 31, 32, 33, 34, 35, 36, 37, 38, 39]",2712,"[1, 0, 2, 12, 4, 11, 6, 3, 8, 9, 10, 5, 7, 13, 14, 15, 16, 17, 18, 19, 20, 21, 22, 30, 24, 25, 26, 27, 28, 29, 23, 31, 32, 33, 34, 35, 36, 37, 38, 39]",2712,8.476852893829346
"[1, 0, 2, 12, 4, 11, 6, 3, 8, 9, 10, 5, 7, 13, 14, 15, 16, 17, 18, 19, 20, 21, 22, 30, 24, 25, 26, 27, 28, 29, 23, 31, 32, 33, 34, 35, 36, 37, 38, 39]",2712,"[1, 0, 2, 12, 4, 11, 6, 3, 8, 9, 10, 5, 7, 13, 14, 15, 16, 17, 18, 19, 20, 21, 22, 30, 24, 25, 26, 27, 28, 29, 23, 31, 32, 33, 34, 35, 36, 37, 38, 39]",2712,8.522769927978516
"[1, 0, 2, 12, 4, 11, 6, 3, 8, 9, 10, 5, 7, 13, 14, 15, 16, 17, 18, 19, 20, 21, 22, 30, 24, 25, 26, 27, 28, 29, 23, 31, 32, 33, 34, 35, 36, 37, 38, 39]",2712,"[1, 0, 2, 12, 4, 11, 6, 3, 8, 9, 10, 5, 7, 13, 14, 15, 16, 17, 18, 19, 20, 21, 22, 30, 24, 25, 26, 27, 28, 29, 23, 31, 32, 33, 34, 35, 36, 37, 38, 39]",2712,8.56706190109253
"[1, 0, 2, 12, 4, 11, 6, 3, 8, 9, 10, 5, 7, 13, 14, 15, 16, 17, 18, 19, 20, 21, 22, 30, 24, 25, 26, 27, 28, 29, 23, 31, 32, 33, 34, 35, 36, 37, 38, 39]",2712,"[1, 0, 2, 12, 4, 11, 6, 3, 8, 9, 10, 5, 7, 13, 14, 15, 16, 17, 18, 19, 20, 21, 22, 30, 24, 25, 26, 27, 28, 29, 23, 31, 32, 33, 34, 35, 36, 37, 38, 39]",2712,8.61267876625061
"[1, 0, 2, 12, 4, 11, 6, 3, 8, 9, 10, 5, 7, 13, 14, 15, 16, 17, 18, 19, 20, 21, 22, 30, 24, 25, 26, 27, 28, 29, 23, 31, 32, 33, 34, 35, 36, 37, 38, 39]",2712,"[1, 0, 2, 12, 4, 11, 6, 3, 8, 9, 10, 5, 7, 13, 14, 15, 16, 17, 18, 19, 20, 21, 22, 30, 24, 25, 26, 27, 28, 29, 23, 31, 32, 33, 34, 35, 36, 37, 38, 39]",2712,8.66120195388794
"[1, 0, 2, 12, 4, 11, 6, 3, 8, 9, 10, 5, 7, 13, 14, 15, 16, 17, 18, 19, 20, 21, 22, 30, 24, 25, 26, 27, 28, 29, 23, 31, 32, 33, 34, 35, 36, 37, 38, 39]",2712,"[1, 0, 2, 12, 4, 11, 6, 3, 8, 9, 10, 5, 7, 13, 14, 15, 16, 17, 18, 19, 20, 21, 22, 30, 24, 25, 26, 27, 28, 29, 23, 31, 32, 33, 34, 35, 36, 37, 38, 39]",2712,8.708326816558838
"[1, 0, 2, 12, 4, 11, 6, 3, 8, 9, 10, 5, 7, 13, 14, 15, 16, 17, 18, 19, 20, 21, 22, 30, 24, 25, 26, 27, 28, 29, 23, 31, 32, 33, 34, 35, 36, 37, 38, 39]",2712,"[1, 0, 2, 12, 4, 11, 6, 3, 8, 9, 10, 5, 7, 13, 14, 15, 16, 17, 18, 19, 20, 21, 22, 30, 24, 25, 26, 27, 28, 29, 23, 31, 32, 33, 34, 35, 36, 37, 38, 39]",2712,8.754075765609741
"[1, 0, 2, 12, 4, 11, 6, 3, 8, 9, 10, 5, 7, 13, 14, 15, 16, 17, 18, 19, 20, 21, 22, 30, 24, 25, 26, 27, 28, 29, 23, 31, 32, 33, 34, 35, 36, 37, 38, 39]",2712,"[1, 0, 2, 12, 4, 11, 6, 3, 8, 9, 10, 5, 7, 13, 14, 15, 16, 17, 18, 19, 20, 21, 22, 30, 24, 25, 26, 27, 28, 29, 23, 31, 32, 33, 34, 35, 36, 37, 38, 39]",2712,8.799056768417358
"[1, 0, 2, 12, 4, 11, 6, 3, 8, 9, 10, 5, 7, 13, 14, 15, 16, 17, 18, 19, 20, 21, 22, 30, 24, 25, 26, 27, 28, 29, 23, 31, 32, 33, 34, 35, 36, 37, 38, 39]",2712,"[1, 0, 2, 12, 4, 11, 6, 3, 8, 9, 10, 5, 7, 13, 14, 15, 16, 17, 18, 19, 20, 21, 22, 30, 24, 25, 26, 27, 28, 29, 23, 31, 32, 33, 34, 35, 36, 37, 38, 39]",2712,8.844202995300293
"[1, 0, 2, 12, 4, 11, 6, 3, 8, 9, 10, 5, 7, 13, 14, 15, 16, 17, 18, 19, 20, 21, 22, 30, 24, 25, 26, 27, 28, 29, 23, 31, 32, 33, 34, 35, 36, 37, 38, 39]",2712,"[1, 0, 2, 12, 4, 11, 6, 3, 8, 9, 10, 5, 7, 13, 14, 15, 16, 17, 18, 19, 20, 21, 22, 30, 24, 25, 26, 27, 28, 29, 23, 31, 32, 33, 34, 35, 36, 37, 38, 39]",2712,8.889868021011353
"[1, 0, 2, 12, 4, 11, 6, 3, 8, 9, 10, 5, 7, 13, 14, 15, 16, 17, 18, 19, 20, 21, 22, 30, 24, 25, 26, 27, 28, 29, 23, 31, 32, 33, 34, 35, 36, 37, 38, 39]",2712,"[1, 0, 2, 12, 4, 11, 6, 3, 8, 9, 10, 5, 7, 13, 14, 15, 16, 17, 18, 19, 20, 21, 22, 30, 24, 25, 26, 27, 28, 29, 23, 31, 32, 33, 34, 35, 36, 37, 38, 39]",2712,8.933693885803223
"[1, 0, 2, 12, 4, 11, 6, 3, 8, 9, 10, 5, 7, 13, 14, 15, 16, 17, 18, 19, 20, 21, 22, 30, 24, 25, 26, 27, 28, 29, 23, 31, 32, 33, 34, 35, 36, 37, 38, 39]",2712,"[1, 0, 2, 12, 4, 11, 6, 3, 8, 9, 10, 5, 7, 13, 14, 15, 16, 17, 18, 19, 20, 21, 22, 30, 24, 25, 26, 27, 28, 29, 23, 31, 32, 33, 34, 35, 36, 37, 38, 39]",2712,8.977972984313965
"[1, 0, 2, 12, 4, 11, 6, 3, 8, 9, 10, 5, 7, 13, 14, 15, 16, 17, 18, 19, 20, 21, 22, 30, 24, 25, 26, 27, 28, 29, 23, 31, 32, 33, 34, 35, 36, 37, 38, 39]",2712,"[1, 0, 2, 12, 4, 11, 6, 3, 8, 9, 10, 5, 7, 13, 14, 15, 16, 17, 18, 19, 20, 21, 22, 30, 24, 25, 26, 27, 28, 29, 23, 31, 32, 33, 34, 35, 36, 37, 38, 39]",2712,9.023094892501831
"[1, 0, 2, 12, 4, 11, 6, 3, 8, 9, 10, 5, 7, 13, 14, 15, 16, 17, 18, 19, 20, 21, 22, 30, 24, 25, 26, 27, 28, 29, 23, 31, 32, 33, 34, 35, 36, 37, 38, 39]",2712,"[1, 0, 2, 12, 4, 11, 6, 3, 8, 9, 10, 5, 7, 13, 14, 15, 16, 17, 18, 19, 20, 21, 22, 30, 24, 25, 26, 27, 28, 29, 23, 31, 32, 33, 34, 35, 36, 37, 38, 39]",2712,9.068920850753784
"[1, 0, 2, 12, 4, 11, 6, 3, 8, 9, 10, 5, 7, 13, 14, 15, 16, 17, 18, 19, 20, 21, 22, 30, 24, 25, 26, 27, 28, 29, 23, 31, 32, 33, 34, 35, 36, 37, 38, 39]",2712,"[1, 0, 2, 12, 4, 11, 6, 3, 8, 9, 10, 5, 7, 13, 14, 15, 16, 17, 18, 19, 20, 21, 22, 30, 24, 25, 26, 27, 28, 29, 23, 31, 32, 33, 34, 35, 36, 37, 38, 39]",2712,9.114025831222534
"[1, 0, 2, 12, 4, 11, 6, 3, 8, 9, 10, 5, 7, 13, 14, 15, 16, 17, 18, 19, 20, 21, 22, 30, 24, 25, 26, 27, 28, 29, 23, 31, 32, 33, 34, 35, 36, 37, 38, 39]",2712,"[1, 0, 2, 12, 4, 11, 6, 3, 8, 9, 10, 5, 7, 13, 14, 15, 16, 17, 18, 19, 20, 21, 22, 30, 24, 25, 26, 27, 28, 29, 23, 31, 32, 33, 34, 35, 36, 37, 38, 39]",2712,9.159563064575195
"[1, 0, 2, 12, 4, 11, 6, 3, 8, 9, 10, 5, 7, 13, 14, 15, 16, 17, 18, 19, 20, 21, 22, 30, 24, 25, 26, 27, 28, 29, 23, 31, 32, 33, 34, 35, 36, 37, 38, 39]",2712,"[1, 0, 2, 12, 4, 11, 6, 3, 8, 9, 10, 5, 7, 13, 14, 15, 16, 17, 18, 19, 20, 21, 22, 30, 24, 25, 26, 27, 28, 29, 23, 31, 32, 33, 34, 35, 36, 37, 38, 39]",2712,9.204586029052734
"[1, 0, 2, 12, 4, 11, 6, 3, 8, 9, 10, 5, 7, 13, 14, 15, 16, 17, 18, 19, 20, 21, 22, 30, 24, 25, 26, 27, 28, 29, 23, 31, 32, 33, 34, 35, 36, 37, 38, 39]",2712,"[1, 0, 2, 12, 4, 11, 6, 3, 8, 9, 10, 5, 7, 13, 14, 15, 16, 17, 18, 19, 20, 21, 22, 30, 24, 25, 26, 27, 28, 29, 23, 31, 32, 33, 34, 35, 36, 37, 38, 39]",2712,9.249658823013306
"[1, 0, 2, 12, 4, 11, 6, 3, 8, 9, 10, 5, 7, 13, 14, 15, 16, 17, 18, 19, 20, 21, 22, 30, 24, 25, 26, 27, 28, 29, 23, 31, 32, 33, 34, 35, 36, 37, 38, 39]",2712,"[1, 0, 2, 12, 4, 11, 6, 3, 8, 9, 10, 5, 7, 13, 14, 15, 16, 17, 18, 19, 20, 21, 22, 30, 24, 25, 26, 27, 28, 29, 23, 31, 32, 33, 34, 35, 36, 37, 38, 39]",2712,9.293933868408203
"[1, 0, 2, 12, 4, 11, 6, 3, 8, 9, 10, 5, 7, 13, 14, 15, 16, 17, 18, 19, 20, 21, 22, 30, 24, 25, 26, 27, 28, 29, 23, 31, 32, 33, 34, 35, 36, 37, 38, 39]",2712,"[1, 0, 2, 12, 4, 11, 6, 3, 8, 9, 10, 5, 7, 13, 14, 15, 16, 17, 18, 19, 20, 21, 22, 30, 24, 25, 26, 27, 28, 29, 23, 31, 32, 33, 34, 35, 36, 37, 38, 39]",2712,9.337807893753052
