Sequence,Fitness,Best_sequence,Best_fitness,Time
"[0, 1, 2, 3, 4, 5, 6, 7, 8, 9, 10, 11, 12, 13, 14, 15, 16, 17, 18, 19]",1252.7,"[0, 1, 2, 3, 4, 5, 6, 7, 8, 9, 10, 11, 12, 13, 14, 15, 16, 17, 18, 19]",1252.7,2.6941299438476562e-05
"[0, 1, 2, 3, 4, 5, 6, 7, 8, 9, 10, 11, 12, 13, 14, 15, 16, 17, 18, 19]",1252.7,"[0, 1, 2, 3, 4, 5, 6, 7, 8, 9, 10, 11, 12, 13, 14, 15, 16, 17, 18, 19]",1252.7,0.036618947982788086
"[0, 1, 2, 3, 4, 11, 6, 7, 8, 9, 10, 5, 12, 13, 14, 15, 16, 17, 18, 19]",1232.3,"[0, 1, 2, 3, 4, 11, 6, 7, 8, 9, 10, 5, 12, 13, 14, 15, 16, 17, 18, 19]",1232.3,0.07317805290222168
"[0, 1, 2, 3, 4, 11, 6, 7, 12, 9, 10, 5, 8, 13, 14, 15, 16, 17, 18, 19]",1189.4,"[0, 1, 2, 3, 4, 11, 6, 7, 12, 9, 10, 5, 8, 13, 14, 15, 16, 17, 18, 19]",1189.4,0.10992980003356934
"[0, 1, 2, 3, 4, 11, 6, 7, 12, 9, 10, 5, 8, 13, 14, 15, 16, 17, 18, 19]",1189.4,"[0, 1, 2, 3, 4, 11, 6, 7, 12, 9, 10, 5, 8, 13, 14, 15, 16, 17, 18, 19]",1189.4,0.14796900749206543
"[0, 1, 2, 3, 4, 11, 6, 7, 12, 9, 10, 5, 8, 13, 14, 15, 16, 17, 18, 19]",1189.4,"[0, 1, 2, 3, 4, 11, 6, 7, 12, 9, 10, 5, 8, 13, 14, 15, 16, 17, 18, 19]",1189.4,0.1845569610595703
"[16, 1, 2, 3, 4, 11, 6, 7, 12, 9, 10, 5, 8, 13, 14, 15, 0, 17, 18, 19]",1098.8,"[16, 1, 2, 3, 4, 11, 6, 7, 12, 9, 10, 5, 8, 13, 14, 15, 0, 17, 18, 19]",1098.8,0.2214341163635254
"[16, 1, 2, 3, 4, 11, 6, 7, 12, 9, 10, 5, 8, 13, 14, 15, 0, 17, 18, 19]",1098.8,"[16, 1, 2, 3, 4, 11, 6, 7, 12, 9, 10, 5, 8, 13, 14, 15, 0, 17, 18, 19]",1098.8,0.2579770088195801
"[16, 1, 2, 3, 4, 11, 6, 7, 12, 9, 10, 5, 8, 13, 14, 15, 0, 17, 18, 19]",1098.8,"[16, 1, 2, 3, 4, 11, 6, 7, 12, 9, 10, 5, 8, 13, 14, 15, 0, 17, 18, 19]",1098.8,0.2947959899902344
"[16, 1, 2, 3, 4, 11, 6, 7, 12, 9, 10, 5, 8, 13, 14, 15, 0, 17, 18, 19]",1098.8,"[16, 1, 2, 3, 4, 11, 6, 7, 12, 9, 10, 5, 8, 13, 14, 15, 0, 17, 18, 19]",1098.8,0.3316519260406494
"[16, 1, 2, 3, 4, 18, 6, 7, 12, 9, 10, 5, 8, 13, 14, 15, 0, 17, 11, 19]",1082.95,"[16, 1, 2, 3, 4, 18, 6, 7, 12, 9, 10, 5, 8, 13, 14, 15, 0, 17, 11, 19]",1082.95,0.36838197708129883
"[16, 1, 2, 3, 4, 18, 6, 7, 12, 9, 10, 5, 8, 13, 14, 15, 0, 17, 11, 19]",1082.95,"[16, 1, 2, 3, 4, 18, 6, 7, 12, 9, 10, 5, 8, 13, 14, 15, 0, 17, 11, 19]",1082.95,0.4081919193267822
"[16, 1, 2, 3, 4, 18, 6, 7, 12, 9, 10, 5, 8, 13, 14, 15, 0, 17, 11, 19]",1082.95,"[16, 1, 2, 3, 4, 18, 6, 7, 12, 9, 10, 5, 8, 13, 14, 15, 0, 17, 11, 19]",1082.95,0.44661378860473633
"[16, 1, 2, 3, 4, 18, 6, 7, 12, 9, 10, 5, 8, 13, 14, 15, 0, 17, 11, 19]",1082.95,"[16, 1, 2, 3, 4, 18, 6, 7, 12, 9, 10, 5, 8, 13, 14, 15, 0, 17, 11, 19]",1082.95,0.48369407653808594
"[17, 1, 2, 3, 4, 18, 6, 7, 12, 9, 10, 5, 8, 13, 14, 15, 0, 16, 11, 19]",1082.75,"[17, 1, 2, 3, 4, 18, 6, 7, 12, 9, 10, 5, 8, 13, 14, 15, 0, 16, 11, 19]",1082.75,0.5211849212646484
"[17, 1, 2, 3, 4, 18, 6, 7, 12, 9, 10, 5, 8, 13, 14, 15, 0, 16, 11, 19]",1082.75,"[17, 1, 2, 3, 4, 18, 6, 7, 12, 9, 10, 5, 8, 13, 14, 15, 0, 16, 11, 19]",1082.75,0.5589439868927002
"[17, 1, 2, 3, 4, 18, 6, 7, 12, 9, 10, 5, 8, 13, 14, 15, 0, 16, 11, 19]",1082.75,"[17, 1, 2, 3, 4, 18, 6, 7, 12, 9, 10, 5, 8, 13, 14, 15, 0, 16, 11, 19]",1082.75,0.5973601341247559
"[17, 1, 2, 3, 4, 18, 6, 7, 12, 9, 10, 5, 8, 13, 14, 15, 0, 16, 11, 19]",1082.75,"[17, 1, 2, 3, 4, 18, 6, 7, 12, 9, 10, 5, 8, 13, 14, 15, 0, 16, 11, 19]",1082.75,0.6357269287109375
"[17, 1, 2, 3, 4, 18, 6, 7, 12, 9, 10, 5, 8, 13, 14, 15, 0, 16, 11, 19]",1082.75,"[17, 1, 2, 3, 4, 18, 6, 7, 12, 9, 10, 5, 8, 13, 14, 15, 0, 16, 11, 19]",1082.75,0.6723179817199707
"[17, 1, 2, 3, 4, 18, 6, 7, 12, 9, 10, 5, 8, 13, 14, 15, 0, 16, 11, 19]",1082.75,"[17, 1, 2, 3, 4, 18, 6, 7, 12, 9, 10, 5, 8, 13, 14, 15, 0, 16, 11, 19]",1082.75,0.7084009647369385
"[17, 1, 2, 3, 4, 18, 6, 7, 12, 9, 15, 5, 8, 13, 14, 10, 0, 16, 11, 19]",1082.35,"[17, 1, 2, 3, 4, 18, 6, 7, 12, 9, 15, 5, 8, 13, 14, 10, 0, 16, 11, 19]",1082.35,0.7443077564239502
"[17, 1, 2, 3, 4, 18, 6, 12, 7, 9, 15, 5, 8, 13, 14, 10, 0, 16, 11, 19]",1049.5,"[17, 1, 2, 3, 4, 18, 6, 12, 7, 9, 15, 5, 8, 13, 14, 10, 0, 16, 11, 19]",1049.5,0.7966439723968506
"[17, 1, 2, 6, 4, 18, 3, 12, 7, 9, 15, 5, 8, 13, 14, 10, 0, 16, 11, 19]",1046.85,"[17, 1, 2, 6, 4, 18, 3, 12, 7, 9, 15, 5, 8, 13, 14, 10, 0, 16, 11, 19]",1046.85,0.8333091735839844
"[17, 1, 2, 6, 4, 18, 3, 12, 7, 9, 15, 5, 8, 13, 14, 10, 0, 16, 11, 19]",1046.85,"[17, 1, 2, 6, 4, 18, 3, 12, 7, 9, 15, 5, 8, 13, 14, 10, 0, 16, 11, 19]",1046.85,0.8692898750305176
"[17, 1, 2, 6, 16, 18, 3, 12, 7, 9, 15, 5, 8, 13, 14, 10, 0, 4, 11, 19]",1039.25,"[17, 1, 2, 6, 16, 18, 3, 12, 7, 9, 15, 5, 8, 13, 14, 10, 0, 4, 11, 19]",1039.25,0.9054498672485352
"[17, 1, 2, 6, 16, 18, 3, 12, 7, 9, 15, 5, 8, 13, 14, 10, 0, 4, 11, 19]",1039.25,"[17, 1, 2, 6, 16, 18, 3, 12, 7, 9, 15, 5, 8, 13, 14, 10, 0, 4, 11, 19]",1039.25,0.9414689540863037
"[17, 1, 2, 6, 16, 18, 3, 12, 7, 9, 15, 5, 8, 13, 14, 10, 0, 4, 11, 19]",1039.25,"[17, 1, 2, 6, 16, 18, 3, 12, 7, 9, 15, 5, 8, 13, 14, 10, 0, 4, 11, 19]",1039.25,0.9774529933929443
"[17, 1, 2, 6, 16, 18, 3, 12, 7, 9, 15, 5, 8, 13, 14, 10, 0, 4, 11, 19]",1039.25,"[17, 1, 2, 6, 16, 18, 3, 12, 7, 9, 15, 5, 8, 13, 14, 10, 0, 4, 11, 19]",1039.25,1.0137488842010498
"[17, 1, 2, 6, 16, 18, 3, 12, 7, 9, 15, 5, 8, 13, 14, 10, 0, 4, 11, 19]",1039.25,"[17, 1, 2, 6, 16, 18, 3, 12, 7, 9, 15, 5, 8, 13, 14, 10, 0, 4, 11, 19]",1039.25,1.0496830940246582
"[16, 1, 2, 6, 17, 18, 3, 12, 7, 9, 15, 5, 8, 13, 14, 10, 0, 4, 11, 19]",1036.85,"[16, 1, 2, 6, 17, 18, 3, 12, 7, 9, 15, 5, 8, 13, 14, 10, 0, 4, 11, 19]",1036.85,1.0858490467071533
"[16, 1, 2, 6, 17, 18, 3, 12, 7, 9, 15, 5, 8, 13, 14, 10, 0, 4, 11, 19]",1036.85,"[16, 1, 2, 6, 17, 18, 3, 12, 7, 9, 15, 5, 8, 13, 14, 10, 0, 4, 11, 19]",1036.85,1.121717929840088
"[16, 1, 2, 6, 17, 18, 3, 12, 7, 9, 15, 5, 8, 13, 14, 10, 0, 4, 11, 19]",1036.85,"[16, 1, 2, 6, 17, 18, 3, 12, 7, 9, 15, 5, 8, 13, 14, 10, 0, 4, 11, 19]",1036.85,1.1580650806427002
"[16, 1, 2, 6, 17, 18, 3, 12, 7, 9, 15, 5, 8, 13, 14, 10, 0, 4, 11, 19]",1036.85,"[16, 1, 2, 6, 17, 18, 3, 12, 7, 9, 15, 5, 8, 13, 14, 10, 0, 4, 11, 19]",1036.85,1.194516897201538
"[16, 1, 2, 6, 12, 18, 3, 17, 7, 9, 15, 5, 8, 13, 14, 10, 0, 4, 11, 19]",1012.6,"[16, 1, 2, 6, 12, 18, 3, 17, 7, 9, 15, 5, 8, 13, 14, 10, 0, 4, 11, 19]",1012.6,1.2339601516723633
"[16, 1, 2, 6, 12, 18, 3, 17, 7, 9, 15, 5, 8, 13, 14, 10, 0, 4, 11, 19]",1012.6,"[16, 1, 2, 6, 12, 18, 3, 17, 7, 9, 15, 5, 8, 13, 14, 10, 0, 4, 11, 19]",1012.6,1.269860029220581
"[16, 1, 2, 6, 12, 18, 3, 17, 7, 9, 15, 5, 8, 13, 14, 10, 0, 4, 11, 19]",1012.6,"[16, 1, 2, 6, 12, 18, 3, 17, 7, 9, 15, 5, 8, 13, 14, 10, 0, 4, 11, 19]",1012.6,1.306337833404541
"[16, 1, 2, 6, 12, 18, 3, 17, 7, 9, 15, 5, 8, 13, 14, 10, 0, 4, 11, 19]",1012.6,"[16, 1, 2, 6, 12, 18, 3, 17, 7, 9, 15, 5, 8, 13, 14, 10, 0, 4, 11, 19]",1012.6,1.3420541286468506
"[16, 1, 2, 6, 12, 18, 3, 17, 7, 9, 15, 5, 8, 13, 14, 10, 0, 4, 11, 19]",1012.6,"[16, 1, 2, 6, 12, 18, 3, 17, 7, 9, 15, 5, 8, 13, 14, 10, 0, 4, 11, 19]",1012.6,1.3775839805603027
"[16, 1, 2, 6, 12, 18, 3, 17, 7, 9, 15, 5, 8, 13, 14, 10, 0, 4, 11, 19]",1012.6,"[16, 1, 2, 6, 12, 18, 3, 17, 7, 9, 15, 5, 8, 13, 14, 10, 0, 4, 11, 19]",1012.6,1.4139769077301025
"[16, 1, 2, 6, 12, 18, 3, 17, 7, 9, 15, 5, 8, 13, 14, 10, 0, 4, 11, 19]",1012.6,"[16, 1, 2, 6, 12, 18, 3, 17, 7, 9, 15, 5, 8, 13, 14, 10, 0, 4, 11, 19]",1012.6,1.4495511054992676
"[14, 1, 2, 6, 12, 18, 3, 17, 7, 9, 15, 5, 8, 13, 16, 10, 0, 4, 11, 19]",980.6,"[14, 1, 2, 6, 12, 18, 3, 17, 7, 9, 15, 5, 8, 13, 16, 10, 0, 4, 11, 19]",980.6,1.4850659370422363
"[14, 1, 2, 6, 12, 18, 3, 17, 7, 9, 15, 5, 8, 13, 16, 10, 0, 4, 11, 19]",980.6,"[14, 1, 2, 6, 12, 18, 3, 17, 7, 9, 15, 5, 8, 13, 16, 10, 0, 4, 11, 19]",980.6,1.5203402042388916
"[14, 1, 2, 6, 12, 18, 3, 17, 7, 9, 15, 5, 8, 13, 16, 10, 0, 4, 11, 19]",980.6,"[14, 1, 2, 6, 12, 18, 3, 17, 7, 9, 15, 5, 8, 13, 16, 10, 0, 4, 11, 19]",980.6,1.5553388595581055
"[14, 1, 2, 6, 12, 18, 3, 17, 7, 9, 15, 5, 8, 13, 16, 10, 0, 4, 11, 19]",980.6,"[14, 1, 2, 6, 12, 18, 3, 17, 7, 9, 15, 5, 8, 13, 16, 10, 0, 4, 11, 19]",980.6,1.5907349586486816
"[14, 1, 2, 6, 12, 18, 3, 17, 7, 9, 15, 5, 8, 13, 16, 10, 0, 4, 11, 19]",980.6,"[14, 1, 2, 6, 12, 18, 3, 17, 7, 9, 15, 5, 8, 13, 16, 10, 0, 4, 11, 19]",980.6,1.6255531311035156
"[14, 1, 2, 6, 12, 18, 3, 17, 7, 9, 15, 5, 8, 13, 16, 10, 0, 4, 11, 19]",980.6,"[14, 1, 2, 6, 12, 18, 3, 17, 7, 9, 15, 5, 8, 13, 16, 10, 0, 4, 11, 19]",980.6,1.6602158546447754
"[14, 1, 2, 6, 12, 18, 3, 5, 7, 9, 15, 17, 8, 13, 16, 10, 0, 4, 11, 19]",977.0,"[14, 1, 2, 6, 12, 18, 3, 5, 7, 9, 15, 17, 8, 13, 16, 10, 0, 4, 11, 19]",977.0,1.6950948238372803
"[14, 1, 2, 6, 12, 18, 3, 5, 7, 9, 15, 17, 8, 13, 16, 10, 0, 4, 11, 19]",977.0,"[14, 1, 2, 6, 12, 18, 3, 5, 7, 9, 15, 17, 8, 13, 16, 10, 0, 4, 11, 19]",977.0,1.7304668426513672
"[14, 1, 2, 6, 12, 18, 3, 5, 7, 9, 15, 8, 17, 13, 16, 10, 0, 4, 11, 19]",972.25,"[14, 1, 2, 6, 12, 18, 3, 5, 7, 9, 15, 8, 17, 13, 16, 10, 0, 4, 11, 19]",972.25,1.7692718505859375
"[14, 1, 2, 6, 12, 18, 3, 5, 7, 9, 15, 8, 17, 13, 16, 10, 0, 4, 11, 19]",972.25,"[14, 1, 2, 6, 12, 18, 3, 5, 7, 9, 15, 8, 17, 13, 16, 10, 0, 4, 11, 19]",972.25,1.8056528568267822
"[14, 1, 2, 6, 12, 18, 3, 5, 7, 9, 15, 8, 17, 13, 16, 10, 0, 4, 11, 19]",972.25,"[14, 1, 2, 6, 12, 18, 3, 5, 7, 9, 15, 8, 17, 13, 16, 10, 0, 4, 11, 19]",972.25,1.8420579433441162
"[14, 1, 2, 6, 12, 18, 3, 5, 7, 9, 15, 8, 17, 13, 16, 10, 0, 4, 11, 19]",972.25,"[14, 1, 2, 6, 12, 18, 3, 5, 7, 9, 15, 8, 17, 13, 16, 10, 0, 4, 11, 19]",972.25,1.8775110244750977
"[14, 1, 2, 6, 12, 18, 3, 5, 7, 9, 15, 8, 17, 13, 16, 10, 0, 4, 11, 19]",972.25,"[14, 1, 2, 6, 12, 18, 3, 5, 7, 9, 15, 8, 17, 13, 16, 10, 0, 4, 11, 19]",972.25,1.912268877029419
"[14, 1, 2, 6, 12, 18, 3, 5, 7, 9, 15, 8, 17, 13, 16, 10, 0, 4, 11, 19]",972.25,"[14, 1, 2, 6, 12, 18, 3, 5, 7, 9, 15, 8, 17, 13, 16, 10, 0, 4, 11, 19]",972.25,1.9485008716583252
"[14, 1, 2, 6, 12, 18, 3, 5, 7, 9, 15, 8, 17, 13, 16, 10, 0, 4, 11, 19]",972.25,"[14, 1, 2, 6, 12, 18, 3, 5, 7, 9, 15, 8, 17, 13, 16, 10, 0, 4, 11, 19]",972.25,1.9852049350738525
"[14, 1, 2, 6, 12, 18, 3, 5, 7, 9, 15, 8, 17, 13, 16, 10, 0, 4, 11, 19]",972.25,"[14, 1, 2, 6, 12, 18, 3, 5, 7, 9, 15, 8, 17, 13, 16, 10, 0, 4, 11, 19]",972.25,2.022279977798462
"[14, 1, 2, 6, 12, 18, 3, 5, 7, 9, 15, 8, 17, 13, 16, 10, 0, 4, 11, 19]",972.25,"[14, 1, 2, 6, 12, 18, 3, 5, 7, 9, 15, 8, 17, 13, 16, 10, 0, 4, 11, 19]",972.25,2.059385061264038
"[14, 1, 2, 6, 12, 18, 3, 5, 7, 9, 15, 8, 17, 13, 16, 10, 0, 4, 11, 19]",972.25,"[14, 1, 2, 6, 12, 18, 3, 5, 7, 9, 15, 8, 17, 13, 16, 10, 0, 4, 11, 19]",972.25,2.0950000286102295
"[14, 1, 2, 6, 12, 18, 3, 5, 7, 9, 15, 8, 17, 13, 16, 10, 0, 4, 11, 19]",972.25,"[14, 1, 2, 6, 12, 18, 3, 5, 7, 9, 15, 8, 17, 13, 16, 10, 0, 4, 11, 19]",972.25,2.1301469802856445
"[14, 1, 2, 6, 12, 18, 3, 5, 7, 9, 15, 8, 17, 13, 16, 10, 0, 4, 11, 19]",972.25,"[14, 1, 2, 6, 12, 18, 3, 5, 7, 9, 15, 8, 17, 13, 16, 10, 0, 4, 11, 19]",972.25,2.1656811237335205
"[14, 1, 2, 6, 12, 18, 3, 5, 7, 9, 15, 8, 17, 13, 16, 10, 0, 4, 11, 19]",972.25,"[14, 1, 2, 6, 12, 18, 3, 5, 7, 9, 15, 8, 17, 13, 16, 10, 0, 4, 11, 19]",972.25,2.200697898864746
"[14, 1, 2, 6, 12, 18, 3, 5, 7, 9, 15, 8, 17, 13, 16, 10, 0, 4, 11, 19]",972.25,"[14, 1, 2, 6, 12, 18, 3, 5, 7, 9, 15, 8, 17, 13, 16, 10, 0, 4, 11, 19]",972.25,2.235883951187134
"[14, 1, 2, 6, 12, 18, 3, 5, 7, 9, 15, 8, 17, 13, 16, 10, 0, 4, 11, 19]",972.25,"[14, 1, 2, 6, 12, 18, 3, 5, 7, 9, 15, 8, 17, 13, 16, 10, 0, 4, 11, 19]",972.25,2.2715299129486084
"[14, 1, 2, 6, 12, 18, 3, 5, 7, 9, 15, 8, 17, 13, 16, 10, 0, 4, 11, 19]",972.25,"[14, 1, 2, 6, 12, 18, 3, 5, 7, 9, 15, 8, 17, 13, 16, 10, 0, 4, 11, 19]",972.25,2.306648015975952
"[14, 1, 2, 6, 12, 18, 3, 5, 7, 9, 15, 8, 17, 13, 16, 10, 0, 4, 11, 19]",972.25,"[14, 1, 2, 6, 12, 18, 3, 5, 7, 9, 15, 8, 17, 13, 16, 10, 0, 4, 11, 19]",972.25,2.358119010925293
"[14, 1, 2, 6, 12, 18, 3, 5, 7, 9, 15, 8, 17, 13, 16, 10, 0, 4, 11, 19]",972.25,"[14, 1, 2, 6, 12, 18, 3, 5, 7, 9, 15, 8, 17, 13, 16, 10, 0, 4, 11, 19]",972.25,2.39437198638916
"[14, 1, 2, 6, 12, 18, 3, 5, 7, 9, 15, 8, 17, 13, 16, 10, 0, 4, 11, 19]",972.25,"[14, 1, 2, 6, 12, 18, 3, 5, 7, 9, 15, 8, 17, 13, 16, 10, 0, 4, 11, 19]",972.25,2.4304628372192383
"[14, 1, 2, 6, 12, 18, 3, 5, 7, 9, 15, 8, 17, 13, 16, 10, 0, 4, 11, 19]",972.25,"[14, 1, 2, 6, 12, 18, 3, 5, 7, 9, 15, 8, 17, 13, 16, 10, 0, 4, 11, 19]",972.25,2.4670989513397217
"[14, 1, 2, 6, 12, 18, 3, 5, 7, 9, 15, 8, 17, 13, 16, 10, 0, 4, 11, 19]",972.25,"[14, 1, 2, 6, 12, 18, 3, 5, 7, 9, 15, 8, 17, 13, 16, 10, 0, 4, 11, 19]",972.25,2.5020880699157715
"[14, 1, 2, 6, 12, 18, 3, 5, 7, 9, 15, 8, 17, 13, 16, 10, 0, 4, 11, 19]",972.25,"[14, 1, 2, 6, 12, 18, 3, 5, 7, 9, 15, 8, 17, 13, 16, 10, 0, 4, 11, 19]",972.25,2.537461996078491
"[14, 1, 2, 6, 12, 18, 3, 5, 7, 9, 15, 8, 17, 13, 16, 10, 0, 4, 11, 19]",972.25,"[14, 1, 2, 6, 12, 18, 3, 5, 7, 9, 15, 8, 17, 13, 16, 10, 0, 4, 11, 19]",972.25,2.573158025741577
"[14, 1, 2, 6, 12, 18, 3, 5, 7, 9, 15, 8, 17, 13, 16, 10, 0, 4, 11, 19]",972.25,"[14, 1, 2, 6, 12, 18, 3, 5, 7, 9, 15, 8, 17, 13, 16, 10, 0, 4, 11, 19]",972.25,2.608638048171997
"[5, 1, 2, 6, 12, 18, 3, 14, 7, 9, 15, 8, 17, 13, 16, 10, 0, 4, 11, 19]",942.2,"[5, 1, 2, 6, 12, 18, 3, 14, 7, 9, 15, 8, 17, 13, 16, 10, 0, 4, 11, 19]",942.2,2.6437649726867676
"[5, 1, 2, 6, 12, 18, 3, 14, 7, 9, 15, 8, 17, 13, 16, 10, 0, 4, 11, 19]",942.2,"[5, 1, 2, 6, 12, 18, 3, 14, 7, 9, 15, 8, 17, 13, 16, 10, 0, 4, 11, 19]",942.2,2.6790060997009277
"[5, 1, 2, 6, 12, 18, 3, 14, 7, 9, 15, 8, 17, 13, 16, 10, 0, 4, 11, 19]",942.2,"[5, 1, 2, 6, 12, 18, 3, 14, 7, 9, 15, 8, 17, 13, 16, 10, 0, 4, 11, 19]",942.2,2.71553897857666
"[5, 1, 2, 6, 12, 18, 3, 14, 7, 9, 15, 8, 17, 13, 16, 10, 0, 4, 11, 19]",942.2,"[5, 1, 2, 6, 12, 18, 3, 14, 7, 9, 15, 8, 17, 13, 16, 10, 0, 4, 11, 19]",942.2,2.751749038696289
"[5, 1, 2, 6, 12, 18, 3, 14, 7, 9, 15, 8, 17, 13, 16, 10, 0, 4, 11, 19]",942.2,"[5, 1, 2, 6, 12, 18, 3, 14, 7, 9, 15, 8, 17, 13, 16, 10, 0, 4, 11, 19]",942.2,2.7882959842681885
"[5, 1, 2, 6, 12, 18, 3, 14, 7, 9, 15, 8, 17, 13, 16, 10, 0, 4, 11, 19]",942.2,"[5, 1, 2, 6, 12, 18, 3, 14, 7, 9, 15, 8, 17, 13, 16, 10, 0, 4, 11, 19]",942.2,2.823599100112915
"[5, 1, 2, 6, 12, 18, 3, 14, 7, 9, 15, 8, 17, 13, 16, 10, 0, 4, 11, 19]",942.2,"[5, 1, 2, 6, 12, 18, 3, 14, 7, 9, 15, 8, 17, 13, 16, 10, 0, 4, 11, 19]",942.2,2.8587849140167236
"[5, 1, 2, 6, 12, 18, 3, 14, 7, 9, 15, 8, 17, 13, 16, 10, 0, 4, 11, 19]",942.2,"[5, 1, 2, 6, 12, 18, 3, 14, 7, 9, 15, 8, 17, 13, 16, 10, 0, 4, 11, 19]",942.2,2.8948869705200195
"[5, 1, 2, 6, 12, 18, 3, 14, 7, 9, 15, 8, 17, 13, 16, 10, 0, 4, 11, 19]",942.2,"[5, 1, 2, 6, 12, 18, 3, 14, 7, 9, 15, 8, 17, 13, 16, 10, 0, 4, 11, 19]",942.2,2.93027400970459
"[5, 1, 2, 6, 12, 18, 3, 14, 7, 9, 15, 8, 17, 13, 16, 10, 0, 4, 11, 19]",942.2,"[5, 1, 2, 6, 12, 18, 3, 14, 7, 9, 15, 8, 17, 13, 16, 10, 0, 4, 11, 19]",942.2,2.9653968811035156
"[5, 1, 2, 6, 12, 18, 3, 14, 7, 9, 15, 8, 17, 13, 16, 10, 0, 4, 11, 19]",942.2,"[5, 1, 2, 6, 12, 18, 3, 14, 7, 9, 15, 8, 17, 13, 16, 10, 0, 4, 11, 19]",942.2,3.00028395652771
"[5, 1, 2, 6, 12, 18, 3, 14, 7, 9, 15, 8, 17, 13, 16, 10, 0, 4, 11, 19]",942.2,"[5, 1, 2, 6, 12, 18, 3, 14, 7, 9, 15, 8, 17, 13, 16, 10, 0, 4, 11, 19]",942.2,3.0356850624084473
"[5, 1, 2, 6, 12, 18, 3, 14, 7, 9, 15, 8, 17, 13, 16, 10, 0, 4, 11, 19]",942.2,"[5, 1, 2, 6, 12, 18, 3, 14, 7, 9, 15, 8, 17, 13, 16, 10, 0, 4, 11, 19]",942.2,3.070695161819458
"[5, 1, 2, 6, 12, 18, 3, 14, 7, 9, 15, 8, 17, 13, 16, 10, 0, 4, 11, 19]",942.2,"[5, 1, 2, 6, 12, 18, 3, 14, 7, 9, 15, 8, 17, 13, 16, 10, 0, 4, 11, 19]",942.2,3.1058220863342285
"[5, 1, 2, 6, 12, 18, 3, 14, 7, 9, 15, 8, 17, 13, 16, 10, 0, 4, 11, 19]",942.2,"[5, 1, 2, 6, 12, 18, 3, 14, 7, 9, 15, 8, 17, 13, 16, 10, 0, 4, 11, 19]",942.2,3.141134023666382
"[5, 1, 2, 6, 12, 18, 3, 14, 7, 9, 15, 8, 17, 13, 16, 10, 0, 4, 11, 19]",942.2,"[5, 1, 2, 6, 12, 18, 3, 14, 7, 9, 15, 8, 17, 13, 16, 10, 0, 4, 11, 19]",942.2,3.1774380207061768
"[5, 1, 2, 6, 12, 18, 3, 14, 7, 9, 15, 8, 17, 13, 16, 10, 0, 4, 11, 19]",942.2,"[5, 1, 2, 6, 12, 18, 3, 14, 7, 9, 15, 8, 17, 13, 16, 10, 0, 4, 11, 19]",942.2,3.212596893310547
"[5, 1, 2, 6, 12, 18, 3, 14, 7, 9, 15, 8, 17, 13, 16, 10, 0, 4, 11, 19]",942.2,"[5, 1, 2, 6, 12, 18, 3, 14, 7, 9, 15, 8, 17, 13, 16, 10, 0, 4, 11, 19]",942.2,3.2478911876678467
"[5, 1, 2, 6, 12, 18, 3, 14, 7, 9, 15, 8, 17, 13, 16, 10, 0, 4, 11, 19]",942.2,"[5, 1, 2, 6, 12, 18, 3, 14, 7, 9, 15, 8, 17, 13, 16, 10, 0, 4, 11, 19]",942.2,3.2855331897735596
"[5, 1, 2, 6, 12, 18, 3, 14, 7, 9, 15, 8, 17, 13, 16, 10, 0, 4, 11, 19]",942.2,"[5, 1, 2, 6, 12, 18, 3, 14, 7, 9, 15, 8, 17, 13, 16, 10, 0, 4, 11, 19]",942.2,3.3229100704193115
"[5, 1, 2, 6, 12, 18, 3, 14, 7, 9, 15, 8, 17, 13, 16, 10, 0, 4, 11, 19]",942.2,"[5, 1, 2, 6, 12, 18, 3, 14, 7, 9, 15, 8, 17, 13, 16, 10, 0, 4, 11, 19]",942.2,3.358825922012329
"[5, 1, 2, 6, 12, 18, 3, 14, 7, 9, 15, 8, 17, 13, 16, 10, 0, 4, 11, 19]",942.2,"[5, 1, 2, 6, 12, 18, 3, 14, 7, 9, 15, 8, 17, 13, 16, 10, 0, 4, 11, 19]",942.2,3.394451141357422
"[5, 1, 2, 6, 12, 18, 3, 14, 7, 9, 15, 8, 17, 13, 16, 10, 0, 4, 11, 19]",942.2,"[5, 1, 2, 6, 12, 18, 3, 14, 7, 9, 15, 8, 17, 13, 16, 10, 0, 4, 11, 19]",942.2,3.4299380779266357
"[5, 1, 2, 6, 12, 18, 3, 14, 7, 9, 15, 8, 17, 13, 16, 10, 0, 4, 11, 19]",942.2,"[5, 1, 2, 6, 12, 18, 3, 14, 7, 9, 15, 8, 17, 13, 16, 10, 0, 4, 11, 19]",942.2,3.464963912963867
"[5, 1, 2, 6, 12, 18, 3, 14, 7, 9, 15, 8, 17, 13, 16, 10, 0, 4, 11, 19]",942.2,"[5, 1, 2, 6, 12, 18, 3, 14, 7, 9, 15, 8, 17, 13, 16, 10, 0, 4, 11, 19]",942.2,3.50016188621521
"[5, 1, 2, 6, 12, 18, 3, 14, 7, 9, 15, 8, 17, 13, 16, 10, 0, 4, 11, 19]",942.2,"[5, 1, 2, 6, 12, 18, 3, 14, 7, 9, 15, 8, 17, 13, 16, 10, 0, 4, 11, 19]",942.2,3.5369350910186768
"[5, 1, 2, 6, 12, 18, 3, 14, 7, 9, 15, 8, 17, 13, 16, 10, 0, 4, 11, 19]",942.2,"[5, 1, 2, 6, 12, 18, 3, 14, 7, 9, 15, 8, 17, 13, 16, 10, 0, 4, 11, 19]",942.2,3.572577953338623
"[5, 1, 2, 6, 12, 18, 3, 14, 7, 9, 15, 8, 17, 13, 16, 10, 0, 4, 11, 19]",942.2,"[5, 1, 2, 6, 12, 18, 3, 14, 7, 9, 15, 8, 17, 13, 16, 10, 0, 4, 11, 19]",942.2,3.6083130836486816
"[5, 1, 2, 6, 12, 18, 3, 14, 7, 9, 15, 8, 17, 13, 16, 10, 0, 4, 11, 19]",942.2,"[5, 1, 2, 6, 12, 18, 3, 14, 7, 9, 15, 8, 17, 13, 16, 10, 0, 4, 11, 19]",942.2,3.6436240673065186
"[5, 1, 2, 6, 12, 18, 3, 14, 7, 9, 15, 8, 17, 13, 16, 10, 0, 4, 11, 19]",942.2,"[5, 1, 2, 6, 12, 18, 3, 14, 7, 9, 15, 8, 17, 13, 16, 10, 0, 4, 11, 19]",942.2,3.6786930561065674
"[5, 1, 2, 6, 12, 18, 3, 14, 7, 9, 15, 8, 17, 13, 16, 10, 0, 4, 11, 19]",942.2,"[5, 1, 2, 6, 12, 18, 3, 14, 7, 9, 15, 8, 17, 13, 16, 10, 0, 4, 11, 19]",942.2,3.7141849994659424
"[5, 1, 2, 6, 12, 18, 3, 14, 7, 9, 15, 8, 17, 13, 16, 10, 0, 4, 11, 19]",942.2,"[5, 1, 2, 6, 12, 18, 3, 14, 7, 9, 15, 8, 17, 13, 16, 10, 0, 4, 11, 19]",942.2,3.749242067337036
"[5, 1, 2, 6, 12, 18, 3, 14, 7, 9, 15, 8, 17, 13, 16, 10, 0, 4, 11, 19]",942.2,"[5, 1, 2, 6, 12, 18, 3, 14, 7, 9, 15, 8, 17, 13, 16, 10, 0, 4, 11, 19]",942.2,3.784291982650757
"[5, 1, 2, 6, 12, 18, 3, 14, 7, 9, 15, 8, 17, 13, 16, 10, 0, 4, 11, 19]",942.2,"[5, 1, 2, 6, 12, 18, 3, 14, 7, 9, 15, 8, 17, 13, 16, 10, 0, 4, 11, 19]",942.2,3.8195340633392334
"[5, 1, 2, 6, 12, 18, 3, 14, 7, 9, 15, 8, 17, 13, 16, 10, 0, 4, 11, 19]",942.2,"[5, 1, 2, 6, 12, 18, 3, 14, 7, 9, 15, 8, 17, 13, 16, 10, 0, 4, 11, 19]",942.2,3.8594579696655273
"[5, 1, 2, 6, 12, 18, 3, 14, 7, 9, 15, 8, 17, 13, 16, 10, 0, 4, 11, 19]",942.2,"[5, 1, 2, 6, 12, 18, 3, 14, 7, 9, 15, 8, 17, 13, 16, 10, 0, 4, 11, 19]",942.2,3.9156570434570312
"[5, 1, 2, 6, 12, 18, 3, 14, 7, 9, 15, 8, 17, 13, 16, 10, 0, 4, 11, 19]",942.2,"[5, 1, 2, 6, 12, 18, 3, 14, 7, 9, 15, 8, 17, 13, 16, 10, 0, 4, 11, 19]",942.2,3.95131778717041
"[5, 1, 2, 6, 12, 18, 3, 14, 7, 9, 15, 8, 17, 13, 16, 10, 0, 4, 11, 19]",942.2,"[5, 1, 2, 6, 12, 18, 3, 14, 7, 9, 15, 8, 17, 13, 16, 10, 0, 4, 11, 19]",942.2,3.9868462085723877
"[5, 1, 2, 6, 12, 18, 3, 14, 7, 9, 15, 8, 17, 13, 16, 10, 0, 4, 11, 19]",942.2,"[5, 1, 2, 6, 12, 18, 3, 14, 7, 9, 15, 8, 17, 13, 16, 10, 0, 4, 11, 19]",942.2,4.023053884506226
"[5, 1, 2, 6, 12, 18, 3, 14, 7, 9, 15, 8, 17, 13, 16, 10, 0, 4, 11, 19]",942.2,"[5, 1, 2, 6, 12, 18, 3, 14, 7, 9, 15, 8, 17, 13, 16, 10, 0, 4, 11, 19]",942.2,4.059043884277344
"[5, 1, 2, 6, 12, 18, 3, 14, 7, 9, 15, 8, 17, 13, 16, 10, 0, 4, 11, 19]",942.2,"[5, 1, 2, 6, 12, 18, 3, 14, 7, 9, 15, 8, 17, 13, 16, 10, 0, 4, 11, 19]",942.2,4.094333171844482
"[5, 1, 2, 6, 12, 18, 3, 14, 7, 9, 15, 8, 17, 13, 16, 10, 0, 4, 11, 19]",942.2,"[5, 1, 2, 6, 12, 18, 3, 14, 7, 9, 15, 8, 17, 13, 16, 10, 0, 4, 11, 19]",942.2,4.129424095153809
"[5, 1, 2, 6, 12, 18, 3, 14, 7, 9, 15, 8, 17, 13, 16, 10, 0, 4, 11, 19]",942.2,"[5, 1, 2, 6, 12, 18, 3, 14, 7, 9, 15, 8, 17, 13, 16, 10, 0, 4, 11, 19]",942.2,4.166384935379028
"[5, 1, 2, 6, 12, 18, 3, 14, 7, 9, 15, 8, 17, 13, 16, 10, 0, 4, 11, 19]",942.2,"[5, 1, 2, 6, 12, 18, 3, 14, 7, 9, 15, 8, 17, 13, 16, 10, 0, 4, 11, 19]",942.2,4.202391862869263
"[5, 1, 2, 6, 12, 18, 3, 14, 7, 9, 15, 8, 17, 13, 16, 10, 0, 4, 11, 19]",942.2,"[5, 1, 2, 6, 12, 18, 3, 14, 7, 9, 15, 8, 17, 13, 16, 10, 0, 4, 11, 19]",942.2,4.237981081008911
"[5, 1, 2, 6, 12, 18, 3, 14, 7, 9, 15, 8, 17, 13, 16, 10, 0, 4, 11, 19]",942.2,"[5, 1, 2, 6, 12, 18, 3, 14, 7, 9, 15, 8, 17, 13, 16, 10, 0, 4, 11, 19]",942.2,4.273328065872192
"[5, 1, 2, 6, 12, 18, 3, 14, 7, 9, 15, 8, 17, 13, 16, 10, 0, 4, 11, 19]",942.2,"[5, 1, 2, 6, 12, 18, 3, 14, 7, 9, 15, 8, 17, 13, 16, 10, 0, 4, 11, 19]",942.2,4.309190034866333
"[5, 1, 2, 6, 12, 18, 3, 14, 7, 9, 15, 8, 17, 13, 16, 10, 0, 4, 11, 19]",942.2,"[5, 1, 2, 6, 12, 18, 3, 14, 7, 9, 15, 8, 17, 13, 16, 10, 0, 4, 11, 19]",942.2,4.344465970993042
"[5, 1, 2, 6, 12, 18, 3, 14, 7, 9, 15, 8, 17, 13, 16, 10, 0, 4, 11, 19]",942.2,"[5, 1, 2, 6, 12, 18, 3, 14, 7, 9, 15, 8, 17, 13, 16, 10, 0, 4, 11, 19]",942.2,4.380047082901001
"[5, 1, 2, 6, 12, 18, 3, 14, 7, 9, 15, 8, 17, 13, 16, 10, 0, 4, 11, 19]",942.2,"[5, 1, 2, 6, 12, 18, 3, 14, 7, 9, 15, 8, 17, 13, 16, 10, 0, 4, 11, 19]",942.2,4.415399074554443
"[5, 1, 2, 6, 12, 18, 3, 14, 7, 9, 15, 8, 17, 13, 16, 10, 0, 4, 11, 19]",942.2,"[5, 1, 2, 6, 12, 18, 3, 14, 7, 9, 15, 8, 17, 13, 16, 10, 0, 4, 11, 19]",942.2,4.451495170593262
"[5, 1, 2, 6, 12, 18, 3, 14, 7, 9, 15, 8, 17, 13, 16, 10, 0, 4, 11, 19]",942.2,"[5, 1, 2, 6, 12, 18, 3, 14, 7, 9, 15, 8, 17, 13, 16, 10, 0, 4, 11, 19]",942.2,4.4876909255981445
"[5, 1, 2, 6, 12, 18, 3, 14, 7, 9, 15, 8, 17, 13, 16, 10, 0, 4, 11, 19]",942.2,"[5, 1, 2, 6, 12, 18, 3, 14, 7, 9, 15, 8, 17, 13, 16, 10, 0, 4, 11, 19]",942.2,4.523546934127808
"[5, 1, 2, 6, 12, 18, 3, 14, 7, 9, 15, 8, 17, 13, 16, 10, 0, 4, 11, 19]",942.2,"[5, 1, 2, 6, 12, 18, 3, 14, 7, 9, 15, 8, 17, 13, 16, 10, 0, 4, 11, 19]",942.2,4.559593200683594
"[5, 1, 2, 6, 12, 18, 3, 14, 7, 9, 15, 8, 17, 13, 16, 10, 0, 4, 11, 19]",942.2,"[5, 1, 2, 6, 12, 18, 3, 14, 7, 9, 15, 8, 17, 13, 16, 10, 0, 4, 11, 19]",942.2,4.595113039016724
"[5, 1, 2, 6, 12, 18, 3, 14, 7, 9, 15, 8, 17, 13, 16, 10, 0, 4, 11, 19]",942.2,"[5, 1, 2, 6, 12, 18, 3, 14, 7, 9, 15, 8, 17, 13, 16, 10, 0, 4, 11, 19]",942.2,4.630691051483154
"[5, 1, 2, 6, 12, 18, 3, 14, 7, 9, 15, 8, 17, 13, 16, 10, 0, 4, 11, 19]",942.2,"[5, 1, 2, 6, 12, 18, 3, 14, 7, 9, 15, 8, 17, 13, 16, 10, 0, 4, 11, 19]",942.2,4.66580605506897
"[5, 1, 2, 6, 12, 18, 3, 14, 7, 9, 15, 8, 17, 13, 16, 10, 0, 4, 11, 19]",942.2,"[5, 1, 2, 6, 12, 18, 3, 14, 7, 9, 15, 8, 17, 13, 16, 10, 0, 4, 11, 19]",942.2,4.703162908554077
"[5, 1, 2, 6, 12, 18, 3, 14, 7, 9, 15, 8, 17, 13, 16, 10, 0, 4, 11, 19]",942.2,"[5, 1, 2, 6, 12, 18, 3, 14, 7, 9, 15, 8, 17, 13, 16, 10, 0, 4, 11, 19]",942.2,4.738667964935303
"[5, 1, 2, 6, 12, 18, 3, 14, 7, 9, 15, 8, 17, 13, 16, 10, 0, 4, 11, 19]",942.2,"[5, 1, 2, 6, 12, 18, 3, 14, 7, 9, 15, 8, 17, 13, 16, 10, 0, 4, 11, 19]",942.2,4.7738001346588135
"[5, 1, 2, 6, 12, 18, 3, 14, 7, 9, 15, 8, 17, 13, 16, 10, 0, 4, 11, 19]",942.2,"[5, 1, 2, 6, 12, 18, 3, 14, 7, 9, 15, 8, 17, 13, 16, 10, 0, 4, 11, 19]",942.2,4.808944940567017
"[5, 1, 2, 6, 12, 18, 3, 14, 7, 9, 15, 8, 17, 13, 16, 10, 0, 4, 11, 19]",942.2,"[5, 1, 2, 6, 12, 18, 3, 14, 7, 9, 15, 8, 17, 13, 16, 10, 0, 4, 11, 19]",942.2,4.844278812408447
"[5, 1, 2, 6, 12, 18, 3, 14, 7, 9, 15, 8, 17, 13, 16, 10, 0, 4, 11, 19]",942.2,"[5, 1, 2, 6, 12, 18, 3, 14, 7, 9, 15, 8, 17, 13, 16, 10, 0, 4, 11, 19]",942.2,4.879884958267212
"[5, 1, 2, 6, 12, 18, 3, 14, 7, 9, 15, 8, 17, 13, 16, 10, 0, 4, 11, 19]",942.2,"[5, 1, 2, 6, 12, 18, 3, 14, 7, 9, 15, 8, 17, 13, 16, 10, 0, 4, 11, 19]",942.2,4.9149558544158936
"[5, 1, 2, 6, 12, 18, 3, 14, 7, 9, 15, 8, 17, 13, 16, 10, 0, 4, 11, 19]",942.2,"[5, 1, 2, 6, 12, 18, 3, 14, 7, 9, 15, 8, 17, 13, 16, 10, 0, 4, 11, 19]",942.2,4.949913024902344
"[5, 1, 2, 6, 12, 18, 3, 17, 7, 9, 15, 8, 14, 13, 16, 10, 0, 4, 11, 19]",942.15,"[5, 1, 2, 6, 12, 18, 3, 17, 7, 9, 15, 8, 14, 13, 16, 10, 0, 4, 11, 19]",942.15,4.984711170196533
"[5, 1, 2, 6, 12, 18, 3, 17, 7, 9, 15, 8, 14, 13, 16, 10, 0, 4, 11, 19]",942.15,"[5, 1, 2, 6, 12, 18, 3, 17, 7, 9, 15, 8, 14, 13, 16, 10, 0, 4, 11, 19]",942.15,5.020363807678223
"[5, 1, 2, 6, 12, 18, 3, 17, 7, 9, 15, 8, 14, 13, 16, 10, 0, 4, 11, 19]",942.15,"[5, 1, 2, 6, 12, 18, 3, 17, 7, 9, 15, 8, 14, 13, 16, 10, 0, 4, 11, 19]",942.15,5.056175947189331
"[5, 1, 2, 6, 12, 18, 3, 17, 7, 9, 15, 8, 14, 13, 16, 10, 0, 4, 11, 19]",942.15,"[5, 1, 2, 6, 12, 18, 3, 17, 7, 9, 15, 8, 14, 13, 16, 10, 0, 4, 11, 19]",942.15,5.0921950340271
"[5, 1, 2, 6, 12, 18, 3, 17, 7, 9, 15, 8, 14, 13, 16, 10, 0, 4, 11, 19]",942.15,"[5, 1, 2, 6, 12, 18, 3, 17, 7, 9, 15, 8, 14, 13, 16, 10, 0, 4, 11, 19]",942.15,5.129877805709839
"[5, 1, 2, 6, 12, 18, 3, 17, 7, 9, 15, 8, 14, 13, 16, 10, 0, 4, 11, 19]",942.15,"[5, 1, 2, 6, 12, 18, 3, 17, 7, 9, 15, 8, 14, 13, 16, 10, 0, 4, 11, 19]",942.15,5.166517972946167
"[5, 1, 2, 6, 12, 9, 3, 17, 7, 18, 15, 8, 14, 13, 16, 10, 0, 4, 11, 19]",934.15,"[5, 1, 2, 6, 12, 9, 3, 17, 7, 18, 15, 8, 14, 13, 16, 10, 0, 4, 11, 19]",934.15,5.2032270431518555
"[5, 1, 2, 6, 12, 9, 3, 17, 7, 18, 15, 8, 14, 13, 16, 10, 0, 4, 11, 19]",934.15,"[5, 1, 2, 6, 12, 9, 3, 17, 7, 18, 15, 8, 14, 13, 16, 10, 0, 4, 11, 19]",934.15,5.241608142852783
"[5, 1, 2, 6, 12, 9, 3, 17, 7, 18, 15, 8, 14, 13, 16, 10, 0, 4, 11, 19]",934.15,"[5, 1, 2, 6, 12, 9, 3, 17, 7, 18, 15, 8, 14, 13, 16, 10, 0, 4, 11, 19]",934.15,5.277889966964722
"[5, 1, 2, 6, 12, 9, 3, 17, 7, 18, 15, 8, 14, 13, 16, 10, 0, 4, 11, 19]",934.15,"[5, 1, 2, 6, 12, 9, 3, 17, 7, 18, 15, 8, 14, 13, 16, 10, 0, 4, 11, 19]",934.15,5.314134836196899
"[5, 1, 2, 6, 12, 9, 3, 17, 7, 18, 15, 8, 14, 13, 16, 10, 0, 4, 11, 19]",934.15,"[5, 1, 2, 6, 12, 9, 3, 17, 7, 18, 15, 8, 14, 13, 16, 10, 0, 4, 11, 19]",934.15,5.3503358364105225
"[5, 1, 2, 6, 12, 9, 3, 17, 7, 18, 15, 8, 14, 13, 16, 10, 0, 4, 11, 19]",934.15,"[5, 1, 2, 6, 12, 9, 3, 17, 7, 18, 15, 8, 14, 13, 16, 10, 0, 4, 11, 19]",934.15,5.3871259689331055
"[5, 1, 2, 6, 12, 9, 3, 17, 7, 18, 15, 8, 14, 13, 16, 10, 0, 4, 11, 19]",934.15,"[5, 1, 2, 6, 12, 9, 3, 17, 7, 18, 15, 8, 14, 13, 16, 10, 0, 4, 11, 19]",934.15,5.423092842102051
"[5, 1, 2, 6, 12, 9, 3, 17, 7, 18, 15, 8, 14, 13, 16, 10, 0, 4, 11, 19]",934.15,"[5, 1, 2, 6, 12, 9, 3, 17, 7, 18, 15, 8, 14, 13, 16, 10, 0, 4, 11, 19]",934.15,5.475822925567627
"[5, 1, 2, 6, 12, 9, 3, 17, 7, 18, 15, 8, 14, 13, 16, 10, 0, 4, 11, 19]",934.15,"[5, 1, 2, 6, 12, 9, 3, 17, 7, 18, 15, 8, 14, 13, 16, 10, 0, 4, 11, 19]",934.15,5.512163877487183
"[5, 1, 2, 6, 12, 9, 3, 17, 7, 18, 15, 8, 14, 13, 16, 10, 0, 4, 11, 19]",934.15,"[5, 1, 2, 6, 12, 9, 3, 17, 7, 18, 15, 8, 14, 13, 16, 10, 0, 4, 11, 19]",934.15,5.547811985015869
"[5, 1, 2, 6, 12, 9, 3, 17, 7, 18, 15, 8, 14, 13, 16, 10, 0, 4, 11, 19]",934.15,"[5, 1, 2, 6, 12, 9, 3, 17, 7, 18, 15, 8, 14, 13, 16, 10, 0, 4, 11, 19]",934.15,5.583044052124023
"[5, 1, 2, 6, 12, 9, 3, 17, 7, 18, 15, 8, 14, 13, 16, 10, 0, 4, 11, 19]",934.15,"[5, 1, 2, 6, 12, 9, 3, 17, 7, 18, 15, 8, 14, 13, 16, 10, 0, 4, 11, 19]",934.15,5.6182849407196045
"[5, 1, 2, 6, 12, 9, 3, 17, 7, 18, 15, 8, 14, 13, 16, 10, 0, 4, 11, 19]",934.15,"[5, 1, 2, 6, 12, 9, 3, 17, 7, 18, 15, 8, 14, 13, 16, 10, 0, 4, 11, 19]",934.15,5.6537299156188965
"[5, 1, 2, 6, 12, 9, 3, 17, 7, 18, 15, 8, 14, 13, 16, 10, 0, 4, 11, 19]",934.15,"[5, 1, 2, 6, 12, 9, 3, 17, 7, 18, 15, 8, 14, 13, 16, 10, 0, 4, 11, 19]",934.15,5.689001798629761
"[5, 1, 2, 6, 12, 9, 3, 17, 7, 18, 15, 8, 14, 13, 16, 10, 0, 4, 11, 19]",934.15,"[5, 1, 2, 6, 12, 9, 3, 17, 7, 18, 15, 8, 14, 13, 16, 10, 0, 4, 11, 19]",934.15,5.724886894226074
"[5, 1, 2, 6, 12, 9, 3, 17, 7, 18, 15, 8, 14, 13, 16, 10, 0, 4, 11, 19]",934.15,"[5, 1, 2, 6, 12, 9, 3, 17, 7, 18, 15, 8, 14, 13, 16, 10, 0, 4, 11, 19]",934.15,5.761373043060303
"[5, 1, 2, 6, 12, 9, 3, 17, 7, 18, 15, 8, 14, 13, 16, 10, 0, 4, 11, 19]",934.15,"[5, 1, 2, 6, 12, 9, 3, 17, 7, 18, 15, 8, 14, 13, 16, 10, 0, 4, 11, 19]",934.15,5.7974419593811035
"[5, 1, 2, 6, 12, 9, 3, 17, 7, 18, 15, 8, 14, 13, 16, 10, 0, 4, 11, 19]",934.15,"[5, 1, 2, 6, 12, 9, 3, 17, 7, 18, 15, 8, 14, 13, 16, 10, 0, 4, 11, 19]",934.15,5.833252906799316
"[5, 1, 2, 6, 12, 9, 3, 17, 7, 18, 15, 8, 14, 13, 16, 10, 0, 4, 11, 19]",934.15,"[5, 1, 2, 6, 12, 9, 3, 17, 7, 18, 15, 8, 14, 13, 16, 10, 0, 4, 11, 19]",934.15,5.870508909225464
"[5, 1, 2, 6, 12, 9, 3, 17, 7, 18, 15, 8, 14, 13, 16, 10, 0, 4, 11, 19]",934.15,"[5, 1, 2, 6, 12, 9, 3, 17, 7, 18, 15, 8, 14, 13, 16, 10, 0, 4, 11, 19]",934.15,5.907821893692017
"[5, 1, 2, 6, 12, 9, 3, 17, 7, 18, 15, 8, 14, 13, 16, 10, 0, 4, 11, 19]",934.15,"[5, 1, 2, 6, 12, 9, 3, 17, 7, 18, 15, 8, 14, 13, 16, 10, 0, 4, 11, 19]",934.15,5.9469568729400635
"[5, 1, 2, 6, 12, 9, 3, 17, 7, 18, 15, 8, 14, 13, 16, 10, 0, 4, 11, 19]",934.15,"[5, 1, 2, 6, 12, 9, 3, 17, 7, 18, 15, 8, 14, 13, 16, 10, 0, 4, 11, 19]",934.15,5.983996152877808
"[5, 1, 2, 6, 12, 9, 3, 17, 7, 18, 15, 8, 14, 13, 16, 10, 0, 4, 11, 19]",934.15,"[5, 1, 2, 6, 12, 9, 3, 17, 7, 18, 15, 8, 14, 13, 16, 10, 0, 4, 11, 19]",934.15,6.020472049713135
"[5, 1, 2, 6, 12, 9, 3, 17, 7, 18, 15, 8, 14, 13, 16, 10, 0, 4, 11, 19]",934.15,"[5, 1, 2, 6, 12, 9, 3, 17, 7, 18, 15, 8, 14, 13, 16, 10, 0, 4, 11, 19]",934.15,6.056531190872192
"[5, 1, 2, 6, 12, 9, 3, 17, 7, 18, 15, 8, 14, 13, 16, 10, 0, 4, 11, 19]",934.15,"[5, 1, 2, 6, 12, 9, 3, 17, 7, 18, 15, 8, 14, 13, 16, 10, 0, 4, 11, 19]",934.15,6.092344045639038
"[5, 1, 2, 6, 12, 9, 3, 17, 7, 18, 15, 8, 14, 13, 16, 10, 0, 4, 11, 19]",934.15,"[5, 1, 2, 6, 12, 9, 3, 17, 7, 18, 15, 8, 14, 13, 16, 10, 0, 4, 11, 19]",934.15,6.127738952636719
"[5, 1, 2, 6, 12, 9, 3, 17, 7, 18, 15, 8, 14, 13, 16, 10, 0, 4, 11, 19]",934.15,"[5, 1, 2, 6, 12, 9, 3, 17, 7, 18, 15, 8, 14, 13, 16, 10, 0, 4, 11, 19]",934.15,6.164158821105957
"[5, 1, 2, 6, 12, 9, 3, 17, 7, 18, 15, 8, 14, 13, 16, 10, 0, 4, 11, 19]",934.15,"[5, 1, 2, 6, 12, 9, 3, 17, 7, 18, 15, 8, 14, 13, 16, 10, 0, 4, 11, 19]",934.15,6.200052976608276
"[5, 1, 2, 6, 12, 9, 3, 17, 7, 18, 15, 8, 14, 13, 16, 10, 0, 4, 11, 19]",934.15,"[5, 1, 2, 6, 12, 9, 3, 17, 7, 18, 15, 8, 14, 13, 16, 10, 0, 4, 11, 19]",934.15,6.236546993255615
"[5, 1, 2, 6, 12, 9, 3, 17, 7, 18, 15, 8, 14, 13, 16, 10, 0, 4, 11, 19]",934.15,"[5, 1, 2, 6, 12, 9, 3, 17, 7, 18, 15, 8, 14, 13, 16, 10, 0, 4, 11, 19]",934.15,6.271913766860962
"[5, 1, 2, 6, 12, 9, 3, 17, 7, 18, 15, 8, 14, 13, 16, 10, 0, 4, 11, 19]",934.15,"[5, 1, 2, 6, 12, 9, 3, 17, 7, 18, 15, 8, 14, 13, 16, 10, 0, 4, 11, 19]",934.15,6.307639837265015
"[5, 1, 2, 6, 12, 9, 3, 17, 7, 18, 15, 8, 14, 13, 16, 10, 0, 4, 11, 19]",934.15,"[5, 1, 2, 6, 12, 9, 3, 17, 7, 18, 15, 8, 14, 13, 16, 10, 0, 4, 11, 19]",934.15,6.3432769775390625
"[5, 1, 2, 6, 12, 9, 3, 17, 7, 18, 15, 8, 14, 13, 16, 10, 0, 4, 11, 19]",934.15,"[5, 1, 2, 6, 12, 9, 3, 17, 7, 18, 15, 8, 14, 13, 16, 10, 0, 4, 11, 19]",934.15,6.3795130252838135
"[5, 1, 2, 6, 12, 9, 3, 17, 7, 18, 15, 8, 14, 13, 16, 10, 0, 4, 11, 19]",934.15,"[5, 1, 2, 6, 12, 9, 3, 17, 7, 18, 15, 8, 14, 13, 16, 10, 0, 4, 11, 19]",934.15,6.414917945861816
"[5, 1, 2, 6, 12, 9, 3, 17, 7, 18, 15, 8, 14, 13, 16, 10, 0, 4, 11, 19]",934.15,"[5, 1, 2, 6, 12, 9, 3, 17, 7, 18, 15, 8, 14, 13, 16, 10, 0, 4, 11, 19]",934.15,6.449951887130737
"[5, 1, 2, 6, 12, 9, 3, 17, 7, 18, 15, 8, 14, 13, 16, 10, 0, 4, 11, 19]",934.15,"[5, 1, 2, 6, 12, 9, 3, 17, 7, 18, 15, 8, 14, 13, 16, 10, 0, 4, 11, 19]",934.15,6.485146999359131
"[5, 1, 2, 6, 12, 9, 3, 17, 7, 18, 15, 8, 14, 13, 16, 10, 0, 4, 11, 19]",934.15,"[5, 1, 2, 6, 12, 9, 3, 17, 7, 18, 15, 8, 14, 13, 16, 10, 0, 4, 11, 19]",934.15,6.520560026168823
"[5, 1, 2, 6, 12, 9, 3, 17, 7, 18, 15, 8, 14, 13, 16, 10, 0, 4, 11, 19]",934.15,"[5, 1, 2, 6, 12, 9, 3, 17, 7, 18, 15, 8, 14, 13, 16, 10, 0, 4, 11, 19]",934.15,6.556052207946777
"[5, 1, 2, 6, 12, 9, 3, 17, 7, 18, 15, 8, 14, 13, 16, 10, 0, 4, 11, 19]",934.15,"[5, 1, 2, 6, 12, 9, 3, 17, 7, 18, 15, 8, 14, 13, 16, 10, 0, 4, 11, 19]",934.15,6.5918707847595215
"[5, 1, 2, 6, 12, 9, 3, 17, 7, 18, 15, 8, 14, 13, 16, 10, 0, 4, 11, 19]",934.15,"[5, 1, 2, 6, 12, 9, 3, 17, 7, 18, 15, 8, 14, 13, 16, 10, 0, 4, 11, 19]",934.15,6.629491806030273
"[5, 1, 2, 6, 12, 9, 3, 17, 7, 18, 15, 8, 14, 13, 16, 10, 0, 4, 11, 19]",934.15,"[5, 1, 2, 6, 12, 9, 3, 17, 7, 18, 15, 8, 14, 13, 16, 10, 0, 4, 11, 19]",934.15,6.665668964385986
"[5, 1, 2, 6, 12, 9, 3, 17, 7, 18, 15, 8, 14, 13, 16, 10, 0, 4, 11, 19]",934.15,"[5, 1, 2, 6, 12, 9, 3, 17, 7, 18, 15, 8, 14, 13, 16, 10, 0, 4, 11, 19]",934.15,6.701352119445801
"[5, 1, 2, 6, 12, 9, 3, 17, 7, 18, 15, 8, 14, 13, 16, 10, 0, 4, 11, 19]",934.15,"[5, 1, 2, 6, 12, 9, 3, 17, 7, 18, 15, 8, 14, 13, 16, 10, 0, 4, 11, 19]",934.15,6.739146947860718
"[5, 1, 2, 6, 12, 9, 3, 17, 7, 18, 15, 8, 14, 13, 16, 10, 0, 4, 11, 19]",934.15,"[5, 1, 2, 6, 12, 9, 3, 17, 7, 18, 15, 8, 14, 13, 16, 10, 0, 4, 11, 19]",934.15,6.774654865264893
"[5, 1, 2, 6, 12, 9, 3, 17, 7, 18, 15, 8, 14, 13, 16, 10, 0, 4, 11, 19]",934.15,"[5, 1, 2, 6, 12, 9, 3, 17, 7, 18, 15, 8, 14, 13, 16, 10, 0, 4, 11, 19]",934.15,6.810249090194702
"[5, 1, 2, 6, 12, 9, 3, 17, 7, 18, 15, 8, 14, 13, 16, 10, 0, 4, 11, 19]",934.15,"[5, 1, 2, 6, 12, 9, 3, 17, 7, 18, 15, 8, 14, 13, 16, 10, 0, 4, 11, 19]",934.15,6.845715045928955
"[5, 1, 2, 6, 12, 9, 3, 17, 7, 18, 15, 8, 14, 13, 16, 10, 0, 4, 11, 19]",934.15,"[5, 1, 2, 6, 12, 9, 3, 17, 7, 18, 15, 8, 14, 13, 16, 10, 0, 4, 11, 19]",934.15,6.882291078567505
"[5, 1, 2, 6, 12, 9, 3, 17, 7, 18, 15, 8, 14, 13, 16, 10, 0, 4, 11, 19]",934.15,"[5, 1, 2, 6, 12, 9, 3, 17, 7, 18, 15, 8, 14, 13, 16, 10, 0, 4, 11, 19]",934.15,6.917707920074463
"[5, 1, 2, 6, 12, 9, 3, 17, 7, 18, 15, 8, 14, 13, 16, 10, 0, 4, 11, 19]",934.15,"[5, 1, 2, 6, 12, 9, 3, 17, 7, 18, 15, 8, 14, 13, 16, 10, 0, 4, 11, 19]",934.15,6.952843904495239
"[5, 1, 2, 6, 12, 9, 3, 17, 7, 18, 15, 8, 14, 13, 16, 10, 0, 4, 11, 19]",934.15,"[5, 1, 2, 6, 12, 9, 3, 17, 7, 18, 15, 8, 14, 13, 16, 10, 0, 4, 11, 19]",934.15,6.9887189865112305
"[5, 1, 2, 6, 12, 9, 3, 17, 7, 18, 15, 8, 14, 13, 16, 10, 0, 4, 11, 19]",934.15,"[5, 1, 2, 6, 12, 9, 3, 17, 7, 18, 15, 8, 14, 13, 16, 10, 0, 4, 11, 19]",934.15,7.024240016937256
"[5, 1, 2, 6, 12, 9, 3, 17, 7, 18, 15, 8, 14, 13, 16, 10, 0, 4, 11, 19]",934.15,"[5, 1, 2, 6, 12, 9, 3, 17, 7, 18, 15, 8, 14, 13, 16, 10, 0, 4, 11, 19]",934.15,7.05965781211853
"[5, 1, 2, 6, 12, 9, 3, 17, 7, 18, 15, 8, 14, 13, 16, 10, 0, 4, 11, 19]",934.15,"[5, 1, 2, 6, 12, 9, 3, 17, 7, 18, 15, 8, 14, 13, 16, 10, 0, 4, 11, 19]",934.15,7.095155954360962
"[5, 1, 2, 6, 12, 9, 3, 17, 7, 18, 15, 8, 14, 13, 16, 10, 0, 4, 11, 19]",934.15,"[5, 1, 2, 6, 12, 9, 3, 17, 7, 18, 15, 8, 14, 13, 16, 10, 0, 4, 11, 19]",934.15,7.130539894104004
"[5, 1, 2, 6, 12, 9, 3, 17, 7, 18, 15, 8, 14, 13, 16, 10, 0, 4, 11, 19]",934.15,"[5, 1, 2, 6, 12, 9, 3, 17, 7, 18, 15, 8, 14, 13, 16, 10, 0, 4, 11, 19]",934.15,7.166244983673096
"[5, 1, 2, 6, 12, 9, 3, 17, 7, 18, 15, 8, 14, 13, 16, 10, 0, 4, 11, 19]",934.15,"[5, 1, 2, 6, 12, 9, 3, 17, 7, 18, 15, 8, 14, 13, 16, 10, 0, 4, 11, 19]",934.15,7.217745065689087
"[5, 1, 2, 6, 12, 9, 3, 17, 7, 18, 15, 8, 14, 13, 16, 10, 0, 4, 11, 19]",934.15,"[5, 1, 2, 6, 12, 9, 3, 17, 7, 18, 15, 8, 14, 13, 16, 10, 0, 4, 11, 19]",934.15,7.253610849380493
"[5, 1, 2, 6, 12, 9, 3, 17, 7, 18, 15, 8, 14, 13, 16, 10, 0, 4, 11, 19]",934.15,"[5, 1, 2, 6, 12, 9, 3, 17, 7, 18, 15, 8, 14, 13, 16, 10, 0, 4, 11, 19]",934.15,7.288936138153076
"[5, 1, 2, 6, 12, 9, 3, 17, 7, 18, 15, 8, 14, 13, 16, 10, 0, 4, 11, 19]",934.15,"[5, 1, 2, 6, 12, 9, 3, 17, 7, 18, 15, 8, 14, 13, 16, 10, 0, 4, 11, 19]",934.15,7.325297117233276
"[5, 1, 2, 6, 12, 9, 3, 17, 7, 18, 15, 8, 14, 13, 16, 10, 0, 4, 11, 19]",934.15,"[5, 1, 2, 6, 12, 9, 3, 17, 7, 18, 15, 8, 14, 13, 16, 10, 0, 4, 11, 19]",934.15,7.3607048988342285
"[5, 1, 2, 6, 12, 9, 3, 17, 7, 18, 15, 8, 14, 13, 16, 10, 0, 4, 11, 19]",934.15,"[5, 1, 2, 6, 12, 9, 3, 17, 7, 18, 15, 8, 14, 13, 16, 10, 0, 4, 11, 19]",934.15,7.396023988723755
"[5, 1, 2, 6, 12, 9, 3, 17, 7, 18, 15, 8, 14, 13, 16, 10, 0, 4, 11, 19]",934.15,"[5, 1, 2, 6, 12, 9, 3, 17, 7, 18, 15, 8, 14, 13, 16, 10, 0, 4, 11, 19]",934.15,7.432923078536987
"[5, 1, 2, 6, 12, 9, 3, 17, 7, 18, 15, 8, 14, 13, 16, 10, 0, 4, 11, 19]",934.15,"[5, 1, 2, 6, 12, 9, 3, 17, 7, 18, 15, 8, 14, 13, 16, 10, 0, 4, 11, 19]",934.15,7.468372821807861
"[5, 1, 2, 6, 12, 9, 3, 17, 7, 18, 15, 8, 14, 13, 16, 10, 0, 4, 11, 19]",934.15,"[5, 1, 2, 6, 12, 9, 3, 17, 7, 18, 15, 8, 14, 13, 16, 10, 0, 4, 11, 19]",934.15,7.503657817840576
"[5, 1, 2, 6, 12, 9, 3, 17, 7, 18, 15, 8, 14, 13, 16, 10, 0, 4, 11, 19]",934.15,"[5, 1, 2, 6, 12, 9, 3, 17, 7, 18, 15, 8, 14, 13, 16, 10, 0, 4, 11, 19]",934.15,7.5389580726623535
"[5, 1, 2, 6, 12, 9, 3, 17, 7, 18, 15, 8, 14, 13, 16, 10, 0, 4, 11, 19]",934.15,"[5, 1, 2, 6, 12, 9, 3, 17, 7, 18, 15, 8, 14, 13, 16, 10, 0, 4, 11, 19]",934.15,7.5756449699401855
"[5, 1, 2, 6, 12, 9, 3, 17, 7, 18, 15, 8, 14, 13, 16, 10, 0, 4, 11, 19]",934.15,"[5, 1, 2, 6, 12, 9, 3, 17, 7, 18, 15, 8, 14, 13, 16, 10, 0, 4, 11, 19]",934.15,7.614522933959961
"[5, 1, 2, 6, 12, 9, 3, 17, 7, 18, 15, 8, 14, 13, 16, 10, 0, 4, 11, 19]",934.15,"[5, 1, 2, 6, 12, 9, 3, 17, 7, 18, 15, 8, 14, 13, 16, 10, 0, 4, 11, 19]",934.15,7.652713775634766
"[5, 1, 2, 6, 12, 9, 3, 17, 7, 18, 15, 8, 14, 13, 16, 10, 0, 4, 11, 19]",934.15,"[5, 1, 2, 6, 12, 9, 3, 17, 7, 18, 15, 8, 14, 13, 16, 10, 0, 4, 11, 19]",934.15,7.690659999847412
"[5, 1, 2, 6, 12, 9, 3, 17, 7, 18, 15, 8, 14, 13, 16, 10, 0, 4, 11, 19]",934.15,"[5, 1, 2, 6, 12, 9, 3, 17, 7, 18, 15, 8, 14, 13, 16, 10, 0, 4, 11, 19]",934.15,7.726761102676392
"[5, 1, 2, 6, 12, 9, 3, 17, 7, 18, 15, 8, 14, 13, 16, 10, 0, 4, 11, 19]",934.15,"[5, 1, 2, 6, 12, 9, 3, 17, 7, 18, 15, 8, 14, 13, 16, 10, 0, 4, 11, 19]",934.15,7.763604164123535
"[5, 1, 2, 6, 12, 9, 3, 17, 7, 18, 15, 8, 14, 13, 16, 10, 0, 4, 11, 19]",934.15,"[5, 1, 2, 6, 12, 9, 3, 17, 7, 18, 15, 8, 14, 13, 16, 10, 0, 4, 11, 19]",934.15,7.799561023712158
"[5, 1, 2, 6, 12, 9, 3, 17, 7, 18, 15, 8, 14, 13, 16, 10, 0, 4, 11, 19]",934.15,"[5, 1, 2, 6, 12, 9, 3, 17, 7, 18, 15, 8, 14, 13, 16, 10, 0, 4, 11, 19]",934.15,7.835161924362183
"[5, 1, 2, 6, 12, 9, 3, 17, 7, 18, 15, 8, 14, 13, 16, 10, 0, 4, 11, 19]",934.15,"[5, 1, 2, 6, 12, 9, 3, 17, 7, 18, 15, 8, 14, 13, 16, 10, 0, 4, 11, 19]",934.15,7.870375156402588
"[5, 1, 2, 6, 12, 9, 3, 17, 7, 18, 15, 8, 14, 13, 16, 10, 0, 4, 11, 19]",934.15,"[5, 1, 2, 6, 12, 9, 3, 17, 7, 18, 15, 8, 14, 13, 16, 10, 0, 4, 11, 19]",934.15,7.906189918518066
"[5, 1, 2, 6, 12, 9, 3, 17, 7, 18, 15, 8, 14, 13, 16, 10, 0, 4, 11, 19]",934.15,"[5, 1, 2, 6, 12, 9, 3, 17, 7, 18, 15, 8, 14, 13, 16, 10, 0, 4, 11, 19]",934.15,7.941112041473389
"[5, 1, 2, 6, 12, 9, 3, 17, 7, 18, 15, 8, 14, 13, 16, 10, 0, 4, 11, 19]",934.15,"[5, 1, 2, 6, 12, 9, 3, 17, 7, 18, 15, 8, 14, 13, 16, 10, 0, 4, 11, 19]",934.15,7.976202964782715
"[5, 1, 2, 6, 12, 9, 3, 17, 7, 18, 15, 8, 14, 13, 16, 10, 0, 4, 11, 19]",934.15,"[5, 1, 2, 6, 12, 9, 3, 17, 7, 18, 15, 8, 14, 13, 16, 10, 0, 4, 11, 19]",934.15,8.011373043060303
"[5, 1, 2, 6, 12, 9, 3, 17, 7, 18, 15, 8, 14, 13, 16, 10, 0, 4, 11, 19]",934.15,"[5, 1, 2, 6, 12, 9, 3, 17, 7, 18, 15, 8, 14, 13, 16, 10, 0, 4, 11, 19]",934.15,8.046549797058105
"[5, 1, 2, 6, 12, 9, 3, 17, 7, 18, 15, 8, 14, 13, 16, 10, 0, 4, 11, 19]",934.15,"[5, 1, 2, 6, 12, 9, 3, 17, 7, 18, 15, 8, 14, 13, 16, 10, 0, 4, 11, 19]",934.15,8.081648111343384
"[5, 1, 2, 6, 12, 9, 3, 17, 7, 18, 15, 8, 14, 13, 16, 10, 0, 4, 11, 19]",934.15,"[5, 1, 2, 6, 12, 9, 3, 17, 7, 18, 15, 8, 14, 13, 16, 10, 0, 4, 11, 19]",934.15,8.117051124572754
"[5, 1, 2, 6, 12, 9, 3, 17, 7, 18, 15, 8, 14, 13, 16, 10, 0, 4, 11, 19]",934.15,"[5, 1, 2, 6, 12, 9, 3, 17, 7, 18, 15, 8, 14, 13, 16, 10, 0, 4, 11, 19]",934.15,8.152285099029541
"[5, 1, 2, 6, 12, 9, 3, 17, 7, 18, 15, 8, 14, 13, 16, 10, 0, 4, 11, 19]",934.15,"[5, 1, 2, 6, 12, 9, 3, 17, 7, 18, 15, 8, 14, 13, 16, 10, 0, 4, 11, 19]",934.15,8.187573909759521
"[5, 1, 2, 6, 12, 9, 3, 17, 7, 18, 15, 8, 14, 13, 16, 10, 0, 4, 11, 19]",934.15,"[5, 1, 2, 6, 12, 9, 3, 17, 7, 18, 15, 8, 14, 13, 16, 10, 0, 4, 11, 19]",934.15,8.222875118255615
"[5, 1, 2, 6, 12, 9, 3, 17, 7, 18, 15, 8, 14, 13, 16, 10, 0, 4, 11, 19]",934.15,"[5, 1, 2, 6, 12, 9, 3, 17, 7, 18, 15, 8, 14, 13, 16, 10, 0, 4, 11, 19]",934.15,8.257890939712524
"[5, 1, 2, 6, 12, 9, 3, 17, 7, 18, 15, 8, 14, 13, 16, 10, 0, 4, 11, 19]",934.15,"[5, 1, 2, 6, 12, 9, 3, 17, 7, 18, 15, 8, 14, 13, 16, 10, 0, 4, 11, 19]",934.15,8.29292607307434
"[5, 1, 2, 6, 12, 9, 3, 17, 7, 18, 15, 8, 14, 13, 16, 10, 0, 4, 11, 19]",934.15,"[5, 1, 2, 6, 12, 9, 3, 17, 7, 18, 15, 8, 14, 13, 16, 10, 0, 4, 11, 19]",934.15,8.328141927719116
"[5, 1, 2, 6, 12, 9, 3, 17, 7, 18, 15, 8, 14, 13, 16, 10, 0, 4, 11, 19]",934.15,"[5, 1, 2, 6, 12, 9, 3, 17, 7, 18, 15, 8, 14, 13, 16, 10, 0, 4, 11, 19]",934.15,8.363028764724731
"[5, 1, 2, 6, 12, 9, 3, 17, 7, 18, 15, 8, 14, 13, 16, 10, 0, 4, 11, 19]",934.15,"[5, 1, 2, 6, 12, 9, 3, 17, 7, 18, 15, 8, 14, 13, 16, 10, 0, 4, 11, 19]",934.15,8.399657964706421
"[5, 1, 2, 6, 12, 9, 3, 17, 7, 18, 15, 8, 14, 13, 16, 10, 0, 4, 11, 19]",934.15,"[5, 1, 2, 6, 12, 9, 3, 17, 7, 18, 15, 8, 14, 13, 16, 10, 0, 4, 11, 19]",934.15,8.435986995697021
"[5, 1, 2, 6, 12, 9, 3, 17, 7, 18, 15, 8, 14, 13, 16, 10, 0, 4, 11, 19]",934.15,"[5, 1, 2, 6, 12, 9, 3, 17, 7, 18, 15, 8, 14, 13, 16, 10, 0, 4, 11, 19]",934.15,8.472208976745605
"[5, 1, 2, 6, 12, 9, 3, 17, 7, 18, 15, 8, 14, 13, 16, 10, 0, 4, 11, 19]",934.15,"[5, 1, 2, 6, 12, 9, 3, 17, 7, 18, 15, 8, 14, 13, 16, 10, 0, 4, 11, 19]",934.15,8.508551120758057
"[5, 1, 2, 6, 12, 9, 3, 17, 7, 18, 15, 8, 14, 13, 16, 10, 0, 4, 11, 19]",934.15,"[5, 1, 2, 6, 12, 9, 3, 17, 7, 18, 15, 8, 14, 13, 16, 10, 0, 4, 11, 19]",934.15,8.544435739517212
"[5, 1, 2, 6, 12, 9, 3, 17, 7, 18, 15, 8, 14, 13, 16, 10, 0, 4, 11, 19]",934.15,"[5, 1, 2, 6, 12, 9, 3, 17, 7, 18, 15, 8, 14, 13, 16, 10, 0, 4, 11, 19]",934.15,8.5800039768219
"[5, 1, 2, 6, 12, 9, 3, 17, 7, 18, 15, 8, 14, 13, 16, 10, 0, 4, 11, 19]",934.15,"[5, 1, 2, 6, 12, 9, 3, 17, 7, 18, 15, 8, 14, 13, 16, 10, 0, 4, 11, 19]",934.15,8.61557388305664
"[5, 1, 2, 6, 12, 9, 3, 17, 7, 18, 15, 8, 14, 13, 16, 10, 0, 4, 11, 19]",934.15,"[5, 1, 2, 6, 12, 9, 3, 17, 7, 18, 15, 8, 14, 13, 16, 10, 0, 4, 11, 19]",934.15,8.651225090026855
"[5, 1, 2, 6, 12, 9, 3, 17, 7, 18, 15, 8, 14, 13, 16, 10, 0, 4, 11, 19]",934.15,"[5, 1, 2, 6, 12, 9, 3, 17, 7, 18, 15, 8, 14, 13, 16, 10, 0, 4, 11, 19]",934.15,8.687106847763062
"[5, 1, 2, 6, 12, 9, 3, 17, 7, 18, 15, 8, 14, 13, 16, 10, 0, 4, 11, 19]",934.15,"[5, 1, 2, 6, 12, 9, 3, 17, 7, 18, 15, 8, 14, 13, 16, 10, 0, 4, 11, 19]",934.15,8.722635984420776
"[5, 1, 2, 6, 12, 9, 3, 17, 7, 18, 15, 8, 14, 13, 16, 10, 0, 4, 11, 19]",934.15,"[5, 1, 2, 6, 12, 9, 3, 17, 7, 18, 15, 8, 14, 13, 16, 10, 0, 4, 11, 19]",934.15,8.774019956588745
"[5, 1, 2, 6, 12, 9, 3, 17, 7, 18, 15, 8, 14, 13, 16, 10, 0, 4, 11, 19]",934.15,"[5, 1, 2, 6, 12, 9, 3, 17, 7, 18, 15, 8, 14, 13, 16, 10, 0, 4, 11, 19]",934.15,8.80963397026062
"[5, 1, 2, 6, 12, 9, 3, 17, 7, 18, 15, 8, 14, 13, 16, 10, 0, 4, 11, 19]",934.15,"[5, 1, 2, 6, 12, 9, 3, 17, 7, 18, 15, 8, 14, 13, 16, 10, 0, 4, 11, 19]",934.15,8.845017910003662
"[5, 1, 2, 6, 12, 9, 3, 17, 7, 18, 15, 8, 14, 13, 16, 10, 0, 4, 11, 19]",934.15,"[5, 1, 2, 6, 12, 9, 3, 17, 7, 18, 15, 8, 14, 13, 16, 10, 0, 4, 11, 19]",934.15,8.88037395477295
"[5, 1, 2, 6, 12, 9, 3, 17, 7, 18, 15, 8, 14, 13, 16, 10, 0, 4, 11, 19]",934.15,"[5, 1, 2, 6, 12, 9, 3, 17, 7, 18, 15, 8, 14, 13, 16, 10, 0, 4, 11, 19]",934.15,8.915721893310547
"[5, 1, 2, 6, 12, 9, 3, 17, 7, 18, 15, 8, 14, 13, 16, 10, 0, 4, 11, 19]",934.15,"[5, 1, 2, 6, 12, 9, 3, 17, 7, 18, 15, 8, 14, 13, 16, 10, 0, 4, 11, 19]",934.15,8.951167821884155
"[5, 1, 2, 6, 12, 9, 3, 17, 7, 18, 15, 8, 14, 13, 16, 10, 0, 4, 11, 19]",934.15,"[5, 1, 2, 6, 12, 9, 3, 17, 7, 18, 15, 8, 14, 13, 16, 10, 0, 4, 11, 19]",934.15,8.986664056777954
"[5, 1, 2, 6, 12, 9, 3, 17, 7, 18, 15, 8, 14, 13, 16, 10, 0, 4, 11, 19]",934.15,"[5, 1, 2, 6, 12, 9, 3, 17, 7, 18, 15, 8, 14, 13, 16, 10, 0, 4, 11, 19]",934.15,9.021975994110107
"[5, 1, 2, 6, 12, 9, 3, 17, 7, 18, 15, 8, 14, 13, 16, 10, 0, 4, 11, 19]",934.15,"[5, 1, 2, 6, 12, 9, 3, 17, 7, 18, 15, 8, 14, 13, 16, 10, 0, 4, 11, 19]",934.15,9.057421922683716
"[5, 1, 2, 6, 12, 9, 3, 17, 7, 18, 15, 8, 14, 13, 16, 10, 0, 4, 11, 19]",934.15,"[5, 1, 2, 6, 12, 9, 3, 17, 7, 18, 15, 8, 14, 13, 16, 10, 0, 4, 11, 19]",934.15,9.092477083206177
"[5, 1, 2, 6, 12, 9, 3, 17, 7, 18, 15, 8, 14, 13, 16, 10, 0, 4, 11, 19]",934.15,"[5, 1, 2, 6, 12, 9, 3, 17, 7, 18, 15, 8, 14, 13, 16, 10, 0, 4, 11, 19]",934.15,9.128016948699951
"[5, 1, 2, 6, 12, 9, 3, 17, 7, 18, 15, 8, 14, 13, 16, 10, 0, 4, 11, 19]",934.15,"[5, 1, 2, 6, 12, 9, 3, 17, 7, 18, 15, 8, 14, 13, 16, 10, 0, 4, 11, 19]",934.15,9.163305759429932
"[5, 1, 2, 6, 12, 9, 3, 17, 7, 18, 15, 8, 14, 13, 16, 10, 0, 4, 11, 19]",934.15,"[5, 1, 2, 6, 12, 9, 3, 17, 7, 18, 15, 8, 14, 13, 16, 10, 0, 4, 11, 19]",934.15,9.199043989181519
"[5, 1, 2, 6, 12, 9, 3, 17, 7, 18, 15, 8, 14, 13, 16, 10, 0, 4, 11, 19]",934.15,"[5, 1, 2, 6, 12, 9, 3, 17, 7, 18, 15, 8, 14, 13, 16, 10, 0, 4, 11, 19]",934.15,9.234654903411865
"[5, 1, 2, 6, 12, 9, 3, 17, 7, 18, 15, 8, 14, 13, 16, 10, 0, 4, 11, 19]",934.15,"[5, 1, 2, 6, 12, 9, 3, 17, 7, 18, 15, 8, 14, 13, 16, 10, 0, 4, 11, 19]",934.15,9.26988410949707
"[5, 1, 2, 6, 12, 9, 3, 17, 7, 18, 15, 8, 14, 13, 16, 10, 0, 4, 11, 19]",934.15,"[5, 1, 2, 6, 12, 9, 3, 17, 7, 18, 15, 8, 14, 13, 16, 10, 0, 4, 11, 19]",934.15,9.305065870285034
"[5, 1, 2, 6, 12, 9, 3, 17, 7, 18, 15, 8, 14, 13, 16, 10, 0, 4, 11, 19]",934.15,"[5, 1, 2, 6, 12, 9, 3, 17, 7, 18, 15, 8, 14, 13, 16, 10, 0, 4, 11, 19]",934.15,9.340398073196411
"[5, 1, 2, 6, 12, 9, 3, 17, 7, 18, 15, 8, 14, 13, 16, 10, 0, 4, 11, 19]",934.15,"[5, 1, 2, 6, 12, 9, 3, 17, 7, 18, 15, 8, 14, 13, 16, 10, 0, 4, 11, 19]",934.15,9.375509977340698
"[5, 1, 2, 6, 12, 9, 3, 17, 7, 18, 15, 8, 14, 13, 16, 10, 0, 4, 11, 19]",934.15,"[5, 1, 2, 6, 12, 9, 3, 17, 7, 18, 15, 8, 14, 13, 16, 10, 0, 4, 11, 19]",934.15,9.410764932632446
"[5, 1, 2, 6, 12, 9, 3, 17, 7, 18, 15, 8, 14, 13, 16, 10, 0, 4, 11, 19]",934.15,"[5, 1, 2, 6, 12, 9, 3, 17, 7, 18, 15, 8, 14, 13, 16, 10, 0, 4, 11, 19]",934.15,9.447870016098022
"[5, 1, 2, 6, 12, 9, 3, 17, 7, 18, 15, 8, 14, 13, 16, 10, 0, 4, 11, 19]",934.15,"[5, 1, 2, 6, 12, 9, 3, 17, 7, 18, 15, 8, 14, 13, 16, 10, 0, 4, 11, 19]",934.15,9.48417592048645
"[5, 1, 2, 6, 12, 9, 3, 17, 7, 18, 15, 8, 14, 13, 16, 10, 0, 4, 11, 19]",934.15,"[5, 1, 2, 6, 12, 9, 3, 17, 7, 18, 15, 8, 14, 13, 16, 10, 0, 4, 11, 19]",934.15,9.51973009109497
"[5, 1, 2, 6, 12, 9, 3, 17, 7, 18, 15, 8, 14, 13, 16, 10, 0, 4, 11, 19]",934.15,"[5, 1, 2, 6, 12, 9, 3, 17, 7, 18, 15, 8, 14, 13, 16, 10, 0, 4, 11, 19]",934.15,9.556698083877563
"[5, 1, 2, 6, 12, 9, 3, 17, 7, 18, 15, 8, 14, 13, 16, 10, 0, 4, 11, 19]",934.15,"[5, 1, 2, 6, 12, 9, 3, 17, 7, 18, 15, 8, 14, 13, 16, 10, 0, 4, 11, 19]",934.15,9.593386888504028
"[5, 1, 2, 6, 12, 9, 3, 17, 7, 18, 15, 8, 14, 13, 16, 10, 0, 4, 11, 19]",934.15,"[5, 1, 2, 6, 12, 9, 3, 17, 7, 18, 15, 8, 14, 13, 16, 10, 0, 4, 11, 19]",934.15,9.62928295135498
"[5, 1, 2, 6, 12, 9, 3, 17, 7, 18, 15, 8, 14, 13, 16, 10, 0, 4, 11, 19]",934.15,"[5, 1, 2, 6, 12, 9, 3, 17, 7, 18, 15, 8, 14, 13, 16, 10, 0, 4, 11, 19]",934.15,9.664803981781006
"[5, 1, 2, 6, 12, 9, 3, 17, 7, 18, 15, 8, 14, 13, 16, 10, 0, 4, 11, 19]",934.15,"[5, 1, 2, 6, 12, 9, 3, 17, 7, 18, 15, 8, 14, 13, 16, 10, 0, 4, 11, 19]",934.15,9.703111171722412
"[5, 1, 2, 6, 12, 9, 3, 17, 7, 18, 15, 8, 14, 13, 16, 10, 0, 4, 11, 19]",934.15,"[5, 1, 2, 6, 12, 9, 3, 17, 7, 18, 15, 8, 14, 13, 16, 10, 0, 4, 11, 19]",934.15,9.740958213806152
"[5, 1, 2, 6, 12, 9, 3, 17, 7, 18, 15, 8, 14, 13, 16, 10, 0, 4, 11, 19]",934.15,"[5, 1, 2, 6, 12, 9, 3, 17, 7, 18, 15, 8, 14, 13, 16, 10, 0, 4, 11, 19]",934.15,9.776796102523804
"[5, 1, 2, 6, 12, 9, 3, 17, 7, 18, 15, 8, 14, 13, 16, 10, 0, 4, 11, 19]",934.15,"[5, 1, 2, 6, 12, 9, 3, 17, 7, 18, 15, 8, 14, 13, 16, 10, 0, 4, 11, 19]",934.15,9.812623023986816
"[5, 1, 2, 6, 12, 9, 3, 17, 7, 18, 15, 8, 14, 13, 16, 10, 0, 4, 11, 19]",934.15,"[5, 1, 2, 6, 12, 9, 3, 17, 7, 18, 15, 8, 14, 13, 16, 10, 0, 4, 11, 19]",934.15,9.849765062332153
"[5, 1, 2, 6, 12, 9, 3, 17, 7, 18, 15, 8, 14, 13, 16, 10, 0, 4, 11, 19]",934.15,"[5, 1, 2, 6, 12, 9, 3, 17, 7, 18, 15, 8, 14, 13, 16, 10, 0, 4, 11, 19]",934.15,9.885254144668579
"[5, 1, 2, 6, 12, 9, 3, 17, 7, 18, 15, 8, 14, 13, 16, 10, 0, 4, 11, 19]",934.15,"[5, 1, 2, 6, 12, 9, 3, 17, 7, 18, 15, 8, 14, 13, 16, 10, 0, 4, 11, 19]",934.15,9.922116994857788
"[5, 1, 2, 6, 12, 9, 3, 17, 7, 18, 15, 8, 14, 13, 16, 10, 0, 4, 11, 19]",934.15,"[5, 1, 2, 6, 12, 9, 3, 17, 7, 18, 15, 8, 14, 13, 16, 10, 0, 4, 11, 19]",934.15,9.958200931549072
"[5, 1, 2, 6, 12, 9, 3, 17, 7, 18, 15, 8, 14, 13, 16, 10, 0, 4, 11, 19]",934.15,"[5, 1, 2, 6, 12, 9, 3, 17, 7, 18, 15, 8, 14, 13, 16, 10, 0, 4, 11, 19]",934.15,9.99377989768982
"[5, 1, 2, 6, 12, 9, 3, 17, 7, 18, 15, 8, 14, 13, 16, 10, 0, 4, 11, 19]",934.15,"[5, 1, 2, 6, 12, 9, 3, 17, 7, 18, 15, 8, 14, 13, 16, 10, 0, 4, 11, 19]",934.15,10.02978801727295
"[5, 1, 2, 6, 12, 9, 3, 17, 7, 18, 15, 8, 14, 13, 16, 10, 0, 4, 11, 19]",934.15,"[5, 1, 2, 6, 12, 9, 3, 17, 7, 18, 15, 8, 14, 13, 16, 10, 0, 4, 11, 19]",934.15,10.064783096313477
"[5, 1, 2, 6, 12, 9, 3, 17, 7, 18, 15, 8, 14, 13, 16, 10, 0, 4, 11, 19]",934.15,"[5, 1, 2, 6, 12, 9, 3, 17, 7, 18, 15, 8, 14, 13, 16, 10, 0, 4, 11, 19]",934.15,10.100681066513062
"[5, 1, 2, 6, 12, 9, 3, 17, 7, 18, 15, 8, 14, 13, 16, 10, 0, 4, 11, 19]",934.15,"[5, 1, 2, 6, 12, 9, 3, 17, 7, 18, 15, 8, 14, 13, 16, 10, 0, 4, 11, 19]",934.15,10.141191005706787
"[5, 1, 2, 6, 12, 9, 3, 17, 7, 18, 15, 8, 14, 13, 16, 10, 0, 4, 11, 19]",934.15,"[5, 1, 2, 6, 12, 9, 3, 17, 7, 18, 15, 8, 14, 13, 16, 10, 0, 4, 11, 19]",934.15,10.181885004043579
"[5, 1, 2, 6, 12, 9, 3, 17, 7, 18, 15, 8, 14, 13, 16, 10, 0, 4, 11, 19]",934.15,"[5, 1, 2, 6, 12, 9, 3, 17, 7, 18, 15, 8, 14, 13, 16, 10, 0, 4, 11, 19]",934.15,10.221014022827148
"[5, 1, 2, 6, 12, 9, 3, 17, 7, 18, 15, 8, 14, 13, 16, 10, 0, 4, 11, 19]",934.15,"[5, 1, 2, 6, 12, 9, 3, 17, 7, 18, 15, 8, 14, 13, 16, 10, 0, 4, 11, 19]",934.15,10.258362054824829
"[5, 1, 2, 6, 12, 9, 3, 17, 7, 18, 15, 8, 14, 13, 16, 10, 0, 4, 11, 19]",934.15,"[5, 1, 2, 6, 12, 9, 3, 17, 7, 18, 15, 8, 14, 13, 16, 10, 0, 4, 11, 19]",934.15,10.309675931930542
"[5, 1, 2, 6, 12, 9, 3, 17, 7, 18, 15, 8, 14, 13, 16, 10, 0, 4, 11, 19]",934.15,"[5, 1, 2, 6, 12, 9, 3, 17, 7, 18, 15, 8, 14, 13, 16, 10, 0, 4, 11, 19]",934.15,10.345464944839478
"[5, 1, 2, 6, 12, 9, 3, 17, 7, 18, 15, 8, 14, 13, 16, 10, 0, 4, 11, 19]",934.15,"[5, 1, 2, 6, 12, 9, 3, 17, 7, 18, 15, 8, 14, 13, 16, 10, 0, 4, 11, 19]",934.15,10.381210088729858
"[5, 1, 2, 6, 12, 9, 3, 17, 7, 18, 15, 8, 14, 13, 16, 10, 0, 4, 11, 19]",934.15,"[5, 1, 2, 6, 12, 9, 3, 17, 7, 18, 15, 8, 14, 13, 16, 10, 0, 4, 11, 19]",934.15,10.417360067367554
"[5, 1, 2, 6, 12, 9, 3, 17, 7, 18, 15, 8, 14, 13, 16, 10, 0, 4, 11, 19]",934.15,"[5, 1, 2, 6, 12, 9, 3, 17, 7, 18, 15, 8, 14, 13, 16, 10, 0, 4, 11, 19]",934.15,10.453658103942871
"[5, 1, 2, 6, 12, 9, 3, 17, 7, 18, 15, 8, 14, 13, 16, 10, 0, 4, 11, 19]",934.15,"[5, 1, 2, 6, 12, 9, 3, 17, 7, 18, 15, 8, 14, 13, 16, 10, 0, 4, 11, 19]",934.15,10.489367008209229
"[5, 1, 2, 6, 12, 9, 3, 17, 7, 18, 15, 8, 14, 13, 16, 10, 0, 4, 11, 19]",934.15,"[5, 1, 2, 6, 12, 9, 3, 17, 7, 18, 15, 8, 14, 13, 16, 10, 0, 4, 11, 19]",934.15,10.524517059326172
"[5, 1, 2, 6, 12, 9, 3, 17, 7, 18, 15, 8, 14, 13, 16, 10, 0, 4, 11, 19]",934.15,"[5, 1, 2, 6, 12, 9, 3, 17, 7, 18, 15, 8, 14, 13, 16, 10, 0, 4, 11, 19]",934.15,10.55960488319397
"[5, 1, 2, 6, 12, 9, 3, 17, 7, 18, 15, 8, 14, 13, 16, 10, 0, 4, 11, 19]",934.15,"[5, 1, 2, 6, 12, 9, 3, 17, 7, 18, 15, 8, 14, 13, 16, 10, 0, 4, 11, 19]",934.15,10.595109939575195
"[5, 1, 2, 6, 12, 9, 3, 17, 7, 18, 15, 8, 14, 13, 16, 10, 0, 4, 11, 19]",934.15,"[5, 1, 2, 6, 12, 9, 3, 17, 7, 18, 15, 8, 14, 13, 16, 10, 0, 4, 11, 19]",934.15,10.630924940109253
"[5, 1, 2, 6, 12, 9, 3, 17, 7, 18, 15, 8, 14, 13, 16, 10, 0, 4, 11, 19]",934.15,"[5, 1, 2, 6, 12, 9, 3, 17, 7, 18, 15, 8, 14, 13, 16, 10, 0, 4, 11, 19]",934.15,10.666502952575684
"[5, 1, 2, 6, 12, 9, 3, 17, 7, 18, 15, 8, 14, 13, 16, 10, 0, 4, 11, 19]",934.15,"[5, 1, 2, 6, 12, 9, 3, 17, 7, 18, 15, 8, 14, 13, 16, 10, 0, 4, 11, 19]",934.15,10.701964855194092
"[5, 1, 2, 6, 12, 9, 3, 17, 7, 18, 15, 8, 14, 13, 16, 10, 0, 4, 11, 19]",934.15,"[5, 1, 2, 6, 12, 9, 3, 17, 7, 18, 15, 8, 14, 13, 16, 10, 0, 4, 11, 19]",934.15,10.73738694190979
"[5, 1, 2, 6, 12, 9, 3, 17, 7, 18, 15, 8, 14, 13, 16, 10, 0, 4, 11, 19]",934.15,"[5, 1, 2, 6, 12, 9, 3, 17, 7, 18, 15, 8, 14, 13, 16, 10, 0, 4, 11, 19]",934.15,10.772627115249634
"[5, 1, 2, 6, 12, 9, 3, 17, 7, 18, 15, 8, 14, 13, 16, 10, 0, 4, 11, 19]",934.15,"[5, 1, 2, 6, 12, 9, 3, 17, 7, 18, 15, 8, 14, 13, 16, 10, 0, 4, 11, 19]",934.15,10.808121919631958
"[5, 1, 2, 6, 12, 9, 3, 17, 7, 18, 15, 8, 14, 13, 16, 10, 0, 4, 11, 19]",934.15,"[5, 1, 2, 6, 12, 9, 3, 17, 7, 18, 15, 8, 14, 13, 16, 10, 0, 4, 11, 19]",934.15,10.843235969543457
"[5, 1, 2, 6, 12, 9, 3, 17, 7, 18, 15, 8, 14, 13, 16, 10, 0, 4, 11, 19]",934.15,"[5, 1, 2, 6, 12, 9, 3, 17, 7, 18, 15, 8, 14, 13, 16, 10, 0, 4, 11, 19]",934.15,10.879152059555054
"[5, 1, 2, 6, 12, 9, 3, 17, 7, 18, 15, 8, 14, 13, 16, 10, 0, 4, 11, 19]",934.15,"[5, 1, 2, 6, 12, 9, 3, 17, 7, 18, 15, 8, 14, 13, 16, 10, 0, 4, 11, 19]",934.15,10.917558908462524
"[5, 1, 2, 6, 12, 9, 3, 17, 7, 18, 15, 8, 14, 13, 16, 10, 0, 4, 11, 19]",934.15,"[5, 1, 2, 6, 12, 9, 3, 17, 7, 18, 15, 8, 14, 13, 16, 10, 0, 4, 11, 19]",934.15,10.953534126281738
"[5, 1, 2, 6, 12, 9, 3, 17, 7, 18, 15, 8, 14, 13, 16, 10, 0, 4, 11, 19]",934.15,"[5, 1, 2, 6, 12, 9, 3, 17, 7, 18, 15, 8, 14, 13, 16, 10, 0, 4, 11, 19]",934.15,10.989339113235474
"[5, 1, 2, 6, 12, 9, 3, 17, 7, 18, 15, 8, 14, 13, 16, 10, 0, 4, 11, 19]",934.15,"[5, 1, 2, 6, 12, 9, 3, 17, 7, 18, 15, 8, 14, 13, 16, 10, 0, 4, 11, 19]",934.15,11.028526067733765
"[5, 1, 2, 6, 12, 9, 3, 17, 7, 18, 15, 8, 14, 13, 16, 10, 0, 4, 11, 19]",934.15,"[5, 1, 2, 6, 12, 9, 3, 17, 7, 18, 15, 8, 14, 13, 16, 10, 0, 4, 11, 19]",934.15,11.066062927246094
"[5, 1, 2, 6, 12, 9, 3, 17, 7, 18, 15, 8, 14, 13, 16, 10, 0, 4, 11, 19]",934.15,"[5, 1, 2, 6, 12, 9, 3, 17, 7, 18, 15, 8, 14, 13, 16, 10, 0, 4, 11, 19]",934.15,11.102270126342773
"[5, 1, 2, 6, 12, 9, 3, 17, 7, 18, 15, 8, 14, 13, 16, 10, 0, 4, 11, 19]",934.15,"[5, 1, 2, 6, 12, 9, 3, 17, 7, 18, 15, 8, 14, 13, 16, 10, 0, 4, 11, 19]",934.15,11.138099193572998
"[5, 1, 2, 6, 12, 9, 3, 17, 7, 18, 15, 8, 14, 13, 16, 10, 0, 4, 11, 19]",934.15,"[5, 1, 2, 6, 12, 9, 3, 17, 7, 18, 15, 8, 14, 13, 16, 10, 0, 4, 11, 19]",934.15,11.173513889312744
"[5, 1, 2, 6, 12, 9, 3, 17, 7, 18, 15, 8, 14, 13, 16, 10, 0, 4, 11, 19]",934.15,"[5, 1, 2, 6, 12, 9, 3, 17, 7, 18, 15, 8, 14, 13, 16, 10, 0, 4, 11, 19]",934.15,11.209080934524536
"[5, 1, 2, 6, 12, 9, 3, 17, 7, 18, 15, 8, 14, 13, 16, 10, 0, 4, 11, 19]",934.15,"[5, 1, 2, 6, 12, 9, 3, 17, 7, 18, 15, 8, 14, 13, 16, 10, 0, 4, 11, 19]",934.15,11.24432921409607
"[5, 1, 2, 6, 12, 9, 3, 17, 7, 18, 15, 8, 14, 13, 16, 10, 0, 4, 11, 19]",934.15,"[5, 1, 2, 6, 12, 9, 3, 17, 7, 18, 15, 8, 14, 13, 16, 10, 0, 4, 11, 19]",934.15,11.280164957046509
"[5, 1, 2, 6, 12, 9, 3, 17, 7, 18, 15, 8, 14, 13, 16, 10, 0, 4, 11, 19]",934.15,"[5, 1, 2, 6, 12, 9, 3, 17, 7, 18, 15, 8, 14, 13, 16, 10, 0, 4, 11, 19]",934.15,11.315688133239746
"[5, 1, 2, 6, 12, 9, 3, 17, 7, 18, 15, 8, 14, 13, 16, 10, 0, 4, 11, 19]",934.15,"[5, 1, 2, 6, 12, 9, 3, 17, 7, 18, 15, 8, 14, 13, 16, 10, 0, 4, 11, 19]",934.15,11.35158109664917
"[5, 1, 2, 6, 12, 9, 3, 17, 7, 18, 15, 8, 14, 13, 16, 10, 0, 4, 11, 19]",934.15,"[5, 1, 2, 6, 12, 9, 3, 17, 7, 18, 15, 8, 14, 13, 16, 10, 0, 4, 11, 19]",934.15,11.386822938919067
"[5, 1, 2, 6, 12, 9, 3, 17, 7, 18, 15, 8, 14, 13, 16, 10, 0, 4, 11, 19]",934.15,"[5, 1, 2, 6, 12, 9, 3, 17, 7, 18, 15, 8, 14, 13, 16, 10, 0, 4, 11, 19]",934.15,11.422280073165894
"[5, 1, 2, 6, 12, 9, 3, 17, 7, 18, 15, 8, 14, 13, 16, 10, 0, 4, 11, 19]",934.15,"[5, 1, 2, 6, 12, 9, 3, 17, 7, 18, 15, 8, 14, 13, 16, 10, 0, 4, 11, 19]",934.15,11.457547903060913
"[5, 1, 2, 6, 12, 9, 3, 17, 7, 18, 15, 8, 14, 13, 16, 10, 0, 4, 11, 19]",934.15,"[5, 1, 2, 6, 12, 9, 3, 17, 7, 18, 15, 8, 14, 13, 16, 10, 0, 4, 11, 19]",934.15,11.492702007293701
"[5, 1, 2, 6, 12, 9, 3, 17, 7, 18, 15, 8, 14, 13, 16, 10, 0, 4, 11, 19]",934.15,"[5, 1, 2, 6, 12, 9, 3, 17, 7, 18, 15, 8, 14, 13, 16, 10, 0, 4, 11, 19]",934.15,11.527857065200806
"[5, 1, 2, 6, 12, 9, 3, 17, 7, 18, 15, 8, 14, 13, 16, 10, 0, 4, 11, 19]",934.15,"[5, 1, 2, 6, 12, 9, 3, 17, 7, 18, 15, 8, 14, 13, 16, 10, 0, 4, 11, 19]",934.15,11.565221071243286
"[5, 1, 2, 6, 12, 9, 3, 17, 7, 18, 15, 8, 14, 13, 16, 10, 0, 4, 11, 19]",934.15,"[5, 1, 2, 6, 12, 9, 3, 17, 7, 18, 15, 8, 14, 13, 16, 10, 0, 4, 11, 19]",934.15,11.600831985473633
"[5, 1, 2, 6, 12, 9, 3, 17, 7, 18, 15, 8, 14, 13, 16, 10, 0, 4, 11, 19]",934.15,"[5, 1, 2, 6, 12, 9, 3, 17, 7, 18, 15, 8, 14, 13, 16, 10, 0, 4, 11, 19]",934.15,11.63604998588562
"[5, 1, 2, 6, 12, 9, 3, 17, 7, 18, 15, 8, 14, 13, 16, 10, 0, 4, 11, 19]",934.15,"[5, 1, 2, 6, 12, 9, 3, 17, 7, 18, 15, 8, 14, 13, 16, 10, 0, 4, 11, 19]",934.15,11.671660900115967
"[5, 1, 2, 6, 12, 9, 3, 17, 7, 18, 15, 8, 14, 13, 16, 10, 0, 4, 11, 19]",934.15,"[5, 1, 2, 6, 12, 9, 3, 17, 7, 18, 15, 8, 14, 13, 16, 10, 0, 4, 11, 19]",934.15,11.707267045974731
"[5, 1, 2, 6, 12, 9, 3, 17, 7, 18, 15, 8, 14, 13, 16, 10, 0, 4, 11, 19]",934.15,"[5, 1, 2, 6, 12, 9, 3, 17, 7, 18, 15, 8, 14, 13, 16, 10, 0, 4, 11, 19]",934.15,11.74261212348938
"[5, 1, 2, 6, 12, 9, 3, 17, 7, 18, 15, 8, 14, 13, 16, 10, 0, 4, 11, 19]",934.15,"[5, 1, 2, 6, 12, 9, 3, 17, 7, 18, 15, 8, 14, 13, 16, 10, 0, 4, 11, 19]",934.15,11.77780795097351
"[5, 1, 2, 6, 12, 9, 3, 17, 7, 18, 15, 8, 14, 13, 16, 10, 0, 4, 11, 19]",934.15,"[5, 1, 2, 6, 12, 9, 3, 17, 7, 18, 15, 8, 14, 13, 16, 10, 0, 4, 11, 19]",934.15,11.812830209732056
"[5, 1, 2, 6, 12, 9, 15, 17, 7, 18, 3, 8, 14, 13, 16, 10, 0, 4, 11, 19]",928.55,"[5, 1, 2, 6, 12, 9, 15, 17, 7, 18, 3, 8, 14, 13, 16, 10, 0, 4, 11, 19]",928.55,11.848284006118774
"[5, 1, 2, 6, 12, 9, 15, 17, 7, 18, 3, 8, 14, 13, 16, 10, 0, 4, 11, 19]",928.55,"[5, 1, 2, 6, 12, 9, 15, 17, 7, 18, 3, 8, 14, 13, 16, 10, 0, 4, 11, 19]",928.55,11.883533000946045
"[5, 1, 2, 6, 12, 9, 15, 17, 7, 18, 3, 8, 14, 13, 16, 10, 0, 4, 11, 19]",928.55,"[5, 1, 2, 6, 12, 9, 15, 17, 7, 18, 3, 8, 14, 13, 16, 10, 0, 4, 11, 19]",928.55,11.919060230255127
"[5, 1, 2, 6, 12, 9, 15, 17, 7, 18, 3, 8, 14, 13, 16, 10, 0, 4, 11, 19]",928.55,"[5, 1, 2, 6, 12, 9, 15, 17, 7, 18, 3, 8, 14, 13, 16, 10, 0, 4, 11, 19]",928.55,11.956790924072266
"[5, 1, 2, 6, 12, 9, 15, 17, 7, 18, 3, 8, 14, 13, 16, 10, 0, 4, 11, 19]",928.55,"[5, 1, 2, 6, 12, 9, 15, 17, 7, 18, 3, 8, 14, 13, 16, 10, 0, 4, 11, 19]",928.55,11.992757797241211
"[5, 1, 2, 6, 12, 9, 15, 17, 7, 18, 3, 8, 14, 13, 16, 10, 0, 4, 11, 19]",928.55,"[5, 1, 2, 6, 12, 9, 15, 17, 7, 18, 3, 8, 14, 13, 16, 10, 0, 4, 11, 19]",928.55,12.028729915618896
"[5, 1, 2, 6, 12, 9, 15, 17, 7, 18, 3, 8, 14, 13, 16, 10, 0, 4, 11, 19]",928.55,"[5, 1, 2, 6, 12, 9, 15, 17, 7, 18, 3, 8, 14, 13, 16, 10, 0, 4, 11, 19]",928.55,12.064198017120361
"[5, 1, 2, 6, 12, 9, 15, 17, 7, 18, 3, 8, 14, 13, 16, 10, 0, 4, 11, 19]",928.55,"[5, 1, 2, 6, 12, 9, 15, 17, 7, 18, 3, 8, 14, 13, 16, 10, 0, 4, 11, 19]",928.55,12.099478006362915
"[5, 1, 2, 6, 12, 9, 15, 17, 7, 18, 3, 8, 14, 13, 16, 10, 0, 4, 11, 19]",928.55,"[5, 1, 2, 6, 12, 9, 15, 17, 7, 18, 3, 8, 14, 13, 16, 10, 0, 4, 11, 19]",928.55,12.155291080474854
"[5, 1, 2, 6, 12, 9, 15, 17, 7, 18, 3, 8, 14, 13, 16, 10, 0, 4, 11, 19]",928.55,"[5, 1, 2, 6, 12, 9, 15, 17, 7, 18, 3, 8, 14, 13, 16, 10, 0, 4, 11, 19]",928.55,12.191114902496338
"[5, 1, 2, 6, 12, 9, 15, 17, 7, 18, 3, 8, 14, 13, 16, 10, 0, 4, 11, 19]",928.55,"[5, 1, 2, 6, 12, 9, 15, 17, 7, 18, 3, 8, 14, 13, 16, 10, 0, 4, 11, 19]",928.55,12.226490020751953
"[5, 1, 2, 6, 12, 9, 15, 17, 7, 18, 3, 8, 14, 13, 16, 10, 0, 4, 11, 19]",928.55,"[5, 1, 2, 6, 12, 9, 15, 17, 7, 18, 3, 8, 14, 13, 16, 10, 0, 4, 11, 19]",928.55,12.271422863006592
"[5, 1, 2, 6, 12, 9, 15, 17, 7, 18, 3, 8, 14, 13, 16, 10, 0, 4, 11, 19]",928.55,"[5, 1, 2, 6, 12, 9, 15, 17, 7, 18, 3, 8, 14, 13, 16, 10, 0, 4, 11, 19]",928.55,12.312742948532104
"[5, 1, 2, 6, 12, 9, 15, 17, 7, 18, 3, 8, 14, 13, 16, 10, 0, 4, 11, 19]",928.55,"[5, 1, 2, 6, 12, 9, 15, 17, 7, 18, 3, 8, 14, 13, 16, 10, 0, 4, 11, 19]",928.55,12.353330135345459
"[5, 1, 2, 6, 12, 9, 15, 17, 7, 18, 3, 8, 14, 13, 16, 10, 0, 4, 11, 19]",928.55,"[5, 1, 2, 6, 12, 9, 15, 17, 7, 18, 3, 8, 14, 13, 16, 10, 0, 4, 11, 19]",928.55,12.396938800811768
"[5, 1, 2, 6, 12, 9, 15, 17, 7, 18, 3, 8, 14, 13, 16, 10, 0, 4, 11, 19]",928.55,"[5, 1, 2, 6, 12, 9, 15, 17, 7, 18, 3, 8, 14, 13, 16, 10, 0, 4, 11, 19]",928.55,12.454242944717407
"[5, 1, 2, 6, 12, 9, 15, 17, 7, 18, 3, 8, 14, 13, 16, 10, 0, 4, 11, 19]",928.55,"[5, 1, 2, 6, 12, 9, 15, 17, 7, 18, 3, 8, 14, 13, 16, 10, 0, 4, 11, 19]",928.55,12.494655847549438
"[5, 1, 2, 6, 12, 9, 15, 17, 7, 18, 3, 8, 14, 13, 16, 10, 0, 4, 11, 19]",928.55,"[5, 1, 2, 6, 12, 9, 15, 17, 7, 18, 3, 8, 14, 13, 16, 10, 0, 4, 11, 19]",928.55,12.532863855361938
"[5, 1, 2, 6, 12, 9, 15, 17, 7, 18, 3, 8, 14, 13, 16, 10, 0, 4, 11, 19]",928.55,"[5, 1, 2, 6, 12, 9, 15, 17, 7, 18, 3, 8, 14, 13, 16, 10, 0, 4, 11, 19]",928.55,12.569859027862549
"[5, 1, 2, 6, 12, 9, 15, 17, 7, 18, 3, 8, 14, 13, 16, 10, 0, 4, 11, 19]",928.55,"[5, 1, 2, 6, 12, 9, 15, 17, 7, 18, 3, 8, 14, 13, 16, 10, 0, 4, 11, 19]",928.55,12.606657981872559
"[5, 1, 2, 6, 12, 9, 15, 17, 7, 18, 3, 8, 14, 13, 16, 10, 0, 4, 11, 19]",928.55,"[5, 1, 2, 6, 12, 9, 15, 17, 7, 18, 3, 8, 14, 13, 16, 10, 0, 4, 11, 19]",928.55,12.643430948257446
"[5, 1, 2, 6, 12, 9, 15, 17, 7, 18, 3, 8, 14, 13, 16, 10, 0, 4, 11, 19]",928.55,"[5, 1, 2, 6, 12, 9, 15, 17, 7, 18, 3, 8, 14, 13, 16, 10, 0, 4, 11, 19]",928.55,12.680017948150635
"[5, 1, 2, 6, 12, 9, 15, 17, 7, 18, 3, 8, 14, 13, 16, 10, 0, 4, 11, 19]",928.55,"[5, 1, 2, 6, 12, 9, 15, 17, 7, 18, 3, 8, 14, 13, 16, 10, 0, 4, 11, 19]",928.55,12.717923879623413
"[5, 1, 2, 6, 12, 9, 15, 17, 7, 18, 3, 8, 14, 13, 16, 10, 0, 4, 11, 19]",928.55,"[5, 1, 2, 6, 12, 9, 15, 17, 7, 18, 3, 8, 14, 13, 16, 10, 0, 4, 11, 19]",928.55,12.754069805145264
"[5, 1, 2, 6, 12, 9, 15, 17, 7, 18, 3, 8, 14, 13, 16, 10, 0, 4, 11, 19]",928.55,"[5, 1, 2, 6, 12, 9, 15, 17, 7, 18, 3, 8, 14, 13, 16, 10, 0, 4, 11, 19]",928.55,12.790092945098877
"[5, 1, 2, 6, 12, 9, 15, 17, 7, 18, 3, 8, 14, 13, 16, 10, 0, 4, 11, 19]",928.55,"[5, 1, 2, 6, 12, 9, 15, 17, 7, 18, 3, 8, 14, 13, 16, 10, 0, 4, 11, 19]",928.55,12.826079845428467
"[5, 1, 2, 6, 12, 9, 15, 17, 7, 18, 3, 8, 14, 13, 16, 10, 0, 4, 11, 19]",928.55,"[5, 1, 2, 6, 12, 9, 15, 17, 7, 18, 3, 8, 14, 13, 16, 10, 0, 4, 11, 19]",928.55,12.862503051757812
"[5, 1, 2, 6, 12, 9, 15, 17, 7, 18, 3, 8, 14, 13, 16, 10, 0, 4, 11, 19]",928.55,"[5, 1, 2, 6, 12, 9, 15, 17, 7, 18, 3, 8, 14, 13, 16, 10, 0, 4, 11, 19]",928.55,12.899309873580933
"[5, 1, 2, 6, 12, 9, 15, 17, 7, 18, 3, 8, 14, 13, 16, 10, 0, 4, 11, 19]",928.55,"[5, 1, 2, 6, 12, 9, 15, 17, 7, 18, 3, 8, 14, 13, 16, 10, 0, 4, 11, 19]",928.55,12.935468912124634
"[5, 1, 2, 6, 12, 9, 15, 17, 7, 18, 3, 8, 14, 13, 16, 10, 0, 4, 11, 19]",928.55,"[5, 1, 2, 6, 12, 9, 15, 17, 7, 18, 3, 8, 14, 13, 16, 10, 0, 4, 11, 19]",928.55,12.976883888244629
"[5, 1, 2, 6, 12, 9, 15, 17, 7, 18, 3, 8, 14, 13, 16, 10, 0, 4, 11, 19]",928.55,"[5, 1, 2, 6, 12, 9, 15, 17, 7, 18, 3, 8, 14, 13, 16, 10, 0, 4, 11, 19]",928.55,13.020813941955566
"[5, 1, 2, 6, 12, 9, 15, 17, 7, 18, 3, 8, 14, 13, 16, 10, 0, 4, 11, 19]",928.55,"[5, 1, 2, 6, 12, 9, 15, 17, 7, 18, 3, 8, 14, 13, 16, 10, 0, 4, 11, 19]",928.55,13.059305906295776
"[5, 1, 2, 6, 12, 9, 15, 17, 7, 18, 3, 8, 14, 13, 16, 10, 0, 4, 11, 19]",928.55,"[5, 1, 2, 6, 12, 9, 15, 17, 7, 18, 3, 8, 14, 13, 16, 10, 0, 4, 11, 19]",928.55,13.095980882644653
"[5, 1, 2, 6, 12, 9, 15, 17, 7, 18, 3, 8, 14, 13, 16, 10, 0, 4, 11, 19]",928.55,"[5, 1, 2, 6, 12, 9, 15, 17, 7, 18, 3, 8, 14, 13, 16, 10, 0, 4, 11, 19]",928.55,13.13281798362732
"[5, 1, 2, 6, 12, 9, 15, 17, 7, 18, 3, 8, 14, 13, 16, 10, 0, 4, 11, 19]",928.55,"[5, 1, 2, 6, 12, 9, 15, 17, 7, 18, 3, 8, 14, 13, 16, 10, 0, 4, 11, 19]",928.55,13.169511079788208
"[5, 1, 2, 6, 12, 9, 15, 17, 7, 18, 3, 8, 14, 13, 16, 10, 0, 4, 11, 19]",928.55,"[5, 1, 2, 6, 12, 9, 15, 17, 7, 18, 3, 8, 14, 13, 16, 10, 0, 4, 11, 19]",928.55,13.205175876617432
"[5, 1, 2, 6, 12, 9, 15, 17, 7, 18, 3, 8, 14, 13, 16, 10, 0, 4, 11, 19]",928.55,"[5, 1, 2, 6, 12, 9, 15, 17, 7, 18, 3, 8, 14, 13, 16, 10, 0, 4, 11, 19]",928.55,13.240598917007446
"[5, 1, 2, 6, 12, 9, 15, 17, 7, 18, 3, 8, 14, 13, 16, 10, 0, 4, 11, 19]",928.55,"[5, 1, 2, 6, 12, 9, 15, 17, 7, 18, 3, 8, 14, 13, 16, 10, 0, 4, 11, 19]",928.55,13.27599287033081
"[5, 1, 2, 6, 12, 9, 15, 17, 7, 18, 3, 8, 14, 13, 16, 10, 0, 4, 11, 19]",928.55,"[5, 1, 2, 6, 12, 9, 15, 17, 7, 18, 3, 8, 14, 13, 16, 10, 0, 4, 11, 19]",928.55,13.31144404411316
"[5, 1, 2, 6, 12, 9, 15, 17, 7, 18, 3, 8, 14, 13, 16, 10, 0, 4, 11, 19]",928.55,"[5, 1, 2, 6, 12, 9, 15, 17, 7, 18, 3, 8, 14, 13, 16, 10, 0, 4, 11, 19]",928.55,13.347200870513916
"[5, 1, 2, 6, 12, 9, 15, 17, 7, 18, 3, 8, 14, 13, 16, 10, 0, 4, 11, 19]",928.55,"[5, 1, 2, 6, 12, 9, 15, 17, 7, 18, 3, 8, 14, 13, 16, 10, 0, 4, 11, 19]",928.55,13.383454084396362
"[5, 1, 2, 6, 12, 9, 15, 17, 7, 18, 3, 8, 14, 13, 16, 10, 0, 4, 11, 19]",928.55,"[5, 1, 2, 6, 12, 9, 15, 17, 7, 18, 3, 8, 14, 13, 16, 10, 0, 4, 11, 19]",928.55,13.418774843215942
"[5, 1, 2, 6, 12, 9, 15, 17, 7, 18, 3, 8, 14, 13, 16, 10, 0, 4, 11, 19]",928.55,"[5, 1, 2, 6, 12, 9, 15, 17, 7, 18, 3, 8, 14, 13, 16, 10, 0, 4, 11, 19]",928.55,13.454253911972046
"[5, 1, 2, 6, 12, 9, 15, 17, 7, 18, 3, 8, 14, 13, 16, 10, 0, 4, 11, 19]",928.55,"[5, 1, 2, 6, 12, 9, 15, 17, 7, 18, 3, 8, 14, 13, 16, 10, 0, 4, 11, 19]",928.55,13.489624977111816
"[5, 1, 2, 6, 12, 9, 15, 17, 7, 18, 3, 8, 14, 13, 16, 10, 0, 4, 11, 19]",928.55,"[5, 1, 2, 6, 12, 9, 15, 17, 7, 18, 3, 8, 14, 13, 16, 10, 0, 4, 11, 19]",928.55,13.525007963180542
"[5, 1, 2, 6, 12, 9, 15, 17, 7, 18, 3, 8, 14, 13, 16, 10, 0, 4, 11, 19]",928.55,"[5, 1, 2, 6, 12, 9, 15, 17, 7, 18, 3, 8, 14, 13, 16, 10, 0, 4, 11, 19]",928.55,13.560425043106079
"[5, 1, 2, 6, 12, 9, 15, 17, 7, 18, 3, 8, 14, 13, 16, 10, 0, 4, 11, 19]",928.55,"[5, 1, 2, 6, 12, 9, 15, 17, 7, 18, 3, 8, 14, 13, 16, 10, 0, 4, 11, 19]",928.55,13.595602035522461
"[5, 1, 2, 6, 12, 9, 15, 17, 7, 18, 3, 8, 14, 13, 16, 10, 0, 4, 11, 19]",928.55,"[5, 1, 2, 6, 12, 9, 15, 17, 7, 18, 3, 8, 14, 13, 16, 10, 0, 4, 11, 19]",928.55,13.631494998931885
"[5, 1, 2, 6, 12, 9, 15, 17, 7, 18, 3, 8, 14, 13, 16, 10, 0, 4, 11, 19]",928.55,"[5, 1, 2, 6, 12, 9, 15, 17, 7, 18, 3, 8, 14, 13, 16, 10, 0, 4, 11, 19]",928.55,13.66703987121582
"[5, 1, 2, 6, 12, 9, 15, 17, 7, 18, 3, 8, 14, 13, 16, 10, 0, 4, 11, 19]",928.55,"[5, 1, 2, 6, 12, 9, 15, 17, 7, 18, 3, 8, 14, 13, 16, 10, 0, 4, 11, 19]",928.55,13.702286958694458
"[5, 1, 2, 6, 12, 9, 15, 17, 7, 18, 3, 8, 14, 13, 16, 10, 0, 4, 11, 19]",928.55,"[5, 1, 2, 6, 12, 9, 15, 17, 7, 18, 3, 8, 14, 13, 16, 10, 0, 4, 11, 19]",928.55,13.73809289932251
"[5, 1, 2, 6, 12, 9, 15, 17, 7, 18, 3, 8, 14, 13, 16, 10, 0, 4, 11, 19]",928.55,"[5, 1, 2, 6, 12, 9, 15, 17, 7, 18, 3, 8, 14, 13, 16, 10, 0, 4, 11, 19]",928.55,13.789155006408691
"[5, 1, 2, 6, 12, 9, 15, 17, 7, 18, 3, 8, 14, 13, 16, 10, 0, 4, 11, 19]",928.55,"[5, 1, 2, 6, 12, 9, 15, 17, 7, 18, 3, 8, 14, 13, 16, 10, 0, 4, 11, 19]",928.55,13.825097799301147
"[5, 1, 2, 6, 12, 9, 15, 17, 7, 18, 3, 8, 14, 13, 16, 10, 0, 4, 11, 19]",928.55,"[5, 1, 2, 6, 12, 9, 15, 17, 7, 18, 3, 8, 14, 13, 16, 10, 0, 4, 11, 19]",928.55,13.860544919967651
"[5, 1, 2, 6, 12, 9, 15, 17, 7, 18, 3, 8, 14, 13, 16, 10, 0, 4, 11, 19]",928.55,"[5, 1, 2, 6, 12, 9, 15, 17, 7, 18, 3, 8, 14, 13, 16, 10, 0, 4, 11, 19]",928.55,13.896156072616577
"[5, 1, 2, 6, 12, 9, 15, 17, 7, 18, 3, 8, 14, 13, 16, 10, 0, 4, 11, 19]",928.55,"[5, 1, 2, 6, 12, 9, 15, 17, 7, 18, 3, 8, 14, 13, 16, 10, 0, 4, 11, 19]",928.55,13.93170690536499
"[5, 1, 2, 6, 12, 9, 15, 17, 7, 18, 3, 8, 14, 13, 16, 10, 0, 4, 11, 19]",928.55,"[5, 1, 2, 6, 12, 9, 15, 17, 7, 18, 3, 8, 14, 13, 16, 10, 0, 4, 11, 19]",928.55,13.9668550491333
"[5, 1, 2, 6, 12, 9, 15, 17, 7, 18, 3, 8, 14, 13, 16, 10, 0, 4, 11, 19]",928.55,"[5, 1, 2, 6, 12, 9, 15, 17, 7, 18, 3, 8, 14, 13, 16, 10, 0, 4, 11, 19]",928.55,14.001911878585815
"[5, 1, 2, 6, 12, 9, 15, 17, 7, 18, 3, 8, 14, 13, 16, 10, 0, 4, 11, 19]",928.55,"[5, 1, 2, 6, 12, 9, 15, 17, 7, 18, 3, 8, 14, 13, 16, 10, 0, 4, 11, 19]",928.55,14.036956071853638
"[5, 1, 2, 6, 12, 9, 15, 17, 7, 18, 3, 8, 14, 13, 16, 10, 0, 4, 11, 19]",928.55,"[5, 1, 2, 6, 12, 9, 15, 17, 7, 18, 3, 8, 14, 13, 16, 10, 0, 4, 11, 19]",928.55,14.07265591621399
"[5, 1, 2, 6, 12, 9, 15, 17, 7, 18, 3, 8, 14, 13, 16, 10, 0, 4, 11, 19]",928.55,"[5, 1, 2, 6, 12, 9, 15, 17, 7, 18, 3, 8, 14, 13, 16, 10, 0, 4, 11, 19]",928.55,14.10836386680603
"[5, 1, 2, 6, 12, 9, 15, 17, 7, 18, 3, 8, 14, 13, 16, 10, 0, 4, 11, 19]",928.55,"[5, 1, 2, 6, 12, 9, 15, 17, 7, 18, 3, 8, 14, 13, 16, 10, 0, 4, 11, 19]",928.55,14.143970012664795
"[5, 1, 2, 6, 12, 9, 15, 17, 7, 18, 3, 8, 14, 13, 16, 10, 0, 4, 11, 19]",928.55,"[5, 1, 2, 6, 12, 9, 15, 17, 7, 18, 3, 8, 14, 13, 16, 10, 0, 4, 11, 19]",928.55,14.18008804321289
"[5, 1, 2, 6, 12, 9, 15, 17, 7, 18, 3, 8, 14, 13, 16, 10, 0, 4, 11, 19]",928.55,"[5, 1, 2, 6, 12, 9, 15, 17, 7, 18, 3, 8, 14, 13, 16, 10, 0, 4, 11, 19]",928.55,14.215780973434448
"[5, 1, 2, 6, 12, 9, 15, 17, 7, 18, 3, 8, 14, 13, 16, 10, 0, 4, 11, 19]",928.55,"[5, 1, 2, 6, 12, 9, 15, 17, 7, 18, 3, 8, 14, 13, 16, 10, 0, 4, 11, 19]",928.55,14.251349925994873
"[5, 1, 2, 6, 12, 9, 15, 17, 7, 18, 3, 8, 14, 13, 16, 10, 0, 4, 11, 19]",928.55,"[5, 1, 2, 6, 12, 9, 15, 17, 7, 18, 3, 8, 14, 13, 16, 10, 0, 4, 11, 19]",928.55,14.286429166793823
"[5, 1, 2, 6, 12, 9, 15, 17, 7, 18, 3, 8, 14, 13, 16, 10, 0, 4, 11, 19]",928.55,"[5, 1, 2, 6, 12, 9, 15, 17, 7, 18, 3, 8, 14, 13, 16, 10, 0, 4, 11, 19]",928.55,14.321818113327026
"[5, 1, 2, 6, 12, 9, 15, 17, 7, 18, 3, 8, 14, 13, 16, 10, 0, 4, 11, 19]",928.55,"[5, 1, 2, 6, 12, 9, 15, 17, 7, 18, 3, 8, 14, 13, 16, 10, 0, 4, 11, 19]",928.55,14.357310771942139
"[5, 1, 2, 6, 12, 9, 15, 17, 7, 18, 3, 8, 14, 13, 16, 10, 0, 4, 11, 19]",928.55,"[5, 1, 2, 6, 12, 9, 15, 17, 7, 18, 3, 8, 14, 13, 16, 10, 0, 4, 11, 19]",928.55,14.392611980438232
"[5, 1, 2, 6, 12, 9, 15, 17, 7, 18, 3, 8, 14, 13, 16, 10, 0, 4, 11, 19]",928.55,"[5, 1, 2, 6, 12, 9, 15, 17, 7, 18, 3, 8, 14, 13, 16, 10, 0, 4, 11, 19]",928.55,14.427796840667725
"[5, 1, 2, 6, 12, 9, 15, 17, 7, 18, 3, 8, 14, 13, 16, 10, 0, 4, 11, 19]",928.55,"[5, 1, 2, 6, 12, 9, 15, 17, 7, 18, 3, 8, 14, 13, 16, 10, 0, 4, 11, 19]",928.55,14.463047981262207
"[5, 1, 2, 6, 12, 9, 15, 17, 7, 18, 3, 8, 14, 13, 16, 10, 0, 4, 11, 19]",928.55,"[5, 1, 2, 6, 12, 9, 15, 17, 7, 18, 3, 8, 14, 13, 16, 10, 0, 4, 11, 19]",928.55,14.499213933944702
"[5, 1, 2, 6, 12, 9, 15, 17, 7, 18, 3, 8, 14, 13, 16, 10, 0, 4, 11, 19]",928.55,"[5, 1, 2, 6, 12, 9, 15, 17, 7, 18, 3, 8, 14, 13, 16, 10, 0, 4, 11, 19]",928.55,14.534619092941284
"[5, 1, 2, 6, 12, 9, 15, 17, 7, 18, 3, 8, 14, 13, 16, 10, 0, 4, 11, 19]",928.55,"[5, 1, 2, 6, 12, 9, 15, 17, 7, 18, 3, 8, 14, 13, 16, 10, 0, 4, 11, 19]",928.55,14.569730997085571
"[5, 1, 2, 6, 12, 9, 15, 17, 7, 18, 3, 8, 14, 13, 16, 10, 0, 4, 11, 19]",928.55,"[5, 1, 2, 6, 12, 9, 15, 17, 7, 18, 3, 8, 14, 13, 16, 10, 0, 4, 11, 19]",928.55,14.605172872543335
"[5, 1, 2, 6, 12, 9, 15, 17, 7, 18, 3, 8, 14, 13, 16, 10, 0, 4, 11, 19]",928.55,"[5, 1, 2, 6, 12, 9, 15, 17, 7, 18, 3, 8, 14, 13, 16, 10, 0, 4, 11, 19]",928.55,14.640336036682129
"[5, 1, 2, 6, 12, 9, 15, 17, 7, 18, 3, 8, 14, 13, 16, 10, 0, 4, 11, 19]",928.55,"[5, 1, 2, 6, 12, 9, 15, 17, 7, 18, 3, 8, 14, 13, 16, 10, 0, 4, 11, 19]",928.55,14.675684928894043
"[5, 1, 2, 6, 12, 9, 15, 17, 7, 18, 3, 8, 14, 13, 16, 10, 0, 4, 11, 19]",928.55,"[5, 1, 2, 6, 12, 9, 15, 17, 7, 18, 3, 8, 14, 13, 16, 10, 0, 4, 11, 19]",928.55,14.712201118469238
"[5, 1, 2, 6, 12, 9, 15, 17, 7, 18, 3, 8, 14, 13, 16, 10, 0, 4, 11, 19]",928.55,"[5, 1, 2, 6, 12, 9, 15, 17, 7, 18, 3, 8, 14, 13, 16, 10, 0, 4, 11, 19]",928.55,14.7482590675354
"[5, 1, 2, 6, 12, 9, 15, 17, 7, 18, 3, 8, 14, 13, 16, 10, 0, 4, 11, 19]",928.55,"[5, 1, 2, 6, 12, 9, 15, 17, 7, 18, 3, 8, 14, 13, 16, 10, 0, 4, 11, 19]",928.55,14.784105062484741
"[5, 1, 2, 6, 12, 9, 15, 17, 7, 18, 3, 8, 14, 13, 16, 10, 0, 4, 11, 19]",928.55,"[5, 1, 2, 6, 12, 9, 15, 17, 7, 18, 3, 8, 14, 13, 16, 10, 0, 4, 11, 19]",928.55,14.819661855697632
"[5, 1, 2, 6, 12, 9, 15, 17, 7, 18, 3, 8, 14, 13, 16, 10, 0, 4, 11, 19]",928.55,"[5, 1, 2, 6, 12, 9, 15, 17, 7, 18, 3, 8, 14, 13, 16, 10, 0, 4, 11, 19]",928.55,14.854660987854004
"[5, 1, 2, 6, 12, 9, 15, 17, 7, 18, 3, 8, 14, 13, 16, 10, 0, 4, 11, 19]",928.55,"[5, 1, 2, 6, 12, 9, 15, 17, 7, 18, 3, 8, 14, 13, 16, 10, 0, 4, 11, 19]",928.55,14.892071962356567
"[5, 1, 2, 6, 12, 9, 15, 17, 7, 18, 3, 8, 14, 13, 16, 10, 0, 4, 11, 19]",928.55,"[5, 1, 2, 6, 12, 9, 15, 17, 7, 18, 3, 8, 14, 13, 16, 10, 0, 4, 11, 19]",928.55,14.927879095077515
"[5, 1, 2, 6, 12, 9, 15, 17, 7, 18, 3, 8, 14, 13, 16, 10, 0, 4, 11, 19]",928.55,"[5, 1, 2, 6, 12, 9, 15, 17, 7, 18, 3, 8, 14, 13, 16, 10, 0, 4, 11, 19]",928.55,14.963535070419312
"[5, 1, 2, 6, 12, 9, 15, 17, 7, 18, 3, 8, 14, 13, 16, 10, 0, 4, 11, 19]",928.55,"[5, 1, 2, 6, 12, 9, 15, 17, 7, 18, 3, 8, 14, 13, 16, 10, 0, 4, 11, 19]",928.55,14.999721765518188
"[5, 1, 2, 6, 12, 9, 15, 17, 7, 18, 3, 8, 14, 13, 16, 10, 0, 4, 11, 19]",928.55,"[5, 1, 2, 6, 12, 9, 15, 17, 7, 18, 3, 8, 14, 13, 16, 10, 0, 4, 11, 19]",928.55,15.038875102996826
"[5, 1, 2, 6, 12, 9, 15, 17, 7, 18, 3, 8, 14, 13, 16, 10, 0, 4, 11, 19]",928.55,"[5, 1, 2, 6, 12, 9, 15, 17, 7, 18, 3, 8, 14, 13, 16, 10, 0, 4, 11, 19]",928.55,15.08065390586853
"[5, 1, 2, 6, 12, 9, 15, 17, 7, 18, 3, 8, 14, 13, 16, 10, 0, 4, 11, 19]",928.55,"[5, 1, 2, 6, 12, 9, 15, 17, 7, 18, 3, 8, 14, 13, 16, 10, 0, 4, 11, 19]",928.55,15.12405014038086
"[5, 1, 2, 6, 12, 9, 15, 17, 7, 18, 3, 8, 14, 13, 16, 10, 0, 4, 11, 19]",928.55,"[5, 1, 2, 6, 12, 9, 15, 17, 7, 18, 3, 8, 14, 13, 16, 10, 0, 4, 11, 19]",928.55,15.162225008010864
"[5, 1, 2, 6, 12, 9, 15, 17, 7, 18, 3, 8, 14, 13, 16, 10, 0, 4, 11, 19]",928.55,"[5, 1, 2, 6, 12, 9, 15, 17, 7, 18, 3, 8, 14, 13, 16, 10, 0, 4, 11, 19]",928.55,15.199172973632812
"[5, 1, 2, 6, 12, 9, 15, 17, 7, 18, 3, 8, 14, 13, 16, 10, 0, 4, 11, 19]",928.55,"[5, 1, 2, 6, 12, 9, 15, 17, 7, 18, 3, 8, 14, 13, 16, 10, 0, 4, 11, 19]",928.55,15.236543893814087
"[5, 1, 2, 6, 12, 9, 15, 17, 7, 18, 3, 8, 14, 13, 16, 10, 0, 4, 11, 19]",928.55,"[5, 1, 2, 6, 12, 9, 15, 17, 7, 18, 3, 8, 14, 13, 16, 10, 0, 4, 11, 19]",928.55,15.274029970169067
"[5, 1, 2, 6, 12, 9, 15, 17, 7, 18, 3, 8, 14, 13, 16, 10, 0, 4, 11, 19]",928.55,"[5, 1, 2, 6, 12, 9, 15, 17, 7, 18, 3, 8, 14, 13, 16, 10, 0, 4, 11, 19]",928.55,15.310343027114868
"[5, 1, 2, 6, 12, 9, 15, 17, 7, 18, 3, 8, 14, 13, 16, 10, 0, 4, 11, 19]",928.55,"[5, 1, 2, 6, 12, 9, 15, 17, 7, 18, 3, 8, 14, 13, 16, 10, 0, 4, 11, 19]",928.55,15.346166849136353
"[5, 1, 2, 6, 12, 9, 15, 17, 7, 18, 3, 8, 14, 13, 16, 10, 0, 4, 11, 19]",928.55,"[5, 1, 2, 6, 12, 9, 15, 17, 7, 18, 3, 8, 14, 13, 16, 10, 0, 4, 11, 19]",928.55,15.381983995437622
"[5, 1, 2, 6, 12, 9, 15, 17, 7, 18, 3, 8, 14, 13, 16, 10, 0, 4, 11, 19]",928.55,"[5, 1, 2, 6, 12, 9, 15, 17, 7, 18, 3, 8, 14, 13, 16, 10, 0, 4, 11, 19]",928.55,15.417777061462402
"[5, 1, 2, 6, 12, 9, 15, 17, 7, 18, 3, 8, 14, 13, 16, 10, 0, 4, 11, 19]",928.55,"[5, 1, 2, 6, 12, 9, 15, 17, 7, 18, 3, 8, 14, 13, 16, 10, 0, 4, 11, 19]",928.55,15.453993082046509
"[5, 1, 2, 6, 12, 9, 15, 17, 7, 18, 3, 8, 14, 13, 16, 10, 0, 4, 11, 19]",928.55,"[5, 1, 2, 6, 12, 9, 15, 17, 7, 18, 3, 8, 14, 13, 16, 10, 0, 4, 11, 19]",928.55,15.48937201499939
"[5, 1, 2, 6, 12, 9, 15, 17, 7, 18, 3, 8, 14, 13, 16, 10, 0, 4, 11, 19]",928.55,"[5, 1, 2, 6, 12, 9, 15, 17, 7, 18, 3, 8, 14, 13, 16, 10, 0, 4, 11, 19]",928.55,15.524931907653809
"[5, 1, 2, 6, 12, 9, 15, 17, 7, 18, 3, 8, 14, 13, 16, 10, 0, 4, 11, 19]",928.55,"[5, 1, 2, 6, 12, 9, 15, 17, 7, 18, 3, 8, 14, 13, 16, 10, 0, 4, 11, 19]",928.55,15.560404777526855
"[5, 1, 2, 6, 12, 9, 15, 17, 7, 18, 3, 8, 14, 13, 16, 10, 0, 4, 11, 19]",928.55,"[5, 1, 2, 6, 12, 9, 15, 17, 7, 18, 3, 8, 14, 13, 16, 10, 0, 4, 11, 19]",928.55,15.59584093093872
"[5, 1, 2, 6, 12, 9, 15, 17, 7, 18, 3, 8, 14, 13, 16, 10, 0, 4, 11, 19]",928.55,"[5, 1, 2, 6, 12, 9, 15, 17, 7, 18, 3, 8, 14, 13, 16, 10, 0, 4, 11, 19]",928.55,15.631605863571167
"[5, 1, 2, 6, 12, 9, 15, 17, 7, 18, 3, 8, 14, 13, 16, 10, 0, 4, 11, 19]",928.55,"[5, 1, 2, 6, 12, 9, 15, 17, 7, 18, 3, 8, 14, 13, 16, 10, 0, 4, 11, 19]",928.55,15.668462991714478
"[5, 1, 2, 6, 12, 9, 15, 17, 7, 18, 3, 8, 14, 13, 16, 10, 0, 4, 11, 19]",928.55,"[5, 1, 2, 6, 12, 9, 15, 17, 7, 18, 3, 8, 14, 13, 16, 10, 0, 4, 11, 19]",928.55,15.705075740814209
"[5, 1, 2, 6, 12, 9, 15, 17, 7, 18, 3, 8, 14, 13, 16, 10, 0, 4, 11, 19]",928.55,"[5, 1, 2, 6, 12, 9, 15, 17, 7, 18, 3, 8, 14, 13, 16, 10, 0, 4, 11, 19]",928.55,15.741450786590576
"[5, 1, 2, 6, 12, 9, 15, 17, 7, 18, 3, 8, 14, 13, 16, 10, 0, 4, 11, 19]",928.55,"[5, 1, 2, 6, 12, 9, 15, 17, 7, 18, 3, 8, 14, 13, 16, 10, 0, 4, 11, 19]",928.55,15.777438879013062
"[5, 1, 2, 6, 12, 9, 15, 17, 7, 18, 3, 8, 14, 13, 16, 10, 0, 4, 11, 19]",928.55,"[5, 1, 2, 6, 12, 9, 15, 17, 7, 18, 3, 8, 14, 13, 16, 10, 0, 4, 11, 19]",928.55,15.812683820724487
"[5, 1, 2, 6, 12, 9, 15, 17, 7, 18, 3, 8, 14, 13, 16, 10, 0, 4, 11, 19]",928.55,"[5, 1, 2, 6, 12, 9, 15, 17, 7, 18, 3, 8, 14, 13, 16, 10, 0, 4, 11, 19]",928.55,15.848518133163452
"[5, 1, 2, 6, 12, 9, 15, 17, 7, 18, 3, 8, 14, 13, 16, 10, 0, 4, 11, 19]",928.55,"[5, 1, 2, 6, 12, 9, 15, 17, 7, 18, 3, 8, 14, 13, 16, 10, 0, 4, 11, 19]",928.55,15.883836030960083
"[5, 1, 2, 6, 12, 9, 15, 17, 7, 18, 3, 8, 14, 13, 16, 10, 0, 4, 11, 19]",928.55,"[5, 1, 2, 6, 12, 9, 15, 17, 7, 18, 3, 8, 14, 13, 16, 10, 0, 4, 11, 19]",928.55,15.919803142547607
"[5, 1, 2, 6, 12, 9, 15, 17, 7, 18, 3, 8, 14, 13, 16, 10, 0, 4, 11, 19]",928.55,"[5, 1, 2, 6, 12, 9, 15, 17, 7, 18, 3, 8, 14, 13, 16, 10, 0, 4, 11, 19]",928.55,15.971374034881592
"[5, 1, 2, 6, 12, 9, 15, 17, 7, 18, 3, 8, 14, 13, 16, 10, 0, 4, 11, 19]",928.55,"[5, 1, 2, 6, 12, 9, 15, 17, 7, 18, 3, 8, 14, 13, 16, 10, 0, 4, 11, 19]",928.55,16.007802963256836
"[5, 1, 2, 6, 12, 9, 15, 17, 7, 18, 3, 8, 14, 13, 16, 10, 0, 4, 11, 19]",928.55,"[5, 1, 2, 6, 12, 9, 15, 17, 7, 18, 3, 8, 14, 13, 16, 10, 0, 4, 11, 19]",928.55,16.04622197151184
"[5, 1, 2, 6, 12, 9, 15, 17, 7, 18, 3, 8, 14, 13, 16, 10, 0, 4, 11, 19]",928.55,"[5, 1, 2, 6, 12, 9, 15, 17, 7, 18, 3, 8, 14, 13, 16, 10, 0, 4, 11, 19]",928.55,16.08299994468689
"[5, 1, 2, 6, 12, 9, 15, 17, 7, 18, 3, 8, 14, 13, 16, 10, 0, 4, 11, 19]",928.55,"[5, 1, 2, 6, 12, 9, 15, 17, 7, 18, 3, 8, 14, 13, 16, 10, 0, 4, 11, 19]",928.55,16.119245052337646
"[5, 1, 2, 6, 12, 9, 15, 17, 7, 18, 3, 8, 14, 13, 16, 10, 0, 4, 11, 19]",928.55,"[5, 1, 2, 6, 12, 9, 15, 17, 7, 18, 3, 8, 14, 13, 16, 10, 0, 4, 11, 19]",928.55,16.154903888702393
"[5, 1, 2, 6, 12, 9, 15, 17, 7, 18, 3, 8, 14, 13, 16, 10, 0, 4, 11, 19]",928.55,"[5, 1, 2, 6, 12, 9, 15, 17, 7, 18, 3, 8, 14, 13, 16, 10, 0, 4, 11, 19]",928.55,16.19029688835144
"[5, 1, 2, 6, 12, 9, 15, 17, 7, 18, 3, 8, 14, 13, 16, 10, 0, 4, 11, 19]",928.55,"[5, 1, 2, 6, 12, 9, 15, 17, 7, 18, 3, 8, 14, 13, 16, 10, 0, 4, 11, 19]",928.55,16.226878881454468
"[5, 1, 2, 6, 12, 9, 15, 17, 7, 18, 3, 8, 14, 13, 16, 10, 0, 4, 11, 19]",928.55,"[5, 1, 2, 6, 12, 9, 15, 17, 7, 18, 3, 8, 14, 13, 16, 10, 0, 4, 11, 19]",928.55,16.263347148895264
"[5, 1, 2, 6, 12, 9, 15, 17, 7, 18, 3, 8, 14, 13, 16, 10, 0, 4, 11, 19]",928.55,"[5, 1, 2, 6, 12, 9, 15, 17, 7, 18, 3, 8, 14, 13, 16, 10, 0, 4, 11, 19]",928.55,16.299680948257446
"[5, 1, 2, 6, 12, 9, 15, 17, 7, 18, 3, 8, 14, 13, 16, 10, 0, 4, 11, 19]",928.55,"[5, 1, 2, 6, 12, 9, 15, 17, 7, 18, 3, 8, 14, 13, 16, 10, 0, 4, 11, 19]",928.55,16.33507800102234
"[5, 1, 2, 6, 12, 9, 15, 17, 7, 18, 3, 8, 14, 13, 16, 10, 0, 4, 11, 19]",928.55,"[5, 1, 2, 6, 12, 9, 15, 17, 7, 18, 3, 8, 14, 13, 16, 10, 0, 4, 11, 19]",928.55,16.370769023895264
"[5, 1, 2, 6, 12, 9, 15, 17, 7, 18, 3, 8, 14, 13, 16, 10, 0, 4, 11, 19]",928.55,"[5, 1, 2, 6, 12, 9, 15, 17, 7, 18, 3, 8, 14, 13, 16, 10, 0, 4, 11, 19]",928.55,16.406650066375732
"[5, 1, 2, 6, 12, 9, 15, 17, 7, 18, 3, 8, 14, 13, 16, 10, 0, 4, 11, 19]",928.55,"[5, 1, 2, 6, 12, 9, 15, 17, 7, 18, 3, 8, 14, 13, 16, 10, 0, 4, 11, 19]",928.55,16.442023992538452
"[5, 1, 2, 6, 12, 9, 15, 17, 7, 18, 3, 8, 14, 13, 16, 10, 0, 4, 11, 19]",928.55,"[5, 1, 2, 6, 12, 9, 15, 17, 7, 18, 3, 8, 14, 13, 16, 10, 0, 4, 11, 19]",928.55,16.477409839630127
"[5, 1, 2, 6, 12, 9, 15, 17, 7, 18, 3, 8, 14, 13, 16, 10, 0, 4, 11, 19]",928.55,"[5, 1, 2, 6, 12, 9, 15, 17, 7, 18, 3, 8, 14, 13, 16, 10, 0, 4, 11, 19]",928.55,16.512881994247437
"[5, 1, 2, 6, 12, 9, 15, 17, 7, 18, 3, 8, 14, 13, 16, 10, 0, 4, 11, 19]",928.55,"[5, 1, 2, 6, 12, 9, 15, 17, 7, 18, 3, 8, 14, 13, 16, 10, 0, 4, 11, 19]",928.55,16.548113107681274
"[5, 1, 2, 6, 12, 9, 15, 17, 7, 18, 3, 8, 14, 13, 16, 10, 0, 4, 11, 19]",928.55,"[5, 1, 2, 6, 12, 9, 15, 17, 7, 18, 3, 8, 14, 13, 16, 10, 0, 4, 11, 19]",928.55,16.58360004425049
"[5, 1, 2, 6, 12, 9, 15, 17, 7, 18, 3, 8, 14, 13, 16, 10, 0, 4, 11, 19]",928.55,"[5, 1, 2, 6, 12, 9, 15, 17, 7, 18, 3, 8, 14, 13, 16, 10, 0, 4, 11, 19]",928.55,16.61896800994873
"[5, 1, 2, 6, 12, 9, 15, 17, 7, 18, 3, 8, 14, 13, 16, 10, 0, 4, 11, 19]",928.55,"[5, 1, 2, 6, 12, 9, 15, 17, 7, 18, 3, 8, 14, 13, 16, 10, 0, 4, 11, 19]",928.55,16.654531955718994
"[5, 1, 2, 6, 12, 9, 15, 17, 7, 18, 3, 8, 14, 13, 16, 10, 0, 4, 11, 19]",928.55,"[5, 1, 2, 6, 12, 9, 15, 17, 7, 18, 3, 8, 14, 13, 16, 10, 0, 4, 11, 19]",928.55,16.689683198928833
"[5, 1, 2, 6, 12, 9, 15, 17, 7, 18, 3, 8, 14, 13, 16, 10, 0, 4, 11, 19]",928.55,"[5, 1, 2, 6, 12, 9, 15, 17, 7, 18, 3, 8, 14, 13, 16, 10, 0, 4, 11, 19]",928.55,16.724892139434814
"[5, 1, 2, 6, 12, 9, 15, 17, 7, 18, 3, 8, 14, 13, 16, 10, 0, 4, 11, 19]",928.55,"[5, 1, 2, 6, 12, 9, 15, 17, 7, 18, 3, 8, 14, 13, 16, 10, 0, 4, 11, 19]",928.55,16.760222911834717
"[5, 1, 2, 6, 12, 9, 15, 17, 7, 18, 3, 8, 14, 13, 16, 10, 0, 4, 11, 19]",928.55,"[5, 1, 2, 6, 12, 9, 15, 17, 7, 18, 3, 8, 14, 13, 16, 10, 0, 4, 11, 19]",928.55,16.79570698738098
"[5, 1, 2, 6, 12, 9, 15, 17, 7, 18, 3, 8, 14, 13, 16, 10, 0, 4, 11, 19]",928.55,"[5, 1, 2, 6, 12, 9, 15, 17, 7, 18, 3, 8, 14, 13, 16, 10, 0, 4, 11, 19]",928.55,16.831209182739258
"[5, 1, 2, 6, 12, 9, 15, 17, 7, 18, 3, 8, 14, 13, 16, 10, 0, 4, 11, 19]",928.55,"[5, 1, 2, 6, 12, 9, 15, 17, 7, 18, 3, 8, 14, 13, 16, 10, 0, 4, 11, 19]",928.55,16.866640090942383
"[5, 1, 2, 6, 12, 9, 15, 17, 7, 18, 3, 8, 14, 13, 16, 10, 0, 4, 11, 19]",928.55,"[5, 1, 2, 6, 12, 9, 15, 17, 7, 18, 3, 8, 14, 13, 16, 10, 0, 4, 11, 19]",928.55,16.902065992355347
"[5, 1, 2, 6, 12, 9, 15, 17, 7, 18, 3, 8, 14, 13, 16, 10, 0, 4, 11, 19]",928.55,"[5, 1, 2, 6, 12, 9, 15, 17, 7, 18, 3, 8, 14, 13, 16, 10, 0, 4, 11, 19]",928.55,16.93830108642578
"[5, 1, 2, 6, 12, 9, 15, 17, 7, 18, 3, 8, 14, 13, 16, 10, 0, 4, 11, 19]",928.55,"[5, 1, 2, 6, 12, 9, 15, 17, 7, 18, 3, 8, 14, 13, 16, 10, 0, 4, 11, 19]",928.55,16.973905086517334
"[5, 1, 2, 6, 12, 9, 15, 17, 7, 18, 3, 8, 14, 13, 16, 10, 0, 4, 11, 19]",928.55,"[5, 1, 2, 6, 12, 9, 15, 17, 7, 18, 3, 8, 14, 13, 16, 10, 0, 4, 11, 19]",928.55,17.009170055389404
"[5, 1, 2, 6, 12, 9, 15, 17, 7, 18, 3, 8, 14, 13, 16, 10, 0, 4, 11, 19]",928.55,"[5, 1, 2, 6, 12, 9, 15, 17, 7, 18, 3, 8, 14, 13, 16, 10, 0, 4, 11, 19]",928.55,17.044917821884155
"[5, 1, 2, 6, 12, 9, 15, 17, 7, 18, 3, 8, 14, 13, 16, 10, 0, 4, 11, 19]",928.55,"[5, 1, 2, 6, 12, 9, 15, 17, 7, 18, 3, 8, 14, 13, 16, 10, 0, 4, 11, 19]",928.55,17.08433508872986
"[5, 1, 2, 6, 12, 9, 15, 17, 7, 18, 3, 8, 14, 13, 16, 10, 0, 4, 11, 19]",928.55,"[5, 1, 2, 6, 12, 9, 15, 17, 7, 18, 3, 8, 14, 13, 16, 10, 0, 4, 11, 19]",928.55,17.119951009750366
"[5, 1, 2, 6, 12, 9, 15, 17, 7, 18, 3, 8, 14, 13, 16, 10, 0, 4, 11, 19]",928.55,"[5, 1, 2, 6, 12, 9, 15, 17, 7, 18, 3, 8, 14, 13, 16, 10, 0, 4, 11, 19]",928.55,17.155072927474976
"[5, 1, 2, 6, 12, 9, 15, 17, 7, 18, 3, 8, 14, 13, 16, 10, 0, 4, 11, 19]",928.55,"[5, 1, 2, 6, 12, 9, 15, 17, 7, 18, 3, 8, 14, 13, 16, 10, 0, 4, 11, 19]",928.55,17.190680980682373
"[5, 1, 2, 6, 12, 9, 15, 17, 7, 18, 3, 8, 14, 13, 16, 10, 0, 4, 11, 19]",928.55,"[5, 1, 2, 6, 12, 9, 15, 17, 7, 18, 3, 8, 14, 13, 16, 10, 0, 4, 11, 19]",928.55,17.226671934127808
"[5, 1, 2, 6, 12, 9, 15, 17, 7, 18, 3, 8, 14, 13, 16, 10, 0, 4, 11, 19]",928.55,"[5, 1, 2, 6, 12, 9, 15, 17, 7, 18, 3, 8, 14, 13, 16, 10, 0, 4, 11, 19]",928.55,17.262046098709106
"[5, 1, 2, 6, 12, 9, 15, 17, 7, 18, 3, 8, 14, 13, 16, 10, 0, 4, 11, 19]",928.55,"[5, 1, 2, 6, 12, 9, 15, 17, 7, 18, 3, 8, 14, 13, 16, 10, 0, 4, 11, 19]",928.55,17.29869508743286
"[5, 1, 2, 6, 12, 9, 15, 17, 7, 18, 3, 8, 14, 13, 16, 10, 0, 4, 11, 19]",928.55,"[5, 1, 2, 6, 12, 9, 15, 17, 7, 18, 3, 8, 14, 13, 16, 10, 0, 4, 11, 19]",928.55,17.33439302444458
"[5, 1, 2, 6, 12, 9, 15, 17, 7, 18, 3, 8, 14, 13, 16, 10, 0, 4, 11, 19]",928.55,"[5, 1, 2, 6, 12, 9, 15, 17, 7, 18, 3, 8, 14, 13, 16, 10, 0, 4, 11, 19]",928.55,17.36997103691101
"[5, 1, 2, 6, 12, 9, 15, 17, 7, 18, 3, 8, 14, 13, 16, 10, 0, 4, 11, 19]",928.55,"[5, 1, 2, 6, 12, 9, 15, 17, 7, 18, 3, 8, 14, 13, 16, 10, 0, 4, 11, 19]",928.55,17.40537405014038
"[5, 1, 2, 6, 12, 9, 15, 17, 7, 18, 3, 8, 14, 13, 16, 10, 0, 4, 11, 19]",928.55,"[5, 1, 2, 6, 12, 9, 15, 17, 7, 18, 3, 8, 14, 13, 16, 10, 0, 4, 11, 19]",928.55,17.441961765289307
"[5, 1, 2, 6, 12, 9, 15, 17, 7, 18, 3, 8, 14, 13, 16, 10, 0, 4, 11, 19]",928.55,"[5, 1, 2, 6, 12, 9, 15, 17, 7, 18, 3, 8, 14, 13, 16, 10, 0, 4, 11, 19]",928.55,17.47710609436035
"[5, 1, 2, 6, 12, 9, 15, 17, 7, 18, 3, 8, 14, 13, 16, 10, 0, 4, 11, 19]",928.55,"[5, 1, 2, 6, 12, 9, 15, 17, 7, 18, 3, 8, 14, 13, 16, 10, 0, 4, 11, 19]",928.55,17.528416872024536
"[5, 1, 2, 6, 12, 9, 15, 17, 7, 18, 3, 8, 14, 13, 16, 10, 0, 4, 11, 19]",928.55,"[5, 1, 2, 6, 12, 9, 15, 17, 7, 18, 3, 8, 14, 13, 16, 10, 0, 4, 11, 19]",928.55,17.564444065093994
"[5, 1, 2, 6, 12, 9, 15, 17, 7, 18, 3, 8, 14, 13, 16, 10, 0, 4, 11, 19]",928.55,"[5, 1, 2, 6, 12, 9, 15, 17, 7, 18, 3, 8, 14, 13, 16, 10, 0, 4, 11, 19]",928.55,17.600085973739624
"[5, 1, 2, 6, 12, 9, 15, 17, 7, 18, 3, 8, 14, 13, 16, 10, 0, 4, 11, 19]",928.55,"[5, 1, 2, 6, 12, 9, 15, 17, 7, 18, 3, 8, 14, 13, 16, 10, 0, 4, 11, 19]",928.55,17.63576316833496
"[5, 1, 2, 6, 12, 9, 15, 17, 7, 18, 3, 8, 14, 13, 16, 10, 0, 4, 11, 19]",928.55,"[5, 1, 2, 6, 12, 9, 15, 17, 7, 18, 3, 8, 14, 13, 16, 10, 0, 4, 11, 19]",928.55,17.671154975891113
"[5, 1, 2, 6, 12, 9, 15, 17, 7, 18, 3, 8, 14, 13, 16, 10, 0, 4, 11, 19]",928.55,"[5, 1, 2, 6, 12, 9, 15, 17, 7, 18, 3, 8, 14, 13, 16, 10, 0, 4, 11, 19]",928.55,17.706739902496338
"[5, 1, 2, 6, 12, 9, 15, 17, 7, 18, 3, 8, 14, 13, 16, 10, 0, 4, 11, 19]",928.55,"[5, 1, 2, 6, 12, 9, 15, 17, 7, 18, 3, 8, 14, 13, 16, 10, 0, 4, 11, 19]",928.55,17.741849899291992
"[5, 1, 2, 6, 12, 9, 15, 17, 7, 18, 3, 8, 14, 13, 16, 10, 0, 4, 11, 19]",928.55,"[5, 1, 2, 6, 12, 9, 15, 17, 7, 18, 3, 8, 14, 13, 16, 10, 0, 4, 11, 19]",928.55,17.77705693244934
"[5, 1, 2, 6, 12, 9, 15, 17, 7, 18, 3, 8, 14, 13, 16, 10, 0, 4, 11, 19]",928.55,"[5, 1, 2, 6, 12, 9, 15, 17, 7, 18, 3, 8, 14, 13, 16, 10, 0, 4, 11, 19]",928.55,17.81304907798767
"[5, 1, 2, 6, 12, 9, 15, 17, 7, 18, 3, 8, 14, 13, 16, 10, 0, 4, 11, 19]",928.55,"[5, 1, 2, 6, 12, 9, 15, 17, 7, 18, 3, 8, 14, 13, 16, 10, 0, 4, 11, 19]",928.55,17.848330974578857
"[5, 1, 2, 6, 12, 9, 15, 17, 7, 18, 3, 8, 14, 13, 16, 10, 0, 4, 11, 19]",928.55,"[5, 1, 2, 6, 12, 9, 15, 17, 7, 18, 3, 8, 14, 13, 16, 10, 0, 4, 11, 19]",928.55,17.883790969848633
"[5, 1, 2, 6, 12, 9, 15, 17, 7, 18, 3, 8, 14, 13, 16, 10, 0, 4, 11, 19]",928.55,"[5, 1, 2, 6, 12, 9, 15, 17, 7, 18, 3, 8, 14, 13, 16, 10, 0, 4, 11, 19]",928.55,17.919339895248413
"[5, 1, 2, 6, 12, 9, 15, 17, 7, 18, 3, 8, 14, 13, 16, 10, 0, 4, 11, 19]",928.55,"[5, 1, 2, 6, 12, 9, 15, 17, 7, 18, 3, 8, 14, 13, 16, 10, 0, 4, 11, 19]",928.55,17.954755067825317
"[5, 1, 2, 6, 12, 9, 15, 17, 7, 18, 3, 8, 14, 13, 16, 10, 0, 4, 11, 19]",928.55,"[5, 1, 2, 6, 12, 9, 15, 17, 7, 18, 3, 8, 14, 13, 16, 10, 0, 4, 11, 19]",928.55,17.989943981170654
"[5, 1, 2, 6, 12, 9, 15, 17, 7, 18, 3, 8, 14, 13, 16, 10, 0, 4, 11, 19]",928.55,"[5, 1, 2, 6, 12, 9, 15, 17, 7, 18, 3, 8, 14, 13, 16, 10, 0, 4, 11, 19]",928.55,18.025115966796875
"[5, 1, 2, 6, 12, 9, 15, 17, 7, 18, 3, 8, 14, 13, 16, 10, 0, 4, 11, 19]",928.55,"[5, 1, 2, 6, 12, 9, 15, 17, 7, 18, 3, 8, 14, 13, 16, 10, 0, 4, 11, 19]",928.55,18.06230902671814
"[5, 1, 2, 6, 12, 9, 15, 17, 7, 18, 3, 8, 14, 13, 16, 10, 0, 4, 11, 19]",928.55,"[5, 1, 2, 6, 12, 9, 15, 17, 7, 18, 3, 8, 14, 13, 16, 10, 0, 4, 11, 19]",928.55,18.097819089889526
"[5, 1, 2, 6, 12, 9, 15, 17, 7, 18, 3, 8, 14, 13, 16, 10, 0, 4, 11, 19]",928.55,"[5, 1, 2, 6, 12, 9, 15, 17, 7, 18, 3, 8, 14, 13, 16, 10, 0, 4, 11, 19]",928.55,18.13318705558777
"[5, 1, 2, 6, 12, 9, 15, 17, 7, 18, 3, 8, 14, 13, 16, 10, 0, 4, 11, 19]",928.55,"[5, 1, 2, 6, 12, 9, 15, 17, 7, 18, 3, 8, 14, 13, 16, 10, 0, 4, 11, 19]",928.55,18.16863703727722
"[5, 1, 2, 6, 12, 9, 15, 17, 7, 18, 3, 8, 14, 13, 16, 10, 0, 4, 11, 19]",928.55,"[5, 1, 2, 6, 12, 9, 15, 17, 7, 18, 3, 8, 14, 13, 16, 10, 0, 4, 11, 19]",928.55,18.203717947006226
"[5, 1, 2, 6, 12, 9, 15, 17, 7, 18, 3, 8, 14, 13, 16, 10, 0, 4, 11, 19]",928.55,"[5, 1, 2, 6, 12, 9, 15, 17, 7, 18, 3, 8, 14, 13, 16, 10, 0, 4, 11, 19]",928.55,18.240108966827393
