Sequence,Fitness,Best_sequence,Best_fitness,Time
"[0, 1, 2, 3, 4, 5, 6, 7, 8, 9, 10, 11, 12, 13, 14, 15, 16, 17, 18, 19, 20, 21, 22, 23, 24, 25, 26, 27, 28, 29, 30, 31, 32, 33, 34, 35, 36, 37, 38, 39]",3680,"[0, 1, 2, 3, 4, 5, 6, 7, 8, 9, 10, 11, 12, 13, 14, 15, 16, 17, 18, 19, 20, 21, 22, 23, 24, 25, 26, 27, 28, 29, 30, 31, 32, 33, 34, 35, 36, 37, 38, 39]",3680,1.4066696166992188e-05
"[0, 1, 2, 3, 4, 5, 6, 7, 8, 9, 10, 11, 12, 13, 14, 15, 16, 17, 18, 19, 20, 21, 22, 23, 24, 25, 26, 27, 28, 29, 30, 31, 32, 33, 34, 35, 36, 37, 38, 39]",3680,"[0, 1, 2, 3, 4, 5, 6, 7, 8, 9, 10, 11, 12, 13, 14, 15, 16, 17, 18, 19, 20, 21, 22, 23, 24, 25, 26, 27, 28, 29, 30, 31, 32, 33, 34, 35, 36, 37, 38, 39]",3680,0.05038309097290039
"[0, 1, 2, 3, 4, 5, 6, 7, 8, 9, 10, 11, 12, 13, 14, 15, 16, 17, 18, 19, 20, 21, 22, 23, 24, 25, 26, 27, 28, 29, 30, 31, 32, 33, 34, 35, 36, 37, 38, 39]",3680,"[0, 1, 2, 3, 4, 5, 6, 7, 8, 9, 10, 11, 12, 13, 14, 15, 16, 17, 18, 19, 20, 21, 22, 23, 24, 25, 26, 27, 28, 29, 30, 31, 32, 33, 34, 35, 36, 37, 38, 39]",3680,0.0996549129486084
"[0, 1, 2, 3, 4, 5, 6, 7, 8, 9, 10, 11, 12, 13, 14, 15, 16, 17, 18, 19, 20, 21, 22, 23, 24, 25, 26, 27, 28, 29, 30, 31, 32, 33, 34, 35, 36, 37, 38, 39]",3680,"[0, 1, 2, 3, 4, 5, 6, 7, 8, 9, 10, 11, 12, 13, 14, 15, 16, 17, 18, 19, 20, 21, 22, 23, 24, 25, 26, 27, 28, 29, 30, 31, 32, 33, 34, 35, 36, 37, 38, 39]",3680,0.14859390258789062
"[0, 1, 2, 3, 4, 5, 6, 7, 8, 9, 10, 11, 12, 13, 14, 15, 16, 17, 18, 19, 20, 21, 22, 23, 24, 25, 26, 27, 28, 29, 30, 31, 32, 33, 34, 35, 36, 37, 38, 39]",3680,"[0, 1, 2, 3, 4, 5, 6, 7, 8, 9, 10, 11, 12, 13, 14, 15, 16, 17, 18, 19, 20, 21, 22, 23, 24, 25, 26, 27, 28, 29, 30, 31, 32, 33, 34, 35, 36, 37, 38, 39]",3680,0.19615602493286133
"[0, 1, 2, 3, 4, 5, 6, 7, 8, 9, 10, 11, 12, 13, 14, 15, 16, 17, 18, 19, 20, 21, 22, 23, 24, 25, 26, 27, 28, 29, 30, 31, 32, 33, 34, 35, 36, 37, 38, 39]",3680,"[0, 1, 2, 3, 4, 5, 6, 7, 8, 9, 10, 11, 12, 13, 14, 15, 16, 17, 18, 19, 20, 21, 22, 23, 24, 25, 26, 27, 28, 29, 30, 31, 32, 33, 34, 35, 36, 37, 38, 39]",3680,0.24393606185913086
"[0, 1, 2, 3, 4, 5, 6, 7, 8, 9, 10, 11, 12, 13, 14, 15, 16, 17, 18, 19, 20, 21, 22, 23, 24, 25, 26, 27, 28, 29, 30, 31, 32, 33, 34, 35, 36, 37, 38, 39]",3680,"[0, 1, 2, 3, 4, 5, 6, 7, 8, 9, 10, 11, 12, 13, 14, 15, 16, 17, 18, 19, 20, 21, 22, 23, 24, 25, 26, 27, 28, 29, 30, 31, 32, 33, 34, 35, 36, 37, 38, 39]",3680,0.2927517890930176
"[0, 1, 2, 3, 4, 5, 6, 12, 8, 9, 10, 11, 7, 13, 14, 15, 16, 17, 18, 19, 20, 21, 22, 23, 24, 25, 26, 27, 28, 29, 30, 31, 32, 33, 34, 35, 36, 37, 38, 39]",3648,"[0, 1, 2, 3, 4, 5, 6, 12, 8, 9, 10, 11, 7, 13, 14, 15, 16, 17, 18, 19, 20, 21, 22, 23, 24, 25, 26, 27, 28, 29, 30, 31, 32, 33, 34, 35, 36, 37, 38, 39]",3648,0.34182095527648926
"[0, 1, 2, 3, 4, 5, 6, 12, 8, 9, 10, 11, 7, 13, 14, 15, 16, 17, 18, 19, 20, 21, 22, 23, 24, 25, 26, 27, 28, 29, 30, 31, 32, 33, 34, 35, 36, 37, 38, 39]",3648,"[0, 1, 2, 3, 4, 5, 6, 12, 8, 9, 10, 11, 7, 13, 14, 15, 16, 17, 18, 19, 20, 21, 22, 23, 24, 25, 26, 27, 28, 29, 30, 31, 32, 33, 34, 35, 36, 37, 38, 39]",3648,0.3895721435546875
"[0, 1, 2, 3, 4, 5, 6, 12, 8, 9, 10, 11, 7, 13, 14, 15, 16, 17, 18, 19, 37, 21, 22, 23, 24, 25, 26, 27, 28, 29, 30, 31, 32, 33, 34, 35, 36, 20, 38, 39]",3424,"[0, 1, 2, 3, 4, 5, 6, 12, 8, 9, 10, 11, 7, 13, 14, 15, 16, 17, 18, 19, 37, 21, 22, 23, 24, 25, 26, 27, 28, 29, 30, 31, 32, 33, 34, 35, 36, 20, 38, 39]",3424,0.4372999668121338
"[0, 1, 2, 3, 4, 5, 6, 12, 8, 9, 10, 11, 7, 13, 14, 15, 16, 17, 37, 19, 18, 21, 22, 23, 24, 25, 26, 27, 28, 29, 30, 31, 32, 33, 34, 35, 36, 20, 38, 39]",3416,"[0, 1, 2, 3, 4, 5, 6, 12, 8, 9, 10, 11, 7, 13, 14, 15, 16, 17, 37, 19, 18, 21, 22, 23, 24, 25, 26, 27, 28, 29, 30, 31, 32, 33, 34, 35, 36, 20, 38, 39]",3416,0.48781704902648926
"[0, 1, 2, 3, 4, 5, 6, 12, 8, 9, 10, 11, 7, 13, 14, 15, 16, 17, 37, 19, 18, 21, 22, 23, 24, 25, 26, 27, 28, 29, 30, 31, 32, 33, 34, 35, 36, 20, 38, 39]",3416,"[0, 1, 2, 3, 4, 5, 6, 12, 8, 9, 10, 11, 7, 13, 14, 15, 16, 17, 37, 19, 18, 21, 22, 23, 24, 25, 26, 27, 28, 29, 30, 31, 32, 33, 34, 35, 36, 20, 38, 39]",3416,0.5372438430786133
"[0, 1, 2, 3, 4, 5, 6, 12, 8, 9, 10, 11, 7, 13, 14, 15, 16, 17, 37, 19, 18, 21, 22, 23, 24, 25, 26, 27, 28, 29, 30, 31, 32, 33, 34, 35, 36, 20, 38, 39]",3416,"[0, 1, 2, 3, 4, 5, 6, 12, 8, 9, 10, 11, 7, 13, 14, 15, 16, 17, 37, 19, 18, 21, 22, 23, 24, 25, 26, 27, 28, 29, 30, 31, 32, 33, 34, 35, 36, 20, 38, 39]",3416,0.5862059593200684
"[0, 1, 2, 3, 4, 5, 6, 12, 8, 9, 10, 11, 7, 13, 14, 15, 16, 17, 37, 19, 18, 21, 22, 23, 24, 25, 26, 27, 28, 29, 30, 31, 32, 33, 34, 35, 36, 20, 38, 39]",3416,"[0, 1, 2, 3, 4, 5, 6, 12, 8, 9, 10, 11, 7, 13, 14, 15, 16, 17, 37, 19, 18, 21, 22, 23, 24, 25, 26, 27, 28, 29, 30, 31, 32, 33, 34, 35, 36, 20, 38, 39]",3416,0.634821891784668
"[0, 1, 2, 3, 4, 5, 6, 12, 8, 9, 10, 11, 7, 13, 14, 15, 16, 17, 37, 19, 18, 21, 22, 23, 24, 25, 26, 27, 28, 29, 30, 31, 32, 33, 34, 35, 36, 20, 38, 39]",3416,"[0, 1, 2, 3, 4, 5, 6, 12, 8, 9, 10, 11, 7, 13, 14, 15, 16, 17, 37, 19, 18, 21, 22, 23, 24, 25, 26, 27, 28, 29, 30, 31, 32, 33, 34, 35, 36, 20, 38, 39]",3416,0.6830289363861084
"[0, 1, 2, 3, 4, 5, 6, 12, 8, 9, 10, 11, 7, 13, 14, 15, 16, 17, 37, 19, 18, 21, 22, 23, 24, 25, 26, 27, 28, 29, 30, 31, 32, 33, 34, 35, 36, 20, 38, 39]",3416,"[0, 1, 2, 3, 4, 5, 6, 12, 8, 9, 10, 11, 7, 13, 14, 15, 16, 17, 37, 19, 18, 21, 22, 23, 24, 25, 26, 27, 28, 29, 30, 31, 32, 33, 34, 35, 36, 20, 38, 39]",3416,0.7313070297241211
"[0, 1, 2, 3, 4, 5, 6, 12, 8, 9, 10, 11, 7, 13, 14, 15, 16, 17, 37, 19, 18, 21, 22, 23, 24, 25, 26, 27, 28, 29, 30, 31, 32, 33, 34, 35, 36, 20, 38, 39]",3416,"[0, 1, 2, 3, 4, 5, 6, 12, 8, 9, 10, 11, 7, 13, 14, 15, 16, 17, 37, 19, 18, 21, 22, 23, 24, 25, 26, 27, 28, 29, 30, 31, 32, 33, 34, 35, 36, 20, 38, 39]",3416,0.7806060314178467
"[0, 1, 2, 3, 4, 5, 6, 12, 8, 9, 10, 11, 7, 13, 14, 15, 16, 17, 37, 19, 18, 21, 22, 23, 24, 25, 26, 27, 28, 29, 30, 31, 32, 33, 34, 35, 36, 20, 38, 39]",3416,"[0, 1, 2, 3, 4, 5, 6, 12, 8, 9, 10, 11, 7, 13, 14, 15, 16, 17, 37, 19, 18, 21, 22, 23, 24, 25, 26, 27, 28, 29, 30, 31, 32, 33, 34, 35, 36, 20, 38, 39]",3416,0.8282082080841064
"[0, 1, 2, 3, 4, 5, 6, 12, 8, 9, 10, 11, 7, 13, 14, 15, 16, 17, 37, 19, 18, 21, 22, 23, 24, 25, 26, 27, 28, 29, 30, 31, 32, 33, 34, 35, 36, 20, 38, 39]",3416,"[0, 1, 2, 3, 4, 5, 6, 12, 8, 9, 10, 11, 7, 13, 14, 15, 16, 17, 37, 19, 18, 21, 22, 23, 24, 25, 26, 27, 28, 29, 30, 31, 32, 33, 34, 35, 36, 20, 38, 39]",3416,0.8763020038604736
"[0, 1, 2, 3, 4, 5, 6, 12, 8, 9, 10, 11, 7, 13, 14, 15, 16, 17, 37, 19, 18, 21, 22, 23, 24, 25, 26, 27, 28, 29, 30, 31, 32, 33, 34, 35, 36, 20, 38, 39]",3416,"[0, 1, 2, 3, 4, 5, 6, 12, 8, 9, 10, 11, 7, 13, 14, 15, 16, 17, 37, 19, 18, 21, 22, 23, 24, 25, 26, 27, 28, 29, 30, 31, 32, 33, 34, 35, 36, 20, 38, 39]",3416,0.9237689971923828
"[0, 1, 2, 3, 4, 5, 6, 12, 8, 9, 10, 11, 7, 24, 14, 15, 16, 17, 37, 19, 18, 21, 22, 23, 13, 25, 26, 27, 28, 29, 30, 31, 32, 33, 34, 35, 36, 20, 38, 39]",3413,"[0, 1, 2, 3, 4, 5, 6, 12, 8, 9, 10, 11, 7, 24, 14, 15, 16, 17, 37, 19, 18, 21, 22, 23, 13, 25, 26, 27, 28, 29, 30, 31, 32, 33, 34, 35, 36, 20, 38, 39]",3413,0.9720749855041504
"[0, 1, 2, 3, 4, 5, 6, 12, 8, 9, 10, 11, 7, 24, 14, 15, 16, 17, 37, 19, 18, 21, 22, 23, 13, 25, 26, 27, 28, 29, 30, 31, 32, 33, 34, 35, 36, 20, 38, 39]",3413,"[0, 1, 2, 3, 4, 5, 6, 12, 8, 9, 10, 11, 7, 24, 14, 15, 16, 17, 37, 19, 18, 21, 22, 23, 13, 25, 26, 27, 28, 29, 30, 31, 32, 33, 34, 35, 36, 20, 38, 39]",3413,1.032390832901001
"[0, 1, 2, 3, 4, 5, 6, 12, 8, 9, 10, 11, 7, 24, 14, 15, 16, 17, 37, 19, 18, 21, 22, 23, 13, 25, 26, 27, 28, 29, 30, 31, 32, 33, 34, 35, 36, 20, 38, 39]",3413,"[0, 1, 2, 3, 4, 5, 6, 12, 8, 9, 10, 11, 7, 24, 14, 15, 16, 17, 37, 19, 18, 21, 22, 23, 13, 25, 26, 27, 28, 29, 30, 31, 32, 33, 34, 35, 36, 20, 38, 39]",3413,1.0808179378509521
"[0, 1, 2, 3, 4, 5, 6, 12, 8, 9, 10, 11, 7, 24, 14, 15, 16, 17, 37, 19, 18, 21, 22, 23, 13, 25, 26, 27, 28, 29, 30, 31, 32, 33, 34, 35, 36, 20, 38, 39]",3413,"[0, 1, 2, 3, 4, 5, 6, 12, 8, 9, 10, 11, 7, 24, 14, 15, 16, 17, 37, 19, 18, 21, 22, 23, 13, 25, 26, 27, 28, 29, 30, 31, 32, 33, 34, 35, 36, 20, 38, 39]",3413,1.1281468868255615
"[0, 1, 2, 3, 4, 5, 6, 12, 8, 9, 10, 11, 7, 24, 14, 15, 16, 17, 37, 19, 18, 21, 22, 23, 13, 25, 26, 27, 28, 29, 30, 31, 32, 33, 34, 35, 36, 20, 38, 39]",3413,"[0, 1, 2, 3, 4, 5, 6, 12, 8, 9, 10, 11, 7, 24, 14, 15, 16, 17, 37, 19, 18, 21, 22, 23, 13, 25, 26, 27, 28, 29, 30, 31, 32, 33, 34, 35, 36, 20, 38, 39]",3413,1.1770150661468506
"[0, 1, 2, 3, 4, 5, 6, 12, 8, 9, 10, 11, 7, 24, 14, 15, 16, 17, 37, 19, 18, 21, 22, 23, 13, 25, 26, 27, 28, 29, 30, 31, 32, 33, 34, 35, 36, 20, 38, 39]",3413,"[0, 1, 2, 3, 4, 5, 6, 12, 8, 9, 10, 11, 7, 24, 14, 15, 16, 17, 37, 19, 18, 21, 22, 23, 13, 25, 26, 27, 28, 29, 30, 31, 32, 33, 34, 35, 36, 20, 38, 39]",3413,1.2249670028686523
"[0, 1, 2, 3, 4, 5, 6, 12, 8, 9, 10, 11, 7, 24, 14, 15, 16, 17, 37, 19, 18, 21, 22, 23, 13, 25, 26, 27, 28, 29, 30, 31, 32, 33, 34, 35, 36, 20, 38, 39]",3413,"[0, 1, 2, 3, 4, 5, 6, 12, 8, 9, 10, 11, 7, 24, 14, 15, 16, 17, 37, 19, 18, 21, 22, 23, 13, 25, 26, 27, 28, 29, 30, 31, 32, 33, 34, 35, 36, 20, 38, 39]",3413,1.2728900909423828
"[0, 1, 2, 3, 4, 5, 6, 12, 8, 9, 10, 11, 7, 24, 14, 15, 16, 17, 37, 19, 18, 21, 22, 23, 13, 25, 26, 27, 28, 29, 30, 31, 32, 33, 34, 35, 36, 20, 38, 39]",3413,"[0, 1, 2, 3, 4, 5, 6, 12, 8, 9, 10, 11, 7, 24, 14, 15, 16, 17, 37, 19, 18, 21, 22, 23, 13, 25, 26, 27, 28, 29, 30, 31, 32, 33, 34, 35, 36, 20, 38, 39]",3413,1.3187849521636963
"[4, 1, 2, 3, 0, 5, 6, 12, 8, 9, 10, 11, 7, 24, 14, 15, 16, 17, 37, 19, 18, 21, 22, 23, 13, 25, 26, 27, 28, 29, 30, 31, 32, 33, 34, 35, 36, 20, 38, 39]",3376,"[4, 1, 2, 3, 0, 5, 6, 12, 8, 9, 10, 11, 7, 24, 14, 15, 16, 17, 37, 19, 18, 21, 22, 23, 13, 25, 26, 27, 28, 29, 30, 31, 32, 33, 34, 35, 36, 20, 38, 39]",3376,1.3645069599151611
"[4, 1, 2, 3, 0, 5, 6, 12, 8, 9, 10, 11, 7, 24, 14, 15, 16, 17, 37, 19, 18, 21, 22, 23, 13, 34, 26, 27, 28, 29, 30, 31, 32, 33, 25, 35, 36, 20, 38, 39]",3324,"[4, 1, 2, 3, 0, 5, 6, 12, 8, 9, 10, 11, 7, 24, 14, 15, 16, 17, 37, 19, 18, 21, 22, 23, 13, 34, 26, 27, 28, 29, 30, 31, 32, 33, 25, 35, 36, 20, 38, 39]",3324,1.4105348587036133
"[4, 1, 2, 3, 0, 5, 6, 12, 8, 9, 10, 11, 7, 24, 14, 15, 16, 17, 37, 19, 18, 21, 22, 23, 13, 34, 26, 27, 28, 29, 30, 31, 32, 33, 25, 35, 36, 20, 38, 39]",3324,"[4, 1, 2, 3, 0, 5, 6, 12, 8, 9, 10, 11, 7, 24, 14, 15, 16, 17, 37, 19, 18, 21, 22, 23, 13, 34, 26, 27, 28, 29, 30, 31, 32, 33, 25, 35, 36, 20, 38, 39]",3324,1.4557690620422363
"[4, 1, 2, 3, 0, 5, 6, 12, 8, 9, 10, 11, 7, 24, 14, 15, 16, 17, 37, 19, 18, 21, 22, 23, 13, 34, 26, 27, 28, 29, 30, 31, 32, 33, 25, 35, 36, 20, 38, 39]",3324,"[4, 1, 2, 3, 0, 5, 6, 12, 8, 9, 10, 11, 7, 24, 14, 15, 16, 17, 37, 19, 18, 21, 22, 23, 13, 34, 26, 27, 28, 29, 30, 31, 32, 33, 25, 35, 36, 20, 38, 39]",3324,1.5019991397857666
"[4, 1, 2, 3, 0, 5, 6, 12, 8, 9, 10, 11, 7, 24, 14, 15, 16, 17, 37, 19, 18, 21, 22, 23, 13, 34, 26, 27, 28, 29, 30, 31, 32, 33, 25, 35, 36, 20, 38, 39]",3324,"[4, 1, 2, 3, 0, 5, 6, 12, 8, 9, 10, 11, 7, 24, 14, 15, 16, 17, 37, 19, 18, 21, 22, 23, 13, 34, 26, 27, 28, 29, 30, 31, 32, 33, 25, 35, 36, 20, 38, 39]",3324,1.5488030910491943
"[4, 1, 2, 3, 0, 5, 6, 12, 8, 9, 10, 11, 7, 24, 14, 15, 16, 17, 37, 19, 18, 21, 22, 23, 13, 34, 26, 27, 28, 29, 30, 31, 32, 33, 25, 35, 36, 20, 38, 39]",3324,"[4, 1, 2, 3, 0, 5, 6, 12, 8, 9, 10, 11, 7, 24, 14, 15, 16, 17, 37, 19, 18, 21, 22, 23, 13, 34, 26, 27, 28, 29, 30, 31, 32, 33, 25, 35, 36, 20, 38, 39]",3324,1.5944068431854248
"[4, 1, 2, 3, 0, 5, 6, 12, 8, 9, 10, 11, 7, 24, 14, 15, 16, 17, 37, 19, 18, 21, 22, 36, 13, 34, 26, 27, 28, 29, 30, 31, 32, 33, 25, 35, 23, 20, 38, 39]",3312,"[4, 1, 2, 3, 0, 5, 6, 12, 8, 9, 10, 11, 7, 24, 14, 15, 16, 17, 37, 19, 18, 21, 22, 36, 13, 34, 26, 27, 28, 29, 30, 31, 32, 33, 25, 35, 23, 20, 38, 39]",3312,1.6408278942108154
"[4, 1, 2, 3, 0, 5, 6, 12, 8, 9, 10, 11, 7, 24, 14, 15, 16, 17, 37, 19, 18, 21, 22, 36, 13, 34, 26, 27, 28, 29, 30, 31, 32, 33, 25, 35, 23, 20, 38, 39]",3312,"[4, 1, 2, 3, 0, 5, 6, 12, 8, 9, 10, 11, 7, 24, 14, 15, 16, 17, 37, 19, 18, 21, 22, 36, 13, 34, 26, 27, 28, 29, 30, 31, 32, 33, 25, 35, 23, 20, 38, 39]",3312,1.6871018409729004
"[4, 1, 2, 3, 0, 5, 6, 12, 8, 9, 10, 11, 7, 24, 14, 15, 16, 17, 37, 19, 18, 21, 22, 36, 13, 34, 26, 27, 28, 29, 30, 31, 32, 33, 25, 35, 23, 20, 38, 39]",3312,"[4, 1, 2, 3, 0, 5, 6, 12, 8, 9, 10, 11, 7, 24, 14, 15, 16, 17, 37, 19, 18, 21, 22, 36, 13, 34, 26, 27, 28, 29, 30, 31, 32, 33, 25, 35, 23, 20, 38, 39]",3312,1.7336571216583252
"[4, 1, 2, 3, 0, 5, 6, 12, 8, 9, 10, 11, 7, 24, 14, 15, 16, 17, 37, 19, 18, 21, 22, 36, 13, 34, 26, 27, 28, 29, 30, 31, 32, 33, 25, 35, 23, 20, 38, 39]",3312,"[4, 1, 2, 3, 0, 5, 6, 12, 8, 9, 10, 11, 7, 24, 14, 15, 16, 17, 37, 19, 18, 21, 22, 36, 13, 34, 26, 27, 28, 29, 30, 31, 32, 33, 25, 35, 23, 20, 38, 39]",3312,1.7796859741210938
"[4, 1, 2, 3, 0, 5, 6, 12, 8, 9, 10, 11, 7, 24, 14, 15, 16, 17, 37, 19, 18, 21, 22, 36, 13, 34, 26, 27, 28, 29, 30, 31, 32, 33, 25, 35, 23, 20, 38, 39]",3312,"[4, 1, 2, 3, 0, 5, 6, 12, 8, 9, 10, 11, 7, 24, 14, 15, 16, 17, 37, 19, 18, 21, 22, 36, 13, 34, 26, 27, 28, 29, 30, 31, 32, 33, 25, 35, 23, 20, 38, 39]",3312,1.8251891136169434
"[4, 1, 2, 3, 0, 5, 6, 12, 8, 9, 10, 11, 7, 24, 14, 15, 16, 17, 37, 19, 18, 21, 22, 36, 13, 34, 26, 27, 28, 29, 30, 31, 32, 33, 25, 35, 23, 20, 38, 39]",3312,"[4, 1, 2, 3, 0, 5, 6, 12, 8, 9, 10, 11, 7, 24, 14, 15, 16, 17, 37, 19, 18, 21, 22, 36, 13, 34, 26, 27, 28, 29, 30, 31, 32, 33, 25, 35, 23, 20, 38, 39]",3312,1.870575189590454
"[4, 1, 2, 3, 0, 5, 6, 12, 8, 9, 10, 11, 7, 24, 14, 15, 16, 17, 37, 19, 18, 21, 22, 36, 13, 34, 26, 27, 28, 29, 30, 31, 32, 33, 25, 35, 23, 20, 38, 39]",3312,"[4, 1, 2, 3, 0, 5, 6, 12, 8, 9, 10, 11, 7, 24, 14, 15, 16, 17, 37, 19, 18, 21, 22, 36, 13, 34, 26, 27, 28, 29, 30, 31, 32, 33, 25, 35, 23, 20, 38, 39]",3312,1.916658878326416
"[4, 1, 2, 3, 0, 5, 6, 12, 8, 9, 10, 11, 7, 24, 14, 15, 16, 17, 37, 19, 18, 21, 22, 36, 13, 34, 26, 27, 28, 29, 30, 31, 32, 33, 25, 35, 23, 20, 38, 39]",3312,"[4, 1, 2, 3, 0, 5, 6, 12, 8, 9, 10, 11, 7, 24, 14, 15, 16, 17, 37, 19, 18, 21, 22, 36, 13, 34, 26, 27, 28, 29, 30, 31, 32, 33, 25, 35, 23, 20, 38, 39]",3312,1.9630579948425293
"[4, 1, 2, 3, 0, 5, 6, 12, 8, 9, 10, 11, 7, 24, 14, 15, 16, 17, 37, 19, 18, 21, 22, 36, 13, 34, 26, 27, 28, 29, 30, 31, 32, 33, 25, 35, 23, 20, 38, 39]",3312,"[4, 1, 2, 3, 0, 5, 6, 12, 8, 9, 10, 11, 7, 24, 14, 15, 16, 17, 37, 19, 18, 21, 22, 36, 13, 34, 26, 27, 28, 29, 30, 31, 32, 33, 25, 35, 23, 20, 38, 39]",3312,2.0087411403656006
"[4, 1, 2, 3, 0, 5, 6, 12, 8, 9, 10, 11, 7, 24, 14, 15, 16, 17, 37, 19, 18, 21, 22, 36, 13, 34, 26, 27, 28, 29, 30, 31, 32, 33, 25, 35, 23, 20, 38, 39]",3312,"[4, 1, 2, 3, 0, 5, 6, 12, 8, 9, 10, 11, 7, 24, 14, 15, 16, 17, 37, 19, 18, 21, 22, 36, 13, 34, 26, 27, 28, 29, 30, 31, 32, 33, 25, 35, 23, 20, 38, 39]",3312,2.0551018714904785
"[4, 1, 2, 3, 0, 5, 6, 12, 8, 9, 10, 11, 7, 24, 14, 15, 16, 17, 37, 19, 18, 21, 22, 36, 13, 34, 26, 27, 28, 29, 30, 31, 32, 33, 25, 35, 23, 20, 38, 39]",3312,"[4, 1, 2, 3, 0, 5, 6, 12, 8, 9, 10, 11, 7, 24, 14, 15, 16, 17, 37, 19, 18, 21, 22, 36, 13, 34, 26, 27, 28, 29, 30, 31, 32, 33, 25, 35, 23, 20, 38, 39]",3312,2.101701021194458
"[3, 1, 2, 4, 0, 5, 6, 12, 8, 9, 10, 11, 7, 24, 14, 15, 16, 17, 37, 19, 18, 21, 22, 36, 13, 34, 26, 27, 28, 29, 30, 31, 32, 33, 25, 35, 23, 20, 38, 39]",3286,"[3, 1, 2, 4, 0, 5, 6, 12, 8, 9, 10, 11, 7, 24, 14, 15, 16, 17, 37, 19, 18, 21, 22, 36, 13, 34, 26, 27, 28, 29, 30, 31, 32, 33, 25, 35, 23, 20, 38, 39]",3286,2.1482298374176025
"[3, 1, 2, 4, 0, 5, 24, 12, 8, 9, 10, 11, 7, 6, 14, 15, 16, 17, 37, 19, 18, 21, 22, 36, 13, 34, 26, 27, 28, 29, 30, 31, 32, 33, 25, 35, 23, 20, 38, 39]",3273,"[3, 1, 2, 4, 0, 5, 24, 12, 8, 9, 10, 11, 7, 6, 14, 15, 16, 17, 37, 19, 18, 21, 22, 36, 13, 34, 26, 27, 28, 29, 30, 31, 32, 33, 25, 35, 23, 20, 38, 39]",3273,2.1956119537353516
"[3, 1, 2, 4, 0, 5, 24, 12, 8, 9, 10, 11, 7, 6, 14, 15, 16, 17, 37, 19, 18, 21, 22, 36, 13, 34, 26, 27, 28, 29, 30, 31, 32, 33, 25, 35, 23, 20, 38, 39]",3273,"[3, 1, 2, 4, 0, 5, 24, 12, 8, 9, 10, 11, 7, 6, 14, 15, 16, 17, 37, 19, 18, 21, 22, 36, 13, 34, 26, 27, 28, 29, 30, 31, 32, 33, 25, 35, 23, 20, 38, 39]",3273,2.2418041229248047
"[3, 1, 2, 4, 0, 5, 24, 12, 8, 9, 10, 11, 7, 6, 14, 15, 16, 17, 37, 19, 18, 21, 22, 36, 13, 34, 26, 27, 28, 29, 30, 31, 32, 33, 25, 35, 23, 20, 38, 39]",3273,"[3, 1, 2, 4, 0, 5, 24, 12, 8, 9, 10, 11, 7, 6, 14, 15, 16, 17, 37, 19, 18, 21, 22, 36, 13, 34, 26, 27, 28, 29, 30, 31, 32, 33, 25, 35, 23, 20, 38, 39]",3273,2.289077043533325
"[3, 1, 2, 4, 0, 5, 24, 12, 8, 9, 10, 11, 7, 6, 14, 15, 16, 17, 37, 19, 18, 21, 22, 36, 13, 34, 26, 27, 28, 29, 30, 31, 32, 33, 25, 35, 23, 20, 38, 39]",3273,"[3, 1, 2, 4, 0, 5, 24, 12, 8, 9, 10, 11, 7, 6, 14, 15, 16, 17, 37, 19, 18, 21, 22, 36, 13, 34, 26, 27, 28, 29, 30, 31, 32, 33, 25, 35, 23, 20, 38, 39]",3273,2.3356969356536865
"[3, 1, 2, 4, 0, 5, 24, 12, 8, 9, 10, 11, 7, 6, 14, 15, 16, 17, 37, 19, 18, 21, 22, 36, 13, 34, 26, 27, 28, 29, 30, 31, 32, 33, 25, 35, 23, 20, 38, 39]",3273,"[3, 1, 2, 4, 0, 5, 24, 12, 8, 9, 10, 11, 7, 6, 14, 15, 16, 17, 37, 19, 18, 21, 22, 36, 13, 34, 26, 27, 28, 29, 30, 31, 32, 33, 25, 35, 23, 20, 38, 39]",3273,2.382411003112793
"[3, 1, 2, 4, 0, 5, 24, 12, 8, 9, 10, 11, 7, 6, 14, 15, 16, 17, 37, 19, 18, 21, 22, 36, 13, 34, 26, 27, 28, 29, 30, 31, 32, 33, 25, 35, 23, 20, 38, 39]",3273,"[3, 1, 2, 4, 0, 5, 24, 12, 8, 9, 10, 11, 7, 6, 14, 15, 16, 17, 37, 19, 18, 21, 22, 36, 13, 34, 26, 27, 28, 29, 30, 31, 32, 33, 25, 35, 23, 20, 38, 39]",3273,2.4288179874420166
"[3, 1, 2, 4, 0, 5, 24, 12, 8, 9, 10, 11, 7, 6, 14, 15, 16, 17, 37, 19, 18, 21, 22, 36, 13, 34, 26, 27, 28, 29, 30, 31, 32, 33, 25, 35, 23, 20, 38, 39]",3273,"[3, 1, 2, 4, 0, 5, 24, 12, 8, 9, 10, 11, 7, 6, 14, 15, 16, 17, 37, 19, 18, 21, 22, 36, 13, 34, 26, 27, 28, 29, 30, 31, 32, 33, 25, 35, 23, 20, 38, 39]",3273,2.4754281044006348
"[3, 1, 2, 4, 0, 5, 24, 12, 8, 9, 10, 11, 7, 6, 14, 15, 16, 17, 37, 19, 18, 21, 22, 36, 13, 34, 26, 27, 28, 29, 30, 31, 32, 33, 25, 35, 23, 20, 38, 39]",3273,"[3, 1, 2, 4, 0, 5, 24, 12, 8, 9, 10, 11, 7, 6, 14, 15, 16, 17, 37, 19, 18, 21, 22, 36, 13, 34, 26, 27, 28, 29, 30, 31, 32, 33, 25, 35, 23, 20, 38, 39]",3273,2.5217740535736084
"[3, 1, 2, 4, 0, 5, 24, 12, 8, 9, 10, 11, 7, 6, 14, 15, 16, 17, 37, 19, 18, 21, 22, 36, 13, 34, 26, 27, 28, 29, 30, 31, 32, 33, 25, 35, 39, 20, 38, 23]",3268,"[3, 1, 2, 4, 0, 5, 24, 12, 8, 9, 10, 11, 7, 6, 14, 15, 16, 17, 37, 19, 18, 21, 22, 36, 13, 34, 26, 27, 28, 29, 30, 31, 32, 33, 25, 35, 39, 20, 38, 23]",3268,2.5682449340820312
"[3, 1, 2, 4, 12, 5, 24, 0, 8, 9, 10, 11, 7, 6, 14, 15, 16, 17, 37, 19, 18, 21, 22, 36, 13, 34, 26, 27, 28, 29, 30, 31, 32, 33, 25, 35, 39, 20, 38, 23]",3256,"[3, 1, 2, 4, 12, 5, 24, 0, 8, 9, 10, 11, 7, 6, 14, 15, 16, 17, 37, 19, 18, 21, 22, 36, 13, 34, 26, 27, 28, 29, 30, 31, 32, 33, 25, 35, 39, 20, 38, 23]",3256,2.6145129203796387
"[3, 1, 2, 4, 12, 5, 24, 0, 8, 9, 10, 11, 7, 6, 14, 15, 16, 17, 37, 19, 18, 21, 22, 36, 13, 34, 26, 27, 28, 29, 30, 31, 32, 33, 25, 35, 39, 20, 38, 23]",3256,"[3, 1, 2, 4, 12, 5, 24, 0, 8, 9, 10, 11, 7, 6, 14, 15, 16, 17, 37, 19, 18, 21, 22, 36, 13, 34, 26, 27, 28, 29, 30, 31, 32, 33, 25, 35, 39, 20, 38, 23]",3256,2.6616129875183105
"[3, 1, 2, 4, 12, 5, 24, 0, 8, 9, 10, 11, 7, 6, 14, 15, 16, 17, 37, 19, 18, 21, 22, 36, 13, 34, 26, 27, 28, 29, 30, 31, 32, 33, 25, 35, 39, 20, 38, 23]",3256,"[3, 1, 2, 4, 12, 5, 24, 0, 8, 9, 10, 11, 7, 6, 14, 15, 16, 17, 37, 19, 18, 21, 22, 36, 13, 34, 26, 27, 28, 29, 30, 31, 32, 33, 25, 35, 39, 20, 38, 23]",3256,2.707676887512207
"[3, 1, 2, 4, 12, 5, 24, 0, 8, 9, 10, 11, 7, 6, 14, 15, 16, 17, 37, 19, 18, 21, 22, 36, 13, 34, 26, 27, 28, 29, 30, 31, 32, 33, 25, 35, 39, 20, 38, 23]",3256,"[3, 1, 2, 4, 12, 5, 24, 0, 8, 9, 10, 11, 7, 6, 14, 15, 16, 17, 37, 19, 18, 21, 22, 36, 13, 34, 26, 27, 28, 29, 30, 31, 32, 33, 25, 35, 39, 20, 38, 23]",3256,2.7560341358184814
"[3, 1, 2, 4, 12, 5, 24, 0, 8, 9, 10, 11, 7, 6, 14, 15, 16, 17, 37, 19, 18, 21, 22, 36, 13, 34, 26, 27, 28, 29, 30, 31, 32, 33, 25, 35, 39, 20, 38, 23]",3256,"[3, 1, 2, 4, 12, 5, 24, 0, 8, 9, 10, 11, 7, 6, 14, 15, 16, 17, 37, 19, 18, 21, 22, 36, 13, 34, 26, 27, 28, 29, 30, 31, 32, 33, 25, 35, 39, 20, 38, 23]",3256,2.803463935852051
"[3, 1, 2, 4, 12, 5, 24, 0, 8, 9, 10, 11, 7, 6, 14, 15, 16, 17, 37, 19, 18, 21, 22, 36, 13, 34, 26, 27, 28, 29, 30, 31, 32, 33, 25, 35, 39, 20, 38, 23]",3256,"[3, 1, 2, 4, 12, 5, 24, 0, 8, 9, 10, 11, 7, 6, 14, 15, 16, 17, 37, 19, 18, 21, 22, 36, 13, 34, 26, 27, 28, 29, 30, 31, 32, 33, 25, 35, 39, 20, 38, 23]",3256,2.8504669666290283
"[3, 1, 2, 4, 12, 5, 24, 0, 8, 9, 10, 11, 7, 6, 14, 15, 16, 17, 37, 19, 18, 21, 22, 36, 13, 34, 26, 27, 28, 29, 30, 31, 32, 33, 25, 35, 39, 20, 38, 23]",3256,"[3, 1, 2, 4, 12, 5, 24, 0, 8, 9, 10, 11, 7, 6, 14, 15, 16, 17, 37, 19, 18, 21, 22, 36, 13, 34, 26, 27, 28, 29, 30, 31, 32, 33, 25, 35, 39, 20, 38, 23]",3256,2.8974878787994385
"[3, 1, 2, 4, 12, 5, 24, 0, 8, 9, 10, 11, 7, 6, 14, 15, 16, 17, 37, 19, 18, 21, 22, 36, 13, 34, 26, 27, 28, 29, 30, 31, 32, 33, 25, 35, 39, 20, 38, 23]",3256,"[3, 1, 2, 4, 12, 5, 24, 0, 8, 9, 10, 11, 7, 6, 14, 15, 16, 17, 37, 19, 18, 21, 22, 36, 13, 34, 26, 27, 28, 29, 30, 31, 32, 33, 25, 35, 39, 20, 38, 23]",3256,2.944347858428955
"[3, 1, 2, 4, 12, 5, 24, 0, 8, 9, 10, 11, 7, 6, 14, 15, 16, 17, 37, 19, 18, 21, 22, 36, 13, 34, 26, 27, 28, 29, 30, 31, 32, 33, 25, 35, 39, 20, 38, 23]",3256,"[3, 1, 2, 4, 12, 5, 24, 0, 8, 9, 10, 11, 7, 6, 14, 15, 16, 17, 37, 19, 18, 21, 22, 36, 13, 34, 26, 27, 28, 29, 30, 31, 32, 33, 25, 35, 39, 20, 38, 23]",3256,2.992408037185669
"[3, 1, 2, 4, 12, 5, 24, 0, 8, 9, 10, 11, 7, 6, 14, 15, 16, 17, 37, 19, 18, 21, 22, 36, 13, 34, 26, 27, 28, 29, 30, 31, 32, 33, 25, 35, 39, 20, 38, 23]",3256,"[3, 1, 2, 4, 12, 5, 24, 0, 8, 9, 10, 11, 7, 6, 14, 15, 16, 17, 37, 19, 18, 21, 22, 36, 13, 34, 26, 27, 28, 29, 30, 31, 32, 33, 25, 35, 39, 20, 38, 23]",3256,3.045224905014038
"[3, 1, 2, 4, 12, 5, 24, 0, 8, 9, 10, 11, 7, 6, 14, 15, 16, 17, 37, 19, 18, 21, 22, 36, 13, 34, 26, 27, 28, 29, 30, 31, 32, 33, 25, 35, 39, 20, 38, 23]",3256,"[3, 1, 2, 4, 12, 5, 24, 0, 8, 9, 10, 11, 7, 6, 14, 15, 16, 17, 37, 19, 18, 21, 22, 36, 13, 34, 26, 27, 28, 29, 30, 31, 32, 33, 25, 35, 39, 20, 38, 23]",3256,3.0979089736938477
"[3, 1, 2, 4, 12, 5, 24, 0, 8, 9, 10, 11, 7, 6, 14, 15, 16, 17, 37, 19, 18, 21, 22, 36, 13, 34, 26, 27, 28, 29, 30, 31, 32, 33, 25, 35, 39, 20, 38, 23]",3256,"[3, 1, 2, 4, 12, 5, 24, 0, 8, 9, 10, 11, 7, 6, 14, 15, 16, 17, 37, 19, 18, 21, 22, 36, 13, 34, 26, 27, 28, 29, 30, 31, 32, 33, 25, 35, 39, 20, 38, 23]",3256,3.1497998237609863
"[3, 1, 2, 4, 12, 5, 24, 0, 8, 9, 10, 11, 7, 6, 14, 15, 16, 17, 37, 19, 18, 21, 22, 36, 13, 34, 26, 27, 28, 29, 30, 31, 32, 33, 25, 35, 39, 20, 38, 23]",3256,"[3, 1, 2, 4, 12, 5, 24, 0, 8, 9, 10, 11, 7, 6, 14, 15, 16, 17, 37, 19, 18, 21, 22, 36, 13, 34, 26, 27, 28, 29, 30, 31, 32, 33, 25, 35, 39, 20, 38, 23]",3256,3.206062078475952
"[3, 1, 2, 4, 12, 5, 24, 0, 8, 9, 10, 11, 7, 6, 14, 15, 16, 17, 22, 19, 18, 21, 37, 36, 13, 34, 26, 27, 28, 29, 30, 31, 32, 33, 25, 35, 39, 20, 38, 23]",3223,"[3, 1, 2, 4, 12, 5, 24, 0, 8, 9, 10, 11, 7, 6, 14, 15, 16, 17, 22, 19, 18, 21, 37, 36, 13, 34, 26, 27, 28, 29, 30, 31, 32, 33, 25, 35, 39, 20, 38, 23]",3223,3.254754066467285
"[3, 1, 2, 4, 12, 5, 24, 0, 8, 9, 10, 11, 7, 6, 14, 15, 16, 17, 22, 19, 18, 21, 37, 36, 13, 34, 26, 27, 28, 29, 30, 31, 32, 33, 25, 35, 39, 20, 38, 23]",3223,"[3, 1, 2, 4, 12, 5, 24, 0, 8, 9, 10, 11, 7, 6, 14, 15, 16, 17, 22, 19, 18, 21, 37, 36, 13, 34, 26, 27, 28, 29, 30, 31, 32, 33, 25, 35, 39, 20, 38, 23]",3223,3.3035409450531006
"[3, 1, 2, 4, 12, 5, 24, 0, 8, 9, 10, 11, 7, 6, 14, 15, 16, 17, 22, 19, 18, 21, 37, 36, 13, 34, 26, 27, 28, 29, 30, 31, 32, 33, 25, 35, 39, 20, 38, 23]",3223,"[3, 1, 2, 4, 12, 5, 24, 0, 8, 9, 10, 11, 7, 6, 14, 15, 16, 17, 22, 19, 18, 21, 37, 36, 13, 34, 26, 27, 28, 29, 30, 31, 32, 33, 25, 35, 39, 20, 38, 23]",3223,3.3527538776397705
"[3, 1, 2, 4, 12, 5, 24, 0, 8, 9, 10, 11, 7, 6, 14, 15, 16, 17, 22, 19, 18, 21, 37, 36, 13, 34, 26, 27, 28, 29, 30, 31, 32, 33, 25, 35, 39, 20, 38, 23]",3223,"[3, 1, 2, 4, 12, 5, 24, 0, 8, 9, 10, 11, 7, 6, 14, 15, 16, 17, 22, 19, 18, 21, 37, 36, 13, 34, 26, 27, 28, 29, 30, 31, 32, 33, 25, 35, 39, 20, 38, 23]",3223,3.4018619060516357
"[3, 1, 2, 4, 12, 5, 24, 0, 8, 9, 10, 11, 7, 6, 14, 15, 16, 17, 22, 19, 18, 21, 37, 36, 13, 34, 26, 27, 28, 29, 30, 31, 32, 33, 25, 35, 39, 20, 38, 23]",3223,"[3, 1, 2, 4, 12, 5, 24, 0, 8, 9, 10, 11, 7, 6, 14, 15, 16, 17, 22, 19, 18, 21, 37, 36, 13, 34, 26, 27, 28, 29, 30, 31, 32, 33, 25, 35, 39, 20, 38, 23]",3223,3.4504709243774414
"[3, 1, 2, 4, 12, 5, 24, 0, 8, 9, 10, 11, 7, 6, 14, 15, 16, 17, 22, 19, 18, 21, 37, 36, 13, 34, 26, 27, 28, 29, 30, 31, 32, 33, 25, 35, 39, 20, 38, 23]",3223,"[3, 1, 2, 4, 12, 5, 24, 0, 8, 9, 10, 11, 7, 6, 14, 15, 16, 17, 22, 19, 18, 21, 37, 36, 13, 34, 26, 27, 28, 29, 30, 31, 32, 33, 25, 35, 39, 20, 38, 23]",3223,3.4991209506988525
"[3, 1, 2, 4, 12, 5, 24, 0, 8, 9, 10, 11, 7, 6, 14, 15, 16, 17, 22, 19, 18, 21, 37, 36, 13, 34, 26, 27, 28, 29, 30, 31, 32, 33, 25, 35, 39, 20, 38, 23]",3223,"[3, 1, 2, 4, 12, 5, 24, 0, 8, 9, 10, 11, 7, 6, 14, 15, 16, 17, 22, 19, 18, 21, 37, 36, 13, 34, 26, 27, 28, 29, 30, 31, 32, 33, 25, 35, 39, 20, 38, 23]",3223,3.5589680671691895
"[3, 1, 2, 4, 12, 5, 24, 0, 8, 9, 10, 11, 7, 6, 14, 15, 16, 17, 22, 19, 18, 21, 37, 36, 13, 34, 26, 27, 28, 29, 30, 31, 32, 33, 25, 35, 39, 20, 38, 23]",3223,"[3, 1, 2, 4, 12, 5, 24, 0, 8, 9, 10, 11, 7, 6, 14, 15, 16, 17, 22, 19, 18, 21, 37, 36, 13, 34, 26, 27, 28, 29, 30, 31, 32, 33, 25, 35, 39, 20, 38, 23]",3223,3.6069178581237793
"[3, 1, 2, 4, 12, 5, 24, 0, 8, 9, 10, 11, 7, 6, 14, 15, 16, 17, 22, 19, 18, 21, 37, 36, 13, 34, 26, 27, 28, 29, 30, 31, 32, 33, 25, 35, 39, 20, 38, 23]",3223,"[3, 1, 2, 4, 12, 5, 24, 0, 8, 9, 10, 11, 7, 6, 14, 15, 16, 17, 22, 19, 18, 21, 37, 36, 13, 34, 26, 27, 28, 29, 30, 31, 32, 33, 25, 35, 39, 20, 38, 23]",3223,3.6537721157073975
"[3, 1, 2, 4, 12, 5, 24, 0, 8, 9, 10, 11, 7, 6, 14, 15, 16, 17, 22, 19, 18, 21, 37, 36, 13, 34, 26, 27, 28, 29, 30, 31, 32, 33, 25, 35, 39, 20, 38, 23]",3223,"[3, 1, 2, 4, 12, 5, 24, 0, 8, 9, 10, 11, 7, 6, 14, 15, 16, 17, 22, 19, 18, 21, 37, 36, 13, 34, 26, 27, 28, 29, 30, 31, 32, 33, 25, 35, 39, 20, 38, 23]",3223,3.7017221450805664
"[3, 1, 2, 4, 12, 5, 24, 0, 8, 9, 10, 11, 7, 6, 14, 15, 16, 17, 22, 19, 18, 21, 37, 36, 13, 34, 26, 27, 28, 29, 30, 31, 32, 33, 25, 35, 39, 20, 38, 23]",3223,"[3, 1, 2, 4, 12, 5, 24, 0, 8, 9, 10, 11, 7, 6, 14, 15, 16, 17, 22, 19, 18, 21, 37, 36, 13, 34, 26, 27, 28, 29, 30, 31, 32, 33, 25, 35, 39, 20, 38, 23]",3223,3.749664068222046
"[3, 1, 2, 4, 12, 5, 24, 0, 8, 9, 10, 11, 7, 6, 14, 15, 16, 17, 22, 19, 18, 21, 37, 36, 13, 34, 26, 27, 28, 29, 30, 31, 32, 33, 25, 35, 39, 20, 38, 23]",3223,"[3, 1, 2, 4, 12, 5, 24, 0, 8, 9, 10, 11, 7, 6, 14, 15, 16, 17, 22, 19, 18, 21, 37, 36, 13, 34, 26, 27, 28, 29, 30, 31, 32, 33, 25, 35, 39, 20, 38, 23]",3223,3.7986440658569336
"[3, 1, 2, 4, 12, 5, 24, 0, 8, 9, 10, 11, 7, 6, 14, 15, 16, 17, 22, 19, 18, 21, 37, 36, 13, 34, 26, 27, 28, 29, 30, 31, 32, 33, 25, 35, 39, 20, 38, 23]",3223,"[3, 1, 2, 4, 12, 5, 24, 0, 8, 9, 10, 11, 7, 6, 14, 15, 16, 17, 22, 19, 18, 21, 37, 36, 13, 34, 26, 27, 28, 29, 30, 31, 32, 33, 25, 35, 39, 20, 38, 23]",3223,3.8457601070404053
"[3, 1, 2, 4, 12, 5, 24, 0, 8, 9, 10, 11, 7, 6, 14, 15, 16, 17, 22, 19, 18, 21, 37, 36, 13, 34, 26, 27, 28, 29, 30, 31, 32, 33, 25, 35, 39, 20, 38, 23]",3223,"[3, 1, 2, 4, 12, 5, 24, 0, 8, 9, 10, 11, 7, 6, 14, 15, 16, 17, 22, 19, 18, 21, 37, 36, 13, 34, 26, 27, 28, 29, 30, 31, 32, 33, 25, 35, 39, 20, 38, 23]",3223,3.8930559158325195
"[3, 1, 2, 4, 12, 5, 24, 0, 8, 9, 10, 11, 7, 6, 14, 15, 16, 17, 22, 19, 18, 21, 37, 36, 13, 34, 26, 27, 28, 29, 30, 31, 32, 33, 25, 35, 39, 20, 38, 23]",3223,"[3, 1, 2, 4, 12, 5, 24, 0, 8, 9, 10, 11, 7, 6, 14, 15, 16, 17, 22, 19, 18, 21, 37, 36, 13, 34, 26, 27, 28, 29, 30, 31, 32, 33, 25, 35, 39, 20, 38, 23]",3223,3.9404568672180176
"[3, 1, 2, 4, 12, 5, 24, 0, 8, 9, 10, 11, 7, 6, 14, 15, 16, 17, 22, 19, 18, 21, 37, 36, 13, 34, 26, 27, 28, 29, 30, 31, 32, 33, 25, 35, 39, 20, 38, 23]",3223,"[3, 1, 2, 4, 12, 5, 24, 0, 8, 9, 10, 11, 7, 6, 14, 15, 16, 17, 22, 19, 18, 21, 37, 36, 13, 34, 26, 27, 28, 29, 30, 31, 32, 33, 25, 35, 39, 20, 38, 23]",3223,3.9872021675109863
"[3, 1, 2, 4, 12, 5, 24, 0, 8, 9, 10, 11, 7, 6, 14, 15, 16, 17, 22, 19, 18, 21, 37, 36, 13, 34, 26, 27, 28, 29, 30, 31, 32, 33, 25, 35, 39, 20, 38, 23]",3223,"[3, 1, 2, 4, 12, 5, 24, 0, 8, 9, 10, 11, 7, 6, 14, 15, 16, 17, 22, 19, 18, 21, 37, 36, 13, 34, 26, 27, 28, 29, 30, 31, 32, 33, 25, 35, 39, 20, 38, 23]",3223,4.0344109535217285
"[3, 1, 2, 4, 12, 5, 24, 0, 8, 9, 10, 11, 7, 6, 14, 15, 16, 17, 22, 19, 18, 21, 37, 36, 13, 34, 26, 27, 28, 29, 30, 31, 32, 33, 25, 35, 39, 20, 38, 23]",3223,"[3, 1, 2, 4, 12, 5, 24, 0, 8, 9, 10, 11, 7, 6, 14, 15, 16, 17, 22, 19, 18, 21, 37, 36, 13, 34, 26, 27, 28, 29, 30, 31, 32, 33, 25, 35, 39, 20, 38, 23]",3223,4.0814549922943115
"[3, 1, 2, 4, 12, 5, 24, 0, 8, 9, 10, 11, 7, 6, 14, 15, 16, 17, 22, 19, 18, 21, 37, 36, 13, 34, 26, 27, 28, 29, 30, 31, 32, 33, 25, 35, 39, 20, 38, 23]",3223,"[3, 1, 2, 4, 12, 5, 24, 0, 8, 9, 10, 11, 7, 6, 14, 15, 16, 17, 22, 19, 18, 21, 37, 36, 13, 34, 26, 27, 28, 29, 30, 31, 32, 33, 25, 35, 39, 20, 38, 23]",3223,4.128697156906128
"[3, 1, 2, 4, 12, 5, 24, 0, 8, 9, 10, 11, 7, 6, 14, 15, 16, 17, 22, 19, 18, 21, 37, 36, 13, 34, 26, 27, 28, 29, 30, 31, 32, 33, 25, 35, 39, 20, 38, 23]",3223,"[3, 1, 2, 4, 12, 5, 24, 0, 8, 9, 10, 11, 7, 6, 14, 15, 16, 17, 22, 19, 18, 21, 37, 36, 13, 34, 26, 27, 28, 29, 30, 31, 32, 33, 25, 35, 39, 20, 38, 23]",3223,4.176099061965942
"[3, 1, 2, 4, 12, 5, 24, 0, 8, 9, 10, 11, 7, 6, 14, 15, 16, 17, 22, 19, 18, 21, 37, 36, 13, 34, 26, 27, 28, 29, 30, 31, 32, 33, 25, 35, 39, 20, 38, 23]",3223,"[3, 1, 2, 4, 12, 5, 24, 0, 8, 9, 10, 11, 7, 6, 14, 15, 16, 17, 22, 19, 18, 21, 37, 36, 13, 34, 26, 27, 28, 29, 30, 31, 32, 33, 25, 35, 39, 20, 38, 23]",3223,4.22300386428833
"[3, 1, 2, 4, 12, 5, 24, 0, 8, 9, 10, 11, 7, 6, 14, 15, 16, 17, 22, 19, 18, 21, 37, 36, 13, 34, 26, 27, 28, 29, 30, 31, 32, 33, 25, 35, 39, 20, 38, 23]",3223,"[3, 1, 2, 4, 12, 5, 24, 0, 8, 9, 10, 11, 7, 6, 14, 15, 16, 17, 22, 19, 18, 21, 37, 36, 13, 34, 26, 27, 28, 29, 30, 31, 32, 33, 25, 35, 39, 20, 38, 23]",3223,4.269813060760498
"[3, 1, 2, 4, 12, 5, 24, 0, 8, 9, 10, 11, 7, 6, 14, 15, 16, 17, 22, 19, 18, 21, 37, 36, 13, 34, 26, 27, 28, 29, 30, 31, 32, 33, 25, 35, 39, 20, 38, 23]",3223,"[3, 1, 2, 4, 12, 5, 24, 0, 8, 9, 10, 11, 7, 6, 14, 15, 16, 17, 22, 19, 18, 21, 37, 36, 13, 34, 26, 27, 28, 29, 30, 31, 32, 33, 25, 35, 39, 20, 38, 23]",3223,4.316413879394531
"[3, 1, 2, 4, 12, 5, 24, 0, 8, 9, 10, 11, 7, 6, 14, 15, 16, 17, 22, 19, 18, 21, 37, 36, 13, 34, 26, 27, 28, 29, 30, 31, 32, 33, 25, 35, 39, 20, 38, 23]",3223,"[3, 1, 2, 4, 12, 5, 24, 0, 8, 9, 10, 11, 7, 6, 14, 15, 16, 17, 22, 19, 18, 21, 37, 36, 13, 34, 26, 27, 28, 29, 30, 31, 32, 33, 25, 35, 39, 20, 38, 23]",3223,4.364418029785156
"[3, 1, 2, 4, 12, 5, 24, 0, 8, 9, 10, 11, 7, 6, 14, 15, 16, 17, 22, 19, 18, 21, 37, 36, 13, 34, 26, 27, 28, 29, 30, 31, 32, 33, 25, 35, 39, 20, 38, 23]",3223,"[3, 1, 2, 4, 12, 5, 24, 0, 8, 9, 10, 11, 7, 6, 14, 15, 16, 17, 22, 19, 18, 21, 37, 36, 13, 34, 26, 27, 28, 29, 30, 31, 32, 33, 25, 35, 39, 20, 38, 23]",3223,4.4112818241119385
"[3, 1, 2, 4, 12, 5, 24, 0, 8, 9, 10, 11, 7, 6, 14, 15, 16, 17, 22, 19, 18, 21, 37, 36, 13, 34, 26, 27, 28, 29, 30, 31, 32, 33, 25, 35, 39, 20, 38, 23]",3223,"[3, 1, 2, 4, 12, 5, 24, 0, 8, 9, 10, 11, 7, 6, 14, 15, 16, 17, 22, 19, 18, 21, 37, 36, 13, 34, 26, 27, 28, 29, 30, 31, 32, 33, 25, 35, 39, 20, 38, 23]",3223,4.460773944854736
"[3, 1, 2, 4, 12, 5, 24, 0, 8, 9, 10, 11, 7, 6, 14, 15, 16, 17, 22, 19, 18, 21, 37, 36, 13, 34, 26, 27, 28, 29, 30, 31, 32, 33, 25, 35, 39, 20, 38, 23]",3223,"[3, 1, 2, 4, 12, 5, 24, 0, 8, 9, 10, 11, 7, 6, 14, 15, 16, 17, 22, 19, 18, 21, 37, 36, 13, 34, 26, 27, 28, 29, 30, 31, 32, 33, 25, 35, 39, 20, 38, 23]",3223,4.507539987564087
"[3, 1, 2, 4, 12, 5, 24, 0, 8, 9, 10, 11, 7, 6, 14, 15, 16, 17, 22, 19, 18, 21, 37, 36, 13, 34, 26, 27, 28, 29, 30, 31, 32, 33, 25, 35, 39, 20, 38, 23]",3223,"[3, 1, 2, 4, 12, 5, 24, 0, 8, 9, 10, 11, 7, 6, 14, 15, 16, 17, 22, 19, 18, 21, 37, 36, 13, 34, 26, 27, 28, 29, 30, 31, 32, 33, 25, 35, 39, 20, 38, 23]",3223,4.553679943084717
"[3, 1, 2, 4, 12, 5, 24, 0, 8, 9, 10, 11, 7, 6, 14, 15, 16, 17, 22, 19, 18, 21, 37, 36, 13, 34, 26, 27, 28, 29, 30, 31, 32, 33, 25, 35, 39, 20, 38, 23]",3223,"[3, 1, 2, 4, 12, 5, 24, 0, 8, 9, 10, 11, 7, 6, 14, 15, 16, 17, 22, 19, 18, 21, 37, 36, 13, 34, 26, 27, 28, 29, 30, 31, 32, 33, 25, 35, 39, 20, 38, 23]",3223,4.600805997848511
"[3, 1, 2, 4, 12, 5, 24, 0, 8, 9, 10, 11, 7, 6, 14, 15, 16, 17, 22, 19, 18, 21, 37, 36, 13, 34, 26, 27, 28, 29, 30, 31, 32, 33, 25, 35, 39, 20, 38, 23]",3223,"[3, 1, 2, 4, 12, 5, 24, 0, 8, 9, 10, 11, 7, 6, 14, 15, 16, 17, 22, 19, 18, 21, 37, 36, 13, 34, 26, 27, 28, 29, 30, 31, 32, 33, 25, 35, 39, 20, 38, 23]",3223,4.647188901901245
"[3, 1, 2, 4, 12, 5, 24, 0, 8, 9, 10, 11, 7, 6, 14, 15, 16, 17, 22, 19, 18, 21, 37, 36, 13, 34, 26, 27, 30, 29, 28, 31, 32, 33, 25, 35, 39, 20, 38, 23]",3217,"[3, 1, 2, 4, 12, 5, 24, 0, 8, 9, 10, 11, 7, 6, 14, 15, 16, 17, 22, 19, 18, 21, 37, 36, 13, 34, 26, 27, 30, 29, 28, 31, 32, 33, 25, 35, 39, 20, 38, 23]",3217,4.693382978439331
"[3, 1, 2, 4, 12, 5, 24, 0, 8, 9, 10, 11, 7, 6, 14, 15, 16, 17, 22, 19, 18, 21, 37, 36, 13, 34, 26, 27, 30, 29, 28, 31, 32, 33, 25, 35, 39, 20, 38, 23]",3217,"[3, 1, 2, 4, 12, 5, 24, 0, 8, 9, 10, 11, 7, 6, 14, 15, 16, 17, 22, 19, 18, 21, 37, 36, 13, 34, 26, 27, 30, 29, 28, 31, 32, 33, 25, 35, 39, 20, 38, 23]",3217,4.740261077880859
"[3, 1, 2, 4, 12, 5, 24, 0, 8, 9, 10, 11, 7, 6, 14, 15, 16, 17, 22, 19, 18, 21, 37, 36, 13, 34, 26, 27, 30, 29, 28, 31, 32, 33, 25, 35, 39, 20, 38, 23]",3217,"[3, 1, 2, 4, 12, 5, 24, 0, 8, 9, 10, 11, 7, 6, 14, 15, 16, 17, 22, 19, 18, 21, 37, 36, 13, 34, 26, 27, 30, 29, 28, 31, 32, 33, 25, 35, 39, 20, 38, 23]",3217,4.7876880168914795
"[3, 1, 2, 4, 12, 5, 24, 0, 8, 9, 10, 11, 7, 6, 14, 15, 16, 17, 22, 19, 18, 21, 37, 36, 13, 34, 26, 27, 30, 29, 28, 31, 32, 33, 25, 35, 39, 20, 38, 23]",3217,"[3, 1, 2, 4, 12, 5, 24, 0, 8, 9, 10, 11, 7, 6, 14, 15, 16, 17, 22, 19, 18, 21, 37, 36, 13, 34, 26, 27, 30, 29, 28, 31, 32, 33, 25, 35, 39, 20, 38, 23]",3217,4.834219932556152
"[3, 1, 2, 4, 12, 5, 24, 0, 8, 9, 10, 11, 7, 6, 14, 15, 16, 17, 22, 19, 18, 21, 37, 36, 13, 34, 26, 27, 30, 29, 28, 31, 32, 33, 25, 35, 39, 20, 38, 23]",3217,"[3, 1, 2, 4, 12, 5, 24, 0, 8, 9, 10, 11, 7, 6, 14, 15, 16, 17, 22, 19, 18, 21, 37, 36, 13, 34, 26, 27, 30, 29, 28, 31, 32, 33, 25, 35, 39, 20, 38, 23]",3217,4.881778001785278
"[3, 1, 2, 4, 12, 5, 24, 0, 8, 9, 10, 11, 7, 6, 14, 15, 16, 17, 22, 19, 18, 21, 37, 36, 13, 34, 26, 27, 30, 29, 28, 31, 32, 33, 25, 35, 39, 20, 38, 23]",3217,"[3, 1, 2, 4, 12, 5, 24, 0, 8, 9, 10, 11, 7, 6, 14, 15, 16, 17, 22, 19, 18, 21, 37, 36, 13, 34, 26, 27, 30, 29, 28, 31, 32, 33, 25, 35, 39, 20, 38, 23]",3217,4.9282591342926025
"[3, 1, 2, 4, 12, 5, 24, 0, 8, 9, 10, 11, 7, 6, 14, 15, 16, 17, 22, 19, 18, 21, 37, 36, 13, 34, 26, 27, 30, 29, 28, 31, 32, 33, 25, 35, 39, 20, 38, 23]",3217,"[3, 1, 2, 4, 12, 5, 24, 0, 8, 9, 10, 11, 7, 6, 14, 15, 16, 17, 22, 19, 18, 21, 37, 36, 13, 34, 26, 27, 30, 29, 28, 31, 32, 33, 25, 35, 39, 20, 38, 23]",3217,4.974981784820557
"[3, 1, 2, 4, 12, 5, 24, 0, 8, 9, 10, 11, 7, 6, 14, 15, 16, 17, 22, 19, 18, 21, 37, 36, 13, 34, 26, 27, 30, 29, 28, 31, 32, 33, 25, 35, 39, 20, 38, 23]",3217,"[3, 1, 2, 4, 12, 5, 24, 0, 8, 9, 10, 11, 7, 6, 14, 15, 16, 17, 22, 19, 18, 21, 37, 36, 13, 34, 26, 27, 30, 29, 28, 31, 32, 33, 25, 35, 39, 20, 38, 23]",3217,5.023033142089844
"[3, 1, 2, 4, 12, 5, 24, 0, 8, 9, 10, 11, 7, 6, 14, 15, 16, 17, 22, 19, 18, 21, 37, 36, 13, 34, 26, 27, 30, 29, 28, 31, 32, 33, 25, 35, 39, 20, 38, 23]",3217,"[3, 1, 2, 4, 12, 5, 24, 0, 8, 9, 10, 11, 7, 6, 14, 15, 16, 17, 22, 19, 18, 21, 37, 36, 13, 34, 26, 27, 30, 29, 28, 31, 32, 33, 25, 35, 39, 20, 38, 23]",3217,5.069889068603516
"[3, 1, 2, 4, 12, 5, 24, 0, 8, 9, 10, 11, 7, 6, 14, 15, 16, 17, 22, 19, 18, 21, 37, 36, 13, 34, 26, 27, 30, 29, 28, 31, 32, 33, 25, 35, 39, 20, 38, 23]",3217,"[3, 1, 2, 4, 12, 5, 24, 0, 8, 9, 10, 11, 7, 6, 14, 15, 16, 17, 22, 19, 18, 21, 37, 36, 13, 34, 26, 27, 30, 29, 28, 31, 32, 33, 25, 35, 39, 20, 38, 23]",3217,5.117005109786987
"[3, 1, 2, 4, 12, 5, 24, 0, 8, 9, 10, 11, 7, 6, 14, 15, 16, 17, 22, 19, 18, 21, 37, 36, 13, 34, 26, 27, 30, 29, 28, 31, 32, 33, 25, 35, 39, 20, 38, 23]",3217,"[3, 1, 2, 4, 12, 5, 24, 0, 8, 9, 10, 11, 7, 6, 14, 15, 16, 17, 22, 19, 18, 21, 37, 36, 13, 34, 26, 27, 30, 29, 28, 31, 32, 33, 25, 35, 39, 20, 38, 23]",3217,5.1635048389434814
"[3, 1, 2, 4, 12, 5, 24, 0, 8, 9, 10, 11, 7, 6, 14, 15, 16, 17, 22, 19, 18, 21, 37, 36, 13, 34, 26, 27, 30, 29, 28, 31, 32, 33, 25, 35, 39, 20, 38, 23]",3217,"[3, 1, 2, 4, 12, 5, 24, 0, 8, 9, 10, 11, 7, 6, 14, 15, 16, 17, 22, 19, 18, 21, 37, 36, 13, 34, 26, 27, 30, 29, 28, 31, 32, 33, 25, 35, 39, 20, 38, 23]",3217,5.209584951400757
"[3, 1, 2, 4, 12, 5, 24, 0, 8, 9, 10, 11, 7, 6, 14, 15, 16, 17, 22, 19, 18, 21, 37, 36, 13, 34, 26, 27, 30, 29, 28, 31, 32, 33, 25, 35, 39, 20, 38, 23]",3217,"[3, 1, 2, 4, 12, 5, 24, 0, 8, 9, 10, 11, 7, 6, 14, 15, 16, 17, 22, 19, 18, 21, 37, 36, 13, 34, 26, 27, 30, 29, 28, 31, 32, 33, 25, 35, 39, 20, 38, 23]",3217,5.25676703453064
"[3, 1, 2, 4, 12, 5, 24, 0, 8, 9, 10, 11, 7, 6, 14, 15, 16, 17, 22, 19, 18, 21, 37, 36, 13, 34, 26, 27, 30, 29, 28, 31, 32, 33, 25, 35, 39, 20, 38, 23]",3217,"[3, 1, 2, 4, 12, 5, 24, 0, 8, 9, 10, 11, 7, 6, 14, 15, 16, 17, 22, 19, 18, 21, 37, 36, 13, 34, 26, 27, 30, 29, 28, 31, 32, 33, 25, 35, 39, 20, 38, 23]",3217,5.307369947433472
"[3, 1, 2, 4, 12, 5, 24, 0, 8, 9, 10, 11, 7, 6, 14, 15, 16, 17, 22, 19, 18, 21, 37, 36, 13, 34, 26, 27, 30, 29, 28, 31, 32, 33, 25, 35, 39, 20, 38, 23]",3217,"[3, 1, 2, 4, 12, 5, 24, 0, 8, 9, 10, 11, 7, 6, 14, 15, 16, 17, 22, 19, 18, 21, 37, 36, 13, 34, 26, 27, 30, 29, 28, 31, 32, 33, 25, 35, 39, 20, 38, 23]",3217,5.354811906814575
"[3, 1, 2, 4, 12, 5, 24, 0, 8, 9, 10, 11, 7, 6, 14, 15, 16, 17, 22, 19, 18, 21, 37, 36, 13, 34, 26, 27, 30, 29, 28, 31, 32, 33, 25, 35, 39, 20, 38, 23]",3217,"[3, 1, 2, 4, 12, 5, 24, 0, 8, 9, 10, 11, 7, 6, 14, 15, 16, 17, 22, 19, 18, 21, 37, 36, 13, 34, 26, 27, 30, 29, 28, 31, 32, 33, 25, 35, 39, 20, 38, 23]",3217,5.40132999420166
"[3, 1, 2, 4, 12, 5, 24, 0, 8, 9, 10, 11, 7, 6, 14, 15, 16, 17, 22, 19, 18, 21, 37, 36, 13, 34, 26, 27, 30, 29, 28, 31, 32, 33, 25, 35, 39, 20, 38, 23]",3217,"[3, 1, 2, 4, 12, 5, 24, 0, 8, 9, 10, 11, 7, 6, 14, 15, 16, 17, 22, 19, 18, 21, 37, 36, 13, 34, 26, 27, 30, 29, 28, 31, 32, 33, 25, 35, 39, 20, 38, 23]",3217,5.448890924453735
"[3, 1, 2, 4, 12, 5, 24, 0, 8, 9, 10, 11, 7, 6, 14, 15, 16, 17, 22, 19, 18, 21, 37, 36, 13, 34, 26, 27, 30, 29, 28, 31, 32, 33, 25, 35, 39, 20, 38, 23]",3217,"[3, 1, 2, 4, 12, 5, 24, 0, 8, 9, 10, 11, 7, 6, 14, 15, 16, 17, 22, 19, 18, 21, 37, 36, 13, 34, 26, 27, 30, 29, 28, 31, 32, 33, 25, 35, 39, 20, 38, 23]",3217,5.494939804077148
"[3, 1, 2, 4, 12, 5, 24, 0, 8, 9, 10, 11, 7, 6, 14, 15, 16, 17, 22, 19, 18, 21, 37, 36, 13, 34, 26, 27, 30, 29, 28, 31, 32, 33, 25, 35, 39, 20, 38, 23]",3217,"[3, 1, 2, 4, 12, 5, 24, 0, 8, 9, 10, 11, 7, 6, 14, 15, 16, 17, 22, 19, 18, 21, 37, 36, 13, 34, 26, 27, 30, 29, 28, 31, 32, 33, 25, 35, 39, 20, 38, 23]",3217,5.541733980178833
"[3, 1, 2, 4, 12, 5, 24, 0, 8, 9, 10, 11, 7, 6, 14, 15, 16, 17, 22, 19, 18, 21, 37, 36, 13, 34, 26, 27, 30, 29, 28, 31, 32, 33, 25, 35, 39, 20, 38, 23]",3217,"[3, 1, 2, 4, 12, 5, 24, 0, 8, 9, 10, 11, 7, 6, 14, 15, 16, 17, 22, 19, 18, 21, 37, 36, 13, 34, 26, 27, 30, 29, 28, 31, 32, 33, 25, 35, 39, 20, 38, 23]",3217,5.592275857925415
"[3, 1, 2, 4, 12, 5, 24, 0, 8, 9, 10, 11, 7, 6, 14, 15, 16, 17, 22, 19, 18, 21, 37, 36, 13, 34, 26, 27, 30, 29, 28, 31, 32, 33, 25, 35, 39, 20, 38, 23]",3217,"[3, 1, 2, 4, 12, 5, 24, 0, 8, 9, 10, 11, 7, 6, 14, 15, 16, 17, 22, 19, 18, 21, 37, 36, 13, 34, 26, 27, 30, 29, 28, 31, 32, 33, 25, 35, 39, 20, 38, 23]",3217,5.638671159744263
"[3, 1, 2, 4, 12, 5, 24, 0, 8, 9, 10, 11, 7, 6, 14, 15, 16, 17, 22, 19, 18, 21, 37, 36, 13, 34, 26, 27, 30, 29, 28, 31, 32, 33, 25, 35, 39, 20, 38, 23]",3217,"[3, 1, 2, 4, 12, 5, 24, 0, 8, 9, 10, 11, 7, 6, 14, 15, 16, 17, 22, 19, 18, 21, 37, 36, 13, 34, 26, 27, 30, 29, 28, 31, 32, 33, 25, 35, 39, 20, 38, 23]",3217,5.699927091598511
"[3, 1, 2, 4, 12, 5, 24, 0, 8, 9, 10, 11, 7, 6, 14, 15, 16, 17, 22, 19, 18, 21, 37, 36, 13, 34, 26, 27, 30, 29, 28, 31, 32, 33, 25, 35, 39, 20, 38, 23]",3217,"[3, 1, 2, 4, 12, 5, 24, 0, 8, 9, 10, 11, 7, 6, 14, 15, 16, 17, 22, 19, 18, 21, 37, 36, 13, 34, 26, 27, 30, 29, 28, 31, 32, 33, 25, 35, 39, 20, 38, 23]",3217,5.7464280128479
"[3, 1, 2, 4, 12, 5, 24, 0, 8, 9, 10, 11, 7, 6, 14, 15, 16, 17, 22, 19, 18, 21, 37, 36, 13, 34, 26, 27, 30, 29, 28, 31, 32, 33, 25, 35, 39, 20, 38, 23]",3217,"[3, 1, 2, 4, 12, 5, 24, 0, 8, 9, 10, 11, 7, 6, 14, 15, 16, 17, 22, 19, 18, 21, 37, 36, 13, 34, 26, 27, 30, 29, 28, 31, 32, 33, 25, 35, 39, 20, 38, 23]",3217,5.793872833251953
"[3, 1, 2, 4, 12, 5, 24, 0, 8, 9, 10, 11, 7, 6, 14, 15, 16, 17, 22, 19, 18, 21, 37, 36, 13, 34, 26, 27, 30, 29, 28, 31, 32, 33, 25, 35, 39, 20, 38, 23]",3217,"[3, 1, 2, 4, 12, 5, 24, 0, 8, 9, 10, 11, 7, 6, 14, 15, 16, 17, 22, 19, 18, 21, 37, 36, 13, 34, 26, 27, 30, 29, 28, 31, 32, 33, 25, 35, 39, 20, 38, 23]",3217,5.840534925460815
"[3, 1, 2, 4, 12, 5, 24, 0, 8, 9, 10, 11, 7, 6, 14, 15, 16, 17, 22, 19, 18, 21, 37, 36, 13, 34, 26, 27, 30, 29, 28, 31, 32, 33, 25, 35, 39, 20, 38, 23]",3217,"[3, 1, 2, 4, 12, 5, 24, 0, 8, 9, 10, 11, 7, 6, 14, 15, 16, 17, 22, 19, 18, 21, 37, 36, 13, 34, 26, 27, 30, 29, 28, 31, 32, 33, 25, 35, 39, 20, 38, 23]",3217,5.887209892272949
"[3, 1, 2, 4, 12, 5, 24, 0, 8, 9, 10, 11, 7, 6, 14, 15, 16, 17, 22, 19, 18, 21, 37, 36, 13, 34, 26, 27, 30, 29, 28, 31, 32, 33, 25, 35, 39, 20, 38, 23]",3217,"[3, 1, 2, 4, 12, 5, 24, 0, 8, 9, 10, 11, 7, 6, 14, 15, 16, 17, 22, 19, 18, 21, 37, 36, 13, 34, 26, 27, 30, 29, 28, 31, 32, 33, 25, 35, 39, 20, 38, 23]",3217,5.934084177017212
"[3, 1, 2, 4, 12, 5, 24, 0, 8, 9, 10, 11, 7, 6, 14, 15, 16, 17, 22, 19, 18, 21, 37, 36, 13, 34, 26, 27, 30, 29, 28, 31, 32, 33, 25, 35, 39, 20, 38, 23]",3217,"[3, 1, 2, 4, 12, 5, 24, 0, 8, 9, 10, 11, 7, 6, 14, 15, 16, 17, 22, 19, 18, 21, 37, 36, 13, 34, 26, 27, 30, 29, 28, 31, 32, 33, 25, 35, 39, 20, 38, 23]",3217,5.9808900356292725
"[3, 1, 2, 4, 12, 5, 24, 0, 8, 9, 10, 11, 7, 6, 14, 15, 16, 17, 22, 19, 18, 21, 37, 36, 13, 34, 26, 27, 30, 29, 28, 31, 32, 33, 25, 35, 39, 20, 38, 23]",3217,"[3, 1, 2, 4, 12, 5, 24, 0, 8, 9, 10, 11, 7, 6, 14, 15, 16, 17, 22, 19, 18, 21, 37, 36, 13, 34, 26, 27, 30, 29, 28, 31, 32, 33, 25, 35, 39, 20, 38, 23]",3217,6.027370929718018
"[3, 1, 2, 4, 12, 5, 24, 0, 8, 9, 10, 11, 7, 6, 14, 15, 16, 17, 22, 19, 18, 21, 37, 36, 13, 34, 26, 27, 30, 29, 28, 31, 32, 33, 25, 35, 39, 20, 38, 23]",3217,"[3, 1, 2, 4, 12, 5, 24, 0, 8, 9, 10, 11, 7, 6, 14, 15, 16, 17, 22, 19, 18, 21, 37, 36, 13, 34, 26, 27, 30, 29, 28, 31, 32, 33, 25, 35, 39, 20, 38, 23]",3217,6.07705020904541
"[3, 1, 2, 4, 12, 5, 24, 0, 8, 9, 10, 11, 7, 6, 14, 15, 16, 17, 22, 19, 18, 21, 37, 36, 13, 34, 26, 27, 30, 29, 28, 31, 32, 33, 25, 35, 39, 20, 38, 23]",3217,"[3, 1, 2, 4, 12, 5, 24, 0, 8, 9, 10, 11, 7, 6, 14, 15, 16, 17, 22, 19, 18, 21, 37, 36, 13, 34, 26, 27, 30, 29, 28, 31, 32, 33, 25, 35, 39, 20, 38, 23]",3217,6.123538970947266
"[3, 1, 2, 4, 12, 5, 24, 0, 8, 9, 10, 11, 7, 6, 14, 15, 16, 17, 22, 19, 18, 21, 37, 36, 13, 34, 26, 27, 30, 29, 28, 31, 32, 33, 25, 35, 39, 20, 38, 23]",3217,"[3, 1, 2, 4, 12, 5, 24, 0, 8, 9, 10, 11, 7, 6, 14, 15, 16, 17, 22, 19, 18, 21, 37, 36, 13, 34, 26, 27, 30, 29, 28, 31, 32, 33, 25, 35, 39, 20, 38, 23]",3217,6.169615983963013
"[3, 1, 2, 4, 12, 5, 24, 0, 8, 9, 10, 11, 7, 6, 14, 15, 16, 17, 22, 19, 18, 21, 37, 36, 13, 34, 26, 27, 30, 29, 28, 31, 32, 33, 25, 35, 39, 20, 38, 23]",3217,"[3, 1, 2, 4, 12, 5, 24, 0, 8, 9, 10, 11, 7, 6, 14, 15, 16, 17, 22, 19, 18, 21, 37, 36, 13, 34, 26, 27, 30, 29, 28, 31, 32, 33, 25, 35, 39, 20, 38, 23]",3217,6.2162089347839355
"[3, 1, 2, 4, 12, 5, 24, 0, 8, 9, 10, 11, 7, 6, 14, 15, 16, 17, 22, 19, 18, 21, 37, 36, 13, 34, 26, 27, 30, 29, 28, 31, 32, 33, 25, 35, 39, 20, 38, 23]",3217,"[3, 1, 2, 4, 12, 5, 24, 0, 8, 9, 10, 11, 7, 6, 14, 15, 16, 17, 22, 19, 18, 21, 37, 36, 13, 34, 26, 27, 30, 29, 28, 31, 32, 33, 25, 35, 39, 20, 38, 23]",3217,6.269255876541138
"[3, 1, 2, 4, 12, 5, 24, 0, 8, 9, 10, 11, 7, 6, 14, 15, 16, 17, 22, 19, 18, 21, 37, 36, 13, 34, 26, 27, 30, 29, 28, 31, 32, 33, 25, 35, 39, 20, 38, 23]",3217,"[3, 1, 2, 4, 12, 5, 24, 0, 8, 9, 10, 11, 7, 6, 14, 15, 16, 17, 22, 19, 18, 21, 37, 36, 13, 34, 26, 27, 30, 29, 28, 31, 32, 33, 25, 35, 39, 20, 38, 23]",3217,6.323973894119263
"[3, 1, 2, 4, 12, 5, 24, 0, 8, 9, 10, 11, 7, 6, 14, 15, 16, 17, 22, 19, 18, 21, 37, 36, 13, 34, 26, 27, 30, 29, 28, 31, 32, 33, 25, 35, 39, 20, 38, 23]",3217,"[3, 1, 2, 4, 12, 5, 24, 0, 8, 9, 10, 11, 7, 6, 14, 15, 16, 17, 22, 19, 18, 21, 37, 36, 13, 34, 26, 27, 30, 29, 28, 31, 32, 33, 25, 35, 39, 20, 38, 23]",3217,6.375823020935059
"[3, 1, 2, 4, 12, 5, 24, 0, 8, 9, 10, 11, 7, 6, 14, 15, 16, 17, 22, 19, 18, 21, 37, 36, 13, 34, 26, 27, 30, 29, 28, 31, 32, 33, 25, 35, 39, 20, 38, 23]",3217,"[3, 1, 2, 4, 12, 5, 24, 0, 8, 9, 10, 11, 7, 6, 14, 15, 16, 17, 22, 19, 18, 21, 37, 36, 13, 34, 26, 27, 30, 29, 28, 31, 32, 33, 25, 35, 39, 20, 38, 23]",3217,6.4402430057525635
"[3, 1, 2, 4, 12, 5, 24, 0, 8, 9, 10, 11, 7, 6, 14, 15, 16, 17, 22, 19, 18, 21, 37, 36, 13, 34, 26, 27, 30, 29, 28, 31, 32, 33, 25, 35, 39, 20, 38, 23]",3217,"[3, 1, 2, 4, 12, 5, 24, 0, 8, 9, 10, 11, 7, 6, 14, 15, 16, 17, 22, 19, 18, 21, 37, 36, 13, 34, 26, 27, 30, 29, 28, 31, 32, 33, 25, 35, 39, 20, 38, 23]",3217,6.4977569580078125
"[3, 1, 2, 4, 12, 5, 24, 0, 8, 9, 10, 11, 7, 6, 14, 15, 16, 17, 22, 19, 18, 21, 37, 36, 13, 34, 26, 27, 30, 29, 28, 31, 32, 33, 25, 35, 39, 20, 38, 23]",3217,"[3, 1, 2, 4, 12, 5, 24, 0, 8, 9, 10, 11, 7, 6, 14, 15, 16, 17, 22, 19, 18, 21, 37, 36, 13, 34, 26, 27, 30, 29, 28, 31, 32, 33, 25, 35, 39, 20, 38, 23]",3217,6.54734992980957
"[3, 1, 2, 4, 12, 5, 24, 0, 8, 9, 10, 11, 7, 6, 14, 15, 16, 17, 22, 19, 18, 21, 37, 36, 13, 34, 26, 27, 30, 29, 28, 31, 32, 33, 25, 35, 39, 20, 38, 23]",3217,"[3, 1, 2, 4, 12, 5, 24, 0, 8, 9, 10, 11, 7, 6, 14, 15, 16, 17, 22, 19, 18, 21, 37, 36, 13, 34, 26, 27, 30, 29, 28, 31, 32, 33, 25, 35, 39, 20, 38, 23]",3217,6.594316005706787
"[3, 1, 2, 4, 12, 5, 24, 0, 8, 9, 10, 11, 7, 6, 14, 15, 16, 17, 22, 19, 18, 21, 37, 36, 13, 34, 26, 27, 30, 29, 28, 31, 32, 33, 25, 35, 39, 20, 38, 23]",3217,"[3, 1, 2, 4, 12, 5, 24, 0, 8, 9, 10, 11, 7, 6, 14, 15, 16, 17, 22, 19, 18, 21, 37, 36, 13, 34, 26, 27, 30, 29, 28, 31, 32, 33, 25, 35, 39, 20, 38, 23]",3217,6.641776084899902
"[3, 1, 2, 4, 12, 5, 24, 0, 8, 9, 10, 11, 7, 6, 14, 15, 16, 17, 22, 19, 18, 21, 37, 36, 13, 34, 26, 27, 30, 20, 28, 31, 32, 33, 25, 35, 39, 29, 38, 23]",3201,"[3, 1, 2, 4, 12, 5, 24, 0, 8, 9, 10, 11, 7, 6, 14, 15, 16, 17, 22, 19, 18, 21, 37, 36, 13, 34, 26, 27, 30, 20, 28, 31, 32, 33, 25, 35, 39, 29, 38, 23]",3201,6.689242124557495
"[3, 1, 2, 4, 12, 5, 24, 0, 8, 9, 10, 11, 7, 6, 14, 15, 16, 17, 22, 19, 18, 21, 37, 36, 13, 34, 26, 27, 30, 20, 28, 31, 32, 33, 25, 35, 39, 29, 38, 23]",3201,"[3, 1, 2, 4, 12, 5, 24, 0, 8, 9, 10, 11, 7, 6, 14, 15, 16, 17, 22, 19, 18, 21, 37, 36, 13, 34, 26, 27, 30, 20, 28, 31, 32, 33, 25, 35, 39, 29, 38, 23]",3201,6.735882043838501
"[3, 1, 2, 4, 12, 5, 24, 0, 8, 9, 10, 11, 7, 6, 14, 15, 16, 17, 22, 19, 18, 21, 37, 36, 13, 34, 26, 27, 30, 20, 28, 31, 32, 33, 25, 35, 39, 29, 38, 23]",3201,"[3, 1, 2, 4, 12, 5, 24, 0, 8, 9, 10, 11, 7, 6, 14, 15, 16, 17, 22, 19, 18, 21, 37, 36, 13, 34, 26, 27, 30, 20, 28, 31, 32, 33, 25, 35, 39, 29, 38, 23]",3201,6.783339023590088
"[3, 1, 2, 4, 12, 5, 24, 0, 8, 9, 10, 11, 7, 6, 14, 15, 16, 17, 22, 19, 18, 21, 37, 36, 13, 34, 26, 27, 30, 20, 28, 31, 32, 33, 25, 35, 39, 29, 38, 23]",3201,"[3, 1, 2, 4, 12, 5, 24, 0, 8, 9, 10, 11, 7, 6, 14, 15, 16, 17, 22, 19, 18, 21, 37, 36, 13, 34, 26, 27, 30, 20, 28, 31, 32, 33, 25, 35, 39, 29, 38, 23]",3201,6.8308329582214355
"[3, 1, 2, 4, 12, 5, 24, 0, 8, 9, 10, 11, 7, 6, 14, 15, 16, 17, 22, 19, 18, 21, 37, 36, 13, 34, 26, 27, 30, 20, 28, 31, 32, 33, 25, 35, 39, 29, 38, 23]",3201,"[3, 1, 2, 4, 12, 5, 24, 0, 8, 9, 10, 11, 7, 6, 14, 15, 16, 17, 22, 19, 18, 21, 37, 36, 13, 34, 26, 27, 30, 20, 28, 31, 32, 33, 25, 35, 39, 29, 38, 23]",3201,6.879087209701538
"[3, 1, 2, 4, 12, 5, 24, 0, 8, 9, 10, 11, 7, 6, 14, 15, 16, 17, 22, 19, 18, 21, 37, 36, 13, 34, 26, 27, 30, 20, 28, 31, 32, 33, 25, 35, 39, 29, 38, 23]",3201,"[3, 1, 2, 4, 12, 5, 24, 0, 8, 9, 10, 11, 7, 6, 14, 15, 16, 17, 22, 19, 18, 21, 37, 36, 13, 34, 26, 27, 30, 20, 28, 31, 32, 33, 25, 35, 39, 29, 38, 23]",3201,6.927076101303101
"[3, 1, 2, 4, 12, 5, 24, 0, 8, 9, 10, 11, 7, 6, 14, 15, 16, 17, 22, 19, 18, 21, 37, 36, 13, 34, 26, 27, 30, 20, 28, 31, 32, 33, 25, 35, 39, 29, 38, 23]",3201,"[3, 1, 2, 4, 12, 5, 24, 0, 8, 9, 10, 11, 7, 6, 14, 15, 16, 17, 22, 19, 18, 21, 37, 36, 13, 34, 26, 27, 30, 20, 28, 31, 32, 33, 25, 35, 39, 29, 38, 23]",3201,6.9756951332092285
"[3, 1, 2, 4, 12, 5, 24, 0, 8, 9, 10, 11, 7, 6, 14, 15, 16, 17, 22, 19, 18, 21, 37, 36, 13, 34, 26, 27, 30, 20, 28, 31, 32, 33, 25, 35, 39, 29, 38, 23]",3201,"[3, 1, 2, 4, 12, 5, 24, 0, 8, 9, 10, 11, 7, 6, 14, 15, 16, 17, 22, 19, 18, 21, 37, 36, 13, 34, 26, 27, 30, 20, 28, 31, 32, 33, 25, 35, 39, 29, 38, 23]",3201,7.024083852767944
"[3, 1, 2, 4, 12, 5, 24, 0, 8, 9, 10, 11, 7, 6, 14, 15, 16, 17, 22, 19, 18, 21, 37, 36, 13, 34, 26, 27, 30, 20, 28, 31, 32, 33, 25, 35, 39, 29, 38, 23]",3201,"[3, 1, 2, 4, 12, 5, 24, 0, 8, 9, 10, 11, 7, 6, 14, 15, 16, 17, 22, 19, 18, 21, 37, 36, 13, 34, 26, 27, 30, 20, 28, 31, 32, 33, 25, 35, 39, 29, 38, 23]",3201,7.072160959243774
"[3, 1, 2, 4, 12, 5, 24, 0, 8, 9, 10, 11, 7, 6, 14, 15, 16, 17, 22, 19, 18, 21, 37, 36, 13, 34, 26, 27, 30, 20, 28, 31, 32, 33, 25, 35, 39, 29, 38, 23]",3201,"[3, 1, 2, 4, 12, 5, 24, 0, 8, 9, 10, 11, 7, 6, 14, 15, 16, 17, 22, 19, 18, 21, 37, 36, 13, 34, 26, 27, 30, 20, 28, 31, 32, 33, 25, 35, 39, 29, 38, 23]",3201,7.11871600151062
"[3, 1, 2, 4, 12, 5, 24, 0, 8, 9, 10, 11, 7, 6, 14, 15, 16, 17, 22, 19, 18, 21, 37, 36, 13, 34, 26, 27, 30, 20, 28, 31, 32, 33, 25, 35, 39, 29, 38, 23]",3201,"[3, 1, 2, 4, 12, 5, 24, 0, 8, 9, 10, 11, 7, 6, 14, 15, 16, 17, 22, 19, 18, 21, 37, 36, 13, 34, 26, 27, 30, 20, 28, 31, 32, 33, 25, 35, 39, 29, 38, 23]",3201,7.167198896408081
"[3, 1, 2, 4, 12, 5, 24, 0, 8, 9, 10, 11, 7, 6, 14, 15, 16, 17, 22, 19, 18, 21, 37, 36, 13, 34, 26, 27, 30, 20, 28, 31, 32, 33, 25, 35, 39, 29, 38, 23]",3201,"[3, 1, 2, 4, 12, 5, 24, 0, 8, 9, 10, 11, 7, 6, 14, 15, 16, 17, 22, 19, 18, 21, 37, 36, 13, 34, 26, 27, 30, 20, 28, 31, 32, 33, 25, 35, 39, 29, 38, 23]",3201,7.214799165725708
"[3, 1, 2, 4, 12, 5, 24, 0, 8, 9, 10, 11, 7, 6, 14, 15, 16, 17, 22, 19, 18, 21, 37, 36, 13, 34, 26, 27, 30, 20, 28, 31, 32, 33, 25, 35, 39, 29, 38, 23]",3201,"[3, 1, 2, 4, 12, 5, 24, 0, 8, 9, 10, 11, 7, 6, 14, 15, 16, 17, 22, 19, 18, 21, 37, 36, 13, 34, 26, 27, 30, 20, 28, 31, 32, 33, 25, 35, 39, 29, 38, 23]",3201,7.261651992797852
"[3, 1, 2, 4, 12, 5, 24, 0, 8, 9, 10, 11, 7, 6, 14, 15, 16, 17, 22, 19, 18, 21, 37, 36, 13, 34, 26, 27, 30, 20, 28, 31, 32, 33, 25, 35, 39, 29, 38, 23]",3201,"[3, 1, 2, 4, 12, 5, 24, 0, 8, 9, 10, 11, 7, 6, 14, 15, 16, 17, 22, 19, 18, 21, 37, 36, 13, 34, 26, 27, 30, 20, 28, 31, 32, 33, 25, 35, 39, 29, 38, 23]",3201,7.309201002120972
"[3, 1, 2, 4, 12, 5, 24, 0, 8, 9, 10, 11, 7, 6, 14, 15, 16, 17, 22, 19, 18, 21, 37, 36, 13, 34, 26, 27, 30, 20, 28, 31, 32, 33, 25, 35, 39, 29, 38, 23]",3201,"[3, 1, 2, 4, 12, 5, 24, 0, 8, 9, 10, 11, 7, 6, 14, 15, 16, 17, 22, 19, 18, 21, 37, 36, 13, 34, 26, 27, 30, 20, 28, 31, 32, 33, 25, 35, 39, 29, 38, 23]",3201,7.359648942947388
"[3, 1, 2, 4, 12, 5, 24, 0, 8, 9, 10, 11, 7, 6, 14, 15, 16, 17, 22, 19, 18, 21, 37, 36, 13, 34, 26, 27, 30, 20, 28, 31, 32, 33, 25, 35, 39, 29, 38, 23]",3201,"[3, 1, 2, 4, 12, 5, 24, 0, 8, 9, 10, 11, 7, 6, 14, 15, 16, 17, 22, 19, 18, 21, 37, 36, 13, 34, 26, 27, 30, 20, 28, 31, 32, 33, 25, 35, 39, 29, 38, 23]",3201,7.408658981323242
"[3, 1, 2, 4, 12, 5, 24, 0, 8, 9, 10, 11, 7, 6, 14, 15, 16, 17, 22, 19, 18, 21, 37, 36, 13, 34, 26, 27, 30, 20, 28, 31, 32, 33, 25, 35, 39, 29, 38, 23]",3201,"[3, 1, 2, 4, 12, 5, 24, 0, 8, 9, 10, 11, 7, 6, 14, 15, 16, 17, 22, 19, 18, 21, 37, 36, 13, 34, 26, 27, 30, 20, 28, 31, 32, 33, 25, 35, 39, 29, 38, 23]",3201,7.456297874450684
"[3, 1, 2, 4, 12, 5, 24, 0, 8, 9, 10, 11, 7, 6, 14, 15, 16, 17, 22, 19, 18, 21, 37, 36, 13, 34, 26, 27, 30, 20, 28, 31, 32, 33, 25, 35, 39, 29, 38, 23]",3201,"[3, 1, 2, 4, 12, 5, 24, 0, 8, 9, 10, 11, 7, 6, 14, 15, 16, 17, 22, 19, 18, 21, 37, 36, 13, 34, 26, 27, 30, 20, 28, 31, 32, 33, 25, 35, 39, 29, 38, 23]",3201,7.502791881561279
"[3, 1, 2, 4, 12, 5, 24, 0, 8, 9, 10, 11, 7, 6, 14, 15, 16, 17, 22, 19, 18, 21, 37, 36, 13, 34, 26, 27, 30, 20, 28, 31, 32, 33, 25, 35, 39, 29, 23, 38]",3195,"[3, 1, 2, 4, 12, 5, 24, 0, 8, 9, 10, 11, 7, 6, 14, 15, 16, 17, 22, 19, 18, 21, 37, 36, 13, 34, 26, 27, 30, 20, 28, 31, 32, 33, 25, 35, 39, 29, 23, 38]",3195,7.549630880355835
"[3, 1, 2, 4, 12, 5, 24, 0, 8, 9, 10, 11, 7, 6, 14, 15, 16, 17, 22, 19, 18, 21, 37, 36, 13, 34, 26, 27, 30, 20, 28, 31, 32, 33, 25, 35, 39, 29, 23, 38]",3195,"[3, 1, 2, 4, 12, 5, 24, 0, 8, 9, 10, 11, 7, 6, 14, 15, 16, 17, 22, 19, 18, 21, 37, 36, 13, 34, 26, 27, 30, 20, 28, 31, 32, 33, 25, 35, 39, 29, 23, 38]",3195,7.59788703918457
"[3, 1, 2, 4, 12, 5, 24, 0, 8, 9, 10, 11, 7, 6, 14, 15, 16, 17, 22, 19, 18, 21, 37, 36, 13, 34, 26, 27, 30, 20, 28, 31, 32, 33, 25, 35, 39, 29, 23, 38]",3195,"[3, 1, 2, 4, 12, 5, 24, 0, 8, 9, 10, 11, 7, 6, 14, 15, 16, 17, 22, 19, 18, 21, 37, 36, 13, 34, 26, 27, 30, 20, 28, 31, 32, 33, 25, 35, 39, 29, 23, 38]",3195,7.644418001174927
"[3, 1, 2, 4, 12, 5, 24, 0, 8, 9, 10, 11, 7, 6, 14, 15, 16, 17, 22, 19, 18, 21, 37, 36, 13, 34, 26, 27, 30, 20, 28, 31, 32, 33, 25, 35, 39, 29, 23, 38]",3195,"[3, 1, 2, 4, 12, 5, 24, 0, 8, 9, 10, 11, 7, 6, 14, 15, 16, 17, 22, 19, 18, 21, 37, 36, 13, 34, 26, 27, 30, 20, 28, 31, 32, 33, 25, 35, 39, 29, 23, 38]",3195,7.69226598739624
"[3, 1, 2, 4, 12, 5, 24, 0, 8, 9, 10, 11, 7, 6, 14, 15, 16, 17, 22, 19, 18, 21, 37, 36, 13, 34, 26, 27, 30, 20, 28, 31, 32, 33, 25, 35, 39, 29, 23, 38]",3195,"[3, 1, 2, 4, 12, 5, 24, 0, 8, 9, 10, 11, 7, 6, 14, 15, 16, 17, 22, 19, 18, 21, 37, 36, 13, 34, 26, 27, 30, 20, 28, 31, 32, 33, 25, 35, 39, 29, 23, 38]",3195,7.738968133926392
"[3, 1, 2, 4, 12, 5, 24, 0, 8, 9, 10, 11, 7, 6, 14, 15, 16, 17, 22, 19, 18, 21, 37, 36, 13, 34, 26, 27, 30, 20, 28, 31, 32, 33, 25, 35, 39, 29, 23, 38]",3195,"[3, 1, 2, 4, 12, 5, 24, 0, 8, 9, 10, 11, 7, 6, 14, 15, 16, 17, 22, 19, 18, 21, 37, 36, 13, 34, 26, 27, 30, 20, 28, 31, 32, 33, 25, 35, 39, 29, 23, 38]",3195,7.786126136779785
"[3, 1, 2, 4, 12, 5, 24, 0, 8, 9, 10, 11, 7, 6, 14, 15, 16, 17, 22, 19, 18, 21, 37, 36, 13, 34, 26, 27, 30, 20, 28, 31, 32, 33, 25, 35, 39, 29, 23, 38]",3195,"[3, 1, 2, 4, 12, 5, 24, 0, 8, 9, 10, 11, 7, 6, 14, 15, 16, 17, 22, 19, 18, 21, 37, 36, 13, 34, 26, 27, 30, 20, 28, 31, 32, 33, 25, 35, 39, 29, 23, 38]",3195,7.832770109176636
"[3, 1, 2, 4, 12, 5, 24, 0, 8, 9, 10, 11, 7, 6, 14, 15, 16, 17, 22, 19, 18, 21, 37, 36, 13, 34, 26, 27, 30, 20, 28, 31, 32, 33, 25, 35, 39, 29, 23, 38]",3195,"[3, 1, 2, 4, 12, 5, 24, 0, 8, 9, 10, 11, 7, 6, 14, 15, 16, 17, 22, 19, 18, 21, 37, 36, 13, 34, 26, 27, 30, 20, 28, 31, 32, 33, 25, 35, 39, 29, 23, 38]",3195,7.88165807723999
"[3, 1, 2, 4, 12, 5, 24, 0, 8, 9, 10, 11, 7, 6, 14, 15, 16, 17, 22, 19, 18, 21, 37, 36, 13, 34, 26, 27, 30, 20, 28, 31, 32, 33, 25, 35, 39, 29, 23, 38]",3195,"[3, 1, 2, 4, 12, 5, 24, 0, 8, 9, 10, 11, 7, 6, 14, 15, 16, 17, 22, 19, 18, 21, 37, 36, 13, 34, 26, 27, 30, 20, 28, 31, 32, 33, 25, 35, 39, 29, 23, 38]",3195,7.928524971008301
"[3, 1, 2, 4, 12, 5, 24, 0, 8, 9, 10, 11, 7, 6, 14, 15, 16, 17, 22, 19, 18, 21, 37, 36, 13, 34, 26, 27, 30, 20, 28, 31, 32, 33, 25, 35, 39, 29, 23, 38]",3195,"[3, 1, 2, 4, 12, 5, 24, 0, 8, 9, 10, 11, 7, 6, 14, 15, 16, 17, 22, 19, 18, 21, 37, 36, 13, 34, 26, 27, 30, 20, 28, 31, 32, 33, 25, 35, 39, 29, 23, 38]",3195,7.975893974304199
"[3, 1, 2, 4, 12, 5, 24, 0, 8, 9, 10, 11, 7, 6, 14, 15, 16, 17, 22, 19, 18, 21, 37, 36, 13, 34, 26, 27, 30, 20, 28, 31, 32, 33, 25, 35, 39, 29, 23, 38]",3195,"[3, 1, 2, 4, 12, 5, 24, 0, 8, 9, 10, 11, 7, 6, 14, 15, 16, 17, 22, 19, 18, 21, 37, 36, 13, 34, 26, 27, 30, 20, 28, 31, 32, 33, 25, 35, 39, 29, 23, 38]",3195,8.024378061294556
"[3, 1, 2, 4, 12, 5, 24, 0, 8, 9, 10, 11, 7, 6, 14, 15, 16, 17, 22, 19, 18, 21, 37, 36, 13, 34, 26, 27, 30, 20, 28, 31, 32, 33, 25, 35, 39, 29, 23, 38]",3195,"[3, 1, 2, 4, 12, 5, 24, 0, 8, 9, 10, 11, 7, 6, 14, 15, 16, 17, 22, 19, 18, 21, 37, 36, 13, 34, 26, 27, 30, 20, 28, 31, 32, 33, 25, 35, 39, 29, 23, 38]",3195,8.070538997650146
"[3, 1, 2, 4, 12, 5, 24, 0, 8, 9, 10, 11, 7, 6, 14, 15, 16, 17, 22, 19, 18, 21, 37, 36, 13, 34, 26, 27, 30, 20, 28, 31, 32, 33, 25, 35, 39, 29, 23, 38]",3195,"[3, 1, 2, 4, 12, 5, 24, 0, 8, 9, 10, 11, 7, 6, 14, 15, 16, 17, 22, 19, 18, 21, 37, 36, 13, 34, 26, 27, 30, 20, 28, 31, 32, 33, 25, 35, 39, 29, 23, 38]",3195,8.11767292022705
"[3, 1, 2, 4, 12, 5, 24, 0, 8, 9, 10, 11, 7, 6, 14, 15, 16, 17, 22, 19, 18, 21, 37, 36, 13, 34, 26, 27, 30, 20, 28, 31, 32, 33, 25, 35, 39, 29, 23, 38]",3195,"[3, 1, 2, 4, 12, 5, 24, 0, 8, 9, 10, 11, 7, 6, 14, 15, 16, 17, 22, 19, 18, 21, 37, 36, 13, 34, 26, 27, 30, 20, 28, 31, 32, 33, 25, 35, 39, 29, 23, 38]",3195,8.18078899383545
"[3, 1, 2, 4, 12, 5, 24, 0, 8, 9, 10, 11, 7, 6, 14, 15, 16, 17, 22, 19, 18, 21, 37, 36, 13, 34, 26, 27, 30, 20, 28, 31, 32, 33, 25, 35, 39, 29, 23, 38]",3195,"[3, 1, 2, 4, 12, 5, 24, 0, 8, 9, 10, 11, 7, 6, 14, 15, 16, 17, 22, 19, 18, 21, 37, 36, 13, 34, 26, 27, 30, 20, 28, 31, 32, 33, 25, 35, 39, 29, 23, 38]",3195,8.229130983352661
"[3, 1, 2, 4, 12, 5, 24, 0, 8, 9, 10, 11, 7, 6, 14, 15, 16, 17, 22, 19, 18, 21, 37, 36, 13, 34, 26, 27, 30, 20, 28, 31, 32, 33, 25, 35, 39, 29, 23, 38]",3195,"[3, 1, 2, 4, 12, 5, 24, 0, 8, 9, 10, 11, 7, 6, 14, 15, 16, 17, 22, 19, 18, 21, 37, 36, 13, 34, 26, 27, 30, 20, 28, 31, 32, 33, 25, 35, 39, 29, 23, 38]",3195,8.27787709236145
"[3, 1, 2, 4, 12, 5, 24, 0, 8, 9, 10, 11, 7, 6, 14, 15, 16, 17, 22, 19, 18, 21, 37, 36, 13, 34, 26, 27, 30, 20, 28, 31, 32, 33, 25, 35, 39, 29, 23, 38]",3195,"[3, 1, 2, 4, 12, 5, 24, 0, 8, 9, 10, 11, 7, 6, 14, 15, 16, 17, 22, 19, 18, 21, 37, 36, 13, 34, 26, 27, 30, 20, 28, 31, 32, 33, 25, 35, 39, 29, 23, 38]",3195,8.324879169464111
"[3, 1, 2, 4, 12, 5, 24, 0, 8, 9, 10, 11, 7, 6, 14, 15, 16, 17, 22, 19, 18, 21, 37, 36, 13, 34, 26, 27, 30, 20, 28, 31, 32, 33, 25, 35, 39, 29, 23, 38]",3195,"[3, 1, 2, 4, 12, 5, 24, 0, 8, 9, 10, 11, 7, 6, 14, 15, 16, 17, 22, 19, 18, 21, 37, 36, 13, 34, 26, 27, 30, 20, 28, 31, 32, 33, 25, 35, 39, 29, 23, 38]",3195,8.375562906265259
"[3, 1, 2, 4, 12, 5, 24, 0, 8, 9, 10, 11, 7, 6, 14, 15, 16, 17, 22, 19, 18, 21, 37, 36, 13, 34, 26, 27, 30, 20, 28, 31, 32, 33, 25, 35, 39, 29, 23, 38]",3195,"[3, 1, 2, 4, 12, 5, 24, 0, 8, 9, 10, 11, 7, 6, 14, 15, 16, 17, 22, 19, 18, 21, 37, 36, 13, 34, 26, 27, 30, 20, 28, 31, 32, 33, 25, 35, 39, 29, 23, 38]",3195,8.423015832901001
"[3, 1, 2, 4, 12, 5, 24, 0, 8, 9, 10, 11, 7, 6, 14, 15, 16, 17, 22, 19, 18, 21, 37, 36, 13, 34, 26, 27, 30, 20, 28, 31, 32, 33, 25, 35, 39, 29, 23, 38]",3195,"[3, 1, 2, 4, 12, 5, 24, 0, 8, 9, 10, 11, 7, 6, 14, 15, 16, 17, 22, 19, 18, 21, 37, 36, 13, 34, 26, 27, 30, 20, 28, 31, 32, 33, 25, 35, 39, 29, 23, 38]",3195,8.470015048980713
"[3, 1, 2, 4, 12, 5, 24, 0, 8, 9, 10, 11, 7, 6, 14, 15, 16, 17, 22, 19, 18, 21, 37, 36, 13, 34, 26, 27, 30, 20, 28, 31, 32, 33, 25, 35, 39, 29, 23, 38]",3195,"[3, 1, 2, 4, 12, 5, 24, 0, 8, 9, 10, 11, 7, 6, 14, 15, 16, 17, 22, 19, 18, 21, 37, 36, 13, 34, 26, 27, 30, 20, 28, 31, 32, 33, 25, 35, 39, 29, 23, 38]",3195,8.519190073013306
"[3, 1, 2, 4, 12, 5, 24, 0, 8, 9, 10, 11, 7, 6, 14, 15, 16, 17, 22, 19, 18, 21, 37, 36, 13, 34, 26, 27, 30, 20, 28, 31, 32, 33, 25, 35, 39, 29, 23, 38]",3195,"[3, 1, 2, 4, 12, 5, 24, 0, 8, 9, 10, 11, 7, 6, 14, 15, 16, 17, 22, 19, 18, 21, 37, 36, 13, 34, 26, 27, 30, 20, 28, 31, 32, 33, 25, 35, 39, 29, 23, 38]",3195,8.565748929977417
"[3, 1, 2, 4, 12, 5, 24, 0, 8, 9, 10, 11, 7, 6, 14, 15, 16, 17, 22, 19, 18, 21, 37, 36, 13, 34, 26, 27, 30, 20, 28, 31, 32, 33, 25, 35, 39, 29, 23, 38]",3195,"[3, 1, 2, 4, 12, 5, 24, 0, 8, 9, 10, 11, 7, 6, 14, 15, 16, 17, 22, 19, 18, 21, 37, 36, 13, 34, 26, 27, 30, 20, 28, 31, 32, 33, 25, 35, 39, 29, 23, 38]",3195,8.612180948257446
"[3, 1, 2, 4, 12, 5, 24, 0, 8, 9, 10, 11, 7, 6, 14, 15, 16, 17, 22, 19, 18, 21, 37, 36, 13, 34, 26, 27, 30, 20, 28, 31, 32, 33, 25, 35, 39, 29, 23, 38]",3195,"[3, 1, 2, 4, 12, 5, 24, 0, 8, 9, 10, 11, 7, 6, 14, 15, 16, 17, 22, 19, 18, 21, 37, 36, 13, 34, 26, 27, 30, 20, 28, 31, 32, 33, 25, 35, 39, 29, 23, 38]",3195,8.65886402130127
"[3, 1, 2, 4, 12, 5, 24, 0, 8, 9, 10, 11, 7, 6, 14, 15, 16, 17, 22, 19, 18, 21, 37, 36, 13, 34, 26, 27, 30, 20, 28, 31, 32, 33, 25, 35, 39, 29, 23, 38]",3195,"[3, 1, 2, 4, 12, 5, 24, 0, 8, 9, 10, 11, 7, 6, 14, 15, 16, 17, 22, 19, 18, 21, 37, 36, 13, 34, 26, 27, 30, 20, 28, 31, 32, 33, 25, 35, 39, 29, 23, 38]",3195,8.706162929534912
"[3, 1, 2, 4, 12, 5, 24, 0, 8, 9, 10, 11, 7, 6, 14, 15, 16, 17, 22, 19, 18, 21, 37, 36, 13, 34, 26, 27, 30, 20, 28, 31, 32, 33, 25, 35, 39, 29, 23, 38]",3195,"[3, 1, 2, 4, 12, 5, 24, 0, 8, 9, 10, 11, 7, 6, 14, 15, 16, 17, 22, 19, 18, 21, 37, 36, 13, 34, 26, 27, 30, 20, 28, 31, 32, 33, 25, 35, 39, 29, 23, 38]",3195,8.753675937652588
"[3, 1, 2, 4, 12, 5, 24, 0, 8, 9, 10, 11, 7, 6, 14, 15, 16, 17, 22, 19, 18, 21, 37, 36, 13, 34, 26, 27, 30, 20, 28, 31, 32, 33, 25, 35, 39, 29, 23, 38]",3195,"[3, 1, 2, 4, 12, 5, 24, 0, 8, 9, 10, 11, 7, 6, 14, 15, 16, 17, 22, 19, 18, 21, 37, 36, 13, 34, 26, 27, 30, 20, 28, 31, 32, 33, 25, 35, 39, 29, 23, 38]",3195,8.801328897476196
"[3, 1, 2, 4, 12, 5, 24, 0, 8, 9, 10, 11, 7, 6, 14, 15, 16, 17, 22, 19, 18, 21, 37, 36, 13, 34, 26, 27, 30, 20, 28, 31, 32, 33, 25, 35, 39, 29, 23, 38]",3195,"[3, 1, 2, 4, 12, 5, 24, 0, 8, 9, 10, 11, 7, 6, 14, 15, 16, 17, 22, 19, 18, 21, 37, 36, 13, 34, 26, 27, 30, 20, 28, 31, 32, 33, 25, 35, 39, 29, 23, 38]",3195,8.847807884216309
"[3, 1, 2, 4, 12, 5, 24, 0, 8, 9, 10, 11, 7, 6, 14, 15, 16, 17, 22, 19, 18, 21, 37, 36, 13, 34, 26, 27, 30, 20, 28, 31, 32, 33, 25, 35, 39, 29, 23, 38]",3195,"[3, 1, 2, 4, 12, 5, 24, 0, 8, 9, 10, 11, 7, 6, 14, 15, 16, 17, 22, 19, 18, 21, 37, 36, 13, 34, 26, 27, 30, 20, 28, 31, 32, 33, 25, 35, 39, 29, 23, 38]",3195,8.89565110206604
"[3, 1, 2, 4, 12, 5, 24, 0, 8, 9, 10, 11, 7, 6, 14, 15, 16, 17, 22, 19, 18, 21, 37, 36, 13, 34, 26, 27, 30, 20, 28, 31, 32, 33, 25, 35, 39, 29, 23, 38]",3195,"[3, 1, 2, 4, 12, 5, 24, 0, 8, 9, 10, 11, 7, 6, 14, 15, 16, 17, 22, 19, 18, 21, 37, 36, 13, 34, 26, 27, 30, 20, 28, 31, 32, 33, 25, 35, 39, 29, 23, 38]",3195,8.943811178207397
"[3, 1, 2, 4, 12, 5, 24, 0, 8, 9, 10, 11, 7, 6, 14, 15, 16, 17, 22, 19, 18, 21, 37, 36, 13, 34, 26, 27, 30, 20, 28, 31, 32, 33, 25, 35, 39, 29, 23, 38]",3195,"[3, 1, 2, 4, 12, 5, 24, 0, 8, 9, 10, 11, 7, 6, 14, 15, 16, 17, 22, 19, 18, 21, 37, 36, 13, 34, 26, 27, 30, 20, 28, 31, 32, 33, 25, 35, 39, 29, 23, 38]",3195,8.99190902709961
"[3, 1, 2, 4, 12, 5, 24, 0, 8, 9, 10, 11, 7, 6, 14, 15, 16, 17, 22, 19, 18, 21, 37, 36, 13, 34, 26, 27, 30, 20, 28, 31, 32, 33, 25, 35, 39, 29, 23, 38]",3195,"[3, 1, 2, 4, 12, 5, 24, 0, 8, 9, 10, 11, 7, 6, 14, 15, 16, 17, 22, 19, 18, 21, 37, 36, 13, 34, 26, 27, 30, 20, 28, 31, 32, 33, 25, 35, 39, 29, 23, 38]",3195,9.042515993118286
"[3, 1, 2, 4, 12, 5, 24, 0, 8, 9, 10, 11, 7, 6, 14, 15, 16, 17, 22, 19, 18, 21, 37, 36, 13, 34, 26, 27, 30, 20, 28, 31, 32, 33, 25, 35, 39, 29, 23, 38]",3195,"[3, 1, 2, 4, 12, 5, 24, 0, 8, 9, 10, 11, 7, 6, 14, 15, 16, 17, 22, 19, 18, 21, 37, 36, 13, 34, 26, 27, 30, 20, 28, 31, 32, 33, 25, 35, 39, 29, 23, 38]",3195,9.089685916900635
"[3, 1, 2, 4, 12, 5, 24, 0, 8, 9, 10, 11, 7, 6, 14, 15, 16, 17, 22, 19, 18, 21, 37, 36, 13, 34, 26, 27, 30, 20, 28, 31, 32, 33, 25, 35, 39, 29, 23, 38]",3195,"[3, 1, 2, 4, 12, 5, 24, 0, 8, 9, 10, 11, 7, 6, 14, 15, 16, 17, 22, 19, 18, 21, 37, 36, 13, 34, 26, 27, 30, 20, 28, 31, 32, 33, 25, 35, 39, 29, 23, 38]",3195,9.139259815216064
"[3, 1, 2, 4, 12, 5, 24, 0, 8, 9, 10, 11, 7, 6, 14, 15, 16, 17, 22, 19, 18, 21, 37, 36, 13, 34, 26, 27, 30, 20, 28, 31, 32, 33, 25, 35, 39, 29, 23, 38]",3195,"[3, 1, 2, 4, 12, 5, 24, 0, 8, 9, 10, 11, 7, 6, 14, 15, 16, 17, 22, 19, 18, 21, 37, 36, 13, 34, 26, 27, 30, 20, 28, 31, 32, 33, 25, 35, 39, 29, 23, 38]",3195,9.186705827713013
"[3, 1, 2, 4, 12, 5, 24, 0, 8, 9, 10, 11, 7, 6, 14, 15, 16, 17, 22, 19, 18, 21, 37, 36, 13, 34, 26, 27, 30, 20, 28, 31, 32, 33, 25, 35, 39, 29, 23, 38]",3195,"[3, 1, 2, 4, 12, 5, 24, 0, 8, 9, 10, 11, 7, 6, 14, 15, 16, 17, 22, 19, 18, 21, 37, 36, 13, 34, 26, 27, 30, 20, 28, 31, 32, 33, 25, 35, 39, 29, 23, 38]",3195,9.23386001586914
"[3, 1, 2, 4, 12, 5, 24, 0, 8, 9, 10, 11, 7, 6, 14, 15, 16, 17, 22, 19, 18, 21, 37, 36, 13, 34, 26, 27, 30, 20, 28, 31, 32, 33, 25, 35, 39, 29, 23, 38]",3195,"[3, 1, 2, 4, 12, 5, 24, 0, 8, 9, 10, 11, 7, 6, 14, 15, 16, 17, 22, 19, 18, 21, 37, 36, 13, 34, 26, 27, 30, 20, 28, 31, 32, 33, 25, 35, 39, 29, 23, 38]",3195,9.281203031539917
"[3, 1, 2, 4, 12, 5, 24, 0, 8, 9, 10, 11, 7, 6, 14, 15, 16, 17, 22, 19, 18, 21, 37, 36, 13, 34, 26, 27, 30, 20, 28, 31, 32, 33, 25, 35, 39, 29, 23, 38]",3195,"[3, 1, 2, 4, 12, 5, 24, 0, 8, 9, 10, 11, 7, 6, 14, 15, 16, 17, 22, 19, 18, 21, 37, 36, 13, 34, 26, 27, 30, 20, 28, 31, 32, 33, 25, 35, 39, 29, 23, 38]",3195,9.328474044799805
"[3, 1, 2, 4, 12, 5, 24, 0, 8, 9, 10, 11, 7, 6, 14, 15, 16, 17, 22, 19, 18, 21, 37, 36, 13, 34, 26, 27, 30, 20, 28, 31, 32, 33, 25, 35, 39, 29, 23, 38]",3195,"[3, 1, 2, 4, 12, 5, 24, 0, 8, 9, 10, 11, 7, 6, 14, 15, 16, 17, 22, 19, 18, 21, 37, 36, 13, 34, 26, 27, 30, 20, 28, 31, 32, 33, 25, 35, 39, 29, 23, 38]",3195,9.374974966049194
"[3, 1, 2, 4, 12, 5, 24, 0, 8, 9, 10, 11, 7, 6, 14, 15, 16, 17, 22, 19, 18, 21, 37, 36, 13, 34, 26, 27, 30, 20, 28, 31, 32, 33, 25, 35, 39, 29, 23, 38]",3195,"[3, 1, 2, 4, 12, 5, 24, 0, 8, 9, 10, 11, 7, 6, 14, 15, 16, 17, 22, 19, 18, 21, 37, 36, 13, 34, 26, 27, 30, 20, 28, 31, 32, 33, 25, 35, 39, 29, 23, 38]",3195,9.422462940216064
"[3, 1, 2, 4, 12, 5, 24, 0, 8, 9, 10, 11, 7, 6, 14, 15, 16, 17, 22, 19, 18, 21, 37, 36, 13, 34, 26, 27, 30, 20, 28, 31, 32, 33, 25, 35, 39, 29, 23, 38]",3195,"[3, 1, 2, 4, 12, 5, 24, 0, 8, 9, 10, 11, 7, 6, 14, 15, 16, 17, 22, 19, 18, 21, 37, 36, 13, 34, 26, 27, 30, 20, 28, 31, 32, 33, 25, 35, 39, 29, 23, 38]",3195,9.471096992492676
"[3, 1, 2, 4, 12, 5, 24, 0, 8, 9, 10, 11, 7, 6, 14, 15, 16, 17, 22, 19, 18, 21, 37, 36, 13, 34, 26, 27, 30, 20, 28, 31, 32, 33, 25, 35, 39, 29, 23, 38]",3195,"[3, 1, 2, 4, 12, 5, 24, 0, 8, 9, 10, 11, 7, 6, 14, 15, 16, 17, 22, 19, 18, 21, 37, 36, 13, 34, 26, 27, 30, 20, 28, 31, 32, 33, 25, 35, 39, 29, 23, 38]",3195,9.517488956451416
"[3, 1, 2, 4, 12, 5, 24, 0, 8, 9, 10, 11, 7, 6, 14, 15, 16, 17, 22, 19, 18, 21, 37, 36, 13, 34, 26, 27, 30, 20, 28, 31, 32, 33, 25, 35, 39, 29, 23, 38]",3195,"[3, 1, 2, 4, 12, 5, 24, 0, 8, 9, 10, 11, 7, 6, 14, 15, 16, 17, 22, 19, 18, 21, 37, 36, 13, 34, 26, 27, 30, 20, 28, 31, 32, 33, 25, 35, 39, 29, 23, 38]",3195,9.565972089767456
"[3, 1, 2, 4, 12, 5, 24, 0, 8, 9, 10, 11, 7, 6, 14, 15, 16, 17, 22, 19, 18, 21, 37, 36, 13, 34, 26, 27, 30, 20, 28, 31, 32, 33, 25, 35, 39, 29, 23, 38]",3195,"[3, 1, 2, 4, 12, 5, 24, 0, 8, 9, 10, 11, 7, 6, 14, 15, 16, 17, 22, 19, 18, 21, 37, 36, 13, 34, 26, 27, 30, 20, 28, 31, 32, 33, 25, 35, 39, 29, 23, 38]",3195,9.613460063934326
