Sequence,Fitness,Best_sequence,Best_fitness,Time
"[3, 16, 6, 10, 2, 14, 4, 17, 7, 1, 13, 0, 19, 18, 9, 15, 8, 12, 11, 5]",993.0,"[3, 16, 6, 10, 2, 14, 4, 17, 7, 1, 13, 0, 19, 18, 9, 15, 8, 12, 11, 5]",993.0,0.001001119613647461
"[3, 16, 6, 10, 2, 14, 4, 17, 7, 1, 13, 0, 19, 18, 9, 15, 8, 12, 11, 5]",993.0,"[3, 16, 6, 10, 2, 14, 4, 17, 7, 1, 13, 0, 19, 18, 9, 15, 8, 12, 11, 5]",993.0,0.06699752807617188
"[3, 16, 6, 10, 2, 14, 4, 17, 7, 1, 13, 0, 19, 18, 9, 15, 8, 12, 11, 5]",993.0,"[3, 16, 6, 10, 2, 14, 4, 17, 7, 1, 13, 0, 19, 18, 9, 15, 8, 12, 11, 5]",993.0,0.13100147247314453
"[3, 16, 6, 10, 2, 14, 4, 17, 7, 1, 13, 0, 19, 18, 9, 15, 8, 12, 11, 5]",993.0,"[3, 16, 6, 10, 2, 14, 4, 17, 7, 1, 13, 0, 19, 18, 9, 15, 8, 12, 11, 5]",993.0,0.2010021209716797
"[3, 16, 6, 10, 11, 14, 4, 17, 7, 1, 13, 0, 19, 18, 9, 15, 8, 12, 2, 5]",952.0,"[3, 16, 6, 10, 11, 14, 4, 17, 7, 1, 13, 0, 19, 18, 9, 15, 8, 12, 2, 5]",952.0,0.26900219917297363
"[3, 16, 6, 10, 11, 14, 4, 17, 7, 12, 13, 0, 19, 18, 9, 15, 8, 1, 2, 5]",945.0,"[3, 16, 6, 10, 11, 14, 4, 17, 7, 12, 13, 0, 19, 18, 9, 15, 8, 1, 2, 5]",945.0,0.3340036869049072
"[3, 16, 6, 10, 11, 14, 4, 17, 7, 12, 13, 0, 19, 18, 9, 15, 8, 1, 2, 5]",945.0,"[3, 16, 6, 10, 11, 14, 4, 17, 7, 12, 13, 0, 19, 18, 9, 15, 8, 1, 2, 5]",945.0,0.4000129699707031
"[3, 16, 6, 10, 11, 14, 4, 17, 7, 12, 13, 0, 19, 18, 9, 15, 8, 1, 2, 5]",945.0,"[3, 16, 6, 10, 11, 14, 4, 17, 7, 12, 13, 0, 19, 18, 9, 15, 8, 1, 2, 5]",945.0,0.46500515937805176
"[3, 16, 6, 10, 11, 14, 4, 17, 7, 12, 13, 0, 19, 18, 9, 15, 8, 1, 2, 5]",945.0,"[3, 16, 6, 10, 11, 14, 4, 17, 7, 12, 13, 0, 19, 18, 9, 15, 8, 1, 2, 5]",945.0,0.5270030498504639
"[3, 16, 6, 10, 11, 14, 4, 17, 7, 12, 13, 0, 19, 18, 9, 15, 8, 1, 2, 5]",945.0,"[3, 16, 6, 10, 11, 14, 4, 17, 7, 12, 13, 0, 19, 18, 9, 15, 8, 1, 2, 5]",945.0,0.5970034599304199
"[3, 16, 6, 10, 11, 14, 4, 17, 7, 12, 13, 0, 19, 18, 9, 15, 8, 1, 2, 5]",945.0,"[3, 16, 6, 10, 11, 14, 4, 17, 7, 12, 13, 0, 19, 18, 9, 15, 8, 1, 2, 5]",945.0,0.6640167236328125
"[3, 16, 6, 10, 11, 14, 4, 17, 7, 12, 13, 0, 19, 18, 9, 15, 8, 1, 2, 5]",945.0,"[3, 16, 6, 10, 11, 14, 4, 17, 7, 12, 13, 0, 19, 18, 9, 15, 8, 1, 2, 5]",945.0,0.7330071926116943
"[3, 16, 6, 10, 11, 14, 4, 17, 7, 12, 13, 0, 19, 18, 9, 15, 8, 1, 2, 5]",945.0,"[3, 16, 6, 10, 11, 14, 4, 17, 7, 12, 13, 0, 19, 18, 9, 15, 8, 1, 2, 5]",945.0,0.8010060787200928
"[3, 16, 6, 10, 11, 14, 4, 17, 7, 12, 13, 0, 19, 18, 9, 15, 8, 1, 2, 5]",945.0,"[3, 16, 6, 10, 11, 14, 4, 17, 7, 12, 13, 0, 19, 18, 9, 15, 8, 1, 2, 5]",945.0,0.8660092353820801
"[3, 16, 6, 10, 11, 14, 4, 17, 7, 12, 13, 0, 19, 18, 9, 15, 8, 1, 2, 5]",945.0,"[3, 16, 6, 10, 11, 14, 4, 17, 7, 12, 13, 0, 19, 18, 9, 15, 8, 1, 2, 5]",945.0,0.9360077381134033
"[3, 16, 6, 10, 11, 14, 4, 17, 7, 12, 13, 0, 19, 18, 9, 15, 8, 1, 2, 5]",945.0,"[3, 16, 6, 10, 11, 14, 4, 17, 7, 12, 13, 0, 19, 18, 9, 15, 8, 1, 2, 5]",945.0,1.0060043334960938
"[3, 16, 6, 10, 11, 14, 4, 17, 7, 12, 13, 0, 19, 18, 9, 15, 8, 1, 2, 5]",945.0,"[3, 16, 6, 10, 11, 14, 4, 17, 7, 12, 13, 0, 19, 18, 9, 15, 8, 1, 2, 5]",945.0,1.0770115852355957
"[3, 16, 6, 10, 11, 14, 4, 17, 7, 12, 13, 0, 19, 18, 9, 15, 8, 1, 2, 5]",945.0,"[3, 16, 6, 10, 11, 14, 4, 17, 7, 12, 13, 0, 19, 18, 9, 15, 8, 1, 2, 5]",945.0,1.1450107097625732
"[3, 16, 6, 10, 11, 14, 4, 17, 7, 12, 13, 0, 19, 18, 9, 15, 8, 1, 2, 5]",945.0,"[3, 16, 6, 10, 11, 14, 4, 17, 7, 12, 13, 0, 19, 18, 9, 15, 8, 1, 2, 5]",945.0,1.2130143642425537
"[3, 16, 6, 10, 11, 14, 4, 17, 7, 12, 13, 0, 19, 18, 9, 15, 8, 1, 2, 5]",945.0,"[3, 16, 6, 10, 11, 14, 4, 17, 7, 12, 13, 0, 19, 18, 9, 15, 8, 1, 2, 5]",945.0,1.2800142765045166
"[15, 16, 6, 10, 11, 14, 4, 17, 7, 12, 13, 0, 19, 18, 9, 3, 8, 1, 2, 5]",936.5,"[15, 16, 6, 10, 11, 14, 4, 17, 7, 12, 13, 0, 19, 18, 9, 3, 8, 1, 2, 5]",936.5,1.3460125923156738
"[15, 16, 6, 10, 11, 14, 4, 17, 7, 12, 13, 0, 19, 18, 9, 3, 8, 1, 2, 5]",936.5,"[15, 16, 6, 10, 11, 14, 4, 17, 7, 12, 13, 0, 19, 18, 9, 3, 8, 1, 2, 5]",936.5,1.412041425704956
"[15, 16, 6, 10, 11, 14, 4, 17, 7, 12, 13, 0, 19, 18, 9, 3, 8, 1, 2, 5]",936.5,"[15, 16, 6, 10, 11, 14, 4, 17, 7, 12, 13, 0, 19, 18, 9, 3, 8, 1, 2, 5]",936.5,1.4810147285461426
"[15, 16, 6, 10, 11, 14, 4, 17, 7, 12, 13, 0, 19, 18, 9, 3, 8, 1, 2, 5]",936.5,"[15, 16, 6, 10, 11, 14, 4, 17, 7, 12, 13, 0, 19, 18, 9, 3, 8, 1, 2, 5]",936.5,1.5480115413665771
"[15, 16, 6, 10, 11, 14, 4, 17, 7, 12, 13, 0, 19, 18, 9, 3, 8, 1, 2, 5]",936.5,"[15, 16, 6, 10, 11, 14, 4, 17, 7, 12, 13, 0, 19, 18, 9, 3, 8, 1, 2, 5]",936.5,1.62101411819458
"[15, 16, 6, 10, 11, 14, 4, 17, 7, 12, 13, 0, 19, 18, 9, 3, 8, 1, 2, 5]",936.5,"[15, 16, 6, 10, 11, 14, 4, 17, 7, 12, 13, 0, 19, 18, 9, 3, 8, 1, 2, 5]",936.5,1.6852481365203857
"[15, 16, 6, 10, 11, 14, 4, 17, 7, 12, 13, 0, 19, 18, 9, 3, 8, 1, 2, 5]",936.5,"[15, 16, 6, 10, 11, 14, 4, 17, 7, 12, 13, 0, 19, 18, 9, 3, 8, 1, 2, 5]",936.5,1.7490170001983643
"[15, 16, 6, 10, 11, 14, 4, 17, 7, 12, 13, 0, 19, 18, 9, 3, 8, 1, 2, 5]",936.5,"[15, 16, 6, 10, 11, 14, 4, 17, 7, 12, 13, 0, 19, 18, 9, 3, 8, 1, 2, 5]",936.5,1.8150196075439453
"[15, 16, 6, 10, 11, 14, 4, 17, 7, 12, 13, 0, 19, 18, 9, 3, 8, 1, 2, 5]",936.5,"[15, 16, 6, 10, 11, 14, 4, 17, 7, 12, 13, 0, 19, 18, 9, 3, 8, 1, 2, 5]",936.5,1.8840570449829102
"[15, 16, 6, 10, 11, 14, 4, 17, 7, 12, 13, 0, 19, 18, 9, 3, 8, 1, 2, 5]",936.5,"[15, 16, 6, 10, 11, 14, 4, 17, 7, 12, 13, 0, 19, 18, 9, 3, 8, 1, 2, 5]",936.5,1.9500219821929932
"[15, 16, 6, 10, 11, 14, 4, 17, 7, 12, 13, 0, 19, 18, 9, 3, 8, 1, 2, 5]",936.5,"[15, 16, 6, 10, 11, 14, 4, 17, 7, 12, 13, 0, 19, 18, 9, 3, 8, 1, 2, 5]",936.5,2.015015125274658
"[15, 16, 6, 10, 11, 14, 4, 17, 7, 12, 13, 0, 19, 18, 9, 3, 8, 1, 2, 5]",936.5,"[15, 16, 6, 10, 11, 14, 4, 17, 7, 12, 13, 0, 19, 18, 9, 3, 8, 1, 2, 5]",936.5,2.0870230197906494
"[16, 15, 6, 10, 11, 14, 4, 17, 7, 12, 13, 0, 19, 18, 9, 3, 8, 1, 2, 5]",933.5,"[16, 15, 6, 10, 11, 14, 4, 17, 7, 12, 13, 0, 19, 18, 9, 3, 8, 1, 2, 5]",933.5,2.155057430267334
"[16, 15, 6, 10, 11, 14, 4, 17, 7, 12, 13, 0, 19, 18, 9, 3, 8, 1, 2, 5]",933.5,"[16, 15, 6, 10, 11, 14, 4, 17, 7, 12, 13, 0, 19, 18, 9, 3, 8, 1, 2, 5]",933.5,2.222036361694336
"[16, 15, 6, 10, 11, 14, 4, 17, 7, 12, 13, 0, 19, 18, 9, 3, 8, 1, 2, 5]",933.5,"[16, 15, 6, 10, 11, 14, 4, 17, 7, 12, 13, 0, 19, 18, 9, 3, 8, 1, 2, 5]",933.5,2.2890284061431885
"[16, 15, 6, 10, 11, 14, 4, 17, 7, 12, 13, 0, 19, 18, 9, 3, 8, 1, 2, 5]",933.5,"[16, 15, 6, 10, 11, 14, 4, 17, 7, 12, 13, 0, 19, 18, 9, 3, 8, 1, 2, 5]",933.5,2.3630242347717285
"[16, 15, 6, 10, 11, 14, 4, 17, 7, 12, 13, 0, 19, 18, 9, 3, 8, 1, 2, 5]",933.5,"[16, 15, 6, 10, 11, 14, 4, 17, 7, 12, 13, 0, 19, 18, 9, 3, 8, 1, 2, 5]",933.5,2.430027484893799
"[16, 15, 6, 10, 11, 14, 4, 17, 7, 12, 13, 0, 19, 18, 9, 3, 8, 1, 2, 5]",933.5,"[16, 15, 6, 10, 11, 14, 4, 17, 7, 12, 13, 0, 19, 18, 9, 3, 8, 1, 2, 5]",933.5,2.4980249404907227
"[16, 15, 6, 10, 11, 14, 4, 17, 7, 12, 13, 0, 19, 18, 9, 3, 8, 1, 2, 5]",933.5,"[16, 15, 6, 10, 11, 14, 4, 17, 7, 12, 13, 0, 19, 18, 9, 3, 8, 1, 2, 5]",933.5,2.5660321712493896
"[16, 15, 6, 10, 11, 14, 4, 17, 7, 12, 13, 0, 19, 18, 9, 3, 8, 1, 2, 5]",933.5,"[16, 15, 6, 10, 11, 14, 4, 17, 7, 12, 13, 0, 19, 18, 9, 3, 8, 1, 2, 5]",933.5,2.6340293884277344
"[16, 15, 6, 10, 11, 14, 4, 17, 7, 12, 13, 0, 19, 18, 9, 3, 8, 1, 2, 5]",933.5,"[16, 15, 6, 10, 11, 14, 4, 17, 7, 12, 13, 0, 19, 18, 9, 3, 8, 1, 2, 5]",933.5,2.7020530700683594
"[16, 15, 6, 10, 11, 14, 4, 17, 7, 12, 13, 0, 19, 18, 9, 3, 8, 1, 2, 5]",933.5,"[16, 15, 6, 10, 11, 14, 4, 17, 7, 12, 13, 0, 19, 18, 9, 3, 8, 1, 2, 5]",933.5,2.772031307220459
"[16, 15, 6, 10, 11, 14, 4, 17, 7, 12, 13, 0, 19, 18, 9, 3, 8, 1, 2, 5]",933.5,"[16, 15, 6, 10, 11, 14, 4, 17, 7, 12, 13, 0, 19, 18, 9, 3, 8, 1, 2, 5]",933.5,2.8400325775146484
"[16, 15, 6, 10, 11, 14, 4, 17, 7, 12, 13, 0, 19, 18, 9, 3, 8, 1, 2, 5]",933.5,"[16, 15, 6, 10, 11, 14, 4, 17, 7, 12, 13, 0, 19, 18, 9, 3, 8, 1, 2, 5]",933.5,2.902045965194702
"[2, 15, 6, 10, 11, 14, 4, 17, 7, 12, 13, 0, 19, 18, 9, 3, 8, 1, 16, 5]",902.0,"[2, 15, 6, 10, 11, 14, 4, 17, 7, 12, 13, 0, 19, 18, 9, 3, 8, 1, 16, 5]",902.0,2.965033531188965
"[2, 15, 6, 10, 11, 14, 4, 17, 7, 12, 13, 0, 19, 18, 9, 3, 8, 1, 16, 5]",902.0,"[2, 15, 6, 10, 11, 14, 4, 17, 7, 12, 13, 0, 19, 18, 9, 3, 8, 1, 16, 5]",902.0,3.0280332565307617
"[2, 15, 6, 10, 11, 14, 4, 17, 7, 12, 13, 0, 19, 18, 9, 3, 8, 1, 16, 5]",902.0,"[2, 15, 6, 10, 11, 14, 4, 17, 7, 12, 13, 0, 19, 18, 9, 3, 8, 1, 16, 5]",902.0,3.0950403213500977
"[2, 15, 6, 10, 11, 14, 4, 17, 7, 12, 13, 0, 19, 18, 9, 3, 8, 1, 16, 5]",902.0,"[2, 15, 6, 10, 11, 14, 4, 17, 7, 12, 13, 0, 19, 18, 9, 3, 8, 1, 16, 5]",902.0,3.1580393314361572
"[2, 15, 6, 10, 11, 14, 4, 17, 7, 12, 13, 0, 19, 18, 9, 3, 8, 1, 16, 5]",902.0,"[2, 15, 6, 10, 11, 14, 4, 17, 7, 12, 13, 0, 19, 18, 9, 3, 8, 1, 16, 5]",902.0,3.222038745880127
"[2, 15, 6, 10, 11, 14, 4, 17, 7, 12, 13, 0, 19, 18, 9, 3, 8, 1, 16, 5]",902.0,"[2, 15, 6, 10, 11, 14, 4, 17, 7, 12, 13, 0, 19, 18, 9, 3, 8, 1, 16, 5]",902.0,3.285034656524658
"[2, 15, 6, 10, 11, 14, 4, 17, 7, 12, 13, 0, 19, 18, 9, 3, 8, 1, 16, 5]",902.0,"[2, 15, 6, 10, 11, 14, 4, 17, 7, 12, 13, 0, 19, 18, 9, 3, 8, 1, 16, 5]",902.0,3.347038507461548
"[2, 15, 6, 10, 11, 14, 4, 17, 7, 12, 13, 0, 19, 18, 9, 3, 8, 1, 16, 5]",902.0,"[2, 15, 6, 10, 11, 14, 4, 17, 7, 12, 13, 0, 19, 18, 9, 3, 8, 1, 16, 5]",902.0,3.4080452919006348
"[2, 15, 6, 10, 11, 14, 4, 17, 7, 12, 13, 0, 19, 18, 9, 3, 8, 1, 16, 5]",902.0,"[2, 15, 6, 10, 11, 14, 4, 17, 7, 12, 13, 0, 19, 18, 9, 3, 8, 1, 16, 5]",902.0,3.478040933609009
"[2, 15, 6, 10, 11, 14, 4, 17, 7, 12, 13, 0, 19, 18, 9, 3, 8, 1, 16, 5]",902.0,"[2, 15, 6, 10, 11, 14, 4, 17, 7, 12, 13, 0, 19, 18, 9, 3, 8, 1, 16, 5]",902.0,3.5480470657348633
"[2, 15, 6, 10, 11, 14, 4, 17, 7, 12, 13, 0, 19, 18, 9, 3, 8, 1, 16, 5]",902.0,"[2, 15, 6, 10, 11, 14, 4, 17, 7, 12, 13, 0, 19, 18, 9, 3, 8, 1, 16, 5]",902.0,3.621040105819702
"[2, 15, 6, 10, 11, 14, 4, 17, 7, 12, 13, 0, 19, 18, 9, 3, 8, 1, 16, 5]",902.0,"[2, 15, 6, 10, 11, 14, 4, 17, 7, 12, 13, 0, 19, 18, 9, 3, 8, 1, 16, 5]",902.0,3.683047294616699
"[2, 15, 6, 10, 11, 14, 4, 17, 7, 12, 13, 0, 19, 18, 9, 3, 8, 1, 16, 5]",902.0,"[2, 15, 6, 10, 11, 14, 4, 17, 7, 12, 13, 0, 19, 18, 9, 3, 8, 1, 16, 5]",902.0,3.746046304702759
"[2, 15, 6, 10, 11, 14, 4, 17, 7, 12, 13, 0, 19, 18, 9, 3, 8, 1, 16, 5]",902.0,"[2, 15, 6, 10, 11, 14, 4, 17, 7, 12, 13, 0, 19, 18, 9, 3, 8, 1, 16, 5]",902.0,3.808079957962036
"[2, 15, 6, 10, 11, 14, 4, 17, 7, 12, 13, 0, 19, 18, 9, 3, 8, 1, 16, 5]",902.0,"[2, 15, 6, 10, 11, 14, 4, 17, 7, 12, 13, 0, 19, 18, 9, 3, 8, 1, 16, 5]",902.0,3.9040441513061523
"[2, 15, 6, 10, 11, 14, 4, 17, 7, 12, 8, 0, 19, 18, 9, 3, 13, 1, 16, 5]",878.0,"[2, 15, 6, 10, 11, 14, 4, 17, 7, 12, 8, 0, 19, 18, 9, 3, 13, 1, 16, 5]",878.0,3.970046043395996
"[2, 15, 6, 10, 11, 14, 4, 17, 7, 12, 8, 0, 19, 18, 9, 3, 13, 1, 16, 5]",878.0,"[2, 15, 6, 10, 11, 14, 4, 17, 7, 12, 8, 0, 19, 18, 9, 3, 13, 1, 16, 5]",878.0,4.037046909332275
"[2, 15, 6, 10, 11, 14, 4, 17, 7, 12, 8, 0, 19, 18, 9, 3, 13, 1, 16, 5]",878.0,"[2, 15, 6, 10, 11, 14, 4, 17, 7, 12, 8, 0, 19, 18, 9, 3, 13, 1, 16, 5]",878.0,4.105046033859253
"[2, 15, 6, 10, 11, 14, 4, 17, 7, 12, 8, 0, 19, 18, 9, 3, 13, 1, 16, 5]",878.0,"[2, 15, 6, 10, 11, 14, 4, 17, 7, 12, 8, 0, 19, 18, 9, 3, 13, 1, 16, 5]",878.0,4.172051429748535
"[2, 15, 6, 10, 11, 14, 4, 17, 7, 12, 8, 0, 19, 18, 9, 3, 13, 1, 16, 5]",878.0,"[2, 15, 6, 10, 11, 14, 4, 17, 7, 12, 8, 0, 19, 18, 9, 3, 13, 1, 16, 5]",878.0,4.2414469718933105
"[2, 15, 6, 10, 11, 14, 4, 17, 7, 12, 8, 0, 19, 18, 9, 3, 13, 1, 16, 5]",878.0,"[2, 15, 6, 10, 11, 14, 4, 17, 7, 12, 8, 0, 19, 18, 9, 3, 13, 1, 16, 5]",878.0,4.308048963546753
"[2, 15, 6, 10, 11, 14, 4, 17, 7, 12, 8, 0, 19, 18, 9, 3, 13, 1, 16, 5]",878.0,"[2, 15, 6, 10, 11, 14, 4, 17, 7, 12, 8, 0, 19, 18, 9, 3, 13, 1, 16, 5]",878.0,4.372053861618042
"[2, 15, 6, 10, 11, 14, 4, 17, 7, 12, 8, 0, 19, 18, 9, 3, 13, 1, 16, 5]",878.0,"[2, 15, 6, 10, 11, 14, 4, 17, 7, 12, 8, 0, 19, 18, 9, 3, 13, 1, 16, 5]",878.0,4.436051845550537
"[2, 15, 6, 10, 11, 14, 4, 17, 7, 12, 8, 0, 19, 18, 9, 3, 13, 1, 16, 5]",878.0,"[2, 15, 6, 10, 11, 14, 4, 17, 7, 12, 8, 0, 19, 18, 9, 3, 13, 1, 16, 5]",878.0,4.499079704284668
"[2, 15, 6, 10, 11, 14, 4, 17, 7, 12, 8, 0, 19, 18, 9, 3, 13, 1, 16, 5]",878.0,"[2, 15, 6, 10, 11, 14, 4, 17, 7, 12, 8, 0, 19, 18, 9, 3, 13, 1, 16, 5]",878.0,4.560057640075684
"[2, 15, 6, 10, 11, 14, 4, 17, 7, 12, 8, 0, 19, 18, 9, 3, 13, 1, 16, 5]",878.0,"[2, 15, 6, 10, 11, 14, 4, 17, 7, 12, 8, 0, 19, 18, 9, 3, 13, 1, 16, 5]",878.0,4.622060298919678
"[2, 15, 6, 10, 11, 14, 4, 17, 7, 12, 8, 0, 19, 18, 9, 3, 13, 1, 16, 5]",878.0,"[2, 15, 6, 10, 11, 14, 4, 17, 7, 12, 8, 0, 19, 18, 9, 3, 13, 1, 16, 5]",878.0,4.68405818939209
"[2, 15, 6, 10, 11, 14, 4, 17, 7, 12, 8, 0, 19, 18, 9, 3, 13, 1, 16, 5]",878.0,"[2, 15, 6, 10, 11, 14, 4, 17, 7, 12, 8, 0, 19, 18, 9, 3, 13, 1, 16, 5]",878.0,4.745051622390747
"[2, 15, 6, 10, 11, 14, 4, 17, 7, 12, 8, 0, 19, 18, 9, 3, 13, 1, 16, 5]",878.0,"[2, 15, 6, 10, 11, 14, 4, 17, 7, 12, 8, 0, 19, 18, 9, 3, 13, 1, 16, 5]",878.0,4.807058572769165
"[2, 15, 6, 10, 11, 14, 4, 17, 7, 12, 8, 0, 19, 18, 9, 1, 13, 3, 16, 5]",864.5,"[2, 15, 6, 10, 11, 14, 4, 17, 7, 12, 8, 0, 19, 18, 9, 1, 13, 3, 16, 5]",864.5,4.8680596351623535
"[2, 15, 6, 10, 11, 14, 4, 17, 7, 12, 8, 0, 19, 18, 9, 1, 13, 3, 16, 5]",864.5,"[2, 15, 6, 10, 11, 14, 4, 17, 7, 12, 8, 0, 19, 18, 9, 1, 13, 3, 16, 5]",864.5,4.9340596199035645
"[2, 15, 6, 10, 11, 14, 4, 17, 7, 12, 8, 0, 19, 18, 9, 1, 13, 3, 16, 5]",864.5,"[2, 15, 6, 10, 11, 14, 4, 17, 7, 12, 8, 0, 19, 18, 9, 1, 13, 3, 16, 5]",864.5,4.996054410934448
"[2, 15, 6, 10, 11, 14, 4, 17, 7, 12, 8, 0, 19, 18, 9, 1, 13, 3, 16, 5]",864.5,"[2, 15, 6, 10, 11, 14, 4, 17, 7, 12, 8, 0, 19, 18, 9, 1, 13, 3, 16, 5]",864.5,5.05905818939209
"[2, 15, 6, 10, 11, 14, 4, 17, 7, 12, 8, 0, 19, 18, 9, 1, 13, 3, 16, 5]",864.5,"[2, 15, 6, 10, 11, 14, 4, 17, 7, 12, 8, 0, 19, 18, 9, 1, 13, 3, 16, 5]",864.5,5.121056079864502
"[2, 15, 6, 10, 11, 14, 4, 17, 7, 12, 8, 0, 19, 18, 9, 1, 13, 3, 16, 5]",864.5,"[2, 15, 6, 10, 11, 14, 4, 17, 7, 12, 8, 0, 19, 18, 9, 1, 13, 3, 16, 5]",864.5,5.183058738708496
"[9, 15, 6, 10, 11, 14, 4, 17, 7, 12, 8, 0, 19, 18, 2, 1, 13, 3, 16, 5]",845.5,"[9, 15, 6, 10, 11, 14, 4, 17, 7, 12, 8, 0, 19, 18, 2, 1, 13, 3, 16, 5]",845.5,5.242067813873291
"[9, 15, 6, 10, 11, 14, 4, 17, 7, 12, 8, 0, 19, 18, 2, 1, 13, 3, 16, 5]",845.5,"[9, 15, 6, 10, 11, 14, 4, 17, 7, 12, 8, 0, 19, 18, 2, 1, 13, 3, 16, 5]",845.5,5.304062604904175
"[9, 6, 15, 10, 11, 14, 4, 17, 7, 12, 8, 0, 19, 18, 2, 1, 13, 3, 16, 5]",844.0,"[9, 6, 15, 10, 11, 14, 4, 17, 7, 12, 8, 0, 19, 18, 2, 1, 13, 3, 16, 5]",844.0,5.367064952850342
"[9, 6, 15, 10, 11, 14, 4, 17, 7, 12, 8, 0, 19, 18, 2, 1, 13, 3, 16, 5]",844.0,"[9, 6, 15, 10, 11, 14, 4, 17, 7, 12, 8, 0, 19, 18, 2, 1, 13, 3, 16, 5]",844.0,5.4320666790008545
"[9, 6, 15, 10, 11, 14, 4, 17, 7, 12, 8, 0, 19, 18, 2, 1, 13, 3, 16, 5]",844.0,"[9, 6, 15, 10, 11, 14, 4, 17, 7, 12, 8, 0, 19, 18, 2, 1, 13, 3, 16, 5]",844.0,5.500062942504883
"[9, 6, 15, 10, 11, 14, 4, 17, 7, 12, 8, 0, 19, 18, 2, 1, 13, 3, 16, 5]",844.0,"[9, 6, 15, 10, 11, 14, 4, 17, 7, 12, 8, 0, 19, 18, 2, 1, 13, 3, 16, 5]",844.0,5.566063404083252
"[9, 6, 15, 10, 11, 14, 4, 17, 7, 12, 8, 0, 19, 18, 2, 1, 13, 3, 16, 5]",844.0,"[9, 6, 15, 10, 11, 14, 4, 17, 7, 12, 8, 0, 19, 18, 2, 1, 13, 3, 16, 5]",844.0,5.630066156387329
"[9, 6, 15, 10, 11, 14, 4, 17, 7, 12, 8, 0, 19, 18, 2, 1, 13, 3, 16, 5]",844.0,"[9, 6, 15, 10, 11, 14, 4, 17, 7, 12, 8, 0, 19, 18, 2, 1, 13, 3, 16, 5]",844.0,5.6920695304870605
"[9, 6, 15, 10, 11, 14, 4, 17, 7, 12, 8, 0, 19, 18, 2, 1, 13, 3, 16, 5]",844.0,"[9, 6, 15, 10, 11, 14, 4, 17, 7, 12, 8, 0, 19, 18, 2, 1, 13, 3, 16, 5]",844.0,5.756130695343018
"[9, 6, 15, 10, 11, 14, 4, 17, 7, 12, 8, 0, 19, 18, 2, 1, 13, 3, 16, 5]",844.0,"[9, 6, 15, 10, 11, 14, 4, 17, 7, 12, 8, 0, 19, 18, 2, 1, 13, 3, 16, 5]",844.0,5.824071884155273
"[9, 6, 15, 10, 11, 14, 4, 17, 7, 12, 8, 0, 19, 18, 2, 1, 13, 3, 16, 5]",844.0,"[9, 6, 15, 10, 11, 14, 4, 17, 7, 12, 8, 0, 19, 18, 2, 1, 13, 3, 16, 5]",844.0,5.887068033218384
"[9, 6, 15, 10, 11, 14, 4, 17, 7, 12, 8, 0, 19, 18, 2, 1, 13, 3, 16, 5]",844.0,"[9, 6, 15, 10, 11, 14, 4, 17, 7, 12, 8, 0, 19, 18, 2, 1, 13, 3, 16, 5]",844.0,5.949069023132324
"[9, 6, 15, 10, 11, 14, 4, 17, 7, 12, 8, 0, 19, 18, 2, 1, 13, 3, 16, 5]",844.0,"[9, 6, 15, 10, 11, 14, 4, 17, 7, 12, 8, 0, 19, 18, 2, 1, 13, 3, 16, 5]",844.0,6.010066747665405
"[9, 6, 15, 10, 11, 14, 4, 17, 7, 12, 8, 0, 19, 18, 2, 1, 13, 3, 16, 5]",844.0,"[9, 6, 15, 10, 11, 14, 4, 17, 7, 12, 8, 0, 19, 18, 2, 1, 13, 3, 16, 5]",844.0,6.090070724487305
"[9, 6, 15, 10, 11, 14, 4, 17, 7, 12, 8, 0, 19, 18, 2, 1, 13, 3, 16, 5]",844.0,"[9, 6, 15, 10, 11, 14, 4, 17, 7, 12, 8, 0, 19, 18, 2, 1, 13, 3, 16, 5]",844.0,6.153071165084839
"[9, 6, 15, 10, 11, 14, 4, 17, 7, 12, 8, 0, 19, 18, 2, 1, 13, 3, 16, 5]",844.0,"[9, 6, 15, 10, 11, 14, 4, 17, 7, 12, 8, 0, 19, 18, 2, 1, 13, 3, 16, 5]",844.0,6.215076446533203
"[9, 6, 15, 10, 11, 14, 4, 17, 7, 12, 8, 0, 19, 18, 2, 1, 13, 3, 16, 5]",844.0,"[9, 6, 15, 10, 11, 14, 4, 17, 7, 12, 8, 0, 19, 18, 2, 1, 13, 3, 16, 5]",844.0,6.278074264526367
"[9, 6, 15, 10, 11, 14, 4, 17, 7, 12, 8, 0, 19, 18, 2, 1, 13, 3, 16, 5]",844.0,"[9, 6, 15, 10, 11, 14, 4, 17, 7, 12, 8, 0, 19, 18, 2, 1, 13, 3, 16, 5]",844.0,6.3410749435424805
"[9, 6, 15, 10, 11, 14, 4, 17, 7, 12, 8, 0, 19, 18, 2, 1, 13, 3, 16, 5]",844.0,"[9, 6, 15, 10, 11, 14, 4, 17, 7, 12, 8, 0, 19, 18, 2, 1, 13, 3, 16, 5]",844.0,6.403120517730713
"[9, 6, 15, 10, 11, 14, 4, 17, 7, 12, 8, 0, 19, 18, 2, 1, 13, 3, 16, 5]",844.0,"[9, 6, 15, 10, 11, 14, 4, 17, 7, 12, 8, 0, 19, 18, 2, 1, 13, 3, 16, 5]",844.0,6.472079277038574
"[9, 6, 15, 10, 11, 14, 4, 17, 7, 12, 8, 0, 19, 18, 2, 1, 13, 3, 16, 5]",844.0,"[9, 6, 15, 10, 11, 14, 4, 17, 7, 12, 8, 0, 19, 18, 2, 1, 13, 3, 16, 5]",844.0,6.534073829650879
"[9, 6, 15, 10, 11, 14, 4, 17, 7, 12, 8, 0, 19, 18, 2, 1, 13, 3, 16, 5]",844.0,"[9, 6, 15, 10, 11, 14, 4, 17, 7, 12, 8, 0, 19, 18, 2, 1, 13, 3, 16, 5]",844.0,6.598076820373535
"[9, 6, 15, 10, 11, 14, 4, 17, 7, 12, 8, 0, 19, 18, 2, 1, 13, 3, 16, 5]",844.0,"[9, 6, 15, 10, 11, 14, 4, 17, 7, 12, 8, 0, 19, 18, 2, 1, 13, 3, 16, 5]",844.0,6.660078287124634
"[9, 6, 15, 10, 11, 14, 4, 17, 7, 12, 8, 0, 19, 18, 2, 1, 13, 3, 16, 5]",844.0,"[9, 6, 15, 10, 11, 14, 4, 17, 7, 12, 8, 0, 19, 18, 2, 1, 13, 3, 16, 5]",844.0,6.722086429595947
"[9, 6, 15, 10, 11, 14, 4, 17, 7, 12, 8, 0, 19, 18, 2, 1, 13, 3, 16, 5]",844.0,"[9, 6, 15, 10, 11, 14, 4, 17, 7, 12, 8, 0, 19, 18, 2, 1, 13, 3, 16, 5]",844.0,6.785080909729004
"[9, 6, 15, 10, 11, 14, 4, 17, 7, 12, 8, 0, 19, 18, 2, 1, 13, 3, 16, 5]",844.0,"[9, 6, 15, 10, 11, 14, 4, 17, 7, 12, 8, 0, 19, 18, 2, 1, 13, 3, 16, 5]",844.0,6.84807825088501
"[9, 6, 15, 10, 11, 14, 4, 17, 7, 12, 8, 0, 19, 18, 2, 1, 13, 3, 16, 5]",844.0,"[9, 6, 15, 10, 11, 14, 4, 17, 7, 12, 8, 0, 19, 18, 2, 1, 13, 3, 16, 5]",844.0,6.912084579467773
"[9, 6, 15, 10, 11, 14, 4, 17, 7, 12, 8, 0, 19, 18, 2, 1, 13, 3, 16, 5]",844.0,"[9, 6, 15, 10, 11, 14, 4, 17, 7, 12, 8, 0, 19, 18, 2, 1, 13, 3, 16, 5]",844.0,6.977084398269653
"[9, 6, 15, 10, 11, 14, 4, 17, 7, 12, 8, 0, 19, 18, 2, 1, 13, 3, 16, 5]",844.0,"[9, 6, 15, 10, 11, 14, 4, 17, 7, 12, 8, 0, 19, 18, 2, 1, 13, 3, 16, 5]",844.0,7.041079759597778
"[9, 6, 15, 10, 11, 14, 4, 17, 7, 12, 8, 0, 19, 18, 2, 1, 13, 3, 16, 5]",844.0,"[9, 6, 15, 10, 11, 14, 4, 17, 7, 12, 8, 0, 19, 18, 2, 1, 13, 3, 16, 5]",844.0,7.106090784072876
"[9, 6, 15, 10, 11, 14, 4, 17, 7, 12, 8, 0, 19, 18, 2, 1, 13, 3, 16, 5]",844.0,"[9, 6, 15, 10, 11, 14, 4, 17, 7, 12, 8, 0, 19, 18, 2, 1, 13, 3, 16, 5]",844.0,7.171082496643066
"[9, 6, 15, 10, 11, 14, 4, 17, 7, 12, 8, 0, 19, 18, 2, 1, 13, 3, 16, 5]",844.0,"[9, 6, 15, 10, 11, 14, 4, 17, 7, 12, 8, 0, 19, 18, 2, 1, 13, 3, 16, 5]",844.0,7.235087633132935
"[9, 6, 15, 10, 11, 14, 4, 17, 7, 12, 8, 0, 19, 18, 2, 1, 13, 3, 16, 5]",844.0,"[9, 6, 15, 10, 11, 14, 4, 17, 7, 12, 8, 0, 19, 18, 2, 1, 13, 3, 16, 5]",844.0,7.299080848693848
"[9, 6, 15, 10, 11, 14, 4, 17, 7, 12, 8, 0, 19, 18, 2, 1, 13, 3, 16, 5]",844.0,"[9, 6, 15, 10, 11, 14, 4, 17, 7, 12, 8, 0, 19, 18, 2, 1, 13, 3, 16, 5]",844.0,7.364085912704468
"[9, 6, 15, 10, 11, 14, 4, 17, 7, 12, 8, 0, 19, 18, 2, 1, 13, 3, 16, 5]",844.0,"[9, 6, 15, 10, 11, 14, 4, 17, 7, 12, 8, 0, 19, 18, 2, 1, 13, 3, 16, 5]",844.0,7.426087856292725
"[9, 6, 15, 10, 11, 14, 4, 17, 7, 12, 8, 0, 19, 18, 2, 1, 13, 3, 16, 5]",844.0,"[9, 6, 15, 10, 11, 14, 4, 17, 7, 12, 8, 0, 19, 18, 2, 1, 13, 3, 16, 5]",844.0,7.489086151123047
"[9, 6, 15, 10, 11, 14, 4, 17, 7, 12, 8, 0, 19, 18, 2, 1, 13, 3, 16, 5]",844.0,"[9, 6, 15, 10, 11, 14, 4, 17, 7, 12, 8, 0, 19, 18, 2, 1, 13, 3, 16, 5]",844.0,7.559321880340576
"[9, 6, 15, 10, 11, 14, 4, 17, 7, 12, 8, 0, 19, 18, 2, 1, 13, 3, 16, 5]",844.0,"[9, 6, 15, 10, 11, 14, 4, 17, 7, 12, 8, 0, 19, 18, 2, 1, 13, 3, 16, 5]",844.0,7.627107620239258
"[9, 6, 15, 10, 11, 14, 4, 17, 7, 12, 8, 0, 19, 18, 2, 1, 13, 3, 16, 5]",844.0,"[9, 6, 15, 10, 11, 14, 4, 17, 7, 12, 8, 0, 19, 18, 2, 1, 13, 3, 16, 5]",844.0,7.690087080001831
"[9, 6, 15, 10, 11, 14, 4, 17, 7, 12, 8, 0, 19, 18, 2, 1, 13, 3, 16, 5]",844.0,"[9, 6, 15, 10, 11, 14, 4, 17, 7, 12, 8, 0, 19, 18, 2, 1, 13, 3, 16, 5]",844.0,7.7520952224731445
"[9, 6, 15, 10, 11, 14, 4, 17, 7, 12, 8, 0, 19, 18, 2, 1, 13, 3, 16, 5]",844.0,"[9, 6, 15, 10, 11, 14, 4, 17, 7, 12, 8, 0, 19, 18, 2, 1, 13, 3, 16, 5]",844.0,7.815104007720947
"[9, 6, 15, 10, 11, 14, 4, 17, 7, 12, 8, 0, 19, 18, 2, 1, 13, 3, 16, 5]",844.0,"[9, 6, 15, 10, 11, 14, 4, 17, 7, 12, 8, 0, 19, 18, 2, 1, 13, 3, 16, 5]",844.0,7.877089023590088
"[9, 6, 15, 10, 11, 14, 4, 17, 7, 12, 8, 0, 19, 18, 2, 1, 13, 3, 16, 5]",844.0,"[9, 6, 15, 10, 11, 14, 4, 17, 7, 12, 8, 0, 19, 18, 2, 1, 13, 3, 16, 5]",844.0,7.939093112945557
"[9, 6, 15, 10, 11, 14, 4, 17, 7, 12, 8, 0, 19, 18, 2, 1, 13, 3, 16, 5]",844.0,"[9, 6, 15, 10, 11, 14, 4, 17, 7, 12, 8, 0, 19, 18, 2, 1, 13, 3, 16, 5]",844.0,8.000094175338745
"[9, 6, 15, 10, 11, 14, 4, 17, 7, 12, 8, 0, 19, 18, 2, 1, 13, 3, 16, 5]",844.0,"[9, 6, 15, 10, 11, 14, 4, 17, 7, 12, 8, 0, 19, 18, 2, 1, 13, 3, 16, 5]",844.0,8.062102556228638
"[9, 6, 15, 10, 11, 14, 4, 17, 7, 12, 8, 0, 19, 18, 2, 1, 13, 3, 16, 5]",844.0,"[9, 6, 15, 10, 11, 14, 4, 17, 7, 12, 8, 0, 19, 18, 2, 1, 13, 3, 16, 5]",844.0,8.126093626022339
"[9, 6, 15, 10, 11, 14, 4, 17, 7, 12, 8, 0, 19, 18, 2, 1, 13, 3, 16, 5]",844.0,"[9, 6, 15, 10, 11, 14, 4, 17, 7, 12, 8, 0, 19, 18, 2, 1, 13, 3, 16, 5]",844.0,8.191094160079956
"[9, 6, 15, 10, 11, 14, 4, 17, 7, 12, 8, 0, 19, 18, 2, 1, 13, 3, 16, 5]",844.0,"[9, 6, 15, 10, 11, 14, 4, 17, 7, 12, 8, 0, 19, 18, 2, 1, 13, 3, 16, 5]",844.0,8.254095077514648
"[9, 6, 15, 10, 11, 14, 4, 17, 7, 12, 8, 0, 19, 18, 2, 1, 13, 3, 16, 5]",844.0,"[9, 6, 15, 10, 11, 14, 4, 17, 7, 12, 8, 0, 19, 18, 2, 1, 13, 3, 16, 5]",844.0,8.317097902297974
"[9, 6, 15, 10, 11, 14, 4, 17, 7, 12, 8, 0, 19, 18, 2, 1, 13, 3, 16, 5]",844.0,"[9, 6, 15, 10, 11, 14, 4, 17, 7, 12, 8, 0, 19, 18, 2, 1, 13, 3, 16, 5]",844.0,8.380104541778564
"[9, 6, 15, 10, 11, 14, 4, 17, 7, 12, 8, 0, 19, 18, 2, 1, 13, 3, 16, 5]",844.0,"[9, 6, 15, 10, 11, 14, 4, 17, 7, 12, 8, 0, 19, 18, 2, 1, 13, 3, 16, 5]",844.0,8.44509768486023
"[9, 6, 15, 10, 11, 14, 4, 17, 7, 12, 8, 0, 19, 18, 2, 1, 13, 3, 16, 5]",844.0,"[9, 6, 15, 10, 11, 14, 4, 17, 7, 12, 8, 0, 19, 18, 2, 1, 13, 3, 16, 5]",844.0,8.51009750366211
"[9, 6, 15, 10, 11, 14, 4, 17, 7, 12, 8, 0, 19, 18, 2, 1, 13, 3, 16, 5]",844.0,"[9, 6, 15, 10, 11, 14, 4, 17, 7, 12, 8, 0, 19, 18, 2, 1, 13, 3, 16, 5]",844.0,8.576102018356323
"[9, 6, 15, 10, 11, 14, 4, 17, 7, 12, 8, 0, 19, 18, 2, 1, 13, 3, 16, 5]",844.0,"[9, 6, 15, 10, 11, 14, 4, 17, 7, 12, 8, 0, 19, 18, 2, 1, 13, 3, 16, 5]",844.0,8.639098405838013
"[9, 6, 15, 10, 11, 14, 4, 17, 7, 12, 8, 0, 19, 18, 2, 1, 13, 3, 16, 5]",844.0,"[9, 6, 15, 10, 11, 14, 4, 17, 7, 12, 8, 0, 19, 18, 2, 1, 13, 3, 16, 5]",844.0,8.702110052108765
"[9, 6, 15, 10, 11, 14, 4, 17, 7, 12, 8, 0, 19, 18, 2, 1, 13, 3, 16, 5]",844.0,"[9, 6, 15, 10, 11, 14, 4, 17, 7, 12, 8, 0, 19, 18, 2, 1, 13, 3, 16, 5]",844.0,8.764102458953857
"[9, 6, 15, 10, 11, 14, 4, 17, 7, 12, 8, 0, 19, 18, 2, 1, 13, 3, 16, 5]",844.0,"[9, 6, 15, 10, 11, 14, 4, 17, 7, 12, 8, 0, 19, 18, 2, 1, 13, 3, 16, 5]",844.0,8.829100847244263
"[9, 16, 15, 10, 11, 14, 4, 17, 7, 12, 8, 0, 19, 18, 2, 1, 13, 3, 6, 5]",831.5,"[9, 16, 15, 10, 11, 14, 4, 17, 7, 12, 8, 0, 19, 18, 2, 1, 13, 3, 6, 5]",831.5,8.8941068649292
"[9, 16, 15, 10, 11, 14, 4, 17, 7, 12, 8, 0, 19, 18, 2, 1, 13, 3, 6, 5]",831.5,"[9, 16, 15, 10, 11, 14, 4, 17, 7, 12, 8, 0, 19, 18, 2, 1, 13, 3, 6, 5]",831.5,8.95610785484314
"[9, 16, 15, 10, 11, 14, 4, 17, 7, 12, 8, 0, 19, 18, 2, 1, 13, 3, 6, 5]",831.5,"[9, 16, 15, 10, 11, 14, 4, 17, 7, 12, 8, 0, 19, 18, 2, 1, 13, 3, 6, 5]",831.5,9.01810598373413
"[9, 16, 15, 10, 11, 14, 4, 17, 7, 12, 8, 0, 19, 18, 2, 1, 13, 3, 6, 5]",831.5,"[9, 16, 15, 10, 11, 14, 4, 17, 7, 12, 8, 0, 19, 18, 2, 1, 13, 3, 6, 5]",831.5,9.080103874206543
"[9, 16, 15, 10, 11, 14, 4, 17, 7, 12, 8, 0, 19, 18, 2, 1, 13, 3, 6, 5]",831.5,"[9, 16, 15, 10, 11, 14, 4, 17, 7, 12, 8, 0, 19, 18, 2, 1, 13, 3, 6, 5]",831.5,9.145110845565796
"[9, 16, 15, 10, 11, 14, 4, 17, 7, 12, 8, 0, 19, 18, 2, 1, 13, 3, 6, 5]",831.5,"[9, 16, 15, 10, 11, 14, 4, 17, 7, 12, 8, 0, 19, 18, 2, 1, 13, 3, 6, 5]",831.5,9.206108570098877
"[9, 16, 15, 10, 11, 14, 4, 17, 7, 12, 8, 0, 19, 18, 2, 13, 1, 3, 6, 5]",818.0,"[9, 16, 15, 10, 11, 14, 4, 17, 7, 12, 8, 0, 19, 18, 2, 13, 1, 3, 6, 5]",818.0,9.268106698989868
"[9, 16, 15, 10, 11, 14, 4, 17, 7, 12, 8, 0, 19, 18, 2, 13, 1, 3, 6, 5]",818.0,"[9, 16, 15, 10, 11, 14, 4, 17, 7, 12, 8, 0, 19, 18, 2, 13, 1, 3, 6, 5]",818.0,9.329112529754639
"[9, 16, 15, 10, 11, 14, 4, 17, 7, 12, 8, 0, 19, 18, 2, 13, 1, 3, 6, 5]",818.0,"[9, 16, 15, 10, 11, 14, 4, 17, 7, 12, 8, 0, 19, 18, 2, 13, 1, 3, 6, 5]",818.0,9.391108989715576
"[9, 16, 15, 10, 11, 14, 4, 17, 7, 12, 8, 0, 19, 18, 2, 13, 1, 3, 6, 5]",818.0,"[9, 16, 15, 10, 11, 14, 4, 17, 7, 12, 8, 0, 19, 18, 2, 13, 1, 3, 6, 5]",818.0,9.45212435722351
"[9, 16, 15, 10, 11, 14, 4, 17, 7, 12, 8, 0, 19, 18, 2, 13, 1, 3, 6, 5]",818.0,"[9, 16, 15, 10, 11, 14, 4, 17, 7, 12, 8, 0, 19, 18, 2, 13, 1, 3, 6, 5]",818.0,9.516109943389893
"[9, 16, 15, 10, 11, 14, 4, 17, 7, 12, 8, 0, 19, 18, 2, 13, 1, 3, 6, 5]",818.0,"[9, 16, 15, 10, 11, 14, 4, 17, 7, 12, 8, 0, 19, 18, 2, 13, 1, 3, 6, 5]",818.0,9.578109502792358
"[9, 16, 15, 10, 11, 14, 4, 17, 7, 12, 8, 0, 19, 18, 2, 13, 1, 3, 6, 5]",818.0,"[9, 16, 15, 10, 11, 14, 4, 17, 7, 12, 8, 0, 19, 18, 2, 13, 1, 3, 6, 5]",818.0,9.639119625091553
"[9, 16, 15, 10, 11, 14, 4, 17, 7, 12, 8, 0, 19, 18, 2, 13, 1, 3, 6, 5]",818.0,"[9, 16, 15, 10, 11, 14, 4, 17, 7, 12, 8, 0, 19, 18, 2, 13, 1, 3, 6, 5]",818.0,9.700114250183105
"[9, 16, 15, 10, 11, 14, 4, 17, 7, 12, 8, 0, 19, 18, 2, 13, 1, 3, 6, 5]",818.0,"[9, 16, 15, 10, 11, 14, 4, 17, 7, 12, 8, 0, 19, 18, 2, 13, 1, 3, 6, 5]",818.0,9.762129068374634
"[9, 16, 15, 10, 11, 14, 4, 17, 7, 12, 8, 0, 19, 18, 2, 13, 1, 3, 6, 5]",818.0,"[9, 16, 15, 10, 11, 14, 4, 17, 7, 12, 8, 0, 19, 18, 2, 13, 1, 3, 6, 5]",818.0,9.827115774154663
"[9, 16, 15, 10, 11, 14, 4, 17, 7, 12, 8, 0, 19, 18, 2, 13, 1, 3, 6, 5]",818.0,"[9, 16, 15, 10, 11, 14, 4, 17, 7, 12, 8, 0, 19, 18, 2, 13, 1, 3, 6, 5]",818.0,9.893114566802979
"[9, 16, 15, 10, 11, 14, 4, 17, 7, 12, 8, 0, 19, 18, 2, 13, 1, 3, 6, 5]",818.0,"[9, 16, 15, 10, 11, 14, 4, 17, 7, 12, 8, 0, 19, 18, 2, 13, 1, 3, 6, 5]",818.0,9.96118426322937
"[9, 16, 15, 10, 11, 14, 4, 17, 7, 12, 8, 0, 19, 18, 2, 13, 1, 3, 6, 5]",818.0,"[9, 16, 15, 10, 11, 14, 4, 17, 7, 12, 8, 0, 19, 18, 2, 13, 1, 3, 6, 5]",818.0,10.026116371154785
"[9, 16, 15, 10, 11, 14, 4, 17, 7, 12, 8, 0, 19, 18, 2, 13, 1, 3, 6, 5]",818.0,"[9, 16, 15, 10, 11, 14, 4, 17, 7, 12, 8, 0, 19, 18, 2, 13, 1, 3, 6, 5]",818.0,10.094120264053345
"[9, 16, 15, 10, 11, 14, 4, 17, 7, 12, 8, 0, 19, 18, 2, 13, 1, 3, 6, 5]",818.0,"[9, 16, 15, 10, 11, 14, 4, 17, 7, 12, 8, 0, 19, 18, 2, 13, 1, 3, 6, 5]",818.0,10.159116506576538
"[9, 16, 15, 10, 11, 14, 4, 17, 7, 12, 8, 0, 19, 18, 2, 13, 1, 3, 6, 5]",818.0,"[9, 16, 15, 10, 11, 14, 4, 17, 7, 12, 8, 0, 19, 18, 2, 13, 1, 3, 6, 5]",818.0,10.22212815284729
"[9, 16, 15, 10, 11, 14, 4, 17, 7, 12, 8, 0, 19, 18, 2, 13, 1, 3, 6, 5]",818.0,"[9, 16, 15, 10, 11, 14, 4, 17, 7, 12, 8, 0, 19, 18, 2, 13, 1, 3, 6, 5]",818.0,10.285121440887451
"[9, 16, 15, 10, 11, 14, 4, 17, 7, 12, 8, 0, 19, 18, 2, 13, 1, 3, 6, 5]",818.0,"[9, 16, 15, 10, 11, 14, 4, 17, 7, 12, 8, 0, 19, 18, 2, 13, 1, 3, 6, 5]",818.0,10.349120140075684
"[9, 16, 15, 10, 11, 14, 4, 17, 7, 12, 8, 0, 19, 18, 2, 13, 1, 3, 6, 5]",818.0,"[9, 16, 15, 10, 11, 14, 4, 17, 7, 12, 8, 0, 19, 18, 2, 13, 1, 3, 6, 5]",818.0,10.414121389389038
"[9, 16, 15, 10, 11, 14, 4, 17, 7, 12, 8, 0, 19, 18, 2, 13, 1, 3, 6, 5]",818.0,"[9, 16, 15, 10, 11, 14, 4, 17, 7, 12, 8, 0, 19, 18, 2, 13, 1, 3, 6, 5]",818.0,10.475122213363647
"[9, 16, 15, 10, 11, 14, 4, 17, 7, 12, 8, 0, 19, 18, 2, 13, 1, 3, 6, 5]",818.0,"[9, 16, 15, 10, 11, 14, 4, 17, 7, 12, 8, 0, 19, 18, 2, 13, 1, 3, 6, 5]",818.0,10.538121700286865
"[9, 16, 15, 10, 11, 14, 4, 17, 7, 12, 8, 0, 19, 18, 2, 13, 1, 3, 6, 5]",818.0,"[9, 16, 15, 10, 11, 14, 4, 17, 7, 12, 8, 0, 19, 18, 2, 13, 1, 3, 6, 5]",818.0,10.601125240325928
"[9, 16, 15, 10, 11, 14, 4, 17, 7, 12, 8, 0, 19, 18, 2, 13, 1, 3, 6, 5]",818.0,"[9, 16, 15, 10, 11, 14, 4, 17, 7, 12, 8, 0, 19, 18, 2, 13, 1, 3, 6, 5]",818.0,10.665125608444214
"[9, 16, 15, 10, 11, 14, 4, 17, 7, 12, 8, 0, 19, 18, 2, 13, 1, 3, 6, 5]",818.0,"[9, 16, 15, 10, 11, 14, 4, 17, 7, 12, 8, 0, 19, 18, 2, 13, 1, 3, 6, 5]",818.0,10.72612714767456
"[9, 16, 15, 10, 11, 14, 4, 17, 7, 12, 8, 0, 19, 18, 2, 13, 1, 3, 6, 5]",818.0,"[9, 16, 15, 10, 11, 14, 4, 17, 7, 12, 8, 0, 19, 18, 2, 13, 1, 3, 6, 5]",818.0,10.787135124206543
"[9, 16, 15, 10, 11, 14, 4, 17, 7, 12, 8, 0, 19, 18, 2, 13, 1, 3, 6, 5]",818.0,"[9, 16, 15, 10, 11, 14, 4, 17, 7, 12, 8, 0, 19, 18, 2, 13, 1, 3, 6, 5]",818.0,10.849170923233032
"[9, 16, 15, 10, 11, 14, 4, 17, 7, 12, 8, 0, 19, 18, 2, 13, 1, 3, 6, 5]",818.0,"[9, 16, 15, 10, 11, 14, 4, 17, 7, 12, 8, 0, 19, 18, 2, 13, 1, 3, 6, 5]",818.0,10.910160779953003
"[9, 16, 15, 10, 11, 14, 4, 17, 7, 12, 8, 0, 19, 18, 2, 13, 1, 3, 6, 5]",818.0,"[9, 16, 15, 10, 11, 14, 4, 17, 7, 12, 8, 0, 19, 18, 2, 13, 1, 3, 6, 5]",818.0,10.972126722335815
"[9, 16, 15, 10, 11, 14, 4, 17, 7, 12, 8, 0, 19, 18, 2, 13, 1, 3, 6, 5]",818.0,"[9, 16, 15, 10, 11, 14, 4, 17, 7, 12, 8, 0, 19, 18, 2, 13, 1, 3, 6, 5]",818.0,11.038201093673706
"[9, 16, 15, 10, 11, 14, 4, 17, 7, 12, 8, 0, 19, 18, 2, 13, 1, 3, 6, 5]",818.0,"[9, 16, 15, 10, 11, 14, 4, 17, 7, 12, 8, 0, 19, 18, 2, 13, 1, 3, 6, 5]",818.0,11.10114336013794
"[9, 16, 15, 10, 11, 14, 4, 17, 7, 12, 8, 0, 19, 18, 2, 13, 1, 3, 6, 5]",818.0,"[9, 16, 15, 10, 11, 14, 4, 17, 7, 12, 8, 0, 19, 18, 2, 13, 1, 3, 6, 5]",818.0,11.165130376815796
"[9, 16, 15, 10, 11, 14, 4, 17, 7, 12, 8, 0, 19, 18, 2, 13, 1, 3, 6, 5]",818.0,"[9, 16, 15, 10, 11, 14, 4, 17, 7, 12, 8, 0, 19, 18, 2, 13, 1, 3, 6, 5]",818.0,11.22713303565979
"[9, 16, 15, 10, 11, 14, 4, 17, 7, 12, 8, 0, 19, 18, 2, 13, 1, 3, 6, 5]",818.0,"[9, 16, 15, 10, 11, 14, 4, 17, 7, 12, 8, 0, 19, 18, 2, 13, 1, 3, 6, 5]",818.0,11.289142608642578
"[9, 16, 15, 10, 11, 14, 4, 17, 7, 12, 8, 0, 19, 18, 2, 13, 1, 3, 6, 5]",818.0,"[9, 16, 15, 10, 11, 14, 4, 17, 7, 12, 8, 0, 19, 18, 2, 13, 1, 3, 6, 5]",818.0,11.353133916854858
"[16, 9, 15, 10, 11, 14, 4, 17, 7, 12, 8, 0, 19, 18, 2, 13, 1, 3, 6, 5]",816.5,"[16, 9, 15, 10, 11, 14, 4, 17, 7, 12, 8, 0, 19, 18, 2, 13, 1, 3, 6, 5]",816.5,11.41913104057312
"[16, 9, 15, 10, 11, 14, 4, 17, 7, 12, 8, 0, 19, 18, 2, 13, 1, 3, 6, 5]",816.5,"[16, 9, 15, 10, 11, 14, 4, 17, 7, 12, 8, 0, 19, 18, 2, 13, 1, 3, 6, 5]",816.5,11.490138530731201
"[16, 9, 15, 10, 11, 14, 4, 17, 7, 12, 8, 0, 19, 18, 2, 13, 1, 3, 6, 5]",816.5,"[16, 9, 15, 10, 11, 14, 4, 17, 7, 12, 8, 0, 19, 18, 2, 13, 1, 3, 6, 5]",816.5,11.589134454727173
"[16, 9, 15, 10, 11, 14, 4, 17, 7, 12, 8, 0, 19, 18, 2, 13, 1, 3, 6, 5]",816.5,"[16, 9, 15, 10, 11, 14, 4, 17, 7, 12, 8, 0, 19, 18, 2, 13, 1, 3, 6, 5]",816.5,11.655133247375488
"[16, 9, 15, 10, 11, 14, 4, 17, 7, 12, 8, 0, 19, 18, 2, 13, 1, 3, 6, 5]",816.5,"[16, 9, 15, 10, 11, 14, 4, 17, 7, 12, 8, 0, 19, 18, 2, 13, 1, 3, 6, 5]",816.5,11.72023892402649
"[16, 9, 15, 10, 11, 14, 4, 17, 7, 12, 8, 0, 19, 18, 2, 13, 1, 3, 6, 5]",816.5,"[16, 9, 15, 10, 11, 14, 4, 17, 7, 12, 8, 0, 19, 18, 2, 13, 1, 3, 6, 5]",816.5,11.786138772964478
"[16, 9, 15, 10, 11, 14, 4, 17, 7, 12, 8, 0, 19, 18, 2, 13, 1, 3, 6, 5]",816.5,"[16, 9, 15, 10, 11, 14, 4, 17, 7, 12, 8, 0, 19, 18, 2, 13, 1, 3, 6, 5]",816.5,11.850142240524292
"[16, 9, 15, 10, 11, 14, 4, 17, 7, 12, 8, 0, 19, 18, 2, 13, 1, 3, 6, 5]",816.5,"[16, 9, 15, 10, 11, 14, 4, 17, 7, 12, 8, 0, 19, 18, 2, 13, 1, 3, 6, 5]",816.5,11.916158199310303
"[16, 9, 15, 10, 11, 14, 4, 17, 7, 12, 8, 0, 19, 18, 2, 13, 1, 3, 6, 5]",816.5,"[16, 9, 15, 10, 11, 14, 4, 17, 7, 12, 8, 0, 19, 18, 2, 13, 1, 3, 6, 5]",816.5,11.978143453598022
"[16, 9, 15, 10, 11, 14, 4, 17, 7, 12, 8, 0, 19, 18, 2, 13, 1, 3, 6, 5]",816.5,"[16, 9, 15, 10, 11, 14, 4, 17, 7, 12, 8, 0, 19, 18, 2, 13, 1, 3, 6, 5]",816.5,12.041143894195557
"[16, 9, 15, 10, 11, 14, 4, 17, 7, 12, 8, 0, 19, 18, 2, 13, 1, 3, 6, 5]",816.5,"[16, 9, 15, 10, 11, 14, 4, 17, 7, 12, 8, 0, 19, 18, 2, 13, 1, 3, 6, 5]",816.5,12.104135274887085
"[16, 9, 15, 10, 11, 14, 4, 17, 7, 12, 8, 0, 19, 18, 2, 13, 1, 3, 6, 5]",816.5,"[16, 9, 15, 10, 11, 14, 4, 17, 7, 12, 8, 0, 19, 18, 2, 13, 1, 3, 6, 5]",816.5,12.169145584106445
"[16, 9, 15, 10, 11, 14, 4, 17, 7, 12, 8, 0, 19, 18, 2, 13, 1, 3, 6, 5]",816.5,"[16, 9, 15, 10, 11, 14, 4, 17, 7, 12, 8, 0, 19, 18, 2, 13, 1, 3, 6, 5]",816.5,12.23215126991272
"[16, 9, 15, 10, 11, 14, 4, 17, 7, 12, 8, 0, 19, 18, 2, 13, 1, 3, 6, 5]",816.5,"[16, 9, 15, 10, 11, 14, 4, 17, 7, 12, 8, 0, 19, 18, 2, 13, 1, 3, 6, 5]",816.5,12.294143915176392
"[16, 9, 15, 10, 11, 14, 4, 17, 7, 12, 8, 0, 19, 18, 2, 13, 1, 3, 6, 5]",816.5,"[16, 9, 15, 10, 11, 14, 4, 17, 7, 12, 8, 0, 19, 18, 2, 13, 1, 3, 6, 5]",816.5,12.358144998550415
"[16, 9, 15, 10, 11, 14, 4, 17, 7, 12, 8, 0, 19, 18, 2, 13, 1, 3, 6, 5]",816.5,"[16, 9, 15, 10, 11, 14, 4, 17, 7, 12, 8, 0, 19, 18, 2, 13, 1, 3, 6, 5]",816.5,12.421148777008057
"[16, 9, 15, 10, 11, 14, 4, 17, 7, 12, 8, 0, 19, 18, 2, 13, 1, 3, 6, 5]",816.5,"[16, 9, 15, 10, 11, 14, 4, 17, 7, 12, 8, 0, 19, 18, 2, 13, 1, 3, 6, 5]",816.5,12.484142541885376
"[16, 9, 15, 10, 11, 14, 4, 17, 7, 12, 8, 0, 19, 18, 2, 13, 1, 3, 6, 5]",816.5,"[16, 9, 15, 10, 11, 14, 4, 17, 7, 12, 8, 0, 19, 18, 2, 13, 1, 3, 6, 5]",816.5,12.548152208328247
"[16, 9, 15, 10, 11, 14, 4, 17, 7, 12, 8, 0, 19, 18, 2, 13, 1, 3, 6, 5]",816.5,"[16, 9, 15, 10, 11, 14, 4, 17, 7, 12, 8, 0, 19, 18, 2, 13, 1, 3, 6, 5]",816.5,12.611150979995728
"[16, 9, 15, 10, 11, 14, 4, 17, 7, 12, 8, 0, 19, 18, 2, 13, 1, 3, 6, 5]",816.5,"[16, 9, 15, 10, 11, 14, 4, 17, 7, 12, 8, 0, 19, 18, 2, 13, 1, 3, 6, 5]",816.5,12.673157453536987
"[16, 9, 15, 10, 11, 14, 4, 17, 7, 12, 8, 0, 19, 18, 2, 13, 1, 3, 6, 5]",816.5,"[16, 9, 15, 10, 11, 14, 4, 17, 7, 12, 8, 0, 19, 18, 2, 13, 1, 3, 6, 5]",816.5,12.738152027130127
"[16, 9, 15, 10, 11, 14, 4, 17, 7, 12, 8, 0, 19, 18, 2, 13, 1, 3, 6, 5]",816.5,"[16, 9, 15, 10, 11, 14, 4, 17, 7, 12, 8, 0, 19, 18, 2, 13, 1, 3, 6, 5]",816.5,12.801151990890503
"[16, 9, 15, 10, 11, 14, 4, 17, 7, 12, 8, 0, 19, 18, 2, 13, 1, 3, 6, 5]",816.5,"[16, 9, 15, 10, 11, 14, 4, 17, 7, 12, 8, 0, 19, 18, 2, 13, 1, 3, 6, 5]",816.5,12.864151239395142
"[16, 9, 15, 10, 11, 14, 4, 17, 7, 12, 8, 0, 19, 18, 2, 13, 1, 3, 6, 5]",816.5,"[16, 9, 15, 10, 11, 14, 4, 17, 7, 12, 8, 0, 19, 18, 2, 13, 1, 3, 6, 5]",816.5,12.929152250289917
"[16, 9, 15, 10, 11, 14, 4, 17, 7, 12, 8, 0, 19, 18, 2, 13, 1, 3, 6, 5]",816.5,"[16, 9, 15, 10, 11, 14, 4, 17, 7, 12, 8, 0, 19, 18, 2, 13, 1, 3, 6, 5]",816.5,12.99315333366394
