Sequence,Fitness,Best_sequence,Best_fitness,Time
"[0, 1, 2, 3, 4, 5, 6, 7, 8, 9, 10, 11, 12, 13, 14, 15, 16, 17, 18, 19]",1531.0,"[0, 1, 2, 3, 4, 5, 6, 7, 8, 9, 10, 11, 12, 13, 14, 15, 16, 17, 18, 19]",1531.0,0.0
"[0, 1, 2, 3, 4, 5, 6, 7, 8, 9, 10, 11, 12, 13, 14, 15, 16, 17, 18, 19]",1531.0,"[0, 1, 2, 3, 4, 5, 6, 7, 8, 9, 10, 11, 12, 13, 14, 15, 16, 17, 18, 19]",1531.0,0.062001943588256836
"[0, 1, 2, 3, 4, 5, 6, 7, 8, 9, 10, 11, 12, 13, 14, 15, 16, 17, 18, 19]",1531.0,"[0, 1, 2, 3, 4, 5, 6, 7, 8, 9, 10, 11, 12, 13, 14, 15, 16, 17, 18, 19]",1531.0,0.12700819969177246
"[0, 1, 2, 3, 4, 5, 6, 7, 8, 9, 10, 11, 12, 13, 14, 15, 16, 17, 18, 19]",1531.0,"[0, 1, 2, 3, 4, 5, 6, 7, 8, 9, 10, 11, 12, 13, 14, 15, 16, 17, 18, 19]",1531.0,0.19000244140625
"[0, 1, 2, 3, 4, 5, 6, 7, 8, 9, 10, 11, 12, 13, 14, 15, 16, 17, 18, 19]",1531.0,"[0, 1, 2, 3, 4, 5, 6, 7, 8, 9, 10, 11, 12, 13, 14, 15, 16, 17, 18, 19]",1531.0,0.2810041904449463
"[0, 1, 2, 3, 4, 5, 6, 7, 8, 9, 10, 11, 12, 13, 14, 15, 16, 17, 18, 19]",1531.0,"[0, 1, 2, 3, 4, 5, 6, 7, 8, 9, 10, 11, 12, 13, 14, 15, 16, 17, 18, 19]",1531.0,0.34300708770751953
"[0, 1, 2, 3, 4, 5, 10, 7, 8, 9, 6, 11, 12, 13, 14, 15, 16, 17, 18, 19]",1516.0,"[0, 1, 2, 3, 4, 5, 10, 7, 8, 9, 6, 11, 12, 13, 14, 15, 16, 17, 18, 19]",1516.0,0.41000819206237793
"[12, 1, 2, 3, 4, 5, 10, 7, 8, 9, 6, 11, 0, 13, 14, 15, 16, 17, 18, 19]",1512.5,"[12, 1, 2, 3, 4, 5, 10, 7, 8, 9, 6, 11, 0, 13, 14, 15, 16, 17, 18, 19]",1512.5,0.4800095558166504
"[12, 1, 2, 3, 4, 5, 10, 7, 8, 9, 6, 11, 0, 13, 14, 15, 16, 17, 18, 19]",1512.5,"[12, 1, 2, 3, 4, 5, 10, 7, 8, 9, 6, 11, 0, 13, 14, 15, 16, 17, 18, 19]",1512.5,0.5470116138458252
"[12, 1, 2, 3, 4, 5, 10, 7, 8, 9, 6, 11, 0, 13, 14, 15, 16, 17, 18, 19]",1512.5,"[12, 1, 2, 3, 4, 5, 10, 7, 8, 9, 6, 11, 0, 13, 14, 15, 16, 17, 18, 19]",1512.5,0.6160087585449219
"[12, 1, 2, 3, 4, 5, 10, 7, 8, 9, 6, 11, 0, 13, 14, 15, 16, 17, 18, 19]",1512.5,"[12, 1, 2, 3, 4, 5, 10, 7, 8, 9, 6, 11, 0, 13, 14, 15, 16, 17, 18, 19]",1512.5,0.6830158233642578
"[12, 1, 2, 3, 4, 5, 10, 7, 8, 9, 6, 11, 0, 13, 14, 15, 16, 17, 18, 19]",1512.5,"[12, 1, 2, 3, 4, 5, 10, 7, 8, 9, 6, 11, 0, 13, 14, 15, 16, 17, 18, 19]",1512.5,0.7490270137786865
"[12, 1, 2, 3, 4, 5, 10, 7, 8, 9, 6, 11, 0, 13, 14, 15, 16, 17, 18, 19]",1512.5,"[12, 1, 2, 3, 4, 5, 10, 7, 8, 9, 6, 11, 0, 13, 14, 15, 16, 17, 18, 19]",1512.5,0.8160140514373779
"[12, 6, 2, 3, 4, 5, 10, 7, 8, 9, 1, 11, 0, 13, 14, 15, 16, 17, 18, 19]",1497.5,"[12, 6, 2, 3, 4, 5, 10, 7, 8, 9, 1, 11, 0, 13, 14, 15, 16, 17, 18, 19]",1497.5,0.8820164203643799
"[12, 6, 2, 3, 4, 5, 10, 7, 8, 9, 1, 11, 0, 13, 14, 15, 16, 17, 18, 19]",1497.5,"[12, 6, 2, 3, 4, 5, 10, 7, 8, 9, 1, 11, 0, 13, 14, 15, 16, 17, 18, 19]",1497.5,0.9510142803192139
"[12, 6, 2, 3, 4, 5, 10, 7, 8, 9, 1, 11, 0, 13, 14, 15, 16, 17, 18, 19]",1497.5,"[12, 6, 2, 3, 4, 5, 10, 7, 8, 9, 1, 11, 0, 13, 14, 15, 16, 17, 18, 19]",1497.5,1.0170185565948486
"[12, 6, 2, 3, 4, 5, 10, 7, 8, 9, 1, 11, 0, 13, 14, 15, 16, 17, 18, 19]",1497.5,"[12, 6, 2, 3, 4, 5, 10, 7, 8, 9, 1, 11, 0, 13, 14, 15, 16, 17, 18, 19]",1497.5,1.087021827697754
"[12, 6, 2, 3, 4, 5, 10, 7, 8, 9, 1, 11, 0, 13, 14, 15, 16, 17, 18, 19]",1497.5,"[12, 6, 2, 3, 4, 5, 10, 7, 8, 9, 1, 11, 0, 13, 14, 15, 16, 17, 18, 19]",1497.5,1.154019832611084
"[12, 6, 2, 3, 4, 5, 10, 7, 8, 9, 1, 11, 0, 13, 14, 15, 16, 17, 18, 19]",1497.5,"[12, 6, 2, 3, 4, 5, 10, 7, 8, 9, 1, 11, 0, 13, 14, 15, 16, 17, 18, 19]",1497.5,1.2240190505981445
"[12, 6, 2, 3, 4, 5, 10, 7, 8, 18, 1, 11, 0, 13, 14, 15, 16, 17, 9, 19]",1491.5,"[12, 6, 2, 3, 4, 5, 10, 7, 8, 18, 1, 11, 0, 13, 14, 15, 16, 17, 9, 19]",1491.5,1.2940199375152588
"[12, 6, 2, 3, 4, 5, 10, 7, 8, 18, 1, 11, 0, 13, 14, 15, 16, 17, 9, 19]",1491.5,"[12, 6, 2, 3, 4, 5, 10, 7, 8, 18, 1, 11, 0, 13, 14, 15, 16, 17, 9, 19]",1491.5,1.3640227317810059
"[12, 6, 2, 3, 4, 5, 10, 7, 8, 18, 1, 11, 0, 13, 14, 15, 16, 17, 9, 19]",1491.5,"[12, 6, 2, 3, 4, 5, 10, 7, 8, 18, 1, 11, 0, 13, 14, 15, 16, 17, 9, 19]",1491.5,1.4370243549346924
"[12, 6, 2, 3, 4, 5, 10, 7, 8, 18, 1, 11, 0, 13, 14, 15, 16, 17, 9, 19]",1491.5,"[12, 6, 2, 3, 4, 5, 10, 7, 8, 18, 1, 11, 0, 13, 14, 15, 16, 17, 9, 19]",1491.5,1.5080206394195557
"[12, 1, 2, 3, 4, 5, 10, 7, 8, 18, 6, 11, 0, 13, 14, 15, 16, 17, 9, 19]",1485.5,"[12, 1, 2, 3, 4, 5, 10, 7, 8, 18, 6, 11, 0, 13, 14, 15, 16, 17, 9, 19]",1485.5,1.5790221691131592
"[12, 1, 2, 3, 11, 5, 10, 7, 8, 18, 6, 4, 0, 13, 14, 15, 16, 17, 9, 19]",1472.5,"[12, 1, 2, 3, 11, 5, 10, 7, 8, 18, 6, 4, 0, 13, 14, 15, 16, 17, 9, 19]",1472.5,1.6560249328613281
"[12, 1, 2, 16, 11, 5, 10, 7, 8, 18, 6, 4, 0, 13, 14, 15, 3, 17, 9, 19]",1415.5,"[12, 1, 2, 16, 11, 5, 10, 7, 8, 18, 6, 4, 0, 13, 14, 15, 3, 17, 9, 19]",1415.5,1.724029541015625
"[12, 1, 2, 16, 11, 5, 10, 7, 8, 18, 6, 4, 0, 13, 14, 15, 3, 17, 9, 19]",1415.5,"[12, 1, 2, 16, 11, 5, 10, 7, 8, 18, 6, 4, 0, 13, 14, 15, 3, 17, 9, 19]",1415.5,1.7920308113098145
"[12, 1, 2, 16, 11, 5, 10, 7, 8, 18, 6, 4, 0, 13, 14, 15, 9, 17, 3, 19]",1378.0,"[12, 1, 2, 16, 11, 5, 10, 7, 8, 18, 6, 4, 0, 13, 14, 15, 9, 17, 3, 19]",1378.0,1.8620314598083496
"[12, 1, 2, 16, 11, 5, 10, 7, 8, 18, 6, 4, 0, 13, 14, 15, 9, 17, 3, 19]",1378.0,"[12, 1, 2, 16, 11, 5, 10, 7, 8, 18, 6, 4, 0, 13, 14, 15, 9, 17, 3, 19]",1378.0,1.9300329685211182
"[12, 1, 2, 16, 11, 5, 10, 7, 8, 18, 6, 4, 0, 13, 14, 15, 9, 17, 3, 19]",1378.0,"[12, 1, 2, 16, 11, 5, 10, 7, 8, 18, 6, 4, 0, 13, 14, 15, 9, 17, 3, 19]",1378.0,1.9990346431732178
"[12, 1, 2, 16, 11, 5, 10, 7, 8, 18, 6, 4, 0, 13, 14, 15, 9, 17, 3, 19]",1378.0,"[12, 1, 2, 16, 11, 5, 10, 7, 8, 18, 6, 4, 0, 13, 14, 15, 9, 17, 3, 19]",1378.0,2.06803560256958
"[12, 1, 2, 16, 11, 5, 10, 7, 8, 18, 6, 4, 0, 13, 14, 15, 9, 17, 3, 19]",1378.0,"[12, 1, 2, 16, 11, 5, 10, 7, 8, 18, 6, 4, 0, 13, 14, 15, 9, 17, 3, 19]",1378.0,2.140036106109619
"[12, 1, 2, 16, 11, 5, 10, 7, 8, 18, 6, 4, 0, 13, 14, 15, 9, 17, 3, 19]",1378.0,"[12, 1, 2, 16, 11, 5, 10, 7, 8, 18, 6, 4, 0, 13, 14, 15, 9, 17, 3, 19]",1378.0,2.211036443710327
"[12, 1, 2, 16, 8, 5, 10, 7, 11, 18, 6, 4, 0, 13, 14, 15, 9, 17, 3, 19]",1370.5,"[12, 1, 2, 16, 8, 5, 10, 7, 11, 18, 6, 4, 0, 13, 14, 15, 9, 17, 3, 19]",1370.5,2.277038335800171
"[12, 1, 2, 16, 8, 5, 10, 7, 11, 18, 6, 4, 9, 13, 14, 15, 0, 17, 3, 19]",1359.5,"[12, 1, 2, 16, 8, 5, 10, 7, 11, 18, 6, 4, 9, 13, 14, 15, 0, 17, 3, 19]",1359.5,2.3430397510528564
"[12, 1, 2, 16, 8, 5, 10, 7, 11, 18, 6, 4, 9, 13, 14, 15, 0, 17, 3, 19]",1359.5,"[12, 1, 2, 16, 8, 5, 10, 7, 11, 18, 6, 4, 9, 13, 14, 15, 0, 17, 3, 19]",1359.5,2.411041021347046
"[12, 1, 2, 16, 8, 5, 10, 7, 11, 18, 6, 4, 9, 13, 14, 15, 0, 17, 3, 19]",1359.5,"[12, 1, 2, 16, 8, 5, 10, 7, 11, 18, 6, 4, 9, 13, 14, 15, 0, 17, 3, 19]",1359.5,2.4780471324920654
"[12, 1, 2, 16, 8, 5, 10, 7, 17, 18, 6, 4, 9, 13, 14, 15, 0, 11, 3, 19]",1352.5,"[12, 1, 2, 16, 8, 5, 10, 7, 17, 18, 6, 4, 9, 13, 14, 15, 0, 11, 3, 19]",1352.5,2.546041965484619
"[12, 1, 2, 16, 8, 5, 10, 7, 17, 18, 6, 4, 9, 13, 14, 15, 0, 11, 3, 19]",1352.5,"[12, 1, 2, 16, 8, 5, 10, 7, 17, 18, 6, 4, 9, 13, 14, 15, 0, 11, 3, 19]",1352.5,2.6140379905700684
"[12, 1, 2, 16, 8, 5, 10, 7, 17, 18, 6, 4, 9, 13, 14, 15, 0, 11, 3, 19]",1352.5,"[12, 1, 2, 16, 8, 5, 10, 7, 17, 18, 6, 4, 9, 13, 14, 15, 0, 11, 3, 19]",1352.5,2.685053825378418
"[12, 1, 2, 16, 8, 5, 10, 7, 17, 18, 6, 4, 9, 13, 14, 15, 0, 11, 3, 19]",1352.5,"[12, 1, 2, 16, 8, 5, 10, 7, 17, 18, 6, 4, 9, 13, 14, 15, 0, 11, 3, 19]",1352.5,2.753044366836548
"[12, 1, 2, 16, 8, 5, 10, 7, 17, 18, 6, 4, 9, 13, 14, 15, 0, 11, 3, 19]",1352.5,"[12, 1, 2, 16, 8, 5, 10, 7, 17, 18, 6, 4, 9, 13, 14, 15, 0, 11, 3, 19]",1352.5,2.8200478553771973
"[12, 1, 2, 16, 8, 5, 10, 7, 17, 18, 6, 4, 9, 13, 14, 15, 0, 11, 3, 19]",1352.5,"[12, 1, 2, 16, 8, 5, 10, 7, 17, 18, 6, 4, 9, 13, 14, 15, 0, 11, 3, 19]",1352.5,2.8870465755462646
"[12, 1, 2, 16, 8, 5, 10, 7, 17, 18, 6, 4, 9, 13, 14, 15, 0, 11, 3, 19]",1352.5,"[12, 1, 2, 16, 8, 5, 10, 7, 17, 18, 6, 4, 9, 13, 14, 15, 0, 11, 3, 19]",1352.5,2.95704984664917
"[12, 1, 2, 16, 8, 5, 10, 7, 17, 18, 6, 4, 9, 13, 14, 15, 0, 11, 3, 19]",1352.5,"[12, 1, 2, 16, 8, 5, 10, 7, 17, 18, 6, 4, 9, 13, 14, 15, 0, 11, 3, 19]",1352.5,3.02204966545105
"[12, 1, 2, 16, 8, 5, 10, 7, 17, 18, 6, 4, 9, 13, 14, 15, 19, 11, 3, 0]",1314.5,"[12, 1, 2, 16, 8, 5, 10, 7, 17, 18, 6, 4, 9, 13, 14, 15, 19, 11, 3, 0]",1314.5,3.08905291557312
"[12, 1, 7, 16, 8, 5, 10, 2, 17, 18, 6, 4, 9, 13, 14, 15, 19, 11, 3, 0]",1308.5,"[12, 1, 7, 16, 8, 5, 10, 2, 17, 18, 6, 4, 9, 13, 14, 15, 19, 11, 3, 0]",1308.5,3.155052423477173
"[12, 1, 7, 16, 8, 5, 10, 2, 17, 18, 6, 4, 9, 13, 14, 15, 19, 11, 3, 0]",1308.5,"[12, 1, 7, 16, 8, 5, 10, 2, 17, 18, 6, 4, 9, 13, 14, 15, 19, 11, 3, 0]",1308.5,3.227053165435791
"[12, 1, 7, 16, 8, 5, 10, 2, 17, 18, 6, 4, 9, 13, 14, 15, 19, 11, 3, 0]",1308.5,"[12, 1, 7, 16, 8, 5, 10, 2, 17, 18, 6, 4, 9, 13, 14, 15, 19, 11, 3, 0]",1308.5,3.301055431365967
"[12, 1, 7, 16, 8, 5, 10, 2, 17, 18, 6, 4, 9, 13, 14, 15, 19, 11, 3, 0]",1308.5,"[12, 1, 7, 16, 8, 5, 10, 2, 17, 18, 6, 4, 9, 13, 14, 15, 19, 11, 3, 0]",1308.5,3.3770570755004883
"[12, 1, 7, 16, 8, 5, 10, 2, 17, 18, 6, 4, 9, 13, 14, 15, 19, 11, 3, 0]",1308.5,"[12, 1, 7, 16, 8, 5, 10, 2, 17, 18, 6, 4, 9, 13, 14, 15, 19, 11, 3, 0]",1308.5,3.446057081222534
"[12, 1, 7, 16, 8, 5, 10, 2, 17, 18, 6, 4, 9, 13, 14, 15, 19, 11, 3, 0]",1308.5,"[12, 1, 7, 16, 8, 5, 10, 2, 17, 18, 6, 4, 9, 13, 14, 15, 19, 11, 3, 0]",1308.5,3.515061616897583
"[12, 1, 7, 16, 8, 5, 10, 2, 17, 18, 6, 4, 9, 13, 14, 15, 19, 11, 3, 0]",1308.5,"[12, 1, 7, 16, 8, 5, 10, 2, 17, 18, 6, 4, 9, 13, 14, 15, 19, 11, 3, 0]",1308.5,3.5910611152648926
"[12, 1, 7, 16, 8, 5, 10, 2, 17, 18, 6, 4, 9, 13, 14, 15, 19, 11, 3, 0]",1308.5,"[12, 1, 7, 16, 8, 5, 10, 2, 17, 18, 6, 4, 9, 13, 14, 15, 19, 11, 3, 0]",1308.5,3.657057762145996
"[12, 1, 7, 16, 8, 5, 10, 2, 17, 18, 6, 4, 9, 13, 14, 15, 19, 11, 3, 0]",1308.5,"[12, 1, 7, 16, 8, 5, 10, 2, 17, 18, 6, 4, 9, 13, 14, 15, 19, 11, 3, 0]",1308.5,3.7250611782073975
"[12, 1, 7, 16, 8, 5, 10, 2, 17, 18, 6, 4, 9, 13, 14, 15, 19, 11, 3, 0]",1308.5,"[12, 1, 7, 16, 8, 5, 10, 2, 17, 18, 6, 4, 9, 13, 14, 15, 19, 11, 3, 0]",1308.5,3.793060064315796
"[12, 1, 7, 16, 8, 5, 10, 2, 17, 18, 6, 4, 9, 13, 14, 15, 19, 11, 3, 0]",1308.5,"[12, 1, 7, 16, 8, 5, 10, 2, 17, 18, 6, 4, 9, 13, 14, 15, 19, 11, 3, 0]",1308.5,3.8600611686706543
"[12, 1, 7, 16, 8, 5, 10, 2, 17, 18, 6, 4, 9, 13, 14, 15, 19, 11, 3, 0]",1308.5,"[12, 1, 7, 16, 8, 5, 10, 2, 17, 18, 6, 4, 9, 13, 14, 15, 19, 11, 3, 0]",1308.5,3.9250638484954834
"[12, 1, 7, 16, 8, 5, 10, 2, 17, 18, 6, 4, 9, 13, 14, 15, 19, 11, 3, 0]",1308.5,"[12, 1, 7, 16, 8, 5, 10, 2, 17, 18, 6, 4, 9, 13, 14, 15, 19, 11, 3, 0]",1308.5,3.9920756816864014
"[12, 1, 7, 16, 8, 5, 10, 2, 17, 18, 6, 4, 9, 13, 14, 15, 19, 11, 3, 0]",1308.5,"[12, 1, 7, 16, 8, 5, 10, 2, 17, 18, 6, 4, 9, 13, 14, 15, 19, 11, 3, 0]",1308.5,4.061066389083862
"[12, 1, 7, 16, 8, 5, 10, 2, 17, 18, 6, 4, 9, 13, 14, 15, 19, 11, 3, 0]",1308.5,"[12, 1, 7, 16, 8, 5, 10, 2, 17, 18, 6, 4, 9, 13, 14, 15, 19, 11, 3, 0]",1308.5,4.131087064743042
"[12, 1, 7, 16, 8, 5, 10, 2, 17, 18, 6, 4, 9, 13, 14, 15, 19, 11, 3, 0]",1308.5,"[12, 1, 7, 16, 8, 5, 10, 2, 17, 18, 6, 4, 9, 13, 14, 15, 19, 11, 3, 0]",1308.5,4.197066307067871
"[12, 1, 7, 16, 8, 5, 10, 2, 17, 18, 6, 4, 9, 13, 14, 15, 19, 11, 3, 0]",1308.5,"[12, 1, 7, 16, 8, 5, 10, 2, 17, 18, 6, 4, 9, 13, 14, 15, 19, 11, 3, 0]",1308.5,4.26806902885437
"[12, 1, 7, 16, 8, 5, 10, 2, 17, 18, 6, 4, 9, 13, 14, 15, 19, 11, 3, 0]",1308.5,"[12, 1, 7, 16, 8, 5, 10, 2, 17, 18, 6, 4, 9, 13, 14, 15, 19, 11, 3, 0]",1308.5,4.333071947097778
"[12, 1, 7, 16, 8, 5, 10, 2, 17, 18, 6, 4, 9, 13, 14, 15, 19, 11, 3, 0]",1308.5,"[12, 1, 7, 16, 8, 5, 10, 2, 17, 18, 6, 4, 9, 13, 14, 15, 19, 11, 3, 0]",1308.5,4.402069568634033
"[12, 1, 7, 16, 8, 5, 10, 2, 17, 18, 6, 4, 9, 13, 14, 15, 19, 11, 3, 0]",1308.5,"[12, 1, 7, 16, 8, 5, 10, 2, 17, 18, 6, 4, 9, 13, 14, 15, 19, 11, 3, 0]",1308.5,4.4700751304626465
"[12, 1, 7, 16, 8, 5, 10, 2, 17, 18, 6, 4, 9, 13, 14, 15, 19, 11, 3, 0]",1308.5,"[12, 1, 7, 16, 8, 5, 10, 2, 17, 18, 6, 4, 9, 13, 14, 15, 19, 11, 3, 0]",1308.5,4.536073923110962
"[12, 1, 7, 16, 8, 5, 10, 2, 17, 18, 6, 4, 9, 13, 14, 15, 19, 11, 3, 0]",1308.5,"[12, 1, 7, 16, 8, 5, 10, 2, 17, 18, 6, 4, 9, 13, 14, 15, 19, 11, 3, 0]",1308.5,4.601094484329224
"[12, 1, 7, 16, 8, 5, 10, 2, 17, 18, 6, 4, 9, 13, 14, 15, 19, 11, 3, 0]",1308.5,"[12, 1, 7, 16, 8, 5, 10, 2, 17, 18, 6, 4, 9, 13, 14, 15, 19, 11, 3, 0]",1308.5,4.668076992034912
"[12, 1, 7, 16, 8, 5, 10, 2, 17, 18, 6, 4, 9, 13, 14, 15, 19, 11, 3, 0]",1308.5,"[12, 1, 7, 16, 8, 5, 10, 2, 17, 18, 6, 4, 9, 13, 14, 15, 19, 11, 3, 0]",1308.5,4.7360780239105225
"[12, 1, 7, 16, 8, 5, 10, 2, 17, 18, 6, 4, 9, 13, 14, 15, 19, 11, 3, 0]",1308.5,"[12, 1, 7, 16, 8, 5, 10, 2, 17, 18, 6, 4, 9, 13, 14, 15, 19, 11, 3, 0]",1308.5,4.831109523773193
"[12, 1, 7, 16, 8, 5, 10, 2, 17, 18, 6, 4, 9, 13, 14, 15, 19, 11, 3, 0]",1308.5,"[12, 1, 7, 16, 8, 5, 10, 2, 17, 18, 6, 4, 9, 13, 14, 15, 19, 11, 3, 0]",1308.5,4.895080089569092
"[12, 1, 7, 16, 8, 5, 10, 2, 17, 18, 6, 4, 9, 13, 14, 15, 19, 11, 3, 0]",1308.5,"[12, 1, 7, 16, 8, 5, 10, 2, 17, 18, 6, 4, 9, 13, 14, 15, 19, 11, 3, 0]",1308.5,4.964080095291138
"[12, 1, 7, 16, 8, 5, 10, 2, 17, 18, 6, 4, 9, 13, 14, 15, 19, 11, 3, 0]",1308.5,"[12, 1, 7, 16, 8, 5, 10, 2, 17, 18, 6, 4, 9, 13, 14, 15, 19, 11, 3, 0]",1308.5,5.0300822257995605
"[12, 1, 7, 16, 8, 5, 10, 2, 17, 18, 6, 4, 9, 13, 14, 15, 19, 11, 3, 0]",1308.5,"[12, 1, 7, 16, 8, 5, 10, 2, 17, 18, 6, 4, 9, 13, 14, 15, 19, 11, 3, 0]",1308.5,5.095083951950073
"[12, 1, 7, 16, 8, 5, 10, 2, 17, 18, 6, 4, 9, 13, 14, 15, 19, 11, 3, 0]",1308.5,"[12, 1, 7, 16, 8, 5, 10, 2, 17, 18, 6, 4, 9, 13, 14, 15, 19, 11, 3, 0]",1308.5,5.162085294723511
"[12, 1, 7, 16, 8, 5, 10, 2, 17, 18, 6, 4, 9, 13, 14, 15, 19, 11, 3, 0]",1308.5,"[12, 1, 7, 16, 8, 5, 10, 2, 17, 18, 6, 4, 9, 13, 14, 15, 19, 11, 3, 0]",1308.5,5.2290871143341064
"[12, 1, 7, 16, 8, 5, 10, 2, 17, 18, 6, 4, 9, 13, 14, 15, 19, 11, 3, 0]",1308.5,"[12, 1, 7, 16, 8, 5, 10, 2, 17, 18, 6, 4, 9, 13, 14, 15, 19, 11, 3, 0]",1308.5,5.297086715698242
"[12, 1, 7, 16, 8, 5, 10, 2, 17, 18, 6, 4, 9, 13, 14, 15, 19, 11, 3, 0]",1308.5,"[12, 1, 7, 16, 8, 5, 10, 2, 17, 18, 6, 4, 9, 13, 14, 15, 19, 11, 3, 0]",1308.5,5.366113901138306
"[12, 1, 7, 16, 8, 5, 10, 2, 17, 18, 6, 4, 9, 13, 14, 15, 19, 11, 3, 0]",1308.5,"[12, 1, 7, 16, 8, 5, 10, 2, 17, 18, 6, 4, 9, 13, 14, 15, 19, 11, 3, 0]",1308.5,5.433089017868042
"[12, 1, 7, 16, 8, 5, 10, 2, 17, 18, 6, 4, 9, 13, 14, 15, 19, 11, 3, 0]",1308.5,"[12, 1, 7, 16, 8, 5, 10, 2, 17, 18, 6, 4, 9, 13, 14, 15, 19, 11, 3, 0]",1308.5,5.505086660385132
"[12, 1, 7, 16, 8, 5, 10, 2, 17, 18, 6, 4, 9, 13, 14, 15, 19, 11, 3, 0]",1308.5,"[12, 1, 7, 16, 8, 5, 10, 2, 17, 18, 6, 4, 9, 13, 14, 15, 19, 11, 3, 0]",1308.5,5.568137884140015
"[12, 1, 7, 16, 8, 5, 10, 2, 17, 18, 6, 4, 9, 13, 14, 15, 19, 11, 3, 0]",1308.5,"[12, 1, 7, 16, 8, 5, 10, 2, 17, 18, 6, 4, 9, 13, 14, 15, 19, 11, 3, 0]",1308.5,5.638096332550049
"[12, 1, 7, 16, 8, 5, 10, 2, 17, 18, 6, 4, 9, 13, 14, 15, 19, 11, 3, 0]",1308.5,"[12, 1, 7, 16, 8, 5, 10, 2, 17, 18, 6, 4, 9, 13, 14, 15, 19, 11, 3, 0]",1308.5,5.709092378616333
"[12, 7, 1, 16, 8, 5, 10, 2, 17, 18, 6, 4, 9, 13, 14, 15, 19, 11, 3, 0]",1305.5,"[12, 7, 1, 16, 8, 5, 10, 2, 17, 18, 6, 4, 9, 13, 14, 15, 19, 11, 3, 0]",1305.5,5.786107540130615
"[12, 7, 1, 16, 8, 5, 10, 2, 17, 18, 6, 4, 9, 13, 14, 15, 19, 11, 3, 0]",1305.5,"[12, 7, 1, 16, 8, 5, 10, 2, 17, 18, 6, 4, 9, 13, 14, 15, 19, 11, 3, 0]",1305.5,5.861097097396851
"[12, 7, 1, 16, 8, 5, 10, 2, 17, 18, 6, 4, 9, 13, 14, 15, 19, 11, 3, 0]",1305.5,"[12, 7, 1, 16, 8, 5, 10, 2, 17, 18, 6, 4, 9, 13, 14, 15, 19, 11, 3, 0]",1305.5,5.930100202560425
"[12, 7, 1, 16, 8, 5, 10, 2, 17, 18, 6, 4, 9, 13, 14, 15, 19, 11, 3, 0]",1305.5,"[12, 7, 1, 16, 8, 5, 10, 2, 17, 18, 6, 4, 9, 13, 14, 15, 19, 11, 3, 0]",1305.5,6.002100467681885
"[12, 7, 1, 16, 8, 5, 10, 2, 17, 18, 6, 4, 9, 13, 14, 15, 19, 11, 3, 0]",1305.5,"[12, 7, 1, 16, 8, 5, 10, 2, 17, 18, 6, 4, 9, 13, 14, 15, 19, 11, 3, 0]",1305.5,6.073096990585327
"[12, 7, 1, 16, 8, 5, 10, 2, 17, 18, 6, 4, 9, 13, 14, 15, 19, 11, 3, 0]",1305.5,"[12, 7, 1, 16, 8, 5, 10, 2, 17, 18, 6, 4, 9, 13, 14, 15, 19, 11, 3, 0]",1305.5,6.142100811004639
"[12, 7, 1, 16, 8, 5, 10, 2, 17, 18, 6, 4, 9, 13, 14, 15, 19, 11, 3, 0]",1305.5,"[12, 7, 1, 16, 8, 5, 10, 2, 17, 18, 6, 4, 9, 13, 14, 15, 19, 11, 3, 0]",1305.5,6.209108829498291
"[12, 7, 1, 16, 8, 5, 10, 2, 17, 18, 6, 4, 9, 13, 14, 15, 19, 11, 3, 0]",1305.5,"[12, 7, 1, 16, 8, 5, 10, 2, 17, 18, 6, 4, 9, 13, 14, 15, 19, 11, 3, 0]",1305.5,6.27710485458374
"[12, 7, 1, 16, 8, 5, 10, 2, 17, 18, 6, 4, 9, 13, 14, 15, 19, 11, 3, 0]",1305.5,"[12, 7, 1, 16, 8, 5, 10, 2, 17, 18, 6, 4, 9, 13, 14, 15, 19, 11, 3, 0]",1305.5,6.343103647232056
"[12, 7, 1, 16, 8, 5, 10, 2, 17, 18, 6, 4, 9, 13, 14, 15, 19, 11, 3, 0]",1305.5,"[12, 7, 1, 16, 8, 5, 10, 2, 17, 18, 6, 4, 9, 13, 14, 15, 19, 11, 3, 0]",1305.5,6.4121010303497314
"[12, 7, 1, 16, 8, 5, 10, 2, 17, 18, 6, 4, 9, 13, 14, 15, 19, 11, 3, 0]",1305.5,"[12, 7, 1, 16, 8, 5, 10, 2, 17, 18, 6, 4, 9, 13, 14, 15, 19, 11, 3, 0]",1305.5,6.481105804443359
"[12, 7, 1, 16, 8, 5, 10, 2, 17, 18, 6, 4, 9, 13, 14, 15, 19, 11, 3, 0]",1305.5,"[12, 7, 1, 16, 8, 5, 10, 2, 17, 18, 6, 4, 9, 13, 14, 15, 19, 11, 3, 0]",1305.5,6.551108121871948
"[12, 7, 1, 16, 8, 5, 10, 2, 17, 18, 6, 4, 9, 13, 14, 15, 19, 11, 3, 0]",1305.5,"[12, 7, 1, 16, 8, 5, 10, 2, 17, 18, 6, 4, 9, 13, 14, 15, 19, 11, 3, 0]",1305.5,6.624123811721802
"[12, 7, 1, 16, 8, 5, 10, 2, 17, 18, 6, 4, 9, 13, 14, 15, 19, 11, 3, 0]",1305.5,"[12, 7, 1, 16, 8, 5, 10, 2, 17, 18, 6, 4, 9, 13, 14, 15, 19, 11, 3, 0]",1305.5,6.691108226776123
"[12, 7, 1, 16, 8, 5, 10, 2, 17, 18, 6, 4, 9, 13, 14, 15, 19, 11, 3, 0]",1305.5,"[12, 7, 1, 16, 8, 5, 10, 2, 17, 18, 6, 4, 9, 13, 14, 15, 19, 11, 3, 0]",1305.5,6.758107423782349
"[12, 7, 1, 16, 8, 5, 10, 2, 17, 18, 6, 4, 9, 13, 14, 15, 19, 11, 3, 0]",1305.5,"[12, 7, 1, 16, 8, 5, 10, 2, 17, 18, 6, 4, 9, 13, 14, 15, 19, 11, 3, 0]",1305.5,6.820111274719238
"[12, 7, 1, 16, 8, 5, 10, 2, 17, 18, 6, 4, 9, 13, 14, 15, 19, 11, 3, 0]",1305.5,"[12, 7, 1, 16, 8, 5, 10, 2, 17, 18, 6, 4, 9, 13, 14, 15, 19, 11, 3, 0]",1305.5,6.886111497879028
"[12, 7, 1, 16, 8, 5, 10, 2, 17, 18, 6, 4, 9, 13, 14, 15, 19, 11, 3, 0]",1305.5,"[12, 7, 1, 16, 8, 5, 10, 2, 17, 18, 6, 4, 9, 13, 14, 15, 19, 11, 3, 0]",1305.5,6.953112602233887
"[12, 7, 1, 16, 8, 5, 10, 2, 17, 18, 6, 4, 9, 13, 14, 15, 19, 11, 3, 0]",1305.5,"[12, 7, 1, 16, 8, 5, 10, 2, 17, 18, 6, 4, 9, 13, 14, 15, 19, 11, 3, 0]",1305.5,7.021111249923706
"[12, 7, 1, 16, 8, 5, 10, 2, 17, 18, 6, 4, 9, 13, 14, 15, 19, 11, 3, 0]",1305.5,"[12, 7, 1, 16, 8, 5, 10, 2, 17, 18, 6, 4, 9, 13, 14, 15, 19, 11, 3, 0]",1305.5,7.092116355895996
"[12, 7, 1, 16, 8, 5, 10, 2, 17, 18, 6, 4, 9, 13, 14, 15, 19, 11, 3, 0]",1305.5,"[12, 7, 1, 16, 8, 5, 10, 2, 17, 18, 6, 4, 9, 13, 14, 15, 19, 11, 3, 0]",1305.5,7.163168430328369
"[12, 7, 1, 16, 8, 5, 10, 2, 17, 18, 6, 4, 9, 13, 14, 15, 19, 11, 3, 0]",1305.5,"[12, 7, 1, 16, 8, 5, 10, 2, 17, 18, 6, 4, 9, 13, 14, 15, 19, 11, 3, 0]",1305.5,7.234115839004517
"[12, 7, 1, 16, 8, 5, 10, 2, 17, 18, 6, 4, 9, 13, 14, 15, 19, 11, 3, 0]",1305.5,"[12, 7, 1, 16, 8, 5, 10, 2, 17, 18, 6, 4, 9, 13, 14, 15, 19, 11, 3, 0]",1305.5,7.306124687194824
"[12, 7, 1, 16, 8, 5, 10, 2, 17, 18, 6, 4, 9, 13, 14, 15, 19, 11, 3, 0]",1305.5,"[12, 7, 1, 16, 8, 5, 10, 2, 17, 18, 6, 4, 9, 13, 14, 15, 19, 11, 3, 0]",1305.5,7.375120401382446
"[12, 7, 1, 16, 8, 5, 10, 2, 17, 18, 6, 4, 9, 13, 14, 15, 19, 11, 3, 0]",1305.5,"[12, 7, 1, 16, 8, 5, 10, 2, 17, 18, 6, 4, 9, 13, 14, 15, 19, 11, 3, 0]",1305.5,7.44513201713562
"[12, 7, 1, 16, 8, 5, 10, 2, 17, 18, 6, 4, 9, 13, 14, 15, 19, 11, 3, 0]",1305.5,"[12, 7, 1, 16, 8, 5, 10, 2, 17, 18, 6, 4, 9, 13, 14, 15, 19, 11, 3, 0]",1305.5,7.513118267059326
"[12, 7, 1, 16, 8, 5, 10, 2, 17, 18, 6, 4, 9, 13, 14, 15, 19, 11, 3, 0]",1305.5,"[12, 7, 1, 16, 8, 5, 10, 2, 17, 18, 6, 4, 9, 13, 14, 15, 19, 11, 3, 0]",1305.5,7.579125881195068
"[12, 7, 1, 16, 8, 5, 10, 2, 17, 18, 6, 4, 9, 13, 14, 15, 19, 11, 3, 0]",1305.5,"[12, 7, 1, 16, 8, 5, 10, 2, 17, 18, 6, 4, 9, 13, 14, 15, 19, 11, 3, 0]",1305.5,7.642123222351074
"[12, 7, 1, 16, 8, 5, 10, 2, 17, 18, 6, 4, 9, 13, 14, 15, 19, 11, 3, 0]",1305.5,"[12, 7, 1, 16, 8, 5, 10, 2, 17, 18, 6, 4, 9, 13, 14, 15, 19, 11, 3, 0]",1305.5,7.7071533203125
"[12, 7, 1, 16, 8, 5, 10, 2, 17, 18, 6, 4, 9, 13, 14, 15, 19, 11, 3, 0]",1305.5,"[12, 7, 1, 16, 8, 5, 10, 2, 17, 18, 6, 4, 9, 13, 14, 15, 19, 11, 3, 0]",1305.5,7.7751405239105225
"[12, 7, 1, 16, 8, 5, 10, 2, 17, 18, 6, 4, 9, 13, 14, 15, 19, 11, 3, 0]",1305.5,"[12, 7, 1, 16, 8, 5, 10, 2, 17, 18, 6, 4, 9, 13, 14, 15, 19, 11, 3, 0]",1305.5,7.847127199172974
"[12, 7, 1, 16, 8, 5, 10, 2, 17, 18, 6, 4, 9, 13, 14, 15, 19, 11, 3, 0]",1305.5,"[12, 7, 1, 16, 8, 5, 10, 2, 17, 18, 6, 4, 9, 13, 14, 15, 19, 11, 3, 0]",1305.5,7.9151318073272705
"[12, 7, 1, 16, 8, 5, 10, 2, 17, 18, 6, 4, 9, 13, 14, 15, 19, 11, 3, 0]",1305.5,"[12, 7, 1, 16, 8, 5, 10, 2, 17, 18, 6, 4, 9, 13, 14, 15, 19, 11, 3, 0]",1305.5,7.979129791259766
"[12, 7, 1, 16, 8, 5, 10, 2, 17, 18, 6, 4, 9, 13, 14, 15, 19, 11, 3, 0]",1305.5,"[12, 7, 1, 16, 8, 5, 10, 2, 17, 18, 6, 4, 9, 13, 14, 15, 19, 11, 3, 0]",1305.5,8.04713249206543
"[12, 7, 1, 16, 8, 5, 10, 2, 17, 18, 6, 4, 9, 13, 14, 15, 19, 11, 3, 0]",1305.5,"[12, 7, 1, 16, 8, 5, 10, 2, 17, 18, 6, 4, 9, 13, 14, 15, 19, 11, 3, 0]",1305.5,8.110132217407227
"[12, 7, 1, 16, 8, 5, 10, 2, 17, 18, 6, 4, 9, 13, 14, 15, 19, 11, 3, 0]",1305.5,"[12, 7, 1, 16, 8, 5, 10, 2, 17, 18, 6, 4, 9, 13, 14, 15, 19, 11, 3, 0]",1305.5,8.176129341125488
"[12, 7, 1, 16, 8, 5, 10, 2, 17, 18, 6, 4, 9, 13, 14, 15, 19, 11, 3, 0]",1305.5,"[12, 7, 1, 16, 8, 5, 10, 2, 17, 18, 6, 4, 9, 13, 14, 15, 19, 11, 3, 0]",1305.5,8.245137929916382
"[12, 7, 1, 16, 8, 5, 10, 2, 17, 18, 6, 4, 9, 13, 14, 15, 19, 11, 3, 0]",1305.5,"[12, 7, 1, 16, 8, 5, 10, 2, 17, 18, 6, 4, 9, 13, 14, 15, 19, 11, 3, 0]",1305.5,8.31613564491272
"[12, 7, 1, 16, 8, 5, 10, 2, 17, 18, 6, 4, 9, 13, 14, 15, 19, 11, 3, 0]",1305.5,"[12, 7, 1, 16, 8, 5, 10, 2, 17, 18, 6, 4, 9, 13, 14, 15, 19, 11, 3, 0]",1305.5,8.385133504867554
"[12, 7, 1, 16, 8, 5, 10, 2, 17, 18, 6, 4, 9, 13, 14, 15, 19, 11, 3, 0]",1305.5,"[12, 7, 1, 16, 8, 5, 10, 2, 17, 18, 6, 4, 9, 13, 14, 15, 19, 11, 3, 0]",1305.5,8.453200578689575
"[12, 7, 1, 16, 8, 5, 10, 2, 17, 18, 6, 4, 9, 13, 14, 15, 19, 11, 3, 0]",1305.5,"[12, 7, 1, 16, 8, 5, 10, 2, 17, 18, 6, 4, 9, 13, 14, 15, 19, 11, 3, 0]",1305.5,8.522139072418213
"[12, 7, 1, 16, 8, 5, 10, 2, 17, 18, 6, 4, 9, 13, 14, 15, 19, 11, 3, 0]",1305.5,"[12, 7, 1, 16, 8, 5, 10, 2, 17, 18, 6, 4, 9, 13, 14, 15, 19, 11, 3, 0]",1305.5,8.594141960144043
"[12, 7, 1, 16, 8, 5, 10, 2, 17, 18, 6, 4, 9, 13, 14, 15, 19, 11, 3, 0]",1305.5,"[12, 7, 1, 16, 8, 5, 10, 2, 17, 18, 6, 4, 9, 13, 14, 15, 19, 11, 3, 0]",1305.5,8.662141561508179
"[12, 7, 1, 16, 8, 5, 10, 2, 17, 18, 6, 4, 9, 13, 14, 15, 19, 11, 3, 0]",1305.5,"[12, 7, 1, 16, 8, 5, 10, 2, 17, 18, 6, 4, 9, 13, 14, 15, 19, 11, 3, 0]",1305.5,8.74214482307434
"[12, 7, 1, 16, 8, 5, 10, 2, 17, 18, 6, 4, 9, 13, 14, 15, 19, 11, 3, 0]",1305.5,"[12, 7, 1, 16, 8, 5, 10, 2, 17, 18, 6, 4, 9, 13, 14, 15, 19, 11, 3, 0]",1305.5,8.848142147064209
"[12, 7, 1, 16, 8, 5, 10, 2, 17, 18, 6, 4, 9, 13, 14, 15, 19, 11, 3, 0]",1305.5,"[12, 7, 1, 16, 8, 5, 10, 2, 17, 18, 6, 4, 9, 13, 14, 15, 19, 11, 3, 0]",1305.5,8.91814374923706
"[12, 7, 1, 16, 8, 5, 10, 2, 17, 18, 6, 4, 9, 13, 14, 15, 19, 11, 3, 0]",1305.5,"[12, 7, 1, 16, 8, 5, 10, 2, 17, 18, 6, 4, 9, 13, 14, 15, 19, 11, 3, 0]",1305.5,8.987142324447632
"[12, 7, 1, 16, 8, 5, 10, 2, 17, 18, 6, 4, 9, 13, 14, 15, 19, 11, 3, 0]",1305.5,"[12, 7, 1, 16, 8, 5, 10, 2, 17, 18, 6, 4, 9, 13, 14, 15, 19, 11, 3, 0]",1305.5,9.056172609329224
"[12, 7, 1, 16, 8, 5, 10, 2, 17, 18, 6, 4, 9, 13, 14, 15, 19, 11, 3, 0]",1305.5,"[12, 7, 1, 16, 8, 5, 10, 2, 17, 18, 6, 4, 9, 13, 14, 15, 19, 11, 3, 0]",1305.5,9.126147031784058
"[12, 7, 1, 16, 8, 5, 10, 2, 17, 18, 6, 4, 9, 13, 14, 15, 19, 11, 3, 0]",1305.5,"[12, 7, 1, 16, 8, 5, 10, 2, 17, 18, 6, 4, 9, 13, 14, 15, 19, 11, 3, 0]",1305.5,9.195149660110474
"[12, 7, 1, 16, 8, 5, 10, 2, 17, 18, 6, 4, 9, 13, 14, 15, 19, 11, 3, 0]",1305.5,"[12, 7, 1, 16, 8, 5, 10, 2, 17, 18, 6, 4, 9, 13, 14, 15, 19, 11, 3, 0]",1305.5,9.261150598526001
"[12, 7, 1, 16, 8, 5, 10, 2, 17, 18, 6, 4, 9, 13, 14, 15, 19, 11, 3, 0]",1305.5,"[12, 7, 1, 16, 8, 5, 10, 2, 17, 18, 6, 4, 9, 13, 14, 15, 19, 11, 3, 0]",1305.5,9.329151630401611
"[12, 7, 1, 16, 8, 5, 10, 2, 17, 18, 6, 4, 9, 13, 14, 15, 19, 11, 3, 0]",1305.5,"[12, 7, 1, 16, 8, 5, 10, 2, 17, 18, 6, 4, 9, 13, 14, 15, 19, 11, 3, 0]",1305.5,9.398149967193604
"[12, 7, 1, 16, 8, 5, 10, 2, 17, 18, 6, 4, 9, 13, 14, 15, 19, 11, 3, 0]",1305.5,"[12, 7, 1, 16, 8, 5, 10, 2, 17, 18, 6, 4, 9, 13, 14, 15, 19, 11, 3, 0]",1305.5,9.465153455734253
"[12, 7, 1, 16, 8, 5, 10, 2, 17, 18, 6, 4, 9, 13, 14, 15, 19, 11, 3, 0]",1305.5,"[12, 7, 1, 16, 8, 5, 10, 2, 17, 18, 6, 4, 9, 13, 14, 15, 19, 11, 3, 0]",1305.5,9.533151149749756
"[12, 7, 1, 16, 8, 5, 10, 2, 17, 18, 6, 4, 9, 13, 14, 15, 19, 11, 3, 0]",1305.5,"[12, 7, 1, 16, 8, 5, 10, 2, 17, 18, 6, 4, 9, 13, 14, 15, 19, 11, 3, 0]",1305.5,9.603159427642822
"[12, 7, 1, 16, 8, 5, 10, 2, 17, 18, 6, 4, 9, 13, 14, 15, 19, 11, 3, 0]",1305.5,"[12, 7, 1, 16, 8, 5, 10, 2, 17, 18, 6, 4, 9, 13, 14, 15, 19, 11, 3, 0]",1305.5,9.669155836105347
"[12, 7, 1, 16, 8, 5, 10, 2, 17, 18, 6, 4, 9, 13, 14, 15, 19, 11, 3, 0]",1305.5,"[12, 7, 1, 16, 8, 5, 10, 2, 17, 18, 6, 4, 9, 13, 14, 15, 19, 11, 3, 0]",1305.5,9.73716139793396
"[12, 7, 1, 16, 8, 5, 10, 2, 17, 18, 6, 4, 9, 13, 14, 15, 19, 11, 3, 0]",1305.5,"[12, 7, 1, 16, 8, 5, 10, 2, 17, 18, 6, 4, 9, 13, 14, 15, 19, 11, 3, 0]",1305.5,9.803157567977905
"[12, 7, 1, 16, 8, 5, 10, 2, 17, 18, 6, 4, 9, 13, 14, 15, 19, 11, 3, 0]",1305.5,"[12, 7, 1, 16, 8, 5, 10, 2, 17, 18, 6, 4, 9, 13, 14, 15, 19, 11, 3, 0]",1305.5,9.873156547546387
"[12, 7, 1, 16, 8, 5, 10, 2, 17, 18, 6, 4, 9, 13, 14, 15, 19, 11, 3, 0]",1305.5,"[12, 7, 1, 16, 8, 5, 10, 2, 17, 18, 6, 4, 9, 13, 14, 15, 19, 11, 3, 0]",1305.5,9.945159435272217
"[12, 7, 1, 16, 8, 5, 10, 2, 17, 18, 6, 4, 9, 13, 14, 15, 19, 11, 3, 0]",1305.5,"[12, 7, 1, 16, 8, 5, 10, 2, 17, 18, 6, 4, 9, 13, 14, 15, 19, 11, 3, 0]",1305.5,10.014157772064209
"[12, 7, 1, 16, 8, 5, 10, 2, 17, 18, 6, 4, 9, 13, 14, 15, 19, 11, 3, 0]",1305.5,"[12, 7, 1, 16, 8, 5, 10, 2, 17, 18, 6, 4, 9, 13, 14, 15, 19, 11, 3, 0]",1305.5,10.084165096282959
"[12, 7, 1, 16, 8, 5, 10, 2, 17, 18, 6, 4, 9, 13, 14, 15, 19, 11, 3, 0]",1305.5,"[12, 7, 1, 16, 8, 5, 10, 2, 17, 18, 6, 4, 9, 13, 14, 15, 19, 11, 3, 0]",1305.5,10.151165008544922
"[12, 7, 1, 16, 8, 5, 10, 2, 17, 18, 6, 4, 9, 13, 14, 15, 19, 11, 3, 0]",1305.5,"[12, 7, 1, 16, 8, 5, 10, 2, 17, 18, 6, 4, 9, 13, 14, 15, 19, 11, 3, 0]",1305.5,10.22016167640686
"[12, 7, 1, 16, 8, 5, 10, 2, 17, 18, 6, 4, 9, 13, 14, 15, 19, 11, 3, 0]",1305.5,"[12, 7, 1, 16, 8, 5, 10, 2, 17, 18, 6, 4, 9, 13, 14, 15, 19, 11, 3, 0]",1305.5,10.286164283752441
"[12, 7, 1, 16, 8, 5, 10, 2, 17, 18, 6, 4, 9, 13, 14, 15, 19, 11, 3, 0]",1305.5,"[12, 7, 1, 16, 8, 5, 10, 2, 17, 18, 6, 4, 9, 13, 14, 15, 19, 11, 3, 0]",1305.5,10.352164506912231
"[12, 7, 1, 16, 8, 5, 10, 2, 17, 18, 6, 4, 9, 13, 14, 15, 19, 11, 3, 0]",1305.5,"[12, 7, 1, 16, 8, 5, 10, 2, 17, 18, 6, 4, 9, 13, 14, 15, 19, 11, 3, 0]",1305.5,10.42316484451294
"[12, 7, 1, 16, 8, 5, 10, 2, 17, 18, 6, 4, 9, 13, 14, 15, 19, 11, 3, 0]",1305.5,"[12, 7, 1, 16, 8, 5, 10, 2, 17, 18, 6, 4, 9, 13, 14, 15, 19, 11, 3, 0]",1305.5,10.497167110443115
"[12, 7, 1, 16, 8, 5, 10, 2, 17, 18, 6, 4, 9, 13, 14, 15, 19, 11, 3, 0]",1305.5,"[12, 7, 1, 16, 8, 5, 10, 2, 17, 18, 6, 4, 9, 13, 14, 15, 19, 11, 3, 0]",1305.5,10.563185691833496
"[12, 7, 1, 16, 8, 5, 10, 2, 17, 18, 6, 4, 9, 13, 14, 15, 19, 11, 3, 0]",1305.5,"[12, 7, 1, 16, 8, 5, 10, 2, 17, 18, 6, 4, 9, 13, 14, 15, 19, 11, 3, 0]",1305.5,10.629170656204224
"[12, 7, 1, 16, 8, 5, 10, 2, 17, 18, 6, 4, 9, 13, 14, 15, 19, 11, 3, 0]",1305.5,"[12, 7, 1, 16, 8, 5, 10, 2, 17, 18, 6, 4, 9, 13, 14, 15, 19, 11, 3, 0]",1305.5,10.697176694869995
"[12, 7, 1, 16, 8, 5, 10, 2, 17, 18, 6, 4, 9, 13, 14, 15, 19, 11, 3, 0]",1305.5,"[12, 7, 1, 16, 8, 5, 10, 2, 17, 18, 6, 4, 9, 13, 14, 15, 19, 11, 3, 0]",1305.5,10.765175580978394
"[12, 7, 1, 16, 8, 5, 10, 2, 17, 18, 6, 4, 9, 13, 14, 15, 19, 11, 3, 0]",1305.5,"[12, 7, 1, 16, 8, 5, 10, 2, 17, 18, 6, 4, 9, 13, 14, 15, 19, 11, 3, 0]",1305.5,10.83118462562561
"[12, 7, 1, 16, 8, 5, 10, 2, 17, 18, 6, 4, 9, 13, 14, 15, 19, 11, 3, 0]",1305.5,"[12, 7, 1, 16, 8, 5, 10, 2, 17, 18, 6, 4, 9, 13, 14, 15, 19, 11, 3, 0]",1305.5,10.897171974182129
"[12, 7, 1, 16, 8, 5, 10, 2, 17, 18, 6, 4, 9, 13, 14, 15, 19, 11, 3, 0]",1305.5,"[12, 7, 1, 16, 8, 5, 10, 2, 17, 18, 6, 4, 9, 13, 14, 15, 19, 11, 3, 0]",1305.5,10.96117353439331
"[12, 7, 1, 16, 8, 5, 10, 2, 17, 18, 6, 4, 9, 13, 14, 15, 19, 11, 3, 0]",1305.5,"[12, 7, 1, 16, 8, 5, 10, 2, 17, 18, 6, 4, 9, 13, 14, 15, 19, 11, 3, 0]",1305.5,11.02817988395691
"[12, 7, 1, 16, 8, 5, 10, 2, 17, 18, 6, 4, 9, 13, 14, 15, 19, 11, 3, 0]",1305.5,"[12, 7, 1, 16, 8, 5, 10, 2, 17, 18, 6, 4, 9, 13, 14, 15, 19, 11, 3, 0]",1305.5,11.098184823989868
"[12, 7, 1, 16, 8, 5, 10, 2, 17, 18, 6, 4, 9, 13, 14, 15, 19, 11, 3, 0]",1305.5,"[12, 7, 1, 16, 8, 5, 10, 2, 17, 18, 6, 4, 9, 13, 14, 15, 19, 11, 3, 0]",1305.5,11.166181087493896
"[12, 7, 1, 16, 8, 5, 10, 2, 17, 18, 6, 4, 9, 13, 14, 15, 19, 11, 3, 0]",1305.5,"[12, 7, 1, 16, 8, 5, 10, 2, 17, 18, 6, 4, 9, 13, 14, 15, 19, 11, 3, 0]",1305.5,11.228182077407837
"[12, 7, 1, 16, 8, 5, 10, 2, 17, 18, 6, 4, 9, 13, 14, 15, 19, 11, 3, 0]",1305.5,"[12, 7, 1, 16, 8, 5, 10, 2, 17, 18, 6, 4, 9, 13, 14, 15, 19, 11, 3, 0]",1305.5,11.29418134689331
"[12, 7, 1, 16, 8, 5, 10, 2, 17, 18, 6, 4, 9, 13, 14, 15, 19, 11, 3, 0]",1305.5,"[12, 7, 1, 16, 8, 5, 10, 2, 17, 18, 6, 4, 9, 13, 14, 15, 19, 11, 3, 0]",1305.5,11.362179279327393
"[12, 7, 1, 16, 8, 5, 10, 2, 17, 18, 6, 4, 9, 13, 14, 15, 19, 11, 3, 0]",1305.5,"[12, 7, 1, 16, 8, 5, 10, 2, 17, 18, 6, 4, 9, 13, 14, 15, 19, 11, 3, 0]",1305.5,11.43018388748169
"[12, 7, 1, 16, 8, 5, 10, 2, 17, 18, 6, 4, 9, 13, 14, 15, 19, 11, 3, 0]",1305.5,"[12, 7, 1, 16, 8, 5, 10, 2, 17, 18, 6, 4, 9, 13, 14, 15, 19, 11, 3, 0]",1305.5,11.500183582305908
"[12, 7, 1, 16, 8, 5, 10, 2, 17, 18, 6, 4, 9, 13, 14, 15, 19, 11, 3, 0]",1305.5,"[12, 7, 1, 16, 8, 5, 10, 2, 17, 18, 6, 4, 9, 13, 14, 15, 19, 11, 3, 0]",1305.5,11.569185256958008
"[12, 7, 1, 16, 8, 5, 10, 2, 17, 18, 6, 4, 9, 13, 14, 15, 19, 11, 3, 0]",1305.5,"[12, 7, 1, 16, 8, 5, 10, 2, 17, 18, 6, 4, 9, 13, 14, 15, 19, 11, 3, 0]",1305.5,11.637181520462036
"[12, 7, 1, 16, 8, 5, 10, 2, 17, 18, 6, 4, 9, 13, 14, 15, 19, 11, 3, 0]",1305.5,"[12, 7, 1, 16, 8, 5, 10, 2, 17, 18, 6, 4, 9, 13, 14, 15, 19, 11, 3, 0]",1305.5,11.709186792373657
"[12, 7, 1, 16, 8, 5, 10, 2, 17, 18, 6, 4, 9, 13, 14, 15, 19, 11, 3, 0]",1305.5,"[12, 7, 1, 16, 8, 5, 10, 2, 17, 18, 6, 4, 9, 13, 14, 15, 19, 11, 3, 0]",1305.5,11.779190301895142
"[12, 7, 1, 16, 8, 5, 10, 2, 17, 18, 6, 4, 9, 13, 14, 15, 19, 11, 3, 0]",1305.5,"[12, 7, 1, 16, 8, 5, 10, 2, 17, 18, 6, 4, 9, 13, 14, 15, 19, 11, 3, 0]",1305.5,11.843186616897583
"[12, 7, 1, 16, 8, 5, 10, 2, 17, 18, 6, 4, 9, 13, 14, 15, 19, 11, 3, 0]",1305.5,"[12, 7, 1, 16, 8, 5, 10, 2, 17, 18, 6, 4, 9, 13, 14, 15, 19, 11, 3, 0]",1305.5,11.913190126419067
"[12, 7, 1, 16, 8, 5, 10, 2, 17, 18, 6, 4, 9, 13, 14, 15, 19, 11, 3, 0]",1305.5,"[12, 7, 1, 16, 8, 5, 10, 2, 17, 18, 6, 4, 9, 13, 14, 15, 19, 11, 3, 0]",1305.5,11.98319125175476
"[12, 7, 1, 16, 8, 5, 10, 2, 17, 18, 6, 4, 9, 13, 14, 15, 19, 11, 3, 0]",1305.5,"[12, 7, 1, 16, 8, 5, 10, 2, 17, 18, 6, 4, 9, 13, 14, 15, 19, 11, 3, 0]",1305.5,12.053194761276245
"[12, 7, 1, 16, 8, 5, 10, 2, 17, 18, 6, 4, 9, 13, 14, 15, 19, 11, 3, 0]",1305.5,"[12, 7, 1, 16, 8, 5, 10, 2, 17, 18, 6, 4, 9, 13, 14, 15, 19, 11, 3, 0]",1305.5,12.124192953109741
"[12, 7, 1, 16, 8, 5, 10, 2, 17, 18, 6, 4, 9, 13, 14, 15, 19, 11, 3, 0]",1305.5,"[12, 7, 1, 16, 8, 5, 10, 2, 17, 18, 6, 4, 9, 13, 14, 15, 19, 11, 3, 0]",1305.5,12.194194555282593
"[12, 7, 1, 16, 8, 5, 10, 2, 17, 18, 6, 4, 9, 13, 14, 15, 19, 11, 3, 0]",1305.5,"[12, 7, 1, 16, 8, 5, 10, 2, 17, 18, 6, 4, 9, 13, 14, 15, 19, 11, 3, 0]",1305.5,12.265196561813354
"[12, 7, 1, 16, 8, 5, 10, 2, 17, 18, 6, 4, 9, 13, 14, 15, 19, 11, 3, 0]",1305.5,"[12, 7, 1, 16, 8, 5, 10, 2, 17, 18, 6, 4, 9, 13, 14, 15, 19, 11, 3, 0]",1305.5,12.349380016326904
"[12, 7, 1, 16, 8, 5, 10, 2, 17, 18, 6, 4, 9, 13, 14, 15, 19, 11, 3, 0]",1305.5,"[12, 7, 1, 16, 8, 5, 10, 2, 17, 18, 6, 4, 9, 13, 14, 15, 19, 11, 3, 0]",1305.5,12.428200244903564
"[12, 7, 1, 16, 8, 5, 10, 2, 17, 18, 6, 4, 9, 13, 14, 15, 19, 11, 3, 0]",1305.5,"[12, 7, 1, 16, 8, 5, 10, 2, 17, 18, 6, 4, 9, 13, 14, 15, 19, 11, 3, 0]",1305.5,12.496202230453491
"[12, 7, 1, 16, 8, 5, 10, 2, 17, 18, 6, 4, 9, 13, 14, 15, 19, 11, 3, 0]",1305.5,"[12, 7, 1, 16, 8, 5, 10, 2, 17, 18, 6, 4, 9, 13, 14, 15, 19, 11, 3, 0]",1305.5,12.564200162887573
"[12, 7, 1, 16, 8, 5, 10, 2, 17, 18, 6, 4, 9, 13, 14, 15, 19, 11, 3, 0]",1305.5,"[12, 7, 1, 16, 8, 5, 10, 2, 17, 18, 6, 4, 9, 13, 14, 15, 19, 11, 3, 0]",1305.5,12.633203029632568
"[12, 7, 1, 16, 8, 5, 10, 2, 17, 18, 6, 4, 9, 13, 14, 15, 19, 11, 3, 0]",1305.5,"[12, 7, 1, 16, 8, 5, 10, 2, 17, 18, 6, 4, 9, 13, 14, 15, 19, 11, 3, 0]",1305.5,12.702201843261719
"[12, 7, 1, 16, 8, 5, 10, 2, 17, 18, 6, 4, 9, 13, 14, 15, 19, 11, 3, 0]",1305.5,"[12, 7, 1, 16, 8, 5, 10, 2, 17, 18, 6, 4, 9, 13, 14, 15, 19, 11, 3, 0]",1305.5,12.769208669662476
"[12, 7, 1, 16, 8, 5, 10, 2, 17, 18, 6, 4, 9, 13, 14, 15, 19, 11, 3, 0]",1305.5,"[12, 7, 1, 16, 8, 5, 10, 2, 17, 18, 6, 4, 9, 13, 14, 15, 19, 11, 3, 0]",1305.5,12.835205078125
"[12, 7, 1, 16, 8, 5, 10, 2, 17, 18, 6, 4, 9, 13, 14, 15, 19, 11, 3, 0]",1305.5,"[12, 7, 1, 16, 8, 5, 10, 2, 17, 18, 6, 4, 9, 13, 14, 15, 19, 11, 3, 0]",1305.5,12.932205200195312
"[12, 7, 1, 16, 8, 5, 10, 2, 17, 18, 6, 4, 9, 13, 14, 15, 19, 11, 3, 0]",1305.5,"[12, 7, 1, 16, 8, 5, 10, 2, 17, 18, 6, 4, 9, 13, 14, 15, 19, 11, 3, 0]",1305.5,13.002204895019531
"[12, 7, 1, 16, 8, 5, 10, 2, 17, 18, 6, 4, 9, 13, 14, 15, 19, 11, 3, 0]",1305.5,"[12, 7, 1, 16, 8, 5, 10, 2, 17, 18, 6, 4, 9, 13, 14, 15, 19, 11, 3, 0]",1305.5,13.067201137542725
"[12, 7, 1, 16, 8, 5, 10, 2, 17, 18, 6, 4, 9, 13, 14, 15, 19, 11, 3, 0]",1305.5,"[12, 7, 1, 16, 8, 5, 10, 2, 17, 18, 6, 4, 9, 13, 14, 15, 19, 11, 3, 0]",1305.5,13.140206336975098
"[12, 7, 1, 16, 8, 5, 10, 2, 17, 18, 6, 4, 9, 13, 14, 15, 19, 11, 3, 0]",1305.5,"[12, 7, 1, 16, 8, 5, 10, 2, 17, 18, 6, 4, 9, 13, 14, 15, 19, 11, 3, 0]",1305.5,13.210216760635376
"[12, 7, 1, 16, 8, 5, 10, 2, 17, 18, 6, 4, 9, 13, 14, 15, 19, 11, 3, 0]",1305.5,"[12, 7, 1, 16, 8, 5, 10, 2, 17, 18, 6, 4, 9, 13, 14, 15, 19, 11, 3, 0]",1305.5,13.275799751281738
"[12, 7, 1, 16, 8, 5, 10, 2, 17, 18, 6, 4, 9, 13, 14, 15, 19, 11, 3, 0]",1305.5,"[12, 7, 1, 16, 8, 5, 10, 2, 17, 18, 6, 4, 9, 13, 14, 15, 19, 11, 3, 0]",1305.5,13.344801425933838
"[12, 7, 1, 16, 8, 5, 10, 2, 17, 18, 6, 4, 9, 13, 14, 15, 19, 11, 3, 0]",1305.5,"[12, 7, 1, 16, 8, 5, 10, 2, 17, 18, 6, 4, 9, 13, 14, 15, 19, 11, 3, 0]",1305.5,13.411804676055908
"[12, 7, 1, 16, 8, 5, 10, 2, 17, 18, 6, 4, 9, 13, 14, 15, 19, 11, 3, 0]",1305.5,"[12, 7, 1, 16, 8, 5, 10, 2, 17, 18, 6, 4, 9, 13, 14, 15, 19, 11, 3, 0]",1305.5,13.487529754638672
"[12, 7, 1, 16, 8, 5, 10, 2, 17, 18, 6, 4, 9, 13, 14, 15, 19, 11, 3, 0]",1305.5,"[12, 7, 1, 16, 8, 5, 10, 2, 17, 18, 6, 4, 9, 13, 14, 15, 19, 11, 3, 0]",1305.5,13.556535243988037
"[12, 7, 1, 16, 8, 5, 10, 2, 17, 18, 6, 4, 9, 13, 14, 15, 19, 11, 3, 0]",1305.5,"[12, 7, 1, 16, 8, 5, 10, 2, 17, 18, 6, 4, 9, 13, 14, 15, 19, 11, 3, 0]",1305.5,13.626533508300781
"[12, 7, 1, 16, 8, 5, 10, 2, 17, 18, 6, 4, 9, 13, 14, 15, 19, 11, 3, 0]",1305.5,"[12, 7, 1, 16, 8, 5, 10, 2, 17, 18, 6, 4, 9, 13, 14, 15, 19, 11, 3, 0]",1305.5,13.69654107093811
"[12, 7, 1, 16, 8, 5, 10, 2, 17, 18, 6, 4, 9, 13, 14, 15, 19, 11, 3, 0]",1305.5,"[12, 7, 1, 16, 8, 5, 10, 2, 17, 18, 6, 4, 9, 13, 14, 15, 19, 11, 3, 0]",1305.5,13.76553750038147
"[12, 7, 1, 16, 8, 5, 10, 2, 17, 18, 6, 4, 9, 13, 14, 15, 19, 11, 3, 0]",1305.5,"[12, 7, 1, 16, 8, 5, 10, 2, 17, 18, 6, 4, 9, 13, 14, 15, 19, 11, 3, 0]",1305.5,13.83553695678711
