Sequence,Fitness,Best_sequence,Best_fitness,Time
"[2, 31, 3, 21, 27, 29, 22, 39, 19, 26, 32, 17, 30, 36, 33, 28, 4, 14, 10, 35, 23, 24, 34, 20, 18, 25, 6, 13, 7, 38, 1, 16, 0, 15, 5, 11, 9, 8, 12, 37]",1610,"[2, 31, 3, 21, 27, 29, 22, 39, 19, 26, 32, 17, 30, 36, 33, 28, 4, 14, 10, 35, 23, 24, 34, 20, 18, 25, 6, 13, 7, 38, 1, 16, 0, 15, 5, 11, 9, 8, 12, 37]",1610,0.00012993812561035156
"[2, 31, 3, 21, 27, 29, 22, 39, 19, 26, 32, 17, 30, 36, 33, 28, 4, 14, 10, 35, 23, 24, 34, 20, 18, 25, 6, 13, 7, 38, 1, 16, 0, 15, 5, 11, 9, 8, 12, 37]",1610,"[2, 31, 3, 21, 27, 29, 22, 39, 19, 26, 32, 17, 30, 36, 33, 28, 4, 14, 10, 35, 23, 24, 34, 20, 18, 25, 6, 13, 7, 38, 1, 16, 0, 15, 5, 11, 9, 8, 12, 37]",1610,0.043612003326416016
"[2, 31, 3, 21, 27, 29, 22, 39, 19, 26, 32, 17, 30, 36, 33, 28, 4, 14, 10, 35, 23, 24, 34, 20, 18, 25, 6, 13, 7, 38, 1, 16, 0, 15, 5, 11, 9, 8, 12, 37]",1610,"[2, 31, 3, 21, 27, 29, 22, 39, 19, 26, 32, 17, 30, 36, 33, 28, 4, 14, 10, 35, 23, 24, 34, 20, 18, 25, 6, 13, 7, 38, 1, 16, 0, 15, 5, 11, 9, 8, 12, 37]",1610,0.08625507354736328
"[2, 31, 3, 21, 27, 29, 22, 39, 19, 26, 32, 17, 30, 36, 33, 28, 4, 14, 10, 35, 23, 24, 34, 20, 18, 25, 6, 13, 7, 38, 1, 16, 0, 15, 5, 11, 9, 8, 12, 37]",1610,"[2, 31, 3, 21, 27, 29, 22, 39, 19, 26, 32, 17, 30, 36, 33, 28, 4, 14, 10, 35, 23, 24, 34, 20, 18, 25, 6, 13, 7, 38, 1, 16, 0, 15, 5, 11, 9, 8, 12, 37]",1610,0.12990212440490723
"[2, 31, 3, 21, 27, 29, 22, 39, 19, 26, 32, 17, 30, 36, 33, 28, 4, 14, 10, 35, 23, 24, 34, 20, 18, 25, 6, 13, 7, 38, 1, 16, 0, 15, 5, 11, 9, 8, 12, 37]",1610,"[2, 31, 3, 21, 27, 29, 22, 39, 19, 26, 32, 17, 30, 36, 33, 28, 4, 14, 10, 35, 23, 24, 34, 20, 18, 25, 6, 13, 7, 38, 1, 16, 0, 15, 5, 11, 9, 8, 12, 37]",1610,0.17342519760131836
"[2, 31, 3, 21, 27, 29, 22, 39, 19, 26, 32, 17, 30, 36, 33, 28, 4, 14, 10, 35, 23, 24, 34, 20, 18, 25, 6, 13, 7, 38, 1, 16, 0, 15, 5, 11, 9, 8, 12, 37]",1610,"[2, 31, 3, 21, 27, 29, 22, 39, 19, 26, 32, 17, 30, 36, 33, 28, 4, 14, 10, 35, 23, 24, 34, 20, 18, 25, 6, 13, 7, 38, 1, 16, 0, 15, 5, 11, 9, 8, 12, 37]",1610,0.21658897399902344
"[2, 31, 3, 21, 27, 29, 22, 39, 19, 26, 32, 17, 30, 36, 33, 28, 4, 14, 10, 35, 23, 24, 34, 20, 18, 25, 6, 13, 7, 38, 1, 16, 0, 15, 5, 11, 9, 8, 12, 37]",1610,"[2, 31, 3, 21, 27, 29, 22, 39, 19, 26, 32, 17, 30, 36, 33, 28, 4, 14, 10, 35, 23, 24, 34, 20, 18, 25, 6, 13, 7, 38, 1, 16, 0, 15, 5, 11, 9, 8, 12, 37]",1610,0.2600691318511963
"[2, 31, 3, 21, 27, 29, 22, 39, 19, 26, 32, 17, 30, 36, 33, 28, 4, 14, 10, 35, 23, 24, 34, 20, 18, 25, 6, 13, 7, 38, 1, 16, 0, 15, 5, 11, 9, 8, 12, 37]",1610,"[2, 31, 3, 21, 27, 29, 22, 39, 19, 26, 32, 17, 30, 36, 33, 28, 4, 14, 10, 35, 23, 24, 34, 20, 18, 25, 6, 13, 7, 38, 1, 16, 0, 15, 5, 11, 9, 8, 12, 37]",1610,0.30256199836730957
"[2, 31, 3, 21, 27, 29, 22, 39, 19, 26, 32, 17, 30, 36, 33, 28, 4, 14, 10, 35, 23, 24, 34, 20, 18, 25, 6, 13, 7, 38, 1, 16, 0, 15, 5, 11, 9, 8, 12, 37]",1610,"[2, 31, 3, 21, 27, 29, 22, 39, 19, 26, 32, 17, 30, 36, 33, 28, 4, 14, 10, 35, 23, 24, 34, 20, 18, 25, 6, 13, 7, 38, 1, 16, 0, 15, 5, 11, 9, 8, 12, 37]",1610,0.34511303901672363
"[2, 31, 3, 21, 27, 29, 22, 39, 19, 26, 32, 17, 30, 36, 33, 28, 4, 14, 10, 35, 23, 24, 34, 20, 18, 25, 6, 13, 7, 38, 1, 16, 0, 15, 5, 11, 9, 8, 12, 37]",1610,"[2, 31, 3, 21, 27, 29, 22, 39, 19, 26, 32, 17, 30, 36, 33, 28, 4, 14, 10, 35, 23, 24, 34, 20, 18, 25, 6, 13, 7, 38, 1, 16, 0, 15, 5, 11, 9, 8, 12, 37]",1610,0.38808703422546387
"[28, 31, 3, 21, 27, 29, 22, 39, 19, 26, 32, 17, 30, 36, 33, 2, 4, 14, 10, 35, 23, 24, 34, 20, 18, 25, 6, 13, 7, 38, 1, 16, 0, 15, 5, 11, 9, 8, 12, 37]",1598,"[28, 31, 3, 21, 27, 29, 22, 39, 19, 26, 32, 17, 30, 36, 33, 2, 4, 14, 10, 35, 23, 24, 34, 20, 18, 25, 6, 13, 7, 38, 1, 16, 0, 15, 5, 11, 9, 8, 12, 37]",1598,0.43025898933410645
"[28, 31, 3, 21, 27, 29, 22, 39, 19, 26, 32, 17, 30, 36, 33, 2, 4, 14, 10, 35, 23, 24, 34, 20, 18, 25, 6, 13, 7, 38, 1, 16, 0, 15, 5, 11, 9, 8, 12, 37]",1598,"[28, 31, 3, 21, 27, 29, 22, 39, 19, 26, 32, 17, 30, 36, 33, 2, 4, 14, 10, 35, 23, 24, 34, 20, 18, 25, 6, 13, 7, 38, 1, 16, 0, 15, 5, 11, 9, 8, 12, 37]",1598,0.4734771251678467
"[28, 31, 3, 21, 27, 29, 22, 39, 19, 26, 32, 17, 30, 36, 33, 2, 4, 14, 10, 35, 23, 24, 34, 20, 18, 25, 6, 13, 7, 38, 1, 16, 0, 15, 5, 11, 9, 8, 12, 37]",1598,"[28, 31, 3, 21, 27, 29, 22, 39, 19, 26, 32, 17, 30, 36, 33, 2, 4, 14, 10, 35, 23, 24, 34, 20, 18, 25, 6, 13, 7, 38, 1, 16, 0, 15, 5, 11, 9, 8, 12, 37]",1598,0.5164589881896973
"[28, 31, 3, 21, 27, 29, 22, 39, 19, 26, 32, 17, 30, 36, 33, 2, 4, 14, 10, 35, 23, 24, 34, 20, 18, 25, 6, 13, 7, 38, 1, 16, 0, 15, 5, 11, 9, 8, 12, 37]",1598,"[28, 31, 3, 21, 27, 29, 22, 39, 19, 26, 32, 17, 30, 36, 33, 2, 4, 14, 10, 35, 23, 24, 34, 20, 18, 25, 6, 13, 7, 38, 1, 16, 0, 15, 5, 11, 9, 8, 12, 37]",1598,0.5587141513824463
"[28, 31, 3, 21, 27, 29, 22, 39, 19, 26, 32, 17, 30, 36, 33, 2, 4, 14, 10, 35, 23, 24, 34, 20, 18, 25, 6, 13, 7, 38, 1, 16, 0, 15, 5, 11, 9, 8, 12, 37]",1598,"[28, 31, 3, 21, 27, 29, 22, 39, 19, 26, 32, 17, 30, 36, 33, 2, 4, 14, 10, 35, 23, 24, 34, 20, 18, 25, 6, 13, 7, 38, 1, 16, 0, 15, 5, 11, 9, 8, 12, 37]",1598,0.6006991863250732
"[28, 31, 3, 21, 27, 29, 22, 39, 19, 26, 32, 17, 30, 36, 33, 2, 4, 14, 10, 35, 23, 24, 34, 20, 18, 25, 6, 13, 7, 38, 1, 16, 0, 15, 5, 11, 9, 8, 12, 37]",1598,"[28, 31, 3, 21, 27, 29, 22, 39, 19, 26, 32, 17, 30, 36, 33, 2, 4, 14, 10, 35, 23, 24, 34, 20, 18, 25, 6, 13, 7, 38, 1, 16, 0, 15, 5, 11, 9, 8, 12, 37]",1598,0.643686056137085
"[28, 31, 3, 21, 27, 29, 22, 39, 19, 26, 32, 17, 30, 36, 33, 2, 4, 14, 10, 35, 23, 24, 34, 20, 18, 25, 6, 13, 7, 38, 1, 16, 0, 15, 5, 11, 9, 8, 12, 37]",1598,"[28, 31, 3, 21, 27, 29, 22, 39, 19, 26, 32, 17, 30, 36, 33, 2, 4, 14, 10, 35, 23, 24, 34, 20, 18, 25, 6, 13, 7, 38, 1, 16, 0, 15, 5, 11, 9, 8, 12, 37]",1598,0.6862990856170654
"[28, 31, 3, 21, 27, 29, 22, 39, 19, 26, 32, 17, 30, 36, 33, 2, 4, 14, 10, 35, 23, 24, 34, 20, 18, 25, 6, 13, 7, 38, 1, 16, 0, 15, 5, 11, 9, 8, 12, 37]",1598,"[28, 31, 3, 21, 27, 29, 22, 39, 19, 26, 32, 17, 30, 36, 33, 2, 4, 14, 10, 35, 23, 24, 34, 20, 18, 25, 6, 13, 7, 38, 1, 16, 0, 15, 5, 11, 9, 8, 12, 37]",1598,0.7281980514526367
"[28, 31, 3, 21, 27, 29, 22, 39, 19, 26, 32, 17, 30, 36, 33, 2, 4, 14, 10, 8, 23, 24, 34, 20, 18, 25, 6, 13, 7, 38, 1, 16, 0, 15, 5, 11, 9, 35, 12, 37]",1551,"[28, 31, 3, 21, 27, 29, 22, 39, 19, 26, 32, 17, 30, 36, 33, 2, 4, 14, 10, 8, 23, 24, 34, 20, 18, 25, 6, 13, 7, 38, 1, 16, 0, 15, 5, 11, 9, 35, 12, 37]",1551,0.7689011096954346
"[28, 31, 3, 21, 27, 29, 22, 39, 19, 26, 32, 17, 30, 36, 33, 2, 4, 14, 10, 8, 23, 24, 34, 20, 18, 25, 6, 13, 7, 38, 1, 16, 0, 15, 5, 11, 9, 35, 12, 37]",1551,"[28, 31, 3, 21, 27, 29, 22, 39, 19, 26, 32, 17, 30, 36, 33, 2, 4, 14, 10, 8, 23, 24, 34, 20, 18, 25, 6, 13, 7, 38, 1, 16, 0, 15, 5, 11, 9, 35, 12, 37]",1551,0.8102231025695801
"[28, 31, 3, 21, 27, 29, 22, 39, 19, 26, 32, 17, 30, 36, 33, 2, 4, 14, 10, 8, 23, 24, 34, 20, 18, 25, 6, 13, 7, 38, 1, 16, 0, 15, 5, 11, 9, 35, 12, 37]",1551,"[28, 31, 3, 21, 27, 29, 22, 39, 19, 26, 32, 17, 30, 36, 33, 2, 4, 14, 10, 8, 23, 24, 34, 20, 18, 25, 6, 13, 7, 38, 1, 16, 0, 15, 5, 11, 9, 35, 12, 37]",1551,0.8514590263366699
"[28, 31, 3, 21, 27, 29, 22, 39, 19, 26, 32, 17, 30, 36, 33, 2, 4, 14, 10, 8, 23, 24, 34, 20, 18, 25, 6, 13, 7, 38, 1, 16, 0, 15, 5, 11, 9, 35, 12, 37]",1551,"[28, 31, 3, 21, 27, 29, 22, 39, 19, 26, 32, 17, 30, 36, 33, 2, 4, 14, 10, 8, 23, 24, 34, 20, 18, 25, 6, 13, 7, 38, 1, 16, 0, 15, 5, 11, 9, 35, 12, 37]",1551,0.893585205078125
"[28, 31, 3, 21, 27, 29, 22, 39, 19, 26, 32, 17, 30, 36, 33, 2, 4, 14, 10, 8, 23, 24, 34, 20, 18, 25, 6, 13, 7, 38, 1, 16, 0, 15, 5, 11, 9, 35, 12, 37]",1551,"[28, 31, 3, 21, 27, 29, 22, 39, 19, 26, 32, 17, 30, 36, 33, 2, 4, 14, 10, 8, 23, 24, 34, 20, 18, 25, 6, 13, 7, 38, 1, 16, 0, 15, 5, 11, 9, 35, 12, 37]",1551,0.9349119663238525
"[28, 31, 3, 21, 27, 29, 22, 39, 19, 26, 32, 17, 30, 36, 33, 2, 4, 14, 10, 8, 23, 24, 34, 20, 18, 25, 6, 13, 7, 38, 1, 16, 0, 15, 5, 11, 9, 35, 12, 37]",1551,"[28, 31, 3, 21, 27, 29, 22, 39, 19, 26, 32, 17, 30, 36, 33, 2, 4, 14, 10, 8, 23, 24, 34, 20, 18, 25, 6, 13, 7, 38, 1, 16, 0, 15, 5, 11, 9, 35, 12, 37]",1551,0.9774000644683838
"[28, 31, 3, 21, 27, 29, 22, 39, 19, 26, 32, 17, 30, 36, 33, 2, 4, 14, 10, 8, 23, 24, 34, 20, 18, 25, 6, 13, 7, 38, 1, 16, 0, 15, 5, 11, 9, 35, 12, 37]",1551,"[28, 31, 3, 21, 27, 29, 22, 39, 19, 26, 32, 17, 30, 36, 33, 2, 4, 14, 10, 8, 23, 24, 34, 20, 18, 25, 6, 13, 7, 38, 1, 16, 0, 15, 5, 11, 9, 35, 12, 37]",1551,1.0223488807678223
"[28, 31, 3, 21, 27, 29, 22, 39, 19, 26, 32, 17, 30, 36, 33, 2, 4, 14, 10, 8, 23, 24, 34, 20, 18, 25, 6, 13, 7, 38, 1, 16, 0, 15, 5, 11, 9, 35, 12, 37]",1551,"[28, 31, 3, 21, 27, 29, 22, 39, 19, 26, 32, 17, 30, 36, 33, 2, 4, 14, 10, 8, 23, 24, 34, 20, 18, 25, 6, 13, 7, 38, 1, 16, 0, 15, 5, 11, 9, 35, 12, 37]",1551,1.0660200119018555
"[28, 31, 3, 21, 27, 29, 22, 39, 19, 26, 32, 17, 30, 36, 33, 2, 4, 14, 10, 8, 23, 24, 34, 20, 18, 25, 6, 13, 7, 38, 1, 16, 0, 15, 5, 11, 9, 35, 12, 37]",1551,"[28, 31, 3, 21, 27, 29, 22, 39, 19, 26, 32, 17, 30, 36, 33, 2, 4, 14, 10, 8, 23, 24, 34, 20, 18, 25, 6, 13, 7, 38, 1, 16, 0, 15, 5, 11, 9, 35, 12, 37]",1551,1.1072628498077393
"[28, 31, 3, 21, 27, 29, 22, 39, 19, 26, 32, 17, 30, 36, 33, 2, 4, 14, 10, 8, 23, 24, 34, 20, 18, 25, 6, 13, 7, 38, 1, 16, 0, 15, 5, 11, 9, 35, 12, 37]",1551,"[28, 31, 3, 21, 27, 29, 22, 39, 19, 26, 32, 17, 30, 36, 33, 2, 4, 14, 10, 8, 23, 24, 34, 20, 18, 25, 6, 13, 7, 38, 1, 16, 0, 15, 5, 11, 9, 35, 12, 37]",1551,1.1486897468566895
"[28, 31, 3, 21, 27, 29, 22, 39, 19, 26, 32, 17, 30, 36, 33, 2, 4, 14, 10, 8, 23, 24, 34, 20, 18, 25, 6, 13, 7, 38, 1, 16, 0, 15, 5, 11, 9, 35, 12, 37]",1551,"[28, 31, 3, 21, 27, 29, 22, 39, 19, 26, 32, 17, 30, 36, 33, 2, 4, 14, 10, 8, 23, 24, 34, 20, 18, 25, 6, 13, 7, 38, 1, 16, 0, 15, 5, 11, 9, 35, 12, 37]",1551,1.1915240287780762
"[28, 31, 3, 21, 27, 29, 22, 39, 19, 26, 32, 17, 30, 36, 33, 2, 4, 14, 10, 8, 23, 24, 34, 20, 18, 25, 6, 13, 7, 38, 1, 16, 0, 15, 5, 11, 9, 35, 12, 37]",1551,"[28, 31, 3, 21, 27, 29, 22, 39, 19, 26, 32, 17, 30, 36, 33, 2, 4, 14, 10, 8, 23, 24, 34, 20, 18, 25, 6, 13, 7, 38, 1, 16, 0, 15, 5, 11, 9, 35, 12, 37]",1551,1.2332329750061035
"[28, 31, 3, 21, 27, 29, 22, 39, 19, 26, 32, 17, 30, 36, 33, 2, 4, 14, 10, 8, 23, 24, 34, 20, 18, 25, 6, 13, 7, 38, 1, 16, 0, 15, 5, 11, 9, 35, 12, 37]",1551,"[28, 31, 3, 21, 27, 29, 22, 39, 19, 26, 32, 17, 30, 36, 33, 2, 4, 14, 10, 8, 23, 24, 34, 20, 18, 25, 6, 13, 7, 38, 1, 16, 0, 15, 5, 11, 9, 35, 12, 37]",1551,1.2752399444580078
"[28, 31, 3, 21, 27, 29, 22, 39, 19, 26, 32, 17, 30, 36, 33, 2, 4, 14, 10, 8, 23, 24, 34, 20, 18, 25, 6, 13, 7, 38, 1, 16, 0, 15, 5, 11, 9, 35, 12, 37]",1551,"[28, 31, 3, 21, 27, 29, 22, 39, 19, 26, 32, 17, 30, 36, 33, 2, 4, 14, 10, 8, 23, 24, 34, 20, 18, 25, 6, 13, 7, 38, 1, 16, 0, 15, 5, 11, 9, 35, 12, 37]",1551,1.3189170360565186
"[28, 31, 3, 21, 27, 29, 22, 39, 19, 26, 32, 17, 30, 36, 33, 2, 4, 14, 10, 8, 23, 24, 34, 20, 18, 25, 6, 13, 7, 38, 1, 16, 0, 15, 5, 11, 9, 35, 12, 37]",1551,"[28, 31, 3, 21, 27, 29, 22, 39, 19, 26, 32, 17, 30, 36, 33, 2, 4, 14, 10, 8, 23, 24, 34, 20, 18, 25, 6, 13, 7, 38, 1, 16, 0, 15, 5, 11, 9, 35, 12, 37]",1551,1.3601069450378418
"[28, 31, 3, 21, 27, 29, 22, 39, 19, 26, 32, 17, 30, 36, 33, 2, 4, 14, 10, 8, 23, 24, 34, 20, 18, 25, 6, 13, 7, 38, 1, 16, 0, 15, 5, 11, 9, 35, 12, 37]",1551,"[28, 31, 3, 21, 27, 29, 22, 39, 19, 26, 32, 17, 30, 36, 33, 2, 4, 14, 10, 8, 23, 24, 34, 20, 18, 25, 6, 13, 7, 38, 1, 16, 0, 15, 5, 11, 9, 35, 12, 37]",1551,1.40106201171875
"[28, 31, 3, 21, 27, 29, 22, 39, 19, 26, 32, 17, 30, 36, 33, 2, 4, 14, 10, 8, 23, 24, 34, 20, 18, 25, 6, 13, 7, 38, 1, 16, 0, 15, 5, 11, 9, 35, 12, 37]",1551,"[28, 31, 3, 21, 27, 29, 22, 39, 19, 26, 32, 17, 30, 36, 33, 2, 4, 14, 10, 8, 23, 24, 34, 20, 18, 25, 6, 13, 7, 38, 1, 16, 0, 15, 5, 11, 9, 35, 12, 37]",1551,1.4417920112609863
"[28, 31, 3, 21, 27, 29, 22, 39, 19, 26, 32, 17, 30, 36, 33, 2, 4, 14, 10, 8, 23, 24, 34, 20, 18, 25, 6, 13, 7, 38, 1, 16, 0, 15, 5, 11, 9, 35, 12, 37]",1551,"[28, 31, 3, 21, 27, 29, 22, 39, 19, 26, 32, 17, 30, 36, 33, 2, 4, 14, 10, 8, 23, 24, 34, 20, 18, 25, 6, 13, 7, 38, 1, 16, 0, 15, 5, 11, 9, 35, 12, 37]",1551,1.4828729629516602
"[28, 31, 3, 21, 27, 29, 22, 39, 19, 26, 32, 17, 30, 36, 33, 2, 4, 14, 10, 8, 23, 24, 34, 20, 18, 25, 6, 13, 7, 38, 1, 16, 0, 15, 5, 11, 9, 35, 12, 37]",1551,"[28, 31, 3, 21, 27, 29, 22, 39, 19, 26, 32, 17, 30, 36, 33, 2, 4, 14, 10, 8, 23, 24, 34, 20, 18, 25, 6, 13, 7, 38, 1, 16, 0, 15, 5, 11, 9, 35, 12, 37]",1551,1.5251250267028809
"[28, 31, 3, 21, 27, 29, 22, 39, 19, 26, 32, 17, 30, 36, 33, 2, 4, 14, 10, 8, 23, 24, 34, 20, 18, 25, 6, 13, 7, 38, 1, 16, 0, 15, 5, 11, 9, 35, 12, 37]",1551,"[28, 31, 3, 21, 27, 29, 22, 39, 19, 26, 32, 17, 30, 36, 33, 2, 4, 14, 10, 8, 23, 24, 34, 20, 18, 25, 6, 13, 7, 38, 1, 16, 0, 15, 5, 11, 9, 35, 12, 37]",1551,1.5691068172454834
"[28, 31, 3, 21, 27, 29, 22, 39, 19, 26, 32, 17, 30, 36, 33, 2, 4, 14, 10, 8, 23, 24, 34, 20, 18, 25, 6, 13, 7, 38, 1, 16, 0, 15, 5, 11, 9, 35, 12, 37]",1551,"[28, 31, 3, 21, 27, 29, 22, 39, 19, 26, 32, 17, 30, 36, 33, 2, 4, 14, 10, 8, 23, 24, 34, 20, 18, 25, 6, 13, 7, 38, 1, 16, 0, 15, 5, 11, 9, 35, 12, 37]",1551,1.6102349758148193
"[28, 31, 3, 21, 27, 29, 22, 39, 19, 26, 32, 17, 30, 36, 33, 2, 4, 14, 10, 8, 23, 24, 34, 20, 18, 25, 6, 13, 7, 38, 1, 16, 0, 15, 5, 11, 9, 35, 12, 37]",1551,"[28, 31, 3, 21, 27, 29, 22, 39, 19, 26, 32, 17, 30, 36, 33, 2, 4, 14, 10, 8, 23, 24, 34, 20, 18, 25, 6, 13, 7, 38, 1, 16, 0, 15, 5, 11, 9, 35, 12, 37]",1551,1.6516640186309814
"[28, 31, 3, 21, 27, 29, 22, 39, 19, 26, 32, 17, 30, 36, 33, 2, 4, 14, 10, 8, 23, 24, 34, 20, 18, 25, 6, 13, 7, 38, 1, 16, 0, 15, 5, 11, 9, 35, 12, 37]",1551,"[28, 31, 3, 21, 27, 29, 22, 39, 19, 26, 32, 17, 30, 36, 33, 2, 4, 14, 10, 8, 23, 24, 34, 20, 18, 25, 6, 13, 7, 38, 1, 16, 0, 15, 5, 11, 9, 35, 12, 37]",1551,1.6937651634216309
"[28, 31, 3, 21, 27, 29, 22, 39, 19, 26, 32, 17, 30, 36, 33, 2, 4, 14, 10, 8, 23, 24, 34, 20, 18, 25, 6, 13, 7, 38, 1, 16, 0, 15, 5, 11, 9, 35, 12, 37]",1551,"[28, 31, 3, 21, 27, 29, 22, 39, 19, 26, 32, 17, 30, 36, 33, 2, 4, 14, 10, 8, 23, 24, 34, 20, 18, 25, 6, 13, 7, 38, 1, 16, 0, 15, 5, 11, 9, 35, 12, 37]",1551,1.7351059913635254
"[28, 31, 3, 21, 27, 29, 22, 39, 19, 26, 32, 17, 30, 36, 33, 2, 4, 14, 10, 8, 23, 24, 34, 20, 18, 25, 6, 13, 7, 38, 1, 16, 0, 15, 5, 11, 9, 35, 12, 37]",1551,"[28, 31, 3, 21, 27, 29, 22, 39, 19, 26, 32, 17, 30, 36, 33, 2, 4, 14, 10, 8, 23, 24, 34, 20, 18, 25, 6, 13, 7, 38, 1, 16, 0, 15, 5, 11, 9, 35, 12, 37]",1551,1.7768549919128418
"[28, 31, 3, 21, 27, 29, 22, 39, 19, 26, 32, 17, 30, 36, 33, 2, 4, 14, 10, 8, 23, 24, 34, 20, 18, 25, 6, 13, 7, 38, 1, 16, 0, 15, 5, 11, 9, 35, 12, 37]",1551,"[28, 31, 3, 21, 27, 29, 22, 39, 19, 26, 32, 17, 30, 36, 33, 2, 4, 14, 10, 8, 23, 24, 34, 20, 18, 25, 6, 13, 7, 38, 1, 16, 0, 15, 5, 11, 9, 35, 12, 37]",1551,1.8181180953979492
"[28, 31, 3, 21, 27, 29, 22, 39, 19, 26, 32, 17, 30, 36, 33, 2, 4, 14, 10, 8, 23, 24, 34, 20, 18, 25, 6, 13, 7, 38, 1, 16, 0, 15, 5, 11, 9, 35, 12, 37]",1551,"[28, 31, 3, 21, 27, 29, 22, 39, 19, 26, 32, 17, 30, 36, 33, 2, 4, 14, 10, 8, 23, 24, 34, 20, 18, 25, 6, 13, 7, 38, 1, 16, 0, 15, 5, 11, 9, 35, 12, 37]",1551,1.8616571426391602
"[28, 31, 3, 21, 27, 29, 22, 39, 19, 26, 32, 17, 30, 36, 33, 2, 4, 14, 10, 8, 23, 24, 34, 20, 18, 25, 6, 13, 7, 38, 1, 16, 0, 15, 5, 11, 9, 35, 12, 37]",1551,"[28, 31, 3, 21, 27, 29, 22, 39, 19, 26, 32, 17, 30, 36, 33, 2, 4, 14, 10, 8, 23, 24, 34, 20, 18, 25, 6, 13, 7, 38, 1, 16, 0, 15, 5, 11, 9, 35, 12, 37]",1551,1.9033639430999756
"[28, 31, 3, 21, 27, 29, 22, 39, 19, 26, 32, 17, 30, 36, 33, 2, 4, 14, 10, 8, 23, 24, 34, 20, 18, 25, 6, 13, 7, 38, 1, 16, 0, 15, 5, 11, 9, 35, 12, 37]",1551,"[28, 31, 3, 21, 27, 29, 22, 39, 19, 26, 32, 17, 30, 36, 33, 2, 4, 14, 10, 8, 23, 24, 34, 20, 18, 25, 6, 13, 7, 38, 1, 16, 0, 15, 5, 11, 9, 35, 12, 37]",1551,1.9463448524475098
"[28, 31, 3, 21, 27, 29, 22, 39, 19, 26, 32, 17, 30, 36, 33, 2, 4, 14, 10, 8, 23, 24, 34, 20, 18, 25, 6, 13, 7, 38, 1, 16, 0, 15, 5, 11, 9, 35, 12, 37]",1551,"[28, 31, 3, 21, 27, 29, 22, 39, 19, 26, 32, 17, 30, 36, 33, 2, 4, 14, 10, 8, 23, 24, 34, 20, 18, 25, 6, 13, 7, 38, 1, 16, 0, 15, 5, 11, 9, 35, 12, 37]",1551,1.9876070022583008
"[28, 31, 3, 21, 27, 29, 22, 39, 19, 26, 32, 17, 30, 36, 33, 2, 4, 14, 10, 8, 23, 24, 34, 20, 18, 25, 6, 13, 7, 38, 1, 16, 0, 15, 5, 11, 9, 35, 12, 37]",1551,"[28, 31, 3, 21, 27, 29, 22, 39, 19, 26, 32, 17, 30, 36, 33, 2, 4, 14, 10, 8, 23, 24, 34, 20, 18, 25, 6, 13, 7, 38, 1, 16, 0, 15, 5, 11, 9, 35, 12, 37]",1551,2.040766954421997
"[28, 31, 3, 21, 27, 29, 22, 39, 19, 26, 32, 17, 30, 36, 33, 2, 4, 14, 10, 8, 23, 24, 34, 20, 18, 25, 6, 13, 7, 38, 1, 16, 0, 15, 5, 11, 9, 35, 12, 37]",1551,"[28, 31, 3, 21, 27, 29, 22, 39, 19, 26, 32, 17, 30, 36, 33, 2, 4, 14, 10, 8, 23, 24, 34, 20, 18, 25, 6, 13, 7, 38, 1, 16, 0, 15, 5, 11, 9, 35, 12, 37]",1551,2.083409070968628
"[28, 31, 3, 21, 27, 29, 22, 39, 19, 26, 32, 17, 30, 36, 33, 2, 4, 14, 10, 8, 23, 24, 34, 20, 18, 25, 6, 13, 7, 38, 1, 16, 0, 15, 5, 11, 9, 35, 12, 37]",1551,"[28, 31, 3, 21, 27, 29, 22, 39, 19, 26, 32, 17, 30, 36, 33, 2, 4, 14, 10, 8, 23, 24, 34, 20, 18, 25, 6, 13, 7, 38, 1, 16, 0, 15, 5, 11, 9, 35, 12, 37]",1551,2.1243560314178467
"[28, 31, 3, 21, 27, 29, 22, 39, 19, 26, 32, 17, 30, 36, 33, 2, 4, 14, 10, 8, 23, 24, 34, 20, 18, 25, 6, 13, 7, 38, 1, 16, 0, 15, 5, 11, 9, 35, 12, 37]",1551,"[28, 31, 3, 21, 27, 29, 22, 39, 19, 26, 32, 17, 30, 36, 33, 2, 4, 14, 10, 8, 23, 24, 34, 20, 18, 25, 6, 13, 7, 38, 1, 16, 0, 15, 5, 11, 9, 35, 12, 37]",1551,2.165503978729248
"[28, 31, 3, 21, 27, 29, 22, 39, 19, 26, 32, 17, 30, 36, 33, 2, 4, 14, 10, 8, 23, 24, 34, 20, 18, 25, 6, 13, 7, 38, 1, 16, 0, 15, 5, 11, 9, 35, 12, 37]",1551,"[28, 31, 3, 21, 27, 29, 22, 39, 19, 26, 32, 17, 30, 36, 33, 2, 4, 14, 10, 8, 23, 24, 34, 20, 18, 25, 6, 13, 7, 38, 1, 16, 0, 15, 5, 11, 9, 35, 12, 37]",1551,2.2079720497131348
"[28, 31, 3, 21, 27, 29, 22, 39, 19, 26, 32, 17, 30, 36, 33, 2, 4, 14, 10, 8, 23, 24, 34, 20, 18, 25, 6, 13, 7, 38, 1, 16, 0, 15, 5, 11, 9, 35, 12, 37]",1551,"[28, 31, 3, 21, 27, 29, 22, 39, 19, 26, 32, 17, 30, 36, 33, 2, 4, 14, 10, 8, 23, 24, 34, 20, 18, 25, 6, 13, 7, 38, 1, 16, 0, 15, 5, 11, 9, 35, 12, 37]",1551,2.2487969398498535
"[28, 31, 3, 21, 27, 29, 22, 39, 19, 26, 32, 17, 30, 36, 33, 2, 4, 14, 10, 8, 23, 24, 34, 20, 18, 25, 6, 13, 7, 38, 1, 16, 0, 15, 5, 11, 9, 35, 12, 37]",1551,"[28, 31, 3, 21, 27, 29, 22, 39, 19, 26, 32, 17, 30, 36, 33, 2, 4, 14, 10, 8, 23, 24, 34, 20, 18, 25, 6, 13, 7, 38, 1, 16, 0, 15, 5, 11, 9, 35, 12, 37]",1551,2.2899389266967773
"[28, 31, 3, 21, 27, 29, 22, 39, 19, 26, 32, 17, 30, 36, 33, 2, 4, 14, 10, 8, 23, 24, 34, 20, 18, 25, 6, 13, 7, 38, 1, 16, 0, 15, 5, 11, 9, 35, 12, 37]",1551,"[28, 31, 3, 21, 27, 29, 22, 39, 19, 26, 32, 17, 30, 36, 33, 2, 4, 14, 10, 8, 23, 24, 34, 20, 18, 25, 6, 13, 7, 38, 1, 16, 0, 15, 5, 11, 9, 35, 12, 37]",1551,2.331239938735962
"[28, 31, 3, 21, 27, 29, 22, 39, 19, 26, 32, 17, 30, 36, 33, 2, 4, 14, 10, 8, 23, 24, 34, 20, 18, 25, 6, 13, 7, 38, 1, 16, 0, 15, 5, 11, 9, 35, 12, 37]",1551,"[28, 31, 3, 21, 27, 29, 22, 39, 19, 26, 32, 17, 30, 36, 33, 2, 4, 14, 10, 8, 23, 24, 34, 20, 18, 25, 6, 13, 7, 38, 1, 16, 0, 15, 5, 11, 9, 35, 12, 37]",1551,2.3733627796173096
"[28, 31, 3, 21, 27, 29, 22, 39, 19, 26, 32, 17, 30, 36, 33, 2, 4, 14, 10, 8, 23, 24, 34, 20, 18, 25, 6, 13, 7, 38, 1, 16, 0, 15, 5, 11, 9, 35, 12, 37]",1551,"[28, 31, 3, 21, 27, 29, 22, 39, 19, 26, 32, 17, 30, 36, 33, 2, 4, 14, 10, 8, 23, 24, 34, 20, 18, 25, 6, 13, 7, 38, 1, 16, 0, 15, 5, 11, 9, 35, 12, 37]",1551,2.4166579246520996
"[28, 31, 3, 21, 27, 29, 22, 39, 19, 26, 32, 17, 30, 36, 33, 2, 4, 14, 10, 8, 23, 24, 34, 20, 18, 25, 6, 13, 7, 38, 1, 16, 0, 15, 5, 11, 9, 35, 12, 37]",1551,"[28, 31, 3, 21, 27, 29, 22, 39, 19, 26, 32, 17, 30, 36, 33, 2, 4, 14, 10, 8, 23, 24, 34, 20, 18, 25, 6, 13, 7, 38, 1, 16, 0, 15, 5, 11, 9, 35, 12, 37]",1551,2.4590299129486084
"[28, 31, 3, 21, 27, 29, 22, 39, 19, 26, 32, 17, 30, 36, 33, 2, 4, 14, 10, 8, 23, 24, 34, 20, 18, 25, 6, 13, 7, 38, 1, 16, 0, 15, 5, 11, 9, 35, 12, 37]",1551,"[28, 31, 3, 21, 27, 29, 22, 39, 19, 26, 32, 17, 30, 36, 33, 2, 4, 14, 10, 8, 23, 24, 34, 20, 18, 25, 6, 13, 7, 38, 1, 16, 0, 15, 5, 11, 9, 35, 12, 37]",1551,2.500830888748169
"[28, 31, 3, 21, 27, 29, 22, 39, 19, 26, 32, 17, 30, 36, 33, 2, 4, 14, 10, 8, 23, 24, 34, 20, 18, 25, 6, 13, 7, 38, 1, 16, 0, 15, 5, 11, 9, 35, 12, 37]",1551,"[28, 31, 3, 21, 27, 29, 22, 39, 19, 26, 32, 17, 30, 36, 33, 2, 4, 14, 10, 8, 23, 24, 34, 20, 18, 25, 6, 13, 7, 38, 1, 16, 0, 15, 5, 11, 9, 35, 12, 37]",1551,2.542253017425537
"[28, 31, 3, 21, 27, 29, 22, 39, 19, 26, 32, 17, 30, 36, 33, 2, 4, 14, 10, 8, 23, 24, 34, 20, 18, 25, 6, 13, 7, 38, 1, 16, 0, 15, 5, 11, 9, 35, 12, 37]",1551,"[28, 31, 3, 21, 27, 29, 22, 39, 19, 26, 32, 17, 30, 36, 33, 2, 4, 14, 10, 8, 23, 24, 34, 20, 18, 25, 6, 13, 7, 38, 1, 16, 0, 15, 5, 11, 9, 35, 12, 37]",1551,2.5848159790039062
"[28, 31, 3, 21, 27, 29, 22, 39, 19, 26, 32, 17, 30, 36, 33, 2, 4, 14, 10, 8, 23, 24, 34, 20, 18, 25, 6, 13, 7, 38, 1, 16, 0, 15, 5, 11, 9, 35, 12, 37]",1551,"[28, 31, 3, 21, 27, 29, 22, 39, 19, 26, 32, 17, 30, 36, 33, 2, 4, 14, 10, 8, 23, 24, 34, 20, 18, 25, 6, 13, 7, 38, 1, 16, 0, 15, 5, 11, 9, 35, 12, 37]",1551,2.626760959625244
"[28, 31, 3, 21, 27, 29, 22, 39, 19, 26, 32, 17, 30, 36, 33, 2, 4, 14, 10, 8, 23, 24, 34, 20, 18, 25, 6, 13, 7, 38, 1, 16, 0, 15, 5, 11, 9, 35, 12, 37]",1551,"[28, 31, 3, 21, 27, 29, 22, 39, 19, 26, 32, 17, 30, 36, 33, 2, 4, 14, 10, 8, 23, 24, 34, 20, 18, 25, 6, 13, 7, 38, 1, 16, 0, 15, 5, 11, 9, 35, 12, 37]",1551,2.669045925140381
"[28, 31, 3, 21, 27, 29, 22, 39, 19, 26, 32, 17, 30, 36, 33, 2, 4, 14, 10, 8, 23, 24, 34, 20, 18, 25, 6, 13, 7, 38, 1, 16, 0, 15, 5, 11, 9, 35, 12, 37]",1551,"[28, 31, 3, 21, 27, 29, 22, 39, 19, 26, 32, 17, 30, 36, 33, 2, 4, 14, 10, 8, 23, 24, 34, 20, 18, 25, 6, 13, 7, 38, 1, 16, 0, 15, 5, 11, 9, 35, 12, 37]",1551,2.710576057434082
"[28, 31, 3, 21, 27, 29, 22, 39, 19, 26, 32, 17, 30, 36, 33, 2, 4, 14, 10, 8, 23, 24, 34, 20, 18, 25, 6, 13, 7, 38, 1, 16, 0, 15, 5, 11, 9, 35, 12, 37]",1551,"[28, 31, 3, 21, 27, 29, 22, 39, 19, 26, 32, 17, 30, 36, 33, 2, 4, 14, 10, 8, 23, 24, 34, 20, 18, 25, 6, 13, 7, 38, 1, 16, 0, 15, 5, 11, 9, 35, 12, 37]",1551,2.752145767211914
"[28, 31, 3, 21, 27, 29, 22, 39, 19, 26, 32, 17, 30, 36, 33, 2, 4, 14, 10, 8, 23, 24, 34, 20, 18, 25, 6, 13, 7, 38, 1, 16, 0, 15, 5, 11, 9, 35, 12, 37]",1551,"[28, 31, 3, 21, 27, 29, 22, 39, 19, 26, 32, 17, 30, 36, 33, 2, 4, 14, 10, 8, 23, 24, 34, 20, 18, 25, 6, 13, 7, 38, 1, 16, 0, 15, 5, 11, 9, 35, 12, 37]",1551,2.7952349185943604
"[28, 31, 3, 21, 27, 29, 22, 39, 19, 26, 32, 17, 30, 36, 33, 2, 4, 14, 10, 8, 23, 24, 34, 20, 18, 25, 6, 13, 7, 38, 1, 16, 0, 15, 5, 11, 9, 35, 12, 37]",1551,"[28, 31, 3, 21, 27, 29, 22, 39, 19, 26, 32, 17, 30, 36, 33, 2, 4, 14, 10, 8, 23, 24, 34, 20, 18, 25, 6, 13, 7, 38, 1, 16, 0, 15, 5, 11, 9, 35, 12, 37]",1551,2.838249921798706
"[28, 31, 3, 21, 27, 29, 22, 39, 19, 26, 32, 17, 30, 36, 33, 2, 4, 14, 10, 8, 23, 24, 34, 20, 18, 25, 6, 13, 7, 38, 1, 16, 0, 15, 5, 11, 9, 35, 12, 37]",1551,"[28, 31, 3, 21, 27, 29, 22, 39, 19, 26, 32, 17, 30, 36, 33, 2, 4, 14, 10, 8, 23, 24, 34, 20, 18, 25, 6, 13, 7, 38, 1, 16, 0, 15, 5, 11, 9, 35, 12, 37]",1551,2.879791021347046
"[28, 31, 3, 21, 27, 29, 22, 39, 19, 26, 32, 17, 30, 36, 33, 2, 4, 14, 10, 8, 23, 24, 34, 20, 18, 25, 6, 13, 7, 38, 1, 16, 0, 15, 5, 11, 9, 35, 12, 37]",1551,"[28, 31, 3, 21, 27, 29, 22, 39, 19, 26, 32, 17, 30, 36, 33, 2, 4, 14, 10, 8, 23, 24, 34, 20, 18, 25, 6, 13, 7, 38, 1, 16, 0, 15, 5, 11, 9, 35, 12, 37]",1551,2.922806978225708
"[28, 31, 3, 21, 27, 29, 22, 39, 19, 26, 32, 17, 30, 36, 33, 2, 4, 14, 10, 8, 23, 24, 34, 20, 18, 25, 6, 13, 7, 38, 1, 16, 0, 15, 5, 11, 9, 35, 12, 37]",1551,"[28, 31, 3, 21, 27, 29, 22, 39, 19, 26, 32, 17, 30, 36, 33, 2, 4, 14, 10, 8, 23, 24, 34, 20, 18, 25, 6, 13, 7, 38, 1, 16, 0, 15, 5, 11, 9, 35, 12, 37]",1551,2.963742971420288
"[28, 31, 3, 21, 27, 29, 22, 39, 19, 26, 32, 17, 30, 36, 33, 2, 4, 14, 10, 8, 23, 24, 34, 20, 18, 25, 6, 13, 7, 38, 1, 16, 0, 15, 5, 11, 9, 35, 12, 37]",1551,"[28, 31, 3, 21, 27, 29, 22, 39, 19, 26, 32, 17, 30, 36, 33, 2, 4, 14, 10, 8, 23, 24, 34, 20, 18, 25, 6, 13, 7, 38, 1, 16, 0, 15, 5, 11, 9, 35, 12, 37]",1551,3.0053839683532715
"[28, 31, 3, 21, 27, 29, 22, 39, 19, 26, 32, 17, 30, 36, 33, 2, 4, 14, 10, 8, 23, 24, 34, 20, 18, 25, 6, 13, 7, 38, 1, 16, 0, 15, 5, 11, 9, 35, 12, 37]",1551,"[28, 31, 3, 21, 27, 29, 22, 39, 19, 26, 32, 17, 30, 36, 33, 2, 4, 14, 10, 8, 23, 24, 34, 20, 18, 25, 6, 13, 7, 38, 1, 16, 0, 15, 5, 11, 9, 35, 12, 37]",1551,3.0486738681793213
"[28, 31, 3, 21, 27, 29, 22, 39, 19, 26, 32, 17, 30, 36, 33, 2, 4, 14, 10, 8, 23, 24, 34, 20, 18, 25, 6, 13, 7, 38, 1, 16, 0, 15, 5, 11, 9, 35, 12, 37]",1551,"[28, 31, 3, 21, 27, 29, 22, 39, 19, 26, 32, 17, 30, 36, 33, 2, 4, 14, 10, 8, 23, 24, 34, 20, 18, 25, 6, 13, 7, 38, 1, 16, 0, 15, 5, 11, 9, 35, 12, 37]",1551,3.089953899383545
"[28, 31, 3, 21, 27, 29, 22, 39, 19, 26, 32, 17, 30, 36, 33, 2, 4, 14, 10, 8, 23, 24, 34, 20, 18, 25, 6, 13, 7, 38, 1, 16, 0, 15, 5, 11, 9, 35, 12, 37]",1551,"[28, 31, 3, 21, 27, 29, 22, 39, 19, 26, 32, 17, 30, 36, 33, 2, 4, 14, 10, 8, 23, 24, 34, 20, 18, 25, 6, 13, 7, 38, 1, 16, 0, 15, 5, 11, 9, 35, 12, 37]",1551,3.131767988204956
"[28, 31, 3, 21, 27, 29, 22, 39, 19, 26, 32, 17, 30, 36, 33, 2, 4, 14, 10, 8, 23, 24, 34, 20, 18, 25, 6, 13, 7, 38, 1, 16, 0, 15, 5, 11, 9, 35, 12, 37]",1551,"[28, 31, 3, 21, 27, 29, 22, 39, 19, 26, 32, 17, 30, 36, 33, 2, 4, 14, 10, 8, 23, 24, 34, 20, 18, 25, 6, 13, 7, 38, 1, 16, 0, 15, 5, 11, 9, 35, 12, 37]",1551,3.1732988357543945
"[28, 31, 3, 21, 27, 29, 22, 39, 19, 26, 32, 17, 30, 36, 33, 2, 4, 14, 10, 8, 23, 24, 34, 20, 18, 25, 6, 13, 7, 38, 1, 16, 0, 15, 5, 11, 9, 35, 12, 37]",1551,"[28, 31, 3, 21, 27, 29, 22, 39, 19, 26, 32, 17, 30, 36, 33, 2, 4, 14, 10, 8, 23, 24, 34, 20, 18, 25, 6, 13, 7, 38, 1, 16, 0, 15, 5, 11, 9, 35, 12, 37]",1551,3.214876174926758
"[28, 31, 3, 21, 27, 29, 22, 39, 19, 26, 32, 17, 30, 36, 33, 2, 4, 14, 10, 8, 23, 24, 34, 20, 18, 25, 6, 13, 7, 38, 1, 16, 0, 15, 5, 11, 9, 35, 12, 37]",1551,"[28, 31, 3, 21, 27, 29, 22, 39, 19, 26, 32, 17, 30, 36, 33, 2, 4, 14, 10, 8, 23, 24, 34, 20, 18, 25, 6, 13, 7, 38, 1, 16, 0, 15, 5, 11, 9, 35, 12, 37]",1551,3.2565600872039795
"[28, 31, 3, 21, 27, 29, 22, 39, 19, 26, 32, 17, 30, 36, 33, 2, 4, 14, 10, 8, 23, 24, 34, 20, 18, 25, 6, 13, 7, 38, 1, 16, 0, 15, 5, 11, 9, 35, 12, 37]",1551,"[28, 31, 3, 21, 27, 29, 22, 39, 19, 26, 32, 17, 30, 36, 33, 2, 4, 14, 10, 8, 23, 24, 34, 20, 18, 25, 6, 13, 7, 38, 1, 16, 0, 15, 5, 11, 9, 35, 12, 37]",1551,3.298844814300537
"[28, 31, 3, 21, 27, 29, 22, 39, 19, 26, 32, 17, 30, 36, 33, 2, 4, 14, 10, 8, 23, 24, 34, 20, 18, 25, 6, 13, 7, 38, 1, 16, 0, 15, 5, 11, 9, 35, 12, 37]",1551,"[28, 31, 3, 21, 27, 29, 22, 39, 19, 26, 32, 17, 30, 36, 33, 2, 4, 14, 10, 8, 23, 24, 34, 20, 18, 25, 6, 13, 7, 38, 1, 16, 0, 15, 5, 11, 9, 35, 12, 37]",1551,3.3405990600585938
"[28, 31, 3, 21, 27, 29, 22, 39, 19, 26, 32, 17, 30, 36, 33, 2, 4, 14, 10, 8, 23, 24, 34, 20, 18, 25, 6, 13, 7, 38, 1, 16, 0, 15, 5, 11, 9, 35, 12, 37]",1551,"[28, 31, 3, 21, 27, 29, 22, 39, 19, 26, 32, 17, 30, 36, 33, 2, 4, 14, 10, 8, 23, 24, 34, 20, 18, 25, 6, 13, 7, 38, 1, 16, 0, 15, 5, 11, 9, 35, 12, 37]",1551,3.3836309909820557
"[28, 31, 3, 21, 27, 29, 22, 39, 19, 26, 32, 17, 30, 36, 33, 2, 4, 14, 10, 8, 23, 24, 34, 20, 18, 25, 6, 13, 7, 38, 1, 16, 0, 15, 5, 11, 9, 35, 12, 37]",1551,"[28, 31, 3, 21, 27, 29, 22, 39, 19, 26, 32, 17, 30, 36, 33, 2, 4, 14, 10, 8, 23, 24, 34, 20, 18, 25, 6, 13, 7, 38, 1, 16, 0, 15, 5, 11, 9, 35, 12, 37]",1551,3.4267308712005615
"[28, 31, 3, 21, 27, 29, 22, 39, 19, 26, 32, 17, 30, 36, 33, 2, 4, 14, 10, 8, 23, 24, 34, 20, 18, 25, 6, 13, 7, 38, 1, 16, 0, 15, 5, 11, 9, 35, 12, 37]",1551,"[28, 31, 3, 21, 27, 29, 22, 39, 19, 26, 32, 17, 30, 36, 33, 2, 4, 14, 10, 8, 23, 24, 34, 20, 18, 25, 6, 13, 7, 38, 1, 16, 0, 15, 5, 11, 9, 35, 12, 37]",1551,3.469989061355591
"[28, 31, 3, 21, 27, 29, 22, 39, 19, 26, 32, 17, 30, 36, 33, 2, 4, 14, 10, 8, 23, 24, 34, 20, 18, 25, 6, 13, 7, 38, 1, 16, 0, 15, 5, 11, 9, 35, 12, 37]",1551,"[28, 31, 3, 21, 27, 29, 22, 39, 19, 26, 32, 17, 30, 36, 33, 2, 4, 14, 10, 8, 23, 24, 34, 20, 18, 25, 6, 13, 7, 38, 1, 16, 0, 15, 5, 11, 9, 35, 12, 37]",1551,3.5113561153411865
"[28, 31, 3, 21, 27, 29, 22, 39, 19, 26, 32, 17, 30, 36, 33, 2, 4, 14, 10, 8, 23, 24, 34, 20, 18, 25, 6, 13, 7, 38, 1, 16, 0, 15, 5, 11, 9, 35, 12, 37]",1551,"[28, 31, 3, 21, 27, 29, 22, 39, 19, 26, 32, 17, 30, 36, 33, 2, 4, 14, 10, 8, 23, 24, 34, 20, 18, 25, 6, 13, 7, 38, 1, 16, 0, 15, 5, 11, 9, 35, 12, 37]",1551,3.5540719032287598
"[28, 31, 3, 21, 27, 29, 22, 39, 19, 26, 32, 17, 30, 36, 33, 2, 4, 14, 10, 8, 23, 24, 34, 20, 18, 25, 6, 13, 7, 38, 1, 16, 0, 15, 5, 11, 9, 35, 12, 37]",1551,"[28, 31, 3, 21, 27, 29, 22, 39, 19, 26, 32, 17, 30, 36, 33, 2, 4, 14, 10, 8, 23, 24, 34, 20, 18, 25, 6, 13, 7, 38, 1, 16, 0, 15, 5, 11, 9, 35, 12, 37]",1551,3.597308874130249
"[28, 31, 3, 21, 27, 29, 22, 39, 19, 26, 32, 17, 30, 36, 33, 2, 4, 14, 10, 8, 23, 24, 34, 20, 18, 25, 6, 13, 7, 38, 1, 16, 0, 15, 5, 11, 9, 35, 12, 37]",1551,"[28, 31, 3, 21, 27, 29, 22, 39, 19, 26, 32, 17, 30, 36, 33, 2, 4, 14, 10, 8, 23, 24, 34, 20, 18, 25, 6, 13, 7, 38, 1, 16, 0, 15, 5, 11, 9, 35, 12, 37]",1551,3.638767957687378
"[28, 31, 3, 21, 27, 29, 22, 39, 19, 26, 32, 17, 30, 36, 33, 2, 4, 14, 10, 8, 23, 24, 34, 20, 18, 25, 6, 13, 7, 38, 1, 16, 0, 15, 5, 11, 9, 35, 12, 37]",1551,"[28, 31, 3, 21, 27, 29, 22, 39, 19, 26, 32, 17, 30, 36, 33, 2, 4, 14, 10, 8, 23, 24, 34, 20, 18, 25, 6, 13, 7, 38, 1, 16, 0, 15, 5, 11, 9, 35, 12, 37]",1551,3.680706024169922
"[28, 31, 3, 21, 27, 29, 22, 39, 19, 26, 32, 17, 30, 36, 33, 2, 4, 14, 10, 8, 23, 24, 34, 20, 18, 25, 6, 13, 7, 38, 1, 16, 0, 15, 5, 11, 9, 35, 12, 37]",1551,"[28, 31, 3, 21, 27, 29, 22, 39, 19, 26, 32, 17, 30, 36, 33, 2, 4, 14, 10, 8, 23, 24, 34, 20, 18, 25, 6, 13, 7, 38, 1, 16, 0, 15, 5, 11, 9, 35, 12, 37]",1551,3.722641944885254
"[28, 31, 3, 21, 27, 29, 22, 39, 19, 26, 32, 17, 30, 36, 33, 2, 4, 14, 10, 8, 23, 24, 34, 20, 18, 25, 6, 13, 7, 38, 1, 16, 0, 15, 5, 11, 9, 35, 12, 37]",1551,"[28, 31, 3, 21, 27, 29, 22, 39, 19, 26, 32, 17, 30, 36, 33, 2, 4, 14, 10, 8, 23, 24, 34, 20, 18, 25, 6, 13, 7, 38, 1, 16, 0, 15, 5, 11, 9, 35, 12, 37]",1551,3.7636430263519287
"[28, 31, 3, 21, 27, 29, 22, 39, 19, 26, 32, 17, 30, 36, 33, 2, 4, 14, 10, 8, 23, 24, 34, 20, 18, 25, 6, 13, 7, 38, 1, 16, 0, 15, 5, 11, 9, 35, 12, 37]",1551,"[28, 31, 3, 21, 27, 29, 22, 39, 19, 26, 32, 17, 30, 36, 33, 2, 4, 14, 10, 8, 23, 24, 34, 20, 18, 25, 6, 13, 7, 38, 1, 16, 0, 15, 5, 11, 9, 35, 12, 37]",1551,3.805359125137329
"[28, 31, 3, 21, 27, 29, 22, 39, 19, 26, 32, 17, 30, 36, 33, 2, 4, 14, 10, 8, 23, 24, 34, 20, 18, 25, 6, 13, 7, 38, 1, 16, 0, 15, 5, 11, 9, 35, 12, 37]",1551,"[28, 31, 3, 21, 27, 29, 22, 39, 19, 26, 32, 17, 30, 36, 33, 2, 4, 14, 10, 8, 23, 24, 34, 20, 18, 25, 6, 13, 7, 38, 1, 16, 0, 15, 5, 11, 9, 35, 12, 37]",1551,3.8476767539978027
"[28, 31, 3, 21, 27, 29, 22, 39, 19, 26, 32, 17, 30, 36, 33, 2, 4, 14, 10, 8, 23, 24, 34, 20, 18, 25, 6, 13, 7, 38, 1, 16, 0, 15, 5, 11, 9, 35, 12, 37]",1551,"[28, 31, 3, 21, 27, 29, 22, 39, 19, 26, 32, 17, 30, 36, 33, 2, 4, 14, 10, 8, 23, 24, 34, 20, 18, 25, 6, 13, 7, 38, 1, 16, 0, 15, 5, 11, 9, 35, 12, 37]",1551,3.889863967895508
"[28, 31, 3, 21, 27, 29, 22, 39, 19, 26, 32, 17, 30, 36, 33, 2, 4, 14, 10, 8, 23, 24, 34, 20, 18, 25, 6, 13, 7, 38, 1, 16, 0, 15, 5, 11, 9, 35, 12, 37]",1551,"[28, 31, 3, 21, 27, 29, 22, 39, 19, 26, 32, 17, 30, 36, 33, 2, 4, 14, 10, 8, 23, 24, 34, 20, 18, 25, 6, 13, 7, 38, 1, 16, 0, 15, 5, 11, 9, 35, 12, 37]",1551,3.9440009593963623
"[28, 31, 3, 21, 27, 29, 22, 39, 19, 26, 32, 17, 30, 36, 33, 2, 4, 14, 10, 8, 23, 24, 34, 20, 18, 25, 6, 13, 7, 38, 1, 16, 0, 15, 5, 11, 9, 35, 12, 37]",1551,"[28, 31, 3, 21, 27, 29, 22, 39, 19, 26, 32, 17, 30, 36, 33, 2, 4, 14, 10, 8, 23, 24, 34, 20, 18, 25, 6, 13, 7, 38, 1, 16, 0, 15, 5, 11, 9, 35, 12, 37]",1551,3.985517978668213
"[28, 31, 3, 21, 27, 29, 22, 39, 19, 26, 32, 17, 30, 36, 33, 2, 4, 14, 10, 8, 23, 24, 34, 20, 18, 25, 6, 13, 7, 38, 1, 16, 0, 15, 5, 11, 9, 35, 12, 37]",1551,"[28, 31, 3, 21, 27, 29, 22, 39, 19, 26, 32, 17, 30, 36, 33, 2, 4, 14, 10, 8, 23, 24, 34, 20, 18, 25, 6, 13, 7, 38, 1, 16, 0, 15, 5, 11, 9, 35, 12, 37]",1551,4.026625871658325
"[28, 31, 3, 21, 27, 29, 22, 39, 19, 26, 32, 17, 30, 36, 33, 2, 4, 14, 10, 8, 23, 24, 34, 20, 18, 25, 6, 13, 7, 38, 1, 16, 0, 15, 5, 11, 9, 35, 12, 37]",1551,"[28, 31, 3, 21, 27, 29, 22, 39, 19, 26, 32, 17, 30, 36, 33, 2, 4, 14, 10, 8, 23, 24, 34, 20, 18, 25, 6, 13, 7, 38, 1, 16, 0, 15, 5, 11, 9, 35, 12, 37]",1551,4.068058013916016
"[28, 31, 3, 21, 27, 29, 22, 39, 19, 26, 32, 17, 30, 36, 33, 2, 4, 14, 10, 8, 23, 24, 34, 20, 18, 25, 6, 13, 7, 38, 1, 16, 0, 15, 5, 11, 9, 35, 12, 37]",1551,"[28, 31, 3, 21, 27, 29, 22, 39, 19, 26, 32, 17, 30, 36, 33, 2, 4, 14, 10, 8, 23, 24, 34, 20, 18, 25, 6, 13, 7, 38, 1, 16, 0, 15, 5, 11, 9, 35, 12, 37]",1551,4.110188961029053
"[28, 31, 3, 21, 27, 29, 22, 39, 19, 26, 32, 17, 30, 36, 33, 2, 4, 14, 10, 8, 23, 24, 34, 20, 18, 25, 6, 13, 7, 38, 1, 16, 0, 15, 5, 11, 9, 35, 12, 37]",1551,"[28, 31, 3, 21, 27, 29, 22, 39, 19, 26, 32, 17, 30, 36, 33, 2, 4, 14, 10, 8, 23, 24, 34, 20, 18, 25, 6, 13, 7, 38, 1, 16, 0, 15, 5, 11, 9, 35, 12, 37]",1551,4.1520819664001465
"[28, 31, 3, 21, 27, 29, 22, 39, 19, 26, 32, 17, 30, 36, 33, 2, 4, 14, 10, 8, 23, 24, 34, 20, 18, 25, 6, 13, 7, 38, 1, 16, 0, 15, 5, 11, 9, 35, 12, 37]",1551,"[28, 31, 3, 21, 27, 29, 22, 39, 19, 26, 32, 17, 30, 36, 33, 2, 4, 14, 10, 8, 23, 24, 34, 20, 18, 25, 6, 13, 7, 38, 1, 16, 0, 15, 5, 11, 9, 35, 12, 37]",1551,4.194354772567749
"[28, 31, 3, 21, 27, 29, 22, 39, 19, 26, 32, 17, 30, 36, 33, 2, 4, 14, 10, 8, 23, 24, 34, 20, 18, 25, 6, 13, 7, 38, 1, 16, 0, 15, 5, 11, 9, 35, 12, 37]",1551,"[28, 31, 3, 21, 27, 29, 22, 39, 19, 26, 32, 17, 30, 36, 33, 2, 4, 14, 10, 8, 23, 24, 34, 20, 18, 25, 6, 13, 7, 38, 1, 16, 0, 15, 5, 11, 9, 35, 12, 37]",1551,4.236379146575928
"[28, 31, 3, 21, 27, 29, 22, 39, 19, 26, 32, 17, 30, 36, 33, 2, 4, 14, 10, 8, 23, 24, 34, 20, 18, 25, 6, 13, 7, 38, 1, 16, 0, 15, 5, 11, 9, 35, 12, 37]",1551,"[28, 31, 3, 21, 27, 29, 22, 39, 19, 26, 32, 17, 30, 36, 33, 2, 4, 14, 10, 8, 23, 24, 34, 20, 18, 25, 6, 13, 7, 38, 1, 16, 0, 15, 5, 11, 9, 35, 12, 37]",1551,4.277591943740845
"[28, 31, 3, 21, 27, 29, 22, 39, 19, 26, 32, 17, 30, 36, 33, 2, 4, 14, 10, 8, 23, 24, 34, 20, 18, 25, 6, 13, 7, 38, 1, 16, 0, 15, 5, 11, 9, 35, 12, 37]",1551,"[28, 31, 3, 21, 27, 29, 22, 39, 19, 26, 32, 17, 30, 36, 33, 2, 4, 14, 10, 8, 23, 24, 34, 20, 18, 25, 6, 13, 7, 38, 1, 16, 0, 15, 5, 11, 9, 35, 12, 37]",1551,4.319878101348877
"[28, 31, 3, 21, 27, 29, 22, 39, 19, 26, 32, 17, 30, 36, 33, 2, 4, 14, 10, 8, 23, 24, 34, 20, 18, 25, 6, 13, 7, 38, 1, 16, 0, 15, 5, 11, 9, 35, 12, 37]",1551,"[28, 31, 3, 21, 27, 29, 22, 39, 19, 26, 32, 17, 30, 36, 33, 2, 4, 14, 10, 8, 23, 24, 34, 20, 18, 25, 6, 13, 7, 38, 1, 16, 0, 15, 5, 11, 9, 35, 12, 37]",1551,4.36180305480957
"[28, 31, 3, 21, 27, 29, 22, 39, 19, 26, 32, 17, 30, 36, 33, 2, 4, 14, 10, 8, 23, 24, 34, 20, 18, 25, 6, 13, 7, 38, 1, 16, 0, 15, 5, 11, 9, 35, 12, 37]",1551,"[28, 31, 3, 21, 27, 29, 22, 39, 19, 26, 32, 17, 30, 36, 33, 2, 4, 14, 10, 8, 23, 24, 34, 20, 18, 25, 6, 13, 7, 38, 1, 16, 0, 15, 5, 11, 9, 35, 12, 37]",1551,4.404458999633789
"[28, 31, 3, 21, 27, 29, 22, 39, 19, 26, 32, 17, 30, 36, 33, 2, 4, 14, 10, 8, 23, 24, 34, 20, 18, 25, 6, 13, 7, 38, 1, 16, 0, 15, 5, 11, 9, 35, 12, 37]",1551,"[28, 31, 3, 21, 27, 29, 22, 39, 19, 26, 32, 17, 30, 36, 33, 2, 4, 14, 10, 8, 23, 24, 34, 20, 18, 25, 6, 13, 7, 38, 1, 16, 0, 15, 5, 11, 9, 35, 12, 37]",1551,4.445166110992432
"[28, 31, 3, 21, 27, 29, 22, 39, 19, 26, 32, 17, 30, 36, 33, 2, 4, 14, 10, 8, 23, 24, 34, 20, 18, 25, 6, 13, 7, 38, 1, 16, 0, 15, 5, 11, 9, 35, 12, 37]",1551,"[28, 31, 3, 21, 27, 29, 22, 39, 19, 26, 32, 17, 30, 36, 33, 2, 4, 14, 10, 8, 23, 24, 34, 20, 18, 25, 6, 13, 7, 38, 1, 16, 0, 15, 5, 11, 9, 35, 12, 37]",1551,4.486231088638306
"[28, 31, 3, 21, 27, 29, 22, 39, 19, 26, 32, 17, 30, 36, 33, 2, 4, 14, 10, 8, 23, 24, 34, 20, 18, 25, 6, 13, 7, 38, 1, 16, 0, 15, 5, 11, 9, 35, 12, 37]",1551,"[28, 31, 3, 21, 27, 29, 22, 39, 19, 26, 32, 17, 30, 36, 33, 2, 4, 14, 10, 8, 23, 24, 34, 20, 18, 25, 6, 13, 7, 38, 1, 16, 0, 15, 5, 11, 9, 35, 12, 37]",1551,4.527537822723389
"[28, 31, 3, 21, 27, 29, 22, 39, 19, 26, 32, 17, 30, 36, 33, 2, 4, 14, 10, 8, 23, 24, 34, 20, 18, 25, 6, 13, 7, 38, 1, 16, 0, 15, 5, 11, 9, 35, 12, 37]",1551,"[28, 31, 3, 21, 27, 29, 22, 39, 19, 26, 32, 17, 30, 36, 33, 2, 4, 14, 10, 8, 23, 24, 34, 20, 18, 25, 6, 13, 7, 38, 1, 16, 0, 15, 5, 11, 9, 35, 12, 37]",1551,4.569516897201538
"[28, 31, 3, 21, 27, 29, 22, 39, 19, 26, 32, 17, 30, 36, 33, 2, 4, 14, 10, 8, 23, 24, 34, 20, 18, 25, 6, 13, 7, 38, 1, 16, 0, 15, 5, 11, 9, 35, 12, 37]",1551,"[28, 31, 3, 21, 27, 29, 22, 39, 19, 26, 32, 17, 30, 36, 33, 2, 4, 14, 10, 8, 23, 24, 34, 20, 18, 25, 6, 13, 7, 38, 1, 16, 0, 15, 5, 11, 9, 35, 12, 37]",1551,4.611227035522461
"[28, 31, 3, 21, 27, 29, 22, 39, 19, 26, 32, 17, 30, 36, 33, 2, 4, 14, 10, 8, 23, 24, 34, 20, 18, 25, 6, 13, 7, 38, 1, 16, 0, 15, 5, 11, 9, 35, 12, 37]",1551,"[28, 31, 3, 21, 27, 29, 22, 39, 19, 26, 32, 17, 30, 36, 33, 2, 4, 14, 10, 8, 23, 24, 34, 20, 18, 25, 6, 13, 7, 38, 1, 16, 0, 15, 5, 11, 9, 35, 12, 37]",1551,4.6545751094818115
"[28, 31, 3, 21, 27, 29, 22, 39, 19, 26, 32, 17, 30, 36, 33, 2, 4, 14, 10, 8, 23, 24, 34, 20, 18, 25, 6, 13, 7, 38, 1, 16, 0, 15, 5, 11, 9, 35, 12, 37]",1551,"[28, 31, 3, 21, 27, 29, 22, 39, 19, 26, 32, 17, 30, 36, 33, 2, 4, 14, 10, 8, 23, 24, 34, 20, 18, 25, 6, 13, 7, 38, 1, 16, 0, 15, 5, 11, 9, 35, 12, 37]",1551,4.697678089141846
"[28, 31, 3, 21, 27, 29, 22, 39, 19, 26, 32, 17, 30, 36, 33, 2, 4, 14, 10, 8, 23, 24, 34, 20, 18, 25, 6, 13, 7, 38, 1, 16, 0, 15, 5, 11, 9, 35, 12, 37]",1551,"[28, 31, 3, 21, 27, 29, 22, 39, 19, 26, 32, 17, 30, 36, 33, 2, 4, 14, 10, 8, 23, 24, 34, 20, 18, 25, 6, 13, 7, 38, 1, 16, 0, 15, 5, 11, 9, 35, 12, 37]",1551,4.740401744842529
"[28, 31, 3, 21, 27, 29, 22, 39, 19, 26, 32, 17, 30, 36, 33, 2, 4, 14, 10, 8, 23, 24, 34, 20, 18, 25, 6, 13, 7, 38, 1, 16, 0, 15, 5, 11, 9, 35, 12, 37]",1551,"[28, 31, 3, 21, 27, 29, 22, 39, 19, 26, 32, 17, 30, 36, 33, 2, 4, 14, 10, 8, 23, 24, 34, 20, 18, 25, 6, 13, 7, 38, 1, 16, 0, 15, 5, 11, 9, 35, 12, 37]",1551,4.7821009159088135
"[28, 31, 3, 21, 27, 29, 22, 39, 19, 26, 32, 17, 30, 36, 33, 2, 4, 14, 10, 8, 23, 24, 34, 20, 18, 25, 6, 13, 7, 38, 1, 16, 0, 15, 5, 11, 9, 35, 12, 37]",1551,"[28, 31, 3, 21, 27, 29, 22, 39, 19, 26, 32, 17, 30, 36, 33, 2, 4, 14, 10, 8, 23, 24, 34, 20, 18, 25, 6, 13, 7, 38, 1, 16, 0, 15, 5, 11, 9, 35, 12, 37]",1551,4.824694871902466
"[28, 31, 3, 21, 27, 29, 22, 39, 19, 26, 32, 17, 30, 36, 33, 2, 4, 14, 10, 8, 23, 24, 34, 20, 18, 25, 6, 13, 7, 38, 1, 16, 0, 15, 5, 11, 9, 35, 12, 37]",1551,"[28, 31, 3, 21, 27, 29, 22, 39, 19, 26, 32, 17, 30, 36, 33, 2, 4, 14, 10, 8, 23, 24, 34, 20, 18, 25, 6, 13, 7, 38, 1, 16, 0, 15, 5, 11, 9, 35, 12, 37]",1551,4.865309953689575
"[28, 31, 3, 21, 27, 29, 22, 39, 19, 26, 32, 17, 30, 36, 33, 2, 4, 14, 10, 8, 23, 24, 34, 20, 18, 25, 6, 13, 7, 38, 1, 16, 0, 15, 5, 11, 9, 35, 12, 37]",1551,"[28, 31, 3, 21, 27, 29, 22, 39, 19, 26, 32, 17, 30, 36, 33, 2, 4, 14, 10, 8, 23, 24, 34, 20, 18, 25, 6, 13, 7, 38, 1, 16, 0, 15, 5, 11, 9, 35, 12, 37]",1551,4.907338857650757
"[28, 31, 3, 21, 27, 29, 22, 39, 19, 26, 32, 17, 30, 36, 33, 2, 4, 14, 10, 8, 23, 24, 34, 20, 18, 25, 6, 13, 7, 38, 1, 16, 0, 15, 5, 11, 9, 35, 12, 37]",1551,"[28, 31, 3, 21, 27, 29, 22, 39, 19, 26, 32, 17, 30, 36, 33, 2, 4, 14, 10, 8, 23, 24, 34, 20, 18, 25, 6, 13, 7, 38, 1, 16, 0, 15, 5, 11, 9, 35, 12, 37]",1551,4.948992013931274
"[28, 31, 3, 21, 27, 29, 22, 39, 19, 26, 32, 17, 30, 36, 33, 2, 4, 14, 10, 8, 23, 24, 34, 20, 18, 25, 6, 13, 7, 38, 1, 16, 0, 15, 5, 11, 9, 35, 12, 37]",1551,"[28, 31, 3, 21, 27, 29, 22, 39, 19, 26, 32, 17, 30, 36, 33, 2, 4, 14, 10, 8, 23, 24, 34, 20, 18, 25, 6, 13, 7, 38, 1, 16, 0, 15, 5, 11, 9, 35, 12, 37]",1551,4.993006944656372
"[28, 31, 3, 21, 27, 29, 22, 39, 19, 26, 32, 17, 30, 36, 33, 2, 4, 14, 10, 8, 23, 24, 34, 20, 18, 25, 6, 13, 7, 38, 1, 16, 0, 15, 5, 11, 9, 35, 12, 37]",1551,"[28, 31, 3, 21, 27, 29, 22, 39, 19, 26, 32, 17, 30, 36, 33, 2, 4, 14, 10, 8, 23, 24, 34, 20, 18, 25, 6, 13, 7, 38, 1, 16, 0, 15, 5, 11, 9, 35, 12, 37]",1551,5.0348639488220215
"[28, 31, 3, 21, 27, 29, 22, 39, 19, 26, 32, 17, 30, 36, 33, 2, 4, 14, 10, 8, 23, 24, 34, 20, 18, 25, 6, 13, 7, 38, 1, 16, 0, 15, 5, 11, 9, 35, 12, 37]",1551,"[28, 31, 3, 21, 27, 29, 22, 39, 19, 26, 32, 17, 30, 36, 33, 2, 4, 14, 10, 8, 23, 24, 34, 20, 18, 25, 6, 13, 7, 38, 1, 16, 0, 15, 5, 11, 9, 35, 12, 37]",1551,5.076313018798828
"[28, 31, 3, 21, 27, 29, 22, 39, 19, 26, 32, 17, 30, 36, 33, 2, 4, 14, 10, 8, 23, 24, 34, 20, 18, 25, 6, 13, 7, 38, 1, 16, 0, 15, 5, 11, 9, 35, 12, 37]",1551,"[28, 31, 3, 21, 27, 29, 22, 39, 19, 26, 32, 17, 30, 36, 33, 2, 4, 14, 10, 8, 23, 24, 34, 20, 18, 25, 6, 13, 7, 38, 1, 16, 0, 15, 5, 11, 9, 35, 12, 37]",1551,5.1174681186676025
"[28, 31, 3, 21, 27, 29, 22, 39, 19, 26, 32, 17, 30, 36, 33, 2, 4, 14, 10, 8, 23, 24, 34, 20, 18, 25, 6, 13, 7, 38, 1, 16, 0, 15, 5, 11, 9, 35, 12, 37]",1551,"[28, 31, 3, 21, 27, 29, 22, 39, 19, 26, 32, 17, 30, 36, 33, 2, 4, 14, 10, 8, 23, 24, 34, 20, 18, 25, 6, 13, 7, 38, 1, 16, 0, 15, 5, 11, 9, 35, 12, 37]",1551,5.158791780471802
"[28, 31, 3, 21, 27, 29, 22, 39, 19, 26, 32, 17, 30, 36, 33, 2, 4, 14, 10, 8, 23, 24, 34, 20, 18, 25, 6, 13, 7, 38, 1, 16, 0, 15, 5, 11, 9, 35, 12, 37]",1551,"[28, 31, 3, 21, 27, 29, 22, 39, 19, 26, 32, 17, 30, 36, 33, 2, 4, 14, 10, 8, 23, 24, 34, 20, 18, 25, 6, 13, 7, 38, 1, 16, 0, 15, 5, 11, 9, 35, 12, 37]",1551,5.200779914855957
"[28, 31, 3, 21, 27, 29, 22, 39, 19, 26, 32, 17, 30, 36, 33, 2, 4, 14, 10, 8, 23, 24, 34, 20, 18, 25, 6, 13, 7, 38, 1, 16, 0, 15, 5, 11, 9, 35, 12, 37]",1551,"[28, 31, 3, 21, 27, 29, 22, 39, 19, 26, 32, 17, 30, 36, 33, 2, 4, 14, 10, 8, 23, 24, 34, 20, 18, 25, 6, 13, 7, 38, 1, 16, 0, 15, 5, 11, 9, 35, 12, 37]",1551,5.241940021514893
"[28, 31, 3, 21, 27, 29, 22, 39, 19, 26, 32, 17, 30, 36, 33, 2, 4, 14, 10, 8, 23, 24, 34, 20, 18, 25, 6, 13, 7, 38, 1, 16, 0, 15, 5, 11, 9, 35, 12, 37]",1551,"[28, 31, 3, 21, 27, 29, 22, 39, 19, 26, 32, 17, 30, 36, 33, 2, 4, 14, 10, 8, 23, 24, 34, 20, 18, 25, 6, 13, 7, 38, 1, 16, 0, 15, 5, 11, 9, 35, 12, 37]",1551,5.28555703163147
"[28, 31, 3, 21, 27, 29, 22, 39, 19, 26, 32, 17, 30, 36, 33, 2, 4, 14, 10, 8, 23, 24, 34, 20, 18, 25, 6, 13, 7, 38, 1, 16, 0, 15, 5, 11, 9, 35, 12, 37]",1551,"[28, 31, 3, 21, 27, 29, 22, 39, 19, 26, 32, 17, 30, 36, 33, 2, 4, 14, 10, 8, 23, 24, 34, 20, 18, 25, 6, 13, 7, 38, 1, 16, 0, 15, 5, 11, 9, 35, 12, 37]",1551,5.327563047409058
"[28, 31, 3, 21, 27, 29, 22, 39, 19, 26, 32, 17, 30, 36, 33, 2, 4, 14, 10, 8, 23, 24, 34, 20, 18, 25, 6, 13, 7, 38, 1, 16, 0, 15, 5, 11, 9, 35, 12, 37]",1551,"[28, 31, 3, 21, 27, 29, 22, 39, 19, 26, 32, 17, 30, 36, 33, 2, 4, 14, 10, 8, 23, 24, 34, 20, 18, 25, 6, 13, 7, 38, 1, 16, 0, 15, 5, 11, 9, 35, 12, 37]",1551,5.368022918701172
"[28, 31, 3, 21, 27, 29, 22, 39, 19, 26, 32, 17, 30, 36, 33, 2, 4, 14, 10, 8, 23, 24, 34, 20, 18, 25, 6, 13, 7, 38, 1, 16, 0, 15, 5, 11, 9, 35, 12, 37]",1551,"[28, 31, 3, 21, 27, 29, 22, 39, 19, 26, 32, 17, 30, 36, 33, 2, 4, 14, 10, 8, 23, 24, 34, 20, 18, 25, 6, 13, 7, 38, 1, 16, 0, 15, 5, 11, 9, 35, 12, 37]",1551,5.409275054931641
"[28, 31, 3, 21, 27, 29, 22, 39, 19, 26, 32, 17, 30, 36, 33, 2, 4, 14, 10, 8, 23, 24, 34, 20, 18, 25, 6, 13, 7, 38, 1, 16, 0, 15, 5, 11, 9, 35, 12, 37]",1551,"[28, 31, 3, 21, 27, 29, 22, 39, 19, 26, 32, 17, 30, 36, 33, 2, 4, 14, 10, 8, 23, 24, 34, 20, 18, 25, 6, 13, 7, 38, 1, 16, 0, 15, 5, 11, 9, 35, 12, 37]",1551,5.450279951095581
"[28, 31, 3, 21, 27, 29, 22, 39, 19, 26, 32, 17, 30, 36, 33, 2, 4, 14, 10, 8, 23, 24, 34, 20, 18, 25, 6, 13, 7, 38, 1, 16, 0, 15, 5, 11, 9, 35, 12, 37]",1551,"[28, 31, 3, 21, 27, 29, 22, 39, 19, 26, 32, 17, 30, 36, 33, 2, 4, 14, 10, 8, 23, 24, 34, 20, 18, 25, 6, 13, 7, 38, 1, 16, 0, 15, 5, 11, 9, 35, 12, 37]",1551,5.491836071014404
"[28, 31, 3, 21, 27, 29, 22, 39, 19, 26, 32, 17, 30, 36, 33, 2, 4, 14, 10, 8, 23, 24, 34, 20, 18, 25, 6, 13, 7, 38, 1, 16, 0, 15, 5, 11, 9, 35, 12, 37]",1551,"[28, 31, 3, 21, 27, 29, 22, 39, 19, 26, 32, 17, 30, 36, 33, 2, 4, 14, 10, 8, 23, 24, 34, 20, 18, 25, 6, 13, 7, 38, 1, 16, 0, 15, 5, 11, 9, 35, 12, 37]",1551,5.533375978469849
"[28, 31, 3, 21, 27, 29, 22, 39, 19, 26, 32, 17, 30, 36, 33, 2, 4, 14, 10, 8, 23, 24, 34, 20, 18, 25, 6, 13, 7, 38, 1, 16, 0, 15, 5, 11, 9, 35, 12, 37]",1551,"[28, 31, 3, 21, 27, 29, 22, 39, 19, 26, 32, 17, 30, 36, 33, 2, 4, 14, 10, 8, 23, 24, 34, 20, 18, 25, 6, 13, 7, 38, 1, 16, 0, 15, 5, 11, 9, 35, 12, 37]",1551,5.57473087310791
"[28, 31, 3, 21, 27, 29, 22, 39, 19, 26, 32, 17, 30, 36, 33, 2, 4, 14, 10, 8, 23, 24, 34, 20, 18, 25, 6, 13, 7, 38, 1, 16, 0, 15, 5, 11, 9, 35, 12, 37]",1551,"[28, 31, 3, 21, 27, 29, 22, 39, 19, 26, 32, 17, 30, 36, 33, 2, 4, 14, 10, 8, 23, 24, 34, 20, 18, 25, 6, 13, 7, 38, 1, 16, 0, 15, 5, 11, 9, 35, 12, 37]",1551,5.61806583404541
"[28, 31, 3, 21, 27, 29, 22, 39, 19, 26, 32, 17, 30, 36, 33, 2, 4, 14, 10, 8, 23, 24, 34, 20, 18, 25, 6, 13, 7, 38, 1, 16, 0, 15, 5, 11, 9, 35, 12, 37]",1551,"[28, 31, 3, 21, 27, 29, 22, 39, 19, 26, 32, 17, 30, 36, 33, 2, 4, 14, 10, 8, 23, 24, 34, 20, 18, 25, 6, 13, 7, 38, 1, 16, 0, 15, 5, 11, 9, 35, 12, 37]",1551,5.660604000091553
"[28, 31, 3, 21, 27, 29, 22, 39, 19, 26, 32, 17, 30, 36, 33, 2, 4, 14, 10, 8, 23, 24, 34, 20, 18, 25, 6, 13, 7, 38, 1, 16, 0, 15, 5, 11, 9, 35, 12, 37]",1551,"[28, 31, 3, 21, 27, 29, 22, 39, 19, 26, 32, 17, 30, 36, 33, 2, 4, 14, 10, 8, 23, 24, 34, 20, 18, 25, 6, 13, 7, 38, 1, 16, 0, 15, 5, 11, 9, 35, 12, 37]",1551,5.70275092124939
"[28, 31, 3, 21, 27, 29, 22, 39, 19, 26, 32, 17, 30, 36, 33, 2, 4, 14, 10, 8, 23, 24, 34, 20, 18, 25, 6, 13, 7, 38, 1, 16, 0, 15, 5, 11, 9, 35, 12, 37]",1551,"[28, 31, 3, 21, 27, 29, 22, 39, 19, 26, 32, 17, 30, 36, 33, 2, 4, 14, 10, 8, 23, 24, 34, 20, 18, 25, 6, 13, 7, 38, 1, 16, 0, 15, 5, 11, 9, 35, 12, 37]",1551,5.743789911270142
"[28, 31, 3, 21, 27, 29, 22, 39, 19, 26, 32, 17, 30, 36, 33, 2, 4, 14, 10, 8, 23, 24, 34, 20, 18, 25, 6, 13, 7, 38, 1, 16, 0, 15, 5, 11, 9, 35, 12, 37]",1551,"[28, 31, 3, 21, 27, 29, 22, 39, 19, 26, 32, 17, 30, 36, 33, 2, 4, 14, 10, 8, 23, 24, 34, 20, 18, 25, 6, 13, 7, 38, 1, 16, 0, 15, 5, 11, 9, 35, 12, 37]",1551,5.786201000213623
"[28, 31, 3, 21, 27, 29, 22, 39, 19, 26, 32, 17, 30, 36, 33, 2, 4, 14, 10, 8, 23, 24, 34, 20, 18, 25, 6, 13, 7, 38, 1, 16, 0, 15, 5, 11, 9, 35, 12, 37]",1551,"[28, 31, 3, 21, 27, 29, 22, 39, 19, 26, 32, 17, 30, 36, 33, 2, 4, 14, 10, 8, 23, 24, 34, 20, 18, 25, 6, 13, 7, 38, 1, 16, 0, 15, 5, 11, 9, 35, 12, 37]",1551,5.827294826507568
"[28, 31, 3, 21, 27, 29, 22, 39, 19, 26, 32, 17, 30, 36, 33, 2, 4, 14, 10, 8, 23, 24, 34, 20, 18, 25, 6, 13, 7, 38, 1, 16, 0, 15, 5, 11, 9, 35, 12, 37]",1551,"[28, 31, 3, 21, 27, 29, 22, 39, 19, 26, 32, 17, 30, 36, 33, 2, 4, 14, 10, 8, 23, 24, 34, 20, 18, 25, 6, 13, 7, 38, 1, 16, 0, 15, 5, 11, 9, 35, 12, 37]",1551,5.868626832962036
"[28, 31, 3, 21, 27, 29, 22, 39, 19, 26, 32, 17, 30, 36, 33, 2, 4, 14, 10, 8, 23, 24, 34, 20, 18, 25, 6, 13, 7, 38, 1, 16, 0, 15, 5, 11, 9, 35, 12, 37]",1551,"[28, 31, 3, 21, 27, 29, 22, 39, 19, 26, 32, 17, 30, 36, 33, 2, 4, 14, 10, 8, 23, 24, 34, 20, 18, 25, 6, 13, 7, 38, 1, 16, 0, 15, 5, 11, 9, 35, 12, 37]",1551,5.910284996032715
"[28, 31, 3, 21, 27, 29, 22, 39, 19, 26, 32, 17, 30, 36, 33, 2, 4, 14, 10, 8, 23, 24, 34, 20, 18, 25, 6, 13, 7, 38, 1, 16, 0, 15, 5, 11, 9, 35, 12, 37]",1551,"[28, 31, 3, 21, 27, 29, 22, 39, 19, 26, 32, 17, 30, 36, 33, 2, 4, 14, 10, 8, 23, 24, 34, 20, 18, 25, 6, 13, 7, 38, 1, 16, 0, 15, 5, 11, 9, 35, 12, 37]",1551,5.951566934585571
"[28, 31, 3, 21, 27, 29, 22, 39, 19, 26, 32, 17, 30, 36, 33, 2, 4, 14, 10, 8, 23, 24, 34, 20, 18, 25, 6, 13, 7, 38, 1, 16, 0, 15, 5, 11, 9, 35, 12, 37]",1551,"[28, 31, 3, 21, 27, 29, 22, 39, 19, 26, 32, 17, 30, 36, 33, 2, 4, 14, 10, 8, 23, 24, 34, 20, 18, 25, 6, 13, 7, 38, 1, 16, 0, 15, 5, 11, 9, 35, 12, 37]",1551,5.992444038391113
"[28, 31, 3, 21, 27, 29, 22, 39, 19, 26, 32, 17, 30, 36, 33, 2, 4, 14, 10, 8, 23, 24, 34, 20, 18, 25, 6, 13, 7, 38, 1, 16, 0, 15, 5, 11, 9, 35, 12, 37]",1551,"[28, 31, 3, 21, 27, 29, 22, 39, 19, 26, 32, 17, 30, 36, 33, 2, 4, 14, 10, 8, 23, 24, 34, 20, 18, 25, 6, 13, 7, 38, 1, 16, 0, 15, 5, 11, 9, 35, 12, 37]",1551,6.034369945526123
"[28, 31, 3, 21, 27, 29, 22, 39, 19, 26, 32, 17, 30, 36, 33, 2, 4, 14, 10, 8, 23, 24, 34, 20, 18, 25, 6, 13, 7, 38, 1, 16, 0, 15, 5, 11, 9, 35, 12, 37]",1551,"[28, 31, 3, 21, 27, 29, 22, 39, 19, 26, 32, 17, 30, 36, 33, 2, 4, 14, 10, 8, 23, 24, 34, 20, 18, 25, 6, 13, 7, 38, 1, 16, 0, 15, 5, 11, 9, 35, 12, 37]",1551,6.076160907745361
"[28, 31, 3, 21, 27, 29, 22, 39, 19, 26, 32, 17, 30, 36, 33, 2, 4, 14, 10, 8, 23, 24, 34, 20, 18, 25, 6, 13, 7, 38, 1, 16, 0, 15, 5, 11, 9, 35, 12, 37]",1551,"[28, 31, 3, 21, 27, 29, 22, 39, 19, 26, 32, 17, 30, 36, 33, 2, 4, 14, 10, 8, 23, 24, 34, 20, 18, 25, 6, 13, 7, 38, 1, 16, 0, 15, 5, 11, 9, 35, 12, 37]",1551,6.118300199508667
"[28, 31, 3, 21, 27, 29, 22, 39, 19, 26, 32, 17, 30, 36, 33, 2, 4, 14, 10, 8, 23, 24, 34, 20, 18, 25, 6, 13, 7, 38, 1, 16, 0, 15, 5, 11, 9, 35, 12, 37]",1551,"[28, 31, 3, 21, 27, 29, 22, 39, 19, 26, 32, 17, 30, 36, 33, 2, 4, 14, 10, 8, 23, 24, 34, 20, 18, 25, 6, 13, 7, 38, 1, 16, 0, 15, 5, 11, 9, 35, 12, 37]",1551,6.1595799922943115
"[28, 31, 3, 21, 27, 29, 22, 39, 19, 26, 32, 17, 30, 36, 33, 2, 4, 14, 10, 8, 23, 24, 34, 20, 18, 25, 6, 13, 7, 38, 1, 16, 0, 15, 5, 11, 9, 35, 12, 37]",1551,"[28, 31, 3, 21, 27, 29, 22, 39, 19, 26, 32, 17, 30, 36, 33, 2, 4, 14, 10, 8, 23, 24, 34, 20, 18, 25, 6, 13, 7, 38, 1, 16, 0, 15, 5, 11, 9, 35, 12, 37]",1551,6.202455043792725
"[28, 31, 3, 21, 27, 29, 22, 39, 19, 26, 32, 17, 30, 36, 33, 2, 4, 14, 10, 8, 23, 24, 34, 20, 18, 25, 6, 13, 7, 38, 1, 16, 0, 15, 5, 11, 9, 35, 12, 37]",1551,"[28, 31, 3, 21, 27, 29, 22, 39, 19, 26, 32, 17, 30, 36, 33, 2, 4, 14, 10, 8, 23, 24, 34, 20, 18, 25, 6, 13, 7, 38, 1, 16, 0, 15, 5, 11, 9, 35, 12, 37]",1551,6.244232892990112
"[28, 31, 3, 21, 27, 29, 22, 39, 19, 26, 32, 17, 30, 36, 33, 2, 4, 14, 10, 8, 23, 24, 34, 20, 18, 25, 6, 13, 7, 38, 1, 16, 0, 15, 5, 11, 9, 35, 12, 37]",1551,"[28, 31, 3, 21, 27, 29, 22, 39, 19, 26, 32, 17, 30, 36, 33, 2, 4, 14, 10, 8, 23, 24, 34, 20, 18, 25, 6, 13, 7, 38, 1, 16, 0, 15, 5, 11, 9, 35, 12, 37]",1551,6.285339117050171
"[28, 31, 3, 21, 27, 29, 22, 39, 19, 26, 32, 17, 30, 36, 33, 2, 4, 14, 10, 8, 23, 24, 34, 20, 18, 25, 6, 13, 7, 38, 1, 16, 0, 15, 5, 11, 9, 35, 12, 37]",1551,"[28, 31, 3, 21, 27, 29, 22, 39, 19, 26, 32, 17, 30, 36, 33, 2, 4, 14, 10, 8, 23, 24, 34, 20, 18, 25, 6, 13, 7, 38, 1, 16, 0, 15, 5, 11, 9, 35, 12, 37]",1551,6.327240943908691
"[28, 31, 3, 21, 27, 29, 22, 39, 19, 26, 32, 17, 30, 36, 33, 2, 4, 14, 10, 8, 23, 24, 34, 20, 18, 25, 6, 13, 7, 38, 1, 16, 0, 15, 5, 11, 9, 35, 12, 37]",1551,"[28, 31, 3, 21, 27, 29, 22, 39, 19, 26, 32, 17, 30, 36, 33, 2, 4, 14, 10, 8, 23, 24, 34, 20, 18, 25, 6, 13, 7, 38, 1, 16, 0, 15, 5, 11, 9, 35, 12, 37]",1551,6.369081020355225
"[28, 31, 3, 21, 27, 29, 22, 39, 19, 26, 32, 17, 30, 36, 33, 2, 4, 14, 10, 8, 23, 24, 34, 20, 18, 25, 6, 13, 7, 38, 1, 16, 0, 15, 5, 11, 9, 35, 12, 37]",1551,"[28, 31, 3, 21, 27, 29, 22, 39, 19, 26, 32, 17, 30, 36, 33, 2, 4, 14, 10, 8, 23, 24, 34, 20, 18, 25, 6, 13, 7, 38, 1, 16, 0, 15, 5, 11, 9, 35, 12, 37]",1551,6.409834861755371
"[28, 31, 3, 21, 27, 29, 22, 39, 19, 26, 32, 17, 30, 36, 33, 2, 4, 14, 10, 8, 23, 24, 34, 20, 18, 25, 6, 13, 7, 38, 1, 16, 0, 15, 5, 11, 9, 35, 12, 37]",1551,"[28, 31, 3, 21, 27, 29, 22, 39, 19, 26, 32, 17, 30, 36, 33, 2, 4, 14, 10, 8, 23, 24, 34, 20, 18, 25, 6, 13, 7, 38, 1, 16, 0, 15, 5, 11, 9, 35, 12, 37]",1551,6.4513258934021
"[28, 31, 3, 21, 27, 29, 22, 39, 19, 26, 32, 17, 30, 36, 33, 2, 4, 14, 10, 8, 23, 24, 34, 20, 18, 25, 6, 13, 7, 38, 1, 16, 0, 15, 5, 11, 9, 35, 12, 37]",1551,"[28, 31, 3, 21, 27, 29, 22, 39, 19, 26, 32, 17, 30, 36, 33, 2, 4, 14, 10, 8, 23, 24, 34, 20, 18, 25, 6, 13, 7, 38, 1, 16, 0, 15, 5, 11, 9, 35, 12, 37]",1551,6.494422912597656
"[28, 31, 3, 21, 27, 29, 22, 39, 19, 26, 32, 17, 30, 36, 33, 2, 4, 14, 10, 8, 23, 24, 34, 20, 18, 25, 6, 13, 7, 38, 1, 16, 0, 15, 5, 11, 9, 35, 12, 37]",1551,"[28, 31, 3, 21, 27, 29, 22, 39, 19, 26, 32, 17, 30, 36, 33, 2, 4, 14, 10, 8, 23, 24, 34, 20, 18, 25, 6, 13, 7, 38, 1, 16, 0, 15, 5, 11, 9, 35, 12, 37]",1551,6.536423921585083
"[28, 31, 3, 21, 27, 29, 22, 39, 19, 26, 32, 17, 30, 36, 33, 2, 4, 14, 10, 8, 23, 24, 34, 20, 18, 25, 6, 13, 7, 38, 1, 16, 0, 15, 5, 11, 9, 35, 12, 37]",1551,"[28, 31, 3, 21, 27, 29, 22, 39, 19, 26, 32, 17, 30, 36, 33, 2, 4, 14, 10, 8, 23, 24, 34, 20, 18, 25, 6, 13, 7, 38, 1, 16, 0, 15, 5, 11, 9, 35, 12, 37]",1551,6.59106707572937
"[28, 31, 3, 21, 27, 29, 22, 39, 19, 26, 32, 17, 30, 36, 33, 2, 4, 14, 10, 8, 23, 24, 34, 20, 18, 25, 6, 13, 7, 38, 1, 16, 0, 15, 5, 11, 9, 35, 12, 37]",1551,"[28, 31, 3, 21, 27, 29, 22, 39, 19, 26, 32, 17, 30, 36, 33, 2, 4, 14, 10, 8, 23, 24, 34, 20, 18, 25, 6, 13, 7, 38, 1, 16, 0, 15, 5, 11, 9, 35, 12, 37]",1551,6.632584810256958
"[28, 31, 3, 21, 27, 29, 22, 39, 19, 26, 32, 17, 30, 36, 33, 2, 4, 14, 10, 8, 23, 24, 34, 20, 18, 25, 6, 13, 7, 38, 1, 16, 0, 15, 5, 11, 9, 35, 12, 37]",1551,"[28, 31, 3, 21, 27, 29, 22, 39, 19, 26, 32, 17, 30, 36, 33, 2, 4, 14, 10, 8, 23, 24, 34, 20, 18, 25, 6, 13, 7, 38, 1, 16, 0, 15, 5, 11, 9, 35, 12, 37]",1551,6.674967050552368
"[28, 31, 3, 21, 27, 29, 22, 39, 19, 26, 32, 17, 30, 36, 33, 2, 4, 14, 10, 8, 23, 24, 34, 20, 18, 25, 6, 13, 7, 38, 1, 16, 0, 15, 5, 11, 9, 35, 12, 37]",1551,"[28, 31, 3, 21, 27, 29, 22, 39, 19, 26, 32, 17, 30, 36, 33, 2, 4, 14, 10, 8, 23, 24, 34, 20, 18, 25, 6, 13, 7, 38, 1, 16, 0, 15, 5, 11, 9, 35, 12, 37]",1551,6.7179858684539795
"[28, 31, 3, 21, 27, 29, 22, 39, 19, 26, 32, 17, 30, 36, 33, 2, 4, 14, 10, 8, 23, 24, 34, 20, 18, 25, 6, 13, 7, 38, 1, 16, 0, 15, 5, 11, 9, 35, 12, 37]",1551,"[28, 31, 3, 21, 27, 29, 22, 39, 19, 26, 32, 17, 30, 36, 33, 2, 4, 14, 10, 8, 23, 24, 34, 20, 18, 25, 6, 13, 7, 38, 1, 16, 0, 15, 5, 11, 9, 35, 12, 37]",1551,6.759261846542358
"[28, 31, 3, 21, 27, 29, 22, 39, 19, 26, 32, 17, 30, 36, 33, 2, 4, 14, 10, 8, 23, 24, 34, 20, 18, 25, 6, 13, 7, 38, 1, 16, 0, 15, 5, 11, 9, 35, 12, 37]",1551,"[28, 31, 3, 21, 27, 29, 22, 39, 19, 26, 32, 17, 30, 36, 33, 2, 4, 14, 10, 8, 23, 24, 34, 20, 18, 25, 6, 13, 7, 38, 1, 16, 0, 15, 5, 11, 9, 35, 12, 37]",1551,6.801138877868652
"[28, 31, 3, 21, 27, 29, 22, 39, 19, 26, 32, 17, 30, 36, 33, 2, 4, 14, 10, 8, 23, 24, 34, 20, 18, 25, 6, 13, 7, 38, 1, 16, 0, 15, 5, 11, 9, 35, 12, 37]",1551,"[28, 31, 3, 21, 27, 29, 22, 39, 19, 26, 32, 17, 30, 36, 33, 2, 4, 14, 10, 8, 23, 24, 34, 20, 18, 25, 6, 13, 7, 38, 1, 16, 0, 15, 5, 11, 9, 35, 12, 37]",1551,6.842483997344971
"[28, 31, 3, 21, 27, 29, 22, 39, 19, 26, 32, 17, 30, 36, 33, 2, 4, 14, 10, 8, 23, 24, 34, 20, 18, 25, 6, 13, 7, 38, 1, 16, 0, 15, 5, 11, 9, 35, 12, 37]",1551,"[28, 31, 3, 21, 27, 29, 22, 39, 19, 26, 32, 17, 30, 36, 33, 2, 4, 14, 10, 8, 23, 24, 34, 20, 18, 25, 6, 13, 7, 38, 1, 16, 0, 15, 5, 11, 9, 35, 12, 37]",1551,6.88534688949585
"[28, 31, 3, 21, 27, 29, 22, 39, 19, 26, 32, 17, 30, 36, 33, 2, 4, 14, 10, 8, 23, 24, 34, 20, 18, 25, 6, 13, 7, 38, 1, 16, 0, 15, 5, 11, 9, 35, 12, 37]",1551,"[28, 31, 3, 21, 27, 29, 22, 39, 19, 26, 32, 17, 30, 36, 33, 2, 4, 14, 10, 8, 23, 24, 34, 20, 18, 25, 6, 13, 7, 38, 1, 16, 0, 15, 5, 11, 9, 35, 12, 37]",1551,6.92618989944458
"[28, 31, 3, 21, 27, 29, 22, 39, 19, 26, 32, 17, 30, 36, 33, 2, 4, 14, 10, 8, 23, 24, 34, 20, 18, 25, 6, 13, 7, 38, 1, 16, 0, 15, 5, 11, 9, 35, 12, 37]",1551,"[28, 31, 3, 21, 27, 29, 22, 39, 19, 26, 32, 17, 30, 36, 33, 2, 4, 14, 10, 8, 23, 24, 34, 20, 18, 25, 6, 13, 7, 38, 1, 16, 0, 15, 5, 11, 9, 35, 12, 37]",1551,6.967232942581177
"[28, 31, 3, 21, 27, 29, 22, 39, 19, 26, 32, 17, 30, 36, 33, 2, 4, 14, 10, 8, 23, 24, 34, 20, 18, 25, 6, 13, 7, 38, 1, 16, 0, 15, 5, 11, 9, 35, 12, 37]",1551,"[28, 31, 3, 21, 27, 29, 22, 39, 19, 26, 32, 17, 30, 36, 33, 2, 4, 14, 10, 8, 23, 24, 34, 20, 18, 25, 6, 13, 7, 38, 1, 16, 0, 15, 5, 11, 9, 35, 12, 37]",1551,7.008538007736206
"[28, 31, 3, 21, 27, 29, 22, 39, 19, 26, 32, 17, 30, 36, 33, 2, 4, 14, 10, 8, 23, 24, 34, 20, 18, 25, 6, 13, 7, 38, 1, 16, 0, 15, 5, 11, 9, 35, 12, 37]",1551,"[28, 31, 3, 21, 27, 29, 22, 39, 19, 26, 32, 17, 30, 36, 33, 2, 4, 14, 10, 8, 23, 24, 34, 20, 18, 25, 6, 13, 7, 38, 1, 16, 0, 15, 5, 11, 9, 35, 12, 37]",1551,7.0496509075164795
"[28, 31, 3, 21, 27, 29, 22, 39, 19, 26, 32, 17, 30, 36, 33, 2, 4, 14, 10, 8, 23, 24, 34, 20, 18, 25, 6, 13, 7, 38, 1, 16, 0, 15, 5, 11, 9, 35, 12, 37]",1551,"[28, 31, 3, 21, 27, 29, 22, 39, 19, 26, 32, 17, 30, 36, 33, 2, 4, 14, 10, 8, 23, 24, 34, 20, 18, 25, 6, 13, 7, 38, 1, 16, 0, 15, 5, 11, 9, 35, 12, 37]",1551,7.090691089630127
"[28, 31, 3, 21, 27, 29, 22, 39, 19, 26, 32, 17, 30, 36, 33, 2, 4, 14, 10, 8, 23, 24, 34, 20, 18, 25, 6, 13, 7, 38, 1, 16, 0, 15, 5, 11, 9, 35, 12, 37]",1551,"[28, 31, 3, 21, 27, 29, 22, 39, 19, 26, 32, 17, 30, 36, 33, 2, 4, 14, 10, 8, 23, 24, 34, 20, 18, 25, 6, 13, 7, 38, 1, 16, 0, 15, 5, 11, 9, 35, 12, 37]",1551,7.134535789489746
"[28, 31, 3, 21, 27, 29, 22, 39, 19, 26, 32, 17, 30, 36, 33, 2, 4, 14, 10, 8, 23, 24, 34, 20, 18, 25, 6, 13, 7, 38, 1, 16, 0, 15, 5, 11, 9, 35, 12, 37]",1551,"[28, 31, 3, 21, 27, 29, 22, 39, 19, 26, 32, 17, 30, 36, 33, 2, 4, 14, 10, 8, 23, 24, 34, 20, 18, 25, 6, 13, 7, 38, 1, 16, 0, 15, 5, 11, 9, 35, 12, 37]",1551,7.176224946975708
"[28, 31, 3, 21, 27, 29, 22, 39, 19, 26, 32, 17, 30, 36, 33, 2, 4, 14, 10, 8, 23, 24, 34, 20, 18, 25, 6, 13, 7, 38, 1, 16, 0, 15, 5, 11, 9, 35, 12, 37]",1551,"[28, 31, 3, 21, 27, 29, 22, 39, 19, 26, 32, 17, 30, 36, 33, 2, 4, 14, 10, 8, 23, 24, 34, 20, 18, 25, 6, 13, 7, 38, 1, 16, 0, 15, 5, 11, 9, 35, 12, 37]",1551,7.217488050460815
"[28, 31, 3, 21, 27, 29, 22, 39, 19, 26, 32, 17, 30, 36, 33, 2, 4, 14, 10, 8, 23, 24, 34, 20, 18, 25, 6, 13, 7, 38, 1, 16, 0, 15, 5, 11, 9, 35, 12, 37]",1551,"[28, 31, 3, 21, 27, 29, 22, 39, 19, 26, 32, 17, 30, 36, 33, 2, 4, 14, 10, 8, 23, 24, 34, 20, 18, 25, 6, 13, 7, 38, 1, 16, 0, 15, 5, 11, 9, 35, 12, 37]",1551,7.25904107093811
"[28, 31, 3, 21, 27, 29, 22, 39, 19, 26, 32, 17, 30, 36, 33, 2, 4, 14, 10, 8, 23, 24, 34, 20, 18, 25, 6, 13, 7, 38, 1, 16, 0, 15, 5, 11, 9, 35, 12, 37]",1551,"[28, 31, 3, 21, 27, 29, 22, 39, 19, 26, 32, 17, 30, 36, 33, 2, 4, 14, 10, 8, 23, 24, 34, 20, 18, 25, 6, 13, 7, 38, 1, 16, 0, 15, 5, 11, 9, 35, 12, 37]",1551,7.300540208816528
"[28, 31, 3, 21, 27, 29, 22, 39, 19, 26, 32, 17, 30, 36, 33, 2, 4, 14, 10, 8, 23, 24, 34, 20, 18, 25, 6, 13, 7, 38, 1, 16, 0, 15, 5, 11, 9, 35, 12, 37]",1551,"[28, 31, 3, 21, 27, 29, 22, 39, 19, 26, 32, 17, 30, 36, 33, 2, 4, 14, 10, 8, 23, 24, 34, 20, 18, 25, 6, 13, 7, 38, 1, 16, 0, 15, 5, 11, 9, 35, 12, 37]",1551,7.341791868209839
"[28, 31, 3, 21, 27, 29, 22, 39, 19, 26, 32, 17, 30, 36, 33, 2, 4, 14, 10, 8, 23, 24, 34, 20, 18, 25, 6, 13, 7, 38, 1, 16, 0, 15, 5, 11, 9, 35, 12, 37]",1551,"[28, 31, 3, 21, 27, 29, 22, 39, 19, 26, 32, 17, 30, 36, 33, 2, 4, 14, 10, 8, 23, 24, 34, 20, 18, 25, 6, 13, 7, 38, 1, 16, 0, 15, 5, 11, 9, 35, 12, 37]",1551,7.386168956756592
"[28, 31, 3, 21, 27, 29, 22, 39, 19, 26, 32, 17, 30, 36, 33, 2, 4, 14, 10, 8, 23, 24, 34, 20, 18, 25, 6, 13, 7, 38, 1, 16, 0, 15, 5, 11, 9, 35, 12, 37]",1551,"[28, 31, 3, 21, 27, 29, 22, 39, 19, 26, 32, 17, 30, 36, 33, 2, 4, 14, 10, 8, 23, 24, 34, 20, 18, 25, 6, 13, 7, 38, 1, 16, 0, 15, 5, 11, 9, 35, 12, 37]",1551,7.4281699657440186
"[28, 31, 3, 21, 27, 29, 22, 39, 19, 26, 32, 17, 30, 36, 33, 2, 4, 14, 10, 8, 23, 24, 34, 20, 18, 25, 6, 13, 7, 38, 1, 16, 0, 15, 5, 11, 9, 35, 12, 37]",1551,"[28, 31, 3, 21, 27, 29, 22, 39, 19, 26, 32, 17, 30, 36, 33, 2, 4, 14, 10, 8, 23, 24, 34, 20, 18, 25, 6, 13, 7, 38, 1, 16, 0, 15, 5, 11, 9, 35, 12, 37]",1551,7.470564126968384
"[28, 31, 3, 21, 27, 29, 22, 39, 19, 26, 32, 17, 30, 36, 33, 2, 4, 14, 10, 8, 23, 24, 34, 20, 18, 25, 6, 13, 7, 38, 1, 16, 0, 15, 5, 11, 9, 35, 12, 37]",1551,"[28, 31, 3, 21, 27, 29, 22, 39, 19, 26, 32, 17, 30, 36, 33, 2, 4, 14, 10, 8, 23, 24, 34, 20, 18, 25, 6, 13, 7, 38, 1, 16, 0, 15, 5, 11, 9, 35, 12, 37]",1551,7.511328935623169
"[28, 31, 3, 21, 27, 29, 22, 39, 19, 26, 32, 17, 30, 36, 33, 2, 4, 14, 10, 8, 23, 24, 34, 20, 18, 25, 6, 13, 7, 38, 1, 16, 0, 15, 5, 11, 9, 35, 12, 37]",1551,"[28, 31, 3, 21, 27, 29, 22, 39, 19, 26, 32, 17, 30, 36, 33, 2, 4, 14, 10, 8, 23, 24, 34, 20, 18, 25, 6, 13, 7, 38, 1, 16, 0, 15, 5, 11, 9, 35, 12, 37]",1551,7.552695035934448
"[28, 31, 3, 21, 27, 29, 22, 39, 19, 26, 32, 17, 30, 36, 33, 2, 4, 14, 10, 8, 23, 24, 34, 20, 18, 25, 6, 13, 7, 38, 1, 16, 0, 15, 5, 11, 9, 35, 12, 37]",1551,"[28, 31, 3, 21, 27, 29, 22, 39, 19, 26, 32, 17, 30, 36, 33, 2, 4, 14, 10, 8, 23, 24, 34, 20, 18, 25, 6, 13, 7, 38, 1, 16, 0, 15, 5, 11, 9, 35, 12, 37]",1551,7.595278978347778
"[28, 31, 3, 21, 27, 29, 22, 39, 19, 26, 32, 17, 30, 36, 33, 2, 4, 14, 10, 8, 23, 24, 34, 20, 18, 25, 6, 13, 7, 38, 1, 16, 0, 15, 5, 11, 9, 35, 12, 37]",1551,"[28, 31, 3, 21, 27, 29, 22, 39, 19, 26, 32, 17, 30, 36, 33, 2, 4, 14, 10, 8, 23, 24, 34, 20, 18, 25, 6, 13, 7, 38, 1, 16, 0, 15, 5, 11, 9, 35, 12, 37]",1551,7.636868000030518
"[28, 31, 3, 21, 27, 29, 22, 39, 19, 26, 32, 17, 30, 36, 33, 2, 4, 14, 10, 8, 23, 24, 34, 20, 18, 25, 6, 13, 7, 38, 1, 16, 0, 15, 5, 11, 9, 35, 12, 37]",1551,"[28, 31, 3, 21, 27, 29, 22, 39, 19, 26, 32, 17, 30, 36, 33, 2, 4, 14, 10, 8, 23, 24, 34, 20, 18, 25, 6, 13, 7, 38, 1, 16, 0, 15, 5, 11, 9, 35, 12, 37]",1551,7.68125581741333
"[28, 31, 3, 21, 27, 29, 22, 39, 19, 26, 32, 17, 30, 36, 33, 2, 4, 14, 10, 8, 23, 24, 34, 20, 18, 25, 6, 13, 7, 38, 1, 16, 0, 15, 5, 11, 9, 35, 12, 37]",1551,"[28, 31, 3, 21, 27, 29, 22, 39, 19, 26, 32, 17, 30, 36, 33, 2, 4, 14, 10, 8, 23, 24, 34, 20, 18, 25, 6, 13, 7, 38, 1, 16, 0, 15, 5, 11, 9, 35, 12, 37]",1551,7.72248387336731
"[28, 31, 3, 21, 27, 29, 22, 39, 19, 26, 32, 17, 30, 36, 33, 2, 4, 14, 10, 8, 23, 24, 34, 20, 18, 25, 6, 13, 7, 38, 1, 16, 0, 15, 5, 11, 9, 35, 12, 37]",1551,"[28, 31, 3, 21, 27, 29, 22, 39, 19, 26, 32, 17, 30, 36, 33, 2, 4, 14, 10, 8, 23, 24, 34, 20, 18, 25, 6, 13, 7, 38, 1, 16, 0, 15, 5, 11, 9, 35, 12, 37]",1551,7.763766050338745
"[28, 31, 3, 21, 27, 29, 22, 39, 19, 26, 32, 17, 30, 36, 33, 2, 4, 14, 10, 8, 23, 24, 34, 20, 18, 25, 6, 13, 7, 38, 1, 16, 0, 15, 5, 11, 9, 35, 12, 37]",1551,"[28, 31, 3, 21, 27, 29, 22, 39, 19, 26, 32, 17, 30, 36, 33, 2, 4, 14, 10, 8, 23, 24, 34, 20, 18, 25, 6, 13, 7, 38, 1, 16, 0, 15, 5, 11, 9, 35, 12, 37]",1551,7.806925058364868
"[28, 31, 3, 21, 27, 29, 22, 39, 19, 26, 32, 17, 30, 36, 33, 2, 4, 14, 10, 8, 23, 24, 34, 20, 18, 25, 6, 13, 7, 38, 1, 16, 0, 15, 5, 11, 9, 35, 12, 37]",1551,"[28, 31, 3, 21, 27, 29, 22, 39, 19, 26, 32, 17, 30, 36, 33, 2, 4, 14, 10, 8, 23, 24, 34, 20, 18, 25, 6, 13, 7, 38, 1, 16, 0, 15, 5, 11, 9, 35, 12, 37]",1551,7.848484992980957
"[28, 31, 3, 21, 27, 29, 22, 39, 19, 26, 32, 17, 30, 36, 33, 2, 4, 14, 10, 8, 23, 24, 34, 20, 18, 25, 6, 13, 7, 38, 1, 16, 0, 15, 5, 11, 9, 35, 12, 37]",1551,"[28, 31, 3, 21, 27, 29, 22, 39, 19, 26, 32, 17, 30, 36, 33, 2, 4, 14, 10, 8, 23, 24, 34, 20, 18, 25, 6, 13, 7, 38, 1, 16, 0, 15, 5, 11, 9, 35, 12, 37]",1551,7.889420986175537
"[28, 31, 3, 21, 27, 29, 22, 39, 19, 26, 32, 17, 30, 36, 33, 2, 4, 14, 10, 8, 23, 24, 34, 20, 18, 25, 6, 13, 7, 38, 1, 16, 0, 15, 5, 11, 9, 35, 12, 37]",1551,"[28, 31, 3, 21, 27, 29, 22, 39, 19, 26, 32, 17, 30, 36, 33, 2, 4, 14, 10, 8, 23, 24, 34, 20, 18, 25, 6, 13, 7, 38, 1, 16, 0, 15, 5, 11, 9, 35, 12, 37]",1551,7.932412147521973
"[28, 31, 3, 21, 27, 29, 22, 39, 19, 26, 32, 17, 30, 36, 33, 2, 4, 14, 10, 8, 23, 24, 34, 20, 18, 25, 6, 13, 7, 38, 1, 16, 0, 15, 5, 11, 9, 35, 12, 37]",1551,"[28, 31, 3, 21, 27, 29, 22, 39, 19, 26, 32, 17, 30, 36, 33, 2, 4, 14, 10, 8, 23, 24, 34, 20, 18, 25, 6, 13, 7, 38, 1, 16, 0, 15, 5, 11, 9, 35, 12, 37]",1551,7.974523067474365
"[28, 31, 3, 21, 27, 29, 22, 39, 19, 26, 32, 17, 30, 36, 33, 2, 4, 14, 10, 8, 23, 24, 34, 20, 18, 25, 6, 13, 7, 38, 1, 16, 0, 15, 5, 11, 9, 35, 12, 37]",1551,"[28, 31, 3, 21, 27, 29, 22, 39, 19, 26, 32, 17, 30, 36, 33, 2, 4, 14, 10, 8, 23, 24, 34, 20, 18, 25, 6, 13, 7, 38, 1, 16, 0, 15, 5, 11, 9, 35, 12, 37]",1551,8.015665054321289
"[28, 31, 3, 21, 27, 29, 22, 39, 19, 26, 32, 17, 30, 36, 33, 2, 4, 14, 10, 8, 23, 24, 34, 20, 18, 25, 6, 13, 7, 38, 1, 16, 0, 15, 5, 11, 9, 35, 12, 37]",1551,"[28, 31, 3, 21, 27, 29, 22, 39, 19, 26, 32, 17, 30, 36, 33, 2, 4, 14, 10, 8, 23, 24, 34, 20, 18, 25, 6, 13, 7, 38, 1, 16, 0, 15, 5, 11, 9, 35, 12, 37]",1551,8.056654930114746
"[28, 31, 3, 21, 27, 29, 22, 39, 19, 26, 32, 17, 30, 36, 33, 2, 4, 14, 10, 8, 23, 24, 34, 20, 18, 25, 6, 13, 7, 38, 1, 16, 0, 15, 5, 11, 9, 35, 12, 37]",1551,"[28, 31, 3, 21, 27, 29, 22, 39, 19, 26, 32, 17, 30, 36, 33, 2, 4, 14, 10, 8, 23, 24, 34, 20, 18, 25, 6, 13, 7, 38, 1, 16, 0, 15, 5, 11, 9, 35, 12, 37]",1551,8.097372770309448
"[28, 31, 3, 21, 27, 29, 22, 39, 19, 26, 32, 17, 30, 36, 33, 2, 4, 14, 10, 8, 23, 24, 34, 20, 18, 25, 6, 13, 7, 38, 1, 16, 0, 15, 5, 11, 9, 35, 12, 37]",1551,"[28, 31, 3, 21, 27, 29, 22, 39, 19, 26, 32, 17, 30, 36, 33, 2, 4, 14, 10, 8, 23, 24, 34, 20, 18, 25, 6, 13, 7, 38, 1, 16, 0, 15, 5, 11, 9, 35, 12, 37]",1551,8.14087700843811
"[28, 31, 3, 21, 27, 29, 22, 39, 19, 26, 32, 17, 30, 36, 33, 2, 4, 14, 10, 8, 23, 24, 34, 20, 18, 25, 6, 13, 7, 38, 1, 16, 0, 15, 5, 11, 9, 35, 12, 37]",1551,"[28, 31, 3, 21, 27, 29, 22, 39, 19, 26, 32, 17, 30, 36, 33, 2, 4, 14, 10, 8, 23, 24, 34, 20, 18, 25, 6, 13, 7, 38, 1, 16, 0, 15, 5, 11, 9, 35, 12, 37]",1551,8.181740999221802
"[28, 31, 3, 21, 27, 29, 22, 39, 19, 26, 32, 17, 30, 36, 33, 2, 4, 14, 10, 8, 23, 24, 34, 20, 18, 25, 6, 13, 7, 38, 1, 16, 0, 15, 5, 11, 9, 35, 12, 37]",1551,"[28, 31, 3, 21, 27, 29, 22, 39, 19, 26, 32, 17, 30, 36, 33, 2, 4, 14, 10, 8, 23, 24, 34, 20, 18, 25, 6, 13, 7, 38, 1, 16, 0, 15, 5, 11, 9, 35, 12, 37]",1551,8.224178791046143
"[28, 31, 3, 21, 27, 29, 22, 39, 19, 26, 32, 17, 30, 36, 33, 2, 4, 14, 10, 8, 23, 24, 34, 20, 18, 25, 6, 13, 7, 38, 1, 16, 0, 15, 5, 11, 9, 35, 12, 37]",1551,"[28, 31, 3, 21, 27, 29, 22, 39, 19, 26, 32, 17, 30, 36, 33, 2, 4, 14, 10, 8, 23, 24, 34, 20, 18, 25, 6, 13, 7, 38, 1, 16, 0, 15, 5, 11, 9, 35, 12, 37]",1551,8.265671968460083
"[28, 31, 3, 21, 27, 29, 22, 39, 19, 26, 32, 17, 30, 36, 33, 2, 4, 14, 10, 8, 23, 24, 34, 20, 18, 25, 6, 13, 7, 38, 1, 16, 0, 15, 5, 11, 9, 35, 12, 37]",1551,"[28, 31, 3, 21, 27, 29, 22, 39, 19, 26, 32, 17, 30, 36, 33, 2, 4, 14, 10, 8, 23, 24, 34, 20, 18, 25, 6, 13, 7, 38, 1, 16, 0, 15, 5, 11, 9, 35, 12, 37]",1551,8.306780099868774
"[28, 31, 3, 21, 27, 29, 22, 39, 19, 26, 32, 17, 30, 36, 33, 2, 4, 14, 10, 8, 23, 24, 34, 20, 18, 25, 6, 13, 7, 38, 1, 16, 0, 15, 5, 11, 9, 35, 12, 37]",1551,"[28, 31, 3, 21, 27, 29, 22, 39, 19, 26, 32, 17, 30, 36, 33, 2, 4, 14, 10, 8, 23, 24, 34, 20, 18, 25, 6, 13, 7, 38, 1, 16, 0, 15, 5, 11, 9, 35, 12, 37]",1551,8.350658893585205
"[28, 31, 3, 21, 27, 29, 22, 39, 19, 26, 32, 17, 30, 36, 33, 2, 4, 14, 10, 8, 23, 24, 34, 20, 18, 25, 6, 13, 7, 38, 1, 16, 0, 15, 5, 11, 9, 35, 12, 37]",1551,"[28, 31, 3, 21, 27, 29, 22, 39, 19, 26, 32, 17, 30, 36, 33, 2, 4, 14, 10, 8, 23, 24, 34, 20, 18, 25, 6, 13, 7, 38, 1, 16, 0, 15, 5, 11, 9, 35, 12, 37]",1551,8.393972873687744
"[28, 31, 3, 21, 27, 29, 22, 39, 19, 26, 32, 17, 30, 36, 33, 2, 4, 14, 10, 8, 23, 24, 34, 20, 18, 25, 6, 13, 7, 38, 1, 16, 0, 15, 5, 11, 9, 35, 12, 37]",1551,"[28, 31, 3, 21, 27, 29, 22, 39, 19, 26, 32, 17, 30, 36, 33, 2, 4, 14, 10, 8, 23, 24, 34, 20, 18, 25, 6, 13, 7, 38, 1, 16, 0, 15, 5, 11, 9, 35, 12, 37]",1551,8.435165882110596
