Sequence,Fitness,Best_sequence,Best_fitness,Time
"[0, 1, 2, 3, 4, 5, 6, 7, 8, 9, 10, 11, 12, 13, 14, 15, 16, 17, 18, 19]",74,"[0, 1, 2, 3, 4, 5, 6, 7, 8, 9, 10, 11, 12, 13, 14, 15, 16, 17, 18, 19]",74,2.5033950805664062e-05
"[0, 1, 2, 3, 4, 5, 6, 7, 8, 9, 10, 11, 12, 13, 14, 15, 16, 17, 18, 19]",74,"[0, 1, 2, 3, 4, 5, 6, 7, 8, 9, 10, 11, 12, 13, 14, 15, 16, 17, 18, 19]",74,0.03475022315979004
"[0, 1, 2, 3, 4, 5, 6, 7, 8, 9, 10, 11, 12, 13, 14, 15, 16, 17, 18, 19]",74,"[0, 1, 2, 3, 4, 5, 6, 7, 8, 9, 10, 11, 12, 13, 14, 15, 16, 17, 18, 19]",74,0.06832003593444824
"[0, 1, 2, 3, 4, 5, 6, 7, 8, 9, 10, 11, 12, 13, 14, 15, 16, 17, 18, 19]",74,"[0, 1, 2, 3, 4, 5, 6, 7, 8, 9, 10, 11, 12, 13, 14, 15, 16, 17, 18, 19]",74,0.10251522064208984
"[0, 1, 2, 3, 4, 5, 6, 7, 8, 9, 10, 11, 12, 13, 14, 15, 16, 17, 18, 19]",74,"[0, 1, 2, 3, 4, 5, 6, 7, 8, 9, 10, 11, 12, 13, 14, 15, 16, 17, 18, 19]",74,0.1360008716583252
"[0, 1, 2, 3, 4, 15, 6, 7, 8, 9, 10, 11, 12, 13, 14, 5, 16, 17, 18, 19]",65,"[0, 1, 2, 3, 4, 15, 6, 7, 8, 9, 10, 11, 12, 13, 14, 5, 16, 17, 18, 19]",65,0.16893792152404785
"[0, 1, 2, 3, 4, 15, 6, 7, 8, 9, 10, 11, 12, 13, 14, 5, 16, 17, 18, 19]",65,"[0, 1, 2, 3, 4, 15, 6, 7, 8, 9, 10, 11, 12, 13, 14, 5, 16, 17, 18, 19]",65,0.2034468650817871
"[0, 1, 2, 3, 4, 15, 6, 7, 8, 9, 10, 11, 12, 13, 14, 5, 16, 17, 18, 19]",65,"[0, 1, 2, 3, 4, 15, 6, 7, 8, 9, 10, 11, 12, 13, 14, 5, 16, 17, 18, 19]",65,0.23626422882080078
"[0, 1, 2, 3, 4, 15, 6, 7, 8, 9, 10, 11, 12, 13, 14, 5, 16, 17, 18, 19]",65,"[0, 1, 2, 3, 4, 15, 6, 7, 8, 9, 10, 11, 12, 13, 14, 5, 16, 17, 18, 19]",65,0.2690868377685547
"[0, 1, 2, 3, 4, 15, 6, 7, 8, 9, 10, 11, 12, 13, 14, 5, 16, 17, 18, 19]",65,"[0, 1, 2, 3, 4, 15, 6, 7, 8, 9, 10, 11, 12, 13, 14, 5, 16, 17, 18, 19]",65,0.30309104919433594
"[0, 1, 2, 3, 4, 15, 6, 7, 8, 9, 10, 11, 12, 13, 14, 5, 16, 17, 18, 19]",65,"[0, 1, 2, 3, 4, 15, 6, 7, 8, 9, 10, 11, 12, 13, 14, 5, 16, 17, 18, 19]",65,0.3422889709472656
"[0, 1, 2, 3, 4, 15, 6, 7, 8, 9, 10, 11, 12, 13, 14, 5, 16, 17, 18, 19]",65,"[0, 1, 2, 3, 4, 15, 6, 7, 8, 9, 10, 11, 12, 13, 14, 5, 16, 17, 18, 19]",65,0.3757801055908203
"[0, 1, 2, 3, 4, 15, 6, 7, 8, 9, 10, 11, 12, 13, 14, 5, 16, 17, 18, 19]",65,"[0, 1, 2, 3, 4, 15, 6, 7, 8, 9, 10, 11, 12, 13, 14, 5, 16, 17, 18, 19]",65,0.41072821617126465
"[0, 1, 2, 3, 9, 15, 6, 7, 8, 4, 10, 11, 12, 13, 14, 5, 16, 17, 18, 19]",62,"[0, 1, 2, 3, 9, 15, 6, 7, 8, 4, 10, 11, 12, 13, 14, 5, 16, 17, 18, 19]",62,0.44429993629455566
"[17, 1, 2, 3, 9, 15, 6, 7, 8, 4, 10, 11, 12, 13, 14, 5, 16, 0, 18, 19]",56,"[17, 1, 2, 3, 9, 15, 6, 7, 8, 4, 10, 11, 12, 13, 14, 5, 16, 0, 18, 19]",56,0.47907018661499023
"[17, 1, 2, 3, 9, 15, 6, 7, 8, 4, 10, 11, 12, 13, 14, 5, 16, 0, 18, 19]",56,"[17, 1, 2, 3, 9, 15, 6, 7, 8, 4, 10, 11, 12, 13, 14, 5, 16, 0, 18, 19]",56,0.5120439529418945
"[17, 1, 2, 3, 9, 15, 6, 7, 8, 4, 10, 11, 12, 13, 14, 5, 16, 0, 18, 19]",56,"[17, 1, 2, 3, 9, 15, 6, 7, 8, 4, 10, 11, 12, 13, 14, 5, 16, 0, 18, 19]",56,0.5450332164764404
"[1, 17, 2, 3, 9, 15, 6, 7, 8, 4, 10, 11, 12, 13, 14, 5, 16, 0, 18, 19]",53,"[1, 17, 2, 3, 9, 15, 6, 7, 8, 4, 10, 11, 12, 13, 14, 5, 16, 0, 18, 19]",53,0.5790450572967529
"[1, 17, 2, 3, 9, 15, 6, 7, 8, 4, 10, 11, 12, 13, 14, 5, 16, 0, 18, 19]",53,"[1, 17, 2, 3, 9, 15, 6, 7, 8, 4, 10, 11, 12, 13, 14, 5, 16, 0, 18, 19]",53,0.6246280670166016
"[1, 17, 2, 3, 9, 15, 6, 7, 8, 4, 10, 11, 12, 13, 14, 5, 16, 0, 18, 19]",53,"[1, 17, 2, 3, 9, 15, 6, 7, 8, 4, 10, 11, 12, 13, 14, 5, 16, 0, 18, 19]",53,0.6619439125061035
"[1, 17, 2, 3, 9, 15, 6, 7, 8, 4, 10, 11, 12, 13, 14, 5, 16, 0, 18, 19]",53,"[1, 17, 2, 3, 9, 15, 6, 7, 8, 4, 10, 11, 12, 13, 14, 5, 16, 0, 18, 19]",53,0.6956000328063965
"[1, 17, 2, 3, 9, 15, 6, 7, 8, 4, 10, 11, 12, 13, 14, 5, 16, 0, 18, 19]",53,"[1, 17, 2, 3, 9, 15, 6, 7, 8, 4, 10, 11, 12, 13, 14, 5, 16, 0, 18, 19]",53,0.7287211418151855
"[1, 17, 2, 3, 9, 15, 6, 7, 8, 4, 10, 11, 12, 13, 14, 5, 16, 0, 18, 19]",53,"[1, 17, 2, 3, 9, 15, 6, 7, 8, 4, 10, 11, 12, 13, 14, 5, 16, 0, 18, 19]",53,0.7622630596160889
"[1, 17, 2, 3, 9, 15, 6, 7, 8, 4, 10, 11, 12, 13, 14, 5, 16, 0, 18, 19]",53,"[1, 17, 2, 3, 9, 15, 6, 7, 8, 4, 10, 11, 12, 13, 14, 5, 16, 0, 18, 19]",53,0.796422004699707
"[1, 17, 2, 3, 9, 15, 6, 7, 8, 4, 10, 11, 12, 13, 14, 5, 16, 0, 18, 19]",53,"[1, 17, 2, 3, 9, 15, 6, 7, 8, 4, 10, 11, 12, 13, 14, 5, 16, 0, 18, 19]",53,0.8301842212677002
"[1, 17, 2, 3, 9, 15, 6, 7, 8, 4, 10, 11, 12, 13, 14, 5, 16, 0, 18, 19]",53,"[1, 17, 2, 3, 9, 15, 6, 7, 8, 4, 10, 11, 12, 13, 14, 5, 16, 0, 18, 19]",53,0.8629300594329834
"[1, 17, 2, 3, 9, 15, 6, 7, 8, 4, 10, 11, 12, 13, 14, 5, 16, 0, 18, 19]",53,"[1, 17, 2, 3, 9, 15, 6, 7, 8, 4, 10, 11, 12, 13, 14, 5, 16, 0, 18, 19]",53,0.8979229927062988
"[1, 17, 2, 3, 9, 15, 6, 7, 8, 4, 10, 11, 12, 13, 14, 5, 16, 0, 18, 19]",53,"[1, 17, 2, 3, 9, 15, 6, 7, 8, 4, 10, 11, 12, 13, 14, 5, 16, 0, 18, 19]",53,0.9329650402069092
"[1, 17, 2, 3, 9, 15, 6, 7, 8, 4, 10, 11, 12, 13, 14, 5, 16, 0, 18, 19]",53,"[1, 17, 2, 3, 9, 15, 6, 7, 8, 4, 10, 11, 12, 13, 14, 5, 16, 0, 18, 19]",53,0.9731099605560303
"[1, 17, 2, 3, 9, 15, 6, 7, 8, 4, 10, 11, 12, 13, 14, 5, 16, 0, 18, 19]",53,"[1, 17, 2, 3, 9, 15, 6, 7, 8, 4, 10, 11, 12, 13, 14, 5, 16, 0, 18, 19]",53,1.0120811462402344
"[1, 17, 2, 3, 9, 15, 6, 7, 8, 4, 10, 11, 12, 13, 14, 5, 16, 0, 18, 19]",53,"[1, 17, 2, 3, 9, 15, 6, 7, 8, 4, 10, 11, 12, 13, 14, 5, 16, 0, 18, 19]",53,1.0459980964660645
"[1, 17, 2, 3, 9, 15, 6, 7, 8, 4, 10, 11, 12, 13, 14, 5, 16, 0, 18, 19]",53,"[1, 17, 2, 3, 9, 15, 6, 7, 8, 4, 10, 11, 12, 13, 14, 5, 16, 0, 18, 19]",53,1.0792601108551025
"[1, 17, 2, 3, 9, 15, 6, 7, 8, 4, 10, 11, 12, 13, 14, 5, 16, 0, 18, 19]",53,"[1, 17, 2, 3, 9, 15, 6, 7, 8, 4, 10, 11, 12, 13, 14, 5, 16, 0, 18, 19]",53,1.113327980041504
"[1, 17, 2, 3, 9, 15, 6, 7, 8, 4, 10, 11, 12, 13, 14, 5, 16, 0, 18, 19]",53,"[1, 17, 2, 3, 9, 15, 6, 7, 8, 4, 10, 11, 12, 13, 14, 5, 16, 0, 18, 19]",53,1.1470870971679688
"[1, 17, 2, 3, 9, 15, 6, 7, 8, 4, 10, 11, 12, 13, 14, 5, 16, 0, 18, 19]",53,"[1, 17, 2, 3, 9, 15, 6, 7, 8, 4, 10, 11, 12, 13, 14, 5, 16, 0, 18, 19]",53,1.1807851791381836
"[1, 17, 2, 3, 9, 15, 6, 7, 8, 4, 10, 11, 12, 13, 14, 5, 16, 0, 18, 19]",53,"[1, 17, 2, 3, 9, 15, 6, 7, 8, 4, 10, 11, 12, 13, 14, 5, 16, 0, 18, 19]",53,1.2137620449066162
"[1, 17, 2, 3, 9, 15, 6, 7, 8, 4, 10, 11, 12, 13, 14, 5, 16, 0, 18, 19]",53,"[1, 17, 2, 3, 9, 15, 6, 7, 8, 4, 10, 11, 12, 13, 14, 5, 16, 0, 18, 19]",53,1.2473819255828857
"[1, 17, 2, 3, 9, 15, 6, 7, 8, 4, 10, 11, 12, 13, 14, 5, 16, 0, 18, 19]",53,"[1, 17, 2, 3, 9, 15, 6, 7, 8, 4, 10, 11, 12, 13, 14, 5, 16, 0, 18, 19]",53,1.2822251319885254
"[1, 17, 2, 3, 9, 15, 6, 7, 8, 4, 10, 11, 12, 13, 14, 5, 16, 0, 18, 19]",53,"[1, 17, 2, 3, 9, 15, 6, 7, 8, 4, 10, 11, 12, 13, 14, 5, 16, 0, 18, 19]",53,1.3214409351348877
"[1, 17, 2, 3, 9, 15, 6, 7, 8, 4, 10, 11, 12, 13, 14, 5, 16, 0, 18, 19]",53,"[1, 17, 2, 3, 9, 15, 6, 7, 8, 4, 10, 11, 12, 13, 14, 5, 16, 0, 18, 19]",53,1.3547329902648926
"[1, 17, 2, 3, 9, 15, 6, 7, 8, 4, 10, 11, 12, 13, 14, 5, 16, 0, 18, 19]",53,"[1, 17, 2, 3, 9, 15, 6, 7, 8, 4, 10, 11, 12, 13, 14, 5, 16, 0, 18, 19]",53,1.4067530632019043
"[1, 17, 2, 3, 9, 15, 6, 7, 8, 4, 10, 11, 12, 13, 14, 5, 16, 0, 18, 19]",53,"[1, 17, 2, 3, 9, 15, 6, 7, 8, 4, 10, 11, 12, 13, 14, 5, 16, 0, 18, 19]",53,1.4416589736938477
"[1, 17, 2, 3, 9, 15, 6, 7, 8, 4, 10, 11, 12, 13, 14, 5, 16, 0, 18, 19]",53,"[1, 17, 2, 3, 9, 15, 6, 7, 8, 4, 10, 11, 12, 13, 14, 5, 16, 0, 18, 19]",53,1.477647066116333
"[1, 17, 2, 3, 9, 15, 6, 7, 8, 4, 10, 11, 12, 13, 14, 5, 16, 0, 18, 19]",53,"[1, 17, 2, 3, 9, 15, 6, 7, 8, 4, 10, 11, 12, 13, 14, 5, 16, 0, 18, 19]",53,1.512190818786621
"[1, 17, 2, 3, 9, 15, 6, 7, 8, 4, 10, 11, 12, 13, 14, 5, 16, 0, 18, 19]",53,"[1, 17, 2, 3, 9, 15, 6, 7, 8, 4, 10, 11, 12, 13, 14, 5, 16, 0, 18, 19]",53,1.5472590923309326
"[1, 17, 2, 3, 9, 15, 6, 7, 8, 4, 10, 11, 12, 13, 14, 5, 16, 0, 18, 19]",53,"[1, 17, 2, 3, 9, 15, 6, 7, 8, 4, 10, 11, 12, 13, 14, 5, 16, 0, 18, 19]",53,1.580207109451294
"[1, 17, 2, 3, 9, 15, 6, 7, 8, 4, 10, 11, 12, 13, 14, 5, 16, 0, 18, 19]",53,"[1, 17, 2, 3, 9, 15, 6, 7, 8, 4, 10, 11, 12, 13, 14, 5, 16, 0, 18, 19]",53,1.6156132221221924
"[1, 17, 2, 3, 9, 15, 6, 7, 8, 4, 10, 11, 12, 13, 14, 5, 16, 0, 18, 19]",53,"[1, 17, 2, 3, 9, 15, 6, 7, 8, 4, 10, 11, 12, 13, 14, 5, 16, 0, 18, 19]",53,1.6517071723937988
"[1, 17, 2, 3, 9, 15, 6, 7, 8, 4, 10, 11, 12, 13, 14, 5, 16, 0, 18, 19]",53,"[1, 17, 2, 3, 9, 15, 6, 7, 8, 4, 10, 11, 12, 13, 14, 5, 16, 0, 18, 19]",53,1.6878480911254883
"[1, 17, 2, 3, 9, 15, 6, 7, 8, 4, 10, 11, 12, 13, 14, 5, 16, 0, 18, 19]",53,"[1, 17, 2, 3, 9, 15, 6, 7, 8, 4, 10, 11, 12, 13, 14, 5, 16, 0, 18, 19]",53,1.7252120971679688
"[1, 17, 2, 3, 9, 15, 6, 7, 8, 4, 10, 11, 12, 13, 14, 5, 16, 0, 18, 19]",53,"[1, 17, 2, 3, 9, 15, 6, 7, 8, 4, 10, 11, 12, 13, 14, 5, 16, 0, 18, 19]",53,1.7635810375213623
"[1, 17, 2, 3, 9, 15, 6, 7, 8, 4, 10, 11, 12, 13, 14, 5, 16, 0, 18, 19]",53,"[1, 17, 2, 3, 9, 15, 6, 7, 8, 4, 10, 11, 12, 13, 14, 5, 16, 0, 18, 19]",53,1.8004992008209229
"[1, 17, 2, 3, 9, 15, 6, 7, 8, 4, 10, 11, 12, 13, 14, 5, 16, 0, 18, 19]",53,"[1, 17, 2, 3, 9, 15, 6, 7, 8, 4, 10, 11, 12, 13, 14, 5, 16, 0, 18, 19]",53,1.8374361991882324
"[1, 17, 2, 3, 9, 15, 6, 7, 8, 4, 10, 11, 12, 13, 14, 5, 16, 0, 18, 19]",53,"[1, 17, 2, 3, 9, 15, 6, 7, 8, 4, 10, 11, 12, 13, 14, 5, 16, 0, 18, 19]",53,1.8740110397338867
"[1, 17, 2, 3, 9, 15, 6, 7, 8, 4, 10, 11, 12, 13, 14, 5, 16, 0, 18, 19]",53,"[1, 17, 2, 3, 9, 15, 6, 7, 8, 4, 10, 11, 12, 13, 14, 5, 16, 0, 18, 19]",53,1.9135711193084717
"[1, 17, 2, 3, 9, 15, 6, 7, 8, 4, 10, 11, 12, 13, 14, 5, 16, 0, 18, 19]",53,"[1, 17, 2, 3, 9, 15, 6, 7, 8, 4, 10, 11, 12, 13, 14, 5, 16, 0, 18, 19]",53,1.9548959732055664
"[1, 17, 2, 3, 9, 15, 6, 7, 8, 4, 10, 11, 12, 13, 14, 5, 16, 0, 18, 19]",53,"[1, 17, 2, 3, 9, 15, 6, 7, 8, 4, 10, 11, 12, 13, 14, 5, 16, 0, 18, 19]",53,1.9944419860839844
"[1, 17, 2, 3, 9, 15, 6, 7, 8, 4, 10, 11, 12, 13, 14, 5, 16, 0, 18, 19]",53,"[1, 17, 2, 3, 9, 15, 6, 7, 8, 4, 10, 11, 12, 13, 14, 5, 16, 0, 18, 19]",53,2.031106948852539
"[1, 17, 2, 3, 9, 15, 6, 7, 8, 4, 10, 11, 12, 13, 14, 5, 16, 0, 18, 19]",53,"[1, 17, 2, 3, 9, 15, 6, 7, 8, 4, 10, 11, 12, 13, 14, 5, 16, 0, 18, 19]",53,2.067497968673706
"[1, 17, 2, 3, 9, 15, 6, 7, 8, 4, 10, 11, 12, 13, 14, 5, 16, 0, 18, 19]",53,"[1, 17, 2, 3, 9, 15, 6, 7, 8, 4, 10, 11, 12, 13, 14, 5, 16, 0, 18, 19]",53,2.103041887283325
"[1, 17, 2, 3, 9, 15, 6, 7, 8, 4, 10, 11, 12, 13, 14, 5, 16, 0, 18, 19]",53,"[1, 17, 2, 3, 9, 15, 6, 7, 8, 4, 10, 11, 12, 13, 14, 5, 16, 0, 18, 19]",53,2.140630006790161
"[1, 17, 2, 3, 9, 15, 6, 7, 8, 4, 10, 11, 12, 13, 14, 5, 16, 0, 18, 19]",53,"[1, 17, 2, 3, 9, 15, 6, 7, 8, 4, 10, 11, 12, 13, 14, 5, 16, 0, 18, 19]",53,2.1787030696868896
"[1, 17, 2, 3, 9, 15, 6, 7, 8, 4, 10, 11, 12, 13, 14, 5, 16, 0, 18, 19]",53,"[1, 17, 2, 3, 9, 15, 6, 7, 8, 4, 10, 11, 12, 13, 14, 5, 16, 0, 18, 19]",53,2.228882074356079
"[1, 17, 2, 3, 9, 15, 6, 7, 8, 4, 10, 11, 12, 13, 14, 5, 16, 0, 18, 19]",53,"[1, 17, 2, 3, 9, 15, 6, 7, 8, 4, 10, 11, 12, 13, 14, 5, 16, 0, 18, 19]",53,2.265687942504883
"[1, 17, 2, 3, 9, 15, 6, 7, 8, 4, 10, 11, 12, 13, 14, 5, 16, 0, 18, 19]",53,"[1, 17, 2, 3, 9, 15, 6, 7, 8, 4, 10, 11, 12, 13, 14, 5, 16, 0, 18, 19]",53,2.3021302223205566
"[1, 17, 2, 3, 9, 15, 6, 7, 8, 4, 10, 11, 12, 13, 14, 5, 16, 0, 18, 19]",53,"[1, 17, 2, 3, 9, 15, 6, 7, 8, 4, 10, 11, 12, 13, 14, 5, 16, 0, 18, 19]",53,2.3371779918670654
"[1, 17, 2, 3, 9, 15, 6, 7, 8, 4, 10, 11, 12, 13, 14, 5, 16, 0, 18, 19]",53,"[1, 17, 2, 3, 9, 15, 6, 7, 8, 4, 10, 11, 12, 13, 14, 5, 16, 0, 18, 19]",53,2.3732941150665283
"[1, 17, 2, 3, 9, 15, 6, 7, 8, 4, 10, 11, 12, 13, 14, 5, 16, 0, 18, 19]",53,"[1, 17, 2, 3, 9, 15, 6, 7, 8, 4, 10, 11, 12, 13, 14, 5, 16, 0, 18, 19]",53,2.4094600677490234
"[1, 17, 2, 3, 9, 15, 6, 7, 8, 4, 10, 11, 12, 13, 14, 5, 16, 0, 18, 19]",53,"[1, 17, 2, 3, 9, 15, 6, 7, 8, 4, 10, 11, 12, 13, 14, 5, 16, 0, 18, 19]",53,2.4456539154052734
"[1, 17, 2, 3, 9, 15, 6, 7, 8, 4, 10, 11, 12, 13, 14, 5, 16, 0, 18, 19]",53,"[1, 17, 2, 3, 9, 15, 6, 7, 8, 4, 10, 11, 12, 13, 14, 5, 16, 0, 18, 19]",53,2.4822020530700684
"[1, 17, 2, 3, 9, 15, 6, 7, 8, 4, 10, 11, 12, 13, 14, 5, 16, 0, 18, 19]",53,"[1, 17, 2, 3, 9, 15, 6, 7, 8, 4, 10, 11, 12, 13, 14, 5, 16, 0, 18, 19]",53,2.5210468769073486
"[1, 17, 2, 3, 9, 15, 6, 7, 8, 4, 10, 11, 12, 13, 14, 5, 16, 0, 18, 19]",53,"[1, 17, 2, 3, 9, 15, 6, 7, 8, 4, 10, 11, 12, 13, 14, 5, 16, 0, 18, 19]",53,2.558427095413208
"[1, 17, 2, 3, 9, 15, 6, 7, 8, 4, 10, 11, 12, 13, 14, 5, 16, 0, 18, 19]",53,"[1, 17, 2, 3, 9, 15, 6, 7, 8, 4, 10, 11, 12, 13, 14, 5, 16, 0, 18, 19]",53,2.5948140621185303
"[1, 17, 2, 3, 9, 15, 6, 7, 8, 4, 10, 11, 12, 13, 14, 5, 16, 0, 18, 19]",53,"[1, 17, 2, 3, 9, 15, 6, 7, 8, 4, 10, 11, 12, 13, 14, 5, 16, 0, 18, 19]",53,2.633470058441162
"[1, 17, 2, 3, 9, 15, 6, 7, 8, 4, 10, 11, 12, 13, 14, 5, 16, 0, 18, 19]",53,"[1, 17, 2, 3, 9, 15, 6, 7, 8, 4, 10, 11, 12, 13, 14, 5, 16, 0, 18, 19]",53,2.670436143875122
"[1, 17, 2, 3, 9, 15, 6, 7, 8, 4, 10, 11, 12, 13, 14, 5, 16, 0, 18, 19]",53,"[1, 17, 2, 3, 9, 15, 6, 7, 8, 4, 10, 11, 12, 13, 14, 5, 16, 0, 18, 19]",53,2.7080979347229004
"[1, 17, 2, 3, 9, 15, 6, 7, 8, 4, 10, 11, 12, 13, 14, 5, 16, 0, 18, 19]",53,"[1, 17, 2, 3, 9, 15, 6, 7, 8, 4, 10, 11, 12, 13, 14, 5, 16, 0, 18, 19]",53,2.7447562217712402
"[1, 17, 2, 3, 9, 15, 6, 7, 8, 4, 10, 11, 12, 13, 14, 5, 16, 0, 18, 19]",53,"[1, 17, 2, 3, 9, 15, 6, 7, 8, 4, 10, 11, 12, 13, 14, 5, 16, 0, 18, 19]",53,2.7812509536743164
"[1, 17, 2, 3, 9, 15, 6, 7, 8, 4, 10, 11, 12, 13, 14, 5, 16, 0, 18, 19]",53,"[1, 17, 2, 3, 9, 15, 6, 7, 8, 4, 10, 11, 12, 13, 14, 5, 16, 0, 18, 19]",53,2.818011999130249
"[1, 17, 2, 3, 9, 15, 6, 7, 8, 4, 10, 11, 12, 13, 14, 5, 16, 0, 18, 19]",53,"[1, 17, 2, 3, 9, 15, 6, 7, 8, 4, 10, 11, 12, 13, 14, 5, 16, 0, 18, 19]",53,2.854084014892578
"[1, 17, 2, 3, 9, 15, 6, 7, 8, 4, 10, 11, 12, 13, 14, 5, 16, 0, 18, 19]",53,"[1, 17, 2, 3, 9, 15, 6, 7, 8, 4, 10, 11, 12, 13, 14, 5, 16, 0, 18, 19]",53,2.887986183166504
"[1, 17, 2, 3, 9, 15, 6, 7, 8, 4, 10, 11, 12, 13, 14, 5, 16, 0, 18, 19]",53,"[1, 17, 2, 3, 9, 15, 6, 7, 8, 4, 10, 11, 12, 13, 14, 5, 16, 0, 18, 19]",53,2.9230709075927734
"[1, 17, 2, 3, 9, 15, 6, 7, 8, 4, 10, 11, 12, 13, 14, 5, 16, 0, 18, 19]",53,"[1, 17, 2, 3, 9, 15, 6, 7, 8, 4, 10, 11, 12, 13, 14, 5, 16, 0, 18, 19]",53,2.9566051959991455
"[1, 17, 2, 3, 9, 15, 6, 7, 8, 4, 10, 11, 12, 13, 14, 5, 16, 0, 18, 19]",53,"[1, 17, 2, 3, 9, 15, 6, 7, 8, 4, 10, 11, 12, 13, 14, 5, 16, 0, 18, 19]",53,2.9899821281433105
"[1, 17, 2, 3, 9, 15, 6, 7, 8, 4, 10, 11, 12, 13, 14, 5, 16, 0, 18, 19]",53,"[1, 17, 2, 3, 9, 15, 6, 7, 8, 4, 10, 11, 12, 13, 14, 5, 16, 0, 18, 19]",53,3.036062240600586
"[1, 17, 2, 3, 9, 15, 6, 7, 8, 4, 10, 11, 12, 13, 14, 5, 16, 0, 18, 19]",53,"[1, 17, 2, 3, 9, 15, 6, 7, 8, 4, 10, 11, 12, 13, 14, 5, 16, 0, 18, 19]",53,3.0696170330047607
"[1, 17, 2, 3, 9, 15, 6, 7, 8, 4, 10, 11, 12, 13, 14, 5, 16, 0, 18, 19]",53,"[1, 17, 2, 3, 9, 15, 6, 7, 8, 4, 10, 11, 12, 13, 14, 5, 16, 0, 18, 19]",53,3.1031641960144043
"[1, 17, 2, 3, 9, 15, 6, 7, 8, 4, 10, 11, 12, 13, 14, 5, 16, 0, 18, 19]",53,"[1, 17, 2, 3, 9, 15, 6, 7, 8, 4, 10, 11, 12, 13, 14, 5, 16, 0, 18, 19]",53,3.1363120079040527
"[1, 17, 2, 3, 9, 15, 6, 7, 8, 4, 10, 11, 12, 13, 14, 5, 16, 0, 18, 19]",53,"[1, 17, 2, 3, 9, 15, 6, 7, 8, 4, 10, 11, 12, 13, 14, 5, 16, 0, 18, 19]",53,3.1736130714416504
"[1, 17, 2, 3, 9, 15, 6, 7, 8, 4, 10, 11, 12, 13, 14, 5, 16, 0, 18, 19]",53,"[1, 17, 2, 3, 9, 15, 6, 7, 8, 4, 10, 11, 12, 13, 14, 5, 16, 0, 18, 19]",53,3.2088770866394043
"[1, 17, 2, 3, 9, 15, 6, 7, 8, 4, 10, 11, 12, 13, 14, 5, 16, 0, 18, 19]",53,"[1, 17, 2, 3, 9, 15, 6, 7, 8, 4, 10, 11, 12, 13, 14, 5, 16, 0, 18, 19]",53,3.2433431148529053
"[1, 17, 2, 3, 9, 15, 6, 7, 8, 4, 10, 11, 12, 13, 14, 5, 16, 0, 18, 19]",53,"[1, 17, 2, 3, 9, 15, 6, 7, 8, 4, 10, 11, 12, 13, 14, 5, 16, 0, 18, 19]",53,3.2759132385253906
"[1, 17, 2, 3, 9, 15, 6, 7, 8, 4, 10, 11, 12, 13, 14, 5, 16, 0, 18, 19]",53,"[1, 17, 2, 3, 9, 15, 6, 7, 8, 4, 10, 11, 12, 13, 14, 5, 16, 0, 18, 19]",53,3.3093090057373047
"[1, 17, 2, 3, 9, 15, 6, 7, 8, 4, 10, 11, 12, 13, 14, 5, 16, 0, 18, 19]",53,"[1, 17, 2, 3, 9, 15, 6, 7, 8, 4, 10, 11, 12, 13, 14, 5, 16, 0, 18, 19]",53,3.3427350521087646
"[1, 17, 2, 3, 9, 15, 6, 7, 8, 4, 10, 11, 12, 13, 14, 5, 16, 0, 18, 19]",53,"[1, 17, 2, 3, 9, 15, 6, 7, 8, 4, 10, 11, 12, 13, 14, 5, 16, 0, 18, 19]",53,3.3770101070404053
"[1, 17, 2, 3, 9, 15, 6, 7, 8, 4, 10, 11, 12, 13, 14, 5, 16, 0, 18, 19]",53,"[1, 17, 2, 3, 9, 15, 6, 7, 8, 4, 10, 11, 12, 13, 14, 5, 16, 0, 18, 19]",53,3.4124209880828857
"[1, 17, 2, 3, 9, 15, 6, 7, 8, 4, 10, 11, 12, 13, 14, 5, 16, 0, 18, 19]",53,"[1, 17, 2, 3, 9, 15, 6, 7, 8, 4, 10, 11, 12, 13, 14, 5, 16, 0, 18, 19]",53,3.4472639560699463
"[1, 17, 2, 3, 9, 15, 6, 7, 8, 4, 10, 11, 12, 13, 14, 5, 16, 0, 18, 19]",53,"[1, 17, 2, 3, 9, 15, 6, 7, 8, 4, 10, 11, 12, 13, 14, 5, 16, 0, 18, 19]",53,3.480847120285034
"[1, 17, 2, 3, 9, 15, 6, 7, 8, 4, 10, 11, 12, 13, 14, 5, 16, 0, 18, 19]",53,"[1, 17, 2, 3, 9, 15, 6, 7, 8, 4, 10, 11, 12, 13, 14, 5, 16, 0, 18, 19]",53,3.515038251876831
"[1, 17, 2, 3, 9, 15, 6, 7, 8, 4, 10, 11, 12, 13, 14, 5, 16, 0, 18, 19]",53,"[1, 17, 2, 3, 9, 15, 6, 7, 8, 4, 10, 11, 12, 13, 14, 5, 16, 0, 18, 19]",53,3.549839973449707
"[1, 17, 2, 3, 9, 15, 6, 7, 8, 4, 10, 11, 12, 13, 14, 5, 16, 0, 18, 19]",53,"[1, 17, 2, 3, 9, 15, 6, 7, 8, 4, 10, 11, 12, 13, 14, 5, 16, 0, 18, 19]",53,3.583623170852661
"[1, 17, 2, 3, 9, 15, 6, 7, 8, 4, 10, 11, 12, 13, 14, 5, 16, 0, 18, 19]",53,"[1, 17, 2, 3, 9, 15, 6, 7, 8, 4, 10, 11, 12, 13, 14, 5, 16, 0, 18, 19]",53,3.6167569160461426
"[1, 17, 2, 3, 9, 15, 6, 7, 8, 4, 10, 11, 12, 13, 14, 5, 16, 0, 18, 19]",53,"[1, 17, 2, 3, 9, 15, 6, 7, 8, 4, 10, 11, 12, 13, 14, 5, 16, 0, 18, 19]",53,3.649726152420044
"[1, 17, 2, 3, 9, 15, 6, 7, 8, 4, 10, 11, 12, 13, 14, 5, 16, 0, 18, 19]",53,"[1, 17, 2, 3, 9, 15, 6, 7, 8, 4, 10, 11, 12, 13, 14, 5, 16, 0, 18, 19]",53,3.6828231811523438
"[1, 17, 2, 3, 9, 15, 6, 7, 8, 4, 10, 11, 12, 13, 14, 5, 16, 0, 18, 19]",53,"[1, 17, 2, 3, 9, 15, 6, 7, 8, 4, 10, 11, 12, 13, 14, 5, 16, 0, 18, 19]",53,3.7163989543914795
"[1, 17, 2, 3, 9, 15, 6, 7, 8, 4, 10, 11, 12, 13, 14, 5, 16, 0, 18, 19]",53,"[1, 17, 2, 3, 9, 15, 6, 7, 8, 4, 10, 11, 12, 13, 14, 5, 16, 0, 18, 19]",53,3.7495830059051514
"[1, 17, 2, 3, 9, 15, 6, 7, 8, 4, 10, 11, 12, 13, 14, 5, 16, 0, 18, 19]",53,"[1, 17, 2, 3, 9, 15, 6, 7, 8, 4, 10, 11, 12, 13, 14, 5, 16, 0, 18, 19]",53,3.7948060035705566
"[1, 17, 2, 3, 9, 15, 6, 7, 8, 4, 10, 11, 12, 13, 14, 5, 16, 0, 18, 19]",53,"[1, 17, 2, 3, 9, 15, 6, 7, 8, 4, 10, 11, 12, 13, 14, 5, 16, 0, 18, 19]",53,3.827186107635498
"[1, 17, 2, 3, 9, 15, 6, 7, 8, 4, 10, 11, 12, 13, 14, 5, 16, 0, 18, 19]",53,"[1, 17, 2, 3, 9, 15, 6, 7, 8, 4, 10, 11, 12, 13, 14, 5, 16, 0, 18, 19]",53,3.8632402420043945
"[1, 17, 2, 3, 9, 15, 6, 7, 8, 4, 10, 11, 12, 13, 14, 5, 16, 0, 18, 19]",53,"[1, 17, 2, 3, 9, 15, 6, 7, 8, 4, 10, 11, 12, 13, 14, 5, 16, 0, 18, 19]",53,3.896536111831665
"[1, 17, 2, 3, 9, 15, 6, 7, 8, 4, 10, 11, 12, 13, 14, 5, 16, 0, 18, 19]",53,"[1, 17, 2, 3, 9, 15, 6, 7, 8, 4, 10, 11, 12, 13, 14, 5, 16, 0, 18, 19]",53,3.931324005126953
"[1, 17, 2, 3, 9, 15, 6, 7, 8, 4, 10, 11, 12, 13, 14, 5, 16, 0, 18, 19]",53,"[1, 17, 2, 3, 9, 15, 6, 7, 8, 4, 10, 11, 12, 13, 14, 5, 16, 0, 18, 19]",53,3.964440107345581
"[1, 17, 2, 3, 9, 15, 6, 7, 8, 4, 10, 11, 12, 13, 14, 5, 16, 0, 18, 19]",53,"[1, 17, 2, 3, 9, 15, 6, 7, 8, 4, 10, 11, 12, 13, 14, 5, 16, 0, 18, 19]",53,3.997452974319458
"[1, 17, 2, 3, 9, 15, 6, 7, 8, 4, 10, 11, 12, 13, 14, 5, 16, 0, 18, 19]",53,"[1, 17, 2, 3, 9, 15, 6, 7, 8, 4, 10, 11, 12, 13, 14, 5, 16, 0, 18, 19]",53,4.030064105987549
"[1, 17, 2, 3, 9, 15, 6, 7, 8, 4, 10, 11, 12, 13, 14, 5, 16, 0, 18, 19]",53,"[1, 17, 2, 3, 9, 15, 6, 7, 8, 4, 10, 11, 12, 13, 14, 5, 16, 0, 18, 19]",53,4.063252925872803
"[1, 17, 2, 3, 9, 15, 6, 7, 8, 4, 10, 11, 12, 13, 14, 5, 16, 0, 18, 19]",53,"[1, 17, 2, 3, 9, 15, 6, 7, 8, 4, 10, 11, 12, 13, 14, 5, 16, 0, 18, 19]",53,4.095822095870972
"[1, 17, 2, 3, 9, 15, 6, 7, 8, 4, 10, 11, 12, 13, 14, 5, 16, 0, 18, 19]",53,"[1, 17, 2, 3, 9, 15, 6, 7, 8, 4, 10, 11, 12, 13, 14, 5, 16, 0, 18, 19]",53,4.129958152770996
"[1, 17, 2, 3, 9, 15, 6, 7, 8, 4, 10, 11, 12, 13, 14, 5, 16, 0, 18, 19]",53,"[1, 17, 2, 3, 9, 15, 6, 7, 8, 4, 10, 11, 12, 13, 14, 5, 16, 0, 18, 19]",53,4.165004014968872
"[1, 17, 2, 3, 9, 15, 6, 7, 8, 4, 10, 11, 12, 13, 14, 5, 16, 0, 18, 19]",53,"[1, 17, 2, 3, 9, 15, 6, 7, 8, 4, 10, 11, 12, 13, 14, 5, 16, 0, 18, 19]",53,4.200865983963013
"[1, 17, 2, 3, 9, 15, 6, 7, 8, 4, 10, 11, 12, 13, 14, 5, 16, 0, 18, 19]",53,"[1, 17, 2, 3, 9, 15, 6, 7, 8, 4, 10, 11, 12, 13, 14, 5, 16, 0, 18, 19]",53,4.233519077301025
"[1, 17, 2, 3, 9, 15, 6, 7, 8, 4, 10, 11, 12, 13, 14, 5, 16, 0, 18, 19]",53,"[1, 17, 2, 3, 9, 15, 6, 7, 8, 4, 10, 11, 12, 13, 14, 5, 16, 0, 18, 19]",53,4.266648054122925
"[1, 17, 2, 3, 9, 15, 6, 7, 8, 4, 10, 11, 12, 13, 14, 5, 16, 0, 18, 19]",53,"[1, 17, 2, 3, 9, 15, 6, 7, 8, 4, 10, 11, 12, 13, 14, 5, 16, 0, 18, 19]",53,4.299487829208374
"[1, 17, 2, 3, 9, 15, 6, 7, 8, 4, 10, 11, 12, 13, 14, 5, 16, 0, 18, 19]",53,"[1, 17, 2, 3, 9, 15, 6, 7, 8, 4, 10, 11, 12, 13, 14, 5, 16, 0, 18, 19]",53,4.33204197883606
"[1, 17, 2, 3, 9, 15, 6, 7, 8, 4, 10, 11, 12, 13, 14, 5, 16, 0, 18, 19]",53,"[1, 17, 2, 3, 9, 15, 6, 7, 8, 4, 10, 11, 12, 13, 14, 5, 16, 0, 18, 19]",53,4.366338014602661
"[1, 17, 2, 3, 9, 15, 6, 7, 8, 4, 10, 11, 12, 13, 14, 5, 16, 0, 18, 19]",53,"[1, 17, 2, 3, 9, 15, 6, 7, 8, 4, 10, 11, 12, 13, 14, 5, 16, 0, 18, 19]",53,4.399384021759033
"[1, 17, 2, 3, 9, 15, 6, 7, 8, 4, 10, 11, 12, 13, 14, 5, 16, 0, 18, 19]",53,"[1, 17, 2, 3, 9, 15, 6, 7, 8, 4, 10, 11, 12, 13, 14, 5, 16, 0, 18, 19]",53,4.434815883636475
"[1, 17, 2, 3, 9, 15, 6, 7, 8, 4, 10, 11, 12, 13, 14, 5, 16, 0, 18, 19]",53,"[1, 17, 2, 3, 9, 15, 6, 7, 8, 4, 10, 11, 12, 13, 14, 5, 16, 0, 18, 19]",53,4.468878984451294
"[1, 17, 2, 3, 9, 15, 6, 7, 8, 4, 10, 11, 12, 13, 14, 5, 16, 0, 18, 19]",53,"[1, 17, 2, 3, 9, 15, 6, 7, 8, 4, 10, 11, 12, 13, 14, 5, 16, 0, 18, 19]",53,4.504216909408569
"[1, 17, 2, 3, 9, 15, 6, 7, 8, 4, 10, 11, 12, 13, 14, 5, 16, 0, 18, 19]",53,"[1, 17, 2, 3, 9, 15, 6, 7, 8, 4, 10, 11, 12, 13, 14, 5, 16, 0, 18, 19]",53,4.5501439571380615
"[1, 17, 2, 3, 9, 15, 6, 7, 8, 4, 10, 11, 12, 13, 14, 5, 16, 0, 18, 19]",53,"[1, 17, 2, 3, 9, 15, 6, 7, 8, 4, 10, 11, 12, 13, 14, 5, 16, 0, 18, 19]",53,4.583760976791382
"[1, 17, 2, 3, 9, 15, 6, 7, 8, 4, 10, 11, 12, 13, 14, 5, 16, 0, 18, 19]",53,"[1, 17, 2, 3, 9, 15, 6, 7, 8, 4, 10, 11, 12, 13, 14, 5, 16, 0, 18, 19]",53,4.617127180099487
"[1, 17, 2, 3, 9, 15, 6, 7, 8, 4, 10, 11, 12, 13, 14, 5, 16, 0, 18, 19]",53,"[1, 17, 2, 3, 9, 15, 6, 7, 8, 4, 10, 11, 12, 13, 14, 5, 16, 0, 18, 19]",53,4.649796009063721
"[1, 17, 2, 3, 9, 15, 6, 7, 8, 4, 10, 11, 12, 13, 14, 5, 16, 0, 18, 19]",53,"[1, 17, 2, 3, 9, 15, 6, 7, 8, 4, 10, 11, 12, 13, 14, 5, 16, 0, 18, 19]",53,4.681987047195435
"[1, 17, 2, 3, 9, 15, 6, 7, 8, 4, 10, 11, 12, 13, 14, 5, 16, 0, 18, 19]",53,"[1, 17, 2, 3, 9, 15, 6, 7, 8, 4, 10, 11, 12, 13, 14, 5, 16, 0, 18, 19]",53,4.714231967926025
"[1, 17, 2, 3, 9, 15, 6, 7, 8, 4, 10, 11, 12, 13, 14, 5, 16, 0, 18, 19]",53,"[1, 17, 2, 3, 9, 15, 6, 7, 8, 4, 10, 11, 12, 13, 14, 5, 16, 0, 18, 19]",53,4.746976852416992
"[1, 17, 2, 3, 9, 15, 6, 7, 8, 4, 10, 11, 12, 13, 14, 5, 16, 0, 18, 19]",53,"[1, 17, 2, 3, 9, 15, 6, 7, 8, 4, 10, 11, 12, 13, 14, 5, 16, 0, 18, 19]",53,4.7796630859375
"[1, 17, 2, 3, 9, 15, 6, 7, 8, 4, 10, 11, 12, 13, 14, 5, 16, 0, 18, 19]",53,"[1, 17, 2, 3, 9, 15, 6, 7, 8, 4, 10, 11, 12, 13, 14, 5, 16, 0, 18, 19]",53,4.816256999969482
"[1, 17, 2, 3, 9, 15, 6, 7, 8, 4, 10, 11, 12, 13, 14, 5, 16, 0, 18, 19]",53,"[1, 17, 2, 3, 9, 15, 6, 7, 8, 4, 10, 11, 12, 13, 14, 5, 16, 0, 18, 19]",53,4.848758935928345
"[1, 17, 2, 3, 9, 15, 6, 7, 8, 4, 10, 11, 12, 13, 14, 5, 16, 0, 18, 19]",53,"[1, 17, 2, 3, 9, 15, 6, 7, 8, 4, 10, 11, 12, 13, 14, 5, 16, 0, 18, 19]",53,4.880980014801025
"[1, 17, 2, 3, 9, 15, 6, 7, 8, 4, 10, 11, 12, 13, 14, 5, 16, 0, 18, 19]",53,"[1, 17, 2, 3, 9, 15, 6, 7, 8, 4, 10, 11, 12, 13, 14, 5, 16, 0, 18, 19]",53,4.9141271114349365
"[1, 17, 2, 3, 9, 15, 6, 7, 8, 4, 10, 11, 12, 13, 14, 5, 16, 0, 18, 19]",53,"[1, 17, 2, 3, 9, 15, 6, 7, 8, 4, 10, 11, 12, 13, 14, 5, 16, 0, 18, 19]",53,4.949030160903931
"[1, 17, 2, 3, 9, 15, 6, 7, 8, 4, 10, 11, 12, 13, 14, 5, 16, 0, 18, 19]",53,"[1, 17, 2, 3, 9, 15, 6, 7, 8, 4, 10, 11, 12, 13, 14, 5, 16, 0, 18, 19]",53,4.981295108795166
"[1, 17, 2, 3, 9, 15, 6, 7, 8, 4, 10, 11, 12, 13, 14, 5, 16, 0, 18, 19]",53,"[1, 17, 2, 3, 9, 15, 6, 7, 8, 4, 10, 11, 12, 13, 14, 5, 16, 0, 18, 19]",53,5.014150142669678
"[1, 17, 2, 3, 9, 15, 6, 7, 8, 4, 10, 11, 12, 13, 14, 5, 16, 0, 18, 19]",53,"[1, 17, 2, 3, 9, 15, 6, 7, 8, 4, 10, 11, 12, 13, 14, 5, 16, 0, 18, 19]",53,5.047399044036865
"[1, 17, 2, 3, 9, 15, 6, 7, 8, 4, 10, 11, 12, 13, 14, 5, 16, 0, 18, 19]",53,"[1, 17, 2, 3, 9, 15, 6, 7, 8, 4, 10, 11, 12, 13, 14, 5, 16, 0, 18, 19]",53,5.080770969390869
"[1, 17, 2, 3, 9, 15, 6, 7, 8, 4, 10, 11, 12, 13, 14, 5, 16, 0, 18, 19]",53,"[1, 17, 2, 3, 9, 15, 6, 7, 8, 4, 10, 11, 12, 13, 14, 5, 16, 0, 18, 19]",53,5.114109039306641
"[1, 17, 2, 3, 9, 15, 6, 7, 8, 4, 10, 11, 12, 13, 14, 5, 16, 0, 18, 19]",53,"[1, 17, 2, 3, 9, 15, 6, 7, 8, 4, 10, 11, 12, 13, 14, 5, 16, 0, 18, 19]",53,5.150223970413208
"[1, 17, 2, 3, 9, 15, 6, 7, 8, 4, 10, 11, 12, 13, 14, 5, 16, 0, 18, 19]",53,"[1, 17, 2, 3, 9, 15, 6, 7, 8, 4, 10, 11, 12, 13, 14, 5, 16, 0, 18, 19]",53,5.183518171310425
"[1, 17, 2, 3, 9, 15, 6, 7, 8, 4, 10, 11, 12, 13, 14, 5, 16, 0, 18, 19]",53,"[1, 17, 2, 3, 9, 15, 6, 7, 8, 4, 10, 11, 12, 13, 14, 5, 16, 0, 18, 19]",53,5.216615200042725
"[1, 17, 2, 3, 9, 15, 6, 7, 8, 4, 10, 11, 12, 13, 14, 5, 16, 0, 18, 19]",53,"[1, 17, 2, 3, 9, 15, 6, 7, 8, 4, 10, 11, 12, 13, 14, 5, 16, 0, 18, 19]",53,5.249176025390625
"[1, 17, 2, 3, 9, 15, 6, 7, 8, 4, 10, 11, 12, 13, 14, 5, 16, 0, 18, 19]",53,"[1, 17, 2, 3, 9, 15, 6, 7, 8, 4, 10, 11, 12, 13, 14, 5, 16, 0, 18, 19]",53,5.2941811084747314
"[1, 17, 2, 3, 9, 15, 6, 7, 8, 4, 10, 11, 12, 13, 14, 5, 16, 0, 18, 19]",53,"[1, 17, 2, 3, 9, 15, 6, 7, 8, 4, 10, 11, 12, 13, 14, 5, 16, 0, 18, 19]",53,5.326735973358154
"[1, 17, 2, 3, 9, 15, 6, 7, 8, 4, 10, 11, 12, 13, 14, 5, 16, 0, 18, 19]",53,"[1, 17, 2, 3, 9, 15, 6, 7, 8, 4, 10, 11, 12, 13, 14, 5, 16, 0, 18, 19]",53,5.359575033187866
"[1, 17, 2, 3, 9, 15, 6, 7, 8, 4, 10, 11, 12, 13, 14, 5, 16, 0, 18, 19]",53,"[1, 17, 2, 3, 9, 15, 6, 7, 8, 4, 10, 11, 12, 13, 14, 5, 16, 0, 18, 19]",53,5.391711950302124
"[1, 17, 2, 3, 9, 15, 6, 7, 8, 4, 10, 11, 12, 13, 14, 5, 16, 0, 18, 19]",53,"[1, 17, 2, 3, 9, 15, 6, 7, 8, 4, 10, 11, 12, 13, 14, 5, 16, 0, 18, 19]",53,5.426984071731567
"[1, 17, 2, 3, 9, 15, 6, 7, 8, 4, 10, 11, 12, 13, 14, 5, 16, 0, 18, 19]",53,"[1, 17, 2, 3, 9, 15, 6, 7, 8, 4, 10, 11, 12, 13, 14, 5, 16, 0, 18, 19]",53,5.462257146835327
"[1, 17, 2, 3, 9, 15, 6, 7, 8, 4, 10, 11, 12, 13, 14, 5, 16, 0, 18, 19]",53,"[1, 17, 2, 3, 9, 15, 6, 7, 8, 4, 10, 11, 12, 13, 14, 5, 16, 0, 18, 19]",53,5.496970891952515
"[1, 17, 2, 3, 9, 15, 6, 7, 8, 4, 10, 11, 12, 13, 14, 5, 16, 0, 18, 19]",53,"[1, 17, 2, 3, 9, 15, 6, 7, 8, 4, 10, 11, 12, 13, 14, 5, 16, 0, 18, 19]",53,5.529776096343994
"[1, 17, 2, 3, 9, 15, 6, 7, 8, 4, 10, 11, 12, 13, 14, 5, 16, 0, 18, 19]",53,"[1, 17, 2, 3, 9, 15, 6, 7, 8, 4, 10, 11, 12, 13, 14, 5, 16, 0, 18, 19]",53,5.5622780323028564
"[1, 17, 2, 3, 9, 15, 6, 7, 8, 4, 10, 11, 12, 13, 14, 5, 16, 0, 18, 19]",53,"[1, 17, 2, 3, 9, 15, 6, 7, 8, 4, 10, 11, 12, 13, 14, 5, 16, 0, 18, 19]",53,5.5941290855407715
"[1, 17, 2, 3, 9, 15, 6, 7, 8, 4, 10, 11, 12, 13, 14, 5, 16, 0, 18, 19]",53,"[1, 17, 2, 3, 9, 15, 6, 7, 8, 4, 10, 11, 12, 13, 14, 5, 16, 0, 18, 19]",53,5.627076148986816
"[1, 17, 2, 3, 9, 15, 6, 7, 8, 4, 10, 11, 12, 13, 14, 5, 16, 0, 18, 19]",53,"[1, 17, 2, 3, 9, 15, 6, 7, 8, 4, 10, 11, 12, 13, 14, 5, 16, 0, 18, 19]",53,5.659592151641846
"[1, 17, 2, 3, 9, 15, 6, 7, 8, 4, 10, 11, 12, 13, 14, 5, 16, 0, 18, 19]",53,"[1, 17, 2, 3, 9, 15, 6, 7, 8, 4, 10, 11, 12, 13, 14, 5, 16, 0, 18, 19]",53,5.692402124404907
"[1, 17, 2, 3, 9, 15, 6, 7, 8, 4, 10, 11, 12, 13, 14, 5, 16, 0, 18, 19]",53,"[1, 17, 2, 3, 9, 15, 6, 7, 8, 4, 10, 11, 12, 13, 14, 5, 16, 0, 18, 19]",53,5.725372076034546
"[1, 17, 2, 3, 9, 15, 6, 7, 8, 4, 10, 11, 12, 13, 14, 5, 16, 0, 18, 19]",53,"[1, 17, 2, 3, 9, 15, 6, 7, 8, 4, 10, 11, 12, 13, 14, 5, 16, 0, 18, 19]",53,5.759320020675659
"[1, 17, 2, 3, 9, 15, 6, 7, 8, 4, 10, 11, 12, 13, 14, 5, 16, 0, 18, 19]",53,"[1, 17, 2, 3, 9, 15, 6, 7, 8, 4, 10, 11, 12, 13, 14, 5, 16, 0, 18, 19]",53,5.798386096954346
"[1, 17, 2, 3, 9, 15, 6, 7, 8, 4, 10, 11, 12, 13, 14, 5, 16, 0, 18, 19]",53,"[1, 17, 2, 3, 9, 15, 6, 7, 8, 4, 10, 11, 12, 13, 14, 5, 16, 0, 18, 19]",53,5.831772089004517
"[1, 17, 2, 3, 9, 15, 6, 7, 8, 4, 10, 11, 12, 13, 14, 5, 16, 0, 18, 19]",53,"[1, 17, 2, 3, 9, 15, 6, 7, 8, 4, 10, 11, 12, 13, 14, 5, 16, 0, 18, 19]",53,5.864485025405884
"[1, 17, 2, 3, 9, 15, 6, 7, 8, 4, 10, 11, 12, 13, 14, 5, 16, 0, 18, 19]",53,"[1, 17, 2, 3, 9, 15, 6, 7, 8, 4, 10, 11, 12, 13, 14, 5, 16, 0, 18, 19]",53,5.897411108016968
"[1, 17, 2, 3, 9, 15, 6, 7, 8, 4, 10, 11, 12, 13, 14, 5, 16, 0, 18, 19]",53,"[1, 17, 2, 3, 9, 15, 6, 7, 8, 4, 10, 11, 12, 13, 14, 5, 16, 0, 18, 19]",53,5.931524991989136
"[1, 17, 2, 3, 9, 15, 6, 7, 8, 4, 10, 11, 12, 13, 14, 5, 16, 0, 18, 19]",53,"[1, 17, 2, 3, 9, 15, 6, 7, 8, 4, 10, 11, 12, 13, 14, 5, 16, 0, 18, 19]",53,5.964227914810181
"[1, 17, 2, 3, 9, 15, 6, 7, 8, 4, 10, 11, 12, 13, 14, 5, 16, 0, 18, 19]",53,"[1, 17, 2, 3, 9, 15, 6, 7, 8, 4, 10, 11, 12, 13, 14, 5, 16, 0, 18, 19]",53,5.9968791007995605
"[1, 17, 2, 3, 9, 15, 6, 7, 8, 4, 10, 11, 12, 13, 14, 5, 16, 0, 18, 19]",53,"[1, 17, 2, 3, 9, 15, 6, 7, 8, 4, 10, 11, 12, 13, 14, 5, 16, 0, 18, 19]",53,6.029595136642456
"[1, 17, 2, 3, 9, 15, 6, 7, 8, 4, 10, 11, 12, 13, 14, 5, 16, 0, 18, 19]",53,"[1, 17, 2, 3, 9, 15, 6, 7, 8, 4, 10, 11, 12, 13, 14, 5, 16, 0, 18, 19]",53,6.074012041091919
"[1, 17, 2, 3, 9, 15, 6, 7, 8, 4, 10, 11, 12, 13, 14, 5, 16, 0, 18, 19]",53,"[1, 17, 2, 3, 9, 15, 6, 7, 8, 4, 10, 11, 12, 13, 14, 5, 16, 0, 18, 19]",53,6.107300043106079
"[1, 17, 2, 3, 9, 15, 6, 7, 8, 4, 10, 11, 12, 13, 14, 5, 16, 0, 18, 19]",53,"[1, 17, 2, 3, 9, 15, 6, 7, 8, 4, 10, 11, 12, 13, 14, 5, 16, 0, 18, 19]",53,6.14361310005188
"[1, 17, 2, 3, 9, 15, 6, 7, 8, 4, 10, 11, 12, 13, 14, 5, 16, 0, 18, 19]",53,"[1, 17, 2, 3, 9, 15, 6, 7, 8, 4, 10, 11, 12, 13, 14, 5, 16, 0, 18, 19]",53,6.177232027053833
"[1, 17, 2, 3, 9, 15, 6, 7, 8, 4, 10, 11, 12, 13, 14, 5, 16, 0, 18, 19]",53,"[1, 17, 2, 3, 9, 15, 6, 7, 8, 4, 10, 11, 12, 13, 14, 5, 16, 0, 18, 19]",53,6.209835052490234
"[1, 17, 2, 3, 9, 15, 6, 7, 8, 4, 10, 11, 12, 13, 14, 5, 16, 0, 18, 19]",53,"[1, 17, 2, 3, 9, 15, 6, 7, 8, 4, 10, 11, 12, 13, 14, 5, 16, 0, 18, 19]",53,6.241708040237427
"[1, 17, 2, 3, 9, 15, 6, 7, 8, 4, 10, 11, 12, 13, 14, 5, 16, 0, 18, 19]",53,"[1, 17, 2, 3, 9, 15, 6, 7, 8, 4, 10, 11, 12, 13, 14, 5, 16, 0, 18, 19]",53,6.273248910903931
"[1, 17, 2, 3, 9, 15, 6, 7, 8, 4, 10, 11, 12, 13, 14, 5, 16, 0, 18, 19]",53,"[1, 17, 2, 3, 9, 15, 6, 7, 8, 4, 10, 11, 12, 13, 14, 5, 16, 0, 18, 19]",53,6.305577039718628
"[1, 17, 2, 3, 9, 15, 6, 7, 8, 4, 10, 11, 12, 13, 14, 5, 16, 0, 18, 19]",53,"[1, 17, 2, 3, 9, 15, 6, 7, 8, 4, 10, 11, 12, 13, 14, 5, 16, 0, 18, 19]",53,6.338548898696899
"[1, 17, 2, 3, 9, 15, 6, 7, 8, 4, 10, 11, 12, 13, 14, 5, 16, 0, 18, 19]",53,"[1, 17, 2, 3, 9, 15, 6, 7, 8, 4, 10, 11, 12, 13, 14, 5, 16, 0, 18, 19]",53,6.371062994003296
"[1, 17, 2, 3, 9, 15, 6, 7, 8, 4, 10, 11, 12, 13, 14, 5, 16, 0, 18, 19]",53,"[1, 17, 2, 3, 9, 15, 6, 7, 8, 4, 10, 11, 12, 13, 14, 5, 16, 0, 18, 19]",53,6.404114007949829
"[1, 17, 2, 3, 9, 15, 6, 7, 8, 4, 10, 11, 12, 13, 14, 5, 16, 0, 18, 19]",53,"[1, 17, 2, 3, 9, 15, 6, 7, 8, 4, 10, 11, 12, 13, 14, 5, 16, 0, 18, 19]",53,6.440659046173096
"[1, 17, 2, 3, 9, 15, 6, 7, 8, 4, 10, 11, 12, 13, 14, 5, 16, 0, 18, 19]",53,"[1, 17, 2, 3, 9, 15, 6, 7, 8, 4, 10, 11, 12, 13, 14, 5, 16, 0, 18, 19]",53,6.475773096084595
"[1, 17, 2, 3, 9, 15, 6, 7, 8, 4, 10, 11, 12, 13, 14, 5, 16, 0, 18, 19]",53,"[1, 17, 2, 3, 9, 15, 6, 7, 8, 4, 10, 11, 12, 13, 14, 5, 16, 0, 18, 19]",53,6.510218858718872
"[1, 17, 2, 3, 9, 15, 6, 7, 8, 4, 10, 11, 12, 13, 14, 5, 16, 0, 18, 19]",53,"[1, 17, 2, 3, 9, 15, 6, 7, 8, 4, 10, 11, 12, 13, 14, 5, 16, 0, 18, 19]",53,6.543467998504639
"[1, 17, 2, 3, 9, 15, 6, 7, 8, 4, 10, 11, 12, 13, 14, 5, 16, 0, 18, 19]",53,"[1, 17, 2, 3, 9, 15, 6, 7, 8, 4, 10, 11, 12, 13, 14, 5, 16, 0, 18, 19]",53,6.577303886413574
"[1, 17, 2, 3, 9, 15, 6, 7, 8, 4, 10, 11, 12, 13, 14, 5, 16, 0, 18, 19]",53,"[1, 17, 2, 3, 9, 15, 6, 7, 8, 4, 10, 11, 12, 13, 14, 5, 16, 0, 18, 19]",53,6.611608028411865
"[1, 17, 2, 3, 9, 15, 6, 7, 8, 4, 10, 11, 12, 13, 14, 5, 16, 0, 18, 19]",53,"[1, 17, 2, 3, 9, 15, 6, 7, 8, 4, 10, 11, 12, 13, 14, 5, 16, 0, 18, 19]",53,6.644942998886108
"[1, 17, 2, 3, 9, 15, 6, 7, 8, 4, 10, 11, 12, 13, 14, 5, 16, 0, 18, 19]",53,"[1, 17, 2, 3, 9, 15, 6, 7, 8, 4, 10, 11, 12, 13, 14, 5, 16, 0, 18, 19]",53,6.678216218948364
"[1, 17, 2, 3, 9, 15, 6, 7, 8, 4, 10, 11, 12, 13, 14, 5, 16, 0, 18, 19]",53,"[1, 17, 2, 3, 9, 15, 6, 7, 8, 4, 10, 11, 12, 13, 14, 5, 16, 0, 18, 19]",53,6.7118470668792725
"[1, 17, 2, 3, 9, 15, 6, 7, 8, 4, 10, 11, 12, 13, 14, 5, 16, 0, 18, 19]",53,"[1, 17, 2, 3, 9, 15, 6, 7, 8, 4, 10, 11, 12, 13, 14, 5, 16, 0, 18, 19]",53,6.745098829269409
"[1, 17, 2, 3, 9, 15, 6, 7, 8, 4, 10, 11, 12, 13, 14, 5, 16, 0, 18, 19]",53,"[1, 17, 2, 3, 9, 15, 6, 7, 8, 4, 10, 11, 12, 13, 14, 5, 16, 0, 18, 19]",53,6.779356002807617
"[1, 17, 2, 3, 9, 15, 6, 7, 8, 4, 10, 11, 12, 13, 14, 5, 16, 0, 18, 19]",53,"[1, 17, 2, 3, 9, 15, 6, 7, 8, 4, 10, 11, 12, 13, 14, 5, 16, 0, 18, 19]",53,6.831465244293213
"[1, 17, 2, 3, 9, 15, 6, 7, 8, 4, 10, 11, 12, 13, 14, 5, 16, 0, 18, 19]",53,"[1, 17, 2, 3, 9, 15, 6, 7, 8, 4, 10, 11, 12, 13, 14, 5, 16, 0, 18, 19]",53,6.865283012390137
"[1, 17, 2, 3, 9, 15, 6, 7, 8, 4, 10, 11, 12, 13, 14, 5, 16, 0, 18, 19]",53,"[1, 17, 2, 3, 9, 15, 6, 7, 8, 4, 10, 11, 12, 13, 14, 5, 16, 0, 18, 19]",53,6.897891044616699
"[1, 17, 2, 3, 9, 15, 6, 7, 8, 4, 10, 11, 12, 13, 14, 5, 16, 0, 18, 19]",53,"[1, 17, 2, 3, 9, 15, 6, 7, 8, 4, 10, 11, 12, 13, 14, 5, 16, 0, 18, 19]",53,6.933342933654785
"[1, 17, 2, 3, 9, 15, 6, 7, 8, 4, 10, 11, 12, 13, 14, 5, 16, 0, 18, 19]",53,"[1, 17, 2, 3, 9, 15, 6, 7, 8, 4, 10, 11, 12, 13, 14, 5, 16, 0, 18, 19]",53,6.965857982635498
"[1, 17, 2, 3, 9, 15, 6, 7, 8, 4, 10, 11, 12, 13, 14, 5, 16, 0, 18, 19]",53,"[1, 17, 2, 3, 9, 15, 6, 7, 8, 4, 10, 11, 12, 13, 14, 5, 16, 0, 18, 19]",53,6.99854302406311
