Sequence,Fitness,Best_sequence,Best_fitness,Time
"[2, 31, 3, 21, 27, 29, 22, 39, 19, 26, 32, 17, 30, 36, 33, 28, 4, 14, 10, 35, 23, 24, 34, 20, 18, 25, 6, 13, 7, 38, 1, 16, 0, 15, 5, 11, 9, 8, 12, 37]",7062,"[2, 31, 3, 21, 27, 29, 22, 39, 19, 26, 32, 17, 30, 36, 33, 28, 4, 14, 10, 35, 23, 24, 34, 20, 18, 25, 6, 13, 7, 38, 1, 16, 0, 15, 5, 11, 9, 8, 12, 37]",7062,0.0001308917999267578
"[2, 31, 3, 21, 27, 29, 22, 39, 19, 26, 32, 17, 30, 36, 33, 28, 4, 14, 10, 35, 23, 24, 34, 20, 18, 25, 6, 13, 7, 38, 1, 16, 0, 15, 5, 11, 9, 8, 12, 37]",7062,"[2, 31, 3, 21, 27, 29, 22, 39, 19, 26, 32, 17, 30, 36, 33, 28, 4, 14, 10, 35, 23, 24, 34, 20, 18, 25, 6, 13, 7, 38, 1, 16, 0, 15, 5, 11, 9, 8, 12, 37]",7062,0.054325103759765625
"[2, 31, 3, 21, 27, 29, 22, 39, 19, 26, 32, 17, 30, 36, 33, 28, 4, 14, 10, 35, 23, 24, 34, 20, 18, 25, 6, 13, 7, 38, 1, 16, 0, 15, 5, 11, 9, 8, 12, 37]",7062,"[2, 31, 3, 21, 27, 29, 22, 39, 19, 26, 32, 17, 30, 36, 33, 28, 4, 14, 10, 35, 23, 24, 34, 20, 18, 25, 6, 13, 7, 38, 1, 16, 0, 15, 5, 11, 9, 8, 12, 37]",7062,0.10918092727661133
"[2, 31, 3, 21, 27, 29, 22, 39, 36, 26, 32, 17, 30, 19, 33, 28, 4, 14, 10, 35, 23, 24, 34, 20, 18, 25, 6, 13, 7, 38, 1, 16, 0, 15, 5, 11, 9, 8, 12, 37]",7061,"[2, 31, 3, 21, 27, 29, 22, 39, 36, 26, 32, 17, 30, 19, 33, 28, 4, 14, 10, 35, 23, 24, 34, 20, 18, 25, 6, 13, 7, 38, 1, 16, 0, 15, 5, 11, 9, 8, 12, 37]",7061,0.16386008262634277
"[2, 31, 3, 21, 27, 29, 22, 1, 36, 26, 32, 17, 30, 19, 33, 28, 4, 14, 10, 35, 23, 24, 34, 20, 18, 25, 6, 13, 7, 38, 39, 16, 0, 15, 5, 11, 9, 8, 12, 37]",7035,"[2, 31, 3, 21, 27, 29, 22, 1, 36, 26, 32, 17, 30, 19, 33, 28, 4, 14, 10, 35, 23, 24, 34, 20, 18, 25, 6, 13, 7, 38, 39, 16, 0, 15, 5, 11, 9, 8, 12, 37]",7035,0.21782684326171875
"[2, 31, 3, 22, 27, 29, 21, 1, 36, 26, 32, 17, 30, 19, 33, 28, 4, 14, 10, 35, 23, 24, 34, 20, 18, 25, 6, 13, 7, 38, 39, 16, 0, 15, 5, 11, 9, 8, 12, 37]",6995,"[2, 31, 3, 22, 27, 29, 21, 1, 36, 26, 32, 17, 30, 19, 33, 28, 4, 14, 10, 35, 23, 24, 34, 20, 18, 25, 6, 13, 7, 38, 39, 16, 0, 15, 5, 11, 9, 8, 12, 37]",6995,0.27219581604003906
"[2, 31, 3, 22, 27, 29, 21, 1, 36, 26, 32, 17, 30, 19, 33, 28, 4, 14, 10, 35, 23, 24, 34, 20, 18, 25, 6, 13, 7, 38, 39, 16, 0, 15, 5, 11, 9, 8, 12, 37]",6995,"[2, 31, 3, 22, 27, 29, 21, 1, 36, 26, 32, 17, 30, 19, 33, 28, 4, 14, 10, 35, 23, 24, 34, 20, 18, 25, 6, 13, 7, 38, 39, 16, 0, 15, 5, 11, 9, 8, 12, 37]",6995,0.32730674743652344
"[2, 31, 3, 22, 27, 29, 21, 1, 36, 26, 32, 17, 30, 19, 33, 28, 4, 14, 10, 35, 23, 24, 34, 20, 18, 25, 6, 13, 7, 38, 39, 16, 0, 15, 5, 11, 9, 8, 12, 37]",6995,"[2, 31, 3, 22, 27, 29, 21, 1, 36, 26, 32, 17, 30, 19, 33, 28, 4, 14, 10, 35, 23, 24, 34, 20, 18, 25, 6, 13, 7, 38, 39, 16, 0, 15, 5, 11, 9, 8, 12, 37]",6995,0.3807718753814697
"[2, 31, 3, 22, 27, 29, 21, 1, 36, 26, 32, 17, 6, 19, 33, 28, 4, 14, 10, 35, 23, 24, 34, 20, 18, 25, 30, 13, 7, 38, 39, 16, 0, 15, 5, 11, 9, 8, 12, 37]",6436,"[2, 31, 3, 22, 27, 29, 21, 1, 36, 26, 32, 17, 6, 19, 33, 28, 4, 14, 10, 35, 23, 24, 34, 20, 18, 25, 30, 13, 7, 38, 39, 16, 0, 15, 5, 11, 9, 8, 12, 37]",6436,0.4352729320526123
"[2, 31, 3, 22, 27, 29, 21, 1, 36, 26, 32, 17, 6, 19, 33, 28, 4, 14, 10, 35, 23, 24, 34, 20, 18, 25, 30, 13, 7, 38, 39, 16, 0, 15, 5, 11, 9, 8, 12, 37]",6436,"[2, 31, 3, 22, 27, 29, 21, 1, 36, 26, 32, 17, 6, 19, 33, 28, 4, 14, 10, 35, 23, 24, 34, 20, 18, 25, 30, 13, 7, 38, 39, 16, 0, 15, 5, 11, 9, 8, 12, 37]",6436,0.4915769100189209
"[2, 31, 3, 22, 27, 29, 21, 1, 36, 26, 32, 17, 6, 19, 33, 28, 4, 14, 10, 35, 23, 24, 34, 20, 18, 25, 30, 13, 7, 38, 39, 16, 0, 15, 5, 11, 9, 8, 12, 37]",6436,"[2, 31, 3, 22, 27, 29, 21, 1, 36, 26, 32, 17, 6, 19, 33, 28, 4, 14, 10, 35, 23, 24, 34, 20, 18, 25, 30, 13, 7, 38, 39, 16, 0, 15, 5, 11, 9, 8, 12, 37]",6436,0.546414852142334
"[2, 31, 3, 22, 27, 29, 21, 1, 36, 26, 32, 17, 6, 19, 33, 28, 4, 14, 10, 35, 23, 24, 34, 20, 18, 25, 30, 13, 7, 38, 39, 16, 0, 15, 5, 11, 9, 8, 12, 37]",6436,"[2, 31, 3, 22, 27, 29, 21, 1, 36, 26, 32, 17, 6, 19, 33, 28, 4, 14, 10, 35, 23, 24, 34, 20, 18, 25, 30, 13, 7, 38, 39, 16, 0, 15, 5, 11, 9, 8, 12, 37]",6436,0.6008768081665039
"[2, 31, 3, 22, 27, 29, 21, 1, 36, 26, 32, 17, 6, 19, 33, 28, 4, 14, 10, 35, 23, 24, 34, 5, 18, 25, 30, 13, 7, 38, 39, 16, 0, 15, 20, 11, 9, 8, 12, 37]",6274,"[2, 31, 3, 22, 27, 29, 21, 1, 36, 26, 32, 17, 6, 19, 33, 28, 4, 14, 10, 35, 23, 24, 34, 5, 18, 25, 30, 13, 7, 38, 39, 16, 0, 15, 20, 11, 9, 8, 12, 37]",6274,0.6543209552764893
"[2, 31, 3, 22, 27, 29, 21, 1, 36, 26, 32, 17, 6, 19, 33, 28, 4, 14, 10, 35, 23, 24, 34, 5, 18, 25, 30, 13, 7, 38, 39, 16, 0, 15, 20, 11, 9, 8, 12, 37]",6274,"[2, 31, 3, 22, 27, 29, 21, 1, 36, 26, 32, 17, 6, 19, 33, 28, 4, 14, 10, 35, 23, 24, 34, 5, 18, 25, 30, 13, 7, 38, 39, 16, 0, 15, 20, 11, 9, 8, 12, 37]",6274,0.7082269191741943
"[2, 31, 3, 22, 27, 29, 21, 1, 36, 26, 32, 17, 6, 19, 33, 28, 4, 14, 10, 35, 23, 24, 34, 5, 18, 25, 30, 13, 7, 38, 39, 16, 0, 15, 20, 11, 9, 8, 12, 37]",6274,"[2, 31, 3, 22, 27, 29, 21, 1, 36, 26, 32, 17, 6, 19, 33, 28, 4, 14, 10, 35, 23, 24, 34, 5, 18, 25, 30, 13, 7, 38, 39, 16, 0, 15, 20, 11, 9, 8, 12, 37]",6274,0.7622189521789551
"[2, 31, 3, 22, 27, 29, 21, 1, 36, 26, 32, 17, 6, 19, 33, 28, 4, 14, 10, 35, 23, 24, 34, 5, 18, 25, 30, 13, 7, 38, 39, 16, 0, 15, 20, 11, 9, 8, 12, 37]",6274,"[2, 31, 3, 22, 27, 29, 21, 1, 36, 26, 32, 17, 6, 19, 33, 28, 4, 14, 10, 35, 23, 24, 34, 5, 18, 25, 30, 13, 7, 38, 39, 16, 0, 15, 20, 11, 9, 8, 12, 37]",6274,0.815546989440918
"[2, 31, 3, 22, 27, 29, 21, 1, 36, 26, 32, 17, 6, 19, 33, 28, 4, 14, 10, 35, 23, 24, 34, 5, 18, 25, 30, 13, 7, 38, 39, 16, 0, 15, 20, 11, 9, 8, 12, 37]",6274,"[2, 31, 3, 22, 27, 29, 21, 1, 36, 26, 32, 17, 6, 19, 33, 28, 4, 14, 10, 35, 23, 24, 34, 5, 18, 25, 30, 13, 7, 38, 39, 16, 0, 15, 20, 11, 9, 8, 12, 37]",6274,0.870089054107666
"[2, 31, 3, 22, 27, 29, 21, 1, 36, 26, 32, 17, 6, 19, 33, 28, 4, 14, 10, 35, 23, 24, 34, 5, 18, 25, 30, 13, 7, 38, 39, 16, 0, 15, 20, 11, 9, 8, 12, 37]",6274,"[2, 31, 3, 22, 27, 29, 21, 1, 36, 26, 32, 17, 6, 19, 33, 28, 4, 14, 10, 35, 23, 24, 34, 5, 18, 25, 30, 13, 7, 38, 39, 16, 0, 15, 20, 11, 9, 8, 12, 37]",6274,0.922888994216919
"[2, 31, 3, 22, 27, 29, 21, 1, 36, 26, 32, 17, 6, 19, 33, 28, 4, 14, 10, 8, 23, 24, 34, 5, 18, 25, 30, 13, 7, 38, 39, 16, 0, 15, 20, 11, 9, 35, 12, 37]",6236,"[2, 31, 3, 22, 27, 29, 21, 1, 36, 26, 32, 17, 6, 19, 33, 28, 4, 14, 10, 8, 23, 24, 34, 5, 18, 25, 30, 13, 7, 38, 39, 16, 0, 15, 20, 11, 9, 35, 12, 37]",6236,0.9756979942321777
"[2, 31, 3, 22, 27, 29, 21, 1, 12, 26, 32, 17, 6, 19, 33, 28, 4, 14, 10, 8, 23, 24, 34, 5, 18, 25, 30, 13, 7, 38, 39, 16, 0, 15, 20, 11, 9, 35, 36, 37]",5561,"[2, 31, 3, 22, 27, 29, 21, 1, 12, 26, 32, 17, 6, 19, 33, 28, 4, 14, 10, 8, 23, 24, 34, 5, 18, 25, 30, 13, 7, 38, 39, 16, 0, 15, 20, 11, 9, 35, 36, 37]",5561,1.0281529426574707
"[2, 31, 3, 22, 27, 29, 21, 1, 12, 26, 32, 17, 6, 19, 33, 28, 4, 14, 10, 8, 23, 24, 34, 5, 18, 25, 30, 13, 7, 38, 39, 16, 0, 15, 20, 11, 9, 35, 36, 37]",5561,"[2, 31, 3, 22, 27, 29, 21, 1, 12, 26, 32, 17, 6, 19, 33, 28, 4, 14, 10, 8, 23, 24, 34, 5, 18, 25, 30, 13, 7, 38, 39, 16, 0, 15, 20, 11, 9, 35, 36, 37]",5561,1.0805599689483643
"[2, 31, 3, 22, 27, 29, 21, 1, 12, 26, 5, 17, 6, 19, 33, 28, 4, 14, 10, 8, 23, 24, 34, 32, 18, 25, 30, 13, 7, 38, 39, 16, 0, 15, 20, 11, 9, 35, 36, 37]",5055,"[2, 31, 3, 22, 27, 29, 21, 1, 12, 26, 5, 17, 6, 19, 33, 28, 4, 14, 10, 8, 23, 24, 34, 32, 18, 25, 30, 13, 7, 38, 39, 16, 0, 15, 20, 11, 9, 35, 36, 37]",5055,1.134490966796875
"[2, 31, 3, 22, 27, 29, 21, 1, 12, 26, 5, 17, 6, 19, 33, 28, 4, 14, 10, 8, 23, 24, 34, 32, 18, 25, 30, 13, 7, 38, 39, 16, 0, 15, 20, 11, 9, 35, 36, 37]",5055,"[2, 31, 3, 22, 27, 29, 21, 1, 12, 26, 5, 17, 6, 19, 33, 28, 4, 14, 10, 8, 23, 24, 34, 32, 18, 25, 30, 13, 7, 38, 39, 16, 0, 15, 20, 11, 9, 35, 36, 37]",5055,1.1876277923583984
"[2, 31, 3, 22, 27, 29, 21, 1, 12, 26, 5, 17, 6, 19, 33, 28, 4, 14, 10, 8, 23, 24, 34, 32, 18, 25, 30, 13, 7, 38, 39, 16, 0, 15, 20, 11, 9, 35, 36, 37]",5055,"[2, 31, 3, 22, 27, 29, 21, 1, 12, 26, 5, 17, 6, 19, 33, 28, 4, 14, 10, 8, 23, 24, 34, 32, 18, 25, 30, 13, 7, 38, 39, 16, 0, 15, 20, 11, 9, 35, 36, 37]",5055,1.2414910793304443
"[2, 31, 3, 22, 27, 29, 21, 1, 12, 26, 5, 17, 6, 19, 33, 28, 4, 14, 10, 8, 23, 24, 34, 32, 18, 25, 30, 13, 7, 38, 39, 16, 0, 15, 20, 11, 9, 35, 36, 37]",5055,"[2, 31, 3, 22, 27, 29, 21, 1, 12, 26, 5, 17, 6, 19, 33, 28, 4, 14, 10, 8, 23, 24, 34, 32, 18, 25, 30, 13, 7, 38, 39, 16, 0, 15, 20, 11, 9, 35, 36, 37]",5055,1.2942118644714355
"[2, 31, 3, 22, 27, 29, 21, 1, 12, 26, 5, 17, 6, 19, 33, 28, 4, 14, 10, 8, 23, 24, 34, 32, 0, 25, 30, 13, 7, 38, 39, 16, 18, 15, 20, 11, 9, 35, 36, 37]",5005,"[2, 31, 3, 22, 27, 29, 21, 1, 12, 26, 5, 17, 6, 19, 33, 28, 4, 14, 10, 8, 23, 24, 34, 32, 0, 25, 30, 13, 7, 38, 39, 16, 18, 15, 20, 11, 9, 35, 36, 37]",5005,1.3580727577209473
"[2, 32, 3, 22, 27, 29, 21, 1, 12, 26, 5, 17, 6, 19, 33, 28, 4, 14, 10, 8, 23, 24, 34, 31, 0, 25, 30, 13, 7, 38, 39, 16, 18, 15, 20, 11, 9, 35, 36, 37]",4985,"[2, 32, 3, 22, 27, 29, 21, 1, 12, 26, 5, 17, 6, 19, 33, 28, 4, 14, 10, 8, 23, 24, 34, 31, 0, 25, 30, 13, 7, 38, 39, 16, 18, 15, 20, 11, 9, 35, 36, 37]",4985,1.4110958576202393
"[2, 32, 3, 22, 27, 29, 21, 1, 12, 26, 5, 17, 6, 19, 33, 28, 4, 14, 10, 8, 23, 24, 34, 31, 0, 25, 30, 13, 7, 38, 39, 16, 18, 15, 20, 11, 9, 35, 36, 37]",4985,"[2, 32, 3, 22, 27, 29, 21, 1, 12, 26, 5, 17, 6, 19, 33, 28, 4, 14, 10, 8, 23, 24, 34, 31, 0, 25, 30, 13, 7, 38, 39, 16, 18, 15, 20, 11, 9, 35, 36, 37]",4985,1.4651598930358887
"[2, 32, 3, 22, 27, 29, 21, 1, 12, 26, 5, 17, 6, 19, 33, 28, 4, 14, 10, 8, 23, 24, 34, 31, 0, 25, 30, 13, 7, 38, 39, 16, 18, 15, 20, 11, 9, 35, 36, 37]",4985,"[2, 32, 3, 22, 27, 29, 21, 1, 12, 26, 5, 17, 6, 19, 33, 28, 4, 14, 10, 8, 23, 24, 34, 31, 0, 25, 30, 13, 7, 38, 39, 16, 18, 15, 20, 11, 9, 35, 36, 37]",4985,1.5202057361602783
"[2, 32, 3, 22, 27, 29, 21, 1, 12, 26, 5, 17, 6, 19, 33, 28, 4, 14, 10, 8, 23, 24, 34, 31, 0, 25, 30, 13, 7, 38, 39, 16, 18, 15, 20, 11, 9, 35, 36, 37]",4985,"[2, 32, 3, 22, 27, 29, 21, 1, 12, 26, 5, 17, 6, 19, 33, 28, 4, 14, 10, 8, 23, 24, 34, 31, 0, 25, 30, 13, 7, 38, 39, 16, 18, 15, 20, 11, 9, 35, 36, 37]",4985,1.5731818675994873
"[2, 32, 21, 22, 27, 29, 3, 1, 12, 26, 5, 17, 6, 19, 33, 28, 4, 14, 10, 8, 23, 24, 34, 31, 0, 25, 30, 13, 7, 38, 39, 16, 18, 15, 20, 11, 9, 35, 36, 37]",4979,"[2, 32, 21, 22, 27, 29, 3, 1, 12, 26, 5, 17, 6, 19, 33, 28, 4, 14, 10, 8, 23, 24, 34, 31, 0, 25, 30, 13, 7, 38, 39, 16, 18, 15, 20, 11, 9, 35, 36, 37]",4979,1.6263680458068848
"[2, 32, 21, 22, 27, 29, 3, 1, 12, 26, 5, 17, 6, 19, 33, 28, 4, 14, 10, 8, 23, 24, 34, 31, 0, 25, 30, 13, 7, 38, 39, 16, 18, 15, 20, 11, 9, 35, 36, 37]",4979,"[2, 32, 21, 22, 27, 29, 3, 1, 12, 26, 5, 17, 6, 19, 33, 28, 4, 14, 10, 8, 23, 24, 34, 31, 0, 25, 30, 13, 7, 38, 39, 16, 18, 15, 20, 11, 9, 35, 36, 37]",4979,1.6798348426818848
"[2, 32, 21, 22, 27, 29, 3, 1, 12, 26, 5, 17, 6, 19, 33, 28, 4, 14, 10, 8, 23, 24, 34, 31, 0, 25, 30, 13, 7, 38, 39, 16, 18, 15, 20, 11, 9, 35, 36, 37]",4979,"[2, 32, 21, 22, 27, 29, 3, 1, 12, 26, 5, 17, 6, 19, 33, 28, 4, 14, 10, 8, 23, 24, 34, 31, 0, 25, 30, 13, 7, 38, 39, 16, 18, 15, 20, 11, 9, 35, 36, 37]",4979,1.7329528331756592
"[2, 32, 21, 22, 27, 29, 3, 1, 12, 26, 5, 17, 6, 19, 33, 28, 4, 14, 10, 8, 23, 24, 34, 31, 0, 25, 30, 13, 7, 38, 39, 16, 18, 15, 20, 11, 9, 35, 36, 37]",4979,"[2, 32, 21, 22, 27, 29, 3, 1, 12, 26, 5, 17, 6, 19, 33, 28, 4, 14, 10, 8, 23, 24, 34, 31, 0, 25, 30, 13, 7, 38, 39, 16, 18, 15, 20, 11, 9, 35, 36, 37]",4979,1.7849617004394531
"[2, 32, 21, 22, 27, 29, 3, 1, 12, 26, 5, 17, 6, 19, 33, 28, 4, 14, 10, 8, 23, 24, 34, 31, 0, 25, 30, 13, 7, 38, 39, 16, 18, 15, 20, 11, 9, 35, 36, 37]",4979,"[2, 32, 21, 22, 27, 29, 3, 1, 12, 26, 5, 17, 6, 19, 33, 28, 4, 14, 10, 8, 23, 24, 34, 31, 0, 25, 30, 13, 7, 38, 39, 16, 18, 15, 20, 11, 9, 35, 36, 37]",4979,1.837101936340332
"[2, 32, 21, 22, 27, 29, 3, 1, 12, 26, 5, 17, 6, 19, 33, 28, 4, 14, 10, 8, 23, 24, 34, 31, 0, 25, 30, 13, 7, 38, 39, 16, 18, 15, 20, 11, 9, 35, 36, 37]",4979,"[2, 32, 21, 22, 27, 29, 3, 1, 12, 26, 5, 17, 6, 19, 33, 28, 4, 14, 10, 8, 23, 24, 34, 31, 0, 25, 30, 13, 7, 38, 39, 16, 18, 15, 20, 11, 9, 35, 36, 37]",4979,1.888570785522461
"[2, 32, 21, 22, 27, 29, 3, 1, 12, 26, 5, 17, 6, 19, 33, 28, 4, 14, 10, 8, 23, 24, 34, 31, 0, 25, 30, 13, 7, 38, 9, 16, 18, 15, 20, 11, 39, 35, 36, 37]",4885,"[2, 32, 21, 22, 27, 29, 3, 1, 12, 26, 5, 17, 6, 19, 33, 28, 4, 14, 10, 8, 23, 24, 34, 31, 0, 25, 30, 13, 7, 38, 9, 16, 18, 15, 20, 11, 39, 35, 36, 37]",4885,1.9425270557403564
"[2, 32, 21, 22, 27, 29, 3, 1, 12, 26, 5, 17, 6, 19, 33, 28, 4, 14, 10, 8, 23, 24, 34, 31, 0, 25, 30, 13, 7, 38, 9, 16, 18, 15, 20, 11, 39, 35, 36, 37]",4885,"[2, 32, 21, 22, 27, 29, 3, 1, 12, 26, 5, 17, 6, 19, 33, 28, 4, 14, 10, 8, 23, 24, 34, 31, 0, 25, 30, 13, 7, 38, 9, 16, 18, 15, 20, 11, 39, 35, 36, 37]",4885,1.994067907333374
"[2, 32, 21, 22, 27, 29, 3, 1, 12, 26, 5, 17, 6, 19, 33, 28, 4, 14, 10, 8, 23, 24, 34, 31, 0, 25, 30, 13, 7, 38, 9, 16, 18, 15, 20, 11, 39, 35, 36, 37]",4885,"[2, 32, 21, 22, 27, 29, 3, 1, 12, 26, 5, 17, 6, 19, 33, 28, 4, 14, 10, 8, 23, 24, 34, 31, 0, 25, 30, 13, 7, 38, 9, 16, 18, 15, 20, 11, 39, 35, 36, 37]",4885,2.0470519065856934
"[2, 32, 21, 22, 27, 29, 3, 1, 12, 26, 5, 17, 6, 19, 33, 28, 4, 14, 10, 8, 23, 24, 34, 31, 0, 25, 30, 13, 7, 38, 9, 16, 18, 15, 20, 11, 39, 35, 36, 37]",4885,"[2, 32, 21, 22, 27, 29, 3, 1, 12, 26, 5, 17, 6, 19, 33, 28, 4, 14, 10, 8, 23, 24, 34, 31, 0, 25, 30, 13, 7, 38, 9, 16, 18, 15, 20, 11, 39, 35, 36, 37]",4885,2.0999808311462402
"[2, 32, 21, 22, 27, 29, 3, 1, 12, 26, 5, 17, 6, 19, 33, 28, 4, 14, 10, 8, 23, 24, 34, 31, 0, 25, 30, 13, 7, 38, 9, 16, 18, 15, 20, 11, 39, 35, 36, 37]",4885,"[2, 32, 21, 22, 27, 29, 3, 1, 12, 26, 5, 17, 6, 19, 33, 28, 4, 14, 10, 8, 23, 24, 34, 31, 0, 25, 30, 13, 7, 38, 9, 16, 18, 15, 20, 11, 39, 35, 36, 37]",4885,2.1519150733947754
"[2, 32, 21, 22, 27, 29, 3, 1, 12, 26, 5, 17, 6, 19, 33, 28, 4, 14, 10, 8, 23, 24, 34, 31, 0, 25, 30, 13, 7, 38, 9, 16, 18, 15, 20, 11, 39, 35, 36, 37]",4885,"[2, 32, 21, 22, 27, 29, 3, 1, 12, 26, 5, 17, 6, 19, 33, 28, 4, 14, 10, 8, 23, 24, 34, 31, 0, 25, 30, 13, 7, 38, 9, 16, 18, 15, 20, 11, 39, 35, 36, 37]",4885,2.205448865890503
"[2, 32, 21, 22, 27, 29, 3, 1, 12, 26, 5, 17, 6, 19, 33, 28, 4, 14, 10, 8, 23, 24, 34, 31, 0, 25, 30, 13, 7, 38, 9, 16, 18, 15, 20, 11, 39, 35, 36, 37]",4885,"[2, 32, 21, 22, 27, 29, 3, 1, 12, 26, 5, 17, 6, 19, 33, 28, 4, 14, 10, 8, 23, 24, 34, 31, 0, 25, 30, 13, 7, 38, 9, 16, 18, 15, 20, 11, 39, 35, 36, 37]",4885,2.2572598457336426
"[2, 32, 21, 22, 27, 29, 3, 1, 12, 26, 5, 17, 6, 19, 33, 28, 4, 14, 10, 8, 7, 24, 34, 31, 0, 25, 30, 13, 23, 38, 9, 16, 18, 15, 20, 11, 39, 35, 36, 37]",4653,"[2, 32, 21, 22, 27, 29, 3, 1, 12, 26, 5, 17, 6, 19, 33, 28, 4, 14, 10, 8, 7, 24, 34, 31, 0, 25, 30, 13, 23, 38, 9, 16, 18, 15, 20, 11, 39, 35, 36, 37]",4653,2.311167001724243
"[2, 32, 21, 22, 27, 29, 3, 1, 12, 26, 5, 17, 6, 19, 33, 28, 4, 14, 10, 8, 7, 24, 34, 31, 0, 25, 30, 13, 23, 38, 9, 16, 18, 15, 20, 11, 39, 35, 36, 37]",4653,"[2, 32, 21, 22, 27, 29, 3, 1, 12, 26, 5, 17, 6, 19, 33, 28, 4, 14, 10, 8, 7, 24, 34, 31, 0, 25, 30, 13, 23, 38, 9, 16, 18, 15, 20, 11, 39, 35, 36, 37]",4653,2.3630197048187256
"[2, 9, 21, 22, 27, 29, 3, 1, 12, 26, 5, 17, 6, 19, 33, 28, 4, 14, 10, 8, 7, 24, 34, 31, 0, 25, 30, 13, 23, 38, 32, 16, 18, 15, 20, 11, 39, 35, 36, 37]",4079,"[2, 9, 21, 22, 27, 29, 3, 1, 12, 26, 5, 17, 6, 19, 33, 28, 4, 14, 10, 8, 7, 24, 34, 31, 0, 25, 30, 13, 23, 38, 32, 16, 18, 15, 20, 11, 39, 35, 36, 37]",4079,2.416217803955078
"[2, 9, 21, 22, 27, 29, 3, 1, 12, 26, 5, 17, 6, 19, 33, 28, 4, 14, 10, 8, 7, 24, 34, 31, 0, 25, 30, 13, 23, 38, 32, 16, 18, 15, 20, 11, 39, 35, 36, 37]",4079,"[2, 9, 21, 22, 27, 29, 3, 1, 12, 26, 5, 17, 6, 19, 33, 28, 4, 14, 10, 8, 7, 24, 34, 31, 0, 25, 30, 13, 23, 38, 32, 16, 18, 15, 20, 11, 39, 35, 36, 37]",4079,2.4691648483276367
"[2, 9, 15, 22, 27, 29, 3, 1, 12, 26, 5, 17, 6, 19, 33, 28, 4, 14, 10, 8, 7, 24, 34, 31, 0, 25, 30, 13, 23, 38, 32, 16, 18, 21, 20, 11, 39, 35, 36, 37]",3509,"[2, 9, 15, 22, 27, 29, 3, 1, 12, 26, 5, 17, 6, 19, 33, 28, 4, 14, 10, 8, 7, 24, 34, 31, 0, 25, 30, 13, 23, 38, 32, 16, 18, 21, 20, 11, 39, 35, 36, 37]",3509,2.5208888053894043
"[2, 9, 15, 22, 27, 29, 3, 1, 12, 26, 5, 17, 6, 19, 33, 28, 4, 14, 10, 8, 7, 24, 34, 31, 0, 25, 30, 13, 23, 38, 32, 16, 18, 21, 20, 11, 39, 35, 36, 37]",3509,"[2, 9, 15, 22, 27, 29, 3, 1, 12, 26, 5, 17, 6, 19, 33, 28, 4, 14, 10, 8, 7, 24, 34, 31, 0, 25, 30, 13, 23, 38, 32, 16, 18, 21, 20, 11, 39, 35, 36, 37]",3509,2.5734689235687256
"[2, 9, 15, 22, 27, 29, 3, 1, 12, 26, 5, 17, 6, 19, 33, 28, 4, 14, 10, 8, 7, 24, 34, 31, 0, 25, 30, 13, 23, 38, 32, 16, 18, 21, 20, 11, 39, 35, 36, 37]",3509,"[2, 9, 15, 22, 27, 29, 3, 1, 12, 26, 5, 17, 6, 19, 33, 28, 4, 14, 10, 8, 7, 24, 34, 31, 0, 25, 30, 13, 23, 38, 32, 16, 18, 21, 20, 11, 39, 35, 36, 37]",3509,2.6275758743286133
"[2, 9, 15, 22, 27, 29, 3, 1, 12, 26, 5, 17, 6, 19, 33, 28, 4, 14, 10, 8, 7, 24, 34, 31, 0, 25, 30, 13, 23, 38, 32, 16, 18, 21, 20, 11, 39, 35, 36, 37]",3509,"[2, 9, 15, 22, 27, 29, 3, 1, 12, 26, 5, 17, 6, 19, 33, 28, 4, 14, 10, 8, 7, 24, 34, 31, 0, 25, 30, 13, 23, 38, 32, 16, 18, 21, 20, 11, 39, 35, 36, 37]",3509,2.680565118789673
"[2, 9, 15, 22, 27, 29, 3, 1, 12, 26, 5, 17, 6, 19, 33, 28, 4, 14, 10, 8, 7, 24, 34, 31, 0, 25, 30, 13, 23, 38, 32, 16, 18, 21, 20, 11, 39, 35, 36, 37]",3509,"[2, 9, 15, 22, 27, 29, 3, 1, 12, 26, 5, 17, 6, 19, 33, 28, 4, 14, 10, 8, 7, 24, 34, 31, 0, 25, 30, 13, 23, 38, 32, 16, 18, 21, 20, 11, 39, 35, 36, 37]",3509,2.7341530323028564
"[2, 9, 1, 22, 27, 29, 3, 15, 12, 26, 5, 17, 6, 19, 33, 28, 4, 14, 10, 8, 7, 24, 34, 31, 0, 25, 30, 13, 23, 38, 32, 16, 18, 21, 20, 11, 39, 35, 36, 37]",3503,"[2, 9, 1, 22, 27, 29, 3, 15, 12, 26, 5, 17, 6, 19, 33, 28, 4, 14, 10, 8, 7, 24, 34, 31, 0, 25, 30, 13, 23, 38, 32, 16, 18, 21, 20, 11, 39, 35, 36, 37]",3503,2.787266731262207
"[2, 9, 1, 22, 27, 29, 3, 15, 12, 26, 5, 17, 6, 19, 33, 28, 4, 14, 10, 8, 7, 24, 34, 31, 0, 25, 30, 13, 23, 38, 32, 16, 18, 21, 20, 11, 39, 35, 36, 37]",3503,"[2, 9, 1, 22, 27, 29, 3, 15, 12, 26, 5, 17, 6, 19, 33, 28, 4, 14, 10, 8, 7, 24, 34, 31, 0, 25, 30, 13, 23, 38, 32, 16, 18, 21, 20, 11, 39, 35, 36, 37]",3503,2.841007947921753
"[2, 9, 1, 22, 27, 14, 3, 15, 12, 26, 5, 17, 6, 19, 33, 28, 4, 29, 10, 8, 7, 24, 34, 31, 0, 25, 30, 13, 23, 38, 32, 16, 18, 21, 20, 11, 39, 35, 36, 37]",3401,"[2, 9, 1, 22, 27, 14, 3, 15, 12, 26, 5, 17, 6, 19, 33, 28, 4, 29, 10, 8, 7, 24, 34, 31, 0, 25, 30, 13, 23, 38, 32, 16, 18, 21, 20, 11, 39, 35, 36, 37]",3401,2.8947389125823975
"[2, 9, 1, 22, 27, 14, 3, 15, 12, 26, 5, 17, 6, 19, 33, 28, 4, 29, 10, 8, 7, 24, 34, 31, 0, 25, 30, 13, 23, 38, 32, 16, 18, 21, 20, 11, 39, 35, 36, 37]",3401,"[2, 9, 1, 22, 27, 14, 3, 15, 12, 26, 5, 17, 6, 19, 33, 28, 4, 29, 10, 8, 7, 24, 34, 31, 0, 25, 30, 13, 23, 38, 32, 16, 18, 21, 20, 11, 39, 35, 36, 37]",3401,2.948655843734741
"[2, 9, 1, 22, 27, 14, 3, 15, 12, 26, 5, 17, 6, 19, 33, 28, 4, 29, 10, 8, 7, 24, 34, 31, 0, 25, 30, 13, 23, 38, 32, 16, 18, 21, 20, 11, 39, 35, 36, 37]",3401,"[2, 9, 1, 22, 27, 14, 3, 15, 12, 26, 5, 17, 6, 19, 33, 28, 4, 29, 10, 8, 7, 24, 34, 31, 0, 25, 30, 13, 23, 38, 32, 16, 18, 21, 20, 11, 39, 35, 36, 37]",3401,3.0013320446014404
"[2, 9, 1, 22, 27, 14, 3, 15, 12, 26, 5, 17, 6, 19, 33, 28, 4, 29, 10, 8, 7, 24, 34, 31, 0, 25, 30, 13, 23, 38, 32, 16, 18, 21, 20, 11, 39, 35, 36, 37]",3401,"[2, 9, 1, 22, 27, 14, 3, 15, 12, 26, 5, 17, 6, 19, 33, 28, 4, 29, 10, 8, 7, 24, 34, 31, 0, 25, 30, 13, 23, 38, 32, 16, 18, 21, 20, 11, 39, 35, 36, 37]",3401,3.0559377670288086
"[2, 9, 1, 22, 27, 14, 3, 15, 12, 26, 5, 17, 6, 19, 33, 28, 4, 29, 10, 8, 7, 24, 34, 31, 0, 25, 30, 13, 23, 38, 32, 16, 18, 21, 20, 11, 39, 35, 36, 37]",3401,"[2, 9, 1, 22, 27, 14, 3, 15, 12, 26, 5, 17, 6, 19, 33, 28, 4, 29, 10, 8, 7, 24, 34, 31, 0, 25, 30, 13, 23, 38, 32, 16, 18, 21, 20, 11, 39, 35, 36, 37]",3401,3.1095778942108154
"[2, 9, 1, 22, 27, 14, 3, 15, 12, 26, 5, 17, 6, 19, 33, 28, 4, 29, 10, 8, 7, 24, 34, 31, 0, 25, 30, 13, 23, 38, 32, 16, 18, 21, 20, 11, 39, 35, 36, 37]",3401,"[2, 9, 1, 22, 27, 14, 3, 15, 12, 26, 5, 17, 6, 19, 33, 28, 4, 29, 10, 8, 7, 24, 34, 31, 0, 25, 30, 13, 23, 38, 32, 16, 18, 21, 20, 11, 39, 35, 36, 37]",3401,3.1636760234832764
"[2, 9, 1, 22, 27, 14, 3, 15, 12, 26, 5, 17, 6, 19, 33, 28, 4, 29, 10, 8, 7, 24, 34, 31, 0, 25, 30, 13, 23, 38, 32, 16, 18, 21, 20, 11, 39, 35, 36, 37]",3401,"[2, 9, 1, 22, 27, 14, 3, 15, 12, 26, 5, 17, 6, 19, 33, 28, 4, 29, 10, 8, 7, 24, 34, 31, 0, 25, 30, 13, 23, 38, 32, 16, 18, 21, 20, 11, 39, 35, 36, 37]",3401,3.2173657417297363
"[2, 9, 1, 22, 27, 14, 3, 15, 12, 26, 5, 17, 6, 19, 33, 28, 4, 29, 10, 25, 7, 24, 34, 31, 0, 8, 30, 13, 23, 38, 32, 16, 18, 21, 20, 11, 39, 35, 36, 37]",3388,"[2, 9, 1, 22, 27, 14, 3, 15, 12, 26, 5, 17, 6, 19, 33, 28, 4, 29, 10, 25, 7, 24, 34, 31, 0, 8, 30, 13, 23, 38, 32, 16, 18, 21, 20, 11, 39, 35, 36, 37]",3388,3.2706010341644287
"[2, 9, 1, 22, 27, 14, 3, 15, 12, 26, 5, 17, 6, 19, 33, 28, 4, 29, 10, 25, 7, 24, 34, 31, 0, 8, 30, 13, 23, 38, 32, 16, 18, 21, 20, 11, 39, 35, 36, 37]",3388,"[2, 9, 1, 22, 27, 14, 3, 15, 12, 26, 5, 17, 6, 19, 33, 28, 4, 29, 10, 25, 7, 24, 34, 31, 0, 8, 30, 13, 23, 38, 32, 16, 18, 21, 20, 11, 39, 35, 36, 37]",3388,3.3231658935546875
"[2, 9, 1, 22, 27, 14, 7, 15, 12, 26, 5, 17, 6, 19, 33, 28, 4, 29, 10, 25, 3, 24, 34, 31, 0, 8, 30, 13, 23, 38, 32, 16, 18, 21, 20, 11, 39, 35, 36, 37]",3172,"[2, 9, 1, 22, 27, 14, 7, 15, 12, 26, 5, 17, 6, 19, 33, 28, 4, 29, 10, 25, 3, 24, 34, 31, 0, 8, 30, 13, 23, 38, 32, 16, 18, 21, 20, 11, 39, 35, 36, 37]",3172,3.375948905944824
"[2, 9, 1, 22, 27, 14, 7, 15, 12, 26, 5, 17, 6, 19, 33, 28, 4, 29, 10, 25, 3, 24, 34, 31, 0, 8, 30, 13, 23, 38, 32, 16, 18, 21, 20, 11, 39, 35, 36, 37]",3172,"[2, 9, 1, 22, 27, 14, 7, 15, 12, 26, 5, 17, 6, 19, 33, 28, 4, 29, 10, 25, 3, 24, 34, 31, 0, 8, 30, 13, 23, 38, 32, 16, 18, 21, 20, 11, 39, 35, 36, 37]",3172,3.427238941192627
"[2, 9, 1, 22, 27, 14, 7, 15, 12, 0, 5, 17, 6, 19, 33, 28, 4, 29, 10, 25, 3, 24, 34, 31, 26, 8, 30, 13, 23, 38, 32, 16, 18, 21, 20, 11, 39, 35, 36, 37]",3103,"[2, 9, 1, 22, 27, 14, 7, 15, 12, 0, 5, 17, 6, 19, 33, 28, 4, 29, 10, 25, 3, 24, 34, 31, 26, 8, 30, 13, 23, 38, 32, 16, 18, 21, 20, 11, 39, 35, 36, 37]",3103,3.4799258708953857
"[2, 9, 1, 22, 27, 14, 7, 15, 12, 0, 5, 17, 6, 19, 33, 28, 4, 29, 10, 25, 3, 24, 34, 31, 26, 8, 30, 13, 23, 38, 32, 16, 18, 21, 20, 11, 39, 35, 36, 37]",3103,"[2, 9, 1, 22, 27, 14, 7, 15, 12, 0, 5, 17, 6, 19, 33, 28, 4, 29, 10, 25, 3, 24, 34, 31, 26, 8, 30, 13, 23, 38, 32, 16, 18, 21, 20, 11, 39, 35, 36, 37]",3103,3.533144950866699
"[2, 9, 1, 22, 27, 14, 7, 15, 12, 0, 5, 17, 6, 19, 33, 28, 4, 29, 10, 25, 3, 24, 34, 31, 26, 8, 30, 13, 23, 38, 32, 16, 18, 21, 20, 11, 39, 35, 36, 37]",3103,"[2, 9, 1, 22, 27, 14, 7, 15, 12, 0, 5, 17, 6, 19, 33, 28, 4, 29, 10, 25, 3, 24, 34, 31, 26, 8, 30, 13, 23, 38, 32, 16, 18, 21, 20, 11, 39, 35, 36, 37]",3103,3.584667921066284
"[2, 9, 1, 22, 27, 14, 7, 15, 12, 0, 5, 17, 6, 19, 33, 28, 4, 29, 10, 25, 3, 35, 34, 31, 26, 8, 30, 13, 23, 38, 32, 16, 18, 21, 20, 11, 39, 24, 36, 37]",3013,"[2, 9, 1, 22, 27, 14, 7, 15, 12, 0, 5, 17, 6, 19, 33, 28, 4, 29, 10, 25, 3, 35, 34, 31, 26, 8, 30, 13, 23, 38, 32, 16, 18, 21, 20, 11, 39, 24, 36, 37]",3013,3.6383466720581055
"[2, 9, 1, 22, 27, 14, 7, 15, 12, 0, 5, 17, 6, 19, 33, 28, 4, 29, 10, 25, 3, 35, 34, 31, 26, 8, 30, 13, 23, 38, 32, 16, 18, 21, 20, 11, 39, 24, 36, 37]",3013,"[2, 9, 1, 22, 27, 14, 7, 15, 12, 0, 5, 17, 6, 19, 33, 28, 4, 29, 10, 25, 3, 35, 34, 31, 26, 8, 30, 13, 23, 38, 32, 16, 18, 21, 20, 11, 39, 24, 36, 37]",3013,3.69051194190979
"[2, 9, 1, 22, 27, 14, 7, 15, 12, 0, 5, 17, 6, 19, 33, 28, 4, 29, 10, 25, 3, 35, 34, 31, 26, 8, 30, 13, 23, 38, 32, 16, 18, 21, 20, 11, 39, 24, 36, 37]",3013,"[2, 9, 1, 22, 27, 14, 7, 15, 12, 0, 5, 17, 6, 19, 33, 28, 4, 29, 10, 25, 3, 35, 34, 31, 26, 8, 30, 13, 23, 38, 32, 16, 18, 21, 20, 11, 39, 24, 36, 37]",3013,3.7424840927124023
"[2, 9, 1, 22, 27, 14, 7, 15, 12, 0, 5, 17, 6, 19, 33, 28, 4, 29, 10, 25, 3, 35, 34, 31, 26, 8, 30, 13, 23, 38, 32, 16, 18, 21, 20, 11, 39, 24, 36, 37]",3013,"[2, 9, 1, 22, 27, 14, 7, 15, 12, 0, 5, 17, 6, 19, 33, 28, 4, 29, 10, 25, 3, 35, 34, 31, 26, 8, 30, 13, 23, 38, 32, 16, 18, 21, 20, 11, 39, 24, 36, 37]",3013,3.794023036956787
"[2, 9, 1, 22, 27, 14, 7, 15, 12, 0, 5, 17, 6, 19, 33, 28, 4, 29, 10, 25, 3, 35, 34, 31, 26, 8, 30, 13, 23, 38, 32, 16, 18, 21, 20, 11, 39, 24, 36, 37]",3013,"[2, 9, 1, 22, 27, 14, 7, 15, 12, 0, 5, 17, 6, 19, 33, 28, 4, 29, 10, 25, 3, 35, 34, 31, 26, 8, 30, 13, 23, 38, 32, 16, 18, 21, 20, 11, 39, 24, 36, 37]",3013,3.8463571071624756
"[2, 9, 1, 22, 27, 14, 7, 15, 12, 0, 5, 17, 6, 19, 33, 28, 4, 29, 10, 25, 3, 35, 34, 31, 26, 8, 30, 13, 23, 38, 32, 16, 18, 21, 20, 11, 39, 24, 36, 37]",3013,"[2, 9, 1, 22, 27, 14, 7, 15, 12, 0, 5, 17, 6, 19, 33, 28, 4, 29, 10, 25, 3, 35, 34, 31, 26, 8, 30, 13, 23, 38, 32, 16, 18, 21, 20, 11, 39, 24, 36, 37]",3013,3.9130728244781494
"[2, 9, 1, 22, 27, 14, 7, 15, 12, 0, 5, 17, 6, 19, 33, 28, 4, 29, 10, 25, 3, 35, 34, 31, 26, 8, 30, 13, 23, 38, 32, 16, 18, 21, 20, 11, 39, 24, 36, 37]",3013,"[2, 9, 1, 22, 27, 14, 7, 15, 12, 0, 5, 17, 6, 19, 33, 28, 4, 29, 10, 25, 3, 35, 34, 31, 26, 8, 30, 13, 23, 38, 32, 16, 18, 21, 20, 11, 39, 24, 36, 37]",3013,3.965427875518799
"[2, 9, 1, 22, 27, 14, 7, 15, 12, 0, 5, 17, 6, 19, 33, 28, 4, 29, 10, 25, 3, 35, 34, 31, 26, 8, 30, 13, 23, 38, 32, 16, 18, 21, 20, 11, 39, 24, 36, 37]",3013,"[2, 9, 1, 22, 27, 14, 7, 15, 12, 0, 5, 17, 6, 19, 33, 28, 4, 29, 10, 25, 3, 35, 34, 31, 26, 8, 30, 13, 23, 38, 32, 16, 18, 21, 20, 11, 39, 24, 36, 37]",3013,4.016931772232056
"[2, 9, 1, 22, 27, 14, 7, 15, 12, 0, 5, 17, 6, 19, 33, 28, 4, 29, 10, 25, 3, 35, 34, 31, 26, 8, 30, 13, 23, 38, 32, 16, 18, 21, 20, 11, 39, 24, 36, 37]",3013,"[2, 9, 1, 22, 27, 14, 7, 15, 12, 0, 5, 17, 6, 19, 33, 28, 4, 29, 10, 25, 3, 35, 34, 31, 26, 8, 30, 13, 23, 38, 32, 16, 18, 21, 20, 11, 39, 24, 36, 37]",3013,4.069406986236572
"[2, 9, 1, 22, 27, 14, 7, 15, 12, 0, 5, 17, 6, 19, 33, 28, 4, 29, 10, 25, 3, 35, 34, 31, 26, 8, 30, 13, 23, 38, 32, 16, 18, 21, 20, 11, 39, 24, 36, 37]",3013,"[2, 9, 1, 22, 27, 14, 7, 15, 12, 0, 5, 17, 6, 19, 33, 28, 4, 29, 10, 25, 3, 35, 34, 31, 26, 8, 30, 13, 23, 38, 32, 16, 18, 21, 20, 11, 39, 24, 36, 37]",3013,4.121639013290405
"[2, 9, 1, 22, 27, 14, 7, 15, 12, 0, 5, 17, 6, 19, 33, 28, 4, 29, 10, 18, 3, 35, 34, 31, 26, 8, 30, 13, 23, 38, 32, 16, 25, 21, 20, 11, 39, 24, 36, 37]",2958,"[2, 9, 1, 22, 27, 14, 7, 15, 12, 0, 5, 17, 6, 19, 33, 28, 4, 29, 10, 18, 3, 35, 34, 31, 26, 8, 30, 13, 23, 38, 32, 16, 25, 21, 20, 11, 39, 24, 36, 37]",2958,4.173860788345337
"[2, 9, 1, 22, 27, 14, 7, 15, 12, 0, 5, 17, 6, 19, 33, 28, 4, 29, 23, 18, 3, 35, 34, 31, 26, 8, 30, 13, 10, 38, 32, 16, 25, 21, 20, 11, 39, 24, 36, 37]",2926,"[2, 9, 1, 22, 27, 14, 7, 15, 12, 0, 5, 17, 6, 19, 33, 28, 4, 29, 23, 18, 3, 35, 34, 31, 26, 8, 30, 13, 10, 38, 32, 16, 25, 21, 20, 11, 39, 24, 36, 37]",2926,4.225636959075928
"[2, 9, 1, 22, 27, 14, 7, 15, 12, 0, 5, 17, 6, 19, 33, 28, 4, 29, 23, 18, 3, 35, 34, 31, 26, 8, 30, 13, 10, 38, 32, 16, 25, 21, 20, 11, 39, 24, 36, 37]",2926,"[2, 9, 1, 22, 27, 14, 7, 15, 12, 0, 5, 17, 6, 19, 33, 28, 4, 29, 23, 18, 3, 35, 34, 31, 26, 8, 30, 13, 10, 38, 32, 16, 25, 21, 20, 11, 39, 24, 36, 37]",2926,4.278066873550415
"[2, 9, 1, 22, 27, 14, 7, 15, 12, 0, 5, 17, 6, 19, 33, 28, 4, 29, 23, 18, 3, 35, 34, 31, 26, 8, 30, 13, 10, 38, 32, 16, 25, 21, 20, 11, 39, 24, 36, 37]",2926,"[2, 9, 1, 22, 27, 14, 7, 15, 12, 0, 5, 17, 6, 19, 33, 28, 4, 29, 23, 18, 3, 35, 34, 31, 26, 8, 30, 13, 10, 38, 32, 16, 25, 21, 20, 11, 39, 24, 36, 37]",2926,4.330950975418091
"[2, 9, 1, 22, 27, 14, 7, 15, 12, 0, 5, 17, 6, 19, 33, 28, 4, 29, 23, 18, 3, 35, 34, 31, 26, 8, 30, 13, 10, 38, 32, 16, 25, 21, 20, 11, 39, 24, 36, 37]",2926,"[2, 9, 1, 22, 27, 14, 7, 15, 12, 0, 5, 17, 6, 19, 33, 28, 4, 29, 23, 18, 3, 35, 34, 31, 26, 8, 30, 13, 10, 38, 32, 16, 25, 21, 20, 11, 39, 24, 36, 37]",2926,4.382982969284058
"[2, 9, 1, 22, 27, 14, 7, 15, 12, 0, 5, 17, 6, 19, 33, 28, 4, 29, 23, 18, 3, 35, 34, 31, 26, 8, 30, 13, 10, 38, 32, 16, 25, 21, 20, 11, 39, 24, 36, 37]",2926,"[2, 9, 1, 22, 27, 14, 7, 15, 12, 0, 5, 17, 6, 19, 33, 28, 4, 29, 23, 18, 3, 35, 34, 31, 26, 8, 30, 13, 10, 38, 32, 16, 25, 21, 20, 11, 39, 24, 36, 37]",2926,4.434266805648804
"[2, 9, 1, 22, 27, 14, 7, 15, 12, 0, 5, 17, 6, 19, 33, 28, 4, 29, 23, 18, 3, 35, 34, 31, 26, 8, 30, 13, 10, 38, 32, 16, 25, 21, 20, 11, 39, 24, 36, 37]",2926,"[2, 9, 1, 22, 27, 14, 7, 15, 12, 0, 5, 17, 6, 19, 33, 28, 4, 29, 23, 18, 3, 35, 34, 31, 26, 8, 30, 13, 10, 38, 32, 16, 25, 21, 20, 11, 39, 24, 36, 37]",2926,4.4857497215271
"[2, 9, 1, 22, 27, 14, 7, 15, 12, 0, 5, 17, 6, 19, 33, 28, 4, 29, 23, 18, 3, 35, 34, 31, 26, 8, 30, 13, 10, 38, 32, 16, 25, 21, 20, 11, 39, 24, 36, 37]",2926,"[2, 9, 1, 22, 27, 14, 7, 15, 12, 0, 5, 17, 6, 19, 33, 28, 4, 29, 23, 18, 3, 35, 34, 31, 26, 8, 30, 13, 10, 38, 32, 16, 25, 21, 20, 11, 39, 24, 36, 37]",2926,4.537597894668579
"[2, 9, 1, 22, 27, 14, 7, 15, 12, 0, 5, 17, 6, 19, 33, 28, 4, 29, 23, 18, 3, 35, 34, 31, 26, 8, 30, 13, 10, 38, 32, 16, 25, 21, 20, 11, 39, 24, 36, 37]",2926,"[2, 9, 1, 22, 27, 14, 7, 15, 12, 0, 5, 17, 6, 19, 33, 28, 4, 29, 23, 18, 3, 35, 34, 31, 26, 8, 30, 13, 10, 38, 32, 16, 25, 21, 20, 11, 39, 24, 36, 37]",2926,4.589070796966553
"[2, 9, 1, 22, 27, 14, 7, 15, 12, 0, 5, 17, 6, 19, 33, 28, 4, 29, 23, 18, 3, 35, 34, 31, 26, 8, 30, 13, 10, 38, 32, 16, 25, 21, 20, 11, 39, 24, 36, 37]",2926,"[2, 9, 1, 22, 27, 14, 7, 15, 12, 0, 5, 17, 6, 19, 33, 28, 4, 29, 23, 18, 3, 35, 34, 31, 26, 8, 30, 13, 10, 38, 32, 16, 25, 21, 20, 11, 39, 24, 36, 37]",2926,4.643061876296997
"[2, 9, 1, 22, 27, 14, 7, 15, 12, 0, 5, 17, 6, 19, 33, 28, 4, 29, 23, 18, 3, 35, 34, 31, 26, 8, 30, 13, 10, 38, 32, 16, 25, 21, 20, 11, 39, 24, 36, 37]",2926,"[2, 9, 1, 22, 27, 14, 7, 15, 12, 0, 5, 17, 6, 19, 33, 28, 4, 29, 23, 18, 3, 35, 34, 31, 26, 8, 30, 13, 10, 38, 32, 16, 25, 21, 20, 11, 39, 24, 36, 37]",2926,4.698318958282471
"[2, 9, 1, 22, 27, 14, 7, 15, 12, 0, 5, 17, 6, 19, 18, 28, 4, 29, 23, 33, 3, 35, 34, 31, 26, 8, 30, 13, 10, 38, 32, 16, 25, 21, 20, 11, 39, 24, 36, 37]",2804,"[2, 9, 1, 22, 27, 14, 7, 15, 12, 0, 5, 17, 6, 19, 18, 28, 4, 29, 23, 33, 3, 35, 34, 31, 26, 8, 30, 13, 10, 38, 32, 16, 25, 21, 20, 11, 39, 24, 36, 37]",2804,4.751989126205444
"[2, 9, 1, 22, 27, 14, 7, 15, 12, 0, 5, 17, 6, 19, 18, 28, 4, 29, 23, 33, 3, 35, 34, 31, 26, 8, 30, 13, 10, 38, 32, 16, 25, 21, 20, 11, 39, 24, 36, 37]",2804,"[2, 9, 1, 22, 27, 14, 7, 15, 12, 0, 5, 17, 6, 19, 18, 28, 4, 29, 23, 33, 3, 35, 34, 31, 26, 8, 30, 13, 10, 38, 32, 16, 25, 21, 20, 11, 39, 24, 36, 37]",2804,4.806303024291992
"[2, 9, 1, 22, 27, 14, 7, 15, 12, 0, 5, 17, 6, 19, 18, 28, 4, 29, 23, 33, 3, 35, 34, 31, 26, 8, 30, 13, 10, 38, 32, 16, 25, 21, 20, 11, 39, 24, 36, 37]",2804,"[2, 9, 1, 22, 27, 14, 7, 15, 12, 0, 5, 17, 6, 19, 18, 28, 4, 29, 23, 33, 3, 35, 34, 31, 26, 8, 30, 13, 10, 38, 32, 16, 25, 21, 20, 11, 39, 24, 36, 37]",2804,4.859478712081909
"[2, 9, 1, 22, 27, 14, 7, 15, 12, 0, 5, 17, 6, 19, 18, 28, 4, 29, 23, 33, 3, 35, 34, 31, 26, 8, 30, 13, 10, 38, 32, 16, 25, 21, 20, 11, 39, 24, 36, 37]",2804,"[2, 9, 1, 22, 27, 14, 7, 15, 12, 0, 5, 17, 6, 19, 18, 28, 4, 29, 23, 33, 3, 35, 34, 31, 26, 8, 30, 13, 10, 38, 32, 16, 25, 21, 20, 11, 39, 24, 36, 37]",2804,4.912981748580933
"[2, 9, 1, 22, 27, 14, 7, 15, 12, 0, 5, 17, 6, 19, 18, 28, 4, 29, 23, 33, 3, 35, 34, 31, 26, 8, 30, 13, 10, 38, 32, 16, 25, 21, 20, 11, 39, 24, 36, 37]",2804,"[2, 9, 1, 22, 27, 14, 7, 15, 12, 0, 5, 17, 6, 19, 18, 28, 4, 29, 23, 33, 3, 35, 34, 31, 26, 8, 30, 13, 10, 38, 32, 16, 25, 21, 20, 11, 39, 24, 36, 37]",2804,4.968663930892944
"[2, 9, 1, 22, 27, 14, 7, 15, 12, 0, 5, 17, 6, 19, 18, 28, 4, 29, 23, 33, 3, 35, 34, 31, 26, 8, 30, 13, 10, 38, 32, 16, 25, 21, 20, 11, 39, 24, 36, 37]",2804,"[2, 9, 1, 22, 27, 14, 7, 15, 12, 0, 5, 17, 6, 19, 18, 28, 4, 29, 23, 33, 3, 35, 34, 31, 26, 8, 30, 13, 10, 38, 32, 16, 25, 21, 20, 11, 39, 24, 36, 37]",2804,5.02224588394165
"[2, 9, 1, 22, 27, 14, 7, 15, 12, 0, 5, 17, 6, 19, 18, 28, 4, 29, 23, 33, 3, 35, 34, 31, 26, 8, 30, 13, 10, 38, 32, 16, 25, 21, 20, 11, 39, 24, 36, 37]",2804,"[2, 9, 1, 22, 27, 14, 7, 15, 12, 0, 5, 17, 6, 19, 18, 28, 4, 29, 23, 33, 3, 35, 34, 31, 26, 8, 30, 13, 10, 38, 32, 16, 25, 21, 20, 11, 39, 24, 36, 37]",2804,5.075823783874512
"[2, 9, 1, 22, 27, 14, 7, 15, 12, 0, 5, 17, 6, 19, 18, 28, 4, 29, 23, 33, 3, 35, 34, 31, 26, 8, 30, 13, 10, 38, 32, 16, 25, 21, 20, 11, 39, 24, 36, 37]",2804,"[2, 9, 1, 22, 27, 14, 7, 15, 12, 0, 5, 17, 6, 19, 18, 28, 4, 29, 23, 33, 3, 35, 34, 31, 26, 8, 30, 13, 10, 38, 32, 16, 25, 21, 20, 11, 39, 24, 36, 37]",2804,5.128881931304932
"[2, 9, 1, 22, 27, 14, 7, 15, 12, 0, 5, 17, 6, 19, 18, 28, 4, 29, 23, 33, 3, 35, 34, 31, 26, 8, 30, 13, 10, 38, 32, 16, 25, 21, 20, 11, 39, 24, 36, 37]",2804,"[2, 9, 1, 22, 27, 14, 7, 15, 12, 0, 5, 17, 6, 19, 18, 28, 4, 29, 23, 33, 3, 35, 34, 31, 26, 8, 30, 13, 10, 38, 32, 16, 25, 21, 20, 11, 39, 24, 36, 37]",2804,5.183089971542358
"[2, 9, 1, 22, 27, 14, 7, 15, 12, 0, 5, 17, 6, 19, 18, 28, 4, 29, 23, 33, 3, 35, 34, 31, 26, 8, 30, 13, 10, 38, 32, 16, 25, 21, 20, 11, 39, 24, 36, 37]",2804,"[2, 9, 1, 22, 27, 14, 7, 15, 12, 0, 5, 17, 6, 19, 18, 28, 4, 29, 23, 33, 3, 35, 34, 31, 26, 8, 30, 13, 10, 38, 32, 16, 25, 21, 20, 11, 39, 24, 36, 37]",2804,5.237782716751099
"[2, 9, 1, 22, 27, 14, 7, 15, 12, 0, 5, 17, 6, 19, 18, 28, 4, 29, 23, 33, 3, 35, 34, 25, 26, 8, 30, 13, 10, 38, 32, 16, 31, 21, 20, 11, 39, 24, 36, 37]",2716,"[2, 9, 1, 22, 27, 14, 7, 15, 12, 0, 5, 17, 6, 19, 18, 28, 4, 29, 23, 33, 3, 35, 34, 25, 26, 8, 30, 13, 10, 38, 32, 16, 31, 21, 20, 11, 39, 24, 36, 37]",2716,5.293078899383545
"[2, 9, 1, 22, 27, 14, 7, 15, 12, 0, 5, 17, 6, 19, 18, 28, 4, 29, 23, 33, 3, 35, 34, 25, 26, 8, 30, 13, 10, 38, 32, 16, 31, 21, 20, 11, 39, 24, 36, 37]",2716,"[2, 9, 1, 22, 27, 14, 7, 15, 12, 0, 5, 17, 6, 19, 18, 28, 4, 29, 23, 33, 3, 35, 34, 25, 26, 8, 30, 13, 10, 38, 32, 16, 31, 21, 20, 11, 39, 24, 36, 37]",2716,5.345946788787842
"[2, 9, 1, 22, 27, 14, 7, 15, 12, 0, 5, 17, 6, 19, 18, 28, 4, 29, 23, 33, 3, 35, 34, 25, 26, 8, 30, 13, 10, 38, 32, 16, 31, 21, 20, 11, 39, 24, 36, 37]",2716,"[2, 9, 1, 22, 27, 14, 7, 15, 12, 0, 5, 17, 6, 19, 18, 28, 4, 29, 23, 33, 3, 35, 34, 25, 26, 8, 30, 13, 10, 38, 32, 16, 31, 21, 20, 11, 39, 24, 36, 37]",2716,5.398774862289429
"[2, 9, 1, 22, 27, 14, 7, 15, 12, 0, 5, 17, 6, 19, 18, 28, 4, 29, 23, 33, 3, 35, 34, 25, 26, 8, 30, 13, 10, 38, 32, 16, 31, 21, 20, 11, 39, 24, 36, 37]",2716,"[2, 9, 1, 22, 27, 14, 7, 15, 12, 0, 5, 17, 6, 19, 18, 28, 4, 29, 23, 33, 3, 35, 34, 25, 26, 8, 30, 13, 10, 38, 32, 16, 31, 21, 20, 11, 39, 24, 36, 37]",2716,5.453404903411865
"[27, 9, 1, 22, 2, 14, 7, 15, 12, 0, 5, 17, 6, 19, 18, 28, 4, 29, 23, 33, 3, 35, 34, 25, 26, 8, 30, 13, 10, 38, 32, 16, 31, 21, 20, 11, 39, 24, 36, 37]",2699,"[27, 9, 1, 22, 2, 14, 7, 15, 12, 0, 5, 17, 6, 19, 18, 28, 4, 29, 23, 33, 3, 35, 34, 25, 26, 8, 30, 13, 10, 38, 32, 16, 31, 21, 20, 11, 39, 24, 36, 37]",2699,5.507611989974976
"[27, 9, 1, 22, 2, 14, 7, 15, 12, 0, 5, 17, 6, 19, 18, 28, 4, 29, 23, 33, 3, 35, 34, 25, 26, 8, 30, 13, 10, 38, 32, 16, 31, 21, 20, 11, 39, 24, 36, 37]",2699,"[27, 9, 1, 22, 2, 14, 7, 15, 12, 0, 5, 17, 6, 19, 18, 28, 4, 29, 23, 33, 3, 35, 34, 25, 26, 8, 30, 13, 10, 38, 32, 16, 31, 21, 20, 11, 39, 24, 36, 37]",2699,5.560775995254517
"[27, 9, 1, 22, 2, 14, 7, 15, 12, 0, 5, 17, 6, 19, 18, 28, 4, 29, 23, 33, 3, 35, 34, 25, 26, 8, 30, 13, 10, 38, 32, 16, 31, 21, 20, 11, 39, 24, 36, 37]",2699,"[27, 9, 1, 22, 2, 14, 7, 15, 12, 0, 5, 17, 6, 19, 18, 28, 4, 29, 23, 33, 3, 35, 34, 25, 26, 8, 30, 13, 10, 38, 32, 16, 31, 21, 20, 11, 39, 24, 36, 37]",2699,5.614973068237305
"[27, 9, 1, 22, 2, 14, 7, 15, 12, 0, 5, 17, 6, 19, 18, 28, 4, 29, 23, 33, 3, 35, 34, 25, 26, 8, 30, 13, 10, 38, 32, 16, 31, 21, 20, 11, 39, 24, 36, 37]",2699,"[27, 9, 1, 22, 2, 14, 7, 15, 12, 0, 5, 17, 6, 19, 18, 28, 4, 29, 23, 33, 3, 35, 34, 25, 26, 8, 30, 13, 10, 38, 32, 16, 31, 21, 20, 11, 39, 24, 36, 37]",2699,5.668571949005127
"[27, 9, 1, 22, 2, 14, 7, 15, 12, 0, 5, 17, 6, 19, 18, 28, 4, 29, 23, 33, 3, 35, 34, 25, 26, 8, 30, 13, 10, 38, 32, 16, 31, 21, 20, 11, 39, 24, 36, 37]",2699,"[27, 9, 1, 22, 2, 14, 7, 15, 12, 0, 5, 17, 6, 19, 18, 28, 4, 29, 23, 33, 3, 35, 34, 25, 26, 8, 30, 13, 10, 38, 32, 16, 31, 21, 20, 11, 39, 24, 36, 37]",2699,5.721867799758911
"[27, 9, 1, 22, 2, 14, 7, 15, 12, 0, 5, 17, 6, 19, 18, 28, 4, 29, 23, 33, 3, 35, 34, 25, 26, 8, 30, 13, 10, 38, 32, 16, 31, 21, 20, 11, 39, 24, 36, 37]",2699,"[27, 9, 1, 22, 2, 14, 7, 15, 12, 0, 5, 17, 6, 19, 18, 28, 4, 29, 23, 33, 3, 35, 34, 25, 26, 8, 30, 13, 10, 38, 32, 16, 31, 21, 20, 11, 39, 24, 36, 37]",2699,5.773998975753784
"[27, 9, 1, 22, 2, 14, 7, 15, 12, 0, 5, 17, 6, 19, 18, 28, 4, 29, 23, 33, 3, 35, 34, 25, 26, 8, 30, 13, 10, 38, 32, 16, 31, 21, 20, 11, 39, 24, 36, 37]",2699,"[27, 9, 1, 22, 2, 14, 7, 15, 12, 0, 5, 17, 6, 19, 18, 28, 4, 29, 23, 33, 3, 35, 34, 25, 26, 8, 30, 13, 10, 38, 32, 16, 31, 21, 20, 11, 39, 24, 36, 37]",2699,5.827709913253784
"[36, 9, 1, 22, 2, 14, 7, 15, 12, 0, 5, 17, 6, 19, 18, 28, 4, 29, 23, 33, 3, 35, 34, 25, 26, 8, 30, 13, 10, 38, 32, 16, 31, 21, 20, 11, 39, 24, 27, 37]",2594,"[36, 9, 1, 22, 2, 14, 7, 15, 12, 0, 5, 17, 6, 19, 18, 28, 4, 29, 23, 33, 3, 35, 34, 25, 26, 8, 30, 13, 10, 38, 32, 16, 31, 21, 20, 11, 39, 24, 27, 37]",2594,5.881175756454468
"[36, 9, 1, 22, 2, 14, 7, 15, 12, 0, 5, 17, 6, 19, 18, 28, 4, 29, 23, 33, 3, 35, 34, 25, 26, 8, 30, 13, 10, 38, 32, 16, 31, 21, 20, 11, 39, 24, 27, 37]",2594,"[36, 9, 1, 22, 2, 14, 7, 15, 12, 0, 5, 17, 6, 19, 18, 28, 4, 29, 23, 33, 3, 35, 34, 25, 26, 8, 30, 13, 10, 38, 32, 16, 31, 21, 20, 11, 39, 24, 27, 37]",2594,5.934154033660889
"[36, 9, 1, 22, 2, 14, 7, 15, 12, 0, 5, 17, 6, 19, 18, 28, 4, 29, 23, 33, 3, 35, 34, 25, 26, 8, 30, 13, 10, 38, 32, 16, 31, 21, 20, 11, 39, 24, 27, 37]",2594,"[36, 9, 1, 22, 2, 14, 7, 15, 12, 0, 5, 17, 6, 19, 18, 28, 4, 29, 23, 33, 3, 35, 34, 25, 26, 8, 30, 13, 10, 38, 32, 16, 31, 21, 20, 11, 39, 24, 27, 37]",2594,5.988134860992432
"[36, 9, 1, 22, 2, 14, 7, 15, 12, 0, 5, 17, 6, 19, 18, 28, 4, 29, 23, 33, 3, 35, 34, 25, 26, 8, 30, 13, 10, 38, 32, 16, 31, 21, 20, 11, 39, 24, 27, 37]",2594,"[36, 9, 1, 22, 2, 14, 7, 15, 12, 0, 5, 17, 6, 19, 18, 28, 4, 29, 23, 33, 3, 35, 34, 25, 26, 8, 30, 13, 10, 38, 32, 16, 31, 21, 20, 11, 39, 24, 27, 37]",2594,6.043360710144043
"[36, 9, 1, 22, 2, 14, 7, 15, 12, 0, 5, 17, 6, 19, 18, 28, 4, 29, 23, 33, 3, 35, 34, 25, 26, 8, 30, 13, 10, 38, 32, 16, 31, 21, 20, 11, 39, 24, 27, 37]",2594,"[36, 9, 1, 22, 2, 14, 7, 15, 12, 0, 5, 17, 6, 19, 18, 28, 4, 29, 23, 33, 3, 35, 34, 25, 26, 8, 30, 13, 10, 38, 32, 16, 31, 21, 20, 11, 39, 24, 27, 37]",2594,6.097301721572876
"[36, 9, 1, 22, 2, 14, 7, 15, 12, 0, 5, 17, 6, 19, 18, 28, 4, 29, 23, 33, 3, 35, 34, 25, 26, 8, 30, 13, 10, 38, 32, 16, 31, 21, 20, 11, 39, 24, 27, 37]",2594,"[36, 9, 1, 22, 2, 14, 7, 15, 12, 0, 5, 17, 6, 19, 18, 28, 4, 29, 23, 33, 3, 35, 34, 25, 26, 8, 30, 13, 10, 38, 32, 16, 31, 21, 20, 11, 39, 24, 27, 37]",2594,6.151727914810181
"[36, 9, 1, 22, 2, 14, 7, 15, 12, 0, 5, 17, 6, 19, 18, 28, 4, 29, 23, 33, 3, 35, 34, 25, 26, 8, 30, 13, 10, 38, 32, 16, 31, 21, 20, 11, 39, 24, 27, 37]",2594,"[36, 9, 1, 22, 2, 14, 7, 15, 12, 0, 5, 17, 6, 19, 18, 28, 4, 29, 23, 33, 3, 35, 34, 25, 26, 8, 30, 13, 10, 38, 32, 16, 31, 21, 20, 11, 39, 24, 27, 37]",2594,6.2065489292144775
"[36, 9, 1, 22, 2, 14, 7, 15, 12, 0, 5, 17, 6, 19, 18, 28, 4, 29, 23, 33, 3, 35, 34, 25, 26, 8, 30, 13, 10, 38, 32, 16, 31, 21, 20, 11, 39, 24, 27, 37]",2594,"[36, 9, 1, 22, 2, 14, 7, 15, 12, 0, 5, 17, 6, 19, 18, 28, 4, 29, 23, 33, 3, 35, 34, 25, 26, 8, 30, 13, 10, 38, 32, 16, 31, 21, 20, 11, 39, 24, 27, 37]",2594,6.259412050247192
"[36, 9, 1, 22, 2, 14, 7, 15, 12, 0, 5, 17, 6, 19, 18, 28, 4, 29, 23, 33, 3, 35, 34, 25, 26, 8, 30, 13, 10, 38, 32, 16, 31, 21, 20, 11, 39, 24, 27, 37]",2594,"[36, 9, 1, 22, 2, 14, 7, 15, 12, 0, 5, 17, 6, 19, 18, 28, 4, 29, 23, 33, 3, 35, 34, 25, 26, 8, 30, 13, 10, 38, 32, 16, 31, 21, 20, 11, 39, 24, 27, 37]",2594,6.3264429569244385
"[36, 9, 1, 22, 2, 14, 7, 15, 12, 0, 5, 17, 6, 19, 18, 28, 4, 29, 23, 33, 3, 35, 34, 25, 26, 8, 30, 13, 10, 38, 32, 16, 31, 21, 20, 11, 39, 24, 27, 37]",2594,"[36, 9, 1, 22, 2, 14, 7, 15, 12, 0, 5, 17, 6, 19, 18, 28, 4, 29, 23, 33, 3, 35, 34, 25, 26, 8, 30, 13, 10, 38, 32, 16, 31, 21, 20, 11, 39, 24, 27, 37]",2594,6.381012916564941
"[36, 9, 1, 22, 2, 14, 7, 15, 12, 0, 5, 17, 6, 19, 18, 28, 4, 29, 23, 33, 8, 35, 34, 25, 26, 3, 30, 13, 10, 38, 32, 16, 31, 21, 20, 11, 39, 24, 27, 37]",2564,"[36, 9, 1, 22, 2, 14, 7, 15, 12, 0, 5, 17, 6, 19, 18, 28, 4, 29, 23, 33, 8, 35, 34, 25, 26, 3, 30, 13, 10, 38, 32, 16, 31, 21, 20, 11, 39, 24, 27, 37]",2564,6.43482780456543
"[36, 9, 1, 22, 2, 14, 7, 15, 12, 0, 5, 17, 6, 19, 18, 28, 4, 29, 23, 33, 8, 35, 34, 25, 26, 3, 30, 13, 10, 38, 32, 16, 31, 21, 20, 11, 39, 24, 27, 37]",2564,"[36, 9, 1, 22, 2, 14, 7, 15, 12, 0, 5, 17, 6, 19, 18, 28, 4, 29, 23, 33, 8, 35, 34, 25, 26, 3, 30, 13, 10, 38, 32, 16, 31, 21, 20, 11, 39, 24, 27, 37]",2564,6.488433837890625
"[36, 9, 1, 22, 2, 14, 7, 15, 12, 0, 5, 17, 6, 19, 18, 28, 4, 29, 23, 33, 8, 35, 34, 25, 26, 3, 30, 13, 10, 38, 32, 16, 31, 21, 20, 11, 39, 24, 27, 37]",2564,"[36, 9, 1, 22, 2, 14, 7, 15, 12, 0, 5, 17, 6, 19, 18, 28, 4, 29, 23, 33, 8, 35, 34, 25, 26, 3, 30, 13, 10, 38, 32, 16, 31, 21, 20, 11, 39, 24, 27, 37]",2564,6.543377876281738
"[36, 9, 1, 22, 2, 14, 7, 15, 12, 0, 5, 17, 6, 19, 18, 28, 4, 29, 23, 33, 8, 35, 34, 25, 26, 3, 30, 13, 10, 38, 32, 16, 31, 21, 20, 11, 39, 24, 27, 37]",2564,"[36, 9, 1, 22, 2, 14, 7, 15, 12, 0, 5, 17, 6, 19, 18, 28, 4, 29, 23, 33, 8, 35, 34, 25, 26, 3, 30, 13, 10, 38, 32, 16, 31, 21, 20, 11, 39, 24, 27, 37]",2564,6.597940921783447
"[36, 9, 1, 22, 2, 14, 7, 15, 12, 0, 5, 17, 6, 19, 18, 28, 4, 29, 23, 33, 8, 35, 34, 25, 26, 3, 30, 13, 10, 38, 32, 16, 31, 21, 20, 11, 39, 24, 27, 37]",2564,"[36, 9, 1, 22, 2, 14, 7, 15, 12, 0, 5, 17, 6, 19, 18, 28, 4, 29, 23, 33, 8, 35, 34, 25, 26, 3, 30, 13, 10, 38, 32, 16, 31, 21, 20, 11, 39, 24, 27, 37]",2564,6.65204381942749
"[36, 9, 1, 22, 2, 14, 7, 15, 12, 0, 5, 17, 6, 19, 18, 28, 4, 29, 23, 33, 8, 35, 34, 25, 26, 3, 30, 13, 10, 38, 32, 16, 31, 21, 20, 11, 39, 24, 27, 37]",2564,"[36, 9, 1, 22, 2, 14, 7, 15, 12, 0, 5, 17, 6, 19, 18, 28, 4, 29, 23, 33, 8, 35, 34, 25, 26, 3, 30, 13, 10, 38, 32, 16, 31, 21, 20, 11, 39, 24, 27, 37]",2564,6.70530104637146
"[36, 9, 1, 22, 2, 14, 7, 15, 12, 0, 5, 17, 6, 19, 18, 28, 4, 29, 23, 33, 8, 35, 34, 25, 26, 3, 30, 13, 10, 38, 32, 16, 31, 21, 20, 11, 39, 24, 27, 37]",2564,"[36, 9, 1, 22, 2, 14, 7, 15, 12, 0, 5, 17, 6, 19, 18, 28, 4, 29, 23, 33, 8, 35, 34, 25, 26, 3, 30, 13, 10, 38, 32, 16, 31, 21, 20, 11, 39, 24, 27, 37]",2564,6.758697032928467
"[36, 9, 1, 22, 2, 14, 7, 15, 12, 0, 5, 17, 6, 19, 18, 28, 4, 29, 23, 33, 8, 35, 34, 25, 26, 3, 30, 13, 10, 38, 32, 16, 31, 21, 20, 11, 39, 24, 27, 37]",2564,"[36, 9, 1, 22, 2, 14, 7, 15, 12, 0, 5, 17, 6, 19, 18, 28, 4, 29, 23, 33, 8, 35, 34, 25, 26, 3, 30, 13, 10, 38, 32, 16, 31, 21, 20, 11, 39, 24, 27, 37]",2564,6.8139448165893555
"[36, 9, 1, 22, 2, 14, 7, 15, 12, 0, 5, 17, 6, 19, 18, 28, 4, 29, 23, 33, 8, 35, 34, 25, 26, 3, 30, 13, 10, 38, 32, 16, 31, 21, 20, 11, 39, 24, 27, 37]",2564,"[36, 9, 1, 22, 2, 14, 7, 15, 12, 0, 5, 17, 6, 19, 18, 28, 4, 29, 23, 33, 8, 35, 34, 25, 26, 3, 30, 13, 10, 38, 32, 16, 31, 21, 20, 11, 39, 24, 27, 37]",2564,6.867745876312256
"[36, 9, 1, 22, 2, 14, 7, 15, 12, 0, 5, 17, 6, 19, 18, 28, 4, 29, 23, 33, 8, 35, 34, 25, 26, 3, 30, 13, 10, 38, 32, 16, 31, 21, 20, 11, 39, 24, 27, 37]",2564,"[36, 9, 1, 22, 2, 14, 7, 15, 12, 0, 5, 17, 6, 19, 18, 28, 4, 29, 23, 33, 8, 35, 34, 25, 26, 3, 30, 13, 10, 38, 32, 16, 31, 21, 20, 11, 39, 24, 27, 37]",2564,6.922431945800781
"[36, 9, 1, 22, 2, 14, 7, 15, 12, 0, 5, 17, 6, 19, 18, 28, 4, 29, 23, 33, 8, 35, 34, 25, 26, 3, 30, 13, 10, 38, 32, 16, 31, 21, 20, 11, 39, 24, 27, 37]",2564,"[36, 9, 1, 22, 2, 14, 7, 15, 12, 0, 5, 17, 6, 19, 18, 28, 4, 29, 23, 33, 8, 35, 34, 25, 26, 3, 30, 13, 10, 38, 32, 16, 31, 21, 20, 11, 39, 24, 27, 37]",2564,6.977186918258667
"[36, 9, 1, 22, 2, 14, 7, 15, 12, 0, 5, 17, 6, 19, 18, 28, 4, 29, 23, 33, 8, 35, 34, 25, 26, 3, 30, 13, 10, 38, 32, 16, 31, 21, 20, 11, 39, 24, 27, 37]",2564,"[36, 9, 1, 22, 2, 14, 7, 15, 12, 0, 5, 17, 6, 19, 18, 28, 4, 29, 23, 33, 8, 35, 34, 25, 26, 3, 30, 13, 10, 38, 32, 16, 31, 21, 20, 11, 39, 24, 27, 37]",2564,7.0325608253479
"[36, 9, 1, 22, 2, 14, 7, 15, 12, 0, 5, 17, 6, 19, 18, 28, 4, 29, 23, 33, 8, 35, 34, 25, 26, 3, 30, 13, 10, 38, 32, 16, 31, 21, 20, 11, 39, 24, 27, 37]",2564,"[36, 9, 1, 22, 2, 14, 7, 15, 12, 0, 5, 17, 6, 19, 18, 28, 4, 29, 23, 33, 8, 35, 34, 25, 26, 3, 30, 13, 10, 38, 32, 16, 31, 21, 20, 11, 39, 24, 27, 37]",2564,7.087357044219971
"[36, 9, 1, 22, 2, 14, 7, 15, 12, 0, 5, 17, 6, 19, 18, 28, 4, 29, 23, 33, 8, 35, 34, 25, 26, 3, 30, 13, 10, 38, 32, 16, 31, 21, 20, 11, 39, 24, 27, 37]",2564,"[36, 9, 1, 22, 2, 14, 7, 15, 12, 0, 5, 17, 6, 19, 18, 28, 4, 29, 23, 33, 8, 35, 34, 25, 26, 3, 30, 13, 10, 38, 32, 16, 31, 21, 20, 11, 39, 24, 27, 37]",2564,7.141834020614624
"[36, 9, 1, 22, 2, 14, 7, 15, 12, 0, 5, 17, 6, 19, 18, 28, 4, 29, 23, 33, 8, 35, 34, 25, 26, 3, 30, 13, 10, 38, 32, 16, 31, 21, 20, 11, 39, 24, 27, 37]",2564,"[36, 9, 1, 22, 2, 14, 7, 15, 12, 0, 5, 17, 6, 19, 18, 28, 4, 29, 23, 33, 8, 35, 34, 25, 26, 3, 30, 13, 10, 38, 32, 16, 31, 21, 20, 11, 39, 24, 27, 37]",2564,7.196992874145508
"[36, 9, 1, 22, 2, 14, 7, 15, 12, 0, 5, 17, 6, 19, 18, 28, 4, 29, 23, 33, 8, 35, 34, 25, 26, 3, 30, 13, 10, 38, 32, 16, 31, 21, 20, 11, 39, 24, 27, 37]",2564,"[36, 9, 1, 22, 2, 14, 7, 15, 12, 0, 5, 17, 6, 19, 18, 28, 4, 29, 23, 33, 8, 35, 34, 25, 26, 3, 30, 13, 10, 38, 32, 16, 31, 21, 20, 11, 39, 24, 27, 37]",2564,7.252285003662109
"[36, 9, 1, 22, 2, 14, 7, 15, 12, 0, 5, 17, 6, 19, 18, 28, 4, 29, 23, 33, 8, 35, 34, 25, 26, 3, 30, 13, 10, 38, 32, 16, 31, 21, 20, 11, 39, 24, 27, 37]",2564,"[36, 9, 1, 22, 2, 14, 7, 15, 12, 0, 5, 17, 6, 19, 18, 28, 4, 29, 23, 33, 8, 35, 34, 25, 26, 3, 30, 13, 10, 38, 32, 16, 31, 21, 20, 11, 39, 24, 27, 37]",2564,7.305717706680298
"[36, 9, 1, 22, 2, 14, 7, 15, 12, 0, 5, 17, 6, 19, 18, 28, 4, 29, 23, 33, 8, 35, 20, 25, 26, 3, 30, 13, 10, 38, 32, 16, 31, 21, 34, 11, 39, 24, 27, 37]",2539,"[36, 9, 1, 22, 2, 14, 7, 15, 12, 0, 5, 17, 6, 19, 18, 28, 4, 29, 23, 33, 8, 35, 20, 25, 26, 3, 30, 13, 10, 38, 32, 16, 31, 21, 34, 11, 39, 24, 27, 37]",2539,7.359498739242554
"[36, 9, 1, 22, 2, 14, 7, 15, 12, 0, 5, 17, 6, 19, 18, 28, 4, 29, 23, 33, 8, 35, 20, 25, 26, 3, 30, 13, 10, 38, 32, 16, 31, 21, 34, 11, 39, 24, 27, 37]",2539,"[36, 9, 1, 22, 2, 14, 7, 15, 12, 0, 5, 17, 6, 19, 18, 28, 4, 29, 23, 33, 8, 35, 20, 25, 26, 3, 30, 13, 10, 38, 32, 16, 31, 21, 34, 11, 39, 24, 27, 37]",2539,7.411936044692993
"[36, 9, 1, 22, 2, 14, 7, 15, 12, 0, 5, 17, 6, 19, 18, 28, 4, 29, 23, 33, 8, 35, 20, 25, 26, 3, 30, 13, 10, 38, 32, 16, 31, 21, 34, 11, 39, 24, 27, 37]",2539,"[36, 9, 1, 22, 2, 14, 7, 15, 12, 0, 5, 17, 6, 19, 18, 28, 4, 29, 23, 33, 8, 35, 20, 25, 26, 3, 30, 13, 10, 38, 32, 16, 31, 21, 34, 11, 39, 24, 27, 37]",2539,7.465098857879639
"[36, 9, 1, 22, 2, 14, 7, 15, 12, 0, 5, 17, 6, 19, 18, 28, 4, 29, 23, 33, 8, 35, 20, 25, 26, 3, 30, 13, 10, 38, 32, 16, 31, 21, 34, 11, 39, 24, 27, 37]",2539,"[36, 9, 1, 22, 2, 14, 7, 15, 12, 0, 5, 17, 6, 19, 18, 28, 4, 29, 23, 33, 8, 35, 20, 25, 26, 3, 30, 13, 10, 38, 32, 16, 31, 21, 34, 11, 39, 24, 27, 37]",2539,7.5182719230651855
"[36, 9, 1, 22, 2, 14, 7, 15, 12, 0, 5, 17, 6, 19, 18, 28, 4, 29, 23, 33, 8, 35, 20, 25, 26, 3, 30, 13, 10, 38, 32, 16, 31, 21, 34, 11, 39, 24, 27, 37]",2539,"[36, 9, 1, 22, 2, 14, 7, 15, 12, 0, 5, 17, 6, 19, 18, 28, 4, 29, 23, 33, 8, 35, 20, 25, 26, 3, 30, 13, 10, 38, 32, 16, 31, 21, 34, 11, 39, 24, 27, 37]",2539,7.579201698303223
"[36, 9, 1, 22, 2, 14, 7, 15, 12, 0, 5, 17, 6, 19, 18, 28, 4, 29, 23, 33, 8, 35, 20, 39, 26, 3, 30, 13, 10, 38, 32, 16, 31, 21, 34, 11, 25, 24, 27, 37]",2526,"[36, 9, 1, 22, 2, 14, 7, 15, 12, 0, 5, 17, 6, 19, 18, 28, 4, 29, 23, 33, 8, 35, 20, 39, 26, 3, 30, 13, 10, 38, 32, 16, 31, 21, 34, 11, 25, 24, 27, 37]",2526,7.655987977981567
"[36, 9, 1, 22, 2, 14, 7, 15, 12, 0, 5, 17, 6, 19, 18, 28, 4, 29, 23, 33, 8, 35, 20, 39, 26, 3, 30, 13, 10, 38, 32, 16, 31, 21, 34, 11, 25, 24, 27, 37]",2526,"[36, 9, 1, 22, 2, 14, 7, 15, 12, 0, 5, 17, 6, 19, 18, 28, 4, 29, 23, 33, 8, 35, 20, 39, 26, 3, 30, 13, 10, 38, 32, 16, 31, 21, 34, 11, 25, 24, 27, 37]",2526,7.717014789581299
"[36, 9, 1, 22, 2, 14, 7, 15, 12, 0, 5, 17, 6, 19, 18, 28, 4, 29, 23, 33, 8, 35, 20, 39, 26, 3, 30, 13, 16, 38, 32, 10, 31, 21, 34, 11, 25, 24, 27, 37]",2452,"[36, 9, 1, 22, 2, 14, 7, 15, 12, 0, 5, 17, 6, 19, 18, 28, 4, 29, 23, 33, 8, 35, 20, 39, 26, 3, 30, 13, 16, 38, 32, 10, 31, 21, 34, 11, 25, 24, 27, 37]",2452,7.7765419483184814
"[36, 9, 1, 22, 2, 14, 7, 15, 12, 0, 5, 17, 6, 19, 18, 28, 4, 29, 23, 33, 8, 35, 20, 39, 26, 3, 30, 13, 16, 38, 32, 10, 31, 21, 34, 11, 25, 24, 27, 37]",2452,"[36, 9, 1, 22, 2, 14, 7, 15, 12, 0, 5, 17, 6, 19, 18, 28, 4, 29, 23, 33, 8, 35, 20, 39, 26, 3, 30, 13, 16, 38, 32, 10, 31, 21, 34, 11, 25, 24, 27, 37]",2452,7.832205772399902
"[36, 9, 1, 22, 2, 14, 7, 15, 12, 0, 5, 17, 6, 19, 18, 28, 4, 29, 23, 33, 8, 35, 20, 39, 26, 3, 30, 13, 16, 38, 32, 10, 31, 21, 34, 11, 25, 24, 27, 37]",2452,"[36, 9, 1, 22, 2, 14, 7, 15, 12, 0, 5, 17, 6, 19, 18, 28, 4, 29, 23, 33, 8, 35, 20, 39, 26, 3, 30, 13, 16, 38, 32, 10, 31, 21, 34, 11, 25, 24, 27, 37]",2452,7.905443906784058
"[36, 9, 1, 22, 2, 14, 7, 15, 12, 0, 5, 17, 6, 19, 18, 28, 4, 29, 23, 33, 8, 35, 20, 39, 26, 3, 30, 13, 16, 38, 32, 10, 31, 21, 34, 11, 25, 24, 27, 37]",2452,"[36, 9, 1, 22, 2, 14, 7, 15, 12, 0, 5, 17, 6, 19, 18, 28, 4, 29, 23, 33, 8, 35, 20, 39, 26, 3, 30, 13, 16, 38, 32, 10, 31, 21, 34, 11, 25, 24, 27, 37]",2452,7.9648168087005615
"[36, 9, 1, 22, 2, 14, 7, 15, 12, 0, 5, 17, 6, 19, 18, 28, 4, 29, 23, 33, 8, 35, 20, 39, 26, 3, 30, 13, 16, 38, 32, 10, 31, 21, 34, 11, 25, 24, 27, 37]",2452,"[36, 9, 1, 22, 2, 14, 7, 15, 12, 0, 5, 17, 6, 19, 18, 28, 4, 29, 23, 33, 8, 35, 20, 39, 26, 3, 30, 13, 16, 38, 32, 10, 31, 21, 34, 11, 25, 24, 27, 37]",2452,8.029990911483765
"[36, 9, 1, 22, 2, 14, 7, 15, 12, 0, 5, 17, 6, 19, 18, 28, 4, 29, 23, 33, 8, 35, 20, 39, 26, 3, 30, 13, 16, 38, 32, 10, 31, 21, 34, 11, 25, 24, 27, 37]",2452,"[36, 9, 1, 22, 2, 14, 7, 15, 12, 0, 5, 17, 6, 19, 18, 28, 4, 29, 23, 33, 8, 35, 20, 39, 26, 3, 30, 13, 16, 38, 32, 10, 31, 21, 34, 11, 25, 24, 27, 37]",2452,8.087690114974976
"[36, 9, 1, 22, 2, 14, 7, 15, 12, 0, 5, 17, 6, 19, 18, 28, 4, 11, 23, 33, 8, 35, 20, 39, 26, 3, 30, 13, 16, 38, 32, 10, 31, 21, 34, 29, 25, 24, 27, 37]",2401,"[36, 9, 1, 22, 2, 14, 7, 15, 12, 0, 5, 17, 6, 19, 18, 28, 4, 11, 23, 33, 8, 35, 20, 39, 26, 3, 30, 13, 16, 38, 32, 10, 31, 21, 34, 29, 25, 24, 27, 37]",2401,8.144790887832642
"[36, 9, 1, 22, 2, 14, 7, 15, 12, 0, 5, 17, 6, 19, 18, 28, 4, 11, 23, 33, 8, 35, 20, 39, 26, 3, 30, 13, 16, 38, 32, 10, 31, 21, 34, 29, 25, 24, 27, 37]",2401,"[36, 9, 1, 22, 2, 14, 7, 15, 12, 0, 5, 17, 6, 19, 18, 28, 4, 11, 23, 33, 8, 35, 20, 39, 26, 3, 30, 13, 16, 38, 32, 10, 31, 21, 34, 29, 25, 24, 27, 37]",2401,8.202425956726074
"[36, 9, 1, 22, 2, 14, 7, 15, 12, 0, 5, 17, 6, 19, 18, 28, 4, 11, 23, 33, 8, 35, 20, 39, 26, 3, 30, 13, 16, 38, 32, 10, 31, 21, 34, 29, 25, 24, 27, 37]",2401,"[36, 9, 1, 22, 2, 14, 7, 15, 12, 0, 5, 17, 6, 19, 18, 28, 4, 11, 23, 33, 8, 35, 20, 39, 26, 3, 30, 13, 16, 38, 32, 10, 31, 21, 34, 29, 25, 24, 27, 37]",2401,8.260710954666138
"[36, 9, 1, 22, 2, 14, 7, 15, 12, 0, 5, 17, 6, 19, 18, 28, 4, 11, 23, 33, 8, 35, 20, 39, 26, 3, 30, 13, 16, 38, 32, 10, 31, 21, 34, 29, 25, 24, 27, 37]",2401,"[36, 9, 1, 22, 2, 14, 7, 15, 12, 0, 5, 17, 6, 19, 18, 28, 4, 11, 23, 33, 8, 35, 20, 39, 26, 3, 30, 13, 16, 38, 32, 10, 31, 21, 34, 29, 25, 24, 27, 37]",2401,8.3192720413208
"[36, 9, 1, 22, 2, 14, 7, 15, 12, 0, 5, 17, 6, 19, 18, 28, 4, 11, 23, 33, 8, 35, 20, 39, 26, 3, 30, 13, 16, 38, 32, 10, 31, 21, 34, 29, 25, 24, 27, 37]",2401,"[36, 9, 1, 22, 2, 14, 7, 15, 12, 0, 5, 17, 6, 19, 18, 28, 4, 11, 23, 33, 8, 35, 20, 39, 26, 3, 30, 13, 16, 38, 32, 10, 31, 21, 34, 29, 25, 24, 27, 37]",2401,8.377049922943115
"[36, 9, 1, 22, 2, 14, 7, 15, 12, 0, 5, 17, 6, 19, 18, 28, 4, 11, 23, 33, 8, 35, 20, 39, 26, 3, 30, 13, 16, 38, 32, 10, 31, 21, 34, 29, 25, 24, 27, 37]",2401,"[36, 9, 1, 22, 2, 14, 7, 15, 12, 0, 5, 17, 6, 19, 18, 28, 4, 11, 23, 33, 8, 35, 20, 39, 26, 3, 30, 13, 16, 38, 32, 10, 31, 21, 34, 29, 25, 24, 27, 37]",2401,8.436696767807007
"[36, 9, 1, 22, 2, 14, 7, 15, 12, 0, 5, 17, 6, 19, 18, 28, 4, 11, 23, 33, 8, 35, 20, 39, 26, 3, 30, 13, 16, 38, 32, 10, 31, 21, 34, 29, 25, 24, 27, 37]",2401,"[36, 9, 1, 22, 2, 14, 7, 15, 12, 0, 5, 17, 6, 19, 18, 28, 4, 11, 23, 33, 8, 35, 20, 39, 26, 3, 30, 13, 16, 38, 32, 10, 31, 21, 34, 29, 25, 24, 27, 37]",2401,8.494456768035889
"[36, 9, 1, 22, 2, 14, 7, 15, 12, 0, 5, 17, 6, 19, 18, 28, 4, 11, 23, 33, 8, 35, 20, 39, 26, 3, 30, 13, 16, 38, 32, 10, 31, 21, 34, 29, 25, 24, 27, 37]",2401,"[36, 9, 1, 22, 2, 14, 7, 15, 12, 0, 5, 17, 6, 19, 18, 28, 4, 11, 23, 33, 8, 35, 20, 39, 26, 3, 30, 13, 16, 38, 32, 10, 31, 21, 34, 29, 25, 24, 27, 37]",2401,8.553108930587769
"[36, 9, 1, 22, 2, 14, 7, 15, 12, 0, 5, 17, 6, 19, 18, 28, 4, 11, 23, 33, 8, 35, 20, 39, 26, 3, 30, 13, 16, 38, 32, 10, 31, 21, 34, 29, 25, 24, 27, 37]",2401,"[36, 9, 1, 22, 2, 14, 7, 15, 12, 0, 5, 17, 6, 19, 18, 28, 4, 11, 23, 33, 8, 35, 20, 39, 26, 3, 30, 13, 16, 38, 32, 10, 31, 21, 34, 29, 25, 24, 27, 37]",2401,8.610252857208252
"[36, 9, 1, 22, 2, 14, 7, 15, 12, 0, 5, 17, 6, 19, 18, 28, 4, 11, 23, 33, 8, 35, 20, 39, 26, 3, 30, 13, 16, 38, 32, 10, 31, 21, 34, 29, 25, 24, 27, 37]",2401,"[36, 9, 1, 22, 2, 14, 7, 15, 12, 0, 5, 17, 6, 19, 18, 28, 4, 11, 23, 33, 8, 35, 20, 39, 26, 3, 30, 13, 16, 38, 32, 10, 31, 21, 34, 29, 25, 24, 27, 37]",2401,8.665710926055908
"[36, 9, 1, 22, 2, 14, 7, 15, 12, 0, 5, 17, 6, 19, 18, 28, 4, 11, 23, 33, 8, 35, 20, 39, 26, 3, 30, 13, 16, 38, 32, 10, 31, 21, 34, 29, 25, 24, 27, 37]",2401,"[36, 9, 1, 22, 2, 14, 7, 15, 12, 0, 5, 17, 6, 19, 18, 28, 4, 11, 23, 33, 8, 35, 20, 39, 26, 3, 30, 13, 16, 38, 32, 10, 31, 21, 34, 29, 25, 24, 27, 37]",2401,8.722627878189087
"[36, 9, 1, 22, 2, 14, 7, 15, 12, 0, 5, 17, 6, 19, 18, 28, 4, 11, 23, 33, 8, 35, 20, 39, 26, 3, 30, 13, 16, 38, 32, 10, 31, 21, 34, 29, 25, 24, 27, 37]",2401,"[36, 9, 1, 22, 2, 14, 7, 15, 12, 0, 5, 17, 6, 19, 18, 28, 4, 11, 23, 33, 8, 35, 20, 39, 26, 3, 30, 13, 16, 38, 32, 10, 31, 21, 34, 29, 25, 24, 27, 37]",2401,8.780647039413452
"[36, 9, 1, 22, 2, 14, 7, 15, 12, 0, 5, 17, 6, 19, 18, 28, 4, 11, 23, 33, 8, 35, 20, 39, 26, 3, 30, 13, 16, 38, 32, 10, 31, 21, 34, 29, 25, 24, 27, 37]",2401,"[36, 9, 1, 22, 2, 14, 7, 15, 12, 0, 5, 17, 6, 19, 18, 28, 4, 11, 23, 33, 8, 35, 20, 39, 26, 3, 30, 13, 16, 38, 32, 10, 31, 21, 34, 29, 25, 24, 27, 37]",2401,8.838373899459839
"[36, 9, 1, 22, 2, 14, 7, 15, 12, 0, 5, 17, 6, 19, 18, 28, 4, 11, 23, 33, 8, 35, 20, 39, 26, 3, 30, 13, 16, 38, 32, 10, 31, 21, 34, 29, 25, 24, 27, 37]",2401,"[36, 9, 1, 22, 2, 14, 7, 15, 12, 0, 5, 17, 6, 19, 18, 28, 4, 11, 23, 33, 8, 35, 20, 39, 26, 3, 30, 13, 16, 38, 32, 10, 31, 21, 34, 29, 25, 24, 27, 37]",2401,8.896394729614258
"[36, 9, 1, 22, 2, 14, 7, 15, 12, 0, 5, 17, 6, 19, 18, 28, 4, 11, 23, 33, 8, 35, 20, 39, 26, 3, 30, 13, 16, 38, 32, 10, 31, 21, 34, 29, 25, 24, 27, 37]",2401,"[36, 9, 1, 22, 2, 14, 7, 15, 12, 0, 5, 17, 6, 19, 18, 28, 4, 11, 23, 33, 8, 35, 20, 39, 26, 3, 30, 13, 16, 38, 32, 10, 31, 21, 34, 29, 25, 24, 27, 37]",2401,8.953771114349365
"[36, 9, 1, 22, 2, 14, 7, 15, 12, 0, 5, 17, 6, 19, 18, 28, 4, 11, 23, 33, 8, 35, 20, 39, 26, 3, 30, 13, 16, 38, 32, 10, 31, 21, 34, 29, 25, 24, 27, 37]",2401,"[36, 9, 1, 22, 2, 14, 7, 15, 12, 0, 5, 17, 6, 19, 18, 28, 4, 11, 23, 33, 8, 35, 20, 39, 26, 3, 30, 13, 16, 38, 32, 10, 31, 21, 34, 29, 25, 24, 27, 37]",2401,9.013786792755127
"[36, 9, 1, 22, 2, 14, 7, 15, 12, 0, 5, 17, 6, 19, 18, 28, 4, 11, 23, 33, 8, 35, 20, 39, 26, 3, 30, 13, 16, 38, 32, 10, 31, 21, 34, 29, 25, 24, 27, 37]",2401,"[36, 9, 1, 22, 2, 14, 7, 15, 12, 0, 5, 17, 6, 19, 18, 28, 4, 11, 23, 33, 8, 35, 20, 39, 26, 3, 30, 13, 16, 38, 32, 10, 31, 21, 34, 29, 25, 24, 27, 37]",2401,9.070288896560669
"[36, 9, 1, 22, 2, 14, 7, 15, 12, 0, 5, 17, 6, 19, 18, 28, 4, 11, 23, 33, 8, 35, 20, 39, 26, 3, 30, 13, 16, 38, 32, 10, 31, 21, 34, 29, 25, 24, 27, 37]",2401,"[36, 9, 1, 22, 2, 14, 7, 15, 12, 0, 5, 17, 6, 19, 18, 28, 4, 11, 23, 33, 8, 35, 20, 39, 26, 3, 30, 13, 16, 38, 32, 10, 31, 21, 34, 29, 25, 24, 27, 37]",2401,9.127264022827148
"[36, 9, 1, 22, 2, 14, 7, 15, 12, 0, 5, 17, 6, 19, 18, 28, 4, 11, 23, 33, 8, 35, 20, 39, 26, 3, 30, 13, 16, 38, 32, 10, 31, 21, 34, 29, 25, 24, 27, 37]",2401,"[36, 9, 1, 22, 2, 14, 7, 15, 12, 0, 5, 17, 6, 19, 18, 28, 4, 11, 23, 33, 8, 35, 20, 39, 26, 3, 30, 13, 16, 38, 32, 10, 31, 21, 34, 29, 25, 24, 27, 37]",2401,9.184570789337158
"[36, 9, 1, 22, 2, 14, 7, 15, 12, 0, 5, 17, 6, 19, 18, 28, 4, 11, 23, 33, 8, 35, 20, 39, 26, 3, 30, 13, 16, 38, 32, 10, 31, 21, 34, 29, 25, 24, 27, 37]",2401,"[36, 9, 1, 22, 2, 14, 7, 15, 12, 0, 5, 17, 6, 19, 18, 28, 4, 11, 23, 33, 8, 35, 20, 39, 26, 3, 30, 13, 16, 38, 32, 10, 31, 21, 34, 29, 25, 24, 27, 37]",2401,9.242727041244507
"[36, 9, 1, 22, 2, 14, 7, 15, 12, 0, 5, 17, 6, 19, 18, 28, 4, 11, 23, 33, 8, 35, 20, 39, 26, 3, 30, 13, 16, 38, 32, 10, 31, 21, 34, 29, 25, 24, 27, 37]",2401,"[36, 9, 1, 22, 2, 14, 7, 15, 12, 0, 5, 17, 6, 19, 18, 28, 4, 11, 23, 33, 8, 35, 20, 39, 26, 3, 30, 13, 16, 38, 32, 10, 31, 21, 34, 29, 25, 24, 27, 37]",2401,9.318524837493896
"[36, 9, 1, 22, 2, 14, 7, 15, 12, 0, 5, 17, 6, 19, 18, 28, 4, 11, 23, 33, 8, 35, 20, 39, 26, 3, 30, 13, 16, 38, 32, 10, 31, 21, 34, 29, 25, 24, 27, 37]",2401,"[36, 9, 1, 22, 2, 14, 7, 15, 12, 0, 5, 17, 6, 19, 18, 28, 4, 11, 23, 33, 8, 35, 20, 39, 26, 3, 30, 13, 16, 38, 32, 10, 31, 21, 34, 29, 25, 24, 27, 37]",2401,9.377220869064331
"[36, 9, 1, 22, 2, 14, 7, 15, 12, 0, 5, 17, 6, 19, 18, 28, 4, 11, 23, 33, 8, 35, 20, 39, 26, 3, 30, 13, 16, 38, 32, 10, 31, 21, 34, 29, 25, 24, 27, 37]",2401,"[36, 9, 1, 22, 2, 14, 7, 15, 12, 0, 5, 17, 6, 19, 18, 28, 4, 11, 23, 33, 8, 35, 20, 39, 26, 3, 30, 13, 16, 38, 32, 10, 31, 21, 34, 29, 25, 24, 27, 37]",2401,9.433881998062134
"[36, 9, 1, 22, 2, 14, 7, 15, 12, 0, 5, 17, 6, 19, 18, 28, 4, 11, 23, 33, 8, 35, 20, 39, 26, 3, 30, 13, 16, 38, 32, 10, 31, 21, 34, 29, 25, 24, 27, 37]",2401,"[36, 9, 1, 22, 2, 14, 7, 15, 12, 0, 5, 17, 6, 19, 18, 28, 4, 11, 23, 33, 8, 35, 20, 39, 26, 3, 30, 13, 16, 38, 32, 10, 31, 21, 34, 29, 25, 24, 27, 37]",2401,9.49330186843872
"[36, 9, 1, 22, 2, 14, 7, 15, 12, 0, 5, 17, 6, 19, 18, 28, 4, 11, 23, 33, 8, 35, 20, 39, 26, 3, 30, 13, 16, 38, 32, 10, 31, 21, 34, 29, 25, 24, 27, 37]",2401,"[36, 9, 1, 22, 2, 14, 7, 15, 12, 0, 5, 17, 6, 19, 18, 28, 4, 11, 23, 33, 8, 35, 20, 39, 26, 3, 30, 13, 16, 38, 32, 10, 31, 21, 34, 29, 25, 24, 27, 37]",2401,9.55211877822876
"[36, 9, 1, 22, 2, 14, 7, 15, 12, 0, 5, 17, 6, 19, 18, 28, 4, 11, 23, 33, 8, 35, 20, 39, 26, 3, 30, 13, 16, 38, 32, 10, 31, 21, 34, 29, 25, 24, 27, 37]",2401,"[36, 9, 1, 22, 2, 14, 7, 15, 12, 0, 5, 17, 6, 19, 18, 28, 4, 11, 23, 33, 8, 35, 20, 39, 26, 3, 30, 13, 16, 38, 32, 10, 31, 21, 34, 29, 25, 24, 27, 37]",2401,9.609976768493652
"[36, 9, 1, 22, 2, 14, 7, 15, 12, 0, 5, 17, 6, 19, 18, 28, 4, 11, 23, 33, 8, 35, 20, 39, 26, 3, 30, 13, 16, 38, 32, 10, 31, 21, 34, 29, 25, 24, 27, 37]",2401,"[36, 9, 1, 22, 2, 14, 7, 15, 12, 0, 5, 17, 6, 19, 18, 28, 4, 11, 23, 33, 8, 35, 20, 39, 26, 3, 30, 13, 16, 38, 32, 10, 31, 21, 34, 29, 25, 24, 27, 37]",2401,9.668864011764526
"[36, 9, 1, 22, 2, 14, 7, 15, 12, 0, 5, 17, 6, 19, 18, 28, 4, 11, 23, 33, 8, 35, 20, 39, 26, 3, 30, 13, 16, 38, 32, 10, 31, 21, 34, 29, 25, 24, 27, 37]",2401,"[36, 9, 1, 22, 2, 14, 7, 15, 12, 0, 5, 17, 6, 19, 18, 28, 4, 11, 23, 33, 8, 35, 20, 39, 26, 3, 30, 13, 16, 38, 32, 10, 31, 21, 34, 29, 25, 24, 27, 37]",2401,9.728248834609985
"[36, 9, 1, 22, 2, 14, 7, 15, 12, 0, 5, 17, 6, 19, 18, 28, 4, 11, 23, 33, 8, 35, 20, 39, 26, 3, 30, 13, 16, 38, 32, 10, 31, 21, 34, 29, 25, 24, 27, 37]",2401,"[36, 9, 1, 22, 2, 14, 7, 15, 12, 0, 5, 17, 6, 19, 18, 28, 4, 11, 23, 33, 8, 35, 20, 39, 26, 3, 30, 13, 16, 38, 32, 10, 31, 21, 34, 29, 25, 24, 27, 37]",2401,9.787702798843384
"[36, 9, 1, 22, 2, 14, 7, 15, 12, 0, 5, 17, 6, 19, 18, 28, 4, 11, 23, 33, 8, 35, 20, 39, 26, 3, 30, 13, 16, 38, 32, 10, 31, 21, 34, 29, 25, 24, 27, 37]",2401,"[36, 9, 1, 22, 2, 14, 7, 15, 12, 0, 5, 17, 6, 19, 18, 28, 4, 11, 23, 33, 8, 35, 20, 39, 26, 3, 30, 13, 16, 38, 32, 10, 31, 21, 34, 29, 25, 24, 27, 37]",2401,9.845909833908081
"[36, 9, 1, 22, 2, 14, 7, 15, 12, 0, 5, 17, 6, 19, 18, 28, 4, 11, 23, 33, 8, 35, 20, 39, 26, 3, 30, 13, 16, 38, 32, 10, 31, 21, 34, 29, 25, 24, 27, 37]",2401,"[36, 9, 1, 22, 2, 14, 7, 15, 12, 0, 5, 17, 6, 19, 18, 28, 4, 11, 23, 33, 8, 35, 20, 39, 26, 3, 30, 13, 16, 38, 32, 10, 31, 21, 34, 29, 25, 24, 27, 37]",2401,9.908748865127563
"[36, 9, 1, 22, 2, 14, 7, 15, 12, 0, 5, 17, 6, 19, 18, 28, 4, 11, 23, 33, 8, 35, 20, 39, 26, 3, 30, 13, 16, 38, 32, 10, 31, 21, 34, 29, 25, 24, 27, 37]",2401,"[36, 9, 1, 22, 2, 14, 7, 15, 12, 0, 5, 17, 6, 19, 18, 28, 4, 11, 23, 33, 8, 35, 20, 39, 26, 3, 30, 13, 16, 38, 32, 10, 31, 21, 34, 29, 25, 24, 27, 37]",2401,9.974076986312866
"[36, 9, 1, 22, 2, 14, 7, 15, 12, 0, 5, 17, 6, 19, 18, 28, 4, 11, 23, 33, 8, 35, 20, 39, 26, 3, 30, 13, 16, 38, 32, 10, 31, 21, 34, 29, 25, 24, 27, 37]",2401,"[36, 9, 1, 22, 2, 14, 7, 15, 12, 0, 5, 17, 6, 19, 18, 28, 4, 11, 23, 33, 8, 35, 20, 39, 26, 3, 30, 13, 16, 38, 32, 10, 31, 21, 34, 29, 25, 24, 27, 37]",2401,10.032956838607788
"[16, 9, 1, 22, 2, 14, 7, 15, 12, 0, 5, 17, 6, 19, 18, 28, 4, 11, 23, 33, 8, 35, 20, 39, 26, 3, 30, 13, 36, 38, 32, 10, 31, 21, 34, 29, 25, 24, 27, 37]",2268,"[16, 9, 1, 22, 2, 14, 7, 15, 12, 0, 5, 17, 6, 19, 18, 28, 4, 11, 23, 33, 8, 35, 20, 39, 26, 3, 30, 13, 36, 38, 32, 10, 31, 21, 34, 29, 25, 24, 27, 37]",2268,10.089884996414185
"[16, 9, 1, 22, 2, 14, 7, 15, 12, 0, 5, 17, 6, 19, 18, 28, 4, 11, 23, 33, 8, 35, 20, 39, 26, 3, 30, 13, 36, 38, 32, 10, 31, 21, 34, 29, 25, 24, 27, 37]",2268,"[16, 9, 1, 22, 2, 14, 7, 15, 12, 0, 5, 17, 6, 19, 18, 28, 4, 11, 23, 33, 8, 35, 20, 39, 26, 3, 30, 13, 36, 38, 32, 10, 31, 21, 34, 29, 25, 24, 27, 37]",2268,10.14962887763977
"[16, 9, 1, 22, 2, 14, 7, 15, 12, 0, 5, 17, 6, 19, 18, 28, 4, 11, 23, 33, 8, 35, 20, 39, 26, 3, 30, 13, 36, 38, 32, 10, 31, 21, 34, 29, 25, 24, 27, 37]",2268,"[16, 9, 1, 22, 2, 14, 7, 15, 12, 0, 5, 17, 6, 19, 18, 28, 4, 11, 23, 33, 8, 35, 20, 39, 26, 3, 30, 13, 36, 38, 32, 10, 31, 21, 34, 29, 25, 24, 27, 37]",2268,10.211452960968018
"[16, 9, 1, 22, 2, 14, 7, 15, 12, 0, 5, 17, 6, 19, 18, 28, 4, 11, 23, 33, 8, 35, 20, 39, 26, 3, 30, 13, 36, 38, 32, 10, 31, 21, 34, 29, 25, 24, 27, 37]",2268,"[16, 9, 1, 22, 2, 14, 7, 15, 12, 0, 5, 17, 6, 19, 18, 28, 4, 11, 23, 33, 8, 35, 20, 39, 26, 3, 30, 13, 36, 38, 32, 10, 31, 21, 34, 29, 25, 24, 27, 37]",2268,10.279395818710327
"[16, 9, 1, 22, 2, 14, 7, 15, 12, 0, 5, 17, 6, 19, 18, 28, 4, 11, 23, 33, 8, 35, 20, 39, 26, 3, 30, 13, 36, 38, 32, 10, 31, 21, 34, 29, 25, 24, 27, 37]",2268,"[16, 9, 1, 22, 2, 14, 7, 15, 12, 0, 5, 17, 6, 19, 18, 28, 4, 11, 23, 33, 8, 35, 20, 39, 26, 3, 30, 13, 36, 38, 32, 10, 31, 21, 34, 29, 25, 24, 27, 37]",2268,10.343186855316162
"[16, 9, 1, 22, 2, 11, 7, 15, 12, 0, 5, 17, 6, 19, 18, 28, 4, 14, 23, 33, 8, 35, 20, 39, 26, 3, 30, 13, 36, 38, 32, 10, 31, 21, 34, 29, 25, 24, 27, 37]",2250,"[16, 9, 1, 22, 2, 11, 7, 15, 12, 0, 5, 17, 6, 19, 18, 28, 4, 14, 23, 33, 8, 35, 20, 39, 26, 3, 30, 13, 36, 38, 32, 10, 31, 21, 34, 29, 25, 24, 27, 37]",2250,10.405320882797241
"[16, 9, 1, 22, 2, 11, 7, 15, 12, 0, 5, 17, 6, 19, 20, 28, 4, 14, 23, 33, 8, 35, 18, 39, 26, 3, 30, 13, 36, 38, 32, 10, 31, 21, 34, 29, 25, 24, 27, 37]",2240,"[16, 9, 1, 22, 2, 11, 7, 15, 12, 0, 5, 17, 6, 19, 20, 28, 4, 14, 23, 33, 8, 35, 18, 39, 26, 3, 30, 13, 36, 38, 32, 10, 31, 21, 34, 29, 25, 24, 27, 37]",2240,10.466701745986938
"[16, 9, 1, 22, 2, 11, 7, 15, 12, 0, 5, 17, 6, 19, 20, 28, 4, 14, 23, 33, 8, 35, 18, 39, 26, 3, 30, 13, 36, 38, 32, 10, 31, 21, 34, 29, 25, 24, 27, 37]",2240,"[16, 9, 1, 22, 2, 11, 7, 15, 12, 0, 5, 17, 6, 19, 20, 28, 4, 14, 23, 33, 8, 35, 18, 39, 26, 3, 30, 13, 36, 38, 32, 10, 31, 21, 34, 29, 25, 24, 27, 37]",2240,10.533694982528687
"[16, 9, 1, 22, 2, 11, 7, 15, 12, 0, 5, 17, 6, 19, 20, 28, 4, 14, 23, 33, 8, 35, 18, 39, 26, 3, 30, 13, 36, 38, 32, 10, 31, 21, 34, 29, 25, 24, 27, 37]",2240,"[16, 9, 1, 22, 2, 11, 7, 15, 12, 0, 5, 17, 6, 19, 20, 28, 4, 14, 23, 33, 8, 35, 18, 39, 26, 3, 30, 13, 36, 38, 32, 10, 31, 21, 34, 29, 25, 24, 27, 37]",2240,10.593174695968628
"[16, 9, 1, 22, 2, 11, 7, 15, 12, 0, 5, 17, 6, 19, 20, 28, 4, 14, 23, 33, 8, 35, 18, 39, 26, 3, 30, 13, 36, 38, 32, 10, 31, 21, 34, 29, 25, 24, 27, 37]",2240,"[16, 9, 1, 22, 2, 11, 7, 15, 12, 0, 5, 17, 6, 19, 20, 28, 4, 14, 23, 33, 8, 35, 18, 39, 26, 3, 30, 13, 36, 38, 32, 10, 31, 21, 34, 29, 25, 24, 27, 37]",2240,10.654979944229126
"[16, 9, 1, 22, 2, 11, 7, 15, 12, 0, 5, 17, 6, 19, 20, 28, 4, 14, 23, 33, 8, 35, 18, 39, 26, 3, 30, 13, 36, 38, 32, 10, 31, 21, 34, 29, 25, 24, 27, 37]",2240,"[16, 9, 1, 22, 2, 11, 7, 15, 12, 0, 5, 17, 6, 19, 20, 28, 4, 14, 23, 33, 8, 35, 18, 39, 26, 3, 30, 13, 36, 38, 32, 10, 31, 21, 34, 29, 25, 24, 27, 37]",2240,10.714489936828613
"[16, 9, 1, 22, 2, 11, 7, 15, 12, 0, 5, 17, 6, 19, 20, 28, 4, 14, 23, 33, 8, 35, 18, 39, 26, 3, 30, 13, 36, 38, 32, 10, 31, 21, 34, 29, 25, 24, 27, 37]",2240,"[16, 9, 1, 22, 2, 11, 7, 15, 12, 0, 5, 17, 6, 19, 20, 28, 4, 14, 23, 33, 8, 35, 18, 39, 26, 3, 30, 13, 36, 38, 32, 10, 31, 21, 34, 29, 25, 24, 27, 37]",2240,10.773196935653687
"[16, 9, 1, 22, 2, 11, 7, 15, 12, 0, 5, 17, 6, 19, 20, 28, 4, 14, 23, 33, 8, 35, 18, 39, 13, 3, 30, 26, 36, 38, 32, 10, 31, 21, 34, 29, 25, 24, 27, 37]",2199,"[16, 9, 1, 22, 2, 11, 7, 15, 12, 0, 5, 17, 6, 19, 20, 28, 4, 14, 23, 33, 8, 35, 18, 39, 13, 3, 30, 26, 36, 38, 32, 10, 31, 21, 34, 29, 25, 24, 27, 37]",2199,10.831034898757935
"[16, 9, 1, 2, 22, 11, 7, 15, 12, 0, 5, 17, 6, 19, 20, 28, 4, 14, 23, 33, 8, 35, 18, 39, 13, 3, 30, 26, 36, 38, 32, 10, 31, 21, 34, 29, 25, 24, 27, 37]",2172,"[16, 9, 1, 2, 22, 11, 7, 15, 12, 0, 5, 17, 6, 19, 20, 28, 4, 14, 23, 33, 8, 35, 18, 39, 13, 3, 30, 26, 36, 38, 32, 10, 31, 21, 34, 29, 25, 24, 27, 37]",2172,10.888405084609985
"[16, 9, 1, 2, 22, 11, 7, 15, 12, 0, 5, 17, 6, 19, 20, 28, 4, 14, 23, 33, 8, 35, 18, 39, 13, 3, 30, 26, 36, 38, 32, 10, 31, 21, 34, 29, 25, 24, 27, 37]",2172,"[16, 9, 1, 2, 22, 11, 7, 15, 12, 0, 5, 17, 6, 19, 20, 28, 4, 14, 23, 33, 8, 35, 18, 39, 13, 3, 30, 26, 36, 38, 32, 10, 31, 21, 34, 29, 25, 24, 27, 37]",2172,10.943984985351562
"[16, 9, 1, 2, 22, 11, 7, 15, 12, 0, 5, 17, 6, 19, 20, 28, 4, 14, 23, 33, 8, 35, 18, 39, 13, 3, 30, 26, 36, 38, 32, 10, 31, 21, 34, 29, 25, 24, 27, 37]",2172,"[16, 9, 1, 2, 22, 11, 7, 15, 12, 0, 5, 17, 6, 19, 20, 28, 4, 14, 23, 33, 8, 35, 18, 39, 13, 3, 30, 26, 36, 38, 32, 10, 31, 21, 34, 29, 25, 24, 27, 37]",2172,11.001739740371704
"[16, 9, 1, 2, 22, 11, 7, 15, 12, 0, 5, 17, 6, 19, 20, 28, 4, 14, 23, 33, 8, 35, 18, 39, 13, 3, 30, 26, 36, 38, 32, 10, 31, 21, 34, 29, 25, 24, 27, 37]",2172,"[16, 9, 1, 2, 22, 11, 7, 15, 12, 0, 5, 17, 6, 19, 20, 28, 4, 14, 23, 33, 8, 35, 18, 39, 13, 3, 30, 26, 36, 38, 32, 10, 31, 21, 34, 29, 25, 24, 27, 37]",2172,11.057279109954834
"[16, 9, 1, 2, 22, 11, 7, 15, 12, 0, 5, 17, 6, 19, 20, 28, 4, 14, 23, 33, 8, 35, 18, 39, 13, 3, 30, 26, 36, 38, 32, 10, 31, 21, 34, 29, 25, 24, 27, 37]",2172,"[16, 9, 1, 2, 22, 11, 7, 15, 12, 0, 5, 17, 6, 19, 20, 28, 4, 14, 23, 33, 8, 35, 18, 39, 13, 3, 30, 26, 36, 38, 32, 10, 31, 21, 34, 29, 25, 24, 27, 37]",2172,11.113127946853638
