Sequence,Fitness,Best_sequence,Best_fitness,Time
"[0, 1, 2, 3, 4, 5, 6, 7, 8, 9, 10, 11, 12, 13, 14, 15, 16, 17, 18, 19]",3642,"[0, 1, 2, 3, 4, 5, 6, 7, 8, 9, 10, 11, 12, 13, 14, 15, 16, 17, 18, 19]",3642,2.4080276489257812e-05
"[0, 1, 2, 3, 4, 5, 6, 7, 8, 9, 10, 11, 12, 13, 14, 15, 16, 17, 18, 19]",3642,"[0, 1, 2, 3, 4, 5, 6, 7, 8, 9, 10, 11, 12, 13, 14, 15, 16, 17, 18, 19]",3642,0.02029585838317871
"[0, 1, 2, 3, 4, 11, 6, 7, 8, 9, 10, 5, 12, 13, 14, 15, 16, 17, 18, 19]",3609,"[0, 1, 2, 3, 4, 11, 6, 7, 8, 9, 10, 5, 12, 13, 14, 15, 16, 17, 18, 19]",3609,0.03873300552368164
"[0, 1, 2, 3, 4, 11, 6, 7, 8, 9, 10, 5, 12, 13, 14, 15, 16, 17, 18, 19]",3609,"[0, 1, 2, 3, 4, 11, 6, 7, 8, 9, 10, 5, 12, 13, 14, 15, 16, 17, 18, 19]",3609,0.05703401565551758
"[0, 1, 2, 3, 4, 11, 6, 7, 8, 9, 10, 5, 12, 13, 14, 15, 16, 17, 18, 19]",3609,"[0, 1, 2, 3, 4, 11, 6, 7, 8, 9, 10, 5, 12, 13, 14, 15, 16, 17, 18, 19]",3609,0.07488512992858887
"[0, 1, 2, 3, 4, 11, 6, 7, 8, 9, 10, 5, 12, 13, 14, 15, 16, 17, 18, 19]",3609,"[0, 1, 2, 3, 4, 11, 6, 7, 8, 9, 10, 5, 12, 13, 14, 15, 16, 17, 18, 19]",3609,0.09417176246643066
"[16, 1, 2, 3, 4, 11, 6, 7, 8, 9, 10, 5, 12, 13, 14, 15, 0, 17, 18, 19]",3598,"[16, 1, 2, 3, 4, 11, 6, 7, 8, 9, 10, 5, 12, 13, 14, 15, 0, 17, 18, 19]",3598,0.11288690567016602
"[16, 1, 2, 3, 4, 11, 6, 7, 8, 9, 10, 5, 12, 13, 14, 15, 0, 17, 18, 19]",3598,"[16, 1, 2, 3, 4, 11, 6, 7, 8, 9, 10, 5, 12, 13, 14, 15, 0, 17, 18, 19]",3598,0.13193106651306152
"[16, 1, 2, 3, 4, 11, 6, 13, 8, 9, 10, 5, 12, 7, 14, 15, 0, 17, 18, 19]",3581,"[16, 1, 2, 3, 4, 11, 6, 13, 8, 9, 10, 5, 12, 7, 14, 15, 0, 17, 18, 19]",3581,0.16304993629455566
"[16, 1, 2, 3, 4, 11, 18, 13, 8, 9, 10, 5, 12, 7, 14, 15, 0, 17, 6, 19]",3527,"[16, 1, 2, 3, 4, 11, 18, 13, 8, 9, 10, 5, 12, 7, 14, 15, 0, 17, 6, 19]",3527,0.1830599308013916
"[16, 1, 2, 3, 4, 11, 18, 13, 8, 9, 10, 5, 12, 7, 14, 15, 0, 17, 6, 19]",3527,"[16, 1, 2, 3, 4, 11, 18, 13, 8, 9, 10, 5, 12, 7, 14, 15, 0, 17, 6, 19]",3527,0.2023909091949463
"[16, 1, 2, 3, 4, 11, 18, 13, 8, 9, 10, 5, 12, 7, 14, 15, 0, 17, 6, 19]",3527,"[16, 1, 2, 3, 4, 11, 18, 13, 8, 9, 10, 5, 12, 7, 14, 15, 0, 17, 6, 19]",3527,0.22191095352172852
"[16, 1, 2, 3, 4, 11, 18, 13, 8, 9, 10, 5, 12, 7, 14, 15, 0, 17, 6, 19]",3527,"[16, 1, 2, 3, 4, 11, 18, 13, 8, 9, 10, 5, 12, 7, 14, 15, 0, 17, 6, 19]",3527,0.2412278652191162
"[16, 1, 2, 3, 4, 11, 18, 13, 8, 9, 10, 5, 12, 7, 14, 15, 0, 17, 6, 19]",3527,"[16, 1, 2, 3, 4, 11, 18, 13, 8, 9, 10, 5, 12, 7, 14, 15, 0, 17, 6, 19]",3527,0.26012110710144043
"[16, 1, 2, 3, 4, 11, 18, 13, 8, 9, 10, 5, 12, 7, 14, 15, 0, 17, 6, 19]",3527,"[16, 1, 2, 3, 4, 11, 18, 13, 8, 9, 10, 5, 12, 7, 14, 15, 0, 17, 6, 19]",3527,0.2794148921966553
"[16, 1, 2, 3, 4, 11, 18, 13, 8, 9, 10, 5, 12, 7, 14, 15, 0, 17, 6, 19]",3527,"[16, 1, 2, 3, 4, 11, 18, 13, 8, 9, 10, 5, 12, 7, 14, 15, 0, 17, 6, 19]",3527,0.2985560894012451
"[16, 1, 2, 3, 4, 11, 18, 13, 8, 9, 10, 5, 12, 7, 14, 15, 0, 17, 6, 19]",3527,"[16, 1, 2, 3, 4, 11, 18, 13, 8, 9, 10, 5, 12, 7, 14, 15, 0, 17, 6, 19]",3527,0.3181118965148926
"[16, 1, 2, 3, 4, 11, 18, 13, 8, 9, 10, 5, 12, 7, 14, 15, 0, 17, 6, 19]",3527,"[16, 1, 2, 3, 4, 11, 18, 13, 8, 9, 10, 5, 12, 7, 14, 15, 0, 17, 6, 19]",3527,0.3361988067626953
"[16, 1, 2, 3, 4, 11, 18, 13, 8, 9, 10, 5, 12, 7, 14, 15, 0, 17, 6, 19]",3527,"[16, 1, 2, 3, 4, 11, 18, 13, 8, 9, 10, 5, 12, 7, 14, 15, 0, 17, 6, 19]",3527,0.35541391372680664
"[16, 1, 2, 3, 4, 11, 18, 13, 8, 9, 10, 5, 12, 19, 14, 15, 0, 17, 6, 7]",3510,"[16, 1, 2, 3, 4, 11, 18, 13, 8, 9, 10, 5, 12, 19, 14, 15, 0, 17, 6, 7]",3510,0.3746328353881836
"[16, 1, 2, 3, 4, 11, 18, 13, 8, 9, 10, 5, 12, 19, 14, 15, 0, 17, 6, 7]",3510,"[16, 1, 2, 3, 4, 11, 18, 13, 8, 9, 10, 5, 12, 19, 14, 15, 0, 17, 6, 7]",3510,0.3939361572265625
"[16, 1, 2, 3, 4, 11, 18, 13, 8, 9, 10, 5, 12, 19, 14, 15, 0, 17, 6, 7]",3510,"[16, 1, 2, 3, 4, 11, 18, 13, 8, 9, 10, 5, 12, 19, 14, 15, 0, 17, 6, 7]",3510,0.41321277618408203
"[16, 1, 2, 3, 4, 11, 18, 13, 8, 9, 10, 5, 12, 19, 14, 15, 0, 17, 6, 7]",3510,"[16, 1, 2, 3, 4, 11, 18, 13, 8, 9, 10, 5, 12, 19, 14, 15, 0, 17, 6, 7]",3510,0.43152618408203125
"[16, 1, 2, 3, 4, 11, 18, 13, 8, 9, 10, 5, 12, 19, 14, 15, 0, 17, 6, 7]",3510,"[16, 1, 2, 3, 4, 11, 18, 13, 8, 9, 10, 5, 12, 19, 14, 15, 0, 17, 6, 7]",3510,0.4507460594177246
"[16, 1, 2, 3, 4, 11, 18, 13, 8, 9, 10, 5, 12, 19, 14, 15, 0, 17, 6, 7]",3510,"[16, 1, 2, 3, 4, 11, 18, 13, 8, 9, 10, 5, 12, 19, 14, 15, 0, 17, 6, 7]",3510,0.46973490715026855
"[16, 1, 2, 3, 4, 11, 18, 13, 8, 9, 10, 5, 12, 19, 14, 15, 0, 17, 6, 7]",3510,"[16, 1, 2, 3, 4, 11, 18, 13, 8, 9, 10, 5, 12, 19, 14, 15, 0, 17, 6, 7]",3510,0.488940954208374
"[16, 1, 2, 3, 4, 11, 18, 13, 8, 9, 10, 5, 12, 19, 14, 15, 0, 17, 6, 7]",3510,"[16, 1, 2, 3, 4, 11, 18, 13, 8, 9, 10, 5, 12, 19, 14, 15, 0, 17, 6, 7]",3510,0.5081470012664795
"[16, 1, 2, 3, 4, 11, 18, 13, 8, 9, 10, 5, 12, 19, 14, 15, 0, 17, 6, 7]",3510,"[16, 1, 2, 3, 4, 11, 18, 13, 8, 9, 10, 5, 12, 19, 14, 15, 0, 17, 6, 7]",3510,0.5280239582061768
"[16, 1, 2, 3, 4, 11, 18, 13, 8, 9, 10, 5, 12, 19, 14, 15, 0, 17, 6, 7]",3510,"[16, 1, 2, 3, 4, 11, 18, 13, 8, 9, 10, 5, 12, 19, 14, 15, 0, 17, 6, 7]",3510,0.5495719909667969
"[16, 1, 2, 3, 4, 11, 18, 13, 8, 9, 10, 5, 12, 19, 14, 15, 0, 17, 6, 7]",3510,"[16, 1, 2, 3, 4, 11, 18, 13, 8, 9, 10, 5, 12, 19, 14, 15, 0, 17, 6, 7]",3510,0.5691697597503662
"[16, 1, 2, 3, 4, 11, 18, 13, 8, 9, 10, 5, 12, 19, 14, 15, 0, 17, 6, 7]",3510,"[16, 1, 2, 3, 4, 11, 18, 13, 8, 9, 10, 5, 12, 19, 14, 15, 0, 17, 6, 7]",3510,0.5885260105133057
"[16, 1, 2, 3, 4, 11, 18, 13, 8, 9, 10, 5, 12, 19, 14, 15, 0, 17, 6, 7]",3510,"[16, 1, 2, 3, 4, 11, 18, 13, 8, 9, 10, 5, 12, 19, 14, 15, 0, 17, 6, 7]",3510,0.6084778308868408
"[16, 1, 2, 3, 4, 11, 18, 13, 8, 9, 10, 5, 12, 19, 14, 15, 0, 17, 6, 7]",3510,"[16, 1, 2, 3, 4, 11, 18, 13, 8, 9, 10, 5, 12, 19, 14, 15, 0, 17, 6, 7]",3510,0.628046989440918
"[16, 1, 2, 3, 4, 11, 18, 13, 8, 9, 10, 5, 12, 19, 14, 15, 0, 17, 6, 7]",3510,"[16, 1, 2, 3, 4, 11, 18, 13, 8, 9, 10, 5, 12, 19, 14, 15, 0, 17, 6, 7]",3510,0.6472320556640625
"[16, 1, 2, 3, 4, 7, 18, 13, 8, 9, 10, 5, 12, 19, 14, 15, 0, 17, 6, 11]",3457,"[16, 1, 2, 3, 4, 7, 18, 13, 8, 9, 10, 5, 12, 19, 14, 15, 0, 17, 6, 11]",3457,0.6662449836730957
"[16, 1, 2, 3, 4, 7, 18, 13, 8, 9, 10, 5, 12, 19, 14, 15, 0, 17, 6, 11]",3457,"[16, 1, 2, 3, 4, 7, 18, 13, 8, 9, 10, 5, 12, 19, 14, 15, 0, 17, 6, 11]",3457,0.6862788200378418
"[16, 1, 2, 3, 4, 7, 18, 13, 8, 9, 10, 5, 12, 19, 14, 15, 0, 17, 6, 11]",3457,"[16, 1, 2, 3, 4, 7, 18, 13, 8, 9, 10, 5, 12, 19, 14, 15, 0, 17, 6, 11]",3457,0.705315113067627
"[16, 1, 2, 3, 4, 7, 18, 13, 8, 9, 10, 5, 12, 19, 14, 15, 0, 17, 6, 11]",3457,"[16, 1, 2, 3, 4, 7, 18, 13, 8, 9, 10, 5, 12, 19, 14, 15, 0, 17, 6, 11]",3457,0.7246279716491699
"[16, 1, 2, 3, 4, 7, 18, 13, 8, 9, 10, 5, 12, 19, 14, 15, 0, 17, 6, 11]",3457,"[16, 1, 2, 3, 4, 7, 18, 13, 8, 9, 10, 5, 12, 19, 14, 15, 0, 17, 6, 11]",3457,0.7439448833465576
"[16, 1, 2, 3, 4, 7, 18, 13, 8, 9, 10, 5, 12, 19, 14, 15, 0, 17, 6, 11]",3457,"[16, 1, 2, 3, 4, 7, 18, 13, 8, 9, 10, 5, 12, 19, 14, 15, 0, 17, 6, 11]",3457,0.7633919715881348
"[16, 1, 2, 3, 4, 7, 18, 13, 8, 9, 10, 5, 12, 19, 14, 15, 0, 17, 6, 11]",3457,"[16, 1, 2, 3, 4, 7, 18, 13, 8, 9, 10, 5, 12, 19, 14, 15, 0, 17, 6, 11]",3457,0.7816691398620605
"[16, 1, 2, 3, 4, 7, 18, 13, 8, 9, 10, 5, 12, 19, 14, 15, 0, 17, 6, 11]",3457,"[16, 1, 2, 3, 4, 7, 18, 13, 8, 9, 10, 5, 12, 19, 14, 15, 0, 17, 6, 11]",3457,0.8008160591125488
"[16, 1, 2, 19, 4, 7, 18, 13, 8, 9, 10, 5, 12, 3, 14, 15, 0, 17, 6, 11]",3407,"[16, 1, 2, 19, 4, 7, 18, 13, 8, 9, 10, 5, 12, 3, 14, 15, 0, 17, 6, 11]",3407,0.8194711208343506
"[16, 1, 2, 19, 4, 7, 18, 13, 8, 9, 10, 5, 12, 3, 14, 15, 0, 17, 6, 11]",3407,"[16, 1, 2, 19, 4, 7, 18, 13, 8, 9, 10, 5, 12, 3, 14, 15, 0, 17, 6, 11]",3407,0.8388028144836426
"[16, 1, 2, 19, 4, 7, 18, 13, 8, 9, 10, 5, 12, 3, 14, 15, 0, 17, 6, 11]",3407,"[16, 1, 2, 19, 4, 7, 18, 13, 8, 9, 10, 5, 12, 3, 14, 15, 0, 17, 6, 11]",3407,0.8569550514221191
"[16, 1, 2, 19, 4, 7, 18, 13, 8, 9, 10, 5, 12, 3, 14, 15, 0, 17, 6, 11]",3407,"[16, 1, 2, 19, 4, 7, 18, 13, 8, 9, 10, 5, 12, 3, 14, 15, 0, 17, 6, 11]",3407,0.8761489391326904
"[16, 1, 2, 19, 4, 7, 18, 13, 8, 9, 10, 5, 12, 3, 14, 15, 0, 17, 6, 11]",3407,"[16, 1, 2, 19, 4, 7, 18, 13, 8, 9, 10, 5, 12, 3, 14, 15, 0, 17, 6, 11]",3407,0.8951869010925293
"[16, 1, 2, 19, 4, 7, 18, 13, 8, 9, 10, 5, 12, 3, 14, 15, 0, 17, 6, 11]",3407,"[16, 1, 2, 19, 4, 7, 18, 13, 8, 9, 10, 5, 12, 3, 14, 15, 0, 17, 6, 11]",3407,0.913923978805542
"[16, 1, 2, 19, 4, 7, 18, 13, 8, 9, 10, 5, 12, 3, 14, 15, 0, 17, 6, 11]",3407,"[16, 1, 2, 19, 4, 7, 18, 13, 8, 9, 10, 5, 12, 3, 14, 15, 0, 17, 6, 11]",3407,0.9333391189575195
"[16, 1, 2, 19, 4, 7, 18, 13, 8, 9, 10, 5, 12, 3, 14, 15, 0, 17, 6, 11]",3407,"[16, 1, 2, 19, 4, 7, 18, 13, 8, 9, 10, 5, 12, 3, 14, 15, 0, 17, 6, 11]",3407,0.9527499675750732
"[16, 1, 2, 19, 4, 7, 18, 13, 8, 9, 10, 5, 12, 3, 14, 15, 0, 17, 6, 11]",3407,"[16, 1, 2, 19, 4, 7, 18, 13, 8, 9, 10, 5, 12, 3, 14, 15, 0, 17, 6, 11]",3407,0.9726529121398926
"[16, 1, 2, 19, 4, 7, 18, 13, 8, 9, 10, 5, 12, 3, 14, 15, 0, 17, 6, 11]",3407,"[16, 1, 2, 19, 4, 7, 18, 13, 8, 9, 10, 5, 12, 3, 14, 15, 0, 17, 6, 11]",3407,0.9917669296264648
"[16, 1, 2, 19, 4, 7, 18, 13, 8, 9, 10, 5, 12, 3, 14, 15, 0, 17, 6, 11]",3407,"[16, 1, 2, 19, 4, 7, 18, 13, 8, 9, 10, 5, 12, 3, 14, 15, 0, 17, 6, 11]",3407,1.0104029178619385
"[16, 1, 2, 19, 4, 7, 18, 13, 8, 9, 10, 5, 12, 3, 14, 15, 0, 17, 6, 11]",3407,"[16, 1, 2, 19, 4, 7, 18, 13, 8, 9, 10, 5, 12, 3, 14, 15, 0, 17, 6, 11]",3407,1.0288760662078857
"[16, 1, 2, 19, 4, 7, 18, 13, 8, 9, 10, 5, 12, 3, 14, 15, 0, 17, 6, 11]",3407,"[16, 1, 2, 19, 4, 7, 18, 13, 8, 9, 10, 5, 12, 3, 14, 15, 0, 17, 6, 11]",3407,1.0480010509490967
"[16, 1, 2, 19, 4, 7, 18, 13, 8, 9, 10, 5, 12, 3, 14, 15, 0, 17, 6, 11]",3407,"[16, 1, 2, 19, 4, 7, 18, 13, 8, 9, 10, 5, 12, 3, 14, 15, 0, 17, 6, 11]",3407,1.0663001537322998
"[16, 1, 2, 19, 4, 7, 18, 13, 8, 9, 10, 5, 12, 3, 14, 15, 0, 17, 6, 11]",3407,"[16, 1, 2, 19, 4, 7, 18, 13, 8, 9, 10, 5, 12, 3, 14, 15, 0, 17, 6, 11]",3407,1.0859639644622803
"[16, 1, 2, 19, 4, 7, 18, 13, 8, 9, 10, 5, 12, 3, 14, 15, 0, 17, 6, 11]",3407,"[16, 1, 2, 19, 4, 7, 18, 13, 8, 9, 10, 5, 12, 3, 14, 15, 0, 17, 6, 11]",3407,1.1050539016723633
"[16, 1, 2, 19, 4, 7, 18, 13, 8, 9, 10, 5, 12, 3, 14, 15, 0, 17, 6, 11]",3407,"[16, 1, 2, 19, 4, 7, 18, 13, 8, 9, 10, 5, 12, 3, 14, 15, 0, 17, 6, 11]",3407,1.1239240169525146
"[16, 1, 2, 19, 4, 7, 18, 13, 8, 9, 10, 5, 12, 3, 14, 15, 0, 17, 6, 11]",3407,"[16, 1, 2, 19, 4, 7, 18, 13, 8, 9, 10, 5, 12, 3, 14, 15, 0, 17, 6, 11]",3407,1.1419708728790283
"[16, 1, 2, 19, 4, 7, 18, 13, 8, 9, 10, 5, 12, 3, 14, 15, 0, 17, 6, 11]",3407,"[16, 1, 2, 19, 4, 7, 18, 13, 8, 9, 10, 5, 12, 3, 14, 15, 0, 17, 6, 11]",3407,1.1615657806396484
"[16, 1, 2, 19, 4, 7, 18, 13, 8, 9, 10, 5, 12, 3, 14, 15, 0, 17, 6, 11]",3407,"[16, 1, 2, 19, 4, 7, 18, 13, 8, 9, 10, 5, 12, 3, 14, 15, 0, 17, 6, 11]",3407,1.1803550720214844
"[16, 1, 2, 19, 4, 7, 18, 13, 8, 9, 10, 5, 12, 3, 14, 15, 0, 17, 6, 11]",3407,"[16, 1, 2, 19, 4, 7, 18, 13, 8, 9, 10, 5, 12, 3, 14, 15, 0, 17, 6, 11]",3407,1.1995630264282227
"[16, 1, 2, 19, 4, 7, 18, 13, 8, 9, 10, 5, 12, 3, 14, 15, 0, 17, 6, 11]",3407,"[16, 1, 2, 19, 4, 7, 18, 13, 8, 9, 10, 5, 12, 3, 14, 15, 0, 17, 6, 11]",3407,1.2184648513793945
"[16, 1, 2, 19, 4, 7, 18, 13, 8, 9, 10, 5, 12, 3, 14, 15, 0, 17, 6, 11]",3407,"[16, 1, 2, 19, 4, 7, 18, 13, 8, 9, 10, 5, 12, 3, 14, 15, 0, 17, 6, 11]",3407,1.2365689277648926
"[16, 1, 2, 19, 4, 7, 18, 13, 8, 9, 10, 5, 12, 3, 14, 15, 0, 17, 6, 11]",3407,"[16, 1, 2, 19, 4, 7, 18, 13, 8, 9, 10, 5, 12, 3, 14, 15, 0, 17, 6, 11]",3407,1.2568590641021729
"[16, 1, 2, 19, 4, 7, 18, 13, 8, 9, 10, 5, 12, 3, 14, 15, 0, 17, 6, 11]",3407,"[16, 1, 2, 19, 4, 7, 18, 13, 8, 9, 10, 5, 12, 3, 14, 15, 0, 17, 6, 11]",3407,1.27659010887146
"[16, 1, 2, 19, 4, 7, 18, 13, 8, 9, 10, 5, 12, 3, 14, 15, 0, 17, 6, 11]",3407,"[16, 1, 2, 19, 4, 7, 18, 13, 8, 9, 10, 5, 12, 3, 14, 15, 0, 17, 6, 11]",3407,1.2963378429412842
"[16, 1, 2, 19, 4, 7, 18, 13, 8, 9, 10, 5, 12, 3, 14, 15, 0, 17, 6, 11]",3407,"[16, 1, 2, 19, 4, 7, 18, 13, 8, 9, 10, 5, 12, 3, 14, 15, 0, 17, 6, 11]",3407,1.3162379264831543
"[16, 1, 2, 19, 4, 7, 18, 13, 8, 9, 10, 5, 12, 3, 14, 15, 0, 17, 6, 11]",3407,"[16, 1, 2, 19, 4, 7, 18, 13, 8, 9, 10, 5, 12, 3, 14, 15, 0, 17, 6, 11]",3407,1.336359977722168
"[16, 1, 2, 19, 4, 7, 18, 13, 8, 9, 10, 5, 12, 3, 14, 15, 0, 17, 6, 11]",3407,"[16, 1, 2, 19, 4, 7, 18, 13, 8, 9, 10, 5, 12, 3, 14, 15, 0, 17, 6, 11]",3407,1.3571288585662842
"[16, 1, 2, 19, 4, 7, 18, 13, 8, 9, 10, 5, 12, 3, 14, 15, 0, 17, 6, 11]",3407,"[16, 1, 2, 19, 4, 7, 18, 13, 8, 9, 10, 5, 12, 3, 14, 15, 0, 17, 6, 11]",3407,1.3766179084777832
"[16, 1, 2, 19, 4, 7, 18, 13, 8, 9, 10, 5, 12, 3, 14, 15, 0, 17, 6, 11]",3407,"[16, 1, 2, 19, 4, 7, 18, 13, 8, 9, 10, 5, 12, 3, 14, 15, 0, 17, 6, 11]",3407,1.3970799446105957
"[16, 1, 2, 19, 4, 7, 18, 13, 8, 9, 10, 5, 12, 3, 14, 15, 0, 17, 6, 11]",3407,"[16, 1, 2, 19, 4, 7, 18, 13, 8, 9, 10, 5, 12, 3, 14, 15, 0, 17, 6, 11]",3407,1.4174890518188477
"[16, 1, 2, 19, 4, 7, 18, 13, 8, 9, 10, 5, 12, 3, 14, 15, 0, 17, 6, 11]",3407,"[16, 1, 2, 19, 4, 7, 18, 13, 8, 9, 10, 5, 12, 3, 14, 15, 0, 17, 6, 11]",3407,1.437398910522461
"[16, 1, 2, 19, 4, 7, 18, 13, 8, 9, 10, 5, 12, 3, 14, 15, 0, 17, 6, 11]",3407,"[16, 1, 2, 19, 4, 7, 18, 13, 8, 9, 10, 5, 12, 3, 14, 15, 0, 17, 6, 11]",3407,1.4565949440002441
"[16, 1, 2, 19, 4, 7, 18, 13, 8, 9, 10, 5, 12, 3, 14, 15, 0, 17, 6, 11]",3407,"[16, 1, 2, 19, 4, 7, 18, 13, 8, 9, 10, 5, 12, 3, 14, 15, 0, 17, 6, 11]",3407,1.4761698246002197
"[16, 1, 2, 19, 4, 7, 18, 13, 8, 9, 10, 5, 12, 3, 14, 15, 0, 17, 6, 11]",3407,"[16, 1, 2, 19, 4, 7, 18, 13, 8, 9, 10, 5, 12, 3, 14, 15, 0, 17, 6, 11]",3407,1.495434045791626
"[16, 1, 2, 19, 4, 7, 18, 13, 8, 9, 10, 5, 12, 3, 14, 15, 0, 17, 6, 11]",3407,"[16, 1, 2, 19, 4, 7, 18, 13, 8, 9, 10, 5, 12, 3, 14, 15, 0, 17, 6, 11]",3407,1.5145139694213867
"[16, 1, 2, 19, 4, 7, 18, 13, 8, 9, 10, 5, 12, 3, 14, 15, 0, 17, 6, 11]",3407,"[16, 1, 2, 19, 4, 7, 18, 13, 8, 9, 10, 5, 12, 3, 14, 15, 0, 17, 6, 11]",3407,1.5336999893188477
"[16, 1, 2, 19, 4, 7, 18, 13, 8, 9, 10, 5, 12, 3, 14, 15, 0, 17, 6, 11]",3407,"[16, 1, 2, 19, 4, 7, 18, 13, 8, 9, 10, 5, 12, 3, 14, 15, 0, 17, 6, 11]",3407,1.5529429912567139
"[16, 1, 2, 19, 4, 7, 18, 13, 8, 9, 10, 5, 12, 3, 14, 15, 0, 17, 6, 11]",3407,"[16, 1, 2, 19, 4, 7, 18, 13, 8, 9, 10, 5, 12, 3, 14, 15, 0, 17, 6, 11]",3407,1.5721499919891357
"[16, 1, 2, 19, 4, 7, 18, 13, 8, 9, 10, 5, 12, 3, 14, 15, 0, 17, 6, 11]",3407,"[16, 1, 2, 19, 4, 7, 18, 13, 8, 9, 10, 5, 12, 3, 14, 15, 0, 17, 6, 11]",3407,1.591278076171875
"[16, 1, 2, 19, 4, 7, 18, 13, 8, 9, 10, 5, 12, 3, 14, 15, 0, 17, 6, 11]",3407,"[16, 1, 2, 19, 4, 7, 18, 13, 8, 9, 10, 5, 12, 3, 14, 15, 0, 17, 6, 11]",3407,1.610435962677002
"[16, 1, 2, 19, 4, 7, 18, 13, 8, 9, 10, 5, 12, 3, 14, 15, 0, 17, 6, 11]",3407,"[16, 1, 2, 19, 4, 7, 18, 13, 8, 9, 10, 5, 12, 3, 14, 15, 0, 17, 6, 11]",3407,1.62978196144104
"[16, 1, 2, 19, 4, 7, 18, 13, 8, 9, 10, 5, 12, 3, 14, 15, 0, 17, 6, 11]",3407,"[16, 1, 2, 19, 4, 7, 18, 13, 8, 9, 10, 5, 12, 3, 14, 15, 0, 17, 6, 11]",3407,1.6494100093841553
"[16, 1, 2, 19, 4, 7, 18, 13, 8, 9, 10, 5, 12, 3, 14, 15, 0, 17, 6, 11]",3407,"[16, 1, 2, 19, 4, 7, 18, 13, 8, 9, 10, 5, 12, 3, 14, 15, 0, 17, 6, 11]",3407,1.6685760021209717
"[16, 1, 2, 19, 4, 7, 18, 13, 8, 9, 10, 5, 12, 3, 14, 15, 0, 17, 6, 11]",3407,"[16, 1, 2, 19, 4, 7, 18, 13, 8, 9, 10, 5, 12, 3, 14, 15, 0, 17, 6, 11]",3407,1.6873929500579834
"[16, 1, 2, 19, 4, 7, 18, 13, 8, 9, 10, 5, 12, 3, 14, 15, 0, 17, 6, 11]",3407,"[16, 1, 2, 19, 4, 7, 18, 13, 8, 9, 10, 5, 12, 3, 14, 15, 0, 17, 6, 11]",3407,1.7064340114593506
"[16, 1, 2, 19, 4, 7, 18, 13, 8, 9, 10, 5, 12, 3, 14, 15, 0, 17, 6, 11]",3407,"[16, 1, 2, 19, 4, 7, 18, 13, 8, 9, 10, 5, 12, 3, 14, 15, 0, 17, 6, 11]",3407,1.726653814315796
"[16, 1, 2, 19, 4, 7, 18, 13, 8, 9, 10, 5, 12, 3, 14, 15, 0, 17, 6, 11]",3407,"[16, 1, 2, 19, 4, 7, 18, 13, 8, 9, 10, 5, 12, 3, 14, 15, 0, 17, 6, 11]",3407,1.7449169158935547
"[16, 1, 2, 19, 4, 7, 18, 13, 8, 9, 10, 5, 12, 3, 14, 15, 0, 17, 6, 11]",3407,"[16, 1, 2, 19, 4, 7, 18, 13, 8, 9, 10, 5, 12, 3, 14, 15, 0, 17, 6, 11]",3407,1.7640581130981445
"[16, 1, 2, 19, 4, 7, 18, 13, 8, 9, 10, 5, 12, 3, 14, 15, 0, 17, 6, 11]",3407,"[16, 1, 2, 19, 4, 7, 18, 13, 8, 9, 10, 5, 12, 3, 14, 15, 0, 17, 6, 11]",3407,1.7832040786743164
"[16, 1, 2, 19, 4, 7, 18, 13, 8, 9, 10, 5, 12, 3, 14, 15, 0, 17, 6, 11]",3407,"[16, 1, 2, 19, 4, 7, 18, 13, 8, 9, 10, 5, 12, 3, 14, 15, 0, 17, 6, 11]",3407,1.802145004272461
"[16, 1, 2, 19, 4, 7, 18, 13, 8, 9, 10, 5, 12, 3, 14, 15, 0, 17, 6, 11]",3407,"[16, 1, 2, 19, 4, 7, 18, 13, 8, 9, 10, 5, 12, 3, 14, 15, 0, 17, 6, 11]",3407,1.8214330673217773
"[16, 1, 2, 19, 4, 7, 18, 13, 8, 9, 10, 5, 12, 3, 14, 15, 0, 17, 6, 11]",3407,"[16, 1, 2, 19, 4, 7, 18, 13, 8, 9, 10, 5, 12, 3, 14, 15, 0, 17, 6, 11]",3407,1.840277910232544
"[16, 1, 2, 19, 4, 7, 18, 13, 8, 9, 10, 5, 12, 3, 14, 15, 0, 17, 6, 11]",3407,"[16, 1, 2, 19, 4, 7, 18, 13, 8, 9, 10, 5, 12, 3, 14, 15, 0, 17, 6, 11]",3407,1.8589980602264404
"[16, 1, 2, 19, 4, 7, 18, 13, 8, 9, 10, 5, 12, 3, 14, 15, 0, 17, 6, 11]",3407,"[16, 1, 2, 19, 4, 7, 18, 13, 8, 9, 10, 5, 12, 3, 14, 15, 0, 17, 6, 11]",3407,1.8897359371185303
"[16, 1, 2, 19, 4, 7, 18, 13, 8, 9, 10, 5, 11, 3, 14, 15, 0, 17, 6, 12]",3314,"[16, 1, 2, 19, 4, 7, 18, 13, 8, 9, 10, 5, 11, 3, 14, 15, 0, 17, 6, 12]",3314,1.9090290069580078
"[16, 1, 2, 19, 4, 7, 18, 13, 8, 9, 10, 5, 11, 3, 14, 15, 0, 17, 6, 12]",3314,"[16, 1, 2, 19, 4, 7, 18, 13, 8, 9, 10, 5, 11, 3, 14, 15, 0, 17, 6, 12]",3314,1.9284100532531738
"[16, 1, 2, 19, 4, 7, 18, 13, 8, 9, 10, 5, 11, 3, 14, 15, 0, 17, 6, 12]",3314,"[16, 1, 2, 19, 4, 7, 18, 13, 8, 9, 10, 5, 11, 3, 14, 15, 0, 17, 6, 12]",3314,1.9479248523712158
"[16, 1, 2, 19, 4, 7, 18, 13, 8, 9, 10, 5, 11, 3, 14, 15, 0, 17, 6, 12]",3314,"[16, 1, 2, 19, 4, 7, 18, 13, 8, 9, 10, 5, 11, 3, 14, 15, 0, 17, 6, 12]",3314,1.9666070938110352
"[16, 1, 2, 19, 4, 7, 18, 13, 8, 9, 10, 5, 11, 3, 14, 15, 0, 17, 6, 12]",3314,"[16, 1, 2, 19, 4, 7, 18, 13, 8, 9, 10, 5, 11, 3, 14, 15, 0, 17, 6, 12]",3314,1.9854698181152344
"[16, 1, 2, 19, 4, 7, 18, 13, 8, 9, 10, 5, 11, 3, 14, 15, 0, 17, 6, 12]",3314,"[16, 1, 2, 19, 4, 7, 18, 13, 8, 9, 10, 5, 11, 3, 14, 15, 0, 17, 6, 12]",3314,2.0050289630889893
"[16, 1, 2, 19, 4, 7, 18, 13, 8, 9, 10, 5, 11, 3, 14, 15, 0, 17, 6, 12]",3314,"[16, 1, 2, 19, 4, 7, 18, 13, 8, 9, 10, 5, 11, 3, 14, 15, 0, 17, 6, 12]",3314,2.0237910747528076
"[16, 1, 2, 19, 4, 7, 18, 13, 8, 9, 10, 5, 11, 3, 14, 15, 0, 17, 6, 12]",3314,"[16, 1, 2, 19, 4, 7, 18, 13, 8, 9, 10, 5, 11, 3, 14, 15, 0, 17, 6, 12]",3314,2.043109178543091
"[16, 1, 2, 19, 4, 7, 18, 13, 8, 9, 10, 5, 11, 3, 14, 15, 0, 17, 6, 12]",3314,"[16, 1, 2, 19, 4, 7, 18, 13, 8, 9, 10, 5, 11, 3, 14, 15, 0, 17, 6, 12]",3314,2.06124210357666
"[16, 1, 2, 19, 4, 7, 18, 13, 8, 9, 10, 5, 11, 3, 14, 15, 0, 17, 6, 12]",3314,"[16, 1, 2, 19, 4, 7, 18, 13, 8, 9, 10, 5, 11, 3, 14, 15, 0, 17, 6, 12]",3314,2.0798141956329346
"[16, 1, 2, 19, 4, 7, 18, 13, 8, 9, 10, 5, 11, 3, 14, 15, 0, 17, 6, 12]",3314,"[16, 1, 2, 19, 4, 7, 18, 13, 8, 9, 10, 5, 11, 3, 14, 15, 0, 17, 6, 12]",3314,2.099134922027588
"[16, 1, 2, 19, 4, 7, 18, 13, 8, 9, 10, 5, 11, 3, 14, 15, 0, 17, 6, 12]",3314,"[16, 1, 2, 19, 4, 7, 18, 13, 8, 9, 10, 5, 11, 3, 14, 15, 0, 17, 6, 12]",3314,2.118752956390381
"[16, 1, 2, 19, 4, 7, 18, 13, 8, 9, 10, 5, 11, 3, 14, 15, 0, 17, 6, 12]",3314,"[16, 1, 2, 19, 4, 7, 18, 13, 8, 9, 10, 5, 11, 3, 14, 15, 0, 17, 6, 12]",3314,2.137969970703125
"[16, 1, 2, 19, 4, 7, 18, 13, 8, 9, 10, 5, 11, 3, 14, 15, 0, 17, 6, 12]",3314,"[16, 1, 2, 19, 4, 7, 18, 13, 8, 9, 10, 5, 11, 3, 14, 15, 0, 17, 6, 12]",3314,2.15625
"[16, 1, 2, 19, 4, 7, 18, 13, 8, 9, 10, 5, 11, 3, 14, 15, 0, 17, 6, 12]",3314,"[16, 1, 2, 19, 4, 7, 18, 13, 8, 9, 10, 5, 11, 3, 14, 15, 0, 17, 6, 12]",3314,2.1755268573760986
"[16, 1, 2, 19, 4, 7, 18, 13, 8, 9, 10, 5, 11, 3, 14, 15, 0, 17, 6, 12]",3314,"[16, 1, 2, 19, 4, 7, 18, 13, 8, 9, 10, 5, 11, 3, 14, 15, 0, 17, 6, 12]",3314,2.1947388648986816
"[16, 1, 2, 19, 4, 7, 18, 13, 8, 9, 10, 5, 11, 3, 14, 15, 0, 17, 6, 12]",3314,"[16, 1, 2, 19, 4, 7, 18, 13, 8, 9, 10, 5, 11, 3, 14, 15, 0, 17, 6, 12]",3314,2.214061975479126
"[16, 1, 2, 19, 4, 7, 18, 13, 8, 9, 10, 5, 11, 3, 14, 15, 0, 17, 6, 12]",3314,"[16, 1, 2, 19, 4, 7, 18, 13, 8, 9, 10, 5, 11, 3, 14, 15, 0, 17, 6, 12]",3314,2.233272075653076
"[16, 1, 2, 19, 4, 7, 18, 13, 8, 9, 10, 5, 11, 3, 14, 15, 0, 17, 6, 12]",3314,"[16, 1, 2, 19, 4, 7, 18, 13, 8, 9, 10, 5, 11, 3, 14, 15, 0, 17, 6, 12]",3314,2.251572847366333
"[16, 1, 2, 19, 4, 7, 18, 13, 8, 9, 10, 5, 11, 3, 14, 15, 0, 17, 6, 12]",3314,"[16, 1, 2, 19, 4, 7, 18, 13, 8, 9, 10, 5, 11, 3, 14, 15, 0, 17, 6, 12]",3314,2.270076036453247
"[16, 1, 2, 19, 4, 7, 18, 13, 8, 9, 10, 5, 11, 3, 14, 15, 0, 17, 6, 12]",3314,"[16, 1, 2, 19, 4, 7, 18, 13, 8, 9, 10, 5, 11, 3, 14, 15, 0, 17, 6, 12]",3314,2.2898149490356445
"[16, 1, 2, 19, 4, 7, 18, 13, 8, 9, 10, 5, 11, 3, 14, 15, 0, 17, 6, 12]",3314,"[16, 1, 2, 19, 4, 7, 18, 13, 8, 9, 10, 5, 11, 3, 14, 15, 0, 17, 6, 12]",3314,2.309175968170166
"[16, 1, 2, 19, 4, 7, 18, 13, 8, 9, 10, 5, 11, 3, 14, 15, 0, 17, 6, 12]",3314,"[16, 1, 2, 19, 4, 7, 18, 13, 8, 9, 10, 5, 11, 3, 14, 15, 0, 17, 6, 12]",3314,2.328486919403076
"[16, 1, 2, 19, 4, 7, 18, 13, 8, 9, 10, 5, 11, 3, 14, 15, 0, 17, 6, 12]",3314,"[16, 1, 2, 19, 4, 7, 18, 13, 8, 9, 10, 5, 11, 3, 14, 15, 0, 17, 6, 12]",3314,2.347910165786743
"[16, 1, 2, 19, 4, 7, 18, 13, 8, 9, 10, 5, 11, 3, 14, 15, 0, 17, 6, 12]",3314,"[16, 1, 2, 19, 4, 7, 18, 13, 8, 9, 10, 5, 11, 3, 14, 15, 0, 17, 6, 12]",3314,2.3670880794525146
"[16, 1, 2, 19, 4, 7, 18, 13, 8, 9, 10, 5, 11, 3, 14, 15, 0, 17, 6, 12]",3314,"[16, 1, 2, 19, 4, 7, 18, 13, 8, 9, 10, 5, 11, 3, 14, 15, 0, 17, 6, 12]",3314,2.3864009380340576
"[16, 1, 2, 19, 4, 7, 18, 13, 8, 9, 10, 5, 11, 3, 14, 15, 0, 17, 6, 12]",3314,"[16, 1, 2, 19, 4, 7, 18, 13, 8, 9, 10, 5, 11, 3, 14, 15, 0, 17, 6, 12]",3314,2.4057810306549072
"[16, 1, 2, 19, 4, 7, 18, 13, 8, 9, 10, 5, 11, 3, 14, 15, 0, 17, 6, 12]",3314,"[16, 1, 2, 19, 4, 7, 18, 13, 8, 9, 10, 5, 11, 3, 14, 15, 0, 17, 6, 12]",3314,2.4239468574523926
"[16, 1, 2, 19, 4, 7, 18, 13, 8, 9, 10, 5, 11, 3, 14, 15, 0, 17, 6, 12]",3314,"[16, 1, 2, 19, 4, 7, 18, 13, 8, 9, 10, 5, 11, 3, 14, 15, 0, 17, 6, 12]",3314,2.443225145339966
"[16, 1, 2, 19, 4, 7, 18, 13, 8, 9, 10, 5, 11, 3, 14, 15, 0, 17, 6, 12]",3314,"[16, 1, 2, 19, 4, 7, 18, 13, 8, 9, 10, 5, 11, 3, 14, 15, 0, 17, 6, 12]",3314,2.4632298946380615
"[16, 1, 2, 19, 4, 7, 18, 13, 8, 9, 10, 5, 11, 3, 14, 15, 0, 17, 6, 12]",3314,"[16, 1, 2, 19, 4, 7, 18, 13, 8, 9, 10, 5, 11, 3, 14, 15, 0, 17, 6, 12]",3314,2.482609748840332
"[16, 1, 2, 19, 4, 7, 18, 13, 8, 9, 10, 5, 11, 3, 14, 15, 0, 17, 6, 12]",3314,"[16, 1, 2, 19, 4, 7, 18, 13, 8, 9, 10, 5, 11, 3, 14, 15, 0, 17, 6, 12]",3314,2.501140832901001
"[16, 1, 2, 19, 4, 7, 18, 13, 8, 9, 10, 5, 11, 3, 14, 15, 0, 17, 6, 12]",3314,"[16, 1, 2, 19, 4, 7, 18, 13, 8, 9, 10, 5, 11, 3, 14, 15, 0, 17, 6, 12]",3314,2.520500898361206
"[16, 1, 2, 19, 4, 7, 18, 13, 8, 9, 10, 5, 11, 3, 14, 15, 0, 17, 6, 12]",3314,"[16, 1, 2, 19, 4, 7, 18, 13, 8, 9, 10, 5, 11, 3, 14, 15, 0, 17, 6, 12]",3314,2.539768934249878
"[16, 1, 2, 19, 4, 7, 18, 13, 8, 9, 10, 5, 11, 3, 14, 15, 0, 17, 6, 12]",3314,"[16, 1, 2, 19, 4, 7, 18, 13, 8, 9, 10, 5, 11, 3, 14, 15, 0, 17, 6, 12]",3314,2.5591158866882324
"[16, 1, 2, 19, 4, 7, 18, 13, 8, 9, 10, 5, 11, 3, 14, 15, 0, 17, 6, 12]",3314,"[16, 1, 2, 19, 4, 7, 18, 13, 8, 9, 10, 5, 11, 3, 14, 15, 0, 17, 6, 12]",3314,2.5785090923309326
"[16, 1, 2, 19, 4, 7, 18, 13, 8, 9, 10, 5, 11, 3, 14, 15, 0, 17, 6, 12]",3314,"[16, 1, 2, 19, 4, 7, 18, 13, 8, 9, 10, 5, 11, 3, 14, 15, 0, 17, 6, 12]",3314,2.598182201385498
"[16, 1, 2, 19, 4, 11, 18, 13, 8, 9, 10, 5, 7, 3, 14, 15, 0, 17, 6, 12]",3308,"[16, 1, 2, 19, 4, 11, 18, 13, 8, 9, 10, 5, 7, 3, 14, 15, 0, 17, 6, 12]",3308,2.617905855178833
"[16, 1, 2, 19, 4, 11, 18, 13, 8, 9, 10, 5, 7, 3, 14, 15, 0, 17, 6, 12]",3308,"[16, 1, 2, 19, 4, 11, 18, 13, 8, 9, 10, 5, 7, 3, 14, 15, 0, 17, 6, 12]",3308,2.637200117111206
"[16, 1, 2, 19, 4, 11, 18, 13, 8, 9, 10, 5, 7, 3, 14, 15, 0, 17, 6, 12]",3308,"[16, 1, 2, 19, 4, 11, 18, 13, 8, 9, 10, 5, 7, 3, 14, 15, 0, 17, 6, 12]",3308,2.657201051712036
"[16, 1, 2, 19, 4, 11, 18, 13, 8, 9, 10, 5, 7, 3, 14, 15, 0, 17, 6, 12]",3308,"[16, 1, 2, 19, 4, 11, 18, 13, 8, 9, 10, 5, 7, 3, 14, 15, 0, 17, 6, 12]",3308,2.676762104034424
"[16, 1, 2, 19, 4, 11, 18, 13, 8, 9, 10, 5, 7, 3, 14, 15, 0, 17, 6, 12]",3308,"[16, 1, 2, 19, 4, 11, 18, 13, 8, 9, 10, 5, 7, 3, 14, 15, 0, 17, 6, 12]",3308,2.695828914642334
"[16, 1, 2, 19, 4, 11, 18, 13, 8, 9, 10, 5, 7, 3, 14, 15, 0, 17, 6, 12]",3308,"[16, 1, 2, 19, 4, 11, 18, 13, 8, 9, 10, 5, 7, 3, 14, 15, 0, 17, 6, 12]",3308,2.7155261039733887
"[16, 1, 2, 19, 4, 11, 18, 13, 8, 9, 10, 5, 7, 3, 14, 15, 0, 17, 6, 12]",3308,"[16, 1, 2, 19, 4, 11, 18, 13, 8, 9, 10, 5, 7, 3, 14, 15, 0, 17, 6, 12]",3308,2.735893964767456
"[16, 1, 2, 19, 4, 11, 18, 13, 8, 9, 10, 5, 7, 3, 14, 15, 0, 17, 6, 12]",3308,"[16, 1, 2, 19, 4, 11, 18, 13, 8, 9, 10, 5, 7, 3, 14, 15, 0, 17, 6, 12]",3308,2.7551748752593994
"[16, 1, 2, 19, 4, 11, 18, 13, 8, 9, 10, 5, 7, 3, 14, 15, 0, 17, 6, 12]",3308,"[16, 1, 2, 19, 4, 11, 18, 13, 8, 9, 10, 5, 7, 3, 14, 15, 0, 17, 6, 12]",3308,2.7755298614501953
"[16, 1, 2, 19, 4, 11, 18, 13, 8, 9, 10, 5, 7, 3, 14, 15, 0, 17, 6, 12]",3308,"[16, 1, 2, 19, 4, 11, 18, 13, 8, 9, 10, 5, 7, 3, 14, 15, 0, 17, 6, 12]",3308,2.7937190532684326
"[16, 1, 2, 19, 4, 11, 18, 13, 8, 9, 10, 5, 7, 3, 14, 15, 0, 17, 6, 12]",3308,"[16, 1, 2, 19, 4, 11, 18, 13, 8, 9, 10, 5, 7, 3, 14, 15, 0, 17, 6, 12]",3308,2.8131260871887207
"[16, 1, 2, 19, 4, 11, 18, 13, 8, 9, 10, 5, 7, 3, 14, 15, 0, 17, 6, 12]",3308,"[16, 1, 2, 19, 4, 11, 18, 13, 8, 9, 10, 5, 7, 3, 14, 15, 0, 17, 6, 12]",3308,2.832798957824707
"[16, 1, 2, 19, 4, 11, 18, 13, 8, 9, 10, 5, 7, 3, 14, 15, 0, 17, 6, 12]",3308,"[16, 1, 2, 19, 4, 11, 18, 13, 8, 9, 10, 5, 7, 3, 14, 15, 0, 17, 6, 12]",3308,2.852442979812622
"[16, 1, 2, 19, 4, 11, 18, 13, 8, 9, 10, 5, 7, 3, 14, 15, 0, 17, 6, 12]",3308,"[16, 1, 2, 19, 4, 11, 18, 13, 8, 9, 10, 5, 7, 3, 14, 15, 0, 17, 6, 12]",3308,2.8721439838409424
"[16, 1, 2, 19, 4, 11, 18, 13, 8, 9, 10, 5, 7, 3, 14, 15, 0, 17, 6, 12]",3308,"[16, 1, 2, 19, 4, 11, 18, 13, 8, 9, 10, 5, 7, 3, 14, 15, 0, 17, 6, 12]",3308,2.8918278217315674
"[16, 1, 2, 19, 4, 11, 18, 13, 8, 9, 10, 5, 7, 3, 14, 15, 0, 17, 6, 12]",3308,"[16, 1, 2, 19, 4, 11, 18, 13, 8, 9, 10, 5, 7, 3, 14, 15, 0, 17, 6, 12]",3308,2.910662889480591
"[16, 1, 2, 19, 4, 11, 18, 13, 8, 9, 10, 5, 7, 3, 14, 15, 0, 17, 6, 12]",3308,"[16, 1, 2, 19, 4, 11, 18, 13, 8, 9, 10, 5, 7, 3, 14, 15, 0, 17, 6, 12]",3308,2.9305078983306885
"[16, 1, 2, 19, 4, 11, 18, 13, 8, 9, 10, 5, 7, 3, 14, 15, 0, 17, 6, 12]",3308,"[16, 1, 2, 19, 4, 11, 18, 13, 8, 9, 10, 5, 7, 3, 14, 15, 0, 17, 6, 12]",3308,2.9506301879882812
"[16, 1, 2, 19, 4, 11, 18, 13, 8, 9, 10, 5, 7, 3, 14, 15, 0, 17, 6, 12]",3308,"[16, 1, 2, 19, 4, 11, 18, 13, 8, 9, 10, 5, 7, 3, 14, 15, 0, 17, 6, 12]",3308,2.9699740409851074
"[16, 1, 2, 19, 4, 11, 18, 13, 8, 9, 10, 5, 7, 3, 14, 15, 0, 17, 6, 12]",3308,"[16, 1, 2, 19, 4, 11, 18, 13, 8, 9, 10, 5, 7, 3, 14, 15, 0, 17, 6, 12]",3308,2.9892988204956055
"[16, 1, 2, 19, 4, 11, 18, 13, 8, 9, 10, 5, 7, 3, 14, 15, 0, 17, 6, 12]",3308,"[16, 1, 2, 19, 4, 11, 18, 13, 8, 9, 10, 5, 7, 3, 14, 15, 0, 17, 6, 12]",3308,3.008742094039917
"[16, 1, 2, 19, 4, 11, 18, 13, 8, 9, 10, 5, 7, 3, 14, 15, 0, 17, 6, 12]",3308,"[16, 1, 2, 19, 4, 11, 18, 13, 8, 9, 10, 5, 7, 3, 14, 15, 0, 17, 6, 12]",3308,3.0283010005950928
"[16, 1, 2, 19, 4, 11, 18, 13, 8, 9, 10, 5, 7, 3, 14, 15, 0, 17, 6, 12]",3308,"[16, 1, 2, 19, 4, 11, 18, 13, 8, 9, 10, 5, 7, 3, 14, 15, 0, 17, 6, 12]",3308,3.047714948654175
"[16, 1, 2, 19, 4, 11, 18, 13, 8, 9, 10, 5, 7, 3, 14, 15, 0, 17, 6, 12]",3308,"[16, 1, 2, 19, 4, 11, 18, 13, 8, 9, 10, 5, 7, 3, 14, 15, 0, 17, 6, 12]",3308,3.0674009323120117
"[16, 1, 2, 19, 4, 11, 18, 13, 8, 9, 10, 5, 7, 3, 14, 15, 0, 17, 6, 12]",3308,"[16, 1, 2, 19, 4, 11, 18, 13, 8, 9, 10, 5, 7, 3, 14, 15, 0, 17, 6, 12]",3308,3.086193084716797
"[16, 1, 2, 10, 4, 11, 18, 13, 8, 9, 19, 5, 7, 3, 14, 15, 0, 17, 6, 12]",3295,"[16, 1, 2, 10, 4, 11, 18, 13, 8, 9, 19, 5, 7, 3, 14, 15, 0, 17, 6, 12]",3295,3.1041347980499268
"[16, 1, 2, 10, 4, 11, 18, 13, 8, 9, 19, 5, 7, 3, 14, 15, 0, 17, 6, 12]",3295,"[16, 1, 2, 10, 4, 11, 18, 13, 8, 9, 19, 5, 7, 3, 14, 15, 0, 17, 6, 12]",3295,3.1234629154205322
"[16, 1, 2, 10, 4, 11, 18, 13, 8, 9, 19, 5, 7, 3, 14, 15, 0, 17, 6, 12]",3295,"[16, 1, 2, 10, 4, 11, 18, 13, 8, 9, 19, 5, 7, 3, 14, 15, 0, 17, 6, 12]",3295,3.142643928527832
"[16, 1, 2, 10, 4, 11, 18, 13, 8, 9, 19, 5, 7, 3, 14, 15, 0, 17, 6, 12]",3295,"[16, 1, 2, 10, 4, 11, 18, 13, 8, 9, 19, 5, 7, 3, 14, 15, 0, 17, 6, 12]",3295,3.160620927810669
"[16, 1, 2, 10, 4, 11, 18, 13, 8, 9, 19, 5, 7, 3, 14, 15, 0, 17, 6, 12]",3295,"[16, 1, 2, 10, 4, 11, 18, 13, 8, 9, 19, 5, 7, 3, 14, 15, 0, 17, 6, 12]",3295,3.180202007293701
"[16, 1, 2, 10, 4, 11, 18, 13, 8, 9, 19, 5, 7, 3, 14, 15, 0, 17, 6, 12]",3295,"[16, 1, 2, 10, 4, 11, 18, 13, 8, 9, 19, 5, 7, 3, 14, 15, 0, 17, 6, 12]",3295,3.198931932449341
"[16, 1, 2, 10, 4, 11, 18, 13, 8, 9, 19, 5, 7, 3, 14, 15, 0, 17, 6, 12]",3295,"[16, 1, 2, 10, 4, 11, 18, 13, 8, 9, 19, 5, 7, 3, 14, 15, 0, 17, 6, 12]",3295,3.217966079711914
"[16, 1, 2, 10, 4, 11, 18, 13, 8, 9, 19, 5, 7, 3, 14, 15, 0, 17, 6, 12]",3295,"[16, 1, 2, 10, 4, 11, 18, 13, 8, 9, 19, 5, 7, 3, 14, 15, 0, 17, 6, 12]",3295,3.2370190620422363
"[16, 1, 2, 10, 4, 11, 18, 13, 8, 9, 19, 5, 7, 3, 14, 15, 0, 17, 6, 12]",3295,"[16, 1, 2, 10, 4, 11, 18, 13, 8, 9, 19, 5, 7, 3, 14, 15, 0, 17, 6, 12]",3295,3.2561049461364746
"[16, 1, 2, 10, 4, 11, 18, 13, 8, 9, 19, 5, 7, 3, 14, 15, 0, 17, 6, 12]",3295,"[16, 1, 2, 10, 4, 11, 18, 13, 8, 9, 19, 5, 7, 3, 14, 15, 0, 17, 6, 12]",3295,3.2751100063323975
"[16, 1, 2, 10, 4, 11, 18, 13, 8, 9, 19, 5, 7, 3, 14, 15, 0, 17, 6, 12]",3295,"[16, 1, 2, 10, 4, 11, 18, 13, 8, 9, 19, 5, 7, 3, 14, 15, 0, 17, 6, 12]",3295,3.294189929962158
"[16, 1, 2, 10, 4, 11, 18, 13, 8, 9, 19, 5, 7, 3, 14, 15, 0, 17, 6, 12]",3295,"[16, 1, 2, 10, 4, 11, 18, 13, 8, 9, 19, 5, 7, 3, 14, 15, 0, 17, 6, 12]",3295,3.3120779991149902
"[16, 1, 2, 10, 4, 11, 18, 13, 8, 9, 19, 5, 7, 3, 14, 15, 0, 17, 6, 12]",3295,"[16, 1, 2, 10, 4, 11, 18, 13, 8, 9, 19, 5, 7, 3, 14, 15, 0, 17, 6, 12]",3295,3.330878973007202
"[16, 1, 2, 10, 4, 11, 18, 13, 8, 9, 19, 5, 7, 3, 14, 15, 0, 17, 6, 12]",3295,"[16, 1, 2, 10, 4, 11, 18, 13, 8, 9, 19, 5, 7, 3, 14, 15, 0, 17, 6, 12]",3295,3.3496150970458984
"[16, 1, 2, 10, 4, 11, 18, 13, 8, 9, 19, 5, 7, 3, 14, 15, 0, 17, 6, 12]",3295,"[16, 1, 2, 10, 4, 11, 18, 13, 8, 9, 19, 5, 7, 3, 14, 15, 0, 17, 6, 12]",3295,3.368328809738159
"[16, 1, 2, 10, 4, 11, 18, 13, 8, 9, 19, 5, 7, 3, 14, 15, 0, 17, 6, 12]",3295,"[16, 1, 2, 10, 4, 11, 18, 13, 8, 9, 19, 5, 7, 3, 14, 15, 0, 17, 6, 12]",3295,3.386133909225464
"[16, 1, 2, 10, 4, 11, 18, 13, 8, 9, 19, 5, 7, 3, 14, 15, 0, 17, 6, 12]",3295,"[16, 1, 2, 10, 4, 11, 18, 13, 8, 9, 19, 5, 7, 3, 14, 15, 0, 17, 6, 12]",3295,3.404654026031494
"[16, 1, 2, 10, 4, 11, 18, 13, 8, 9, 19, 5, 7, 3, 14, 15, 0, 17, 6, 12]",3295,"[16, 1, 2, 10, 4, 11, 18, 13, 8, 9, 19, 5, 7, 3, 14, 15, 0, 17, 6, 12]",3295,3.4232349395751953
"[16, 1, 2, 10, 4, 11, 18, 13, 8, 9, 19, 5, 7, 3, 14, 15, 0, 17, 6, 12]",3295,"[16, 1, 2, 10, 4, 11, 18, 13, 8, 9, 19, 5, 7, 3, 14, 15, 0, 17, 6, 12]",3295,3.4423420429229736
"[16, 1, 2, 10, 4, 11, 18, 13, 8, 9, 19, 5, 7, 3, 14, 15, 0, 17, 6, 12]",3295,"[16, 1, 2, 10, 4, 11, 18, 13, 8, 9, 19, 5, 7, 3, 14, 15, 0, 17, 6, 12]",3295,3.4614157676696777
"[16, 1, 2, 10, 4, 11, 18, 13, 8, 9, 19, 5, 7, 3, 14, 15, 0, 17, 6, 12]",3295,"[16, 1, 2, 10, 4, 11, 18, 13, 8, 9, 19, 5, 7, 3, 14, 15, 0, 17, 6, 12]",3295,3.4821529388427734
"[16, 1, 2, 10, 4, 11, 18, 13, 8, 9, 19, 5, 7, 3, 14, 15, 0, 17, 6, 12]",3295,"[16, 1, 2, 10, 4, 11, 18, 13, 8, 9, 19, 5, 7, 3, 14, 15, 0, 17, 6, 12]",3295,3.50347900390625
"[16, 1, 2, 10, 4, 11, 18, 13, 8, 9, 19, 5, 7, 3, 14, 15, 0, 17, 6, 12]",3295,"[16, 1, 2, 10, 4, 11, 18, 13, 8, 9, 19, 5, 7, 3, 14, 15, 0, 17, 6, 12]",3295,3.522162914276123
"[16, 1, 2, 10, 4, 11, 18, 13, 8, 9, 19, 5, 7, 3, 14, 15, 0, 17, 6, 12]",3295,"[16, 1, 2, 10, 4, 11, 18, 13, 8, 9, 19, 5, 7, 3, 14, 15, 0, 17, 6, 12]",3295,3.5415852069854736
"[16, 1, 2, 10, 4, 11, 18, 13, 8, 9, 19, 5, 7, 3, 14, 15, 0, 17, 6, 12]",3295,"[16, 1, 2, 10, 4, 11, 18, 13, 8, 9, 19, 5, 7, 3, 14, 15, 0, 17, 6, 12]",3295,3.560264825820923
"[16, 1, 2, 10, 4, 11, 18, 13, 8, 9, 19, 5, 7, 3, 14, 15, 0, 17, 6, 12]",3295,"[16, 1, 2, 10, 4, 11, 18, 13, 8, 9, 19, 5, 7, 3, 14, 15, 0, 17, 6, 12]",3295,3.581084966659546
"[16, 1, 2, 10, 4, 11, 18, 13, 8, 9, 19, 5, 7, 3, 14, 15, 0, 17, 6, 12]",3295,"[16, 1, 2, 10, 4, 11, 18, 13, 8, 9, 19, 5, 7, 3, 14, 15, 0, 17, 6, 12]",3295,3.600058078765869
"[16, 1, 2, 10, 4, 11, 18, 13, 8, 9, 19, 5, 7, 3, 14, 15, 0, 17, 6, 12]",3295,"[16, 1, 2, 10, 4, 11, 18, 13, 8, 9, 19, 5, 7, 3, 14, 15, 0, 17, 6, 12]",3295,3.618919849395752
"[16, 1, 2, 10, 4, 11, 18, 13, 8, 9, 19, 5, 7, 3, 14, 15, 0, 17, 6, 12]",3295,"[16, 1, 2, 10, 4, 11, 18, 13, 8, 9, 19, 5, 7, 3, 14, 15, 0, 17, 6, 12]",3295,3.637967109680176
"[16, 1, 2, 10, 4, 11, 18, 13, 8, 9, 19, 5, 7, 3, 14, 15, 0, 17, 6, 12]",3295,"[16, 1, 2, 10, 4, 11, 18, 13, 8, 9, 19, 5, 7, 3, 14, 15, 0, 17, 6, 12]",3295,3.656208038330078
"[16, 1, 2, 10, 4, 11, 18, 13, 8, 9, 19, 5, 7, 3, 14, 15, 0, 17, 6, 12]",3295,"[16, 1, 2, 10, 4, 11, 18, 13, 8, 9, 19, 5, 7, 3, 14, 15, 0, 17, 6, 12]",3295,3.6750168800354004
"[16, 1, 2, 10, 4, 11, 18, 13, 8, 9, 19, 5, 7, 3, 14, 15, 0, 17, 6, 12]",3295,"[16, 1, 2, 10, 4, 11, 18, 13, 8, 9, 19, 5, 7, 3, 14, 15, 0, 17, 6, 12]",3295,3.694077968597412
"[16, 1, 2, 10, 4, 11, 18, 13, 8, 9, 19, 5, 7, 3, 14, 15, 0, 17, 6, 12]",3295,"[16, 1, 2, 10, 4, 11, 18, 13, 8, 9, 19, 5, 7, 3, 14, 15, 0, 17, 6, 12]",3295,3.712178945541382
"[16, 1, 2, 10, 4, 11, 18, 13, 8, 9, 19, 5, 7, 3, 14, 15, 0, 17, 6, 12]",3295,"[16, 1, 2, 10, 4, 11, 18, 13, 8, 9, 19, 5, 7, 3, 14, 15, 0, 17, 6, 12]",3295,3.7327449321746826
"[16, 1, 2, 10, 4, 11, 18, 13, 8, 9, 19, 5, 7, 3, 14, 15, 0, 17, 6, 12]",3295,"[16, 1, 2, 10, 4, 11, 18, 13, 8, 9, 19, 5, 7, 3, 14, 15, 0, 17, 6, 12]",3295,3.751412868499756
"[16, 1, 2, 10, 4, 11, 18, 13, 8, 9, 19, 5, 7, 3, 14, 15, 0, 17, 6, 12]",3295,"[16, 1, 2, 10, 4, 11, 18, 13, 8, 9, 19, 5, 7, 3, 14, 15, 0, 17, 6, 12]",3295,3.7693049907684326
"[16, 1, 2, 10, 4, 11, 18, 13, 8, 9, 19, 5, 7, 3, 14, 15, 0, 17, 6, 12]",3295,"[16, 1, 2, 10, 4, 11, 18, 13, 8, 9, 19, 5, 7, 3, 14, 15, 0, 17, 6, 12]",3295,3.7879741191864014
"[16, 1, 2, 10, 4, 11, 18, 13, 8, 9, 19, 5, 7, 3, 14, 15, 0, 17, 6, 12]",3295,"[16, 1, 2, 10, 4, 11, 18, 13, 8, 9, 19, 5, 7, 3, 14, 15, 0, 17, 6, 12]",3295,3.8068840503692627
"[16, 1, 2, 10, 4, 11, 18, 13, 8, 9, 19, 5, 7, 3, 14, 15, 0, 17, 6, 12]",3295,"[16, 1, 2, 10, 4, 11, 18, 13, 8, 9, 19, 5, 7, 3, 14, 15, 0, 17, 6, 12]",3295,3.836405038833618
"[16, 1, 2, 10, 4, 11, 18, 13, 8, 9, 19, 5, 7, 3, 14, 15, 0, 17, 6, 12]",3295,"[16, 1, 2, 10, 4, 11, 18, 13, 8, 9, 19, 5, 7, 3, 14, 15, 0, 17, 6, 12]",3295,3.855478048324585
"[16, 1, 2, 10, 4, 11, 18, 13, 8, 9, 19, 5, 7, 3, 14, 15, 0, 17, 6, 12]",3295,"[16, 1, 2, 10, 4, 11, 18, 13, 8, 9, 19, 5, 7, 3, 14, 15, 0, 17, 6, 12]",3295,3.8738739490509033
"[16, 1, 2, 10, 4, 11, 18, 13, 8, 9, 19, 5, 7, 3, 14, 15, 0, 17, 6, 12]",3295,"[16, 1, 2, 10, 4, 11, 18, 13, 8, 9, 19, 5, 7, 3, 14, 15, 0, 17, 6, 12]",3295,3.8916358947753906
"[16, 1, 2, 10, 4, 11, 18, 13, 8, 9, 19, 5, 7, 3, 14, 15, 0, 17, 6, 12]",3295,"[16, 1, 2, 10, 4, 11, 18, 13, 8, 9, 19, 5, 7, 3, 14, 15, 0, 17, 6, 12]",3295,3.9105288982391357
"[16, 1, 2, 10, 4, 11, 18, 13, 8, 9, 19, 5, 7, 3, 14, 15, 0, 17, 6, 12]",3295,"[16, 1, 2, 10, 4, 11, 18, 13, 8, 9, 19, 5, 7, 3, 14, 15, 0, 17, 6, 12]",3295,3.929579019546509
"[16, 1, 2, 10, 4, 11, 18, 13, 8, 9, 19, 5, 7, 3, 14, 15, 0, 17, 6, 12]",3295,"[16, 1, 2, 10, 4, 11, 18, 13, 8, 9, 19, 5, 7, 3, 14, 15, 0, 17, 6, 12]",3295,3.9504029750823975
"[16, 1, 2, 10, 4, 11, 18, 13, 8, 9, 19, 5, 7, 3, 14, 15, 0, 17, 6, 12]",3295,"[16, 1, 2, 10, 4, 11, 18, 13, 8, 9, 19, 5, 7, 3, 14, 15, 0, 17, 6, 12]",3295,3.969094753265381
"[16, 1, 2, 10, 4, 11, 18, 13, 8, 9, 19, 5, 7, 3, 14, 15, 0, 17, 6, 12]",3295,"[16, 1, 2, 10, 4, 11, 18, 13, 8, 9, 19, 5, 7, 3, 14, 15, 0, 17, 6, 12]",3295,3.9877240657806396
"[16, 1, 2, 10, 4, 11, 18, 13, 8, 9, 19, 5, 7, 3, 14, 15, 0, 17, 6, 12]",3295,"[16, 1, 2, 10, 4, 11, 18, 13, 8, 9, 19, 5, 7, 3, 14, 15, 0, 17, 6, 12]",3295,4.007534980773926
"[16, 1, 2, 10, 4, 11, 18, 13, 8, 9, 19, 5, 7, 3, 14, 15, 0, 17, 6, 12]",3295,"[16, 1, 2, 10, 4, 11, 18, 13, 8, 9, 19, 5, 7, 3, 14, 15, 0, 17, 6, 12]",3295,4.026550054550171
"[16, 1, 2, 10, 4, 11, 18, 13, 8, 9, 19, 5, 7, 3, 14, 15, 0, 17, 6, 12]",3295,"[16, 1, 2, 10, 4, 11, 18, 13, 8, 9, 19, 5, 7, 3, 14, 15, 0, 17, 6, 12]",3295,4.046342134475708
"[16, 1, 2, 10, 4, 11, 18, 13, 8, 9, 19, 5, 7, 3, 14, 15, 0, 17, 6, 12]",3295,"[16, 1, 2, 10, 4, 11, 18, 13, 8, 9, 19, 5, 7, 3, 14, 15, 0, 17, 6, 12]",3295,4.0653181076049805
"[16, 1, 2, 10, 4, 11, 18, 13, 8, 9, 19, 5, 7, 3, 14, 15, 0, 17, 6, 12]",3295,"[16, 1, 2, 10, 4, 11, 18, 13, 8, 9, 19, 5, 7, 3, 14, 15, 0, 17, 6, 12]",3295,4.083359956741333
"[16, 1, 2, 10, 4, 11, 18, 13, 8, 9, 19, 5, 7, 3, 14, 15, 0, 17, 6, 12]",3295,"[16, 1, 2, 10, 4, 11, 18, 13, 8, 9, 19, 5, 7, 3, 14, 15, 0, 17, 6, 12]",3295,4.102069854736328
"[16, 1, 2, 10, 4, 11, 18, 13, 8, 9, 19, 5, 7, 3, 14, 15, 0, 17, 6, 12]",3295,"[16, 1, 2, 10, 4, 11, 18, 13, 8, 9, 19, 5, 7, 3, 14, 15, 0, 17, 6, 12]",3295,4.120746850967407
"[16, 1, 2, 10, 4, 11, 18, 13, 8, 9, 19, 5, 7, 3, 14, 15, 0, 17, 6, 12]",3295,"[16, 1, 2, 10, 4, 11, 18, 13, 8, 9, 19, 5, 7, 3, 14, 15, 0, 17, 6, 12]",3295,4.139867782592773
"[16, 1, 2, 10, 4, 11, 18, 13, 8, 9, 19, 5, 7, 3, 14, 15, 0, 17, 6, 12]",3295,"[16, 1, 2, 10, 4, 11, 18, 13, 8, 9, 19, 5, 7, 3, 14, 15, 0, 17, 6, 12]",3295,4.15897011756897
"[16, 1, 2, 10, 4, 11, 18, 13, 8, 9, 19, 5, 7, 3, 14, 15, 0, 17, 6, 12]",3295,"[16, 1, 2, 10, 4, 11, 18, 13, 8, 9, 19, 5, 7, 3, 14, 15, 0, 17, 6, 12]",3295,4.178171157836914
"[16, 1, 2, 10, 4, 11, 18, 13, 8, 9, 19, 5, 7, 3, 14, 15, 0, 17, 6, 12]",3295,"[16, 1, 2, 10, 4, 11, 18, 13, 8, 9, 19, 5, 7, 3, 14, 15, 0, 17, 6, 12]",3295,4.197602033615112
"[16, 1, 2, 10, 4, 11, 18, 13, 8, 9, 19, 5, 7, 3, 14, 15, 0, 17, 6, 12]",3295,"[16, 1, 2, 10, 4, 11, 18, 13, 8, 9, 19, 5, 7, 3, 14, 15, 0, 17, 6, 12]",3295,4.217105865478516
"[16, 1, 2, 10, 4, 11, 18, 13, 8, 9, 19, 5, 7, 3, 14, 15, 0, 17, 6, 12]",3295,"[16, 1, 2, 10, 4, 11, 18, 13, 8, 9, 19, 5, 7, 3, 14, 15, 0, 17, 6, 12]",3295,4.237344980239868
"[16, 1, 2, 10, 4, 11, 18, 13, 8, 9, 19, 5, 7, 3, 14, 15, 0, 17, 6, 12]",3295,"[16, 1, 2, 10, 4, 11, 18, 13, 8, 9, 19, 5, 7, 3, 14, 15, 0, 17, 6, 12]",3295,4.2564311027526855
"[16, 1, 2, 10, 4, 11, 18, 13, 8, 9, 19, 5, 7, 3, 14, 15, 0, 17, 6, 12]",3295,"[16, 1, 2, 10, 4, 11, 18, 13, 8, 9, 19, 5, 7, 3, 14, 15, 0, 17, 6, 12]",3295,4.275331020355225
"[16, 1, 2, 10, 4, 11, 18, 13, 8, 9, 19, 5, 7, 3, 14, 15, 0, 17, 6, 12]",3295,"[16, 1, 2, 10, 4, 11, 18, 13, 8, 9, 19, 5, 7, 3, 14, 15, 0, 17, 6, 12]",3295,4.29400110244751
"[16, 1, 2, 10, 4, 11, 18, 13, 8, 9, 19, 5, 7, 3, 14, 15, 0, 17, 6, 12]",3295,"[16, 1, 2, 10, 4, 11, 18, 13, 8, 9, 19, 5, 7, 3, 14, 15, 0, 17, 6, 12]",3295,4.3126749992370605
"[16, 1, 2, 10, 4, 11, 18, 13, 8, 9, 19, 5, 7, 3, 14, 15, 0, 17, 6, 12]",3295,"[16, 1, 2, 10, 4, 11, 18, 13, 8, 9, 19, 5, 7, 3, 14, 15, 0, 17, 6, 12]",3295,4.331355810165405
"[16, 1, 2, 10, 4, 11, 18, 13, 8, 9, 19, 5, 7, 3, 14, 15, 0, 17, 6, 12]",3295,"[16, 1, 2, 10, 4, 11, 18, 13, 8, 9, 19, 5, 7, 3, 14, 15, 0, 17, 6, 12]",3295,4.350059986114502
"[16, 1, 2, 10, 4, 11, 18, 13, 8, 9, 19, 5, 7, 3, 14, 15, 0, 17, 6, 12]",3295,"[16, 1, 2, 10, 4, 11, 18, 13, 8, 9, 19, 5, 7, 3, 14, 15, 0, 17, 6, 12]",3295,4.368980884552002
"[16, 1, 2, 10, 4, 11, 18, 13, 8, 9, 19, 5, 7, 3, 14, 15, 0, 17, 6, 12]",3295,"[16, 1, 2, 10, 4, 11, 18, 13, 8, 9, 19, 5, 7, 3, 14, 15, 0, 17, 6, 12]",3295,4.387792110443115
"[16, 1, 2, 10, 4, 11, 18, 13, 8, 9, 19, 5, 7, 3, 14, 15, 0, 17, 6, 12]",3295,"[16, 1, 2, 10, 4, 11, 18, 13, 8, 9, 19, 5, 7, 3, 14, 15, 0, 17, 6, 12]",3295,4.406944990158081
"[16, 1, 2, 10, 4, 11, 18, 13, 8, 9, 19, 5, 7, 3, 14, 15, 0, 17, 6, 12]",3295,"[16, 1, 2, 10, 4, 11, 18, 13, 8, 9, 19, 5, 7, 3, 14, 15, 0, 17, 6, 12]",3295,4.425862073898315
"[16, 1, 2, 10, 4, 11, 18, 13, 8, 9, 19, 5, 7, 3, 14, 15, 0, 17, 6, 12]",3295,"[16, 1, 2, 10, 4, 11, 18, 13, 8, 9, 19, 5, 7, 3, 14, 15, 0, 17, 6, 12]",3295,4.444828987121582
"[16, 1, 2, 10, 4, 11, 18, 13, 8, 9, 19, 5, 7, 3, 14, 15, 0, 17, 6, 12]",3295,"[16, 1, 2, 10, 4, 11, 18, 13, 8, 9, 19, 5, 7, 3, 14, 15, 0, 17, 6, 12]",3295,4.464754819869995
"[16, 1, 2, 10, 4, 11, 18, 13, 8, 9, 19, 5, 7, 3, 14, 15, 0, 17, 6, 12]",3295,"[16, 1, 2, 10, 4, 11, 18, 13, 8, 9, 19, 5, 7, 3, 14, 15, 0, 17, 6, 12]",3295,4.48384690284729
"[16, 1, 2, 10, 4, 11, 18, 13, 8, 9, 19, 5, 7, 3, 14, 15, 0, 17, 6, 12]",3295,"[16, 1, 2, 10, 4, 11, 18, 13, 8, 9, 19, 5, 7, 3, 14, 15, 0, 17, 6, 12]",3295,4.503662109375
"[16, 1, 2, 10, 4, 11, 18, 13, 8, 9, 19, 5, 7, 3, 14, 15, 0, 17, 6, 12]",3295,"[16, 1, 2, 10, 4, 11, 18, 13, 8, 9, 19, 5, 7, 3, 14, 15, 0, 17, 6, 12]",3295,4.521759986877441
"[16, 1, 2, 10, 4, 11, 18, 13, 8, 9, 19, 5, 7, 3, 14, 15, 0, 17, 6, 12]",3295,"[16, 1, 2, 10, 4, 11, 18, 13, 8, 9, 19, 5, 7, 3, 14, 15, 0, 17, 6, 12]",3295,4.540760040283203
"[16, 1, 2, 10, 4, 11, 18, 13, 8, 9, 19, 5, 7, 3, 14, 15, 0, 17, 6, 12]",3295,"[16, 1, 2, 10, 4, 11, 18, 13, 8, 9, 19, 5, 7, 3, 14, 15, 0, 17, 6, 12]",3295,4.559705972671509
"[16, 1, 2, 10, 4, 11, 18, 13, 8, 9, 19, 5, 7, 3, 14, 15, 0, 17, 6, 12]",3295,"[16, 1, 2, 10, 4, 11, 18, 13, 8, 9, 19, 5, 7, 3, 14, 15, 0, 17, 6, 12]",3295,4.578824996948242
"[16, 1, 2, 10, 4, 11, 18, 13, 8, 9, 19, 5, 7, 3, 14, 15, 0, 17, 6, 12]",3295,"[16, 1, 2, 10, 4, 11, 18, 13, 8, 9, 19, 5, 7, 3, 14, 15, 0, 17, 6, 12]",3295,4.597135066986084
"[16, 1, 2, 10, 4, 11, 18, 13, 8, 9, 19, 5, 7, 3, 14, 15, 0, 17, 6, 12]",3295,"[16, 1, 2, 10, 4, 11, 18, 13, 8, 9, 19, 5, 7, 3, 14, 15, 0, 17, 6, 12]",3295,4.616124153137207
"[16, 1, 2, 10, 4, 11, 18, 13, 8, 9, 19, 5, 7, 3, 14, 15, 0, 17, 6, 12]",3295,"[16, 1, 2, 10, 4, 11, 18, 13, 8, 9, 19, 5, 7, 3, 14, 15, 0, 17, 6, 12]",3295,4.6358020305633545
"[16, 1, 2, 10, 4, 11, 18, 13, 8, 9, 19, 5, 7, 3, 14, 15, 0, 17, 6, 12]",3295,"[16, 1, 2, 10, 4, 11, 18, 13, 8, 9, 19, 5, 7, 3, 14, 15, 0, 17, 6, 12]",3295,4.654983997344971
"[16, 1, 2, 10, 4, 11, 18, 13, 8, 9, 19, 5, 7, 3, 14, 15, 0, 17, 6, 12]",3295,"[16, 1, 2, 10, 4, 11, 18, 13, 8, 9, 19, 5, 7, 3, 14, 15, 0, 17, 6, 12]",3295,4.67401385307312
"[16, 1, 2, 10, 4, 11, 18, 13, 8, 9, 19, 5, 7, 3, 14, 15, 0, 17, 6, 12]",3295,"[16, 1, 2, 10, 4, 11, 18, 13, 8, 9, 19, 5, 7, 3, 14, 15, 0, 17, 6, 12]",3295,4.693169116973877
"[16, 1, 2, 10, 4, 11, 18, 13, 8, 9, 19, 5, 7, 3, 14, 15, 0, 17, 6, 12]",3295,"[16, 1, 2, 10, 4, 11, 18, 13, 8, 9, 19, 5, 7, 3, 14, 15, 0, 17, 6, 12]",3295,4.712214946746826
"[16, 1, 2, 10, 4, 11, 18, 13, 8, 9, 19, 5, 7, 3, 14, 15, 0, 17, 6, 12]",3295,"[16, 1, 2, 10, 4, 11, 18, 13, 8, 9, 19, 5, 7, 3, 14, 15, 0, 17, 6, 12]",3295,4.732322931289673
"[16, 1, 2, 10, 4, 11, 18, 13, 8, 9, 19, 5, 7, 3, 14, 15, 0, 17, 6, 12]",3295,"[16, 1, 2, 10, 4, 11, 18, 13, 8, 9, 19, 5, 7, 3, 14, 15, 0, 17, 6, 12]",3295,4.751105070114136
"[16, 1, 2, 10, 4, 11, 18, 13, 8, 9, 19, 5, 7, 3, 14, 15, 0, 17, 6, 12]",3295,"[16, 1, 2, 10, 4, 11, 18, 13, 8, 9, 19, 5, 7, 3, 14, 15, 0, 17, 6, 12]",3295,4.770086765289307
"[16, 1, 2, 10, 4, 11, 18, 13, 8, 9, 19, 5, 7, 3, 14, 15, 0, 17, 6, 12]",3295,"[16, 1, 2, 10, 4, 11, 18, 13, 8, 9, 19, 5, 7, 3, 14, 15, 0, 17, 6, 12]",3295,4.788922071456909
"[16, 1, 2, 10, 4, 11, 18, 13, 8, 9, 19, 5, 7, 3, 14, 15, 0, 17, 6, 12]",3295,"[16, 1, 2, 10, 4, 11, 18, 13, 8, 9, 19, 5, 7, 3, 14, 15, 0, 17, 6, 12]",3295,4.808099985122681
"[16, 1, 2, 10, 4, 11, 18, 13, 8, 9, 19, 5, 7, 3, 14, 15, 0, 17, 6, 12]",3295,"[16, 1, 2, 10, 4, 11, 18, 13, 8, 9, 19, 5, 7, 3, 14, 15, 0, 17, 6, 12]",3295,4.827110767364502
"[16, 1, 2, 10, 4, 11, 18, 13, 8, 9, 19, 5, 7, 3, 14, 15, 0, 17, 6, 12]",3295,"[16, 1, 2, 10, 4, 11, 18, 13, 8, 9, 19, 5, 7, 3, 14, 15, 0, 17, 6, 12]",3295,4.846106052398682
"[16, 1, 2, 10, 4, 11, 18, 13, 8, 9, 19, 5, 7, 3, 14, 15, 0, 17, 6, 12]",3295,"[16, 1, 2, 10, 4, 11, 18, 13, 8, 9, 19, 5, 7, 3, 14, 15, 0, 17, 6, 12]",3295,4.865231990814209
"[16, 1, 2, 10, 4, 11, 18, 13, 8, 9, 19, 5, 7, 3, 14, 15, 0, 17, 6, 12]",3295,"[16, 1, 2, 10, 4, 11, 18, 13, 8, 9, 19, 5, 7, 3, 14, 15, 0, 17, 6, 12]",3295,4.88405704498291
"[16, 1, 2, 10, 4, 11, 18, 13, 8, 9, 19, 5, 7, 3, 14, 15, 0, 17, 6, 12]",3295,"[16, 1, 2, 10, 4, 11, 18, 13, 8, 9, 19, 5, 7, 3, 14, 15, 0, 17, 6, 12]",3295,4.903014183044434
"[16, 1, 2, 10, 4, 11, 18, 13, 8, 9, 19, 5, 7, 3, 14, 15, 0, 17, 6, 12]",3295,"[16, 1, 2, 10, 4, 11, 18, 13, 8, 9, 19, 5, 7, 3, 14, 15, 0, 17, 6, 12]",3295,4.922271966934204
"[16, 1, 2, 10, 4, 11, 18, 13, 8, 9, 19, 5, 7, 3, 14, 15, 0, 17, 6, 12]",3295,"[16, 1, 2, 10, 4, 11, 18, 13, 8, 9, 19, 5, 7, 3, 14, 15, 0, 17, 6, 12]",3295,4.941147804260254
"[16, 1, 2, 10, 4, 11, 18, 13, 8, 9, 19, 5, 7, 3, 14, 15, 0, 17, 6, 12]",3295,"[16, 1, 2, 10, 4, 11, 18, 13, 8, 9, 19, 5, 7, 3, 14, 15, 0, 17, 6, 12]",3295,4.960542917251587
"[16, 1, 2, 10, 4, 11, 18, 13, 8, 9, 19, 5, 7, 3, 14, 15, 0, 17, 6, 12]",3295,"[16, 1, 2, 10, 4, 11, 18, 13, 8, 9, 19, 5, 7, 3, 14, 15, 0, 17, 6, 12]",3295,4.979379892349243
"[16, 1, 2, 10, 4, 11, 18, 13, 8, 9, 19, 5, 7, 3, 14, 15, 0, 17, 6, 12]",3295,"[16, 1, 2, 10, 4, 11, 18, 13, 8, 9, 19, 5, 7, 3, 14, 15, 0, 17, 6, 12]",3295,4.9981958866119385
"[16, 1, 2, 10, 4, 11, 18, 13, 8, 9, 19, 5, 7, 3, 14, 15, 0, 17, 6, 12]",3295,"[16, 1, 2, 10, 4, 11, 18, 13, 8, 9, 19, 5, 7, 3, 14, 15, 0, 17, 6, 12]",3295,5.017380952835083
"[16, 1, 2, 10, 4, 11, 18, 13, 8, 9, 19, 5, 7, 3, 14, 15, 0, 17, 6, 12]",3295,"[16, 1, 2, 10, 4, 11, 18, 13, 8, 9, 19, 5, 7, 3, 14, 15, 0, 17, 6, 12]",3295,5.0365800857543945
"[16, 1, 2, 10, 4, 11, 18, 13, 8, 9, 19, 5, 7, 3, 14, 15, 0, 17, 6, 12]",3295,"[16, 1, 2, 10, 4, 11, 18, 13, 8, 9, 19, 5, 7, 3, 14, 15, 0, 17, 6, 12]",3295,5.055791139602661
"[16, 1, 2, 10, 4, 11, 18, 13, 8, 9, 19, 5, 7, 3, 14, 15, 0, 17, 6, 12]",3295,"[16, 1, 2, 10, 4, 11, 18, 13, 8, 9, 19, 5, 7, 3, 14, 15, 0, 17, 6, 12]",3295,5.074939012527466
"[16, 1, 2, 10, 4, 11, 18, 13, 8, 9, 19, 5, 7, 3, 14, 15, 0, 17, 6, 12]",3295,"[16, 1, 2, 10, 4, 11, 18, 13, 8, 9, 19, 5, 7, 3, 14, 15, 0, 17, 6, 12]",3295,5.093962907791138
"[16, 1, 2, 10, 4, 11, 18, 13, 8, 9, 19, 5, 7, 3, 14, 15, 0, 17, 6, 12]",3295,"[16, 1, 2, 10, 4, 11, 18, 13, 8, 9, 19, 5, 7, 3, 14, 15, 0, 17, 6, 12]",3295,5.113006114959717
"[16, 1, 2, 10, 4, 11, 18, 13, 8, 9, 19, 5, 7, 3, 14, 15, 0, 17, 6, 12]",3295,"[16, 1, 2, 10, 4, 11, 18, 13, 8, 9, 19, 5, 7, 3, 14, 15, 0, 17, 6, 12]",3295,5.132405996322632
"[16, 1, 2, 10, 4, 11, 18, 13, 8, 9, 19, 5, 7, 3, 14, 15, 0, 17, 6, 12]",3295,"[16, 1, 2, 10, 4, 11, 18, 13, 8, 9, 19, 5, 7, 3, 14, 15, 0, 17, 6, 12]",3295,5.15078592300415
"[16, 1, 2, 10, 4, 11, 18, 13, 8, 9, 19, 5, 7, 3, 14, 15, 0, 17, 6, 12]",3295,"[16, 1, 2, 10, 4, 11, 18, 13, 8, 9, 19, 5, 7, 3, 14, 15, 0, 17, 6, 12]",3295,5.170385122299194
"[16, 1, 2, 10, 4, 11, 18, 13, 8, 9, 19, 5, 7, 3, 14, 15, 0, 17, 6, 12]",3295,"[16, 1, 2, 10, 4, 11, 18, 13, 8, 9, 19, 5, 7, 3, 14, 15, 0, 17, 6, 12]",3295,5.189479827880859
"[16, 1, 2, 10, 4, 11, 18, 13, 8, 9, 19, 5, 7, 3, 14, 15, 0, 17, 6, 12]",3295,"[16, 1, 2, 10, 4, 11, 18, 13, 8, 9, 19, 5, 7, 3, 14, 15, 0, 17, 6, 12]",3295,5.2095019817352295
"[16, 1, 2, 10, 4, 11, 18, 13, 8, 9, 19, 5, 7, 3, 14, 15, 0, 17, 6, 12]",3295,"[16, 1, 2, 10, 4, 11, 18, 13, 8, 9, 19, 5, 7, 3, 14, 15, 0, 17, 6, 12]",3295,5.22774600982666
"[16, 1, 2, 10, 4, 11, 18, 13, 8, 9, 19, 5, 7, 3, 14, 15, 0, 17, 6, 12]",3295,"[16, 1, 2, 10, 4, 11, 18, 13, 8, 9, 19, 5, 7, 3, 14, 15, 0, 17, 6, 12]",3295,5.247374057769775
"[16, 1, 2, 10, 4, 11, 18, 13, 8, 9, 19, 5, 7, 3, 14, 15, 0, 17, 6, 12]",3295,"[16, 1, 2, 10, 4, 11, 18, 13, 8, 9, 19, 5, 7, 3, 14, 15, 0, 17, 6, 12]",3295,5.266002893447876
"[16, 1, 2, 10, 4, 11, 18, 13, 8, 9, 19, 5, 7, 3, 14, 15, 0, 17, 6, 12]",3295,"[16, 1, 2, 10, 4, 11, 18, 13, 8, 9, 19, 5, 7, 3, 14, 15, 0, 17, 6, 12]",3295,5.285524845123291
"[16, 1, 2, 10, 4, 11, 18, 13, 8, 9, 19, 5, 7, 3, 14, 15, 0, 17, 6, 12]",3295,"[16, 1, 2, 10, 4, 11, 18, 13, 8, 9, 19, 5, 7, 3, 14, 15, 0, 17, 6, 12]",3295,5.304548978805542
"[16, 1, 2, 10, 4, 11, 18, 13, 8, 9, 19, 5, 7, 3, 14, 15, 0, 17, 6, 12]",3295,"[16, 1, 2, 10, 4, 11, 18, 13, 8, 9, 19, 5, 7, 3, 14, 15, 0, 17, 6, 12]",3295,5.325495958328247
"[16, 1, 2, 10, 4, 11, 18, 13, 8, 9, 19, 5, 7, 3, 14, 15, 0, 17, 6, 12]",3295,"[16, 1, 2, 10, 4, 11, 18, 13, 8, 9, 19, 5, 7, 3, 14, 15, 0, 17, 6, 12]",3295,5.345393180847168
"[16, 1, 2, 10, 4, 11, 18, 13, 8, 9, 19, 5, 7, 3, 14, 15, 0, 17, 6, 12]",3295,"[16, 1, 2, 10, 4, 11, 18, 13, 8, 9, 19, 5, 7, 3, 14, 15, 0, 17, 6, 12]",3295,5.364358186721802
"[16, 1, 2, 10, 4, 11, 18, 13, 8, 9, 19, 5, 7, 3, 14, 15, 0, 17, 6, 12]",3295,"[16, 1, 2, 10, 4, 11, 18, 13, 8, 9, 19, 5, 7, 3, 14, 15, 0, 17, 6, 12]",3295,5.395305871963501
"[16, 1, 2, 10, 4, 11, 18, 13, 8, 9, 19, 5, 7, 3, 14, 15, 0, 17, 6, 12]",3295,"[16, 1, 2, 10, 4, 11, 18, 13, 8, 9, 19, 5, 7, 3, 14, 15, 0, 17, 6, 12]",3295,5.41507887840271
"[16, 1, 2, 10, 4, 11, 18, 13, 8, 9, 19, 5, 7, 3, 14, 15, 0, 17, 6, 12]",3295,"[16, 1, 2, 10, 4, 11, 18, 13, 8, 9, 19, 5, 7, 3, 14, 15, 0, 17, 6, 12]",3295,5.434790134429932
"[16, 1, 2, 10, 4, 11, 18, 13, 8, 9, 19, 5, 7, 3, 14, 15, 0, 17, 6, 12]",3295,"[16, 1, 2, 10, 4, 11, 18, 13, 8, 9, 19, 5, 7, 3, 14, 15, 0, 17, 6, 12]",3295,5.453891038894653
"[16, 1, 2, 10, 4, 11, 18, 13, 8, 9, 19, 5, 7, 3, 14, 15, 0, 17, 6, 12]",3295,"[16, 1, 2, 10, 4, 11, 18, 13, 8, 9, 19, 5, 7, 3, 14, 15, 0, 17, 6, 12]",3295,5.472599029541016
"[16, 1, 2, 10, 4, 11, 18, 13, 8, 9, 19, 5, 7, 3, 14, 15, 0, 17, 6, 12]",3295,"[16, 1, 2, 10, 4, 11, 18, 13, 8, 9, 19, 5, 7, 3, 14, 15, 0, 17, 6, 12]",3295,5.490616083145142
"[16, 1, 2, 10, 4, 11, 18, 13, 8, 9, 19, 5, 7, 3, 14, 15, 0, 17, 6, 12]",3295,"[16, 1, 2, 10, 4, 11, 18, 13, 8, 9, 19, 5, 7, 3, 14, 15, 0, 17, 6, 12]",3295,5.509380102157593
"[16, 1, 2, 10, 4, 11, 18, 13, 8, 9, 19, 5, 7, 3, 14, 15, 0, 17, 6, 12]",3295,"[16, 1, 2, 10, 4, 11, 18, 13, 8, 9, 19, 5, 7, 3, 14, 15, 0, 17, 6, 12]",3295,5.5294859409332275
"[16, 1, 2, 10, 4, 11, 18, 13, 8, 9, 19, 5, 7, 3, 14, 15, 0, 17, 6, 12]",3295,"[16, 1, 2, 10, 4, 11, 18, 13, 8, 9, 19, 5, 7, 3, 14, 15, 0, 17, 6, 12]",3295,5.548849821090698
"[16, 1, 2, 10, 4, 11, 18, 13, 8, 9, 19, 5, 7, 3, 14, 15, 0, 17, 6, 12]",3295,"[16, 1, 2, 10, 4, 11, 18, 13, 8, 9, 19, 5, 7, 3, 14, 15, 0, 17, 6, 12]",3295,5.567528963088989
"[16, 1, 2, 10, 4, 11, 18, 13, 8, 9, 19, 5, 7, 3, 14, 15, 0, 17, 6, 12]",3295,"[16, 1, 2, 10, 4, 11, 18, 13, 8, 9, 19, 5, 7, 3, 14, 15, 0, 17, 6, 12]",3295,5.586248874664307
"[16, 1, 2, 10, 4, 11, 18, 13, 8, 9, 19, 5, 7, 3, 14, 15, 0, 17, 6, 12]",3295,"[16, 1, 2, 10, 4, 11, 18, 13, 8, 9, 19, 5, 7, 3, 14, 15, 0, 17, 6, 12]",3295,5.60502815246582
"[16, 1, 2, 10, 4, 11, 18, 13, 8, 9, 19, 5, 7, 3, 14, 15, 0, 17, 6, 12]",3295,"[16, 1, 2, 10, 4, 11, 18, 13, 8, 9, 19, 5, 7, 3, 14, 15, 0, 17, 6, 12]",3295,5.62429404258728
"[16, 1, 2, 10, 4, 11, 18, 13, 8, 9, 19, 5, 7, 3, 14, 15, 0, 17, 6, 12]",3295,"[16, 1, 2, 10, 4, 11, 18, 13, 8, 9, 19, 5, 7, 3, 14, 15, 0, 17, 6, 12]",3295,5.644087076187134
"[16, 1, 2, 10, 4, 11, 18, 13, 8, 9, 19, 5, 7, 3, 14, 15, 0, 17, 6, 12]",3295,"[16, 1, 2, 10, 4, 11, 18, 13, 8, 9, 19, 5, 7, 3, 14, 15, 0, 17, 6, 12]",3295,5.663486957550049
"[16, 1, 2, 10, 4, 11, 18, 13, 8, 9, 19, 5, 7, 3, 14, 15, 0, 17, 6, 12]",3295,"[16, 1, 2, 10, 4, 11, 18, 13, 8, 9, 19, 5, 7, 3, 14, 15, 0, 17, 6, 12]",3295,5.684984922409058
"[16, 1, 2, 10, 4, 11, 18, 13, 8, 9, 19, 5, 7, 3, 14, 15, 0, 17, 6, 12]",3295,"[16, 1, 2, 10, 4, 11, 18, 13, 8, 9, 19, 5, 7, 3, 14, 15, 0, 17, 6, 12]",3295,5.702948093414307
"[16, 1, 2, 10, 4, 11, 18, 13, 8, 9, 19, 5, 7, 3, 14, 15, 0, 17, 6, 12]",3295,"[16, 1, 2, 10, 4, 11, 18, 13, 8, 9, 19, 5, 7, 3, 14, 15, 0, 17, 6, 12]",3295,5.7225189208984375
"[16, 1, 2, 10, 4, 11, 18, 13, 8, 9, 19, 5, 7, 3, 14, 15, 0, 17, 6, 12]",3295,"[16, 1, 2, 10, 4, 11, 18, 13, 8, 9, 19, 5, 7, 3, 14, 15, 0, 17, 6, 12]",3295,5.741270065307617
"[16, 1, 2, 10, 4, 11, 18, 13, 8, 9, 19, 5, 7, 3, 14, 15, 0, 17, 6, 12]",3295,"[16, 1, 2, 10, 4, 11, 18, 13, 8, 9, 19, 5, 7, 3, 14, 15, 0, 17, 6, 12]",3295,5.75995397567749
"[16, 1, 2, 10, 4, 11, 18, 13, 8, 9, 19, 5, 7, 3, 14, 15, 0, 17, 6, 12]",3295,"[16, 1, 2, 10, 4, 11, 18, 13, 8, 9, 19, 5, 7, 3, 14, 15, 0, 17, 6, 12]",3295,5.7786900997161865
"[16, 1, 2, 10, 4, 11, 18, 13, 8, 9, 19, 5, 7, 3, 14, 15, 0, 17, 6, 12]",3295,"[16, 1, 2, 10, 4, 11, 18, 13, 8, 9, 19, 5, 7, 3, 14, 15, 0, 17, 6, 12]",3295,5.79669189453125
"[16, 1, 2, 10, 4, 11, 18, 13, 8, 9, 19, 5, 7, 3, 14, 15, 0, 17, 6, 12]",3295,"[16, 1, 2, 10, 4, 11, 18, 13, 8, 9, 19, 5, 7, 3, 14, 15, 0, 17, 6, 12]",3295,5.815152168273926
"[16, 1, 2, 10, 4, 11, 18, 13, 8, 9, 19, 5, 7, 3, 14, 15, 0, 17, 6, 12]",3295,"[16, 1, 2, 10, 4, 11, 18, 13, 8, 9, 19, 5, 7, 3, 14, 15, 0, 17, 6, 12]",3295,5.834458112716675
"[16, 1, 2, 10, 4, 11, 18, 13, 8, 9, 19, 5, 7, 3, 14, 15, 0, 17, 6, 12]",3295,"[16, 1, 2, 10, 4, 11, 18, 13, 8, 9, 19, 5, 7, 3, 14, 15, 0, 17, 6, 12]",3295,5.854223012924194
"[16, 1, 2, 10, 4, 11, 18, 13, 8, 9, 19, 5, 7, 3, 14, 15, 0, 17, 6, 12]",3295,"[16, 1, 2, 10, 4, 11, 18, 13, 8, 9, 19, 5, 7, 3, 14, 15, 0, 17, 6, 12]",3295,5.873198986053467
"[16, 1, 2, 10, 4, 11, 18, 13, 8, 9, 19, 5, 7, 3, 14, 15, 0, 17, 6, 12]",3295,"[16, 1, 2, 10, 4, 11, 18, 13, 8, 9, 19, 5, 7, 3, 14, 15, 0, 17, 6, 12]",3295,5.891891956329346
"[16, 1, 2, 10, 4, 11, 18, 13, 8, 9, 19, 5, 7, 3, 14, 15, 0, 17, 6, 12]",3295,"[16, 1, 2, 10, 4, 11, 18, 13, 8, 9, 19, 5, 7, 3, 14, 15, 0, 17, 6, 12]",3295,5.911473035812378
"[16, 1, 2, 10, 4, 11, 18, 13, 8, 9, 19, 5, 7, 3, 14, 15, 0, 17, 6, 12]",3295,"[16, 1, 2, 10, 4, 11, 18, 13, 8, 9, 19, 5, 7, 3, 14, 15, 0, 17, 6, 12]",3295,5.930190086364746
"[16, 1, 2, 10, 4, 11, 18, 13, 8, 9, 19, 5, 7, 3, 14, 15, 0, 17, 6, 12]",3295,"[16, 1, 2, 10, 4, 11, 18, 13, 8, 9, 19, 5, 7, 3, 14, 15, 0, 17, 6, 12]",3295,5.948858022689819
"[16, 1, 2, 10, 4, 11, 18, 13, 8, 9, 19, 5, 7, 3, 14, 15, 0, 17, 6, 12]",3295,"[16, 1, 2, 10, 4, 11, 18, 13, 8, 9, 19, 5, 7, 3, 14, 15, 0, 17, 6, 12]",3295,5.967902898788452
"[16, 1, 2, 10, 4, 11, 18, 13, 8, 9, 19, 5, 7, 3, 14, 15, 0, 17, 6, 12]",3295,"[16, 1, 2, 10, 4, 11, 18, 13, 8, 9, 19, 5, 7, 3, 14, 15, 0, 17, 6, 12]",3295,5.986968040466309
"[16, 1, 2, 10, 4, 11, 18, 13, 8, 9, 19, 5, 7, 3, 14, 15, 0, 17, 6, 12]",3295,"[16, 1, 2, 10, 4, 11, 18, 13, 8, 9, 19, 5, 7, 3, 14, 15, 0, 17, 6, 12]",3295,6.0064918994903564
"[16, 1, 2, 10, 4, 11, 18, 13, 8, 9, 19, 5, 7, 3, 14, 15, 0, 17, 6, 12]",3295,"[16, 1, 2, 10, 4, 11, 18, 13, 8, 9, 19, 5, 7, 3, 14, 15, 0, 17, 6, 12]",3295,6.024335145950317
"[16, 1, 2, 10, 4, 11, 18, 13, 8, 9, 19, 5, 7, 3, 14, 15, 0, 17, 6, 12]",3295,"[16, 1, 2, 10, 4, 11, 18, 13, 8, 9, 19, 5, 7, 3, 14, 15, 0, 17, 6, 12]",3295,6.04360294342041
"[16, 1, 2, 10, 4, 11, 18, 13, 8, 9, 19, 5, 7, 3, 14, 15, 0, 17, 6, 12]",3295,"[16, 1, 2, 10, 4, 11, 18, 13, 8, 9, 19, 5, 7, 3, 14, 15, 0, 17, 6, 12]",3295,6.064180850982666
"[16, 1, 2, 10, 4, 11, 18, 13, 8, 9, 19, 5, 7, 3, 14, 15, 0, 17, 6, 12]",3295,"[16, 1, 2, 10, 4, 11, 18, 13, 8, 9, 19, 5, 7, 3, 14, 15, 0, 17, 6, 12]",3295,6.082980155944824
"[16, 1, 2, 10, 4, 11, 18, 13, 8, 9, 19, 5, 7, 3, 14, 15, 0, 17, 6, 12]",3295,"[16, 1, 2, 10, 4, 11, 18, 13, 8, 9, 19, 5, 7, 3, 14, 15, 0, 17, 6, 12]",3295,6.100888013839722
"[16, 1, 2, 10, 4, 11, 18, 13, 8, 9, 19, 5, 7, 3, 14, 15, 0, 17, 6, 12]",3295,"[16, 1, 2, 10, 4, 11, 18, 13, 8, 9, 19, 5, 7, 3, 14, 15, 0, 17, 6, 12]",3295,6.1195549964904785
"[16, 1, 2, 10, 4, 11, 18, 13, 8, 9, 19, 5, 7, 3, 14, 15, 0, 17, 6, 12]",3295,"[16, 1, 2, 10, 4, 11, 18, 13, 8, 9, 19, 5, 7, 3, 14, 15, 0, 17, 6, 12]",3295,6.140371799468994
"[16, 1, 2, 10, 4, 11, 18, 13, 8, 9, 19, 5, 7, 3, 14, 15, 0, 17, 6, 12]",3295,"[16, 1, 2, 10, 4, 11, 18, 13, 8, 9, 19, 5, 7, 3, 14, 15, 0, 17, 6, 12]",3295,6.1588311195373535
"[16, 1, 2, 10, 4, 11, 18, 13, 8, 9, 19, 5, 7, 3, 14, 15, 0, 17, 6, 12]",3295,"[16, 1, 2, 10, 4, 11, 18, 13, 8, 9, 19, 5, 7, 3, 14, 15, 0, 17, 6, 12]",3295,6.1786510944366455
"[16, 1, 2, 10, 4, 11, 18, 13, 8, 9, 19, 5, 7, 3, 14, 15, 0, 17, 6, 12]",3295,"[16, 1, 2, 10, 4, 11, 18, 13, 8, 9, 19, 5, 7, 3, 14, 15, 0, 17, 6, 12]",3295,6.197360992431641
"[16, 1, 2, 10, 4, 11, 18, 13, 8, 9, 19, 5, 7, 3, 14, 15, 0, 17, 6, 12]",3295,"[16, 1, 2, 10, 4, 11, 18, 13, 8, 9, 19, 5, 7, 3, 14, 15, 0, 17, 6, 12]",3295,6.216166973114014
"[16, 1, 2, 10, 4, 11, 18, 13, 8, 9, 19, 5, 7, 3, 14, 15, 0, 17, 6, 12]",3295,"[16, 1, 2, 10, 4, 11, 18, 13, 8, 9, 19, 5, 7, 3, 14, 15, 0, 17, 6, 12]",3295,6.236091136932373
"[16, 1, 2, 10, 4, 11, 18, 13, 8, 9, 19, 5, 7, 3, 14, 15, 0, 17, 6, 12]",3295,"[16, 1, 2, 10, 4, 11, 18, 13, 8, 9, 19, 5, 7, 3, 14, 15, 0, 17, 6, 12]",3295,6.254816055297852
"[16, 1, 2, 10, 4, 11, 18, 13, 8, 9, 19, 5, 7, 3, 14, 15, 0, 17, 6, 12]",3295,"[16, 1, 2, 10, 4, 11, 18, 13, 8, 9, 19, 5, 7, 3, 14, 15, 0, 17, 6, 12]",3295,6.273648023605347
"[16, 1, 2, 10, 4, 11, 18, 13, 8, 9, 19, 5, 7, 3, 14, 15, 0, 17, 6, 12]",3295,"[16, 1, 2, 10, 4, 11, 18, 13, 8, 9, 19, 5, 7, 3, 14, 15, 0, 17, 6, 12]",3295,6.292556047439575
"[16, 1, 2, 10, 4, 11, 18, 13, 8, 9, 19, 5, 7, 3, 14, 15, 0, 17, 6, 12]",3295,"[16, 1, 2, 10, 4, 11, 18, 13, 8, 9, 19, 5, 7, 3, 14, 15, 0, 17, 6, 12]",3295,6.312035083770752
"[16, 1, 2, 10, 4, 11, 18, 13, 8, 9, 19, 5, 7, 3, 14, 15, 0, 17, 6, 12]",3295,"[16, 1, 2, 10, 4, 11, 18, 13, 8, 9, 19, 5, 7, 3, 14, 15, 0, 17, 6, 12]",3295,6.332274913787842
"[16, 1, 2, 10, 4, 11, 18, 13, 8, 9, 19, 5, 7, 3, 14, 15, 0, 17, 6, 12]",3295,"[16, 1, 2, 10, 4, 11, 18, 13, 8, 9, 19, 5, 7, 3, 14, 15, 0, 17, 6, 12]",3295,6.350491762161255
"[16, 1, 2, 10, 4, 11, 18, 13, 8, 9, 19, 5, 7, 3, 14, 15, 0, 17, 6, 12]",3295,"[16, 1, 2, 10, 4, 11, 18, 13, 8, 9, 19, 5, 7, 3, 14, 15, 0, 17, 6, 12]",3295,6.369476079940796
"[16, 1, 2, 10, 4, 11, 18, 13, 8, 9, 19, 5, 7, 3, 14, 15, 0, 17, 6, 12]",3295,"[16, 1, 2, 10, 4, 11, 18, 13, 8, 9, 19, 5, 7, 3, 14, 15, 0, 17, 6, 12]",3295,6.388556003570557
"[16, 1, 2, 10, 4, 11, 18, 13, 8, 9, 19, 5, 7, 3, 14, 15, 0, 17, 6, 12]",3295,"[16, 1, 2, 10, 4, 11, 18, 13, 8, 9, 19, 5, 7, 3, 14, 15, 0, 17, 6, 12]",3295,6.406333923339844
"[16, 1, 2, 10, 4, 11, 18, 13, 8, 9, 19, 5, 7, 3, 14, 15, 0, 17, 6, 12]",3295,"[16, 1, 2, 10, 4, 11, 18, 13, 8, 9, 19, 5, 7, 3, 14, 15, 0, 17, 6, 12]",3295,6.424674034118652
"[16, 1, 2, 10, 4, 11, 18, 13, 8, 9, 19, 5, 7, 3, 14, 15, 0, 17, 6, 12]",3295,"[16, 1, 2, 10, 4, 11, 18, 13, 8, 9, 19, 5, 7, 3, 14, 15, 0, 17, 6, 12]",3295,6.4436469078063965
"[16, 1, 2, 10, 4, 11, 18, 13, 8, 9, 19, 5, 7, 3, 14, 15, 0, 17, 6, 12]",3295,"[16, 1, 2, 10, 4, 11, 18, 13, 8, 9, 19, 5, 7, 3, 14, 15, 0, 17, 6, 12]",3295,6.463161945343018
"[16, 1, 2, 10, 4, 11, 18, 13, 8, 9, 19, 5, 7, 3, 14, 15, 0, 17, 6, 12]",3295,"[16, 1, 2, 10, 4, 11, 18, 13, 8, 9, 19, 5, 7, 3, 14, 15, 0, 17, 6, 12]",3295,6.482836008071899
"[16, 1, 2, 10, 4, 11, 18, 13, 8, 9, 19, 5, 7, 3, 14, 15, 0, 17, 6, 12]",3295,"[16, 1, 2, 10, 4, 11, 18, 13, 8, 9, 19, 5, 7, 3, 14, 15, 0, 17, 6, 12]",3295,6.502141952514648
"[16, 1, 2, 10, 4, 11, 18, 13, 8, 9, 19, 5, 7, 3, 14, 15, 0, 17, 6, 12]",3295,"[16, 1, 2, 10, 4, 11, 18, 13, 8, 9, 19, 5, 7, 3, 14, 15, 0, 17, 6, 12]",3295,6.521042823791504
"[16, 1, 2, 10, 4, 11, 18, 13, 8, 9, 19, 5, 7, 3, 14, 15, 0, 17, 6, 12]",3295,"[16, 1, 2, 10, 4, 11, 18, 13, 8, 9, 19, 5, 7, 3, 14, 15, 0, 17, 6, 12]",3295,6.540205955505371
"[16, 1, 2, 10, 4, 11, 18, 13, 8, 9, 19, 5, 7, 3, 14, 15, 0, 17, 6, 12]",3295,"[16, 1, 2, 10, 4, 11, 18, 13, 8, 9, 19, 5, 7, 3, 14, 15, 0, 17, 6, 12]",3295,6.5591747760772705
"[16, 1, 2, 10, 4, 11, 18, 13, 8, 9, 19, 5, 7, 3, 14, 15, 0, 17, 6, 12]",3295,"[16, 1, 2, 10, 4, 11, 18, 13, 8, 9, 19, 5, 7, 3, 14, 15, 0, 17, 6, 12]",3295,6.580201864242554
"[16, 1, 2, 10, 4, 11, 18, 13, 8, 9, 19, 5, 7, 3, 14, 15, 0, 17, 6, 12]",3295,"[16, 1, 2, 10, 4, 11, 18, 13, 8, 9, 19, 5, 7, 3, 14, 15, 0, 17, 6, 12]",3295,6.5991668701171875
"[16, 1, 2, 10, 4, 11, 18, 13, 8, 9, 19, 5, 7, 3, 14, 15, 0, 17, 6, 12]",3295,"[16, 1, 2, 10, 4, 11, 18, 13, 8, 9, 19, 5, 7, 3, 14, 15, 0, 17, 6, 12]",3295,6.6181559562683105
"[16, 1, 2, 10, 4, 11, 18, 13, 8, 9, 19, 5, 7, 3, 14, 15, 0, 17, 6, 12]",3295,"[16, 1, 2, 10, 4, 11, 18, 13, 8, 9, 19, 5, 7, 3, 14, 15, 0, 17, 6, 12]",3295,6.637969970703125
"[16, 1, 2, 10, 4, 11, 18, 13, 8, 9, 19, 5, 7, 3, 14, 15, 0, 17, 6, 12]",3295,"[16, 1, 2, 10, 4, 11, 18, 13, 8, 9, 19, 5, 7, 3, 14, 15, 0, 17, 6, 12]",3295,6.657526016235352
"[16, 1, 2, 10, 4, 11, 18, 13, 8, 9, 19, 5, 7, 3, 14, 15, 0, 17, 6, 12]",3295,"[16, 1, 2, 10, 4, 11, 18, 13, 8, 9, 19, 5, 7, 3, 14, 15, 0, 17, 6, 12]",3295,6.6764960289001465
"[16, 1, 2, 10, 4, 11, 18, 13, 8, 9, 19, 5, 7, 3, 14, 15, 0, 17, 6, 12]",3295,"[16, 1, 2, 10, 4, 11, 18, 13, 8, 9, 19, 5, 7, 3, 14, 15, 0, 17, 6, 12]",3295,6.695103883743286
"[16, 1, 2, 10, 4, 11, 18, 13, 8, 9, 19, 5, 7, 3, 14, 15, 0, 17, 6, 12]",3295,"[16, 1, 2, 10, 4, 11, 18, 13, 8, 9, 19, 5, 7, 3, 14, 15, 0, 17, 6, 12]",3295,6.714105129241943
"[16, 1, 2, 10, 4, 11, 18, 13, 8, 9, 19, 5, 7, 3, 14, 15, 0, 17, 6, 12]",3295,"[16, 1, 2, 10, 4, 11, 18, 13, 8, 9, 19, 5, 7, 3, 14, 15, 0, 17, 6, 12]",3295,6.732568025588989
"[16, 1, 2, 10, 4, 11, 18, 13, 8, 9, 19, 5, 7, 3, 14, 15, 0, 17, 6, 12]",3295,"[16, 1, 2, 10, 4, 11, 18, 13, 8, 9, 19, 5, 7, 3, 14, 15, 0, 17, 6, 12]",3295,6.75079607963562
"[16, 1, 2, 10, 4, 11, 18, 13, 8, 9, 19, 5, 7, 3, 14, 15, 0, 17, 6, 12]",3295,"[16, 1, 2, 10, 4, 11, 18, 13, 8, 9, 19, 5, 7, 3, 14, 15, 0, 17, 6, 12]",3295,6.769531011581421
"[16, 1, 2, 10, 4, 11, 18, 13, 8, 9, 19, 5, 7, 3, 14, 15, 0, 17, 6, 12]",3295,"[16, 1, 2, 10, 4, 11, 18, 13, 8, 9, 19, 5, 7, 3, 14, 15, 0, 17, 6, 12]",3295,6.7882490158081055
"[16, 1, 2, 10, 4, 11, 18, 13, 8, 9, 19, 5, 7, 3, 14, 15, 0, 17, 6, 12]",3295,"[16, 1, 2, 10, 4, 11, 18, 13, 8, 9, 19, 5, 7, 3, 14, 15, 0, 17, 6, 12]",3295,6.806602954864502
"[16, 1, 2, 10, 4, 11, 18, 13, 8, 9, 19, 5, 7, 3, 14, 15, 0, 17, 6, 12]",3295,"[16, 1, 2, 10, 4, 11, 18, 13, 8, 9, 19, 5, 7, 3, 14, 15, 0, 17, 6, 12]",3295,6.8253679275512695
"[16, 1, 2, 10, 4, 11, 18, 13, 8, 9, 19, 5, 7, 3, 14, 15, 0, 17, 6, 12]",3295,"[16, 1, 2, 10, 4, 11, 18, 13, 8, 9, 19, 5, 7, 3, 14, 15, 0, 17, 6, 12]",3295,6.844152927398682
"[16, 1, 2, 10, 4, 11, 18, 13, 8, 9, 19, 5, 7, 3, 14, 15, 0, 17, 6, 12]",3295,"[16, 1, 2, 10, 4, 11, 18, 13, 8, 9, 19, 5, 7, 3, 14, 15, 0, 17, 6, 12]",3295,6.86290717124939
"[16, 1, 2, 10, 4, 11, 18, 13, 8, 9, 19, 5, 7, 3, 14, 15, 0, 17, 6, 12]",3295,"[16, 1, 2, 10, 4, 11, 18, 13, 8, 9, 19, 5, 7, 3, 14, 15, 0, 17, 6, 12]",3295,6.88162088394165
"[16, 1, 2, 10, 4, 11, 18, 13, 8, 9, 19, 5, 7, 3, 14, 15, 0, 17, 6, 12]",3295,"[16, 1, 2, 10, 4, 11, 18, 13, 8, 9, 19, 5, 7, 3, 14, 15, 0, 17, 6, 12]",3295,6.900445938110352
"[16, 1, 2, 10, 4, 11, 18, 13, 8, 9, 19, 5, 7, 3, 14, 15, 0, 17, 6, 12]",3295,"[16, 1, 2, 10, 4, 11, 18, 13, 8, 9, 19, 5, 7, 3, 14, 15, 0, 17, 6, 12]",3295,6.919229984283447
"[16, 1, 2, 10, 4, 11, 18, 13, 8, 9, 19, 5, 7, 3, 14, 15, 0, 17, 6, 12]",3295,"[16, 1, 2, 10, 4, 11, 18, 13, 8, 9, 19, 5, 7, 3, 14, 15, 0, 17, 6, 12]",3295,6.95059609413147
"[16, 1, 2, 10, 4, 11, 18, 13, 8, 9, 19, 5, 7, 3, 14, 15, 0, 17, 6, 12]",3295,"[16, 1, 2, 10, 4, 11, 18, 13, 8, 9, 19, 5, 7, 3, 14, 15, 0, 17, 6, 12]",3295,6.969435930252075
"[16, 1, 2, 10, 4, 11, 18, 13, 8, 9, 19, 5, 7, 3, 14, 15, 0, 17, 6, 12]",3295,"[16, 1, 2, 10, 4, 11, 18, 13, 8, 9, 19, 5, 7, 3, 14, 15, 0, 17, 6, 12]",3295,6.989207983016968
"[16, 1, 2, 10, 4, 11, 18, 13, 8, 9, 19, 5, 7, 3, 14, 15, 0, 17, 6, 12]",3295,"[16, 1, 2, 10, 4, 11, 18, 13, 8, 9, 19, 5, 7, 3, 14, 15, 0, 17, 6, 12]",3295,7.008133172988892
"[16, 1, 2, 10, 4, 11, 18, 13, 8, 9, 19, 5, 7, 3, 14, 15, 0, 17, 6, 12]",3295,"[16, 1, 2, 10, 4, 11, 18, 13, 8, 9, 19, 5, 7, 3, 14, 15, 0, 17, 6, 12]",3295,7.027255058288574
"[16, 1, 2, 10, 4, 11, 18, 13, 8, 9, 19, 5, 7, 3, 14, 15, 0, 17, 6, 12]",3295,"[16, 1, 2, 10, 4, 11, 18, 13, 8, 9, 19, 5, 7, 3, 14, 15, 0, 17, 6, 12]",3295,7.046053171157837
"[16, 1, 2, 10, 4, 11, 18, 13, 8, 9, 19, 5, 7, 3, 14, 15, 0, 17, 6, 12]",3295,"[16, 1, 2, 10, 4, 11, 18, 13, 8, 9, 19, 5, 7, 3, 14, 15, 0, 17, 6, 12]",3295,7.0640528202056885
"[16, 1, 2, 10, 4, 11, 18, 13, 8, 9, 19, 5, 7, 3, 14, 15, 0, 17, 6, 12]",3295,"[16, 1, 2, 10, 4, 11, 18, 13, 8, 9, 19, 5, 7, 3, 14, 15, 0, 17, 6, 12]",3295,7.082864046096802
"[16, 1, 2, 10, 4, 11, 18, 13, 8, 9, 19, 5, 7, 3, 14, 15, 0, 17, 6, 12]",3295,"[16, 1, 2, 10, 4, 11, 18, 13, 8, 9, 19, 5, 7, 3, 14, 15, 0, 17, 6, 12]",3295,7.101307153701782
"[16, 1, 2, 10, 4, 11, 18, 13, 8, 9, 19, 5, 7, 3, 14, 15, 0, 17, 6, 12]",3295,"[16, 1, 2, 10, 4, 11, 18, 13, 8, 9, 19, 5, 7, 3, 14, 15, 0, 17, 6, 12]",3295,7.120053052902222
"[16, 1, 2, 10, 4, 11, 18, 13, 8, 9, 19, 5, 7, 3, 14, 15, 0, 17, 6, 12]",3295,"[16, 1, 2, 10, 4, 11, 18, 13, 8, 9, 19, 5, 7, 3, 14, 15, 0, 17, 6, 12]",3295,7.138718843460083
"[16, 1, 2, 10, 4, 11, 18, 13, 8, 9, 19, 5, 7, 3, 14, 15, 0, 17, 6, 12]",3295,"[16, 1, 2, 10, 4, 11, 18, 13, 8, 9, 19, 5, 7, 3, 14, 15, 0, 17, 6, 12]",3295,7.157676935195923
"[16, 1, 2, 10, 4, 11, 18, 13, 8, 9, 19, 5, 7, 3, 14, 15, 0, 17, 6, 12]",3295,"[16, 1, 2, 10, 4, 11, 18, 13, 8, 9, 19, 5, 7, 3, 14, 15, 0, 17, 6, 12]",3295,7.176548004150391
"[16, 1, 2, 10, 4, 11, 18, 13, 8, 9, 19, 5, 7, 3, 14, 15, 0, 17, 6, 12]",3295,"[16, 1, 2, 10, 4, 11, 18, 13, 8, 9, 19, 5, 7, 3, 14, 15, 0, 17, 6, 12]",3295,7.195350885391235
"[16, 1, 2, 10, 4, 11, 18, 13, 8, 9, 19, 5, 7, 3, 14, 15, 0, 17, 6, 12]",3295,"[16, 1, 2, 10, 4, 11, 18, 13, 8, 9, 19, 5, 7, 3, 14, 15, 0, 17, 6, 12]",3295,7.21410608291626
"[16, 1, 2, 10, 4, 11, 18, 13, 8, 9, 19, 5, 7, 3, 14, 15, 0, 17, 6, 12]",3295,"[16, 1, 2, 10, 4, 11, 18, 13, 8, 9, 19, 5, 7, 3, 14, 15, 0, 17, 6, 12]",3295,7.232648849487305
"[16, 1, 2, 10, 4, 11, 18, 13, 8, 9, 19, 5, 7, 3, 14, 15, 0, 17, 6, 12]",3295,"[16, 1, 2, 10, 4, 11, 18, 13, 8, 9, 19, 5, 7, 3, 14, 15, 0, 17, 6, 12]",3295,7.253127813339233
"[16, 1, 2, 10, 4, 11, 18, 13, 8, 9, 19, 5, 7, 3, 14, 15, 0, 17, 6, 12]",3295,"[16, 1, 2, 10, 4, 11, 18, 13, 8, 9, 19, 5, 7, 3, 14, 15, 0, 17, 6, 12]",3295,7.271065950393677
"[16, 1, 2, 10, 4, 11, 18, 13, 8, 9, 19, 5, 7, 3, 14, 15, 0, 17, 6, 12]",3295,"[16, 1, 2, 10, 4, 11, 18, 13, 8, 9, 19, 5, 7, 3, 14, 15, 0, 17, 6, 12]",3295,7.289258003234863
"[16, 1, 2, 10, 4, 11, 18, 13, 8, 9, 19, 5, 7, 3, 14, 15, 0, 17, 6, 12]",3295,"[16, 1, 2, 10, 4, 11, 18, 13, 8, 9, 19, 5, 7, 3, 14, 15, 0, 17, 6, 12]",3295,7.308697938919067
"[16, 1, 2, 10, 4, 11, 18, 13, 8, 9, 19, 5, 7, 3, 14, 15, 0, 17, 6, 12]",3295,"[16, 1, 2, 10, 4, 11, 18, 13, 8, 9, 19, 5, 7, 3, 14, 15, 0, 17, 6, 12]",3295,7.328234910964966
"[16, 1, 2, 10, 4, 11, 18, 13, 8, 9, 19, 5, 7, 3, 14, 15, 0, 17, 6, 12]",3295,"[16, 1, 2, 10, 4, 11, 18, 13, 8, 9, 19, 5, 7, 3, 14, 15, 0, 17, 6, 12]",3295,7.346338987350464
"[16, 1, 2, 10, 4, 11, 18, 13, 8, 9, 19, 5, 7, 3, 14, 15, 0, 17, 6, 12]",3295,"[16, 1, 2, 10, 4, 11, 18, 13, 8, 9, 19, 5, 7, 3, 14, 15, 0, 17, 6, 12]",3295,7.365195035934448
"[16, 1, 2, 10, 4, 11, 18, 13, 8, 9, 19, 5, 7, 3, 14, 15, 0, 17, 6, 12]",3295,"[16, 1, 2, 10, 4, 11, 18, 13, 8, 9, 19, 5, 7, 3, 14, 15, 0, 17, 6, 12]",3295,7.384008884429932
"[16, 1, 2, 10, 4, 11, 18, 13, 8, 9, 19, 5, 7, 3, 14, 15, 0, 17, 6, 12]",3295,"[16, 1, 2, 10, 4, 11, 18, 13, 8, 9, 19, 5, 7, 3, 14, 15, 0, 17, 6, 12]",3295,7.4027650356292725
"[16, 1, 2, 10, 4, 11, 18, 13, 8, 9, 19, 5, 7, 3, 14, 15, 0, 17, 6, 12]",3295,"[16, 1, 2, 10, 4, 11, 18, 13, 8, 9, 19, 5, 7, 3, 14, 15, 0, 17, 6, 12]",3295,7.421372890472412
"[16, 1, 2, 10, 4, 11, 18, 13, 8, 9, 19, 5, 7, 3, 14, 15, 0, 17, 6, 12]",3295,"[16, 1, 2, 10, 4, 11, 18, 13, 8, 9, 19, 5, 7, 3, 14, 15, 0, 17, 6, 12]",3295,7.44011378288269
"[16, 1, 2, 10, 4, 11, 18, 13, 8, 9, 19, 5, 7, 3, 14, 15, 0, 17, 6, 12]",3295,"[16, 1, 2, 10, 4, 11, 18, 13, 8, 9, 19, 5, 7, 3, 14, 15, 0, 17, 6, 12]",3295,7.459078788757324
"[16, 1, 2, 10, 4, 11, 18, 13, 8, 9, 19, 5, 7, 3, 14, 15, 0, 17, 6, 12]",3295,"[16, 1, 2, 10, 4, 11, 18, 13, 8, 9, 19, 5, 7, 3, 14, 15, 0, 17, 6, 12]",3295,7.477880954742432
"[16, 1, 2, 10, 4, 11, 18, 13, 8, 9, 19, 5, 7, 3, 14, 15, 0, 17, 6, 12]",3295,"[16, 1, 2, 10, 4, 11, 18, 13, 8, 9, 19, 5, 7, 3, 14, 15, 0, 17, 6, 12]",3295,7.496700048446655
"[16, 1, 2, 10, 4, 11, 18, 13, 8, 9, 19, 5, 7, 3, 14, 15, 0, 17, 6, 12]",3295,"[16, 1, 2, 10, 4, 11, 18, 13, 8, 9, 19, 5, 7, 3, 14, 15, 0, 17, 6, 12]",3295,7.51541805267334
"[16, 1, 2, 10, 4, 11, 18, 13, 8, 9, 19, 5, 7, 3, 14, 15, 0, 17, 6, 12]",3295,"[16, 1, 2, 10, 4, 11, 18, 13, 8, 9, 19, 5, 7, 3, 14, 15, 0, 17, 6, 12]",3295,7.534639120101929
"[16, 1, 2, 10, 4, 11, 18, 13, 8, 9, 19, 5, 7, 3, 14, 15, 0, 17, 6, 12]",3295,"[16, 1, 2, 10, 4, 11, 18, 13, 8, 9, 19, 5, 7, 3, 14, 15, 0, 17, 6, 12]",3295,7.553437948226929
"[16, 1, 2, 10, 4, 11, 18, 13, 8, 9, 19, 5, 7, 3, 14, 15, 0, 17, 6, 12]",3295,"[16, 1, 2, 10, 4, 11, 18, 13, 8, 9, 19, 5, 7, 3, 14, 15, 0, 17, 6, 12]",3295,7.571231842041016
"[16, 1, 2, 10, 4, 11, 18, 13, 8, 9, 19, 5, 7, 3, 14, 15, 0, 17, 6, 12]",3295,"[16, 1, 2, 10, 4, 11, 18, 13, 8, 9, 19, 5, 7, 3, 14, 15, 0, 17, 6, 12]",3295,7.590462923049927
"[16, 1, 2, 10, 4, 11, 18, 13, 8, 9, 19, 5, 7, 3, 14, 15, 0, 17, 6, 12]",3295,"[16, 1, 2, 10, 4, 11, 18, 13, 8, 9, 19, 5, 7, 3, 14, 15, 0, 17, 6, 12]",3295,7.6093668937683105
"[16, 1, 2, 10, 4, 11, 18, 13, 8, 9, 19, 5, 7, 3, 14, 15, 0, 17, 6, 12]",3295,"[16, 1, 2, 10, 4, 11, 18, 13, 8, 9, 19, 5, 7, 3, 14, 15, 0, 17, 6, 12]",3295,7.627733945846558
"[16, 1, 2, 10, 4, 11, 18, 13, 8, 9, 19, 5, 7, 3, 14, 15, 0, 17, 6, 12]",3295,"[16, 1, 2, 10, 4, 11, 18, 13, 8, 9, 19, 5, 7, 3, 14, 15, 0, 17, 6, 12]",3295,7.645845890045166
"[16, 1, 2, 10, 4, 11, 18, 13, 8, 9, 19, 5, 7, 3, 14, 15, 0, 17, 6, 12]",3295,"[16, 1, 2, 10, 4, 11, 18, 13, 8, 9, 19, 5, 7, 3, 14, 15, 0, 17, 6, 12]",3295,7.665041923522949
"[16, 1, 2, 10, 4, 11, 18, 13, 8, 9, 19, 5, 7, 3, 14, 15, 0, 17, 6, 12]",3295,"[16, 1, 2, 10, 4, 11, 18, 13, 8, 9, 19, 5, 7, 3, 14, 15, 0, 17, 6, 12]",3295,7.6834259033203125
"[16, 1, 2, 10, 4, 11, 18, 13, 8, 9, 19, 5, 7, 3, 14, 15, 0, 17, 6, 12]",3295,"[16, 1, 2, 10, 4, 11, 18, 13, 8, 9, 19, 5, 7, 3, 14, 15, 0, 17, 6, 12]",3295,7.70212984085083
