Sequence,Fitness,Best_sequence,Best_fitness,Time
"[12, 4, 18, 0, 9, 5, 3, 10, 1, 17, 7, 16, 14, 2, 11, 6, 19, 13, 15, 8]",1017.5,"[12, 4, 18, 0, 9, 5, 3, 10, 1, 17, 7, 16, 14, 2, 11, 6, 19, 13, 15, 8]",1017.5,0.0
"[12, 4, 18, 0, 9, 5, 3, 10, 1, 17, 7, 16, 14, 2, 11, 6, 19, 13, 15, 8]",1017.5,"[12, 4, 18, 0, 9, 5, 3, 10, 1, 17, 7, 16, 14, 2, 11, 6, 19, 13, 15, 8]",1017.5,0.061002254486083984
"[12, 4, 18, 0, 9, 10, 3, 5, 1, 17, 7, 16, 14, 2, 11, 6, 19, 13, 15, 8]",1005.5,"[12, 4, 18, 0, 9, 10, 3, 5, 1, 17, 7, 16, 14, 2, 11, 6, 19, 13, 15, 8]",1005.5,0.15003514289855957
"[12, 4, 18, 0, 9, 10, 3, 5, 1, 17, 7, 16, 14, 2, 11, 6, 19, 13, 15, 8]",1005.5,"[12, 4, 18, 0, 9, 10, 3, 5, 1, 17, 7, 16, 14, 2, 11, 6, 19, 13, 15, 8]",1005.5,0.21503758430480957
"[12, 4, 18, 0, 9, 10, 3, 5, 1, 17, 7, 16, 14, 2, 11, 6, 19, 13, 15, 8]",1005.5,"[12, 4, 18, 0, 9, 10, 3, 5, 1, 17, 7, 16, 14, 2, 11, 6, 19, 13, 15, 8]",1005.5,0.27703380584716797
"[12, 4, 18, 0, 9, 10, 3, 5, 1, 17, 7, 8, 14, 2, 11, 6, 19, 13, 15, 16]",946.5,"[12, 4, 18, 0, 9, 10, 3, 5, 1, 17, 7, 8, 14, 2, 11, 6, 19, 13, 15, 16]",946.5,0.33603692054748535
"[12, 4, 18, 0, 9, 10, 3, 5, 1, 17, 7, 8, 14, 2, 11, 6, 19, 13, 15, 16]",946.5,"[12, 4, 18, 0, 9, 10, 3, 5, 1, 17, 7, 8, 14, 2, 11, 6, 19, 13, 15, 16]",946.5,0.396038293838501
"[12, 4, 18, 0, 9, 10, 3, 5, 1, 17, 7, 8, 14, 2, 11, 6, 19, 13, 15, 16]",946.5,"[12, 4, 18, 0, 9, 10, 3, 5, 1, 17, 7, 8, 14, 2, 11, 6, 19, 13, 15, 16]",946.5,0.45703601837158203
"[12, 4, 18, 10, 9, 0, 3, 5, 1, 17, 7, 8, 14, 2, 11, 6, 19, 13, 15, 16]",940.0,"[12, 4, 18, 10, 9, 0, 3, 5, 1, 17, 7, 8, 14, 2, 11, 6, 19, 13, 15, 16]",940.0,0.5170395374298096
"[12, 4, 18, 10, 11, 0, 3, 5, 1, 17, 7, 8, 14, 2, 9, 6, 19, 13, 15, 16]",926.0,"[12, 4, 18, 10, 11, 0, 3, 5, 1, 17, 7, 8, 14, 2, 9, 6, 19, 13, 15, 16]",926.0,0.581080436706543
"[12, 4, 18, 10, 11, 0, 16, 5, 1, 17, 7, 8, 14, 2, 9, 6, 19, 13, 15, 3]",898.5,"[12, 4, 18, 10, 11, 0, 16, 5, 1, 17, 7, 8, 14, 2, 9, 6, 19, 13, 15, 3]",898.5,0.6440653800964355
"[12, 4, 18, 10, 11, 0, 16, 5, 1, 17, 7, 8, 14, 2, 9, 6, 19, 13, 15, 3]",898.5,"[12, 4, 18, 10, 11, 0, 16, 5, 1, 17, 7, 8, 14, 2, 9, 6, 19, 13, 15, 3]",898.5,0.70906662940979
"[12, 4, 18, 10, 11, 0, 16, 5, 1, 17, 7, 8, 9, 2, 14, 6, 19, 13, 15, 3]",889.5,"[12, 4, 18, 10, 11, 0, 16, 5, 1, 17, 7, 8, 9, 2, 14, 6, 19, 13, 15, 3]",889.5,0.7720677852630615
"[12, 4, 18, 10, 11, 0, 16, 5, 1, 17, 7, 8, 9, 2, 14, 6, 19, 13, 15, 3]",889.5,"[12, 4, 18, 10, 11, 0, 16, 5, 1, 17, 7, 8, 9, 2, 14, 6, 19, 13, 15, 3]",889.5,0.8380692005157471
"[12, 4, 18, 10, 11, 0, 16, 5, 1, 17, 7, 8, 9, 2, 14, 13, 19, 6, 15, 3]",843.5,"[12, 4, 18, 10, 11, 0, 16, 5, 1, 17, 7, 8, 9, 2, 14, 13, 19, 6, 15, 3]",843.5,0.9020719528198242
"[12, 4, 18, 10, 11, 0, 16, 5, 1, 17, 7, 8, 9, 2, 14, 13, 19, 6, 15, 3]",843.5,"[12, 4, 18, 10, 11, 0, 16, 5, 1, 17, 7, 8, 9, 2, 14, 13, 19, 6, 15, 3]",843.5,0.969078540802002
"[12, 4, 18, 10, 11, 0, 16, 5, 1, 17, 7, 8, 9, 2, 14, 13, 19, 6, 15, 3]",843.5,"[12, 4, 18, 10, 11, 0, 16, 5, 1, 17, 7, 8, 9, 2, 14, 13, 19, 6, 15, 3]",843.5,1.0340726375579834
"[12, 4, 18, 10, 11, 0, 16, 5, 1, 17, 7, 8, 9, 2, 14, 13, 19, 6, 15, 3]",843.5,"[12, 4, 18, 10, 11, 0, 16, 5, 1, 17, 7, 8, 9, 2, 14, 13, 19, 6, 15, 3]",843.5,1.0991854667663574
"[12, 4, 18, 10, 11, 0, 16, 5, 1, 17, 7, 8, 9, 2, 14, 13, 19, 6, 15, 3]",843.5,"[12, 4, 18, 10, 11, 0, 16, 5, 1, 17, 7, 8, 9, 2, 14, 13, 19, 6, 15, 3]",843.5,1.1661875247955322
"[12, 4, 18, 10, 11, 0, 16, 5, 1, 17, 7, 8, 9, 2, 14, 13, 19, 6, 15, 3]",843.5,"[12, 4, 18, 10, 11, 0, 16, 5, 1, 17, 7, 8, 9, 2, 14, 13, 19, 6, 15, 3]",843.5,1.2311856746673584
"[12, 4, 18, 10, 11, 0, 16, 5, 1, 17, 7, 8, 9, 2, 14, 13, 19, 6, 15, 3]",843.5,"[12, 4, 18, 10, 11, 0, 16, 5, 1, 17, 7, 8, 9, 2, 14, 13, 19, 6, 15, 3]",843.5,1.3001840114593506
"[12, 4, 18, 10, 11, 0, 16, 5, 1, 17, 7, 8, 9, 2, 14, 13, 19, 6, 15, 3]",843.5,"[12, 4, 18, 10, 11, 0, 16, 5, 1, 17, 7, 8, 9, 2, 14, 13, 19, 6, 15, 3]",843.5,1.3651859760284424
"[8, 4, 18, 10, 11, 0, 16, 5, 1, 17, 7, 12, 9, 2, 14, 13, 19, 6, 15, 3]",831.5,"[8, 4, 18, 10, 11, 0, 16, 5, 1, 17, 7, 12, 9, 2, 14, 13, 19, 6, 15, 3]",831.5,1.4311914443969727
"[8, 4, 18, 10, 11, 0, 16, 5, 1, 17, 7, 12, 9, 2, 14, 13, 19, 6, 15, 3]",831.5,"[8, 4, 18, 10, 11, 0, 16, 5, 1, 17, 7, 12, 9, 2, 14, 13, 19, 6, 15, 3]",831.5,1.5052096843719482
"[8, 4, 18, 10, 11, 0, 16, 5, 1, 17, 7, 12, 9, 2, 14, 13, 19, 6, 15, 3]",831.5,"[8, 4, 18, 10, 11, 0, 16, 5, 1, 17, 7, 12, 9, 2, 14, 13, 19, 6, 15, 3]",831.5,1.5743811130523682
"[8, 4, 18, 10, 11, 0, 16, 5, 1, 17, 7, 12, 9, 2, 14, 13, 19, 6, 15, 3]",831.5,"[8, 4, 18, 10, 11, 0, 16, 5, 1, 17, 7, 12, 9, 2, 14, 13, 19, 6, 15, 3]",831.5,1.641418218612671
"[8, 4, 18, 10, 11, 0, 16, 5, 1, 17, 7, 12, 9, 2, 14, 13, 19, 6, 15, 3]",831.5,"[8, 4, 18, 10, 11, 0, 16, 5, 1, 17, 7, 12, 9, 2, 14, 13, 19, 6, 15, 3]",831.5,1.7063887119293213
"[8, 4, 18, 10, 11, 0, 16, 5, 1, 17, 7, 12, 9, 2, 14, 13, 19, 6, 15, 3]",831.5,"[8, 4, 18, 10, 11, 0, 16, 5, 1, 17, 7, 12, 9, 2, 14, 13, 19, 6, 15, 3]",831.5,1.7713792324066162
"[8, 4, 18, 10, 11, 0, 16, 5, 1, 17, 7, 12, 9, 2, 14, 13, 19, 6, 15, 3]",831.5,"[8, 4, 18, 10, 11, 0, 16, 5, 1, 17, 7, 12, 9, 2, 14, 13, 19, 6, 15, 3]",831.5,1.8343901634216309
"[8, 4, 18, 10, 11, 0, 16, 5, 1, 17, 7, 12, 9, 2, 14, 13, 19, 6, 15, 3]",831.5,"[8, 4, 18, 10, 11, 0, 16, 5, 1, 17, 7, 12, 9, 2, 14, 13, 19, 6, 15, 3]",831.5,1.898390769958496
"[8, 4, 18, 10, 11, 0, 16, 5, 1, 17, 7, 12, 9, 2, 14, 13, 19, 6, 15, 3]",831.5,"[8, 4, 18, 10, 11, 0, 16, 5, 1, 17, 7, 12, 9, 2, 14, 13, 19, 6, 15, 3]",831.5,1.9603888988494873
"[8, 4, 18, 10, 11, 0, 16, 5, 1, 17, 7, 12, 9, 2, 14, 13, 19, 6, 15, 3]",831.5,"[8, 4, 18, 10, 11, 0, 16, 5, 1, 17, 7, 12, 9, 2, 14, 13, 19, 6, 15, 3]",831.5,2.0303902626037598
"[8, 4, 18, 10, 11, 0, 16, 5, 1, 17, 7, 12, 9, 2, 14, 13, 19, 6, 15, 3]",831.5,"[8, 4, 18, 10, 11, 0, 16, 5, 1, 17, 7, 12, 9, 2, 14, 13, 19, 6, 15, 3]",831.5,2.0984466075897217
"[8, 4, 18, 10, 11, 0, 16, 5, 1, 17, 7, 12, 9, 2, 14, 13, 19, 6, 15, 3]",831.5,"[8, 4, 18, 10, 11, 0, 16, 5, 1, 17, 7, 12, 9, 2, 14, 13, 19, 6, 15, 3]",831.5,2.1644463539123535
"[8, 4, 18, 10, 11, 0, 16, 5, 1, 17, 7, 12, 9, 2, 14, 13, 19, 6, 15, 3]",831.5,"[8, 4, 18, 10, 11, 0, 16, 5, 1, 17, 7, 12, 9, 2, 14, 13, 19, 6, 15, 3]",831.5,2.2304484844207764
"[8, 4, 18, 10, 11, 0, 16, 5, 1, 17, 7, 12, 9, 2, 14, 13, 19, 6, 15, 3]",831.5,"[8, 4, 18, 10, 11, 0, 16, 5, 1, 17, 7, 12, 9, 2, 14, 13, 19, 6, 15, 3]",831.5,2.299471139907837
"[8, 4, 18, 10, 11, 0, 16, 5, 1, 17, 7, 12, 9, 2, 14, 13, 19, 6, 15, 3]",831.5,"[8, 4, 18, 10, 11, 0, 16, 5, 1, 17, 7, 12, 9, 2, 14, 13, 19, 6, 15, 3]",831.5,2.364468812942505
"[8, 4, 18, 10, 11, 0, 16, 5, 1, 17, 7, 12, 9, 2, 14, 13, 19, 6, 15, 3]",831.5,"[8, 4, 18, 10, 11, 0, 16, 5, 1, 17, 7, 12, 9, 2, 14, 13, 19, 6, 15, 3]",831.5,2.4314627647399902
"[8, 4, 18, 10, 11, 0, 16, 5, 1, 17, 7, 12, 9, 2, 14, 13, 19, 6, 15, 3]",831.5,"[8, 4, 18, 10, 11, 0, 16, 5, 1, 17, 7, 12, 9, 2, 14, 13, 19, 6, 15, 3]",831.5,2.49845290184021
"[8, 4, 18, 10, 11, 0, 16, 5, 1, 17, 7, 12, 9, 2, 14, 13, 19, 6, 15, 3]",831.5,"[8, 4, 18, 10, 11, 0, 16, 5, 1, 17, 7, 12, 9, 2, 14, 13, 19, 6, 15, 3]",831.5,2.5634653568267822
"[8, 4, 18, 10, 11, 0, 16, 5, 1, 17, 7, 12, 9, 2, 14, 13, 19, 6, 15, 3]",831.5,"[8, 4, 18, 10, 11, 0, 16, 5, 1, 17, 7, 12, 9, 2, 14, 13, 19, 6, 15, 3]",831.5,2.627490282058716
"[8, 4, 18, 10, 11, 0, 16, 5, 1, 17, 7, 12, 9, 2, 14, 13, 19, 6, 15, 3]",831.5,"[8, 4, 18, 10, 11, 0, 16, 5, 1, 17, 7, 12, 9, 2, 14, 13, 19, 6, 15, 3]",831.5,2.6934797763824463
"[8, 4, 18, 10, 11, 0, 16, 5, 1, 17, 7, 12, 9, 2, 14, 13, 19, 6, 15, 3]",831.5,"[8, 4, 18, 10, 11, 0, 16, 5, 1, 17, 7, 12, 9, 2, 14, 13, 19, 6, 15, 3]",831.5,2.7604782581329346
"[8, 4, 18, 10, 11, 0, 16, 5, 1, 17, 7, 12, 9, 2, 14, 13, 19, 6, 15, 3]",831.5,"[8, 4, 18, 10, 11, 0, 16, 5, 1, 17, 7, 12, 9, 2, 14, 13, 19, 6, 15, 3]",831.5,2.8254764080047607
"[8, 4, 18, 10, 11, 0, 16, 5, 1, 17, 7, 12, 9, 2, 14, 13, 19, 6, 15, 3]",831.5,"[8, 4, 18, 10, 11, 0, 16, 5, 1, 17, 7, 12, 9, 2, 14, 13, 19, 6, 15, 3]",831.5,2.8904802799224854
"[8, 4, 18, 10, 11, 0, 16, 5, 1, 17, 7, 12, 9, 2, 14, 13, 19, 6, 15, 3]",831.5,"[8, 4, 18, 10, 11, 0, 16, 5, 1, 17, 7, 12, 9, 2, 14, 13, 19, 6, 15, 3]",831.5,2.9554858207702637
"[8, 4, 18, 10, 11, 0, 16, 5, 1, 17, 7, 12, 9, 2, 14, 13, 19, 6, 15, 3]",831.5,"[8, 4, 18, 10, 11, 0, 16, 5, 1, 17, 7, 12, 9, 2, 14, 13, 19, 6, 15, 3]",831.5,3.02248215675354
"[8, 4, 18, 10, 11, 0, 16, 5, 1, 17, 7, 12, 9, 2, 14, 13, 19, 6, 15, 3]",831.5,"[8, 4, 18, 10, 11, 0, 16, 5, 1, 17, 7, 12, 9, 2, 14, 13, 19, 6, 15, 3]",831.5,3.085501194000244
"[8, 4, 18, 10, 11, 0, 16, 5, 1, 17, 7, 12, 9, 2, 14, 13, 19, 6, 15, 3]",831.5,"[8, 4, 18, 10, 11, 0, 16, 5, 1, 17, 7, 12, 9, 2, 14, 13, 19, 6, 15, 3]",831.5,3.14750599861145
"[8, 4, 18, 10, 11, 0, 16, 5, 1, 17, 7, 12, 9, 2, 14, 13, 19, 6, 15, 3]",831.5,"[8, 4, 18, 10, 11, 0, 16, 5, 1, 17, 7, 12, 9, 2, 14, 13, 19, 6, 15, 3]",831.5,3.214506149291992
"[8, 4, 18, 10, 11, 0, 16, 5, 1, 17, 7, 12, 9, 2, 14, 13, 19, 6, 15, 3]",831.5,"[8, 4, 18, 10, 11, 0, 16, 5, 1, 17, 7, 12, 9, 2, 14, 13, 19, 6, 15, 3]",831.5,3.2825074195861816
"[8, 4, 18, 10, 11, 0, 16, 5, 1, 17, 7, 12, 9, 2, 14, 13, 19, 6, 15, 3]",831.5,"[8, 4, 18, 10, 11, 0, 16, 5, 1, 17, 7, 12, 9, 2, 14, 13, 19, 6, 15, 3]",831.5,3.34950852394104
"[8, 4, 18, 10, 11, 0, 16, 5, 1, 17, 7, 12, 9, 2, 14, 13, 19, 6, 15, 3]",831.5,"[8, 4, 18, 10, 11, 0, 16, 5, 1, 17, 7, 12, 9, 2, 14, 13, 19, 6, 15, 3]",831.5,3.4135124683380127
"[8, 4, 18, 10, 11, 0, 16, 5, 1, 17, 7, 12, 9, 2, 14, 13, 19, 6, 15, 3]",831.5,"[8, 4, 18, 10, 11, 0, 16, 5, 1, 17, 7, 12, 9, 2, 14, 13, 19, 6, 15, 3]",831.5,3.479513645172119
"[8, 4, 18, 10, 11, 0, 16, 5, 1, 17, 7, 12, 9, 2, 14, 13, 19, 6, 15, 3]",831.5,"[8, 4, 18, 10, 11, 0, 16, 5, 1, 17, 7, 12, 9, 2, 14, 13, 19, 6, 15, 3]",831.5,3.5445125102996826
"[8, 4, 18, 10, 11, 0, 16, 5, 1, 17, 7, 12, 9, 2, 14, 13, 19, 6, 15, 3]",831.5,"[8, 4, 18, 10, 11, 0, 16, 5, 1, 17, 7, 12, 9, 2, 14, 13, 19, 6, 15, 3]",831.5,3.6125411987304688
"[8, 4, 18, 10, 11, 0, 16, 5, 1, 17, 7, 12, 9, 2, 14, 13, 19, 6, 15, 3]",831.5,"[8, 4, 18, 10, 11, 0, 16, 5, 1, 17, 7, 12, 9, 2, 14, 13, 19, 6, 15, 3]",831.5,3.6805386543273926
"[8, 4, 18, 10, 11, 0, 16, 5, 1, 17, 7, 12, 9, 2, 14, 13, 19, 6, 15, 3]",831.5,"[8, 4, 18, 10, 11, 0, 16, 5, 1, 17, 7, 12, 9, 2, 14, 13, 19, 6, 15, 3]",831.5,3.7485411167144775
"[8, 4, 18, 10, 11, 0, 16, 5, 1, 17, 7, 12, 9, 2, 14, 13, 19, 6, 15, 3]",831.5,"[8, 4, 18, 10, 11, 0, 16, 5, 1, 17, 7, 12, 9, 2, 14, 13, 19, 6, 15, 3]",831.5,3.8136038780212402
"[8, 4, 18, 10, 11, 0, 16, 5, 1, 17, 7, 12, 9, 2, 14, 13, 19, 6, 15, 3]",831.5,"[8, 4, 18, 10, 11, 0, 16, 5, 1, 17, 7, 12, 9, 2, 14, 13, 19, 6, 15, 3]",831.5,3.875542640686035
"[8, 4, 18, 10, 11, 0, 16, 5, 1, 17, 7, 12, 9, 2, 14, 13, 19, 6, 15, 3]",831.5,"[8, 4, 18, 10, 11, 0, 16, 5, 1, 17, 7, 12, 9, 2, 14, 13, 19, 6, 15, 3]",831.5,3.940542221069336
"[8, 4, 18, 10, 11, 0, 16, 5, 1, 17, 7, 12, 9, 2, 14, 13, 19, 6, 15, 3]",831.5,"[8, 4, 18, 10, 11, 0, 16, 5, 1, 17, 7, 12, 9, 2, 14, 13, 19, 6, 15, 3]",831.5,4.002539157867432
"[8, 4, 18, 10, 11, 0, 16, 5, 1, 17, 7, 12, 9, 2, 14, 13, 19, 6, 15, 3]",831.5,"[8, 4, 18, 10, 11, 0, 16, 5, 1, 17, 7, 12, 9, 2, 14, 13, 19, 6, 15, 3]",831.5,4.068541526794434
"[8, 4, 18, 10, 11, 0, 16, 5, 1, 17, 7, 12, 9, 2, 14, 13, 19, 6, 15, 3]",831.5,"[8, 4, 18, 10, 11, 0, 16, 5, 1, 17, 7, 12, 9, 2, 14, 13, 19, 6, 15, 3]",831.5,4.133544206619263
"[8, 4, 18, 10, 11, 0, 16, 5, 1, 17, 7, 12, 9, 2, 14, 13, 19, 6, 15, 3]",831.5,"[8, 4, 18, 10, 11, 0, 16, 5, 1, 17, 7, 12, 9, 2, 14, 13, 19, 6, 15, 3]",831.5,4.199541330337524
"[8, 4, 18, 10, 11, 0, 16, 5, 1, 17, 7, 12, 9, 2, 14, 13, 19, 6, 15, 3]",831.5,"[8, 4, 18, 10, 11, 0, 16, 5, 1, 17, 7, 12, 9, 2, 14, 13, 19, 6, 15, 3]",831.5,4.26555323600769
"[8, 4, 18, 10, 11, 0, 16, 5, 1, 17, 7, 12, 9, 2, 14, 13, 19, 6, 15, 3]",831.5,"[8, 4, 18, 10, 11, 0, 16, 5, 1, 17, 7, 12, 9, 2, 14, 13, 19, 6, 15, 3]",831.5,4.329542636871338
"[8, 4, 18, 10, 11, 0, 16, 5, 1, 17, 7, 12, 9, 2, 14, 13, 19, 6, 15, 3]",831.5,"[8, 4, 18, 10, 11, 0, 16, 5, 1, 17, 7, 12, 9, 2, 14, 13, 19, 6, 15, 3]",831.5,4.395543575286865
"[8, 4, 18, 10, 11, 0, 16, 5, 1, 17, 7, 12, 9, 2, 14, 13, 19, 6, 15, 3]",831.5,"[8, 4, 18, 10, 11, 0, 16, 5, 1, 17, 7, 12, 9, 2, 14, 13, 19, 6, 15, 3]",831.5,4.458554983139038
"[8, 4, 18, 10, 11, 0, 16, 5, 1, 17, 7, 12, 9, 2, 14, 13, 19, 6, 15, 3]",831.5,"[8, 4, 18, 10, 11, 0, 16, 5, 1, 17, 7, 12, 9, 2, 14, 13, 19, 6, 15, 3]",831.5,4.525546312332153
"[8, 4, 18, 10, 11, 0, 16, 5, 1, 17, 7, 12, 9, 2, 14, 13, 19, 6, 15, 3]",831.5,"[8, 4, 18, 10, 11, 0, 16, 5, 1, 17, 7, 12, 9, 2, 14, 13, 19, 6, 15, 3]",831.5,4.5925469398498535
"[8, 4, 18, 10, 11, 0, 16, 5, 1, 17, 7, 12, 9, 2, 14, 13, 19, 6, 15, 3]",831.5,"[8, 4, 18, 10, 11, 0, 16, 5, 1, 17, 7, 12, 9, 2, 14, 13, 19, 6, 15, 3]",831.5,4.65954852104187
"[8, 4, 18, 10, 11, 0, 16, 5, 1, 17, 7, 12, 9, 2, 14, 13, 19, 6, 15, 3]",831.5,"[8, 4, 18, 10, 11, 0, 16, 5, 1, 17, 7, 12, 9, 2, 14, 13, 19, 6, 15, 3]",831.5,4.728564262390137
"[8, 4, 18, 10, 11, 0, 16, 5, 1, 17, 7, 12, 9, 2, 14, 13, 19, 6, 15, 3]",831.5,"[8, 4, 18, 10, 11, 0, 16, 5, 1, 17, 7, 12, 9, 2, 14, 13, 19, 6, 15, 3]",831.5,4.795547962188721
"[8, 4, 18, 10, 11, 0, 16, 5, 1, 17, 7, 12, 9, 2, 14, 13, 19, 6, 15, 3]",831.5,"[8, 4, 18, 10, 11, 0, 16, 5, 1, 17, 7, 12, 9, 2, 14, 13, 19, 6, 15, 3]",831.5,4.858591556549072
"[8, 4, 18, 10, 11, 0, 16, 5, 1, 17, 7, 12, 9, 2, 14, 13, 19, 6, 15, 3]",831.5,"[8, 4, 18, 10, 11, 0, 16, 5, 1, 17, 7, 12, 9, 2, 14, 13, 19, 6, 15, 3]",831.5,4.92255711555481
"[8, 4, 18, 10, 11, 0, 16, 5, 1, 17, 7, 12, 9, 2, 14, 13, 19, 6, 15, 3]",831.5,"[8, 4, 18, 10, 11, 0, 16, 5, 1, 17, 7, 12, 9, 2, 14, 13, 19, 6, 15, 3]",831.5,4.986546039581299
"[8, 4, 18, 10, 11, 0, 16, 5, 1, 17, 7, 12, 9, 2, 14, 13, 19, 6, 15, 3]",831.5,"[8, 4, 18, 10, 11, 0, 16, 5, 1, 17, 7, 12, 9, 2, 14, 13, 19, 6, 15, 3]",831.5,5.0555503368377686
"[8, 4, 18, 10, 11, 0, 16, 5, 1, 17, 7, 12, 9, 2, 14, 13, 19, 6, 15, 3]",831.5,"[8, 4, 18, 10, 11, 0, 16, 5, 1, 17, 7, 12, 9, 2, 14, 13, 19, 6, 15, 3]",831.5,5.1235809326171875
"[8, 4, 18, 10, 11, 0, 16, 5, 1, 17, 7, 12, 9, 2, 14, 13, 19, 6, 15, 3]",831.5,"[8, 4, 18, 10, 11, 0, 16, 5, 1, 17, 7, 12, 9, 2, 14, 13, 19, 6, 15, 3]",831.5,5.191581726074219
"[8, 4, 18, 13, 11, 0, 16, 5, 1, 17, 7, 12, 9, 2, 14, 10, 19, 6, 15, 3]",824.0,"[8, 4, 18, 13, 11, 0, 16, 5, 1, 17, 7, 12, 9, 2, 14, 10, 19, 6, 15, 3]",824.0,5.257580280303955
"[8, 4, 18, 13, 11, 0, 16, 5, 1, 17, 7, 12, 9, 2, 14, 10, 19, 6, 15, 3]",824.0,"[8, 4, 18, 13, 11, 0, 16, 5, 1, 17, 7, 12, 9, 2, 14, 10, 19, 6, 15, 3]",824.0,5.328580141067505
"[8, 4, 18, 13, 11, 0, 16, 5, 1, 17, 7, 12, 9, 2, 14, 10, 19, 6, 15, 3]",824.0,"[8, 4, 18, 13, 11, 0, 16, 5, 1, 17, 7, 12, 9, 2, 14, 10, 19, 6, 15, 3]",824.0,5.397586107254028
"[8, 4, 18, 13, 11, 0, 16, 5, 1, 17, 7, 12, 9, 2, 14, 10, 19, 6, 15, 3]",824.0,"[8, 4, 18, 13, 11, 0, 16, 5, 1, 17, 7, 12, 9, 2, 14, 10, 19, 6, 15, 3]",824.0,5.462584018707275
"[8, 4, 18, 13, 11, 0, 16, 5, 1, 17, 7, 12, 9, 2, 14, 10, 19, 6, 15, 3]",824.0,"[8, 4, 18, 13, 11, 0, 16, 5, 1, 17, 7, 12, 9, 2, 14, 10, 19, 6, 15, 3]",824.0,5.529586553573608
"[8, 4, 18, 13, 11, 0, 16, 5, 1, 17, 7, 12, 9, 2, 14, 10, 19, 6, 15, 3]",824.0,"[8, 4, 18, 13, 11, 0, 16, 5, 1, 17, 7, 12, 9, 2, 14, 10, 19, 6, 15, 3]",824.0,5.600622892379761
"[8, 4, 18, 13, 11, 0, 16, 5, 1, 17, 7, 12, 9, 2, 14, 10, 19, 6, 15, 3]",824.0,"[8, 4, 18, 13, 11, 0, 16, 5, 1, 17, 7, 12, 9, 2, 14, 10, 19, 6, 15, 3]",824.0,5.66762375831604
"[8, 4, 18, 13, 11, 0, 16, 5, 1, 17, 7, 12, 9, 2, 14, 10, 19, 6, 15, 3]",824.0,"[8, 4, 18, 13, 11, 0, 16, 5, 1, 17, 7, 12, 9, 2, 14, 10, 19, 6, 15, 3]",824.0,5.735619306564331
"[8, 4, 18, 13, 11, 0, 16, 5, 1, 17, 7, 12, 9, 2, 14, 10, 19, 6, 15, 3]",824.0,"[8, 4, 18, 13, 11, 0, 16, 5, 1, 17, 7, 12, 9, 2, 14, 10, 19, 6, 15, 3]",824.0,5.806617736816406
"[8, 4, 18, 13, 11, 0, 16, 5, 1, 17, 7, 12, 9, 2, 14, 10, 19, 6, 15, 3]",824.0,"[8, 4, 18, 13, 11, 0, 16, 5, 1, 17, 7, 12, 9, 2, 14, 10, 19, 6, 15, 3]",824.0,5.873624324798584
"[8, 4, 18, 13, 11, 0, 16, 5, 1, 17, 7, 12, 9, 2, 14, 10, 19, 6, 15, 3]",824.0,"[8, 4, 18, 13, 11, 0, 16, 5, 1, 17, 7, 12, 9, 2, 14, 10, 19, 6, 15, 3]",824.0,5.9386186599731445
"[8, 4, 18, 13, 11, 0, 16, 5, 1, 17, 7, 12, 9, 2, 14, 10, 19, 6, 15, 3]",824.0,"[8, 4, 18, 13, 11, 0, 16, 5, 1, 17, 7, 12, 9, 2, 14, 10, 19, 6, 15, 3]",824.0,6.008674383163452
"[8, 4, 18, 13, 11, 0, 16, 5, 1, 17, 7, 12, 9, 2, 14, 10, 19, 6, 15, 3]",824.0,"[8, 4, 18, 13, 11, 0, 16, 5, 1, 17, 7, 12, 9, 2, 14, 10, 19, 6, 15, 3]",824.0,6.079643726348877
"[8, 4, 18, 13, 11, 0, 16, 5, 1, 17, 7, 12, 9, 2, 14, 10, 19, 6, 15, 3]",824.0,"[8, 4, 18, 13, 11, 0, 16, 5, 1, 17, 7, 12, 9, 2, 14, 10, 19, 6, 15, 3]",824.0,6.149646759033203
"[8, 4, 18, 13, 11, 0, 16, 5, 1, 17, 7, 12, 9, 2, 14, 10, 19, 6, 15, 3]",824.0,"[8, 4, 18, 13, 11, 0, 16, 5, 1, 17, 7, 12, 9, 2, 14, 10, 19, 6, 15, 3]",824.0,6.218645095825195
"[8, 4, 18, 13, 11, 0, 16, 5, 1, 17, 7, 12, 9, 2, 14, 10, 19, 6, 15, 3]",824.0,"[8, 4, 18, 13, 11, 0, 16, 5, 1, 17, 7, 12, 9, 2, 14, 10, 19, 6, 15, 3]",824.0,6.2876505851745605
"[8, 4, 18, 13, 11, 0, 16, 5, 1, 17, 7, 12, 9, 2, 14, 10, 19, 6, 15, 3]",824.0,"[8, 4, 18, 13, 11, 0, 16, 5, 1, 17, 7, 12, 9, 2, 14, 10, 19, 6, 15, 3]",824.0,6.358649492263794
"[8, 4, 18, 13, 11, 0, 16, 5, 1, 17, 7, 12, 9, 2, 14, 10, 19, 6, 15, 3]",824.0,"[8, 4, 18, 13, 11, 0, 16, 5, 1, 17, 7, 12, 9, 2, 14, 10, 19, 6, 15, 3]",824.0,6.427649259567261
"[8, 4, 18, 13, 11, 0, 16, 5, 1, 17, 7, 12, 9, 2, 14, 10, 19, 6, 15, 3]",824.0,"[8, 4, 18, 13, 11, 0, 16, 5, 1, 17, 7, 12, 9, 2, 14, 10, 19, 6, 15, 3]",824.0,6.49364709854126
"[8, 4, 18, 13, 11, 0, 16, 5, 1, 17, 7, 12, 9, 2, 14, 10, 19, 6, 15, 3]",824.0,"[8, 4, 18, 13, 11, 0, 16, 5, 1, 17, 7, 12, 9, 2, 14, 10, 19, 6, 15, 3]",824.0,6.560649394989014
"[8, 4, 18, 13, 11, 0, 16, 5, 1, 17, 7, 12, 9, 2, 14, 10, 19, 6, 15, 3]",824.0,"[8, 4, 18, 13, 11, 0, 16, 5, 1, 17, 7, 12, 9, 2, 14, 10, 19, 6, 15, 3]",824.0,6.628683805465698
"[8, 4, 18, 13, 11, 0, 16, 5, 1, 17, 7, 12, 9, 2, 14, 10, 19, 6, 15, 3]",824.0,"[8, 4, 18, 13, 11, 0, 16, 5, 1, 17, 7, 12, 9, 2, 14, 10, 19, 6, 15, 3]",824.0,6.696684837341309
"[8, 4, 18, 13, 11, 0, 16, 5, 1, 17, 7, 12, 9, 2, 14, 10, 19, 6, 15, 3]",824.0,"[8, 4, 18, 13, 11, 0, 16, 5, 1, 17, 7, 12, 9, 2, 14, 10, 19, 6, 15, 3]",824.0,6.765684604644775
"[8, 4, 18, 13, 11, 0, 16, 5, 1, 17, 7, 12, 9, 2, 14, 10, 19, 6, 15, 3]",824.0,"[8, 4, 18, 13, 11, 0, 16, 5, 1, 17, 7, 12, 9, 2, 14, 10, 19, 6, 15, 3]",824.0,6.829686641693115
"[8, 4, 18, 13, 11, 0, 16, 5, 1, 17, 7, 12, 9, 2, 14, 10, 19, 6, 15, 3]",824.0,"[8, 4, 18, 13, 11, 0, 16, 5, 1, 17, 7, 12, 9, 2, 14, 10, 19, 6, 15, 3]",824.0,6.894686222076416
"[8, 4, 18, 13, 11, 0, 16, 5, 1, 17, 7, 12, 9, 2, 14, 10, 19, 6, 15, 3]",824.0,"[8, 4, 18, 13, 11, 0, 16, 5, 1, 17, 7, 12, 9, 2, 14, 10, 19, 6, 15, 3]",824.0,6.961688041687012
"[8, 4, 18, 13, 11, 0, 16, 5, 1, 17, 7, 12, 9, 2, 14, 10, 19, 6, 15, 3]",824.0,"[8, 4, 18, 13, 11, 0, 16, 5, 1, 17, 7, 12, 9, 2, 14, 10, 19, 6, 15, 3]",824.0,7.0276899337768555
"[8, 4, 18, 13, 11, 0, 16, 5, 1, 17, 7, 12, 9, 2, 14, 10, 19, 6, 15, 3]",824.0,"[8, 4, 18, 13, 11, 0, 16, 5, 1, 17, 7, 12, 9, 2, 14, 10, 19, 6, 15, 3]",824.0,7.097724437713623
"[8, 4, 18, 13, 11, 0, 16, 5, 1, 17, 7, 12, 9, 2, 14, 10, 19, 6, 15, 3]",824.0,"[8, 4, 18, 13, 11, 0, 16, 5, 1, 17, 7, 12, 9, 2, 14, 10, 19, 6, 15, 3]",824.0,7.1617279052734375
"[8, 4, 18, 13, 11, 0, 16, 5, 1, 17, 7, 12, 9, 2, 14, 10, 19, 6, 15, 3]",824.0,"[8, 4, 18, 13, 11, 0, 16, 5, 1, 17, 7, 12, 9, 2, 14, 10, 19, 6, 15, 3]",824.0,7.229732513427734
"[8, 4, 18, 13, 11, 0, 16, 5, 1, 17, 7, 12, 9, 2, 14, 10, 19, 6, 15, 3]",824.0,"[8, 4, 18, 13, 11, 0, 16, 5, 1, 17, 7, 12, 9, 2, 14, 10, 19, 6, 15, 3]",824.0,7.296721458435059
"[8, 4, 18, 13, 11, 0, 16, 5, 1, 17, 7, 12, 9, 2, 14, 10, 19, 6, 15, 3]",824.0,"[8, 4, 18, 13, 11, 0, 16, 5, 1, 17, 7, 12, 9, 2, 14, 10, 19, 6, 15, 3]",824.0,7.364730358123779
"[8, 4, 18, 13, 11, 0, 16, 5, 1, 17, 7, 12, 9, 2, 14, 10, 19, 6, 15, 3]",824.0,"[8, 4, 18, 13, 11, 0, 16, 5, 1, 17, 7, 12, 9, 2, 14, 10, 19, 6, 15, 3]",824.0,7.433727264404297
"[8, 4, 18, 13, 11, 0, 16, 5, 1, 17, 7, 12, 9, 2, 14, 10, 19, 6, 15, 3]",824.0,"[8, 4, 18, 13, 11, 0, 16, 5, 1, 17, 7, 12, 9, 2, 14, 10, 19, 6, 15, 3]",824.0,7.4997642040252686
"[8, 4, 18, 13, 11, 0, 16, 5, 1, 17, 7, 12, 9, 2, 14, 10, 19, 6, 15, 3]",824.0,"[8, 4, 18, 13, 11, 0, 16, 5, 1, 17, 7, 12, 9, 2, 14, 10, 19, 6, 15, 3]",824.0,7.566754102706909
"[8, 4, 18, 13, 11, 0, 16, 5, 1, 17, 7, 12, 9, 2, 14, 10, 19, 6, 15, 3]",824.0,"[8, 4, 18, 13, 11, 0, 16, 5, 1, 17, 7, 12, 9, 2, 14, 10, 19, 6, 15, 3]",824.0,7.634755611419678
"[8, 4, 18, 13, 11, 0, 16, 5, 1, 17, 7, 12, 9, 2, 14, 10, 19, 6, 15, 3]",824.0,"[8, 4, 18, 13, 11, 0, 16, 5, 1, 17, 7, 12, 9, 2, 14, 10, 19, 6, 15, 3]",824.0,7.703758001327515
"[8, 4, 18, 13, 11, 0, 16, 5, 1, 17, 7, 12, 9, 2, 14, 10, 19, 6, 15, 3]",824.0,"[8, 4, 18, 13, 11, 0, 16, 5, 1, 17, 7, 12, 9, 2, 14, 10, 19, 6, 15, 3]",824.0,7.770771265029907
"[8, 4, 18, 13, 11, 0, 16, 5, 1, 17, 7, 12, 9, 2, 14, 10, 19, 6, 15, 3]",824.0,"[8, 4, 18, 13, 11, 0, 16, 5, 1, 17, 7, 12, 9, 2, 14, 10, 19, 6, 15, 3]",824.0,7.838754653930664
"[8, 4, 18, 13, 11, 0, 16, 5, 1, 17, 7, 12, 9, 2, 14, 10, 19, 6, 15, 3]",824.0,"[8, 4, 18, 13, 11, 0, 16, 5, 1, 17, 7, 12, 9, 2, 14, 10, 19, 6, 15, 3]",824.0,7.902759313583374
"[8, 4, 18, 13, 11, 0, 16, 5, 1, 17, 7, 12, 9, 2, 14, 10, 19, 6, 15, 3]",824.0,"[8, 4, 18, 13, 11, 0, 16, 5, 1, 17, 7, 12, 9, 2, 14, 10, 19, 6, 15, 3]",824.0,7.9697606563568115
"[8, 4, 18, 13, 11, 0, 16, 5, 1, 17, 7, 12, 9, 2, 14, 10, 19, 6, 15, 3]",824.0,"[8, 4, 18, 13, 11, 0, 16, 5, 1, 17, 7, 12, 9, 2, 14, 10, 19, 6, 15, 3]",824.0,8.035760164260864
"[8, 4, 18, 13, 11, 0, 16, 5, 1, 17, 7, 12, 9, 2, 14, 10, 19, 6, 15, 3]",824.0,"[8, 4, 18, 13, 11, 0, 16, 5, 1, 17, 7, 12, 9, 2, 14, 10, 19, 6, 15, 3]",824.0,8.127783060073853
"[8, 4, 18, 13, 11, 0, 16, 5, 1, 17, 7, 12, 9, 2, 14, 10, 19, 6, 15, 3]",824.0,"[8, 4, 18, 13, 11, 0, 16, 5, 1, 17, 7, 12, 9, 2, 14, 10, 19, 6, 15, 3]",824.0,8.193795204162598
"[8, 4, 18, 13, 11, 0, 16, 5, 1, 17, 7, 12, 9, 2, 14, 10, 19, 6, 15, 3]",824.0,"[8, 4, 18, 13, 11, 0, 16, 5, 1, 17, 7, 12, 9, 2, 14, 10, 19, 6, 15, 3]",824.0,8.262785196304321
"[8, 4, 18, 13, 11, 0, 16, 5, 1, 17, 7, 12, 9, 2, 14, 10, 19, 6, 15, 3]",824.0,"[8, 4, 18, 13, 11, 0, 16, 5, 1, 17, 7, 12, 9, 2, 14, 10, 19, 6, 15, 3]",824.0,8.329784631729126
"[8, 4, 18, 13, 11, 0, 16, 5, 1, 17, 7, 12, 9, 2, 14, 10, 19, 6, 15, 3]",824.0,"[8, 4, 18, 13, 11, 0, 16, 5, 1, 17, 7, 12, 9, 2, 14, 10, 19, 6, 15, 3]",824.0,8.395784854888916
"[8, 4, 18, 13, 11, 0, 16, 5, 1, 17, 7, 12, 9, 2, 14, 10, 19, 6, 15, 3]",824.0,"[8, 4, 18, 13, 11, 0, 16, 5, 1, 17, 7, 12, 9, 2, 14, 10, 19, 6, 15, 3]",824.0,8.463789939880371
"[8, 4, 18, 13, 11, 0, 16, 5, 1, 17, 7, 12, 9, 2, 14, 10, 19, 6, 15, 3]",824.0,"[8, 4, 18, 13, 11, 0, 16, 5, 1, 17, 7, 12, 9, 2, 14, 10, 19, 6, 15, 3]",824.0,8.527789831161499
"[8, 18, 4, 13, 11, 0, 16, 5, 1, 17, 7, 12, 9, 2, 14, 10, 19, 6, 15, 3]",822.5,"[8, 18, 4, 13, 11, 0, 16, 5, 1, 17, 7, 12, 9, 2, 14, 10, 19, 6, 15, 3]",822.5,8.590813159942627
"[8, 18, 4, 13, 11, 0, 16, 5, 1, 17, 7, 12, 9, 2, 14, 10, 19, 6, 15, 3]",822.5,"[8, 18, 4, 13, 11, 0, 16, 5, 1, 17, 7, 12, 9, 2, 14, 10, 19, 6, 15, 3]",822.5,8.653810739517212
"[8, 18, 4, 13, 11, 0, 16, 5, 1, 17, 7, 12, 9, 2, 14, 10, 19, 6, 15, 3]",822.5,"[8, 18, 4, 13, 11, 0, 16, 5, 1, 17, 7, 12, 9, 2, 14, 10, 19, 6, 15, 3]",822.5,8.718811511993408
"[8, 18, 4, 13, 11, 0, 16, 5, 1, 17, 7, 12, 9, 2, 14, 10, 19, 6, 15, 3]",822.5,"[8, 18, 4, 13, 11, 0, 16, 5, 1, 17, 7, 12, 9, 2, 14, 10, 19, 6, 15, 3]",822.5,8.78382420539856
"[8, 18, 4, 13, 11, 0, 16, 5, 1, 17, 7, 12, 9, 2, 14, 10, 19, 6, 15, 3]",822.5,"[8, 18, 4, 13, 11, 0, 16, 5, 1, 17, 7, 12, 9, 2, 14, 10, 19, 6, 15, 3]",822.5,8.847809314727783
"[8, 18, 4, 13, 11, 0, 16, 5, 1, 17, 7, 12, 9, 2, 14, 10, 19, 6, 15, 3]",822.5,"[8, 18, 4, 13, 11, 0, 16, 5, 1, 17, 7, 12, 9, 2, 14, 10, 19, 6, 15, 3]",822.5,8.91281247138977
"[8, 18, 4, 13, 11, 0, 16, 5, 1, 17, 7, 12, 9, 2, 14, 10, 19, 6, 15, 3]",822.5,"[8, 18, 4, 13, 11, 0, 16, 5, 1, 17, 7, 12, 9, 2, 14, 10, 19, 6, 15, 3]",822.5,8.98281216621399
"[8, 18, 4, 13, 11, 0, 16, 5, 1, 17, 7, 12, 9, 2, 14, 10, 19, 6, 15, 3]",822.5,"[8, 18, 4, 13, 11, 0, 16, 5, 1, 17, 7, 12, 9, 2, 14, 10, 19, 6, 15, 3]",822.5,9.0518159866333
"[8, 18, 4, 13, 11, 0, 16, 5, 1, 17, 7, 12, 9, 2, 14, 10, 19, 6, 15, 3]",822.5,"[8, 18, 4, 13, 11, 0, 16, 5, 1, 17, 7, 12, 9, 2, 14, 10, 19, 6, 15, 3]",822.5,9.121132612228394
"[8, 18, 4, 13, 11, 0, 16, 5, 1, 17, 7, 12, 9, 2, 14, 10, 19, 6, 15, 3]",822.5,"[8, 18, 4, 13, 11, 0, 16, 5, 1, 17, 7, 12, 9, 2, 14, 10, 19, 6, 15, 3]",822.5,9.19381594657898
"[8, 18, 4, 13, 11, 0, 16, 5, 1, 17, 7, 12, 9, 2, 14, 10, 19, 6, 15, 3]",822.5,"[8, 18, 4, 13, 11, 0, 16, 5, 1, 17, 7, 12, 9, 2, 14, 10, 19, 6, 15, 3]",822.5,9.260812520980835
"[8, 18, 4, 13, 11, 0, 16, 5, 1, 17, 7, 12, 9, 2, 14, 10, 19, 6, 15, 3]",822.5,"[8, 18, 4, 13, 11, 0, 16, 5, 1, 17, 7, 12, 9, 2, 14, 10, 19, 6, 15, 3]",822.5,9.327816009521484
"[8, 18, 4, 13, 11, 0, 16, 5, 1, 17, 7, 12, 9, 2, 14, 10, 19, 6, 15, 3]",822.5,"[8, 18, 4, 13, 11, 0, 16, 5, 1, 17, 7, 12, 9, 2, 14, 10, 19, 6, 15, 3]",822.5,9.397812843322754
"[8, 18, 4, 13, 11, 0, 16, 5, 1, 17, 7, 12, 9, 2, 14, 10, 19, 6, 15, 3]",822.5,"[8, 18, 4, 13, 11, 0, 16, 5, 1, 17, 7, 12, 9, 2, 14, 10, 19, 6, 15, 3]",822.5,9.461818933486938
"[8, 18, 4, 13, 11, 0, 16, 5, 1, 17, 7, 12, 9, 2, 14, 10, 19, 6, 15, 3]",822.5,"[8, 18, 4, 13, 11, 0, 16, 5, 1, 17, 7, 12, 9, 2, 14, 10, 19, 6, 15, 3]",822.5,9.52781629562378
"[8, 18, 4, 13, 11, 0, 16, 5, 1, 17, 7, 12, 9, 2, 14, 10, 19, 6, 15, 3]",822.5,"[8, 18, 4, 13, 11, 0, 16, 5, 1, 17, 7, 12, 9, 2, 14, 10, 19, 6, 15, 3]",822.5,9.594840049743652
"[8, 18, 4, 13, 11, 0, 16, 5, 1, 17, 7, 12, 9, 2, 14, 10, 19, 6, 15, 3]",822.5,"[8, 18, 4, 13, 11, 0, 16, 5, 1, 17, 7, 12, 9, 2, 14, 10, 19, 6, 15, 3]",822.5,9.660839796066284
"[8, 18, 4, 13, 11, 0, 16, 5, 1, 17, 7, 12, 9, 2, 14, 10, 19, 6, 15, 3]",822.5,"[8, 18, 4, 13, 11, 0, 16, 5, 1, 17, 7, 12, 9, 2, 14, 10, 19, 6, 15, 3]",822.5,9.72684907913208
"[8, 18, 4, 13, 11, 0, 16, 5, 1, 17, 7, 12, 9, 2, 14, 10, 19, 6, 15, 3]",822.5,"[8, 18, 4, 13, 11, 0, 16, 5, 1, 17, 7, 12, 9, 2, 14, 10, 19, 6, 15, 3]",822.5,9.793846607208252
"[8, 18, 4, 13, 11, 0, 16, 5, 1, 17, 7, 12, 9, 2, 14, 10, 19, 6, 15, 3]",822.5,"[8, 18, 4, 13, 11, 0, 16, 5, 1, 17, 7, 12, 9, 2, 14, 10, 19, 6, 15, 3]",822.5,9.856847524642944
"[8, 18, 4, 13, 11, 0, 16, 5, 1, 17, 7, 12, 9, 2, 14, 10, 19, 6, 15, 3]",822.5,"[8, 18, 4, 13, 11, 0, 16, 5, 1, 17, 7, 12, 9, 2, 14, 10, 19, 6, 15, 3]",822.5,9.917857646942139
"[8, 18, 4, 13, 11, 0, 16, 5, 1, 17, 7, 12, 9, 2, 14, 10, 19, 6, 15, 3]",822.5,"[8, 18, 4, 13, 11, 0, 16, 5, 1, 17, 7, 12, 9, 2, 14, 10, 19, 6, 15, 3]",822.5,9.990847826004028
"[8, 18, 4, 13, 11, 0, 16, 5, 10, 17, 7, 12, 9, 2, 14, 1, 19, 6, 15, 3]",816.5,"[8, 18, 4, 13, 11, 0, 16, 5, 10, 17, 7, 12, 9, 2, 14, 1, 19, 6, 15, 3]",816.5,10.057851076126099
"[8, 18, 4, 13, 11, 0, 16, 5, 10, 17, 7, 12, 9, 2, 14, 1, 19, 6, 15, 3]",816.5,"[8, 18, 4, 13, 11, 0, 16, 5, 10, 17, 7, 12, 9, 2, 14, 1, 19, 6, 15, 3]",816.5,10.123887538909912
"[8, 18, 4, 13, 11, 0, 16, 5, 10, 17, 7, 12, 9, 2, 14, 1, 19, 6, 15, 3]",816.5,"[8, 18, 4, 13, 11, 0, 16, 5, 10, 17, 7, 12, 9, 2, 14, 1, 19, 6, 15, 3]",816.5,10.189887762069702
"[8, 18, 4, 13, 11, 0, 16, 5, 10, 17, 7, 12, 9, 2, 14, 1, 19, 6, 15, 3]",816.5,"[8, 18, 4, 13, 11, 0, 16, 5, 10, 17, 7, 12, 9, 2, 14, 1, 19, 6, 15, 3]",816.5,10.255892992019653
"[8, 18, 4, 13, 11, 0, 16, 5, 10, 17, 7, 12, 9, 2, 14, 1, 19, 6, 15, 3]",816.5,"[8, 18, 4, 13, 11, 0, 16, 5, 10, 17, 7, 12, 9, 2, 14, 1, 19, 6, 15, 3]",816.5,10.320889949798584
"[8, 18, 4, 13, 11, 0, 16, 5, 10, 17, 7, 12, 9, 2, 14, 1, 19, 6, 15, 3]",816.5,"[8, 18, 4, 13, 11, 0, 16, 5, 10, 17, 7, 12, 9, 2, 14, 1, 19, 6, 15, 3]",816.5,10.384887218475342
"[8, 18, 4, 13, 11, 0, 16, 5, 10, 17, 7, 12, 9, 2, 14, 1, 19, 6, 15, 3]",816.5,"[8, 18, 4, 13, 11, 0, 16, 5, 10, 17, 7, 12, 9, 2, 14, 1, 19, 6, 15, 3]",816.5,10.44789171218872
"[8, 18, 4, 13, 11, 0, 16, 5, 10, 17, 7, 12, 9, 2, 14, 1, 19, 6, 15, 3]",816.5,"[8, 18, 4, 13, 11, 0, 16, 5, 10, 17, 7, 12, 9, 2, 14, 1, 19, 6, 15, 3]",816.5,10.516896486282349
"[8, 18, 4, 13, 11, 0, 16, 5, 10, 17, 7, 12, 9, 2, 14, 1, 19, 6, 15, 3]",816.5,"[8, 18, 4, 13, 11, 0, 16, 5, 10, 17, 7, 12, 9, 2, 14, 1, 19, 6, 15, 3]",816.5,10.581889867782593
"[8, 18, 4, 13, 11, 0, 16, 5, 10, 17, 7, 12, 9, 2, 14, 1, 19, 6, 15, 3]",816.5,"[8, 18, 4, 13, 11, 0, 16, 5, 10, 17, 7, 12, 9, 2, 14, 1, 19, 6, 15, 3]",816.5,10.646892070770264
"[8, 18, 4, 13, 11, 0, 16, 5, 10, 17, 7, 12, 9, 2, 14, 1, 19, 6, 15, 3]",816.5,"[8, 18, 4, 13, 11, 0, 16, 5, 10, 17, 7, 12, 9, 2, 14, 1, 19, 6, 15, 3]",816.5,10.712891578674316
"[8, 18, 4, 13, 11, 0, 16, 5, 10, 17, 7, 12, 9, 2, 14, 1, 19, 6, 15, 3]",816.5,"[8, 18, 4, 13, 11, 0, 16, 5, 10, 17, 7, 12, 9, 2, 14, 1, 19, 6, 15, 3]",816.5,10.779889583587646
"[8, 18, 4, 13, 11, 0, 16, 5, 10, 17, 7, 12, 9, 2, 14, 1, 19, 6, 15, 3]",816.5,"[8, 18, 4, 13, 11, 0, 16, 5, 10, 17, 7, 12, 9, 2, 14, 1, 19, 6, 15, 3]",816.5,10.843895435333252
"[8, 18, 4, 13, 11, 0, 16, 5, 10, 17, 7, 12, 9, 2, 14, 1, 19, 6, 15, 3]",816.5,"[8, 18, 4, 13, 11, 0, 16, 5, 10, 17, 7, 12, 9, 2, 14, 1, 19, 6, 15, 3]",816.5,10.909896850585938
"[8, 18, 4, 13, 11, 0, 16, 5, 10, 17, 7, 12, 9, 2, 14, 1, 19, 6, 15, 3]",816.5,"[8, 18, 4, 13, 11, 0, 16, 5, 10, 17, 7, 12, 9, 2, 14, 1, 19, 6, 15, 3]",816.5,10.973893165588379
"[8, 18, 4, 13, 11, 0, 16, 5, 10, 17, 7, 12, 9, 2, 14, 1, 19, 6, 15, 3]",816.5,"[8, 18, 4, 13, 11, 0, 16, 5, 10, 17, 7, 12, 9, 2, 14, 1, 19, 6, 15, 3]",816.5,11.038896799087524
"[8, 18, 4, 13, 11, 0, 16, 5, 10, 17, 7, 12, 9, 2, 14, 1, 19, 6, 15, 3]",816.5,"[8, 18, 4, 13, 11, 0, 16, 5, 10, 17, 7, 12, 9, 2, 14, 1, 19, 6, 15, 3]",816.5,11.104921340942383
"[8, 18, 4, 13, 11, 0, 16, 5, 10, 17, 7, 12, 9, 2, 14, 1, 19, 6, 15, 3]",816.5,"[8, 18, 4, 13, 11, 0, 16, 5, 10, 17, 7, 12, 9, 2, 14, 1, 19, 6, 15, 3]",816.5,11.168925046920776
"[8, 18, 4, 13, 11, 0, 16, 5, 10, 17, 7, 12, 9, 2, 14, 1, 19, 6, 15, 3]",816.5,"[8, 18, 4, 13, 11, 0, 16, 5, 10, 17, 7, 12, 9, 2, 14, 1, 19, 6, 15, 3]",816.5,11.23593258857727
"[8, 18, 4, 13, 11, 0, 16, 5, 10, 17, 7, 12, 9, 2, 14, 1, 19, 6, 15, 3]",816.5,"[8, 18, 4, 13, 11, 0, 16, 5, 10, 17, 7, 12, 9, 2, 14, 1, 19, 6, 15, 3]",816.5,11.30092477798462
"[8, 18, 4, 13, 11, 0, 16, 5, 10, 17, 7, 12, 9, 2, 14, 1, 19, 6, 15, 3]",816.5,"[8, 18, 4, 13, 11, 0, 16, 5, 10, 17, 7, 12, 9, 2, 14, 1, 19, 6, 15, 3]",816.5,11.364924430847168
"[8, 18, 4, 13, 11, 0, 16, 5, 10, 17, 7, 12, 9, 2, 14, 1, 19, 6, 15, 3]",816.5,"[8, 18, 4, 13, 11, 0, 16, 5, 10, 17, 7, 12, 9, 2, 14, 1, 19, 6, 15, 3]",816.5,11.428926706314087
"[8, 18, 4, 13, 11, 0, 16, 5, 10, 17, 7, 12, 9, 2, 14, 1, 19, 6, 15, 3]",816.5,"[8, 18, 4, 13, 11, 0, 16, 5, 10, 17, 7, 12, 9, 2, 14, 1, 19, 6, 15, 3]",816.5,11.492925882339478
"[8, 18, 4, 13, 11, 0, 16, 5, 10, 17, 7, 12, 9, 2, 14, 1, 19, 6, 15, 3]",816.5,"[8, 18, 4, 13, 11, 0, 16, 5, 10, 17, 7, 12, 9, 2, 14, 1, 19, 6, 15, 3]",816.5,11.555927038192749
"[8, 18, 4, 13, 11, 0, 16, 5, 10, 17, 7, 12, 9, 2, 14, 1, 19, 6, 15, 3]",816.5,"[8, 18, 4, 13, 11, 0, 16, 5, 10, 17, 7, 12, 9, 2, 14, 1, 19, 6, 15, 3]",816.5,11.618934869766235
"[8, 18, 4, 13, 11, 0, 16, 5, 10, 17, 7, 12, 9, 2, 14, 1, 19, 6, 15, 3]",816.5,"[8, 18, 4, 13, 11, 0, 16, 5, 10, 17, 7, 12, 9, 2, 14, 1, 19, 6, 15, 3]",816.5,11.6839280128479
"[8, 18, 4, 13, 11, 0, 16, 5, 10, 17, 7, 12, 9, 2, 14, 1, 19, 6, 15, 3]",816.5,"[8, 18, 4, 13, 11, 0, 16, 5, 10, 17, 7, 12, 9, 2, 14, 1, 19, 6, 15, 3]",816.5,11.750929594039917
"[8, 18, 4, 13, 11, 0, 16, 5, 10, 17, 7, 12, 9, 2, 14, 1, 19, 6, 15, 3]",816.5,"[8, 18, 4, 13, 11, 0, 16, 5, 10, 17, 7, 12, 9, 2, 14, 1, 19, 6, 15, 3]",816.5,11.81693434715271
"[8, 18, 4, 13, 11, 0, 16, 5, 10, 17, 7, 12, 9, 2, 14, 1, 19, 6, 15, 3]",816.5,"[8, 18, 4, 13, 11, 0, 16, 5, 10, 17, 7, 12, 9, 2, 14, 1, 19, 6, 15, 3]",816.5,11.880933284759521
"[8, 18, 4, 13, 11, 0, 16, 5, 10, 17, 7, 12, 9, 2, 14, 1, 19, 6, 15, 3]",816.5,"[8, 18, 4, 13, 11, 0, 16, 5, 10, 17, 7, 12, 9, 2, 14, 1, 19, 6, 15, 3]",816.5,11.948932886123657
"[8, 18, 4, 13, 11, 0, 16, 5, 10, 17, 7, 12, 9, 2, 14, 1, 19, 6, 15, 3]",816.5,"[8, 18, 4, 13, 11, 0, 16, 5, 10, 17, 7, 12, 9, 2, 14, 1, 19, 6, 15, 3]",816.5,12.015938758850098
"[8, 18, 4, 13, 11, 0, 16, 5, 10, 17, 7, 12, 9, 2, 14, 1, 19, 6, 15, 3]",816.5,"[8, 18, 4, 13, 11, 0, 16, 5, 10, 17, 7, 12, 9, 2, 14, 1, 19, 6, 15, 3]",816.5,12.080933094024658
"[8, 18, 4, 13, 11, 0, 16, 5, 10, 17, 7, 12, 9, 2, 14, 1, 19, 6, 15, 3]",816.5,"[8, 18, 4, 13, 11, 0, 16, 5, 10, 17, 7, 12, 9, 2, 14, 1, 19, 6, 15, 3]",816.5,12.149935245513916
"[8, 18, 4, 13, 11, 0, 16, 5, 10, 17, 7, 12, 9, 2, 14, 1, 19, 6, 15, 3]",816.5,"[8, 18, 4, 13, 11, 0, 16, 5, 10, 17, 7, 12, 9, 2, 14, 1, 19, 6, 15, 3]",816.5,12.214934587478638
"[8, 18, 4, 13, 11, 0, 16, 5, 10, 17, 7, 12, 9, 2, 14, 1, 19, 6, 15, 3]",816.5,"[8, 18, 4, 13, 11, 0, 16, 5, 10, 17, 7, 12, 9, 2, 14, 1, 19, 6, 15, 3]",816.5,12.280936002731323
"[8, 18, 4, 13, 11, 0, 16, 5, 10, 17, 7, 12, 9, 2, 14, 1, 19, 6, 15, 3]",816.5,"[8, 18, 4, 13, 11, 0, 16, 5, 10, 17, 7, 12, 9, 2, 14, 1, 19, 6, 15, 3]",816.5,12.35317063331604
"[8, 18, 4, 13, 11, 0, 16, 5, 10, 17, 7, 12, 9, 2, 14, 1, 19, 6, 15, 3]",816.5,"[8, 18, 4, 13, 11, 0, 16, 5, 10, 17, 7, 12, 9, 2, 14, 1, 19, 6, 15, 3]",816.5,12.4239342212677
"[8, 18, 4, 13, 11, 0, 16, 5, 10, 17, 7, 12, 9, 2, 14, 1, 19, 6, 15, 3]",816.5,"[8, 18, 4, 13, 11, 0, 16, 5, 10, 17, 7, 12, 9, 2, 14, 1, 19, 6, 15, 3]",816.5,12.499476432800293
"[8, 18, 4, 13, 11, 0, 16, 5, 10, 17, 7, 12, 9, 2, 14, 1, 19, 6, 15, 3]",816.5,"[8, 18, 4, 13, 11, 0, 16, 5, 10, 17, 7, 12, 9, 2, 14, 1, 19, 6, 15, 3]",816.5,12.566476583480835
"[8, 18, 4, 13, 11, 0, 16, 5, 10, 17, 7, 12, 9, 2, 14, 1, 19, 6, 15, 3]",816.5,"[8, 18, 4, 13, 11, 0, 16, 5, 10, 17, 7, 12, 9, 2, 14, 1, 19, 6, 15, 3]",816.5,12.631473541259766
"[8, 18, 4, 13, 11, 0, 16, 5, 10, 17, 7, 12, 9, 2, 14, 1, 19, 6, 15, 3]",816.5,"[8, 18, 4, 13, 11, 0, 16, 5, 10, 17, 7, 12, 9, 2, 14, 1, 19, 6, 15, 3]",816.5,12.696472406387329
"[8, 18, 4, 13, 11, 0, 16, 5, 10, 17, 7, 12, 9, 2, 14, 1, 19, 6, 15, 3]",816.5,"[8, 18, 4, 13, 11, 0, 16, 5, 10, 17, 7, 12, 9, 2, 14, 1, 19, 6, 15, 3]",816.5,12.759472131729126
"[8, 18, 4, 13, 11, 0, 16, 5, 10, 17, 7, 12, 9, 2, 14, 1, 19, 6, 15, 3]",816.5,"[8, 18, 4, 13, 11, 0, 16, 5, 10, 17, 7, 12, 9, 2, 14, 1, 19, 6, 15, 3]",816.5,12.822473287582397
"[8, 18, 4, 13, 11, 0, 16, 5, 10, 17, 7, 12, 9, 2, 14, 1, 19, 6, 15, 3]",816.5,"[8, 18, 4, 13, 11, 0, 16, 5, 10, 17, 7, 12, 9, 2, 14, 1, 19, 6, 15, 3]",816.5,12.886476755142212
"[8, 18, 4, 13, 11, 0, 16, 5, 10, 17, 7, 12, 9, 2, 14, 1, 19, 6, 15, 3]",816.5,"[8, 18, 4, 13, 11, 0, 16, 5, 10, 17, 7, 12, 9, 2, 14, 1, 19, 6, 15, 3]",816.5,12.975502014160156
"[8, 18, 4, 13, 11, 0, 16, 5, 10, 17, 7, 12, 9, 2, 14, 1, 19, 6, 15, 3]",816.5,"[8, 18, 4, 13, 11, 0, 16, 5, 10, 17, 7, 12, 9, 2, 14, 1, 19, 6, 15, 3]",816.5,13.039506435394287
"[8, 18, 4, 13, 11, 0, 16, 5, 10, 17, 7, 12, 9, 2, 14, 1, 19, 6, 15, 3]",816.5,"[8, 18, 4, 13, 11, 0, 16, 5, 10, 17, 7, 12, 9, 2, 14, 1, 19, 6, 15, 3]",816.5,13.105502605438232
"[8, 18, 4, 13, 11, 0, 16, 5, 10, 17, 7, 12, 9, 2, 14, 1, 19, 6, 15, 3]",816.5,"[8, 18, 4, 13, 11, 0, 16, 5, 10, 17, 7, 12, 9, 2, 14, 1, 19, 6, 15, 3]",816.5,13.169625997543335
"[8, 18, 4, 13, 11, 0, 16, 5, 10, 17, 7, 12, 9, 2, 14, 1, 19, 6, 15, 3]",816.5,"[8, 18, 4, 13, 11, 0, 16, 5, 10, 17, 7, 12, 9, 2, 14, 1, 19, 6, 15, 3]",816.5,13.235503673553467
"[8, 18, 4, 13, 11, 0, 16, 5, 10, 17, 7, 12, 9, 2, 14, 1, 19, 6, 15, 3]",816.5,"[8, 18, 4, 13, 11, 0, 16, 5, 10, 17, 7, 12, 9, 2, 14, 1, 19, 6, 15, 3]",816.5,13.303508758544922
