Sequence,Fitness,Best_sequence,Best_fitness,Time
"[2, 31, 3, 21, 27, 29, 22, 39, 19, 26, 32, 17, 30, 36, 33, 28, 4, 14, 10, 35, 23, 24, 34, 20, 18, 25, 6, 13, 7, 38, 1, 16, 0, 15, 5, 11, 9, 8, 12, 37]",5784,"[2, 31, 3, 21, 27, 29, 22, 39, 19, 26, 32, 17, 30, 36, 33, 28, 4, 14, 10, 35, 23, 24, 34, 20, 18, 25, 6, 13, 7, 38, 1, 16, 0, 15, 5, 11, 9, 8, 12, 37]",5784,0.0002009868621826172
"[2, 31, 3, 21, 27, 29, 22, 39, 19, 26, 32, 17, 30, 36, 33, 28, 4, 14, 10, 35, 23, 24, 34, 20, 18, 25, 6, 13, 7, 38, 1, 16, 0, 15, 5, 11, 9, 8, 12, 37]",5784,"[2, 31, 3, 21, 27, 29, 22, 39, 19, 26, 32, 17, 30, 36, 33, 28, 4, 14, 10, 35, 23, 24, 34, 20, 18, 25, 6, 13, 7, 38, 1, 16, 0, 15, 5, 11, 9, 8, 12, 37]",5784,0.07303595542907715
"[2, 31, 3, 21, 27, 29, 22, 39, 19, 26, 32, 17, 30, 36, 33, 28, 4, 14, 10, 35, 23, 24, 34, 20, 18, 25, 6, 13, 7, 38, 1, 16, 0, 15, 5, 11, 9, 8, 12, 37]",5784,"[2, 31, 3, 21, 27, 29, 22, 39, 19, 26, 32, 17, 30, 36, 33, 28, 4, 14, 10, 35, 23, 24, 34, 20, 18, 25, 6, 13, 7, 38, 1, 16, 0, 15, 5, 11, 9, 8, 12, 37]",5784,0.1450819969177246
"[2, 31, 3, 21, 27, 29, 22, 39, 36, 26, 32, 17, 30, 19, 33, 28, 4, 14, 10, 35, 23, 24, 34, 20, 18, 25, 6, 13, 7, 38, 1, 16, 0, 15, 5, 11, 9, 8, 12, 37]",5777,"[2, 31, 3, 21, 27, 29, 22, 39, 36, 26, 32, 17, 30, 19, 33, 28, 4, 14, 10, 35, 23, 24, 34, 20, 18, 25, 6, 13, 7, 38, 1, 16, 0, 15, 5, 11, 9, 8, 12, 37]",5777,0.21984100341796875
"[2, 31, 3, 21, 27, 29, 22, 1, 36, 26, 32, 17, 30, 19, 33, 28, 4, 14, 10, 35, 23, 24, 34, 20, 18, 25, 6, 13, 7, 38, 39, 16, 0, 15, 5, 11, 9, 8, 12, 37]",5144,"[2, 31, 3, 21, 27, 29, 22, 1, 36, 26, 32, 17, 30, 19, 33, 28, 4, 14, 10, 35, 23, 24, 34, 20, 18, 25, 6, 13, 7, 38, 39, 16, 0, 15, 5, 11, 9, 8, 12, 37]",5144,0.29070591926574707
"[2, 31, 3, 22, 27, 29, 21, 1, 36, 26, 32, 17, 30, 19, 33, 28, 4, 14, 10, 35, 23, 24, 34, 20, 18, 25, 6, 13, 7, 38, 39, 16, 0, 15, 5, 11, 9, 8, 12, 37]",5119,"[2, 31, 3, 22, 27, 29, 21, 1, 36, 26, 32, 17, 30, 19, 33, 28, 4, 14, 10, 35, 23, 24, 34, 20, 18, 25, 6, 13, 7, 38, 39, 16, 0, 15, 5, 11, 9, 8, 12, 37]",5119,0.36138391494750977
"[2, 31, 3, 22, 27, 29, 21, 1, 36, 26, 32, 17, 30, 19, 33, 28, 4, 14, 10, 35, 23, 24, 34, 20, 18, 25, 6, 13, 7, 38, 39, 16, 0, 15, 5, 11, 9, 8, 12, 37]",5119,"[2, 31, 3, 22, 27, 29, 21, 1, 36, 26, 32, 17, 30, 19, 33, 28, 4, 14, 10, 35, 23, 24, 34, 20, 18, 25, 6, 13, 7, 38, 39, 16, 0, 15, 5, 11, 9, 8, 12, 37]",5119,0.43119287490844727
"[2, 31, 3, 22, 18, 29, 21, 1, 36, 26, 32, 17, 30, 19, 33, 28, 4, 14, 10, 35, 23, 24, 34, 20, 27, 25, 6, 13, 7, 38, 39, 16, 0, 15, 5, 11, 9, 8, 12, 37]",4952,"[2, 31, 3, 22, 18, 29, 21, 1, 36, 26, 32, 17, 30, 19, 33, 28, 4, 14, 10, 35, 23, 24, 34, 20, 27, 25, 6, 13, 7, 38, 39, 16, 0, 15, 5, 11, 9, 8, 12, 37]",4952,0.4996318817138672
"[2, 31, 3, 22, 18, 29, 21, 1, 36, 26, 32, 17, 6, 19, 33, 28, 4, 14, 10, 35, 23, 24, 34, 20, 27, 25, 30, 13, 7, 38, 39, 16, 0, 15, 5, 11, 9, 8, 12, 37]",4745,"[2, 31, 3, 22, 18, 29, 21, 1, 36, 26, 32, 17, 6, 19, 33, 28, 4, 14, 10, 35, 23, 24, 34, 20, 27, 25, 30, 13, 7, 38, 39, 16, 0, 15, 5, 11, 9, 8, 12, 37]",4745,0.5672378540039062
"[2, 31, 3, 22, 18, 29, 21, 1, 36, 26, 32, 17, 6, 19, 33, 28, 4, 14, 10, 35, 23, 24, 34, 20, 27, 25, 30, 13, 7, 38, 39, 16, 0, 15, 5, 11, 9, 8, 12, 37]",4745,"[2, 31, 3, 22, 18, 29, 21, 1, 36, 26, 32, 17, 6, 19, 33, 28, 4, 14, 10, 35, 23, 24, 34, 20, 27, 25, 30, 13, 7, 38, 39, 16, 0, 15, 5, 11, 9, 8, 12, 37]",4745,0.6347861289978027
"[28, 31, 3, 22, 18, 29, 21, 1, 36, 26, 32, 17, 6, 19, 33, 2, 4, 14, 10, 35, 23, 24, 34, 20, 27, 25, 30, 13, 7, 38, 39, 16, 0, 15, 5, 11, 9, 8, 12, 37]",4723,"[28, 31, 3, 22, 18, 29, 21, 1, 36, 26, 32, 17, 6, 19, 33, 2, 4, 14, 10, 35, 23, 24, 34, 20, 27, 25, 30, 13, 7, 38, 39, 16, 0, 15, 5, 11, 9, 8, 12, 37]",4723,0.700767993927002
"[28, 31, 3, 22, 18, 29, 21, 1, 36, 26, 32, 17, 6, 19, 33, 2, 4, 14, 10, 35, 23, 24, 34, 20, 27, 25, 30, 13, 7, 38, 39, 16, 0, 15, 5, 11, 9, 8, 12, 37]",4723,"[28, 31, 3, 22, 18, 29, 21, 1, 36, 26, 32, 17, 6, 19, 33, 2, 4, 14, 10, 35, 23, 24, 34, 20, 27, 25, 30, 13, 7, 38, 39, 16, 0, 15, 5, 11, 9, 8, 12, 37]",4723,0.7675800323486328
"[28, 31, 3, 22, 18, 29, 21, 1, 36, 26, 32, 17, 6, 19, 33, 2, 4, 14, 10, 35, 23, 24, 34, 5, 27, 25, 30, 13, 7, 38, 39, 16, 0, 15, 20, 11, 9, 8, 12, 37]",4431,"[28, 31, 3, 22, 18, 29, 21, 1, 36, 26, 32, 17, 6, 19, 33, 2, 4, 14, 10, 35, 23, 24, 34, 5, 27, 25, 30, 13, 7, 38, 39, 16, 0, 15, 20, 11, 9, 8, 12, 37]",4431,0.8353831768035889
"[28, 31, 3, 22, 18, 29, 21, 1, 36, 26, 32, 17, 6, 19, 33, 2, 4, 14, 10, 35, 23, 24, 34, 5, 27, 25, 30, 13, 7, 38, 39, 16, 0, 15, 20, 11, 9, 8, 12, 37]",4431,"[28, 31, 3, 22, 18, 29, 21, 1, 36, 26, 32, 17, 6, 19, 33, 2, 4, 14, 10, 35, 23, 24, 34, 5, 27, 25, 30, 13, 7, 38, 39, 16, 0, 15, 20, 11, 9, 8, 12, 37]",4431,0.9030730724334717
"[28, 31, 3, 22, 18, 29, 21, 1, 36, 26, 32, 17, 6, 19, 33, 2, 4, 14, 10, 35, 23, 24, 34, 5, 27, 25, 30, 13, 7, 38, 39, 16, 0, 15, 20, 11, 9, 8, 12, 37]",4431,"[28, 31, 3, 22, 18, 29, 21, 1, 36, 26, 32, 17, 6, 19, 33, 2, 4, 14, 10, 35, 23, 24, 34, 5, 27, 25, 30, 13, 7, 38, 39, 16, 0, 15, 20, 11, 9, 8, 12, 37]",4431,0.9697649478912354
"[28, 31, 3, 22, 18, 29, 21, 1, 36, 26, 32, 17, 6, 19, 33, 2, 4, 14, 10, 35, 23, 24, 34, 5, 27, 25, 30, 13, 7, 38, 39, 16, 0, 15, 20, 11, 9, 8, 12, 37]",4431,"[28, 31, 3, 22, 18, 29, 21, 1, 36, 26, 32, 17, 6, 19, 33, 2, 4, 14, 10, 35, 23, 24, 34, 5, 27, 25, 30, 13, 7, 38, 39, 16, 0, 15, 20, 11, 9, 8, 12, 37]",4431,1.0376999378204346
"[28, 31, 3, 22, 18, 29, 21, 1, 36, 26, 32, 17, 6, 19, 33, 2, 4, 14, 10, 35, 23, 24, 34, 5, 27, 25, 30, 13, 7, 38, 39, 16, 0, 15, 20, 11, 9, 8, 12, 37]",4431,"[28, 31, 3, 22, 18, 29, 21, 1, 36, 26, 32, 17, 6, 19, 33, 2, 4, 14, 10, 35, 23, 24, 34, 5, 27, 25, 30, 13, 7, 38, 39, 16, 0, 15, 20, 11, 9, 8, 12, 37]",4431,1.1029760837554932
"[28, 31, 3, 22, 18, 29, 21, 1, 36, 26, 32, 17, 6, 19, 33, 2, 4, 14, 10, 35, 23, 24, 34, 5, 27, 25, 30, 9, 7, 38, 39, 16, 0, 15, 20, 11, 13, 8, 12, 37]",4424,"[28, 31, 3, 22, 18, 29, 21, 1, 36, 26, 32, 17, 6, 19, 33, 2, 4, 14, 10, 35, 23, 24, 34, 5, 27, 25, 30, 9, 7, 38, 39, 16, 0, 15, 20, 11, 13, 8, 12, 37]",4424,1.167388916015625
"[28, 31, 3, 22, 18, 29, 21, 1, 36, 26, 32, 17, 6, 19, 33, 2, 4, 14, 10, 8, 23, 24, 34, 5, 27, 25, 30, 9, 7, 38, 39, 16, 0, 15, 20, 11, 13, 35, 12, 37]",4271,"[28, 31, 3, 22, 18, 29, 21, 1, 36, 26, 32, 17, 6, 19, 33, 2, 4, 14, 10, 8, 23, 24, 34, 5, 27, 25, 30, 9, 7, 38, 39, 16, 0, 15, 20, 11, 13, 35, 12, 37]",4271,1.2337589263916016
"[28, 31, 3, 22, 18, 29, 21, 1, 12, 26, 32, 17, 6, 19, 33, 2, 4, 14, 10, 8, 23, 24, 34, 5, 27, 25, 30, 9, 7, 38, 39, 16, 0, 15, 20, 11, 13, 35, 36, 37]",4132,"[28, 31, 3, 22, 18, 29, 21, 1, 12, 26, 32, 17, 6, 19, 33, 2, 4, 14, 10, 8, 23, 24, 34, 5, 27, 25, 30, 9, 7, 38, 39, 16, 0, 15, 20, 11, 13, 35, 36, 37]",4132,1.3102490901947021
"[28, 31, 3, 22, 18, 29, 21, 1, 12, 26, 32, 17, 6, 19, 33, 2, 4, 14, 10, 8, 23, 24, 34, 5, 27, 25, 30, 9, 7, 38, 39, 16, 0, 15, 20, 11, 13, 35, 36, 37]",4132,"[28, 31, 3, 22, 18, 29, 21, 1, 12, 26, 32, 17, 6, 19, 33, 2, 4, 14, 10, 8, 23, 24, 34, 5, 27, 25, 30, 9, 7, 38, 39, 16, 0, 15, 20, 11, 13, 35, 36, 37]",4132,1.3893508911132812
"[28, 31, 3, 22, 18, 29, 21, 1, 12, 26, 32, 17, 6, 19, 33, 2, 4, 14, 10, 8, 23, 24, 34, 5, 27, 25, 30, 9, 7, 38, 39, 16, 0, 15, 20, 11, 13, 35, 36, 37]",4132,"[28, 31, 3, 22, 18, 29, 21, 1, 12, 26, 32, 17, 6, 19, 33, 2, 4, 14, 10, 8, 23, 24, 34, 5, 27, 25, 30, 9, 7, 38, 39, 16, 0, 15, 20, 11, 13, 35, 36, 37]",4132,1.4604668617248535
"[28, 31, 3, 22, 18, 29, 21, 1, 12, 26, 32, 17, 6, 19, 33, 2, 4, 14, 10, 8, 23, 24, 34, 5, 27, 25, 30, 9, 7, 38, 39, 16, 0, 15, 20, 11, 13, 35, 36, 37]",4132,"[28, 31, 3, 22, 18, 29, 21, 1, 12, 26, 32, 17, 6, 19, 33, 2, 4, 14, 10, 8, 23, 24, 34, 5, 27, 25, 30, 9, 7, 38, 39, 16, 0, 15, 20, 11, 13, 35, 36, 37]",4132,1.5281920433044434
"[28, 31, 3, 22, 18, 29, 21, 1, 12, 26, 32, 17, 6, 19, 33, 2, 4, 14, 10, 8, 23, 24, 34, 5, 27, 25, 30, 9, 7, 38, 39, 16, 0, 15, 20, 11, 13, 35, 36, 37]",4132,"[28, 31, 3, 22, 18, 29, 21, 1, 12, 26, 32, 17, 6, 19, 33, 2, 4, 14, 10, 8, 23, 24, 34, 5, 27, 25, 30, 9, 7, 38, 39, 16, 0, 15, 20, 11, 13, 35, 36, 37]",4132,1.5988729000091553
"[28, 31, 3, 22, 18, 29, 21, 1, 12, 26, 7, 17, 6, 19, 33, 2, 4, 14, 10, 8, 23, 24, 34, 5, 27, 25, 30, 9, 32, 38, 39, 16, 0, 15, 20, 11, 13, 35, 36, 37]",4112,"[28, 31, 3, 22, 18, 29, 21, 1, 12, 26, 7, 17, 6, 19, 33, 2, 4, 14, 10, 8, 23, 24, 34, 5, 27, 25, 30, 9, 32, 38, 39, 16, 0, 15, 20, 11, 13, 35, 36, 37]",4112,1.6695938110351562
"[28, 31, 3, 22, 18, 29, 21, 1, 12, 26, 7, 17, 6, 19, 33, 2, 4, 14, 10, 8, 23, 24, 34, 5, 0, 25, 30, 9, 32, 38, 39, 16, 27, 15, 20, 11, 13, 35, 36, 37]",3986,"[28, 31, 3, 22, 18, 29, 21, 1, 12, 26, 7, 17, 6, 19, 33, 2, 4, 14, 10, 8, 23, 24, 34, 5, 0, 25, 30, 9, 32, 38, 39, 16, 27, 15, 20, 11, 13, 35, 36, 37]",3986,1.7376298904418945
"[28, 5, 3, 22, 18, 29, 21, 1, 12, 26, 7, 17, 6, 19, 33, 2, 4, 14, 10, 8, 23, 24, 34, 31, 0, 25, 30, 9, 32, 38, 39, 16, 27, 15, 20, 11, 13, 35, 36, 37]",3902,"[28, 5, 3, 22, 18, 29, 21, 1, 12, 26, 7, 17, 6, 19, 33, 2, 4, 14, 10, 8, 23, 24, 34, 31, 0, 25, 30, 9, 32, 38, 39, 16, 27, 15, 20, 11, 13, 35, 36, 37]",3902,1.800935983657837
"[28, 5, 3, 19, 18, 29, 21, 1, 12, 26, 7, 17, 6, 22, 33, 2, 4, 14, 10, 8, 23, 24, 34, 31, 0, 25, 30, 9, 32, 38, 39, 16, 27, 15, 20, 11, 13, 35, 36, 37]",3854,"[28, 5, 3, 19, 18, 29, 21, 1, 12, 26, 7, 17, 6, 22, 33, 2, 4, 14, 10, 8, 23, 24, 34, 31, 0, 25, 30, 9, 32, 38, 39, 16, 27, 15, 20, 11, 13, 35, 36, 37]",3854,1.8889710903167725
"[28, 5, 3, 19, 18, 29, 21, 1, 12, 26, 7, 17, 6, 22, 33, 2, 4, 14, 10, 8, 23, 24, 34, 31, 0, 25, 30, 9, 32, 38, 39, 16, 27, 15, 20, 11, 13, 35, 36, 37]",3854,"[28, 5, 3, 19, 18, 29, 21, 1, 12, 26, 7, 17, 6, 22, 33, 2, 4, 14, 10, 8, 23, 24, 34, 31, 0, 25, 30, 9, 32, 38, 39, 16, 27, 15, 20, 11, 13, 35, 36, 37]",3854,1.9587700366973877
"[28, 5, 3, 19, 18, 29, 21, 1, 12, 26, 7, 17, 6, 22, 33, 2, 4, 14, 10, 8, 23, 24, 34, 31, 0, 25, 30, 9, 32, 38, 39, 16, 27, 15, 20, 11, 13, 35, 36, 37]",3854,"[28, 5, 3, 19, 18, 29, 21, 1, 12, 26, 7, 17, 6, 22, 33, 2, 4, 14, 10, 8, 23, 24, 34, 31, 0, 25, 30, 9, 32, 38, 39, 16, 27, 15, 20, 11, 13, 35, 36, 37]",3854,2.030872106552124
"[28, 5, 3, 19, 18, 29, 21, 1, 12, 26, 7, 17, 6, 22, 33, 2, 4, 14, 10, 8, 23, 24, 34, 31, 0, 25, 30, 9, 32, 38, 39, 16, 27, 15, 20, 11, 13, 35, 36, 37]",3854,"[28, 5, 3, 19, 18, 29, 21, 1, 12, 26, 7, 17, 6, 22, 33, 2, 4, 14, 10, 8, 23, 24, 34, 31, 0, 25, 30, 9, 32, 38, 39, 16, 27, 15, 20, 11, 13, 35, 36, 37]",3854,2.100024938583374
"[28, 5, 3, 19, 18, 29, 21, 1, 12, 26, 7, 17, 6, 22, 33, 2, 4, 14, 10, 8, 23, 24, 34, 31, 0, 25, 30, 9, 32, 38, 39, 16, 27, 15, 20, 11, 13, 35, 36, 37]",3854,"[28, 5, 3, 19, 18, 29, 21, 1, 12, 26, 7, 17, 6, 22, 33, 2, 4, 14, 10, 8, 23, 24, 34, 31, 0, 25, 30, 9, 32, 38, 39, 16, 27, 15, 20, 11, 13, 35, 36, 37]",3854,2.170328140258789
"[28, 5, 3, 19, 18, 29, 21, 1, 12, 26, 7, 17, 6, 22, 33, 2, 4, 14, 10, 8, 23, 24, 34, 31, 0, 25, 30, 9, 32, 38, 39, 16, 27, 15, 20, 11, 13, 35, 36, 37]",3854,"[28, 5, 3, 19, 18, 29, 21, 1, 12, 26, 7, 17, 6, 22, 33, 2, 4, 14, 10, 8, 23, 24, 34, 31, 0, 25, 30, 9, 32, 38, 39, 16, 27, 15, 20, 11, 13, 35, 36, 37]",3854,2.238677978515625
"[28, 5, 3, 19, 18, 29, 21, 1, 12, 26, 7, 17, 6, 22, 33, 2, 4, 14, 10, 8, 23, 24, 34, 31, 0, 25, 30, 9, 32, 38, 39, 16, 27, 15, 20, 11, 13, 35, 36, 37]",3854,"[28, 5, 3, 19, 18, 29, 21, 1, 12, 26, 7, 17, 6, 22, 33, 2, 4, 14, 10, 8, 23, 24, 34, 31, 0, 25, 30, 9, 32, 38, 39, 16, 27, 15, 20, 11, 13, 35, 36, 37]",3854,2.309112787246704
"[28, 5, 3, 19, 18, 29, 21, 1, 12, 26, 7, 17, 6, 22, 33, 2, 4, 14, 10, 8, 23, 24, 34, 31, 0, 25, 30, 9, 32, 38, 39, 16, 27, 15, 20, 11, 13, 35, 36, 37]",3854,"[28, 5, 3, 19, 18, 29, 21, 1, 12, 26, 7, 17, 6, 22, 33, 2, 4, 14, 10, 8, 23, 24, 34, 31, 0, 25, 30, 9, 32, 38, 39, 16, 27, 15, 20, 11, 13, 35, 36, 37]",3854,2.3750579357147217
"[28, 5, 3, 19, 18, 29, 21, 1, 12, 26, 7, 17, 6, 22, 33, 2, 4, 14, 10, 8, 23, 24, 34, 31, 0, 25, 30, 9, 32, 38, 39, 16, 27, 15, 20, 11, 13, 35, 36, 37]",3854,"[28, 5, 3, 19, 18, 29, 21, 1, 12, 26, 7, 17, 6, 22, 33, 2, 4, 14, 10, 8, 23, 24, 34, 31, 0, 25, 30, 9, 32, 38, 39, 16, 27, 15, 20, 11, 13, 35, 36, 37]",3854,2.4403457641601562
"[28, 5, 3, 19, 18, 29, 21, 1, 12, 26, 7, 17, 6, 22, 33, 2, 4, 14, 10, 8, 23, 24, 34, 31, 0, 25, 30, 9, 32, 38, 39, 16, 27, 15, 20, 11, 13, 35, 36, 37]",3854,"[28, 5, 3, 19, 18, 29, 21, 1, 12, 26, 7, 17, 6, 22, 33, 2, 4, 14, 10, 8, 23, 24, 34, 31, 0, 25, 30, 9, 32, 38, 39, 16, 27, 15, 20, 11, 13, 35, 36, 37]",3854,2.5059468746185303
"[28, 5, 3, 19, 18, 29, 21, 1, 12, 26, 7, 17, 6, 22, 33, 2, 4, 14, 10, 8, 23, 24, 34, 31, 0, 25, 30, 9, 32, 38, 39, 16, 27, 15, 20, 11, 13, 35, 36, 37]",3854,"[28, 5, 3, 19, 18, 29, 21, 1, 12, 26, 7, 17, 6, 22, 33, 2, 4, 14, 10, 8, 23, 24, 34, 31, 0, 25, 30, 9, 32, 38, 39, 16, 27, 15, 20, 11, 13, 35, 36, 37]",3854,2.574882745742798
"[28, 5, 3, 19, 18, 29, 21, 1, 12, 26, 7, 17, 6, 22, 33, 2, 4, 14, 10, 8, 23, 24, 34, 31, 0, 25, 30, 9, 32, 38, 39, 16, 27, 15, 20, 11, 13, 35, 36, 37]",3854,"[28, 5, 3, 19, 18, 29, 21, 1, 12, 26, 7, 17, 6, 22, 33, 2, 4, 14, 10, 8, 23, 24, 34, 31, 0, 25, 30, 9, 32, 38, 39, 16, 27, 15, 20, 11, 13, 35, 36, 37]",3854,2.643765926361084
"[28, 5, 3, 19, 18, 29, 21, 1, 12, 26, 7, 17, 6, 27, 33, 2, 4, 14, 10, 8, 23, 24, 34, 31, 0, 25, 30, 9, 32, 38, 39, 16, 22, 15, 20, 11, 13, 35, 36, 37]",3848,"[28, 5, 3, 19, 18, 29, 21, 1, 12, 26, 7, 17, 6, 27, 33, 2, 4, 14, 10, 8, 23, 24, 34, 31, 0, 25, 30, 9, 32, 38, 39, 16, 22, 15, 20, 11, 13, 35, 36, 37]",3848,2.71117901802063
"[28, 5, 3, 19, 18, 29, 21, 1, 12, 26, 7, 17, 6, 27, 33, 2, 4, 14, 10, 8, 23, 24, 34, 31, 0, 25, 30, 9, 32, 38, 39, 16, 22, 15, 20, 11, 13, 35, 36, 37]",3848,"[28, 5, 3, 19, 18, 29, 21, 1, 12, 26, 7, 17, 6, 27, 33, 2, 4, 14, 10, 8, 23, 24, 34, 31, 0, 25, 30, 9, 32, 38, 39, 16, 22, 15, 20, 11, 13, 35, 36, 37]",3848,2.7768189907073975
"[28, 5, 3, 19, 18, 29, 21, 1, 12, 26, 7, 17, 6, 27, 33, 2, 4, 14, 10, 8, 23, 24, 34, 31, 0, 25, 30, 9, 32, 38, 39, 16, 22, 15, 20, 11, 13, 35, 36, 37]",3848,"[28, 5, 3, 19, 18, 29, 21, 1, 12, 26, 7, 17, 6, 27, 33, 2, 4, 14, 10, 8, 23, 24, 34, 31, 0, 25, 30, 9, 32, 38, 39, 16, 22, 15, 20, 11, 13, 35, 36, 37]",3848,2.8436617851257324
"[28, 5, 3, 19, 18, 29, 21, 1, 12, 26, 7, 17, 6, 27, 33, 2, 4, 14, 10, 8, 23, 24, 34, 31, 0, 25, 30, 9, 32, 38, 39, 16, 22, 15, 20, 11, 13, 35, 36, 37]",3848,"[28, 5, 3, 19, 18, 29, 21, 1, 12, 26, 7, 17, 6, 27, 33, 2, 4, 14, 10, 8, 23, 24, 34, 31, 0, 25, 30, 9, 32, 38, 39, 16, 22, 15, 20, 11, 13, 35, 36, 37]",3848,2.9110569953918457
"[28, 5, 3, 19, 18, 29, 21, 1, 12, 26, 7, 17, 6, 27, 33, 2, 4, 14, 10, 8, 23, 24, 34, 31, 0, 25, 30, 9, 32, 38, 39, 16, 22, 15, 20, 11, 13, 35, 36, 37]",3848,"[28, 5, 3, 19, 18, 29, 21, 1, 12, 26, 7, 17, 6, 27, 33, 2, 4, 14, 10, 8, 23, 24, 34, 31, 0, 25, 30, 9, 32, 38, 39, 16, 22, 15, 20, 11, 13, 35, 36, 37]",3848,2.9780960083007812
"[28, 5, 3, 19, 18, 29, 21, 1, 12, 26, 7, 17, 6, 27, 33, 2, 4, 14, 10, 8, 23, 24, 34, 31, 0, 25, 30, 9, 32, 38, 39, 16, 22, 15, 20, 11, 13, 35, 36, 37]",3848,"[28, 5, 3, 19, 18, 29, 21, 1, 12, 26, 7, 17, 6, 27, 33, 2, 4, 14, 10, 8, 23, 24, 34, 31, 0, 25, 30, 9, 32, 38, 39, 16, 22, 15, 20, 11, 13, 35, 36, 37]",3848,3.041591167449951
"[28, 5, 3, 19, 18, 29, 21, 1, 12, 26, 7, 17, 6, 27, 33, 2, 4, 14, 10, 8, 23, 24, 34, 31, 0, 25, 30, 9, 32, 38, 39, 16, 22, 15, 20, 11, 13, 35, 36, 37]",3848,"[28, 5, 3, 19, 18, 29, 21, 1, 12, 26, 7, 17, 6, 27, 33, 2, 4, 14, 10, 8, 23, 24, 34, 31, 0, 25, 30, 9, 32, 38, 39, 16, 22, 15, 20, 11, 13, 35, 36, 37]",3848,3.104170083999634
"[28, 5, 3, 19, 18, 29, 21, 1, 12, 26, 7, 17, 6, 27, 33, 2, 4, 14, 10, 8, 23, 24, 34, 31, 0, 25, 30, 9, 32, 38, 39, 16, 22, 15, 20, 11, 13, 35, 36, 37]",3848,"[28, 5, 3, 19, 18, 29, 21, 1, 12, 26, 7, 17, 6, 27, 33, 2, 4, 14, 10, 8, 23, 24, 34, 31, 0, 25, 30, 9, 32, 38, 39, 16, 22, 15, 20, 11, 13, 35, 36, 37]",3848,3.1682989597320557
"[28, 5, 15, 19, 18, 29, 21, 1, 12, 26, 7, 17, 6, 27, 33, 2, 4, 14, 10, 8, 23, 24, 34, 31, 0, 25, 30, 9, 32, 38, 39, 16, 22, 3, 20, 11, 13, 35, 36, 37]",3834,"[28, 5, 15, 19, 18, 29, 21, 1, 12, 26, 7, 17, 6, 27, 33, 2, 4, 14, 10, 8, 23, 24, 34, 31, 0, 25, 30, 9, 32, 38, 39, 16, 22, 3, 20, 11, 13, 35, 36, 37]",3834,3.2326321601867676
"[28, 5, 15, 19, 18, 29, 21, 1, 12, 26, 7, 17, 6, 27, 33, 2, 4, 14, 10, 8, 23, 24, 34, 31, 0, 25, 30, 9, 37, 38, 39, 16, 22, 3, 20, 11, 13, 35, 36, 32]",3564,"[28, 5, 15, 19, 18, 29, 21, 1, 12, 26, 7, 17, 6, 27, 33, 2, 4, 14, 10, 8, 23, 24, 34, 31, 0, 25, 30, 9, 37, 38, 39, 16, 22, 3, 20, 11, 13, 35, 36, 32]",3564,3.2957570552825928
"[28, 5, 15, 19, 18, 29, 21, 1, 12, 26, 7, 17, 6, 27, 33, 2, 4, 14, 10, 8, 23, 24, 34, 31, 0, 25, 30, 9, 37, 38, 39, 16, 22, 3, 20, 11, 13, 35, 36, 32]",3564,"[28, 5, 15, 19, 18, 29, 21, 1, 12, 26, 7, 17, 6, 27, 33, 2, 4, 14, 10, 8, 23, 24, 34, 31, 0, 25, 30, 9, 37, 38, 39, 16, 22, 3, 20, 11, 13, 35, 36, 32]",3564,3.3630869388580322
"[28, 5, 15, 19, 18, 29, 21, 1, 12, 26, 7, 17, 6, 27, 33, 2, 4, 14, 10, 8, 23, 24, 34, 31, 0, 25, 30, 9, 37, 38, 39, 16, 22, 3, 20, 11, 13, 35, 36, 32]",3564,"[28, 5, 15, 19, 18, 29, 21, 1, 12, 26, 7, 17, 6, 27, 33, 2, 4, 14, 10, 8, 23, 24, 34, 31, 0, 25, 30, 9, 37, 38, 39, 16, 22, 3, 20, 11, 13, 35, 36, 32]",3564,3.4311749935150146
"[28, 5, 15, 19, 18, 29, 21, 1, 12, 26, 7, 17, 6, 27, 33, 2, 4, 14, 10, 8, 23, 24, 34, 31, 0, 25, 30, 9, 37, 38, 39, 16, 22, 3, 20, 11, 13, 35, 36, 32]",3564,"[28, 5, 15, 19, 18, 29, 21, 1, 12, 26, 7, 17, 6, 27, 33, 2, 4, 14, 10, 8, 23, 24, 34, 31, 0, 25, 30, 9, 37, 38, 39, 16, 22, 3, 20, 11, 13, 35, 36, 32]",3564,3.49874210357666
"[28, 5, 1, 19, 18, 29, 21, 15, 12, 26, 7, 17, 6, 27, 33, 2, 4, 14, 10, 8, 23, 24, 34, 31, 0, 25, 30, 9, 37, 38, 39, 16, 22, 3, 20, 11, 13, 35, 36, 32]",3463,"[28, 5, 1, 19, 18, 29, 21, 15, 12, 26, 7, 17, 6, 27, 33, 2, 4, 14, 10, 8, 23, 24, 34, 31, 0, 25, 30, 9, 37, 38, 39, 16, 22, 3, 20, 11, 13, 35, 36, 32]",3463,3.565608024597168
"[28, 5, 1, 19, 18, 29, 21, 15, 12, 26, 7, 17, 6, 27, 33, 2, 4, 14, 10, 8, 23, 24, 34, 31, 0, 25, 30, 9, 37, 38, 39, 16, 22, 3, 20, 11, 13, 35, 36, 32]",3463,"[28, 5, 1, 19, 18, 29, 21, 15, 12, 26, 7, 17, 6, 27, 33, 2, 4, 14, 10, 8, 23, 24, 34, 31, 0, 25, 30, 9, 37, 38, 39, 16, 22, 3, 20, 11, 13, 35, 36, 32]",3463,3.6348180770874023
"[28, 5, 1, 19, 18, 29, 21, 15, 12, 26, 7, 17, 6, 27, 33, 2, 4, 14, 10, 8, 23, 24, 34, 31, 0, 25, 30, 9, 37, 38, 39, 16, 22, 3, 20, 11, 13, 35, 36, 32]",3463,"[28, 5, 1, 19, 18, 29, 21, 15, 12, 26, 7, 17, 6, 27, 33, 2, 4, 14, 10, 8, 23, 24, 34, 31, 0, 25, 30, 9, 37, 38, 39, 16, 22, 3, 20, 11, 13, 35, 36, 32]",3463,3.702775001525879
"[28, 5, 1, 19, 18, 29, 21, 15, 12, 26, 7, 17, 6, 27, 33, 2, 4, 14, 10, 8, 23, 24, 34, 31, 0, 25, 30, 9, 37, 38, 39, 16, 22, 3, 20, 11, 13, 35, 36, 32]",3463,"[28, 5, 1, 19, 18, 29, 21, 15, 12, 26, 7, 17, 6, 27, 33, 2, 4, 14, 10, 8, 23, 24, 34, 31, 0, 25, 30, 9, 37, 38, 39, 16, 22, 3, 20, 11, 13, 35, 36, 32]",3463,3.770383834838867
"[28, 5, 1, 19, 18, 29, 21, 15, 12, 26, 7, 17, 6, 35, 33, 2, 4, 14, 10, 8, 23, 24, 34, 31, 0, 25, 30, 9, 37, 38, 39, 16, 22, 3, 20, 11, 13, 27, 36, 32]",3273,"[28, 5, 1, 19, 18, 29, 21, 15, 12, 26, 7, 17, 6, 35, 33, 2, 4, 14, 10, 8, 23, 24, 34, 31, 0, 25, 30, 9, 37, 38, 39, 16, 22, 3, 20, 11, 13, 27, 36, 32]",3273,3.8394901752471924
"[28, 5, 1, 19, 18, 29, 21, 15, 12, 26, 7, 17, 6, 35, 33, 2, 4, 14, 10, 8, 3, 24, 34, 31, 0, 25, 30, 9, 37, 38, 39, 16, 22, 23, 20, 11, 13, 27, 36, 32]",3270,"[28, 5, 1, 19, 18, 29, 21, 15, 12, 26, 7, 17, 6, 35, 33, 2, 4, 14, 10, 8, 3, 24, 34, 31, 0, 25, 30, 9, 37, 38, 39, 16, 22, 23, 20, 11, 13, 27, 36, 32]",3270,3.9082350730895996
"[28, 5, 1, 19, 18, 29, 21, 15, 12, 26, 7, 17, 6, 35, 33, 2, 4, 14, 10, 8, 3, 24, 34, 31, 0, 25, 30, 9, 37, 38, 39, 16, 22, 23, 20, 11, 13, 27, 36, 32]",3270,"[28, 5, 1, 19, 18, 29, 21, 15, 12, 26, 7, 17, 6, 35, 33, 2, 4, 14, 10, 8, 3, 24, 34, 31, 0, 25, 30, 9, 37, 38, 39, 16, 22, 23, 20, 11, 13, 27, 36, 32]",3270,3.9764769077301025
"[28, 5, 1, 19, 18, 29, 21, 15, 12, 26, 7, 17, 6, 35, 33, 2, 4, 14, 10, 8, 3, 24, 34, 31, 0, 25, 30, 9, 37, 38, 39, 16, 22, 23, 20, 11, 13, 27, 36, 32]",3270,"[28, 5, 1, 19, 18, 29, 21, 15, 12, 26, 7, 17, 6, 35, 33, 2, 4, 14, 10, 8, 3, 24, 34, 31, 0, 25, 30, 9, 37, 38, 39, 16, 22, 23, 20, 11, 13, 27, 36, 32]",3270,4.045382022857666
"[28, 5, 1, 19, 18, 29, 21, 15, 12, 26, 7, 17, 6, 35, 33, 2, 4, 14, 10, 8, 3, 24, 34, 31, 0, 25, 30, 9, 37, 38, 39, 16, 32, 23, 20, 11, 13, 27, 36, 22]",3148,"[28, 5, 1, 19, 18, 29, 21, 15, 12, 26, 7, 17, 6, 35, 33, 2, 4, 14, 10, 8, 3, 24, 34, 31, 0, 25, 30, 9, 37, 38, 39, 16, 32, 23, 20, 11, 13, 27, 36, 22]",3148,4.110762119293213
"[28, 5, 1, 19, 18, 29, 21, 15, 12, 26, 7, 17, 6, 35, 33, 2, 4, 14, 10, 8, 3, 24, 34, 31, 0, 25, 30, 9, 37, 38, 39, 16, 32, 23, 20, 11, 13, 27, 36, 22]",3148,"[28, 5, 1, 19, 18, 29, 21, 15, 12, 26, 7, 17, 6, 35, 33, 2, 4, 14, 10, 8, 3, 24, 34, 31, 0, 25, 30, 9, 37, 38, 39, 16, 32, 23, 20, 11, 13, 27, 36, 22]",3148,4.176017999649048
"[28, 5, 1, 19, 18, 29, 21, 15, 12, 26, 7, 17, 6, 35, 33, 2, 4, 14, 10, 8, 3, 24, 34, 31, 0, 25, 30, 9, 37, 38, 39, 16, 32, 23, 20, 11, 13, 27, 36, 22]",3148,"[28, 5, 1, 19, 18, 29, 21, 15, 12, 26, 7, 17, 6, 35, 33, 2, 4, 14, 10, 8, 3, 24, 34, 31, 0, 25, 30, 9, 37, 38, 39, 16, 32, 23, 20, 11, 13, 27, 36, 22]",3148,4.2454140186309814
"[28, 5, 1, 19, 18, 29, 21, 15, 12, 26, 7, 17, 6, 35, 33, 2, 4, 14, 10, 8, 3, 24, 34, 31, 0, 25, 30, 9, 37, 38, 39, 16, 32, 23, 20, 11, 13, 27, 36, 22]",3148,"[28, 5, 1, 19, 18, 29, 21, 15, 12, 26, 7, 17, 6, 35, 33, 2, 4, 14, 10, 8, 3, 24, 34, 31, 0, 25, 30, 9, 37, 38, 39, 16, 32, 23, 20, 11, 13, 27, 36, 22]",3148,4.313233852386475
"[28, 5, 1, 19, 18, 29, 21, 15, 12, 26, 7, 17, 6, 35, 33, 2, 4, 14, 10, 8, 3, 24, 34, 31, 0, 25, 30, 9, 37, 38, 39, 16, 32, 23, 20, 11, 13, 27, 36, 22]",3148,"[28, 5, 1, 19, 18, 29, 21, 15, 12, 26, 7, 17, 6, 35, 33, 2, 4, 14, 10, 8, 3, 24, 34, 31, 0, 25, 30, 9, 37, 38, 39, 16, 32, 23, 20, 11, 13, 27, 36, 22]",3148,4.381626844406128
"[28, 5, 1, 19, 18, 29, 21, 15, 12, 0, 7, 17, 6, 35, 33, 2, 4, 14, 10, 8, 3, 24, 34, 31, 26, 25, 30, 9, 37, 38, 39, 16, 32, 23, 20, 11, 13, 27, 36, 22]",3130,"[28, 5, 1, 19, 18, 29, 21, 15, 12, 0, 7, 17, 6, 35, 33, 2, 4, 14, 10, 8, 3, 24, 34, 31, 26, 25, 30, 9, 37, 38, 39, 16, 32, 23, 20, 11, 13, 27, 36, 22]",3130,4.449528932571411
"[28, 5, 1, 19, 18, 29, 21, 15, 12, 0, 7, 17, 6, 35, 33, 2, 4, 14, 10, 8, 3, 24, 34, 31, 26, 25, 30, 9, 37, 38, 39, 16, 32, 23, 20, 11, 13, 27, 36, 22]",3130,"[28, 5, 1, 19, 18, 29, 21, 15, 12, 0, 7, 17, 6, 35, 33, 2, 4, 14, 10, 8, 3, 24, 34, 31, 26, 25, 30, 9, 37, 38, 39, 16, 32, 23, 20, 11, 13, 27, 36, 22]",3130,4.51581597328186
"[28, 5, 1, 19, 18, 13, 21, 15, 12, 0, 7, 17, 6, 35, 33, 2, 4, 14, 10, 8, 3, 24, 34, 31, 26, 25, 30, 9, 37, 38, 39, 16, 32, 23, 20, 11, 29, 27, 36, 22]",2879,"[28, 5, 1, 19, 18, 13, 21, 15, 12, 0, 7, 17, 6, 35, 33, 2, 4, 14, 10, 8, 3, 24, 34, 31, 26, 25, 30, 9, 37, 38, 39, 16, 32, 23, 20, 11, 29, 27, 36, 22]",2879,4.580893039703369
"[28, 5, 1, 19, 18, 13, 21, 15, 12, 0, 7, 17, 6, 35, 33, 2, 4, 14, 10, 8, 3, 24, 34, 31, 26, 25, 30, 9, 37, 38, 39, 16, 32, 23, 20, 11, 29, 27, 36, 22]",2879,"[28, 5, 1, 19, 18, 13, 21, 15, 12, 0, 7, 17, 6, 35, 33, 2, 4, 14, 10, 8, 3, 24, 34, 31, 26, 25, 30, 9, 37, 38, 39, 16, 32, 23, 20, 11, 29, 27, 36, 22]",2879,4.644948959350586
"[28, 5, 1, 19, 18, 13, 21, 15, 12, 0, 7, 17, 6, 9, 33, 2, 4, 14, 10, 8, 3, 24, 34, 31, 26, 25, 30, 35, 37, 38, 39, 16, 32, 23, 20, 11, 29, 27, 36, 22]",2860,"[28, 5, 1, 19, 18, 13, 21, 15, 12, 0, 7, 17, 6, 9, 33, 2, 4, 14, 10, 8, 3, 24, 34, 31, 26, 25, 30, 35, 37, 38, 39, 16, 32, 23, 20, 11, 29, 27, 36, 22]",2860,4.707789897918701
"[28, 5, 1, 19, 18, 13, 21, 15, 12, 0, 7, 17, 6, 9, 33, 2, 4, 14, 10, 8, 3, 24, 34, 31, 26, 25, 30, 35, 37, 38, 39, 16, 32, 23, 20, 11, 29, 27, 36, 22]",2860,"[28, 5, 1, 19, 18, 13, 21, 15, 12, 0, 7, 17, 6, 9, 33, 2, 4, 14, 10, 8, 3, 24, 34, 31, 26, 25, 30, 35, 37, 38, 39, 16, 32, 23, 20, 11, 29, 27, 36, 22]",2860,4.772053003311157
"[28, 5, 1, 19, 18, 13, 21, 15, 12, 0, 7, 17, 6, 9, 33, 2, 4, 14, 10, 8, 3, 24, 34, 31, 26, 25, 30, 35, 37, 38, 39, 16, 32, 23, 20, 11, 29, 27, 36, 22]",2860,"[28, 5, 1, 19, 18, 13, 21, 15, 12, 0, 7, 17, 6, 9, 33, 2, 4, 14, 10, 8, 3, 24, 34, 31, 26, 25, 30, 35, 37, 38, 39, 16, 32, 23, 20, 11, 29, 27, 36, 22]",2860,4.835854768753052
"[28, 5, 1, 19, 18, 13, 21, 15, 12, 0, 7, 17, 6, 9, 33, 2, 4, 14, 10, 8, 3, 24, 34, 31, 26, 25, 30, 35, 37, 38, 39, 16, 32, 23, 20, 11, 29, 27, 36, 22]",2860,"[28, 5, 1, 19, 18, 13, 21, 15, 12, 0, 7, 17, 6, 9, 33, 2, 4, 14, 10, 8, 3, 24, 34, 31, 26, 25, 30, 35, 37, 38, 39, 16, 32, 23, 20, 11, 29, 27, 36, 22]",2860,4.903326034545898
"[28, 5, 1, 19, 18, 13, 21, 15, 12, 0, 7, 17, 6, 9, 33, 2, 4, 14, 10, 8, 3, 24, 34, 31, 26, 25, 30, 35, 37, 38, 39, 16, 32, 23, 20, 11, 29, 27, 36, 22]",2860,"[28, 5, 1, 19, 18, 13, 21, 15, 12, 0, 7, 17, 6, 9, 33, 2, 4, 14, 10, 8, 3, 24, 34, 31, 26, 25, 30, 35, 37, 38, 39, 16, 32, 23, 20, 11, 29, 27, 36, 22]",2860,4.972273826599121
"[38, 5, 1, 19, 18, 13, 21, 15, 12, 0, 7, 17, 6, 9, 33, 2, 4, 14, 10, 8, 3, 24, 34, 31, 26, 25, 30, 35, 37, 28, 39, 16, 32, 23, 20, 11, 29, 27, 36, 22]",2855,"[38, 5, 1, 19, 18, 13, 21, 15, 12, 0, 7, 17, 6, 9, 33, 2, 4, 14, 10, 8, 3, 24, 34, 31, 26, 25, 30, 35, 37, 28, 39, 16, 32, 23, 20, 11, 29, 27, 36, 22]",2855,5.056664943695068
"[38, 5, 1, 19, 18, 13, 21, 15, 12, 0, 7, 11, 6, 9, 33, 2, 4, 14, 10, 8, 3, 24, 34, 31, 26, 25, 30, 35, 37, 28, 39, 16, 32, 23, 20, 17, 29, 27, 36, 22]",2776,"[38, 5, 1, 19, 18, 13, 21, 15, 12, 0, 7, 11, 6, 9, 33, 2, 4, 14, 10, 8, 3, 24, 34, 31, 26, 25, 30, 35, 37, 28, 39, 16, 32, 23, 20, 17, 29, 27, 36, 22]",2776,5.121345043182373
"[38, 5, 1, 19, 18, 13, 21, 15, 12, 0, 7, 11, 6, 9, 33, 2, 4, 14, 10, 8, 3, 24, 34, 31, 26, 25, 30, 35, 37, 23, 39, 16, 32, 28, 20, 17, 29, 27, 36, 22]",2736,"[38, 5, 1, 19, 18, 13, 21, 15, 12, 0, 7, 11, 6, 9, 33, 2, 4, 14, 10, 8, 3, 24, 34, 31, 26, 25, 30, 35, 37, 23, 39, 16, 32, 28, 20, 17, 29, 27, 36, 22]",2736,5.19004487991333
"[38, 5, 1, 19, 18, 13, 21, 15, 12, 0, 7, 11, 6, 9, 33, 2, 4, 14, 10, 8, 3, 24, 34, 31, 26, 25, 30, 35, 37, 23, 39, 16, 32, 28, 20, 17, 29, 27, 36, 22]",2736,"[38, 5, 1, 19, 18, 13, 21, 15, 12, 0, 7, 11, 6, 9, 33, 2, 4, 14, 10, 8, 3, 24, 34, 31, 26, 25, 30, 35, 37, 23, 39, 16, 32, 28, 20, 17, 29, 27, 36, 22]",2736,5.260085105895996
"[38, 5, 1, 19, 18, 13, 21, 15, 12, 0, 7, 11, 6, 9, 33, 2, 4, 14, 10, 8, 3, 24, 34, 31, 26, 25, 30, 35, 37, 23, 39, 16, 32, 28, 20, 17, 29, 27, 36, 22]",2736,"[38, 5, 1, 19, 18, 13, 21, 15, 12, 0, 7, 11, 6, 9, 33, 2, 4, 14, 10, 8, 3, 24, 34, 31, 26, 25, 30, 35, 37, 23, 39, 16, 32, 28, 20, 17, 29, 27, 36, 22]",2736,5.330402135848999
"[38, 5, 1, 19, 18, 13, 21, 15, 12, 0, 7, 11, 6, 9, 33, 2, 4, 14, 10, 8, 3, 24, 34, 31, 26, 25, 30, 35, 37, 23, 39, 16, 32, 28, 20, 17, 29, 27, 36, 22]",2736,"[38, 5, 1, 19, 18, 13, 21, 15, 12, 0, 7, 11, 6, 9, 33, 2, 4, 14, 10, 8, 3, 24, 34, 31, 26, 25, 30, 35, 37, 23, 39, 16, 32, 28, 20, 17, 29, 27, 36, 22]",2736,5.400036811828613
"[38, 5, 1, 19, 18, 13, 21, 15, 12, 0, 7, 11, 6, 9, 33, 2, 4, 14, 10, 8, 3, 24, 34, 31, 26, 25, 30, 35, 16, 23, 39, 37, 32, 28, 20, 17, 29, 27, 36, 22]",2700,"[38, 5, 1, 19, 18, 13, 21, 15, 12, 0, 7, 11, 6, 9, 33, 2, 4, 14, 10, 8, 3, 24, 34, 31, 26, 25, 30, 35, 16, 23, 39, 37, 32, 28, 20, 17, 29, 27, 36, 22]",2700,5.471226930618286
"[38, 5, 1, 19, 18, 13, 21, 15, 12, 0, 7, 11, 6, 9, 33, 2, 4, 14, 10, 8, 3, 24, 34, 31, 26, 25, 30, 35, 16, 23, 39, 37, 32, 28, 20, 17, 29, 27, 36, 22]",2700,"[38, 5, 1, 19, 18, 13, 21, 15, 12, 0, 7, 11, 6, 9, 33, 2, 4, 14, 10, 8, 3, 24, 34, 31, 26, 25, 30, 35, 16, 23, 39, 37, 32, 28, 20, 17, 29, 27, 36, 22]",2700,5.5369579792022705
"[38, 5, 1, 19, 18, 13, 21, 15, 17, 0, 7, 11, 6, 9, 33, 2, 4, 14, 10, 8, 3, 24, 34, 31, 26, 25, 30, 35, 16, 23, 39, 37, 32, 28, 20, 12, 29, 27, 36, 22]",2686,"[38, 5, 1, 19, 18, 13, 21, 15, 17, 0, 7, 11, 6, 9, 33, 2, 4, 14, 10, 8, 3, 24, 34, 31, 26, 25, 30, 35, 16, 23, 39, 37, 32, 28, 20, 12, 29, 27, 36, 22]",2686,5.6033148765563965
"[38, 5, 1, 19, 18, 13, 21, 15, 17, 0, 7, 11, 6, 9, 33, 2, 4, 14, 10, 8, 3, 24, 34, 31, 26, 25, 30, 35, 16, 23, 39, 37, 32, 28, 20, 12, 29, 27, 36, 22]",2686,"[38, 5, 1, 19, 18, 13, 21, 15, 17, 0, 7, 11, 6, 9, 33, 2, 4, 14, 10, 8, 3, 24, 34, 31, 26, 25, 30, 35, 16, 23, 39, 37, 32, 28, 20, 12, 29, 27, 36, 22]",2686,5.671303033828735
"[38, 5, 1, 19, 18, 13, 21, 15, 17, 0, 7, 11, 6, 3, 33, 2, 4, 14, 10, 8, 9, 24, 34, 31, 26, 25, 30, 35, 16, 23, 39, 37, 32, 28, 20, 12, 29, 27, 36, 22]",2603,"[38, 5, 1, 19, 18, 13, 21, 15, 17, 0, 7, 11, 6, 3, 33, 2, 4, 14, 10, 8, 9, 24, 34, 31, 26, 25, 30, 35, 16, 23, 39, 37, 32, 28, 20, 12, 29, 27, 36, 22]",2603,5.736771821975708
"[2, 5, 1, 19, 18, 13, 21, 15, 17, 0, 7, 11, 6, 3, 33, 38, 4, 14, 10, 8, 9, 24, 34, 31, 26, 25, 30, 35, 16, 23, 39, 37, 32, 28, 20, 12, 29, 27, 36, 22]",2562,"[2, 5, 1, 19, 18, 13, 21, 15, 17, 0, 7, 11, 6, 3, 33, 38, 4, 14, 10, 8, 9, 24, 34, 31, 26, 25, 30, 35, 16, 23, 39, 37, 32, 28, 20, 12, 29, 27, 36, 22]",2562,5.806403875350952
"[2, 5, 1, 19, 18, 13, 21, 15, 17, 0, 7, 11, 6, 3, 33, 38, 4, 14, 10, 8, 9, 24, 34, 31, 26, 25, 30, 35, 16, 23, 39, 37, 32, 28, 20, 12, 29, 27, 36, 22]",2562,"[2, 5, 1, 19, 18, 13, 21, 15, 17, 0, 7, 11, 6, 3, 33, 38, 4, 14, 10, 8, 9, 24, 34, 31, 26, 25, 30, 35, 16, 23, 39, 37, 32, 28, 20, 12, 29, 27, 36, 22]",2562,5.875643968582153
"[2, 5, 1, 19, 18, 13, 21, 15, 17, 0, 7, 11, 6, 3, 33, 38, 4, 14, 10, 8, 9, 24, 34, 31, 26, 25, 30, 35, 16, 23, 39, 37, 32, 28, 20, 12, 29, 27, 36, 22]",2562,"[2, 5, 1, 19, 18, 13, 21, 15, 17, 0, 7, 11, 6, 3, 33, 38, 4, 14, 10, 8, 9, 24, 34, 31, 26, 25, 30, 35, 16, 23, 39, 37, 32, 28, 20, 12, 29, 27, 36, 22]",2562,5.946073770523071
"[2, 5, 1, 19, 18, 13, 21, 15, 17, 0, 7, 11, 6, 3, 33, 38, 4, 14, 10, 8, 9, 24, 34, 31, 26, 25, 30, 35, 16, 23, 39, 37, 32, 28, 20, 12, 29, 27, 36, 22]",2562,"[2, 5, 1, 19, 18, 13, 21, 15, 17, 0, 7, 11, 6, 3, 33, 38, 4, 14, 10, 8, 9, 24, 34, 31, 26, 25, 30, 35, 16, 23, 39, 37, 32, 28, 20, 12, 29, 27, 36, 22]",2562,6.016003131866455
"[2, 5, 1, 19, 18, 13, 21, 15, 17, 0, 7, 11, 6, 3, 33, 38, 4, 14, 10, 8, 9, 24, 34, 31, 26, 25, 30, 35, 16, 23, 39, 37, 32, 28, 20, 12, 29, 27, 36, 22]",2562,"[2, 5, 1, 19, 18, 13, 21, 15, 17, 0, 7, 11, 6, 3, 33, 38, 4, 14, 10, 8, 9, 24, 34, 31, 26, 25, 30, 35, 16, 23, 39, 37, 32, 28, 20, 12, 29, 27, 36, 22]",2562,6.086392164230347
"[2, 5, 1, 19, 18, 13, 21, 15, 17, 0, 7, 11, 6, 3, 33, 38, 4, 14, 10, 8, 9, 24, 34, 31, 26, 25, 30, 35, 16, 23, 39, 37, 32, 28, 20, 12, 29, 27, 36, 22]",2562,"[2, 5, 1, 19, 18, 13, 21, 15, 17, 0, 7, 11, 6, 3, 33, 38, 4, 14, 10, 8, 9, 24, 34, 31, 26, 25, 30, 35, 16, 23, 39, 37, 32, 28, 20, 12, 29, 27, 36, 22]",2562,6.152856826782227
"[2, 5, 1, 19, 18, 13, 21, 15, 17, 0, 7, 11, 6, 3, 33, 38, 4, 14, 10, 8, 9, 24, 34, 31, 26, 25, 30, 35, 16, 23, 39, 37, 32, 28, 20, 12, 29, 27, 36, 22]",2562,"[2, 5, 1, 19, 18, 13, 21, 15, 17, 0, 7, 11, 6, 3, 33, 38, 4, 14, 10, 8, 9, 24, 34, 31, 26, 25, 30, 35, 16, 23, 39, 37, 32, 28, 20, 12, 29, 27, 36, 22]",2562,6.218739032745361
"[2, 5, 1, 19, 18, 13, 21, 15, 17, 0, 7, 11, 6, 3, 33, 38, 4, 14, 10, 8, 9, 24, 34, 31, 26, 25, 30, 35, 16, 23, 39, 37, 32, 28, 20, 12, 29, 27, 36, 22]",2562,"[2, 5, 1, 19, 18, 13, 21, 15, 17, 0, 7, 11, 6, 3, 33, 38, 4, 14, 10, 8, 9, 24, 34, 31, 26, 25, 30, 35, 16, 23, 39, 37, 32, 28, 20, 12, 29, 27, 36, 22]",2562,6.282609939575195
"[2, 5, 1, 19, 18, 13, 21, 15, 17, 0, 7, 11, 6, 3, 33, 38, 4, 14, 10, 8, 9, 24, 34, 31, 26, 25, 30, 35, 16, 23, 39, 37, 29, 28, 20, 12, 32, 27, 36, 22]",2427,"[2, 5, 1, 19, 18, 13, 21, 15, 17, 0, 7, 11, 6, 3, 33, 38, 4, 14, 10, 8, 9, 24, 34, 31, 26, 25, 30, 35, 16, 23, 39, 37, 29, 28, 20, 12, 32, 27, 36, 22]",2427,6.345823049545288
"[2, 5, 1, 19, 18, 13, 21, 15, 17, 0, 7, 11, 6, 3, 33, 38, 4, 14, 10, 8, 9, 24, 34, 31, 26, 25, 30, 35, 16, 23, 39, 37, 29, 28, 20, 12, 32, 27, 36, 22]",2427,"[2, 5, 1, 19, 18, 13, 21, 15, 17, 0, 7, 11, 6, 3, 33, 38, 4, 14, 10, 8, 9, 24, 34, 31, 26, 25, 30, 35, 16, 23, 39, 37, 29, 28, 20, 12, 32, 27, 36, 22]",2427,6.410714864730835
"[2, 5, 1, 19, 18, 13, 21, 15, 17, 0, 7, 11, 6, 3, 33, 38, 4, 14, 10, 8, 9, 24, 34, 31, 26, 25, 30, 35, 16, 23, 39, 37, 29, 28, 20, 12, 32, 27, 36, 22]",2427,"[2, 5, 1, 19, 18, 13, 21, 15, 17, 0, 7, 11, 6, 3, 33, 38, 4, 14, 10, 8, 9, 24, 34, 31, 26, 25, 30, 35, 16, 23, 39, 37, 29, 28, 20, 12, 32, 27, 36, 22]",2427,6.4737348556518555
"[2, 5, 1, 19, 18, 13, 21, 15, 17, 0, 7, 11, 6, 3, 33, 38, 4, 14, 10, 8, 9, 24, 34, 31, 26, 25, 30, 35, 16, 23, 39, 37, 29, 28, 20, 12, 32, 27, 36, 22]",2427,"[2, 5, 1, 19, 18, 13, 21, 15, 17, 0, 7, 11, 6, 3, 33, 38, 4, 14, 10, 8, 9, 24, 34, 31, 26, 25, 30, 35, 16, 23, 39, 37, 29, 28, 20, 12, 32, 27, 36, 22]",2427,6.536880970001221
"[2, 5, 1, 19, 18, 13, 21, 15, 17, 0, 7, 11, 6, 3, 33, 38, 4, 14, 10, 8, 9, 24, 34, 31, 26, 25, 30, 35, 16, 23, 39, 37, 29, 28, 20, 12, 32, 27, 36, 22]",2427,"[2, 5, 1, 19, 18, 13, 21, 15, 17, 0, 7, 11, 6, 3, 33, 38, 4, 14, 10, 8, 9, 24, 34, 31, 26, 25, 30, 35, 16, 23, 39, 37, 29, 28, 20, 12, 32, 27, 36, 22]",2427,6.601323127746582
"[2, 5, 1, 19, 18, 13, 21, 15, 17, 0, 7, 11, 6, 3, 33, 38, 4, 14, 10, 8, 9, 24, 34, 31, 26, 25, 30, 35, 16, 23, 39, 37, 29, 28, 20, 12, 32, 27, 36, 22]",2427,"[2, 5, 1, 19, 18, 13, 21, 15, 17, 0, 7, 11, 6, 3, 33, 38, 4, 14, 10, 8, 9, 24, 34, 31, 26, 25, 30, 35, 16, 23, 39, 37, 29, 28, 20, 12, 32, 27, 36, 22]",2427,6.664982080459595
"[2, 5, 1, 19, 18, 13, 21, 15, 17, 0, 7, 11, 6, 3, 33, 38, 4, 14, 10, 8, 9, 24, 34, 31, 26, 25, 30, 35, 16, 23, 39, 37, 29, 28, 20, 12, 32, 27, 36, 22]",2427,"[2, 5, 1, 19, 18, 13, 21, 15, 17, 0, 7, 11, 6, 3, 33, 38, 4, 14, 10, 8, 9, 24, 34, 31, 26, 25, 30, 35, 16, 23, 39, 37, 29, 28, 20, 12, 32, 27, 36, 22]",2427,6.7283220291137695
"[2, 5, 1, 19, 18, 13, 21, 15, 17, 0, 7, 11, 6, 3, 33, 38, 4, 14, 10, 8, 9, 24, 34, 31, 26, 25, 30, 35, 16, 23, 39, 37, 29, 28, 20, 12, 32, 27, 36, 22]",2427,"[2, 5, 1, 19, 18, 13, 21, 15, 17, 0, 7, 11, 6, 3, 33, 38, 4, 14, 10, 8, 9, 24, 34, 31, 26, 25, 30, 35, 16, 23, 39, 37, 29, 28, 20, 12, 32, 27, 36, 22]",2427,6.790786027908325
"[2, 5, 1, 19, 18, 13, 21, 15, 17, 0, 7, 11, 6, 3, 33, 38, 4, 14, 10, 8, 9, 24, 34, 31, 26, 25, 30, 35, 16, 23, 39, 37, 29, 28, 20, 12, 32, 27, 36, 22]",2427,"[2, 5, 1, 19, 18, 13, 21, 15, 17, 0, 7, 11, 6, 3, 33, 38, 4, 14, 10, 8, 9, 24, 34, 31, 26, 25, 30, 35, 16, 23, 39, 37, 29, 28, 20, 12, 32, 27, 36, 22]",2427,6.853318929672241
"[2, 5, 1, 19, 18, 13, 21, 15, 17, 0, 7, 11, 6, 3, 33, 38, 4, 14, 10, 8, 9, 24, 34, 31, 26, 25, 30, 35, 16, 23, 39, 37, 29, 28, 20, 12, 32, 27, 36, 22]",2427,"[2, 5, 1, 19, 18, 13, 21, 15, 17, 0, 7, 11, 6, 3, 33, 38, 4, 14, 10, 8, 9, 24, 34, 31, 26, 25, 30, 35, 16, 23, 39, 37, 29, 28, 20, 12, 32, 27, 36, 22]",2427,6.915539026260376
"[18, 5, 1, 19, 2, 13, 21, 15, 17, 0, 7, 11, 6, 3, 33, 38, 4, 14, 10, 8, 9, 24, 34, 31, 26, 25, 30, 35, 16, 23, 39, 37, 29, 28, 20, 12, 32, 27, 36, 22]",2424,"[18, 5, 1, 19, 2, 13, 21, 15, 17, 0, 7, 11, 6, 3, 33, 38, 4, 14, 10, 8, 9, 24, 34, 31, 26, 25, 30, 35, 16, 23, 39, 37, 29, 28, 20, 12, 32, 27, 36, 22]",2424,6.981453895568848
"[18, 5, 1, 19, 2, 13, 21, 15, 17, 0, 7, 11, 6, 3, 33, 38, 4, 14, 10, 8, 9, 24, 34, 31, 26, 25, 30, 35, 16, 23, 39, 37, 29, 28, 20, 12, 32, 27, 36, 22]",2424,"[18, 5, 1, 19, 2, 13, 21, 15, 17, 0, 7, 11, 6, 3, 33, 38, 4, 14, 10, 8, 9, 24, 34, 31, 26, 25, 30, 35, 16, 23, 39, 37, 29, 28, 20, 12, 32, 27, 36, 22]",2424,7.046004056930542
"[18, 5, 1, 19, 2, 13, 21, 15, 17, 0, 7, 11, 6, 3, 33, 38, 4, 14, 10, 8, 9, 24, 34, 31, 26, 25, 30, 35, 16, 23, 39, 37, 29, 28, 20, 12, 32, 27, 36, 22]",2424,"[18, 5, 1, 19, 2, 13, 21, 15, 17, 0, 7, 11, 6, 3, 33, 38, 4, 14, 10, 8, 9, 24, 34, 31, 26, 25, 30, 35, 16, 23, 39, 37, 29, 28, 20, 12, 32, 27, 36, 22]",2424,7.108489990234375
"[18, 5, 1, 19, 2, 13, 21, 15, 17, 0, 7, 11, 6, 3, 33, 38, 4, 16, 10, 8, 9, 24, 34, 31, 26, 25, 30, 35, 14, 23, 39, 37, 29, 28, 20, 12, 32, 27, 36, 22]",2392,"[18, 5, 1, 19, 2, 13, 21, 15, 17, 0, 7, 11, 6, 3, 33, 38, 4, 16, 10, 8, 9, 24, 34, 31, 26, 25, 30, 35, 14, 23, 39, 37, 29, 28, 20, 12, 32, 27, 36, 22]",2392,7.171715021133423
"[18, 5, 1, 19, 2, 13, 21, 15, 17, 0, 7, 11, 6, 3, 33, 38, 4, 16, 10, 8, 9, 24, 34, 31, 26, 25, 30, 35, 14, 23, 39, 37, 29, 28, 20, 12, 32, 27, 36, 22]",2392,"[18, 5, 1, 19, 2, 13, 21, 15, 17, 0, 7, 11, 6, 3, 33, 38, 4, 16, 10, 8, 9, 24, 34, 31, 26, 25, 30, 35, 14, 23, 39, 37, 29, 28, 20, 12, 32, 27, 36, 22]",2392,7.235375881195068
"[18, 5, 1, 19, 2, 13, 21, 15, 17, 0, 7, 11, 6, 3, 33, 38, 4, 16, 10, 8, 9, 24, 34, 31, 26, 25, 30, 35, 14, 23, 39, 37, 29, 28, 20, 12, 32, 27, 36, 22]",2392,"[18, 5, 1, 19, 2, 13, 21, 15, 17, 0, 7, 11, 6, 3, 33, 38, 4, 16, 10, 8, 9, 24, 34, 31, 26, 25, 30, 35, 14, 23, 39, 37, 29, 28, 20, 12, 32, 27, 36, 22]",2392,7.29769492149353
"[18, 5, 1, 19, 2, 13, 21, 15, 17, 0, 7, 11, 6, 3, 33, 38, 4, 16, 10, 8, 9, 24, 34, 31, 26, 25, 30, 35, 14, 23, 39, 37, 29, 28, 20, 12, 32, 27, 36, 22]",2392,"[18, 5, 1, 19, 2, 13, 21, 15, 17, 0, 7, 11, 6, 3, 33, 38, 4, 16, 10, 8, 9, 24, 34, 31, 26, 25, 30, 35, 14, 23, 39, 37, 29, 28, 20, 12, 32, 27, 36, 22]",2392,7.360220909118652
"[18, 5, 1, 19, 2, 13, 21, 15, 17, 0, 7, 11, 6, 3, 33, 38, 4, 16, 10, 8, 9, 24, 34, 31, 26, 25, 30, 35, 14, 23, 39, 37, 29, 28, 20, 12, 32, 27, 36, 22]",2392,"[18, 5, 1, 19, 2, 13, 21, 15, 17, 0, 7, 11, 6, 3, 33, 38, 4, 16, 10, 8, 9, 24, 34, 31, 26, 25, 30, 35, 14, 23, 39, 37, 29, 28, 20, 12, 32, 27, 36, 22]",2392,7.425085067749023
"[18, 5, 1, 19, 2, 13, 21, 15, 17, 0, 7, 11, 6, 3, 33, 38, 4, 16, 10, 8, 9, 24, 34, 31, 26, 25, 30, 35, 14, 23, 39, 37, 29, 28, 20, 12, 32, 27, 36, 22]",2392,"[18, 5, 1, 19, 2, 13, 21, 15, 17, 0, 7, 11, 6, 3, 33, 38, 4, 16, 10, 8, 9, 24, 34, 31, 26, 25, 30, 35, 14, 23, 39, 37, 29, 28, 20, 12, 32, 27, 36, 22]",2392,7.491817951202393
"[18, 5, 1, 19, 2, 13, 21, 15, 17, 0, 7, 11, 6, 3, 33, 38, 4, 16, 10, 8, 9, 24, 34, 31, 26, 25, 30, 35, 14, 23, 39, 37, 29, 28, 20, 12, 32, 27, 36, 22]",2392,"[18, 5, 1, 19, 2, 13, 21, 15, 17, 0, 7, 11, 6, 3, 33, 38, 4, 16, 10, 8, 9, 24, 34, 31, 26, 25, 30, 35, 14, 23, 39, 37, 29, 28, 20, 12, 32, 27, 36, 22]",2392,7.5622642040252686
"[18, 5, 1, 19, 2, 13, 21, 15, 17, 0, 14, 11, 6, 3, 33, 38, 4, 16, 10, 8, 9, 24, 34, 31, 26, 25, 30, 35, 7, 23, 39, 37, 29, 28, 20, 12, 32, 27, 36, 22]",2078,"[18, 5, 1, 19, 2, 13, 21, 15, 17, 0, 14, 11, 6, 3, 33, 38, 4, 16, 10, 8, 9, 24, 34, 31, 26, 25, 30, 35, 7, 23, 39, 37, 29, 28, 20, 12, 32, 27, 36, 22]",2078,7.62785005569458
"[18, 5, 1, 19, 2, 13, 21, 15, 17, 0, 14, 11, 6, 3, 33, 38, 4, 16, 10, 8, 9, 24, 34, 31, 26, 25, 30, 35, 7, 23, 39, 37, 29, 28, 20, 12, 32, 27, 36, 22]",2078,"[18, 5, 1, 19, 2, 13, 21, 15, 17, 0, 14, 11, 6, 3, 33, 38, 4, 16, 10, 8, 9, 24, 34, 31, 26, 25, 30, 35, 7, 23, 39, 37, 29, 28, 20, 12, 32, 27, 36, 22]",2078,7.693351984024048
"[18, 5, 1, 19, 2, 13, 21, 15, 17, 0, 14, 11, 6, 3, 24, 38, 4, 16, 10, 8, 9, 33, 34, 31, 26, 25, 30, 35, 7, 23, 39, 37, 29, 28, 20, 12, 32, 27, 36, 22]",2046,"[18, 5, 1, 19, 2, 13, 21, 15, 17, 0, 14, 11, 6, 3, 24, 38, 4, 16, 10, 8, 9, 33, 34, 31, 26, 25, 30, 35, 7, 23, 39, 37, 29, 28, 20, 12, 32, 27, 36, 22]",2046,7.758872747421265
"[18, 5, 1, 19, 2, 13, 21, 15, 17, 0, 14, 11, 6, 3, 24, 38, 4, 16, 10, 8, 9, 33, 34, 31, 26, 25, 30, 35, 7, 23, 39, 37, 29, 28, 20, 12, 32, 27, 36, 22]",2046,"[18, 5, 1, 19, 2, 13, 21, 15, 17, 0, 14, 11, 6, 3, 24, 38, 4, 16, 10, 8, 9, 33, 34, 31, 26, 25, 30, 35, 7, 23, 39, 37, 29, 28, 20, 12, 32, 27, 36, 22]",2046,7.823647975921631
"[18, 5, 1, 19, 2, 13, 21, 15, 17, 0, 14, 11, 6, 3, 24, 38, 4, 16, 10, 8, 9, 33, 34, 31, 26, 25, 30, 35, 7, 23, 39, 37, 29, 28, 20, 12, 32, 27, 36, 22]",2046,"[18, 5, 1, 19, 2, 13, 21, 15, 17, 0, 14, 11, 6, 3, 24, 38, 4, 16, 10, 8, 9, 33, 34, 31, 26, 25, 30, 35, 7, 23, 39, 37, 29, 28, 20, 12, 32, 27, 36, 22]",2046,7.889280080795288
"[18, 5, 1, 19, 2, 13, 21, 15, 17, 0, 14, 11, 6, 3, 24, 38, 4, 16, 10, 8, 9, 33, 34, 31, 26, 25, 30, 35, 7, 23, 39, 37, 29, 28, 20, 12, 32, 27, 36, 22]",2046,"[18, 5, 1, 19, 2, 13, 21, 15, 17, 0, 14, 11, 6, 3, 24, 38, 4, 16, 10, 8, 9, 33, 34, 31, 26, 25, 30, 35, 7, 23, 39, 37, 29, 28, 20, 12, 32, 27, 36, 22]",2046,7.952509880065918
"[18, 5, 1, 19, 2, 13, 21, 15, 17, 0, 14, 11, 6, 3, 24, 38, 4, 16, 10, 8, 9, 33, 34, 31, 26, 25, 30, 35, 7, 23, 39, 37, 29, 28, 20, 12, 32, 27, 36, 22]",2046,"[18, 5, 1, 19, 2, 13, 21, 15, 17, 0, 14, 11, 6, 3, 24, 38, 4, 16, 10, 8, 9, 33, 34, 31, 26, 25, 30, 35, 7, 23, 39, 37, 29, 28, 20, 12, 32, 27, 36, 22]",2046,8.017488956451416
"[18, 5, 1, 19, 2, 13, 21, 15, 17, 0, 14, 11, 6, 3, 24, 38, 4, 16, 10, 8, 9, 33, 34, 31, 26, 25, 30, 35, 7, 23, 39, 37, 29, 28, 20, 12, 32, 27, 36, 22]",2046,"[18, 5, 1, 19, 2, 13, 21, 15, 17, 0, 14, 11, 6, 3, 24, 38, 4, 16, 10, 8, 9, 33, 34, 31, 26, 25, 30, 35, 7, 23, 39, 37, 29, 28, 20, 12, 32, 27, 36, 22]",2046,8.0812668800354
"[18, 5, 1, 19, 2, 13, 21, 15, 17, 0, 14, 11, 6, 3, 24, 38, 4, 16, 10, 8, 9, 33, 34, 31, 26, 25, 30, 35, 7, 23, 39, 37, 29, 28, 20, 12, 32, 27, 36, 22]",2046,"[18, 5, 1, 19, 2, 13, 21, 15, 17, 0, 14, 11, 6, 3, 24, 38, 4, 16, 10, 8, 9, 33, 34, 31, 26, 25, 30, 35, 7, 23, 39, 37, 29, 28, 20, 12, 32, 27, 36, 22]",2046,8.14442491531372
"[18, 5, 1, 19, 2, 13, 21, 15, 17, 0, 14, 11, 6, 3, 24, 38, 4, 16, 10, 8, 9, 33, 34, 31, 26, 25, 30, 35, 7, 23, 39, 37, 29, 28, 20, 12, 32, 27, 36, 22]",2046,"[18, 5, 1, 19, 2, 13, 21, 15, 17, 0, 14, 11, 6, 3, 24, 38, 4, 16, 10, 8, 9, 33, 34, 31, 26, 25, 30, 35, 7, 23, 39, 37, 29, 28, 20, 12, 32, 27, 36, 22]",2046,8.2081139087677
"[18, 5, 1, 19, 2, 13, 21, 15, 17, 0, 14, 11, 6, 3, 24, 38, 4, 16, 10, 8, 9, 33, 34, 31, 26, 25, 30, 35, 7, 23, 39, 37, 29, 28, 20, 12, 32, 27, 36, 22]",2046,"[18, 5, 1, 19, 2, 13, 21, 15, 17, 0, 14, 11, 6, 3, 24, 38, 4, 16, 10, 8, 9, 33, 34, 31, 26, 25, 30, 35, 7, 23, 39, 37, 29, 28, 20, 12, 32, 27, 36, 22]",2046,8.272237777709961
"[18, 5, 1, 19, 2, 13, 21, 15, 17, 0, 14, 11, 6, 3, 24, 38, 4, 16, 10, 8, 9, 33, 34, 31, 26, 25, 30, 35, 7, 23, 39, 37, 29, 28, 20, 12, 32, 27, 36, 22]",2046,"[18, 5, 1, 19, 2, 13, 21, 15, 17, 0, 14, 11, 6, 3, 24, 38, 4, 16, 10, 8, 9, 33, 34, 31, 26, 25, 30, 35, 7, 23, 39, 37, 29, 28, 20, 12, 32, 27, 36, 22]",2046,8.336281776428223
"[18, 5, 1, 19, 2, 13, 21, 6, 17, 0, 14, 11, 15, 3, 24, 38, 4, 16, 10, 8, 9, 33, 34, 31, 26, 25, 30, 35, 7, 23, 39, 37, 29, 28, 20, 12, 32, 27, 36, 22]",2037,"[18, 5, 1, 19, 2, 13, 21, 6, 17, 0, 14, 11, 15, 3, 24, 38, 4, 16, 10, 8, 9, 33, 34, 31, 26, 25, 30, 35, 7, 23, 39, 37, 29, 28, 20, 12, 32, 27, 36, 22]",2037,8.401715993881226
"[18, 5, 1, 19, 2, 13, 21, 6, 17, 0, 14, 11, 15, 3, 24, 38, 4, 16, 10, 8, 9, 33, 34, 31, 26, 25, 30, 35, 7, 23, 39, 37, 29, 28, 20, 12, 32, 27, 36, 22]",2037,"[18, 5, 1, 19, 2, 13, 21, 6, 17, 0, 14, 11, 15, 3, 24, 38, 4, 16, 10, 8, 9, 33, 34, 31, 26, 25, 30, 35, 7, 23, 39, 37, 29, 28, 20, 12, 32, 27, 36, 22]",2037,8.466495990753174
"[18, 5, 1, 19, 2, 13, 21, 6, 17, 0, 14, 11, 15, 3, 24, 38, 4, 16, 10, 8, 9, 33, 34, 31, 26, 25, 30, 35, 7, 23, 39, 37, 29, 28, 20, 12, 32, 27, 36, 22]",2037,"[18, 5, 1, 19, 2, 13, 21, 6, 17, 0, 14, 11, 15, 3, 24, 38, 4, 16, 10, 8, 9, 33, 34, 31, 26, 25, 30, 35, 7, 23, 39, 37, 29, 28, 20, 12, 32, 27, 36, 22]",2037,8.530081987380981
"[18, 5, 1, 19, 2, 13, 21, 6, 17, 0, 14, 11, 15, 3, 24, 38, 4, 16, 10, 8, 9, 33, 34, 31, 26, 25, 30, 35, 7, 23, 39, 37, 29, 28, 20, 12, 32, 27, 36, 22]",2037,"[18, 5, 1, 19, 2, 13, 21, 6, 17, 0, 14, 11, 15, 3, 24, 38, 4, 16, 10, 8, 9, 33, 34, 31, 26, 25, 30, 35, 7, 23, 39, 37, 29, 28, 20, 12, 32, 27, 36, 22]",2037,8.610010862350464
"[18, 5, 1, 19, 2, 13, 21, 6, 17, 0, 14, 11, 15, 3, 24, 38, 4, 16, 10, 8, 9, 33, 34, 31, 26, 25, 30, 35, 7, 23, 39, 37, 29, 28, 20, 12, 32, 27, 36, 22]",2037,"[18, 5, 1, 19, 2, 13, 21, 6, 17, 0, 14, 11, 15, 3, 24, 38, 4, 16, 10, 8, 9, 33, 34, 31, 26, 25, 30, 35, 7, 23, 39, 37, 29, 28, 20, 12, 32, 27, 36, 22]",2037,8.6735999584198
"[18, 5, 1, 19, 2, 13, 21, 6, 17, 0, 14, 11, 15, 3, 24, 38, 4, 16, 10, 8, 9, 33, 34, 31, 26, 25, 30, 35, 7, 23, 39, 37, 29, 28, 20, 12, 32, 27, 36, 22]",2037,"[18, 5, 1, 19, 2, 13, 21, 6, 17, 0, 14, 11, 15, 3, 24, 38, 4, 16, 10, 8, 9, 33, 34, 31, 26, 25, 30, 35, 7, 23, 39, 37, 29, 28, 20, 12, 32, 27, 36, 22]",2037,8.736808061599731
"[18, 5, 1, 19, 2, 13, 21, 6, 17, 0, 14, 11, 15, 3, 24, 38, 4, 16, 10, 8, 9, 33, 34, 31, 26, 25, 30, 35, 7, 23, 39, 37, 29, 28, 20, 12, 32, 27, 36, 22]",2037,"[18, 5, 1, 19, 2, 13, 21, 6, 17, 0, 14, 11, 15, 3, 24, 38, 4, 16, 10, 8, 9, 33, 34, 31, 26, 25, 30, 35, 7, 23, 39, 37, 29, 28, 20, 12, 32, 27, 36, 22]",2037,8.7989981174469
"[18, 5, 1, 19, 2, 13, 21, 6, 17, 0, 14, 11, 15, 3, 24, 38, 4, 16, 10, 8, 9, 33, 34, 31, 26, 25, 30, 35, 7, 23, 39, 37, 29, 28, 20, 12, 32, 27, 36, 22]",2037,"[18, 5, 1, 19, 2, 13, 21, 6, 17, 0, 14, 11, 15, 3, 24, 38, 4, 16, 10, 8, 9, 33, 34, 31, 26, 25, 30, 35, 7, 23, 39, 37, 29, 28, 20, 12, 32, 27, 36, 22]",2037,8.867982864379883
"[18, 5, 1, 19, 2, 13, 21, 6, 17, 0, 14, 11, 15, 3, 24, 38, 4, 16, 10, 8, 9, 33, 34, 31, 26, 25, 30, 35, 7, 23, 39, 37, 29, 28, 20, 12, 32, 27, 36, 22]",2037,"[18, 5, 1, 19, 2, 13, 21, 6, 17, 0, 14, 11, 15, 3, 24, 38, 4, 16, 10, 8, 9, 33, 34, 31, 26, 25, 30, 35, 7, 23, 39, 37, 29, 28, 20, 12, 32, 27, 36, 22]",2037,8.936866760253906
"[18, 5, 1, 19, 2, 13, 21, 6, 17, 0, 14, 11, 15, 3, 24, 38, 4, 16, 10, 8, 9, 33, 34, 31, 26, 25, 30, 35, 7, 23, 39, 37, 29, 28, 20, 12, 32, 27, 36, 22]",2037,"[18, 5, 1, 19, 2, 13, 21, 6, 17, 0, 14, 11, 15, 3, 24, 38, 4, 16, 10, 8, 9, 33, 34, 31, 26, 25, 30, 35, 7, 23, 39, 37, 29, 28, 20, 12, 32, 27, 36, 22]",2037,9.004120111465454
"[18, 5, 1, 19, 2, 13, 21, 6, 17, 0, 14, 11, 15, 3, 24, 38, 4, 16, 10, 8, 9, 33, 34, 31, 26, 25, 30, 35, 7, 23, 39, 37, 29, 28, 20, 12, 32, 27, 36, 22]",2037,"[18, 5, 1, 19, 2, 13, 21, 6, 17, 0, 14, 11, 15, 3, 24, 38, 4, 16, 10, 8, 9, 33, 34, 31, 26, 25, 30, 35, 7, 23, 39, 37, 29, 28, 20, 12, 32, 27, 36, 22]",2037,9.069961071014404
"[18, 5, 1, 19, 2, 13, 21, 6, 17, 0, 14, 11, 15, 3, 24, 38, 4, 16, 10, 8, 9, 33, 34, 31, 26, 25, 30, 35, 7, 23, 39, 37, 29, 28, 20, 12, 32, 27, 36, 22]",2037,"[18, 5, 1, 19, 2, 13, 21, 6, 17, 0, 14, 11, 15, 3, 24, 38, 4, 16, 10, 8, 9, 33, 34, 31, 26, 25, 30, 35, 7, 23, 39, 37, 29, 28, 20, 12, 32, 27, 36, 22]",2037,9.134252071380615
"[18, 5, 1, 19, 2, 13, 21, 6, 17, 0, 14, 11, 15, 3, 24, 38, 4, 16, 10, 8, 9, 33, 34, 31, 26, 25, 30, 35, 7, 23, 39, 37, 29, 28, 20, 12, 32, 27, 36, 22]",2037,"[18, 5, 1, 19, 2, 13, 21, 6, 17, 0, 14, 11, 15, 3, 24, 38, 4, 16, 10, 8, 9, 33, 34, 31, 26, 25, 30, 35, 7, 23, 39, 37, 29, 28, 20, 12, 32, 27, 36, 22]",2037,9.197646856307983
"[18, 5, 1, 19, 2, 13, 21, 6, 17, 0, 14, 11, 15, 3, 24, 38, 4, 16, 10, 8, 9, 33, 34, 31, 26, 25, 30, 35, 7, 23, 39, 37, 29, 28, 20, 12, 32, 27, 36, 22]",2037,"[18, 5, 1, 19, 2, 13, 21, 6, 17, 0, 14, 11, 15, 3, 24, 38, 4, 16, 10, 8, 9, 33, 34, 31, 26, 25, 30, 35, 7, 23, 39, 37, 29, 28, 20, 12, 32, 27, 36, 22]",2037,9.265005826950073
"[18, 5, 1, 19, 2, 13, 21, 6, 17, 0, 14, 11, 15, 3, 24, 38, 4, 16, 10, 8, 9, 33, 34, 31, 26, 25, 30, 35, 7, 23, 39, 37, 29, 28, 20, 12, 32, 27, 36, 22]",2037,"[18, 5, 1, 19, 2, 13, 21, 6, 17, 0, 14, 11, 15, 3, 24, 38, 4, 16, 10, 8, 9, 33, 34, 31, 26, 25, 30, 35, 7, 23, 39, 37, 29, 28, 20, 12, 32, 27, 36, 22]",2037,9.336152791976929
"[18, 5, 1, 19, 2, 13, 21, 6, 17, 0, 14, 11, 15, 3, 24, 38, 4, 16, 10, 8, 9, 33, 34, 31, 26, 25, 30, 35, 7, 23, 39, 37, 29, 28, 20, 12, 32, 27, 36, 22]",2037,"[18, 5, 1, 19, 2, 13, 21, 6, 17, 0, 14, 11, 15, 3, 24, 38, 4, 16, 10, 8, 9, 33, 34, 31, 26, 25, 30, 35, 7, 23, 39, 37, 29, 28, 20, 12, 32, 27, 36, 22]",2037,9.40653109550476
"[18, 5, 1, 19, 2, 13, 21, 6, 17, 0, 14, 11, 15, 3, 24, 38, 4, 16, 10, 8, 9, 33, 34, 31, 26, 25, 30, 35, 7, 23, 39, 37, 29, 28, 20, 12, 32, 27, 36, 22]",2037,"[18, 5, 1, 19, 2, 13, 21, 6, 17, 0, 14, 11, 15, 3, 24, 38, 4, 16, 10, 8, 9, 33, 34, 31, 26, 25, 30, 35, 7, 23, 39, 37, 29, 28, 20, 12, 32, 27, 36, 22]",2037,9.476569890975952
"[18, 5, 1, 19, 2, 13, 21, 6, 17, 0, 14, 11, 15, 3, 24, 38, 4, 16, 10, 8, 9, 33, 34, 31, 26, 25, 30, 35, 7, 23, 39, 37, 29, 28, 20, 12, 32, 27, 36, 22]",2037,"[18, 5, 1, 19, 2, 13, 21, 6, 17, 0, 14, 11, 15, 3, 24, 38, 4, 16, 10, 8, 9, 33, 34, 31, 26, 25, 30, 35, 7, 23, 39, 37, 29, 28, 20, 12, 32, 27, 36, 22]",2037,9.545572996139526
"[18, 5, 1, 19, 2, 13, 21, 6, 17, 0, 14, 11, 15, 3, 24, 38, 4, 16, 10, 8, 9, 33, 34, 31, 26, 25, 30, 35, 7, 23, 39, 37, 29, 28, 20, 12, 32, 27, 36, 22]",2037,"[18, 5, 1, 19, 2, 13, 21, 6, 17, 0, 14, 11, 15, 3, 24, 38, 4, 16, 10, 8, 9, 33, 34, 31, 26, 25, 30, 35, 7, 23, 39, 37, 29, 28, 20, 12, 32, 27, 36, 22]",2037,9.614017963409424
"[18, 5, 1, 19, 2, 13, 21, 6, 17, 0, 14, 11, 15, 3, 24, 38, 4, 16, 10, 8, 9, 33, 34, 31, 26, 25, 30, 35, 37, 23, 39, 7, 29, 28, 20, 12, 32, 27, 36, 22]",1969,"[18, 5, 1, 19, 2, 13, 21, 6, 17, 0, 14, 11, 15, 3, 24, 38, 4, 16, 10, 8, 9, 33, 34, 31, 26, 25, 30, 35, 37, 23, 39, 7, 29, 28, 20, 12, 32, 27, 36, 22]",1969,9.681528806686401
"[18, 5, 1, 19, 2, 13, 21, 6, 17, 0, 14, 11, 15, 3, 24, 38, 4, 16, 10, 8, 9, 33, 34, 31, 26, 25, 30, 35, 37, 23, 39, 7, 29, 28, 20, 12, 32, 27, 36, 22]",1969,"[18, 5, 1, 19, 2, 13, 21, 6, 17, 0, 14, 11, 15, 3, 24, 38, 4, 16, 10, 8, 9, 33, 34, 31, 26, 25, 30, 35, 37, 23, 39, 7, 29, 28, 20, 12, 32, 27, 36, 22]",1969,9.750420093536377
"[18, 5, 1, 19, 2, 13, 21, 6, 17, 0, 14, 11, 15, 3, 24, 38, 4, 16, 10, 8, 9, 33, 34, 31, 26, 25, 30, 35, 37, 23, 39, 7, 29, 28, 20, 12, 32, 27, 36, 22]",1969,"[18, 5, 1, 19, 2, 13, 21, 6, 17, 0, 14, 11, 15, 3, 24, 38, 4, 16, 10, 8, 9, 33, 34, 31, 26, 25, 30, 35, 37, 23, 39, 7, 29, 28, 20, 12, 32, 27, 36, 22]",1969,9.81944990158081
"[18, 5, 1, 19, 2, 13, 21, 6, 17, 0, 14, 11, 15, 3, 24, 38, 4, 16, 10, 8, 9, 33, 34, 31, 26, 25, 30, 35, 37, 23, 39, 7, 29, 28, 20, 12, 32, 27, 36, 22]",1969,"[18, 5, 1, 19, 2, 13, 21, 6, 17, 0, 14, 11, 15, 3, 24, 38, 4, 16, 10, 8, 9, 33, 34, 31, 26, 25, 30, 35, 37, 23, 39, 7, 29, 28, 20, 12, 32, 27, 36, 22]",1969,9.887450933456421
"[18, 5, 1, 19, 2, 13, 21, 6, 17, 0, 14, 11, 15, 3, 24, 38, 4, 16, 10, 8, 9, 33, 34, 31, 26, 25, 30, 35, 37, 23, 39, 7, 29, 28, 20, 12, 32, 27, 36, 22]",1969,"[18, 5, 1, 19, 2, 13, 21, 6, 17, 0, 14, 11, 15, 3, 24, 38, 4, 16, 10, 8, 9, 33, 34, 31, 26, 25, 30, 35, 37, 23, 39, 7, 29, 28, 20, 12, 32, 27, 36, 22]",1969,9.954435110092163
"[18, 5, 1, 19, 2, 13, 21, 6, 17, 0, 14, 11, 15, 3, 24, 38, 4, 16, 10, 8, 9, 33, 34, 31, 26, 25, 30, 35, 37, 23, 39, 7, 29, 28, 20, 12, 32, 27, 36, 22]",1969,"[18, 5, 1, 19, 2, 13, 21, 6, 17, 0, 14, 11, 15, 3, 24, 38, 4, 16, 10, 8, 9, 33, 34, 31, 26, 25, 30, 35, 37, 23, 39, 7, 29, 28, 20, 12, 32, 27, 36, 22]",1969,10.021682024002075
"[18, 5, 1, 19, 2, 13, 21, 6, 17, 0, 14, 11, 15, 3, 24, 38, 4, 16, 10, 8, 9, 33, 34, 31, 26, 25, 30, 35, 37, 23, 39, 7, 29, 28, 20, 12, 32, 27, 36, 22]",1969,"[18, 5, 1, 19, 2, 13, 21, 6, 17, 0, 14, 11, 15, 3, 24, 38, 4, 16, 10, 8, 9, 33, 34, 31, 26, 25, 30, 35, 37, 23, 39, 7, 29, 28, 20, 12, 32, 27, 36, 22]",1969,10.087277889251709
"[18, 5, 1, 19, 2, 13, 21, 6, 17, 0, 14, 11, 15, 3, 24, 38, 4, 16, 10, 8, 9, 33, 34, 31, 26, 25, 30, 35, 37, 23, 39, 7, 29, 28, 20, 12, 32, 27, 36, 22]",1969,"[18, 5, 1, 19, 2, 13, 21, 6, 17, 0, 14, 11, 15, 3, 24, 38, 4, 16, 10, 8, 9, 33, 34, 31, 26, 25, 30, 35, 37, 23, 39, 7, 29, 28, 20, 12, 32, 27, 36, 22]",1969,10.152496814727783
"[18, 5, 1, 19, 2, 13, 21, 6, 17, 0, 14, 11, 15, 3, 24, 38, 4, 16, 10, 8, 9, 33, 34, 31, 26, 25, 30, 35, 37, 23, 39, 7, 29, 28, 20, 12, 32, 27, 36, 22]",1969,"[18, 5, 1, 19, 2, 13, 21, 6, 17, 0, 14, 11, 15, 3, 24, 38, 4, 16, 10, 8, 9, 33, 34, 31, 26, 25, 30, 35, 37, 23, 39, 7, 29, 28, 20, 12, 32, 27, 36, 22]",1969,10.216899871826172
"[18, 5, 1, 19, 2, 13, 21, 6, 17, 0, 14, 11, 15, 3, 24, 38, 4, 16, 10, 8, 9, 33, 34, 31, 26, 25, 30, 35, 37, 23, 39, 7, 29, 28, 20, 12, 32, 27, 36, 22]",1969,"[18, 5, 1, 19, 2, 13, 21, 6, 17, 0, 14, 11, 15, 3, 24, 38, 4, 16, 10, 8, 9, 33, 34, 31, 26, 25, 30, 35, 37, 23, 39, 7, 29, 28, 20, 12, 32, 27, 36, 22]",1969,10.280908107757568
"[18, 5, 1, 19, 2, 13, 21, 6, 17, 0, 14, 11, 15, 3, 24, 38, 4, 16, 10, 8, 9, 33, 34, 31, 26, 25, 30, 35, 37, 23, 39, 7, 29, 28, 20, 12, 32, 27, 36, 22]",1969,"[18, 5, 1, 19, 2, 13, 21, 6, 17, 0, 14, 11, 15, 3, 24, 38, 4, 16, 10, 8, 9, 33, 34, 31, 26, 25, 30, 35, 37, 23, 39, 7, 29, 28, 20, 12, 32, 27, 36, 22]",1969,10.344233989715576
"[18, 5, 1, 19, 2, 13, 21, 6, 17, 0, 14, 11, 15, 3, 24, 38, 4, 16, 10, 8, 9, 33, 34, 31, 26, 25, 30, 35, 37, 23, 39, 7, 29, 28, 20, 12, 32, 27, 36, 22]",1969,"[18, 5, 1, 19, 2, 13, 21, 6, 17, 0, 14, 11, 15, 3, 24, 38, 4, 16, 10, 8, 9, 33, 34, 31, 26, 25, 30, 35, 37, 23, 39, 7, 29, 28, 20, 12, 32, 27, 36, 22]",1969,10.408816814422607
"[18, 5, 1, 19, 2, 13, 21, 6, 17, 0, 14, 11, 15, 3, 24, 38, 4, 16, 10, 8, 9, 33, 34, 31, 26, 25, 30, 35, 37, 23, 39, 7, 29, 28, 20, 12, 32, 27, 36, 22]",1969,"[18, 5, 1, 19, 2, 13, 21, 6, 17, 0, 14, 11, 15, 3, 24, 38, 4, 16, 10, 8, 9, 33, 34, 31, 26, 25, 30, 35, 37, 23, 39, 7, 29, 28, 20, 12, 32, 27, 36, 22]",1969,10.473736047744751
"[18, 5, 1, 19, 2, 13, 21, 6, 17, 0, 14, 11, 15, 3, 24, 38, 4, 16, 10, 8, 9, 33, 34, 31, 26, 25, 30, 35, 37, 23, 39, 7, 29, 28, 20, 12, 32, 27, 36, 22]",1969,"[18, 5, 1, 19, 2, 13, 21, 6, 17, 0, 14, 11, 15, 3, 24, 38, 4, 16, 10, 8, 9, 33, 34, 31, 26, 25, 30, 35, 37, 23, 39, 7, 29, 28, 20, 12, 32, 27, 36, 22]",1969,10.536756992340088
"[18, 5, 1, 19, 2, 13, 21, 6, 17, 0, 14, 11, 15, 3, 24, 38, 4, 16, 10, 8, 9, 33, 34, 31, 26, 25, 30, 35, 37, 23, 39, 7, 29, 36, 20, 12, 32, 27, 28, 22]",1958,"[18, 5, 1, 19, 2, 13, 21, 6, 17, 0, 14, 11, 15, 3, 24, 38, 4, 16, 10, 8, 9, 33, 34, 31, 26, 25, 30, 35, 37, 23, 39, 7, 29, 36, 20, 12, 32, 27, 28, 22]",1958,10.600311994552612
"[18, 5, 1, 19, 2, 13, 21, 6, 17, 0, 14, 11, 15, 3, 24, 38, 4, 16, 10, 8, 9, 33, 34, 31, 26, 25, 30, 35, 37, 23, 39, 7, 29, 36, 20, 12, 32, 27, 28, 22]",1958,"[18, 5, 1, 19, 2, 13, 21, 6, 17, 0, 14, 11, 15, 3, 24, 38, 4, 16, 10, 8, 9, 33, 34, 31, 26, 25, 30, 35, 37, 23, 39, 7, 29, 36, 20, 12, 32, 27, 28, 22]",1958,10.666093826293945
"[18, 5, 1, 19, 2, 13, 21, 6, 17, 0, 14, 11, 15, 3, 24, 38, 4, 16, 10, 8, 9, 33, 34, 31, 26, 25, 30, 35, 37, 23, 39, 7, 29, 36, 20, 12, 32, 27, 28, 22]",1958,"[18, 5, 1, 19, 2, 13, 21, 6, 17, 0, 14, 11, 15, 3, 24, 38, 4, 16, 10, 8, 9, 33, 34, 31, 26, 25, 30, 35, 37, 23, 39, 7, 29, 36, 20, 12, 32, 27, 28, 22]",1958,10.731255054473877
"[18, 5, 1, 19, 2, 13, 21, 6, 17, 0, 14, 11, 15, 3, 24, 38, 4, 16, 10, 8, 9, 33, 34, 31, 26, 25, 30, 35, 37, 23, 39, 7, 29, 36, 20, 12, 32, 27, 28, 22]",1958,"[18, 5, 1, 19, 2, 13, 21, 6, 17, 0, 14, 11, 15, 3, 24, 38, 4, 16, 10, 8, 9, 33, 34, 31, 26, 25, 30, 35, 37, 23, 39, 7, 29, 36, 20, 12, 32, 27, 28, 22]",1958,10.79531192779541
"[18, 5, 1, 19, 2, 13, 21, 6, 17, 0, 14, 11, 15, 3, 24, 38, 4, 16, 10, 8, 9, 33, 34, 31, 26, 25, 30, 35, 37, 23, 39, 7, 29, 36, 20, 12, 32, 27, 28, 22]",1958,"[18, 5, 1, 19, 2, 13, 21, 6, 17, 0, 14, 11, 15, 3, 24, 38, 4, 16, 10, 8, 9, 33, 34, 31, 26, 25, 30, 35, 37, 23, 39, 7, 29, 36, 20, 12, 32, 27, 28, 22]",1958,10.858335018157959
"[18, 5, 1, 19, 2, 13, 21, 6, 17, 0, 14, 11, 15, 3, 24, 38, 4, 16, 10, 8, 9, 33, 34, 31, 26, 25, 30, 35, 37, 23, 39, 7, 29, 36, 20, 12, 32, 27, 28, 22]",1958,"[18, 5, 1, 19, 2, 13, 21, 6, 17, 0, 14, 11, 15, 3, 24, 38, 4, 16, 10, 8, 9, 33, 34, 31, 26, 25, 30, 35, 37, 23, 39, 7, 29, 36, 20, 12, 32, 27, 28, 22]",1958,10.920021057128906
"[18, 5, 1, 19, 2, 13, 21, 6, 17, 0, 14, 11, 15, 3, 24, 38, 4, 16, 10, 8, 9, 33, 34, 31, 26, 25, 30, 35, 37, 23, 39, 7, 29, 36, 20, 12, 32, 27, 28, 22]",1958,"[18, 5, 1, 19, 2, 13, 21, 6, 17, 0, 14, 11, 15, 3, 24, 38, 4, 16, 10, 8, 9, 33, 34, 31, 26, 25, 30, 35, 37, 23, 39, 7, 29, 36, 20, 12, 32, 27, 28, 22]",1958,10.98347282409668
"[18, 5, 1, 19, 2, 13, 21, 6, 17, 0, 14, 11, 15, 3, 24, 38, 4, 16, 10, 8, 9, 33, 34, 31, 26, 25, 30, 35, 37, 23, 39, 7, 29, 36, 20, 12, 32, 27, 28, 22]",1958,"[18, 5, 1, 19, 2, 13, 21, 6, 17, 0, 14, 11, 15, 3, 24, 38, 4, 16, 10, 8, 9, 33, 34, 31, 26, 25, 30, 35, 37, 23, 39, 7, 29, 36, 20, 12, 32, 27, 28, 22]",1958,11.04607105255127
"[18, 5, 1, 19, 2, 13, 21, 6, 17, 0, 14, 11, 15, 3, 24, 38, 4, 16, 10, 8, 9, 33, 34, 31, 26, 25, 30, 35, 37, 23, 39, 7, 29, 36, 20, 12, 32, 27, 28, 22]",1958,"[18, 5, 1, 19, 2, 13, 21, 6, 17, 0, 14, 11, 15, 3, 24, 38, 4, 16, 10, 8, 9, 33, 34, 31, 26, 25, 30, 35, 37, 23, 39, 7, 29, 36, 20, 12, 32, 27, 28, 22]",1958,11.10936188697815
"[18, 5, 1, 19, 2, 13, 21, 6, 17, 0, 14, 11, 15, 3, 24, 38, 4, 16, 10, 8, 9, 33, 34, 31, 26, 25, 30, 35, 37, 23, 39, 7, 29, 36, 20, 12, 32, 27, 28, 22]",1958,"[18, 5, 1, 19, 2, 13, 21, 6, 17, 0, 14, 11, 15, 3, 24, 38, 4, 16, 10, 8, 9, 33, 34, 31, 26, 25, 30, 35, 37, 23, 39, 7, 29, 36, 20, 12, 32, 27, 28, 22]",1958,11.17340898513794
"[18, 5, 1, 19, 2, 13, 21, 6, 17, 0, 14, 11, 15, 3, 24, 38, 4, 16, 10, 8, 9, 33, 34, 31, 26, 25, 30, 35, 37, 23, 39, 7, 29, 36, 20, 12, 32, 27, 28, 22]",1958,"[18, 5, 1, 19, 2, 13, 21, 6, 17, 0, 14, 11, 15, 3, 24, 38, 4, 16, 10, 8, 9, 33, 34, 31, 26, 25, 30, 35, 37, 23, 39, 7, 29, 36, 20, 12, 32, 27, 28, 22]",1958,11.237707138061523
"[18, 5, 1, 19, 2, 13, 21, 6, 17, 0, 14, 11, 15, 3, 24, 38, 4, 16, 10, 8, 9, 33, 34, 31, 26, 25, 30, 35, 37, 23, 39, 7, 29, 36, 20, 12, 32, 27, 28, 22]",1958,"[18, 5, 1, 19, 2, 13, 21, 6, 17, 0, 14, 11, 15, 3, 24, 38, 4, 16, 10, 8, 9, 33, 34, 31, 26, 25, 30, 35, 37, 23, 39, 7, 29, 36, 20, 12, 32, 27, 28, 22]",1958,11.300457954406738
"[18, 5, 1, 19, 2, 13, 21, 6, 17, 0, 14, 11, 15, 3, 24, 38, 4, 16, 10, 8, 9, 33, 34, 31, 26, 25, 30, 35, 37, 23, 39, 7, 29, 36, 20, 12, 32, 27, 28, 22]",1958,"[18, 5, 1, 19, 2, 13, 21, 6, 17, 0, 14, 11, 15, 3, 24, 38, 4, 16, 10, 8, 9, 33, 34, 31, 26, 25, 30, 35, 37, 23, 39, 7, 29, 36, 20, 12, 32, 27, 28, 22]",1958,11.36328411102295
"[18, 5, 1, 19, 2, 13, 21, 6, 17, 0, 14, 11, 15, 3, 24, 38, 4, 16, 10, 8, 9, 33, 34, 31, 26, 25, 30, 35, 37, 23, 39, 7, 29, 36, 20, 12, 32, 27, 28, 22]",1958,"[18, 5, 1, 19, 2, 13, 21, 6, 17, 0, 14, 11, 15, 3, 24, 38, 4, 16, 10, 8, 9, 33, 34, 31, 26, 25, 30, 35, 37, 23, 39, 7, 29, 36, 20, 12, 32, 27, 28, 22]",1958,11.429957866668701
"[18, 5, 1, 19, 2, 13, 21, 6, 17, 0, 14, 11, 15, 3, 24, 38, 4, 16, 10, 8, 9, 33, 34, 31, 26, 25, 30, 35, 37, 23, 39, 7, 29, 36, 20, 12, 32, 27, 28, 22]",1958,"[18, 5, 1, 19, 2, 13, 21, 6, 17, 0, 14, 11, 15, 3, 24, 38, 4, 16, 10, 8, 9, 33, 34, 31, 26, 25, 30, 35, 37, 23, 39, 7, 29, 36, 20, 12, 32, 27, 28, 22]",1958,11.49947190284729
"[18, 5, 1, 19, 2, 13, 21, 6, 17, 0, 14, 11, 15, 3, 24, 38, 4, 16, 10, 8, 9, 33, 34, 31, 26, 25, 30, 35, 37, 23, 39, 7, 29, 36, 20, 12, 32, 27, 28, 22]",1958,"[18, 5, 1, 19, 2, 13, 21, 6, 17, 0, 14, 11, 15, 3, 24, 38, 4, 16, 10, 8, 9, 33, 34, 31, 26, 25, 30, 35, 37, 23, 39, 7, 29, 36, 20, 12, 32, 27, 28, 22]",1958,11.582693815231323
"[18, 5, 1, 19, 2, 13, 21, 6, 17, 0, 14, 11, 15, 3, 24, 38, 4, 16, 10, 8, 9, 33, 34, 31, 26, 25, 30, 35, 37, 23, 39, 7, 29, 36, 20, 12, 32, 27, 28, 22]",1958,"[18, 5, 1, 19, 2, 13, 21, 6, 17, 0, 14, 11, 15, 3, 24, 38, 4, 16, 10, 8, 9, 33, 34, 31, 26, 25, 30, 35, 37, 23, 39, 7, 29, 36, 20, 12, 32, 27, 28, 22]",1958,11.651527881622314
"[18, 5, 1, 19, 2, 13, 21, 6, 17, 0, 14, 11, 15, 3, 24, 38, 4, 16, 10, 8, 9, 33, 34, 31, 26, 25, 30, 35, 37, 23, 39, 7, 29, 36, 20, 12, 32, 27, 28, 22]",1958,"[18, 5, 1, 19, 2, 13, 21, 6, 17, 0, 14, 11, 15, 3, 24, 38, 4, 16, 10, 8, 9, 33, 34, 31, 26, 25, 30, 35, 37, 23, 39, 7, 29, 36, 20, 12, 32, 27, 28, 22]",1958,11.719608068466187
"[18, 5, 1, 19, 2, 13, 21, 6, 17, 0, 14, 11, 15, 3, 24, 38, 4, 16, 10, 8, 9, 33, 34, 31, 26, 25, 30, 35, 37, 23, 39, 7, 29, 36, 20, 12, 32, 27, 28, 22]",1958,"[18, 5, 1, 19, 2, 13, 21, 6, 17, 0, 14, 11, 15, 3, 24, 38, 4, 16, 10, 8, 9, 33, 34, 31, 26, 25, 30, 35, 37, 23, 39, 7, 29, 36, 20, 12, 32, 27, 28, 22]",1958,11.787226915359497
"[18, 5, 1, 19, 2, 13, 21, 6, 17, 0, 14, 11, 15, 3, 24, 38, 4, 16, 10, 8, 9, 33, 34, 31, 26, 25, 30, 35, 37, 23, 39, 7, 29, 36, 20, 12, 32, 27, 28, 22]",1958,"[18, 5, 1, 19, 2, 13, 21, 6, 17, 0, 14, 11, 15, 3, 24, 38, 4, 16, 10, 8, 9, 33, 34, 31, 26, 25, 30, 35, 37, 23, 39, 7, 29, 36, 20, 12, 32, 27, 28, 22]",1958,11.854595184326172
"[18, 5, 1, 19, 2, 13, 21, 6, 17, 0, 14, 11, 15, 3, 24, 38, 4, 16, 10, 8, 9, 33, 34, 31, 26, 25, 30, 35, 37, 23, 39, 7, 29, 36, 20, 12, 32, 27, 28, 22]",1958,"[18, 5, 1, 19, 2, 13, 21, 6, 17, 0, 14, 11, 15, 3, 24, 38, 4, 16, 10, 8, 9, 33, 34, 31, 26, 25, 30, 35, 37, 23, 39, 7, 29, 36, 20, 12, 32, 27, 28, 22]",1958,11.921770095825195
"[18, 5, 1, 19, 2, 13, 21, 6, 17, 0, 14, 11, 15, 3, 24, 38, 4, 16, 10, 8, 9, 33, 34, 31, 26, 25, 30, 35, 37, 23, 39, 7, 29, 36, 20, 12, 32, 27, 28, 22]",1958,"[18, 5, 1, 19, 2, 13, 21, 6, 17, 0, 14, 11, 15, 3, 24, 38, 4, 16, 10, 8, 9, 33, 34, 31, 26, 25, 30, 35, 37, 23, 39, 7, 29, 36, 20, 12, 32, 27, 28, 22]",1958,11.987408876419067
"[18, 5, 1, 19, 2, 13, 21, 6, 17, 0, 14, 11, 15, 3, 24, 38, 4, 16, 10, 8, 9, 33, 34, 31, 26, 25, 30, 35, 37, 23, 39, 7, 29, 36, 20, 12, 32, 27, 28, 22]",1958,"[18, 5, 1, 19, 2, 13, 21, 6, 17, 0, 14, 11, 15, 3, 24, 38, 4, 16, 10, 8, 9, 33, 34, 31, 26, 25, 30, 35, 37, 23, 39, 7, 29, 36, 20, 12, 32, 27, 28, 22]",1958,12.054364919662476
"[18, 5, 1, 19, 2, 13, 21, 6, 17, 0, 14, 11, 15, 3, 24, 38, 4, 16, 10, 8, 9, 33, 34, 31, 26, 25, 30, 35, 37, 23, 39, 7, 29, 36, 20, 12, 32, 27, 28, 22]",1958,"[18, 5, 1, 19, 2, 13, 21, 6, 17, 0, 14, 11, 15, 3, 24, 38, 4, 16, 10, 8, 9, 33, 34, 31, 26, 25, 30, 35, 37, 23, 39, 7, 29, 36, 20, 12, 32, 27, 28, 22]",1958,12.120738744735718
"[18, 5, 1, 19, 2, 13, 21, 6, 17, 0, 14, 11, 15, 3, 24, 38, 4, 16, 10, 8, 9, 33, 34, 31, 26, 25, 30, 35, 37, 23, 39, 7, 29, 36, 20, 12, 32, 27, 28, 22]",1958,"[18, 5, 1, 19, 2, 13, 21, 6, 17, 0, 14, 11, 15, 3, 24, 38, 4, 16, 10, 8, 9, 33, 34, 31, 26, 25, 30, 35, 37, 23, 39, 7, 29, 36, 20, 12, 32, 27, 28, 22]",1958,12.185559034347534
"[18, 5, 1, 19, 2, 13, 21, 6, 17, 0, 14, 11, 15, 3, 24, 38, 4, 16, 10, 8, 9, 33, 34, 31, 26, 25, 30, 35, 37, 23, 39, 7, 29, 36, 20, 12, 32, 27, 28, 22]",1958,"[18, 5, 1, 19, 2, 13, 21, 6, 17, 0, 14, 11, 15, 3, 24, 38, 4, 16, 10, 8, 9, 33, 34, 31, 26, 25, 30, 35, 37, 23, 39, 7, 29, 36, 20, 12, 32, 27, 28, 22]",1958,12.250245809555054
"[18, 5, 1, 19, 2, 13, 21, 6, 17, 0, 14, 11, 15, 3, 24, 38, 4, 16, 10, 8, 9, 33, 34, 31, 26, 25, 30, 35, 37, 23, 39, 7, 29, 36, 20, 12, 32, 27, 28, 22]",1958,"[18, 5, 1, 19, 2, 13, 21, 6, 17, 0, 14, 11, 15, 3, 24, 38, 4, 16, 10, 8, 9, 33, 34, 31, 26, 25, 30, 35, 37, 23, 39, 7, 29, 36, 20, 12, 32, 27, 28, 22]",1958,12.316128015518188
"[18, 5, 1, 19, 2, 13, 21, 6, 17, 0, 14, 11, 15, 3, 24, 38, 4, 16, 10, 8, 9, 33, 34, 31, 26, 25, 30, 35, 37, 23, 39, 7, 29, 36, 20, 12, 32, 27, 28, 22]",1958,"[18, 5, 1, 19, 2, 13, 21, 6, 17, 0, 14, 11, 15, 3, 24, 38, 4, 16, 10, 8, 9, 33, 34, 31, 26, 25, 30, 35, 37, 23, 39, 7, 29, 36, 20, 12, 32, 27, 28, 22]",1958,12.38136601448059
"[18, 5, 1, 19, 2, 13, 21, 6, 17, 0, 14, 11, 15, 3, 24, 38, 4, 16, 10, 8, 9, 33, 34, 31, 26, 25, 30, 35, 37, 23, 39, 7, 29, 36, 20, 12, 32, 27, 28, 22]",1958,"[18, 5, 1, 19, 2, 13, 21, 6, 17, 0, 14, 11, 15, 3, 24, 38, 4, 16, 10, 8, 9, 33, 34, 31, 26, 25, 30, 35, 37, 23, 39, 7, 29, 36, 20, 12, 32, 27, 28, 22]",1958,12.447291851043701
"[18, 5, 1, 19, 2, 13, 21, 6, 17, 0, 14, 11, 15, 3, 24, 38, 4, 16, 10, 8, 9, 33, 34, 31, 26, 25, 30, 35, 37, 23, 39, 7, 29, 36, 20, 12, 32, 27, 28, 22]",1958,"[18, 5, 1, 19, 2, 13, 21, 6, 17, 0, 14, 11, 15, 3, 24, 38, 4, 16, 10, 8, 9, 33, 34, 31, 26, 25, 30, 35, 37, 23, 39, 7, 29, 36, 20, 12, 32, 27, 28, 22]",1958,12.511597156524658
"[18, 5, 1, 19, 2, 13, 21, 6, 17, 0, 14, 11, 15, 3, 24, 38, 4, 16, 10, 8, 9, 33, 34, 31, 26, 25, 30, 35, 37, 23, 39, 7, 29, 36, 20, 12, 32, 27, 28, 22]",1958,"[18, 5, 1, 19, 2, 13, 21, 6, 17, 0, 14, 11, 15, 3, 24, 38, 4, 16, 10, 8, 9, 33, 34, 31, 26, 25, 30, 35, 37, 23, 39, 7, 29, 36, 20, 12, 32, 27, 28, 22]",1958,12.575575113296509
"[18, 5, 1, 19, 2, 13, 21, 6, 17, 0, 14, 11, 15, 3, 34, 38, 4, 16, 10, 8, 9, 33, 24, 31, 26, 25, 30, 35, 37, 23, 39, 7, 29, 36, 20, 12, 32, 27, 28, 22]",1898,"[18, 5, 1, 19, 2, 13, 21, 6, 17, 0, 14, 11, 15, 3, 34, 38, 4, 16, 10, 8, 9, 33, 24, 31, 26, 25, 30, 35, 37, 23, 39, 7, 29, 36, 20, 12, 32, 27, 28, 22]",1898,12.64046597480774
"[18, 5, 1, 19, 2, 13, 21, 6, 17, 0, 14, 11, 15, 3, 34, 38, 4, 16, 10, 8, 9, 33, 24, 31, 26, 25, 30, 35, 37, 23, 39, 7, 29, 36, 20, 12, 32, 27, 28, 22]",1898,"[18, 5, 1, 19, 2, 13, 21, 6, 17, 0, 14, 11, 15, 3, 34, 38, 4, 16, 10, 8, 9, 33, 24, 31, 26, 25, 30, 35, 37, 23, 39, 7, 29, 36, 20, 12, 32, 27, 28, 22]",1898,12.704206943511963
"[18, 5, 1, 19, 2, 13, 21, 6, 17, 0, 14, 11, 15, 3, 34, 38, 4, 16, 10, 8, 9, 33, 24, 31, 26, 25, 30, 35, 37, 23, 39, 7, 29, 36, 20, 12, 32, 27, 28, 22]",1898,"[18, 5, 1, 19, 2, 13, 21, 6, 17, 0, 14, 11, 15, 3, 34, 38, 4, 16, 10, 8, 9, 33, 24, 31, 26, 25, 30, 35, 37, 23, 39, 7, 29, 36, 20, 12, 32, 27, 28, 22]",1898,12.767267942428589
"[18, 5, 1, 19, 2, 13, 21, 6, 17, 0, 14, 11, 15, 3, 34, 38, 4, 16, 10, 8, 9, 33, 24, 31, 26, 25, 30, 35, 37, 23, 39, 7, 29, 36, 20, 12, 32, 27, 28, 22]",1898,"[18, 5, 1, 19, 2, 13, 21, 6, 17, 0, 14, 11, 15, 3, 34, 38, 4, 16, 10, 8, 9, 33, 24, 31, 26, 25, 30, 35, 37, 23, 39, 7, 29, 36, 20, 12, 32, 27, 28, 22]",1898,12.830192804336548
"[18, 5, 1, 19, 2, 13, 21, 6, 17, 0, 14, 11, 15, 3, 34, 38, 4, 16, 10, 8, 9, 33, 24, 31, 26, 25, 30, 35, 37, 23, 39, 7, 29, 36, 20, 12, 32, 27, 28, 22]",1898,"[18, 5, 1, 19, 2, 13, 21, 6, 17, 0, 14, 11, 15, 3, 34, 38, 4, 16, 10, 8, 9, 33, 24, 31, 26, 25, 30, 35, 37, 23, 39, 7, 29, 36, 20, 12, 32, 27, 28, 22]",1898,12.893356084823608
"[18, 5, 1, 19, 2, 13, 21, 6, 17, 0, 14, 11, 15, 3, 34, 38, 4, 16, 10, 8, 9, 33, 24, 31, 26, 25, 30, 35, 37, 23, 39, 7, 29, 36, 20, 12, 32, 27, 28, 22]",1898,"[18, 5, 1, 19, 2, 13, 21, 6, 17, 0, 14, 11, 15, 3, 34, 38, 4, 16, 10, 8, 9, 33, 24, 31, 26, 25, 30, 35, 37, 23, 39, 7, 29, 36, 20, 12, 32, 27, 28, 22]",1898,12.960070848464966
"[18, 5, 1, 19, 2, 13, 21, 6, 17, 0, 14, 11, 15, 3, 34, 38, 4, 16, 10, 8, 9, 33, 24, 31, 26, 25, 30, 35, 37, 23, 39, 7, 29, 36, 20, 12, 32, 27, 28, 22]",1898,"[18, 5, 1, 19, 2, 13, 21, 6, 17, 0, 14, 11, 15, 3, 34, 38, 4, 16, 10, 8, 9, 33, 24, 31, 26, 25, 30, 35, 37, 23, 39, 7, 29, 36, 20, 12, 32, 27, 28, 22]",1898,13.024471998214722
"[18, 5, 1, 19, 2, 13, 21, 6, 17, 0, 14, 11, 15, 3, 34, 38, 4, 16, 10, 8, 9, 33, 24, 31, 26, 25, 30, 35, 37, 23, 39, 7, 29, 36, 20, 12, 32, 27, 28, 22]",1898,"[18, 5, 1, 19, 2, 13, 21, 6, 17, 0, 14, 11, 15, 3, 34, 38, 4, 16, 10, 8, 9, 33, 24, 31, 26, 25, 30, 35, 37, 23, 39, 7, 29, 36, 20, 12, 32, 27, 28, 22]",1898,13.088579893112183
"[18, 5, 1, 19, 2, 13, 21, 6, 17, 0, 14, 11, 15, 3, 34, 38, 4, 16, 10, 8, 9, 33, 24, 31, 26, 25, 30, 35, 37, 23, 39, 7, 29, 36, 20, 12, 32, 27, 28, 22]",1898,"[18, 5, 1, 19, 2, 13, 21, 6, 17, 0, 14, 11, 15, 3, 34, 38, 4, 16, 10, 8, 9, 33, 24, 31, 26, 25, 30, 35, 37, 23, 39, 7, 29, 36, 20, 12, 32, 27, 28, 22]",1898,13.15206503868103
"[18, 5, 1, 19, 2, 13, 21, 6, 17, 0, 14, 11, 15, 3, 34, 38, 4, 16, 10, 8, 9, 33, 24, 31, 26, 25, 30, 35, 37, 23, 39, 7, 29, 36, 20, 12, 32, 27, 28, 22]",1898,"[18, 5, 1, 19, 2, 13, 21, 6, 17, 0, 14, 11, 15, 3, 34, 38, 4, 16, 10, 8, 9, 33, 24, 31, 26, 25, 30, 35, 37, 23, 39, 7, 29, 36, 20, 12, 32, 27, 28, 22]",1898,13.214905977249146
"[18, 5, 1, 19, 2, 13, 21, 6, 17, 0, 14, 11, 15, 3, 34, 38, 4, 16, 10, 8, 9, 33, 24, 31, 26, 25, 30, 35, 37, 23, 39, 7, 29, 36, 20, 12, 32, 27, 28, 22]",1898,"[18, 5, 1, 19, 2, 13, 21, 6, 17, 0, 14, 11, 15, 3, 34, 38, 4, 16, 10, 8, 9, 33, 24, 31, 26, 25, 30, 35, 37, 23, 39, 7, 29, 36, 20, 12, 32, 27, 28, 22]",1898,13.28207278251648
"[18, 5, 1, 19, 2, 13, 21, 6, 17, 0, 14, 11, 15, 3, 34, 38, 4, 16, 10, 8, 9, 33, 24, 31, 26, 25, 30, 35, 37, 23, 39, 7, 29, 36, 20, 12, 32, 27, 28, 22]",1898,"[18, 5, 1, 19, 2, 13, 21, 6, 17, 0, 14, 11, 15, 3, 34, 38, 4, 16, 10, 8, 9, 33, 24, 31, 26, 25, 30, 35, 37, 23, 39, 7, 29, 36, 20, 12, 32, 27, 28, 22]",1898,13.345539093017578
