Sequence,Fitness,Best_sequence,Best_fitness,Time
"[0, 1, 2, 3, 4, 5, 6, 7, 8, 9, 10, 11, 12, 13, 14, 15, 16, 17, 18, 19]",1531.0,"[0, 1, 2, 3, 4, 5, 6, 7, 8, 9, 10, 11, 12, 13, 14, 15, 16, 17, 18, 19]",1531.0,0.0
"[0, 1, 2, 3, 4, 5, 6, 7, 8, 9, 10, 11, 12, 13, 14, 15, 16, 17, 18, 19]",1531.0,"[0, 1, 2, 3, 4, 5, 6, 7, 8, 9, 10, 11, 12, 13, 14, 15, 16, 17, 18, 19]",1531.0,0.06599617004394531
"[0, 1, 2, 3, 4, 5, 6, 7, 8, 9, 10, 11, 12, 13, 14, 15, 16, 17, 18, 19]",1531.0,"[0, 1, 2, 3, 4, 5, 6, 7, 8, 9, 10, 11, 12, 13, 14, 15, 16, 17, 18, 19]",1531.0,0.1309947967529297
"[0, 1, 2, 3, 4, 5, 6, 7, 8, 9, 10, 11, 12, 13, 14, 15, 16, 17, 18, 19]",1531.0,"[0, 1, 2, 3, 4, 5, 6, 7, 8, 9, 10, 11, 12, 13, 14, 15, 16, 17, 18, 19]",1531.0,0.20300054550170898
"[0, 1, 2, 3, 4, 5, 6, 7, 8, 9, 10, 11, 12, 13, 14, 15, 16, 17, 18, 19]",1531.0,"[0, 1, 2, 3, 4, 5, 6, 7, 8, 9, 10, 11, 12, 13, 14, 15, 16, 17, 18, 19]",1531.0,0.26800107955932617
"[0, 1, 2, 3, 4, 5, 6, 7, 8, 9, 10, 11, 12, 13, 14, 15, 16, 17, 18, 19]",1531.0,"[0, 1, 2, 3, 4, 5, 6, 7, 8, 9, 10, 11, 12, 13, 14, 15, 16, 17, 18, 19]",1531.0,0.3300018310546875
"[0, 1, 2, 3, 4, 5, 6, 7, 8, 9, 10, 11, 12, 13, 14, 15, 16, 17, 18, 19]",1531.0,"[0, 1, 2, 3, 4, 5, 6, 7, 8, 9, 10, 11, 12, 13, 14, 15, 16, 17, 18, 19]",1531.0,0.4010028839111328
"[0, 12, 2, 3, 4, 5, 6, 7, 8, 9, 10, 11, 1, 13, 14, 15, 16, 17, 18, 19]",1516.0,"[0, 12, 2, 3, 4, 5, 6, 7, 8, 9, 10, 11, 1, 13, 14, 15, 16, 17, 18, 19]",1516.0,0.4669992923736572
"[0, 12, 2, 3, 4, 5, 6, 13, 8, 9, 10, 11, 1, 7, 14, 15, 16, 17, 18, 19]",1473.5,"[0, 12, 2, 3, 4, 5, 6, 13, 8, 9, 10, 11, 1, 7, 14, 15, 16, 17, 18, 19]",1473.5,0.529000997543335
"[0, 12, 2, 3, 4, 5, 18, 13, 8, 9, 10, 11, 1, 7, 14, 15, 16, 17, 6, 19]",1446.5,"[0, 12, 2, 3, 4, 5, 18, 13, 8, 9, 10, 11, 1, 7, 14, 15, 16, 17, 6, 19]",1446.5,0.5930109024047852
"[0, 12, 2, 3, 4, 5, 18, 13, 8, 9, 10, 11, 1, 7, 14, 15, 16, 17, 6, 19]",1446.5,"[0, 12, 2, 3, 4, 5, 18, 13, 8, 9, 10, 11, 1, 7, 14, 15, 16, 17, 6, 19]",1446.5,0.6570029258728027
"[0, 12, 2, 3, 4, 5, 18, 13, 8, 9, 10, 11, 1, 7, 14, 15, 16, 17, 6, 19]",1446.5,"[0, 12, 2, 3, 4, 5, 18, 13, 8, 9, 10, 11, 1, 7, 14, 15, 16, 17, 6, 19]",1446.5,0.7200002670288086
"[0, 12, 2, 3, 4, 5, 18, 13, 8, 9, 10, 11, 1, 7, 14, 15, 16, 17, 6, 19]",1446.5,"[0, 12, 2, 3, 4, 5, 18, 13, 8, 9, 10, 11, 1, 7, 14, 15, 16, 17, 6, 19]",1446.5,0.782001256942749
"[0, 12, 2, 3, 9, 5, 18, 13, 8, 4, 10, 11, 1, 7, 14, 15, 16, 17, 6, 19]",1440.5,"[0, 12, 2, 3, 9, 5, 18, 13, 8, 4, 10, 11, 1, 7, 14, 15, 16, 17, 6, 19]",1440.5,0.8510146141052246
"[0, 12, 2, 3, 9, 5, 18, 13, 8, 4, 10, 11, 1, 7, 14, 15, 16, 17, 6, 19]",1440.5,"[0, 12, 2, 3, 9, 5, 18, 13, 8, 4, 10, 11, 1, 7, 14, 15, 16, 17, 6, 19]",1440.5,0.916003942489624
"[0, 12, 2, 3, 9, 5, 18, 13, 8, 7, 10, 11, 1, 4, 14, 15, 16, 17, 6, 19]",1438.0,"[0, 12, 2, 3, 9, 5, 18, 13, 8, 7, 10, 11, 1, 4, 14, 15, 16, 17, 6, 19]",1438.0,0.9800856113433838
"[0, 12, 2, 3, 9, 5, 18, 13, 8, 7, 10, 11, 1, 4, 14, 15, 16, 17, 6, 19]",1438.0,"[0, 12, 2, 3, 9, 5, 18, 13, 8, 7, 10, 11, 1, 4, 14, 15, 16, 17, 6, 19]",1438.0,1.0450236797332764
"[12, 0, 2, 3, 9, 5, 18, 13, 8, 7, 10, 11, 1, 4, 14, 15, 16, 17, 6, 19]",1436.5,"[12, 0, 2, 3, 9, 5, 18, 13, 8, 7, 10, 11, 1, 4, 14, 15, 16, 17, 6, 19]",1436.5,1.1100051403045654
"[12, 0, 2, 3, 9, 5, 18, 13, 8, 7, 10, 11, 1, 4, 14, 15, 16, 17, 6, 19]",1436.5,"[12, 0, 2, 3, 9, 5, 18, 13, 8, 7, 10, 11, 1, 4, 14, 15, 16, 17, 6, 19]",1436.5,1.173004388809204
"[12, 0, 2, 3, 9, 5, 18, 13, 8, 7, 10, 11, 1, 4, 14, 15, 16, 17, 6, 19]",1436.5,"[12, 0, 2, 3, 9, 5, 18, 13, 8, 7, 10, 11, 1, 4, 14, 15, 16, 17, 6, 19]",1436.5,1.2370047569274902
"[12, 0, 2, 3, 9, 5, 18, 13, 8, 7, 10, 11, 1, 4, 14, 15, 16, 17, 6, 19]",1436.5,"[12, 0, 2, 3, 9, 5, 18, 13, 8, 7, 10, 11, 1, 4, 14, 15, 16, 17, 6, 19]",1436.5,1.3000123500823975
"[12, 0, 2, 3, 9, 5, 18, 13, 8, 7, 10, 11, 1, 4, 14, 15, 16, 17, 6, 19]",1436.5,"[12, 0, 2, 3, 9, 5, 18, 13, 8, 7, 10, 11, 1, 4, 14, 15, 16, 17, 6, 19]",1436.5,1.3670051097869873
"[12, 0, 2, 3, 9, 5, 18, 13, 8, 7, 10, 11, 1, 4, 14, 15, 16, 17, 6, 19]",1436.5,"[12, 0, 2, 3, 9, 5, 18, 13, 8, 7, 10, 11, 1, 4, 14, 15, 16, 17, 6, 19]",1436.5,1.4350051879882812
"[12, 0, 2, 17, 9, 5, 18, 13, 8, 7, 10, 11, 1, 4, 14, 15, 16, 3, 6, 19]",1395.5,"[12, 0, 2, 17, 9, 5, 18, 13, 8, 7, 10, 11, 1, 4, 14, 15, 16, 3, 6, 19]",1395.5,1.5040075778961182
"[12, 0, 2, 17, 9, 5, 18, 13, 8, 7, 10, 11, 1, 4, 14, 15, 16, 3, 6, 19]",1395.5,"[12, 0, 2, 17, 9, 5, 18, 13, 8, 7, 10, 11, 1, 4, 14, 15, 16, 3, 6, 19]",1395.5,1.5720100402832031
"[12, 0, 2, 17, 9, 5, 18, 13, 8, 7, 10, 11, 1, 4, 14, 15, 16, 3, 6, 19]",1395.5,"[12, 0, 2, 17, 9, 5, 18, 13, 8, 7, 10, 11, 1, 4, 14, 15, 16, 3, 6, 19]",1395.5,1.6390087604522705
"[12, 0, 2, 17, 9, 5, 18, 13, 8, 7, 10, 11, 1, 4, 14, 15, 16, 3, 6, 19]",1395.5,"[12, 0, 2, 17, 9, 5, 18, 13, 8, 7, 10, 11, 1, 4, 14, 15, 16, 3, 6, 19]",1395.5,1.7050113677978516
"[12, 0, 2, 17, 9, 5, 18, 13, 8, 19, 10, 11, 1, 4, 14, 15, 16, 3, 6, 7]",1375.0,"[12, 0, 2, 17, 9, 5, 18, 13, 8, 19, 10, 11, 1, 4, 14, 15, 16, 3, 6, 7]",1375.0,1.7720074653625488
"[12, 0, 2, 17, 9, 5, 18, 13, 8, 19, 10, 11, 1, 4, 14, 15, 16, 3, 6, 7]",1375.0,"[12, 0, 2, 17, 9, 5, 18, 13, 8, 19, 10, 11, 1, 4, 14, 15, 16, 3, 6, 7]",1375.0,1.8380424976348877
"[12, 0, 2, 17, 9, 5, 18, 13, 8, 19, 10, 11, 1, 4, 14, 15, 16, 3, 6, 7]",1375.0,"[12, 0, 2, 17, 9, 5, 18, 13, 8, 19, 10, 11, 1, 4, 14, 15, 16, 3, 6, 7]",1375.0,1.9030094146728516
"[12, 0, 2, 17, 9, 5, 18, 13, 8, 19, 10, 11, 1, 4, 14, 15, 16, 3, 6, 7]",1375.0,"[12, 0, 2, 17, 9, 5, 18, 13, 8, 19, 10, 11, 1, 4, 14, 15, 16, 3, 6, 7]",1375.0,1.969008445739746
"[12, 0, 2, 17, 9, 5, 18, 13, 8, 19, 10, 11, 1, 4, 14, 15, 16, 3, 6, 7]",1375.0,"[12, 0, 2, 17, 9, 5, 18, 13, 8, 19, 10, 11, 1, 4, 14, 15, 16, 3, 6, 7]",1375.0,2.033012866973877
"[12, 0, 2, 19, 9, 5, 18, 13, 8, 17, 10, 11, 1, 4, 14, 15, 16, 3, 6, 7]",1363.0,"[12, 0, 2, 19, 9, 5, 18, 13, 8, 17, 10, 11, 1, 4, 14, 15, 16, 3, 6, 7]",1363.0,2.0970141887664795
"[12, 0, 2, 19, 9, 5, 18, 13, 8, 17, 10, 11, 1, 4, 14, 15, 16, 3, 6, 7]",1363.0,"[12, 0, 2, 19, 9, 5, 18, 13, 8, 17, 10, 11, 1, 4, 14, 15, 16, 3, 6, 7]",1363.0,2.1630139350891113
"[12, 0, 2, 19, 9, 5, 18, 13, 8, 17, 10, 11, 1, 4, 14, 15, 16, 3, 6, 7]",1363.0,"[12, 0, 2, 19, 9, 5, 18, 13, 8, 17, 10, 11, 1, 4, 14, 15, 16, 3, 6, 7]",1363.0,2.2270145416259766
"[12, 0, 2, 19, 9, 5, 18, 13, 8, 17, 10, 11, 1, 4, 14, 15, 16, 3, 6, 7]",1363.0,"[12, 0, 2, 19, 9, 5, 18, 13, 8, 17, 10, 11, 1, 4, 14, 15, 16, 3, 6, 7]",1363.0,2.2890145778656006
"[12, 0, 2, 19, 9, 5, 18, 13, 8, 17, 10, 11, 1, 4, 14, 15, 16, 3, 6, 7]",1363.0,"[12, 0, 2, 19, 9, 5, 18, 13, 8, 17, 10, 11, 1, 4, 14, 15, 16, 3, 6, 7]",1363.0,2.3540127277374268
"[12, 0, 2, 19, 9, 5, 18, 13, 8, 17, 10, 11, 1, 4, 14, 15, 16, 3, 6, 7]",1363.0,"[12, 0, 2, 19, 9, 5, 18, 13, 8, 17, 10, 11, 1, 4, 14, 15, 16, 3, 6, 7]",1363.0,2.4190096855163574
"[12, 0, 2, 19, 9, 5, 18, 13, 8, 17, 10, 11, 1, 4, 14, 15, 16, 3, 6, 7]",1363.0,"[12, 0, 2, 19, 9, 5, 18, 13, 8, 17, 10, 11, 1, 4, 14, 15, 16, 3, 6, 7]",1363.0,2.4830174446105957
"[12, 0, 2, 19, 9, 5, 18, 13, 8, 17, 7, 11, 1, 4, 14, 15, 16, 3, 6, 10]",1344.0,"[12, 0, 2, 19, 9, 5, 18, 13, 8, 17, 7, 11, 1, 4, 14, 15, 16, 3, 6, 10]",1344.0,2.545011043548584
"[14, 0, 2, 19, 9, 5, 18, 13, 8, 17, 7, 11, 1, 4, 12, 15, 16, 3, 6, 10]",1312.5,"[14, 0, 2, 19, 9, 5, 18, 13, 8, 17, 7, 11, 1, 4, 12, 15, 16, 3, 6, 10]",1312.5,2.605018377304077
"[14, 0, 2, 19, 9, 5, 18, 13, 8, 17, 7, 11, 1, 4, 12, 15, 16, 3, 6, 10]",1312.5,"[14, 0, 2, 19, 9, 5, 18, 13, 8, 17, 7, 11, 1, 4, 12, 15, 16, 3, 6, 10]",1312.5,2.6660170555114746
"[14, 0, 2, 4, 9, 5, 18, 13, 8, 17, 7, 11, 1, 19, 12, 15, 16, 3, 6, 10]",1308.5,"[14, 0, 2, 4, 9, 5, 18, 13, 8, 17, 7, 11, 1, 19, 12, 15, 16, 3, 6, 10]",1308.5,2.7270150184631348
"[14, 0, 2, 4, 9, 5, 18, 13, 8, 17, 7, 11, 1, 19, 12, 15, 16, 3, 6, 10]",1308.5,"[14, 0, 2, 4, 9, 5, 18, 13, 8, 17, 7, 11, 1, 19, 12, 15, 16, 3, 6, 10]",1308.5,2.7870125770568848
"[14, 0, 2, 4, 9, 5, 18, 13, 8, 17, 7, 11, 1, 19, 12, 15, 16, 3, 6, 10]",1308.5,"[14, 0, 2, 4, 9, 5, 18, 13, 8, 17, 7, 11, 1, 19, 12, 15, 16, 3, 6, 10]",1308.5,2.8480167388916016
"[14, 0, 2, 4, 9, 5, 18, 13, 8, 17, 7, 11, 1, 19, 12, 15, 16, 3, 6, 10]",1308.5,"[14, 0, 2, 4, 9, 5, 18, 13, 8, 17, 7, 11, 1, 19, 12, 15, 16, 3, 6, 10]",1308.5,2.909017562866211
"[14, 0, 2, 4, 9, 5, 18, 13, 8, 17, 7, 11, 1, 19, 12, 15, 16, 3, 6, 10]",1308.5,"[14, 0, 2, 4, 9, 5, 18, 13, 8, 17, 7, 11, 1, 19, 12, 15, 16, 3, 6, 10]",1308.5,2.970017433166504
"[14, 0, 2, 4, 9, 5, 18, 13, 8, 17, 7, 11, 1, 19, 12, 15, 16, 3, 6, 10]",1308.5,"[14, 0, 2, 4, 9, 5, 18, 13, 8, 17, 7, 11, 1, 19, 12, 15, 16, 3, 6, 10]",1308.5,3.0310134887695312
"[14, 0, 2, 4, 9, 5, 18, 13, 8, 17, 7, 11, 1, 19, 12, 15, 16, 3, 6, 10]",1308.5,"[14, 0, 2, 4, 9, 5, 18, 13, 8, 17, 7, 11, 1, 19, 12, 15, 16, 3, 6, 10]",1308.5,3.0950140953063965
"[14, 0, 2, 4, 9, 5, 18, 13, 8, 17, 7, 11, 1, 19, 12, 15, 16, 3, 6, 10]",1308.5,"[14, 0, 2, 4, 9, 5, 18, 13, 8, 17, 7, 11, 1, 19, 12, 15, 16, 3, 6, 10]",1308.5,3.155017852783203
"[14, 0, 2, 4, 9, 5, 18, 13, 8, 17, 7, 11, 1, 19, 12, 15, 16, 3, 6, 10]",1308.5,"[14, 0, 2, 4, 9, 5, 18, 13, 8, 17, 7, 11, 1, 19, 12, 15, 16, 3, 6, 10]",1308.5,3.217015266418457
"[14, 0, 2, 4, 9, 5, 18, 13, 8, 17, 7, 11, 1, 19, 12, 15, 16, 3, 6, 10]",1308.5,"[14, 0, 2, 4, 9, 5, 18, 13, 8, 17, 7, 11, 1, 19, 12, 15, 16, 3, 6, 10]",1308.5,3.277017831802368
"[14, 0, 2, 4, 9, 5, 18, 13, 8, 17, 7, 11, 1, 19, 12, 15, 16, 3, 6, 10]",1308.5,"[14, 0, 2, 4, 9, 5, 18, 13, 8, 17, 7, 11, 1, 19, 12, 15, 16, 3, 6, 10]",1308.5,3.341017723083496
"[14, 0, 2, 4, 9, 5, 18, 13, 8, 17, 7, 11, 1, 19, 12, 15, 16, 3, 6, 10]",1308.5,"[14, 0, 2, 4, 9, 5, 18, 13, 8, 17, 7, 11, 1, 19, 12, 15, 16, 3, 6, 10]",1308.5,3.4020161628723145
"[14, 0, 2, 4, 9, 5, 18, 13, 8, 17, 7, 11, 1, 19, 12, 15, 16, 3, 6, 10]",1308.5,"[14, 0, 2, 4, 9, 5, 18, 13, 8, 17, 7, 11, 1, 19, 12, 15, 16, 3, 6, 10]",1308.5,3.462034225463867
"[14, 0, 2, 4, 9, 5, 18, 13, 8, 17, 7, 11, 1, 19, 12, 15, 16, 3, 6, 10]",1308.5,"[14, 0, 2, 4, 9, 5, 18, 13, 8, 17, 7, 11, 1, 19, 12, 15, 16, 3, 6, 10]",1308.5,3.5260186195373535
"[14, 0, 2, 4, 9, 5, 18, 13, 8, 17, 7, 11, 1, 19, 12, 15, 16, 3, 6, 10]",1308.5,"[14, 0, 2, 4, 9, 5, 18, 13, 8, 17, 7, 11, 1, 19, 12, 15, 16, 3, 6, 10]",1308.5,3.590052604675293
"[14, 0, 2, 4, 9, 5, 18, 13, 8, 17, 7, 11, 1, 19, 12, 15, 16, 3, 6, 10]",1308.5,"[14, 0, 2, 4, 9, 5, 18, 13, 8, 17, 7, 11, 1, 19, 12, 15, 16, 3, 6, 10]",1308.5,3.689021587371826
"[14, 0, 2, 4, 9, 5, 18, 13, 8, 17, 7, 11, 1, 19, 12, 15, 16, 3, 6, 10]",1308.5,"[14, 0, 2, 4, 9, 5, 18, 13, 8, 17, 7, 11, 1, 19, 12, 15, 16, 3, 6, 10]",1308.5,3.754023551940918
"[14, 0, 2, 4, 9, 5, 18, 13, 8, 17, 7, 11, 1, 19, 12, 15, 16, 3, 6, 10]",1308.5,"[14, 0, 2, 4, 9, 5, 18, 13, 8, 17, 7, 11, 1, 19, 12, 15, 16, 3, 6, 10]",1308.5,3.815019130706787
"[14, 0, 2, 4, 9, 5, 18, 13, 8, 17, 7, 11, 1, 19, 12, 15, 16, 3, 6, 10]",1308.5,"[14, 0, 2, 4, 9, 5, 18, 13, 8, 17, 7, 11, 1, 19, 12, 15, 16, 3, 6, 10]",1308.5,3.8750298023223877
"[14, 0, 2, 4, 9, 5, 18, 13, 8, 17, 7, 11, 1, 19, 12, 15, 16, 3, 6, 10]",1308.5,"[14, 0, 2, 4, 9, 5, 18, 13, 8, 17, 7, 11, 1, 19, 12, 15, 16, 3, 6, 10]",1308.5,3.9430391788482666
"[14, 0, 2, 4, 9, 5, 18, 13, 8, 17, 7, 11, 1, 19, 12, 15, 16, 3, 6, 10]",1308.5,"[14, 0, 2, 4, 9, 5, 18, 13, 8, 17, 7, 11, 1, 19, 12, 15, 16, 3, 6, 10]",1308.5,4.002025842666626
"[14, 0, 2, 4, 9, 5, 18, 13, 8, 17, 7, 11, 1, 19, 12, 15, 16, 3, 6, 10]",1308.5,"[14, 0, 2, 4, 9, 5, 18, 13, 8, 17, 7, 11, 1, 19, 12, 15, 16, 3, 6, 10]",1308.5,4.0610222816467285
"[14, 0, 2, 4, 9, 5, 18, 13, 8, 17, 7, 11, 1, 19, 12, 15, 16, 3, 6, 10]",1308.5,"[14, 0, 2, 4, 9, 5, 18, 13, 8, 17, 7, 11, 1, 19, 12, 15, 16, 3, 6, 10]",1308.5,4.123018264770508
"[14, 0, 2, 4, 9, 5, 18, 13, 8, 17, 7, 11, 1, 19, 12, 15, 16, 3, 6, 10]",1308.5,"[14, 0, 2, 4, 9, 5, 18, 13, 8, 17, 7, 11, 1, 19, 12, 15, 16, 3, 6, 10]",1308.5,4.18303370475769
"[14, 0, 2, 4, 9, 5, 18, 13, 8, 17, 7, 11, 1, 19, 12, 15, 16, 3, 6, 10]",1308.5,"[14, 0, 2, 4, 9, 5, 18, 13, 8, 17, 7, 11, 1, 19, 12, 15, 16, 3, 6, 10]",1308.5,4.243025541305542
"[14, 0, 2, 4, 9, 5, 18, 13, 8, 17, 7, 11, 1, 19, 12, 15, 16, 3, 6, 10]",1308.5,"[14, 0, 2, 4, 9, 5, 18, 13, 8, 17, 7, 11, 1, 19, 12, 15, 16, 3, 6, 10]",1308.5,4.304021835327148
"[14, 0, 2, 4, 9, 5, 18, 13, 8, 17, 7, 11, 1, 19, 12, 15, 16, 3, 6, 10]",1308.5,"[14, 0, 2, 4, 9, 5, 18, 13, 8, 17, 7, 11, 1, 19, 12, 15, 16, 3, 6, 10]",1308.5,4.366027116775513
"[14, 0, 2, 4, 9, 5, 18, 13, 8, 17, 7, 11, 1, 19, 12, 15, 16, 3, 6, 10]",1308.5,"[14, 0, 2, 4, 9, 5, 18, 13, 8, 17, 7, 11, 1, 19, 12, 15, 16, 3, 6, 10]",1308.5,4.427029371261597
"[14, 0, 2, 4, 9, 5, 18, 13, 8, 17, 7, 11, 1, 19, 12, 15, 16, 3, 6, 10]",1308.5,"[14, 0, 2, 4, 9, 5, 18, 13, 8, 17, 7, 11, 1, 19, 12, 15, 16, 3, 6, 10]",1308.5,4.487028360366821
"[14, 0, 2, 4, 9, 5, 18, 13, 8, 17, 7, 11, 1, 19, 12, 15, 16, 3, 6, 10]",1308.5,"[14, 0, 2, 4, 9, 5, 18, 13, 8, 17, 7, 11, 1, 19, 12, 15, 16, 3, 6, 10]",1308.5,4.547030448913574
"[14, 0, 2, 4, 9, 5, 18, 13, 8, 17, 7, 11, 1, 19, 12, 15, 16, 3, 6, 10]",1308.5,"[14, 0, 2, 4, 9, 5, 18, 13, 8, 17, 7, 11, 1, 19, 12, 15, 16, 3, 6, 10]",1308.5,4.61002516746521
"[14, 0, 2, 4, 9, 5, 18, 13, 8, 17, 7, 11, 1, 19, 12, 15, 16, 3, 6, 10]",1308.5,"[14, 0, 2, 4, 9, 5, 18, 13, 8, 17, 7, 11, 1, 19, 12, 15, 16, 3, 6, 10]",1308.5,4.672038316726685
"[14, 0, 2, 4, 9, 5, 18, 13, 8, 17, 7, 11, 1, 19, 12, 15, 16, 3, 6, 10]",1308.5,"[14, 0, 2, 4, 9, 5, 18, 13, 8, 17, 7, 11, 1, 19, 12, 15, 16, 3, 6, 10]",1308.5,4.735024690628052
"[14, 0, 2, 4, 9, 5, 18, 13, 8, 17, 7, 11, 1, 19, 12, 15, 16, 3, 6, 10]",1308.5,"[14, 0, 2, 4, 9, 5, 18, 13, 8, 17, 7, 11, 1, 19, 12, 15, 16, 3, 6, 10]",1308.5,4.7970240116119385
"[14, 0, 2, 4, 9, 5, 18, 13, 8, 17, 7, 11, 1, 19, 12, 15, 16, 3, 6, 10]",1308.5,"[14, 0, 2, 4, 9, 5, 18, 13, 8, 17, 7, 11, 1, 19, 12, 15, 16, 3, 6, 10]",1308.5,4.859028100967407
"[14, 0, 2, 4, 9, 5, 18, 13, 8, 17, 7, 11, 1, 19, 12, 15, 16, 3, 6, 10]",1308.5,"[14, 0, 2, 4, 9, 5, 18, 13, 8, 17, 7, 11, 1, 19, 12, 15, 16, 3, 6, 10]",1308.5,4.920029163360596
"[14, 0, 2, 4, 9, 5, 18, 13, 8, 17, 7, 11, 1, 19, 12, 15, 16, 3, 6, 10]",1308.5,"[14, 0, 2, 4, 9, 5, 18, 13, 8, 17, 7, 11, 1, 19, 12, 15, 16, 3, 6, 10]",1308.5,4.98105001449585
"[14, 0, 2, 4, 9, 5, 18, 13, 8, 17, 7, 11, 1, 19, 12, 15, 16, 3, 6, 10]",1308.5,"[14, 0, 2, 4, 9, 5, 18, 13, 8, 17, 7, 11, 1, 19, 12, 15, 16, 3, 6, 10]",1308.5,5.041027545928955
"[14, 0, 2, 4, 9, 5, 18, 13, 8, 17, 7, 11, 1, 19, 12, 15, 16, 3, 6, 10]",1308.5,"[14, 0, 2, 4, 9, 5, 18, 13, 8, 17, 7, 11, 1, 19, 12, 15, 16, 3, 6, 10]",1308.5,5.100028991699219
"[14, 0, 2, 4, 9, 5, 18, 13, 8, 17, 7, 11, 1, 19, 12, 15, 16, 3, 6, 10]",1308.5,"[14, 0, 2, 4, 9, 5, 18, 13, 8, 17, 7, 11, 1, 19, 12, 15, 16, 3, 6, 10]",1308.5,5.160032749176025
"[14, 0, 2, 4, 9, 5, 18, 13, 8, 17, 7, 11, 1, 19, 12, 15, 16, 3, 6, 10]",1308.5,"[14, 0, 2, 4, 9, 5, 18, 13, 8, 17, 7, 11, 1, 19, 12, 15, 16, 3, 6, 10]",1308.5,5.220029354095459
"[14, 0, 2, 4, 9, 5, 18, 13, 8, 17, 7, 11, 1, 19, 12, 15, 16, 3, 6, 10]",1308.5,"[14, 0, 2, 4, 9, 5, 18, 13, 8, 17, 7, 11, 1, 19, 12, 15, 16, 3, 6, 10]",1308.5,5.282034158706665
"[14, 0, 2, 4, 9, 5, 18, 13, 8, 17, 7, 11, 1, 19, 12, 15, 16, 3, 6, 10]",1308.5,"[14, 0, 2, 4, 9, 5, 18, 13, 8, 17, 7, 11, 1, 19, 12, 15, 16, 3, 6, 10]",1308.5,5.343031406402588
"[14, 0, 2, 4, 9, 5, 18, 13, 8, 17, 7, 11, 1, 19, 12, 15, 16, 3, 6, 10]",1308.5,"[14, 0, 2, 4, 9, 5, 18, 13, 8, 17, 7, 11, 1, 19, 12, 15, 16, 3, 6, 10]",1308.5,5.405029773712158
"[14, 0, 2, 4, 9, 5, 18, 13, 8, 17, 7, 11, 1, 19, 12, 15, 16, 3, 6, 10]",1308.5,"[14, 0, 2, 4, 9, 5, 18, 13, 8, 17, 7, 11, 1, 19, 12, 15, 16, 3, 6, 10]",1308.5,5.465027332305908
"[14, 0, 2, 4, 9, 5, 18, 13, 8, 17, 7, 11, 1, 19, 12, 15, 16, 3, 6, 10]",1308.5,"[14, 0, 2, 4, 9, 5, 18, 13, 8, 17, 7, 11, 1, 19, 12, 15, 16, 3, 6, 10]",1308.5,5.5300304889678955
"[14, 0, 2, 4, 9, 5, 18, 13, 8, 17, 7, 11, 1, 19, 12, 15, 16, 3, 6, 10]",1308.5,"[14, 0, 2, 4, 9, 5, 18, 13, 8, 17, 7, 11, 1, 19, 12, 15, 16, 3, 6, 10]",1308.5,5.592033386230469
"[14, 0, 2, 4, 9, 5, 18, 13, 8, 17, 7, 11, 1, 19, 12, 15, 16, 3, 6, 10]",1308.5,"[14, 0, 2, 4, 9, 5, 18, 13, 8, 17, 7, 11, 1, 19, 12, 15, 16, 3, 6, 10]",1308.5,5.6550352573394775
"[14, 0, 2, 4, 9, 5, 18, 13, 8, 17, 7, 11, 1, 19, 12, 15, 16, 3, 6, 10]",1308.5,"[14, 0, 2, 4, 9, 5, 18, 13, 8, 17, 7, 11, 1, 19, 12, 15, 16, 3, 6, 10]",1308.5,5.715033292770386
"[14, 0, 2, 4, 9, 5, 18, 13, 8, 17, 7, 11, 1, 19, 12, 15, 16, 3, 6, 10]",1308.5,"[14, 0, 2, 4, 9, 5, 18, 13, 8, 17, 7, 11, 1, 19, 12, 15, 16, 3, 6, 10]",1308.5,5.776041030883789
"[14, 0, 2, 4, 9, 5, 18, 13, 8, 17, 7, 11, 1, 19, 12, 15, 16, 3, 6, 10]",1308.5,"[14, 0, 2, 4, 9, 5, 18, 13, 8, 17, 7, 11, 1, 19, 12, 15, 16, 3, 6, 10]",1308.5,5.838032484054565
"[14, 0, 2, 4, 9, 5, 18, 13, 8, 17, 7, 11, 1, 19, 12, 15, 16, 3, 6, 10]",1308.5,"[14, 0, 2, 4, 9, 5, 18, 13, 8, 17, 7, 11, 1, 19, 12, 15, 16, 3, 6, 10]",1308.5,5.899040699005127
"[14, 0, 2, 4, 9, 5, 18, 13, 8, 17, 7, 11, 1, 19, 12, 15, 16, 3, 6, 10]",1308.5,"[14, 0, 2, 4, 9, 5, 18, 13, 8, 17, 7, 11, 1, 19, 12, 15, 16, 3, 6, 10]",1308.5,5.962037801742554
"[14, 0, 2, 4, 9, 5, 18, 13, 8, 17, 7, 11, 1, 19, 12, 15, 16, 3, 6, 10]",1308.5,"[14, 0, 2, 4, 9, 5, 18, 13, 8, 17, 7, 11, 1, 19, 12, 15, 16, 3, 6, 10]",1308.5,6.022034645080566
"[14, 0, 2, 4, 9, 5, 18, 13, 8, 17, 7, 11, 1, 19, 12, 15, 16, 3, 6, 10]",1308.5,"[14, 0, 2, 4, 9, 5, 18, 13, 8, 17, 7, 11, 1, 19, 12, 15, 16, 3, 6, 10]",1308.5,6.089097023010254
"[14, 0, 2, 4, 9, 5, 18, 13, 8, 17, 7, 11, 1, 19, 12, 15, 16, 3, 6, 10]",1308.5,"[14, 0, 2, 4, 9, 5, 18, 13, 8, 17, 7, 11, 1, 19, 12, 15, 16, 3, 6, 10]",1308.5,6.151035308837891
"[14, 0, 2, 4, 9, 5, 18, 13, 8, 17, 7, 11, 1, 19, 12, 15, 16, 3, 6, 10]",1308.5,"[14, 0, 2, 4, 9, 5, 18, 13, 8, 17, 7, 11, 1, 19, 12, 15, 16, 3, 6, 10]",1308.5,6.21304178237915
"[14, 0, 2, 4, 9, 5, 18, 13, 8, 17, 7, 11, 1, 19, 12, 15, 16, 3, 6, 10]",1308.5,"[14, 0, 2, 4, 9, 5, 18, 13, 8, 17, 7, 11, 1, 19, 12, 15, 16, 3, 6, 10]",1308.5,6.274033069610596
"[14, 0, 2, 4, 9, 5, 18, 13, 8, 17, 7, 11, 1, 19, 12, 15, 16, 3, 6, 10]",1308.5,"[14, 0, 2, 4, 9, 5, 18, 13, 8, 17, 7, 11, 1, 19, 12, 15, 16, 3, 6, 10]",1308.5,6.3370349407196045
"[14, 0, 2, 4, 9, 5, 18, 13, 8, 17, 7, 11, 1, 19, 12, 15, 16, 3, 6, 10]",1308.5,"[14, 0, 2, 4, 9, 5, 18, 13, 8, 17, 7, 11, 1, 19, 12, 15, 16, 3, 6, 10]",1308.5,6.40203595161438
"[14, 0, 2, 4, 9, 5, 18, 13, 8, 17, 7, 11, 1, 19, 12, 15, 16, 3, 6, 10]",1308.5,"[14, 0, 2, 4, 9, 5, 18, 13, 8, 17, 7, 11, 1, 19, 12, 15, 16, 3, 6, 10]",1308.5,6.463035583496094
"[14, 0, 2, 4, 9, 5, 18, 13, 8, 17, 7, 11, 1, 19, 12, 15, 16, 3, 6, 10]",1308.5,"[14, 0, 2, 4, 9, 5, 18, 13, 8, 17, 7, 11, 1, 19, 12, 15, 16, 3, 6, 10]",1308.5,6.52304482460022
"[14, 0, 2, 4, 9, 5, 18, 13, 8, 17, 7, 11, 1, 19, 12, 15, 16, 3, 6, 10]",1308.5,"[14, 0, 2, 4, 9, 5, 18, 13, 8, 17, 7, 11, 1, 19, 12, 15, 16, 3, 6, 10]",1308.5,6.585042238235474
"[14, 0, 2, 4, 9, 5, 18, 13, 8, 17, 7, 11, 1, 19, 12, 15, 16, 3, 6, 10]",1308.5,"[14, 0, 2, 4, 9, 5, 18, 13, 8, 17, 7, 11, 1, 19, 12, 15, 16, 3, 6, 10]",1308.5,6.64404034614563
"[14, 0, 2, 4, 9, 5, 18, 13, 8, 17, 7, 11, 1, 19, 12, 15, 16, 3, 6, 10]",1308.5,"[14, 0, 2, 4, 9, 5, 18, 13, 8, 17, 7, 11, 1, 19, 12, 15, 16, 3, 6, 10]",1308.5,6.707049131393433
"[14, 0, 2, 4, 9, 5, 18, 13, 8, 17, 7, 11, 1, 19, 12, 15, 16, 3, 6, 10]",1308.5,"[14, 0, 2, 4, 9, 5, 18, 13, 8, 17, 7, 11, 1, 19, 12, 15, 16, 3, 6, 10]",1308.5,6.7710418701171875
"[14, 0, 2, 4, 9, 5, 18, 13, 8, 17, 7, 11, 1, 19, 12, 15, 16, 3, 6, 10]",1308.5,"[14, 0, 2, 4, 9, 5, 18, 13, 8, 17, 7, 11, 1, 19, 12, 15, 16, 3, 6, 10]",1308.5,6.836040735244751
"[14, 0, 2, 4, 9, 5, 18, 13, 8, 17, 7, 11, 1, 19, 12, 15, 16, 3, 6, 10]",1308.5,"[14, 0, 2, 4, 9, 5, 18, 13, 8, 17, 7, 11, 1, 19, 12, 15, 16, 3, 6, 10]",1308.5,6.898041009902954
"[14, 0, 2, 4, 9, 5, 18, 13, 8, 17, 7, 11, 1, 19, 12, 15, 16, 3, 6, 10]",1308.5,"[14, 0, 2, 4, 9, 5, 18, 13, 8, 17, 7, 11, 1, 19, 12, 15, 16, 3, 6, 10]",1308.5,6.959046125411987
"[14, 0, 2, 4, 9, 5, 18, 13, 8, 17, 7, 11, 1, 19, 12, 15, 16, 3, 6, 10]",1308.5,"[14, 0, 2, 4, 9, 5, 18, 13, 8, 17, 7, 11, 1, 19, 12, 15, 16, 3, 6, 10]",1308.5,7.021043062210083
"[14, 0, 2, 4, 9, 5, 18, 13, 8, 17, 7, 11, 1, 19, 12, 15, 16, 3, 6, 10]",1308.5,"[14, 0, 2, 4, 9, 5, 18, 13, 8, 17, 7, 11, 1, 19, 12, 15, 16, 3, 6, 10]",1308.5,7.080043315887451
"[14, 0, 2, 4, 9, 5, 18, 13, 8, 17, 7, 11, 1, 19, 12, 15, 16, 3, 6, 10]",1308.5,"[14, 0, 2, 4, 9, 5, 18, 13, 8, 17, 7, 11, 1, 19, 12, 15, 16, 3, 6, 10]",1308.5,7.140053749084473
"[14, 0, 2, 4, 9, 5, 18, 13, 8, 17, 7, 11, 1, 19, 12, 15, 16, 3, 6, 10]",1308.5,"[14, 0, 2, 4, 9, 5, 18, 13, 8, 17, 7, 11, 1, 19, 12, 15, 16, 3, 6, 10]",1308.5,7.203052282333374
"[14, 0, 2, 4, 9, 5, 18, 13, 8, 17, 7, 11, 1, 19, 12, 15, 16, 3, 6, 10]",1308.5,"[14, 0, 2, 4, 9, 5, 18, 13, 8, 17, 7, 11, 1, 19, 12, 15, 16, 3, 6, 10]",1308.5,7.268060922622681
"[14, 0, 2, 4, 9, 5, 18, 13, 8, 17, 7, 11, 1, 19, 12, 15, 16, 3, 6, 10]",1308.5,"[14, 0, 2, 4, 9, 5, 18, 13, 8, 17, 7, 11, 1, 19, 12, 15, 16, 3, 6, 10]",1308.5,7.330050468444824
"[14, 0, 2, 4, 9, 5, 18, 13, 8, 17, 7, 11, 1, 19, 12, 15, 16, 3, 6, 10]",1308.5,"[14, 0, 2, 4, 9, 5, 18, 13, 8, 17, 7, 11, 1, 19, 12, 15, 16, 3, 6, 10]",1308.5,7.392041444778442
"[14, 0, 2, 4, 9, 5, 18, 13, 8, 17, 7, 11, 1, 19, 12, 15, 16, 3, 6, 10]",1308.5,"[14, 0, 2, 4, 9, 5, 18, 13, 8, 17, 7, 11, 1, 19, 12, 15, 16, 3, 6, 10]",1308.5,7.454042434692383
"[14, 0, 2, 4, 9, 5, 18, 13, 8, 17, 7, 11, 1, 19, 12, 15, 16, 3, 6, 10]",1308.5,"[14, 0, 2, 4, 9, 5, 18, 13, 8, 17, 7, 11, 1, 19, 12, 15, 16, 3, 6, 10]",1308.5,7.51704478263855
"[14, 0, 2, 4, 9, 5, 18, 13, 8, 17, 7, 11, 1, 19, 12, 15, 16, 3, 6, 10]",1308.5,"[14, 0, 2, 4, 9, 5, 18, 13, 8, 17, 7, 11, 1, 19, 12, 15, 16, 3, 6, 10]",1308.5,7.5790441036224365
"[14, 0, 2, 4, 9, 5, 18, 13, 8, 17, 7, 11, 1, 19, 12, 15, 16, 3, 6, 10]",1308.5,"[14, 0, 2, 4, 9, 5, 18, 13, 8, 17, 7, 11, 1, 19, 12, 15, 16, 3, 6, 10]",1308.5,7.641057252883911
"[14, 0, 2, 4, 9, 5, 18, 13, 8, 17, 7, 11, 1, 19, 12, 15, 16, 3, 6, 10]",1308.5,"[14, 0, 2, 4, 9, 5, 18, 13, 8, 17, 7, 11, 1, 19, 12, 15, 16, 3, 6, 10]",1308.5,7.7020416259765625
"[14, 0, 2, 4, 9, 5, 18, 13, 8, 17, 7, 11, 1, 19, 12, 15, 16, 3, 6, 10]",1308.5,"[14, 0, 2, 4, 9, 5, 18, 13, 8, 17, 7, 11, 1, 19, 12, 15, 16, 3, 6, 10]",1308.5,7.768041610717773
"[14, 0, 2, 4, 9, 5, 18, 13, 8, 17, 7, 11, 1, 19, 12, 15, 16, 3, 6, 10]",1308.5,"[14, 0, 2, 4, 9, 5, 18, 13, 8, 17, 7, 11, 1, 19, 12, 15, 16, 3, 6, 10]",1308.5,7.8330442905426025
"[14, 0, 2, 4, 9, 5, 18, 13, 8, 17, 7, 11, 1, 19, 12, 15, 16, 3, 6, 10]",1308.5,"[14, 0, 2, 4, 9, 5, 18, 13, 8, 17, 7, 11, 1, 19, 12, 15, 16, 3, 6, 10]",1308.5,7.894047498703003
"[14, 0, 2, 4, 9, 5, 18, 13, 8, 17, 7, 11, 1, 19, 12, 15, 16, 3, 6, 10]",1308.5,"[14, 0, 2, 4, 9, 5, 18, 13, 8, 17, 7, 11, 1, 19, 12, 15, 16, 3, 6, 10]",1308.5,7.955043315887451
"[14, 0, 2, 4, 9, 5, 18, 13, 8, 17, 7, 11, 1, 19, 12, 15, 16, 3, 6, 10]",1308.5,"[14, 0, 2, 4, 9, 5, 18, 13, 8, 17, 7, 11, 1, 19, 12, 15, 16, 3, 6, 10]",1308.5,8.01505708694458
"[14, 0, 2, 4, 9, 5, 18, 13, 8, 17, 7, 11, 1, 19, 12, 15, 16, 3, 6, 10]",1308.5,"[14, 0, 2, 4, 9, 5, 18, 13, 8, 17, 7, 11, 1, 19, 12, 15, 16, 3, 6, 10]",1308.5,8.075042009353638
"[14, 0, 2, 4, 9, 5, 18, 13, 8, 17, 7, 11, 1, 19, 12, 15, 16, 3, 6, 10]",1308.5,"[14, 0, 2, 4, 9, 5, 18, 13, 8, 17, 7, 11, 1, 19, 12, 15, 16, 3, 6, 10]",1308.5,8.133045673370361
"[14, 0, 2, 4, 9, 5, 18, 13, 8, 17, 7, 11, 1, 19, 12, 15, 16, 3, 6, 10]",1308.5,"[14, 0, 2, 4, 9, 5, 18, 13, 8, 17, 7, 11, 1, 19, 12, 15, 16, 3, 6, 10]",1308.5,8.192042350769043
"[14, 0, 2, 4, 9, 5, 18, 13, 8, 17, 7, 11, 1, 19, 12, 15, 16, 3, 6, 10]",1308.5,"[14, 0, 2, 4, 9, 5, 18, 13, 8, 17, 7, 11, 1, 19, 12, 15, 16, 3, 6, 10]",1308.5,8.255042552947998
"[14, 0, 2, 4, 9, 5, 18, 13, 8, 17, 7, 11, 1, 19, 12, 15, 16, 3, 6, 10]",1308.5,"[14, 0, 2, 4, 9, 5, 18, 13, 8, 17, 7, 11, 1, 19, 12, 15, 16, 3, 6, 10]",1308.5,8.318045139312744
"[14, 0, 2, 4, 9, 5, 18, 13, 8, 17, 7, 11, 1, 19, 12, 15, 16, 3, 6, 10]",1308.5,"[14, 0, 2, 4, 9, 5, 18, 13, 8, 17, 7, 11, 1, 19, 12, 15, 16, 3, 6, 10]",1308.5,8.379044771194458
"[14, 0, 2, 4, 9, 5, 18, 13, 8, 17, 7, 11, 1, 19, 12, 15, 16, 3, 6, 10]",1308.5,"[14, 0, 2, 4, 9, 5, 18, 13, 8, 17, 7, 11, 1, 19, 12, 15, 16, 3, 6, 10]",1308.5,8.448047637939453
"[14, 0, 2, 4, 9, 5, 18, 13, 8, 17, 7, 11, 1, 19, 12, 15, 16, 3, 6, 10]",1308.5,"[14, 0, 2, 4, 9, 5, 18, 13, 8, 17, 7, 11, 1, 19, 12, 15, 16, 3, 6, 10]",1308.5,8.511046409606934
"[14, 0, 2, 4, 9, 5, 18, 13, 8, 17, 7, 11, 1, 19, 12, 15, 16, 3, 6, 10]",1308.5,"[14, 0, 2, 4, 9, 5, 18, 13, 8, 17, 7, 11, 1, 19, 12, 15, 16, 3, 6, 10]",1308.5,8.57205605506897
"[14, 0, 2, 4, 9, 5, 18, 13, 8, 17, 7, 11, 1, 19, 12, 15, 16, 3, 6, 10]",1308.5,"[14, 0, 2, 4, 9, 5, 18, 13, 8, 17, 7, 11, 1, 19, 12, 15, 16, 3, 6, 10]",1308.5,8.63304853439331
"[14, 0, 2, 4, 9, 5, 18, 13, 8, 17, 7, 11, 1, 19, 12, 15, 16, 3, 6, 10]",1308.5,"[14, 0, 2, 4, 9, 5, 18, 13, 8, 17, 7, 11, 1, 19, 12, 15, 16, 3, 6, 10]",1308.5,8.693156242370605
"[14, 0, 2, 4, 9, 5, 18, 13, 8, 17, 7, 11, 1, 19, 12, 15, 16, 3, 6, 10]",1308.5,"[14, 0, 2, 4, 9, 5, 18, 13, 8, 17, 7, 11, 1, 19, 12, 15, 16, 3, 6, 10]",1308.5,8.753047227859497
"[14, 0, 2, 4, 9, 5, 18, 13, 8, 17, 7, 11, 1, 19, 12, 15, 16, 3, 6, 10]",1308.5,"[14, 0, 2, 4, 9, 5, 18, 13, 8, 17, 7, 11, 1, 19, 12, 15, 16, 3, 6, 10]",1308.5,8.831049680709839
"[14, 0, 2, 4, 9, 5, 18, 13, 8, 17, 7, 11, 1, 19, 12, 15, 16, 3, 6, 10]",1308.5,"[14, 0, 2, 4, 9, 5, 18, 13, 8, 17, 7, 11, 1, 19, 12, 15, 16, 3, 6, 10]",1308.5,8.896050691604614
"[14, 0, 2, 4, 9, 5, 18, 13, 8, 17, 7, 11, 1, 19, 12, 15, 16, 3, 6, 10]",1308.5,"[14, 0, 2, 4, 9, 5, 18, 13, 8, 17, 7, 11, 1, 19, 12, 15, 16, 3, 6, 10]",1308.5,8.988059282302856
"[14, 0, 2, 4, 9, 5, 18, 13, 8, 17, 7, 11, 1, 19, 12, 15, 16, 3, 6, 10]",1308.5,"[14, 0, 2, 4, 9, 5, 18, 13, 8, 17, 7, 11, 1, 19, 12, 15, 16, 3, 6, 10]",1308.5,9.059048891067505
"[14, 0, 2, 4, 9, 5, 18, 13, 8, 17, 7, 11, 1, 19, 12, 15, 16, 3, 6, 10]",1308.5,"[14, 0, 2, 4, 9, 5, 18, 13, 8, 17, 7, 11, 1, 19, 12, 15, 16, 3, 6, 10]",1308.5,9.136047601699829
"[14, 0, 2, 4, 9, 5, 18, 13, 8, 17, 7, 11, 1, 19, 12, 15, 16, 3, 6, 10]",1308.5,"[14, 0, 2, 4, 9, 5, 18, 13, 8, 17, 7, 11, 1, 19, 12, 15, 16, 3, 6, 10]",1308.5,9.210049867630005
"[14, 0, 2, 4, 9, 5, 18, 13, 8, 17, 7, 11, 1, 19, 12, 15, 16, 3, 6, 10]",1308.5,"[14, 0, 2, 4, 9, 5, 18, 13, 8, 17, 7, 11, 1, 19, 12, 15, 16, 3, 6, 10]",1308.5,9.279053211212158
"[14, 0, 2, 4, 9, 5, 18, 13, 8, 17, 7, 11, 1, 19, 12, 15, 16, 3, 6, 10]",1308.5,"[14, 0, 2, 4, 9, 5, 18, 13, 8, 17, 7, 11, 1, 19, 12, 15, 16, 3, 6, 10]",1308.5,9.349053144454956
"[14, 0, 2, 4, 9, 5, 18, 13, 8, 17, 7, 11, 1, 19, 12, 15, 16, 3, 6, 10]",1308.5,"[14, 0, 2, 4, 9, 5, 18, 13, 8, 17, 7, 11, 1, 19, 12, 15, 16, 3, 6, 10]",1308.5,9.421051502227783
"[14, 0, 2, 4, 9, 5, 18, 13, 8, 17, 7, 11, 1, 19, 12, 15, 16, 3, 6, 10]",1308.5,"[14, 0, 2, 4, 9, 5, 18, 13, 8, 17, 7, 11, 1, 19, 12, 15, 16, 3, 6, 10]",1308.5,9.503100872039795
"[14, 0, 2, 4, 9, 5, 18, 13, 8, 17, 7, 11, 1, 19, 12, 15, 16, 3, 6, 10]",1308.5,"[14, 0, 2, 4, 9, 5, 18, 13, 8, 17, 7, 11, 1, 19, 12, 15, 16, 3, 6, 10]",1308.5,9.579055070877075
"[14, 0, 2, 4, 9, 5, 18, 13, 8, 17, 7, 11, 1, 19, 12, 15, 16, 3, 6, 10]",1308.5,"[14, 0, 2, 4, 9, 5, 18, 13, 8, 17, 7, 11, 1, 19, 12, 15, 16, 3, 6, 10]",1308.5,9.640066146850586
"[14, 0, 2, 4, 9, 5, 18, 13, 8, 17, 7, 11, 1, 19, 12, 15, 16, 3, 6, 10]",1308.5,"[14, 0, 2, 4, 9, 5, 18, 13, 8, 17, 7, 11, 1, 19, 12, 15, 16, 3, 6, 10]",1308.5,9.701053380966187
"[14, 0, 2, 4, 9, 5, 18, 13, 8, 17, 7, 11, 1, 19, 12, 15, 16, 3, 6, 10]",1308.5,"[14, 0, 2, 4, 9, 5, 18, 13, 8, 17, 7, 11, 1, 19, 12, 15, 16, 3, 6, 10]",1308.5,9.760053157806396
"[14, 0, 2, 4, 9, 5, 18, 13, 8, 17, 7, 11, 1, 19, 12, 15, 16, 3, 6, 10]",1308.5,"[14, 0, 2, 4, 9, 5, 18, 13, 8, 17, 7, 11, 1, 19, 12, 15, 16, 3, 6, 10]",1308.5,9.821058511734009
"[14, 0, 2, 4, 9, 5, 18, 13, 8, 17, 7, 11, 1, 19, 12, 15, 16, 3, 6, 10]",1308.5,"[14, 0, 2, 4, 9, 5, 18, 13, 8, 17, 7, 11, 1, 19, 12, 15, 16, 3, 6, 10]",1308.5,9.88205599784851
"[14, 0, 2, 4, 9, 5, 18, 13, 8, 17, 7, 11, 1, 19, 12, 15, 16, 3, 6, 10]",1308.5,"[14, 0, 2, 4, 9, 5, 18, 13, 8, 17, 7, 11, 1, 19, 12, 15, 16, 3, 6, 10]",1308.5,9.944056034088135
"[14, 0, 2, 4, 9, 5, 18, 13, 8, 17, 7, 11, 1, 19, 12, 15, 16, 3, 6, 10]",1308.5,"[14, 0, 2, 4, 9, 5, 18, 13, 8, 17, 7, 11, 1, 19, 12, 15, 16, 3, 6, 10]",1308.5,10.008058786392212
"[14, 0, 2, 4, 9, 5, 18, 13, 8, 17, 7, 11, 1, 19, 12, 15, 16, 3, 6, 10]",1308.5,"[14, 0, 2, 4, 9, 5, 18, 13, 8, 17, 7, 11, 1, 19, 12, 15, 16, 3, 6, 10]",1308.5,10.069060564041138
"[14, 0, 2, 4, 9, 5, 18, 13, 8, 17, 7, 11, 1, 19, 12, 15, 16, 3, 6, 10]",1308.5,"[14, 0, 2, 4, 9, 5, 18, 13, 8, 17, 7, 11, 1, 19, 12, 15, 16, 3, 6, 10]",1308.5,10.129053354263306
"[14, 0, 2, 4, 9, 5, 18, 13, 8, 17, 7, 11, 1, 19, 12, 15, 16, 3, 6, 10]",1308.5,"[14, 0, 2, 4, 9, 5, 18, 13, 8, 17, 7, 11, 1, 19, 12, 15, 16, 3, 6, 10]",1308.5,10.188055515289307
"[14, 0, 2, 4, 9, 5, 18, 13, 8, 17, 7, 11, 1, 19, 12, 15, 16, 3, 6, 10]",1308.5,"[14, 0, 2, 4, 9, 5, 18, 13, 8, 17, 7, 11, 1, 19, 12, 15, 16, 3, 6, 10]",1308.5,10.249054193496704
"[14, 0, 2, 4, 9, 5, 18, 13, 8, 17, 7, 11, 1, 19, 12, 15, 16, 3, 6, 10]",1308.5,"[14, 0, 2, 4, 9, 5, 18, 13, 8, 17, 7, 11, 1, 19, 12, 15, 16, 3, 6, 10]",1308.5,10.316070318222046
"[14, 0, 2, 4, 9, 5, 18, 13, 8, 17, 7, 11, 1, 19, 12, 15, 16, 3, 6, 10]",1308.5,"[14, 0, 2, 4, 9, 5, 18, 13, 8, 17, 7, 11, 1, 19, 12, 15, 16, 3, 6, 10]",1308.5,10.380059003829956
"[14, 0, 2, 4, 9, 5, 18, 13, 8, 17, 7, 11, 1, 19, 12, 15, 16, 3, 6, 10]",1308.5,"[14, 0, 2, 4, 9, 5, 18, 13, 8, 17, 7, 11, 1, 19, 12, 15, 16, 3, 6, 10]",1308.5,10.4430570602417
"[14, 0, 2, 4, 9, 5, 18, 13, 8, 17, 7, 11, 1, 19, 12, 15, 16, 3, 6, 10]",1308.5,"[14, 0, 2, 4, 9, 5, 18, 13, 8, 17, 7, 11, 1, 19, 12, 15, 16, 3, 6, 10]",1308.5,10.505056619644165
"[14, 0, 2, 4, 9, 5, 18, 13, 8, 17, 7, 11, 1, 19, 12, 15, 16, 3, 6, 10]",1308.5,"[14, 0, 2, 4, 9, 5, 18, 13, 8, 17, 7, 11, 1, 19, 12, 15, 16, 3, 6, 10]",1308.5,10.57005786895752
"[14, 0, 2, 4, 9, 5, 18, 13, 8, 17, 7, 11, 1, 19, 12, 15, 16, 3, 6, 10]",1308.5,"[14, 0, 2, 4, 9, 5, 18, 13, 8, 17, 7, 11, 1, 19, 12, 15, 16, 3, 6, 10]",1308.5,10.638060331344604
"[14, 0, 2, 4, 9, 5, 18, 13, 8, 17, 7, 11, 1, 19, 12, 15, 16, 3, 6, 10]",1308.5,"[14, 0, 2, 4, 9, 5, 18, 13, 8, 17, 7, 11, 1, 19, 12, 15, 16, 3, 6, 10]",1308.5,10.698057889938354
"[14, 0, 2, 4, 9, 5, 18, 13, 8, 17, 7, 11, 1, 19, 12, 15, 16, 3, 6, 10]",1308.5,"[14, 0, 2, 4, 9, 5, 18, 13, 8, 17, 7, 11, 1, 19, 12, 15, 16, 3, 6, 10]",1308.5,10.760061740875244
"[14, 0, 2, 4, 9, 5, 18, 13, 8, 17, 7, 11, 1, 19, 12, 15, 16, 3, 6, 10]",1308.5,"[14, 0, 2, 4, 9, 5, 18, 13, 8, 17, 7, 11, 1, 19, 12, 15, 16, 3, 6, 10]",1308.5,10.822060108184814
"[14, 0, 2, 4, 9, 5, 18, 13, 8, 17, 7, 11, 1, 19, 12, 15, 16, 3, 6, 10]",1308.5,"[14, 0, 2, 4, 9, 5, 18, 13, 8, 17, 7, 11, 1, 19, 12, 15, 16, 3, 6, 10]",1308.5,10.885061025619507
"[14, 0, 2, 4, 9, 5, 18, 13, 8, 17, 7, 11, 1, 19, 12, 15, 16, 3, 6, 10]",1308.5,"[14, 0, 2, 4, 9, 5, 18, 13, 8, 17, 7, 11, 1, 19, 12, 15, 16, 3, 6, 10]",1308.5,10.948063135147095
"[14, 0, 2, 4, 9, 5, 18, 13, 8, 17, 7, 11, 1, 19, 12, 15, 16, 3, 6, 10]",1308.5,"[14, 0, 2, 4, 9, 5, 18, 13, 8, 17, 7, 11, 1, 19, 12, 15, 16, 3, 6, 10]",1308.5,11.008062362670898
"[14, 0, 2, 4, 9, 5, 18, 13, 8, 17, 7, 11, 1, 19, 12, 15, 16, 3, 6, 10]",1308.5,"[14, 0, 2, 4, 9, 5, 18, 13, 8, 17, 7, 11, 1, 19, 12, 15, 16, 3, 6, 10]",1308.5,11.069064617156982
"[14, 0, 2, 4, 9, 5, 18, 13, 8, 17, 7, 11, 1, 19, 12, 15, 16, 3, 6, 10]",1308.5,"[14, 0, 2, 4, 9, 5, 18, 13, 8, 17, 7, 11, 1, 19, 12, 15, 16, 3, 6, 10]",1308.5,11.129060983657837
"[14, 0, 2, 4, 9, 5, 18, 13, 8, 17, 7, 11, 1, 19, 12, 15, 16, 3, 6, 10]",1308.5,"[14, 0, 2, 4, 9, 5, 18, 13, 8, 17, 7, 11, 1, 19, 12, 15, 16, 3, 6, 10]",1308.5,11.19006609916687
"[14, 0, 2, 4, 9, 5, 18, 13, 8, 17, 7, 11, 1, 19, 12, 15, 16, 3, 6, 10]",1308.5,"[14, 0, 2, 4, 9, 5, 18, 13, 8, 17, 7, 11, 1, 19, 12, 15, 16, 3, 6, 10]",1308.5,11.250072479248047
"[14, 0, 2, 4, 9, 5, 18, 13, 8, 17, 7, 11, 1, 19, 12, 15, 16, 3, 6, 10]",1308.5,"[14, 0, 2, 4, 9, 5, 18, 13, 8, 17, 7, 11, 1, 19, 12, 15, 16, 3, 6, 10]",1308.5,11.312063932418823
"[14, 0, 2, 4, 9, 5, 18, 13, 8, 17, 7, 11, 1, 19, 12, 15, 16, 3, 6, 10]",1308.5,"[14, 0, 2, 4, 9, 5, 18, 13, 8, 17, 7, 11, 1, 19, 12, 15, 16, 3, 6, 10]",1308.5,11.378066062927246
"[14, 0, 2, 4, 9, 5, 18, 13, 8, 17, 7, 11, 1, 19, 12, 15, 16, 3, 6, 10]",1308.5,"[14, 0, 2, 4, 9, 5, 18, 13, 8, 17, 7, 11, 1, 19, 12, 15, 16, 3, 6, 10]",1308.5,11.44106650352478
"[14, 0, 2, 4, 9, 5, 18, 13, 8, 17, 7, 11, 1, 19, 12, 15, 16, 3, 6, 10]",1308.5,"[14, 0, 2, 4, 9, 5, 18, 13, 8, 17, 7, 11, 1, 19, 12, 15, 16, 3, 6, 10]",1308.5,11.501063823699951
"[14, 0, 2, 4, 9, 5, 18, 13, 8, 17, 7, 11, 1, 19, 12, 15, 16, 3, 6, 10]",1308.5,"[14, 0, 2, 4, 9, 5, 18, 13, 8, 17, 7, 11, 1, 19, 12, 15, 16, 3, 6, 10]",1308.5,11.561069250106812
"[14, 0, 2, 4, 9, 5, 18, 13, 8, 17, 7, 11, 1, 19, 12, 15, 16, 3, 6, 10]",1308.5,"[14, 0, 2, 4, 9, 5, 18, 13, 8, 17, 7, 11, 1, 19, 12, 15, 16, 3, 6, 10]",1308.5,11.619067192077637
"[14, 0, 2, 4, 9, 5, 18, 13, 8, 17, 7, 11, 1, 19, 12, 15, 16, 3, 6, 10]",1308.5,"[14, 0, 2, 4, 9, 5, 18, 13, 8, 17, 7, 11, 1, 19, 12, 15, 16, 3, 6, 10]",1308.5,11.678079605102539
"[14, 0, 2, 4, 9, 5, 18, 13, 8, 17, 7, 11, 1, 19, 12, 15, 16, 3, 6, 10]",1308.5,"[14, 0, 2, 4, 9, 5, 18, 13, 8, 17, 7, 11, 1, 19, 12, 15, 16, 3, 6, 10]",1308.5,11.742066144943237
"[14, 0, 2, 4, 9, 5, 18, 13, 8, 17, 7, 11, 1, 19, 12, 15, 16, 3, 6, 10]",1308.5,"[14, 0, 2, 4, 9, 5, 18, 13, 8, 17, 7, 11, 1, 19, 12, 15, 16, 3, 6, 10]",1308.5,11.803078651428223
"[14, 0, 2, 4, 9, 5, 18, 13, 8, 17, 7, 11, 1, 19, 12, 15, 16, 3, 6, 10]",1308.5,"[14, 0, 2, 4, 9, 5, 18, 13, 8, 17, 7, 11, 1, 19, 12, 15, 16, 3, 6, 10]",1308.5,11.863070964813232
"[14, 0, 2, 4, 9, 5, 18, 13, 8, 17, 7, 11, 1, 19, 12, 15, 16, 3, 6, 10]",1308.5,"[14, 0, 2, 4, 9, 5, 18, 13, 8, 17, 7, 11, 1, 19, 12, 15, 16, 3, 6, 10]",1308.5,11.933069705963135
"[14, 0, 2, 4, 9, 5, 18, 13, 8, 17, 7, 11, 1, 19, 12, 15, 16, 3, 6, 10]",1308.5,"[14, 0, 2, 4, 9, 5, 18, 13, 8, 17, 7, 11, 1, 19, 12, 15, 16, 3, 6, 10]",1308.5,11.99806833267212
"[14, 0, 2, 4, 9, 5, 18, 13, 8, 17, 7, 11, 1, 19, 12, 15, 16, 3, 6, 10]",1308.5,"[14, 0, 2, 4, 9, 5, 18, 13, 8, 17, 7, 11, 1, 19, 12, 15, 16, 3, 6, 10]",1308.5,12.059069871902466
"[14, 0, 2, 4, 9, 5, 18, 13, 8, 17, 7, 11, 1, 19, 12, 15, 16, 3, 6, 10]",1308.5,"[14, 0, 2, 4, 9, 5, 18, 13, 8, 17, 7, 11, 1, 19, 12, 15, 16, 3, 6, 10]",1308.5,12.119165420532227
"[14, 0, 2, 4, 9, 5, 18, 13, 8, 17, 7, 11, 1, 19, 12, 15, 16, 3, 6, 10]",1308.5,"[14, 0, 2, 4, 9, 5, 18, 13, 8, 17, 7, 11, 1, 19, 12, 15, 16, 3, 6, 10]",1308.5,12.183072805404663
"[14, 0, 2, 4, 9, 5, 18, 13, 8, 17, 7, 11, 1, 19, 12, 15, 16, 3, 6, 10]",1308.5,"[14, 0, 2, 4, 9, 5, 18, 13, 8, 17, 7, 11, 1, 19, 12, 15, 16, 3, 6, 10]",1308.5,12.243070602416992
"[14, 0, 2, 4, 9, 5, 18, 13, 8, 17, 7, 11, 1, 19, 12, 15, 16, 3, 6, 10]",1308.5,"[14, 0, 2, 4, 9, 5, 18, 13, 8, 17, 7, 11, 1, 19, 12, 15, 16, 3, 6, 10]",1308.5,12.305070877075195
"[14, 0, 2, 4, 9, 5, 18, 13, 8, 17, 7, 11, 1, 19, 12, 15, 16, 3, 6, 10]",1308.5,"[14, 0, 2, 4, 9, 5, 18, 13, 8, 17, 7, 11, 1, 19, 12, 15, 16, 3, 6, 10]",1308.5,12.370071411132812
"[14, 0, 2, 4, 9, 5, 18, 13, 8, 17, 7, 11, 1, 19, 12, 15, 16, 3, 6, 10]",1308.5,"[14, 0, 2, 4, 9, 5, 18, 13, 8, 17, 7, 11, 1, 19, 12, 15, 16, 3, 6, 10]",1308.5,12.430074691772461
"[14, 0, 2, 4, 9, 5, 18, 13, 8, 17, 7, 11, 1, 19, 12, 15, 16, 3, 6, 10]",1308.5,"[14, 0, 2, 4, 9, 5, 18, 13, 8, 17, 7, 11, 1, 19, 12, 15, 16, 3, 6, 10]",1308.5,12.494071960449219
"[14, 0, 2, 4, 9, 5, 18, 13, 8, 17, 7, 11, 1, 19, 12, 15, 16, 3, 6, 10]",1308.5,"[14, 0, 2, 4, 9, 5, 18, 13, 8, 17, 7, 11, 1, 19, 12, 15, 16, 3, 6, 10]",1308.5,12.555072784423828
"[14, 0, 2, 4, 9, 5, 18, 13, 8, 17, 7, 11, 1, 19, 12, 15, 16, 3, 6, 10]",1308.5,"[14, 0, 2, 4, 9, 5, 18, 13, 8, 17, 7, 11, 1, 19, 12, 15, 16, 3, 6, 10]",1308.5,12.61607837677002
"[14, 0, 2, 4, 9, 5, 18, 13, 8, 17, 7, 11, 1, 19, 12, 15, 16, 3, 6, 10]",1308.5,"[14, 0, 2, 4, 9, 5, 18, 13, 8, 17, 7, 11, 1, 19, 12, 15, 16, 3, 6, 10]",1308.5,12.679079055786133
