Sequence,Fitness,Best_sequence,Best_fitness,Time
"[0, 1, 2, 3, 4, 5, 6, 7, 8, 9, 10, 11, 12, 13, 14, 15, 16, 17, 18, 19]",971.5,"[0, 1, 2, 3, 4, 5, 6, 7, 8, 9, 10, 11, 12, 13, 14, 15, 16, 17, 18, 19]",971.5,0.0
"[0, 1, 2, 3, 4, 5, 6, 7, 8, 9, 10, 11, 12, 13, 14, 15, 16, 17, 18, 19]",971.5,"[0, 1, 2, 3, 4, 5, 6, 7, 8, 9, 10, 11, 12, 13, 14, 15, 16, 17, 18, 19]",971.5,0.061000823974609375
"[0, 1, 2, 3, 4, 5, 6, 7, 8, 9, 10, 11, 12, 13, 14, 15, 16, 17, 18, 19]",971.5,"[0, 1, 2, 3, 4, 5, 6, 7, 8, 9, 10, 11, 12, 13, 14, 15, 16, 17, 18, 19]",971.5,0.12404656410217285
"[0, 1, 2, 3, 4, 5, 6, 7, 8, 9, 10, 11, 12, 13, 14, 15, 16, 17, 18, 19]",971.5,"[0, 1, 2, 3, 4, 5, 6, 7, 8, 9, 10, 11, 12, 13, 14, 15, 16, 17, 18, 19]",971.5,0.18803882598876953
"[0, 1, 2, 3, 4, 5, 6, 7, 8, 9, 10, 18, 12, 13, 14, 15, 16, 17, 11, 19]",969.0,"[0, 1, 2, 3, 4, 5, 6, 7, 8, 9, 10, 18, 12, 13, 14, 15, 16, 17, 11, 19]",969.0,0.2510390281677246
"[0, 1, 2, 3, 4, 5, 6, 7, 8, 9, 10, 18, 12, 13, 14, 15, 16, 17, 11, 19]",969.0,"[0, 1, 2, 3, 4, 5, 6, 7, 8, 9, 10, 18, 12, 13, 14, 15, 16, 17, 11, 19]",969.0,0.3120591640472412
"[0, 1, 2, 3, 4, 5, 6, 7, 8, 9, 10, 18, 12, 13, 14, 15, 16, 17, 11, 19]",969.0,"[0, 1, 2, 3, 4, 5, 6, 7, 8, 9, 10, 18, 12, 13, 14, 15, 16, 17, 11, 19]",969.0,0.37503862380981445
"[0, 1, 2, 3, 4, 5, 6, 7, 8, 9, 10, 17, 12, 13, 14, 15, 16, 18, 11, 19]",952.5,"[0, 1, 2, 3, 4, 5, 6, 7, 8, 9, 10, 17, 12, 13, 14, 15, 16, 18, 11, 19]",952.5,0.4420433044433594
"[0, 1, 2, 3, 4, 5, 6, 7, 8, 9, 10, 17, 12, 13, 14, 15, 16, 18, 11, 19]",952.5,"[0, 1, 2, 3, 4, 5, 6, 7, 8, 9, 10, 17, 12, 13, 14, 15, 16, 18, 11, 19]",952.5,0.5040335655212402
"[0, 1, 2, 3, 4, 5, 6, 7, 8, 9, 10, 17, 12, 13, 14, 15, 16, 18, 11, 19]",952.5,"[0, 1, 2, 3, 4, 5, 6, 7, 8, 9, 10, 17, 12, 13, 14, 15, 16, 18, 11, 19]",952.5,0.5660507678985596
"[0, 1, 2, 3, 4, 5, 6, 7, 8, 9, 10, 17, 12, 13, 14, 15, 16, 18, 11, 19]",952.5,"[0, 1, 2, 3, 4, 5, 6, 7, 8, 9, 10, 17, 12, 13, 14, 15, 16, 18, 11, 19]",952.5,0.630042314529419
"[0, 1, 2, 3, 4, 5, 6, 7, 8, 9, 17, 10, 12, 13, 14, 15, 16, 18, 11, 19]",943.5,"[0, 1, 2, 3, 4, 5, 6, 7, 8, 9, 17, 10, 12, 13, 14, 15, 16, 18, 11, 19]",943.5,0.690039873123169
"[0, 1, 2, 3, 4, 5, 6, 7, 8, 9, 17, 10, 12, 13, 14, 15, 16, 18, 11, 19]",943.5,"[0, 1, 2, 3, 4, 5, 6, 7, 8, 9, 17, 10, 12, 13, 14, 15, 16, 18, 11, 19]",943.5,0.7490434646606445
"[0, 1, 2, 3, 4, 5, 6, 7, 8, 9, 17, 10, 12, 13, 14, 15, 16, 18, 11, 19]",943.5,"[0, 1, 2, 3, 4, 5, 6, 7, 8, 9, 17, 10, 12, 13, 14, 15, 16, 18, 11, 19]",943.5,0.8086059093475342
"[0, 1, 2, 3, 4, 5, 6, 7, 8, 9, 17, 10, 12, 13, 14, 15, 16, 18, 11, 19]",943.5,"[0, 1, 2, 3, 4, 5, 6, 7, 8, 9, 17, 10, 12, 13, 14, 15, 16, 18, 11, 19]",943.5,0.8715906143188477
"[0, 1, 2, 3, 4, 5, 6, 7, 8, 9, 17, 10, 12, 13, 14, 15, 16, 18, 11, 19]",943.5,"[0, 1, 2, 3, 4, 5, 6, 7, 8, 9, 17, 10, 12, 13, 14, 15, 16, 18, 11, 19]",943.5,0.9315893650054932
"[0, 1, 2, 3, 4, 5, 6, 7, 8, 9, 17, 10, 12, 13, 14, 15, 16, 18, 11, 19]",943.5,"[0, 1, 2, 3, 4, 5, 6, 7, 8, 9, 17, 10, 12, 13, 14, 15, 16, 18, 11, 19]",943.5,0.998589038848877
"[0, 1, 19, 3, 4, 5, 6, 7, 8, 9, 17, 10, 12, 13, 14, 15, 16, 18, 11, 2]",883.0,"[0, 1, 19, 3, 4, 5, 6, 7, 8, 9, 17, 10, 12, 13, 14, 15, 16, 18, 11, 2]",883.0,1.0615856647491455
"[0, 1, 19, 3, 4, 5, 6, 7, 8, 9, 17, 10, 12, 13, 14, 15, 16, 18, 11, 2]",883.0,"[0, 1, 19, 3, 4, 5, 6, 7, 8, 9, 17, 10, 12, 13, 14, 15, 16, 18, 11, 2]",883.0,1.127600908279419
"[0, 1, 19, 3, 4, 5, 6, 7, 8, 9, 17, 10, 12, 13, 14, 15, 16, 18, 11, 2]",883.0,"[0, 1, 19, 3, 4, 5, 6, 7, 8, 9, 17, 10, 12, 13, 14, 15, 16, 18, 11, 2]",883.0,1.190589189529419
"[0, 1, 19, 3, 4, 5, 6, 7, 8, 9, 17, 10, 12, 13, 14, 15, 16, 18, 11, 2]",883.0,"[0, 1, 19, 3, 4, 5, 6, 7, 8, 9, 17, 10, 12, 13, 14, 15, 16, 18, 11, 2]",883.0,1.255591630935669
"[0, 1, 19, 3, 4, 5, 6, 7, 8, 9, 17, 10, 12, 13, 14, 15, 16, 18, 11, 2]",883.0,"[0, 1, 19, 3, 4, 5, 6, 7, 8, 9, 17, 10, 12, 13, 14, 15, 16, 18, 11, 2]",883.0,1.3195908069610596
"[0, 1, 19, 3, 4, 5, 6, 7, 8, 9, 17, 10, 12, 13, 14, 15, 16, 18, 11, 2]",883.0,"[0, 1, 19, 3, 4, 5, 6, 7, 8, 9, 17, 10, 12, 13, 14, 15, 16, 18, 11, 2]",883.0,1.3845977783203125
"[0, 1, 19, 3, 4, 5, 6, 7, 8, 9, 17, 10, 12, 13, 14, 15, 16, 18, 11, 2]",883.0,"[0, 1, 19, 3, 4, 5, 6, 7, 8, 9, 17, 10, 12, 13, 14, 15, 16, 18, 11, 2]",883.0,1.4486172199249268
"[0, 1, 19, 3, 4, 5, 6, 7, 8, 9, 17, 10, 12, 13, 14, 15, 16, 18, 11, 2]",883.0,"[0, 1, 19, 3, 4, 5, 6, 7, 8, 9, 17, 10, 12, 13, 14, 15, 16, 18, 11, 2]",883.0,1.515589714050293
"[0, 1, 19, 3, 4, 5, 6, 7, 8, 9, 17, 10, 12, 13, 14, 15, 16, 18, 11, 2]",883.0,"[0, 1, 19, 3, 4, 5, 6, 7, 8, 9, 17, 10, 12, 13, 14, 15, 16, 18, 11, 2]",883.0,1.5855915546417236
"[0, 1, 19, 3, 4, 5, 6, 7, 8, 9, 17, 10, 12, 13, 14, 15, 16, 18, 11, 2]",883.0,"[0, 1, 19, 3, 4, 5, 6, 7, 8, 9, 17, 10, 12, 13, 14, 15, 16, 18, 11, 2]",883.0,1.662593126296997
"[0, 1, 19, 3, 4, 5, 6, 7, 8, 9, 17, 10, 12, 13, 14, 15, 16, 18, 11, 2]",883.0,"[0, 1, 19, 3, 4, 5, 6, 7, 8, 9, 17, 10, 12, 13, 14, 15, 16, 18, 11, 2]",883.0,1.72959303855896
"[0, 1, 19, 3, 4, 5, 6, 7, 8, 9, 17, 10, 12, 13, 14, 15, 16, 18, 11, 2]",883.0,"[0, 1, 19, 3, 4, 5, 6, 7, 8, 9, 17, 10, 12, 13, 14, 15, 16, 18, 11, 2]",883.0,1.7925996780395508
"[0, 1, 19, 3, 4, 5, 6, 7, 8, 9, 17, 10, 12, 13, 14, 15, 16, 18, 11, 2]",883.0,"[0, 1, 19, 3, 4, 5, 6, 7, 8, 9, 17, 10, 12, 13, 14, 15, 16, 18, 11, 2]",883.0,1.857616901397705
"[0, 1, 19, 3, 4, 5, 6, 7, 8, 9, 17, 10, 12, 13, 14, 15, 16, 18, 11, 2]",883.0,"[0, 1, 19, 3, 4, 5, 6, 7, 8, 9, 17, 10, 12, 13, 14, 15, 16, 18, 11, 2]",883.0,1.9236090183258057
"[0, 1, 19, 3, 4, 5, 6, 7, 8, 9, 17, 10, 12, 13, 14, 15, 16, 18, 11, 2]",883.0,"[0, 1, 19, 3, 4, 5, 6, 7, 8, 9, 17, 10, 12, 13, 14, 15, 16, 18, 11, 2]",883.0,1.9856061935424805
"[0, 1, 19, 3, 4, 5, 6, 7, 8, 9, 17, 10, 12, 13, 14, 15, 16, 18, 11, 2]",883.0,"[0, 1, 19, 3, 4, 5, 6, 7, 8, 9, 17, 10, 12, 13, 14, 15, 16, 18, 11, 2]",883.0,2.0496013164520264
"[0, 1, 19, 3, 4, 5, 6, 7, 8, 9, 17, 10, 12, 13, 14, 15, 16, 18, 11, 2]",883.0,"[0, 1, 19, 3, 4, 5, 6, 7, 8, 9, 17, 10, 12, 13, 14, 15, 16, 18, 11, 2]",883.0,2.1136040687561035
"[0, 1, 19, 3, 4, 5, 6, 7, 8, 9, 17, 10, 12, 13, 14, 15, 16, 18, 11, 2]",883.0,"[0, 1, 19, 3, 4, 5, 6, 7, 8, 9, 17, 10, 12, 13, 14, 15, 16, 18, 11, 2]",883.0,2.175644874572754
"[0, 1, 19, 3, 4, 5, 6, 7, 8, 9, 17, 10, 12, 13, 14, 15, 16, 18, 11, 2]",883.0,"[0, 1, 19, 3, 4, 5, 6, 7, 8, 9, 17, 10, 12, 13, 14, 15, 16, 18, 11, 2]",883.0,2.2396037578582764
"[0, 1, 19, 3, 4, 5, 6, 7, 8, 9, 17, 10, 12, 13, 14, 15, 16, 18, 11, 2]",883.0,"[0, 1, 19, 3, 4, 5, 6, 7, 8, 9, 17, 10, 12, 13, 14, 15, 16, 18, 11, 2]",883.0,2.3036046028137207
"[0, 1, 19, 3, 4, 5, 6, 7, 8, 9, 17, 10, 12, 13, 14, 15, 16, 18, 11, 2]",883.0,"[0, 1, 19, 3, 4, 5, 6, 7, 8, 9, 17, 10, 12, 13, 14, 15, 16, 18, 11, 2]",883.0,2.368600606918335
"[0, 1, 19, 3, 4, 5, 6, 7, 8, 9, 17, 10, 12, 13, 14, 15, 16, 18, 11, 2]",883.0,"[0, 1, 19, 3, 4, 5, 6, 7, 8, 9, 17, 10, 12, 13, 14, 15, 16, 18, 11, 2]",883.0,2.4347176551818848
"[0, 1, 19, 3, 4, 5, 6, 7, 8, 9, 17, 10, 12, 13, 14, 15, 16, 18, 11, 2]",883.0,"[0, 1, 19, 3, 4, 5, 6, 7, 8, 9, 17, 10, 12, 13, 14, 15, 16, 18, 11, 2]",883.0,2.497605323791504
"[0, 1, 19, 3, 4, 5, 6, 7, 8, 9, 17, 10, 12, 13, 14, 15, 16, 18, 11, 2]",883.0,"[0, 1, 19, 3, 4, 5, 6, 7, 8, 9, 17, 10, 12, 13, 14, 15, 16, 18, 11, 2]",883.0,2.5626022815704346
"[0, 1, 19, 3, 4, 5, 6, 7, 8, 9, 17, 10, 12, 13, 14, 15, 16, 18, 11, 2]",883.0,"[0, 1, 19, 3, 4, 5, 6, 7, 8, 9, 17, 10, 12, 13, 14, 15, 16, 18, 11, 2]",883.0,2.625620126724243
"[0, 1, 19, 3, 4, 5, 6, 7, 8, 9, 17, 10, 12, 13, 14, 15, 16, 18, 11, 2]",883.0,"[0, 1, 19, 3, 4, 5, 6, 7, 8, 9, 17, 10, 12, 13, 14, 15, 16, 18, 11, 2]",883.0,2.6906087398529053
"[0, 1, 19, 3, 4, 5, 6, 7, 8, 9, 17, 10, 12, 13, 14, 15, 16, 18, 11, 2]",883.0,"[0, 1, 19, 3, 4, 5, 6, 7, 8, 9, 17, 10, 12, 13, 14, 15, 16, 18, 11, 2]",883.0,2.7546041011810303
"[0, 1, 19, 3, 4, 5, 6, 7, 8, 9, 17, 10, 12, 13, 14, 15, 16, 18, 11, 2]",883.0,"[0, 1, 19, 3, 4, 5, 6, 7, 8, 9, 17, 10, 12, 13, 14, 15, 16, 18, 11, 2]",883.0,2.8206048011779785
"[0, 1, 19, 3, 4, 5, 6, 7, 8, 9, 17, 10, 12, 13, 14, 15, 16, 18, 11, 2]",883.0,"[0, 1, 19, 3, 4, 5, 6, 7, 8, 9, 17, 10, 12, 13, 14, 15, 16, 18, 11, 2]",883.0,2.8846096992492676
"[0, 1, 19, 3, 4, 5, 6, 7, 8, 9, 17, 10, 12, 13, 14, 15, 16, 18, 11, 2]",883.0,"[0, 1, 19, 3, 4, 5, 6, 7, 8, 9, 17, 10, 12, 13, 14, 15, 16, 18, 11, 2]",883.0,2.9466090202331543
"[0, 1, 19, 3, 4, 5, 6, 7, 8, 9, 17, 10, 12, 13, 14, 15, 16, 18, 11, 2]",883.0,"[0, 1, 19, 3, 4, 5, 6, 7, 8, 9, 17, 10, 12, 13, 14, 15, 16, 18, 11, 2]",883.0,3.0116076469421387
"[0, 1, 19, 3, 4, 5, 6, 7, 8, 9, 17, 10, 12, 13, 14, 15, 16, 18, 11, 2]",883.0,"[0, 1, 19, 3, 4, 5, 6, 7, 8, 9, 17, 10, 12, 13, 14, 15, 16, 18, 11, 2]",883.0,3.07361102104187
"[0, 1, 19, 3, 4, 5, 6, 7, 8, 9, 17, 10, 12, 13, 14, 15, 16, 18, 11, 2]",883.0,"[0, 1, 19, 3, 4, 5, 6, 7, 8, 9, 17, 10, 12, 13, 14, 15, 16, 18, 11, 2]",883.0,3.136608839035034
"[0, 1, 19, 3, 4, 5, 6, 7, 8, 9, 17, 10, 12, 13, 14, 15, 16, 18, 11, 2]",883.0,"[0, 1, 19, 3, 4, 5, 6, 7, 8, 9, 17, 10, 12, 13, 14, 15, 16, 18, 11, 2]",883.0,3.2026126384735107
"[0, 1, 19, 3, 4, 5, 6, 7, 8, 9, 17, 10, 12, 13, 14, 15, 16, 18, 11, 2]",883.0,"[0, 1, 19, 3, 4, 5, 6, 7, 8, 9, 17, 10, 12, 13, 14, 15, 16, 18, 11, 2]",883.0,3.268611192703247
"[0, 1, 19, 3, 4, 5, 6, 7, 8, 9, 17, 10, 12, 13, 14, 15, 16, 18, 11, 2]",883.0,"[0, 1, 19, 3, 4, 5, 6, 7, 8, 9, 17, 10, 12, 13, 14, 15, 16, 18, 11, 2]",883.0,3.3326120376586914
"[0, 1, 19, 3, 4, 5, 6, 7, 8, 9, 17, 10, 12, 13, 11, 15, 16, 18, 14, 2]",882.5,"[0, 1, 19, 3, 4, 5, 6, 7, 8, 9, 17, 10, 12, 13, 11, 15, 16, 18, 14, 2]",882.5,3.398615837097168
"[0, 1, 19, 3, 4, 5, 6, 7, 8, 9, 17, 10, 12, 13, 11, 15, 16, 18, 14, 2]",882.5,"[0, 1, 19, 3, 4, 5, 6, 7, 8, 9, 17, 10, 12, 13, 11, 15, 16, 18, 14, 2]",882.5,3.4616122245788574
"[0, 1, 19, 3, 4, 5, 6, 7, 8, 9, 17, 10, 12, 13, 11, 15, 16, 18, 14, 2]",882.5,"[0, 1, 19, 3, 4, 5, 6, 7, 8, 9, 17, 10, 12, 13, 11, 15, 16, 18, 14, 2]",882.5,3.5246152877807617
"[0, 1, 19, 3, 4, 5, 6, 7, 8, 9, 17, 10, 12, 13, 11, 15, 16, 18, 14, 2]",882.5,"[0, 1, 19, 3, 4, 5, 6, 7, 8, 9, 17, 10, 12, 13, 11, 15, 16, 18, 14, 2]",882.5,3.5866165161132812
"[0, 1, 19, 3, 4, 5, 6, 7, 8, 9, 17, 10, 12, 13, 11, 15, 16, 18, 14, 2]",882.5,"[0, 1, 19, 3, 4, 5, 6, 7, 8, 9, 17, 10, 12, 13, 11, 15, 16, 18, 14, 2]",882.5,3.648618221282959
"[0, 1, 19, 3, 4, 5, 6, 7, 8, 9, 17, 10, 12, 13, 11, 15, 16, 18, 14, 2]",882.5,"[0, 1, 19, 3, 4, 5, 6, 7, 8, 9, 17, 10, 12, 13, 11, 15, 16, 18, 14, 2]",882.5,3.7116148471832275
"[0, 1, 19, 3, 4, 5, 6, 7, 8, 9, 17, 10, 12, 13, 11, 15, 16, 18, 14, 2]",882.5,"[0, 1, 19, 3, 4, 5, 6, 7, 8, 9, 17, 10, 12, 13, 11, 15, 16, 18, 14, 2]",882.5,3.777649402618408
"[0, 1, 19, 3, 4, 5, 6, 7, 8, 11, 17, 10, 12, 13, 9, 15, 16, 18, 14, 2]",869.5,"[0, 1, 19, 3, 4, 5, 6, 7, 8, 11, 17, 10, 12, 13, 9, 15, 16, 18, 14, 2]",869.5,3.843616485595703
"[0, 1, 19, 3, 4, 5, 6, 7, 8, 11, 17, 10, 12, 13, 9, 15, 16, 18, 14, 2]",869.5,"[0, 1, 19, 3, 4, 5, 6, 7, 8, 11, 17, 10, 12, 13, 9, 15, 16, 18, 14, 2]",869.5,3.906620502471924
"[0, 1, 19, 3, 4, 5, 6, 7, 8, 11, 17, 10, 12, 13, 9, 15, 16, 18, 14, 2]",869.5,"[0, 1, 19, 3, 4, 5, 6, 7, 8, 11, 17, 10, 12, 13, 9, 15, 16, 18, 14, 2]",869.5,3.971616268157959
"[0, 1, 19, 3, 4, 5, 6, 7, 8, 11, 17, 10, 12, 13, 9, 15, 16, 18, 14, 2]",869.5,"[0, 1, 19, 3, 4, 5, 6, 7, 8, 11, 17, 10, 12, 13, 9, 15, 16, 18, 14, 2]",869.5,4.033633470535278
"[0, 1, 19, 3, 4, 5, 6, 7, 8, 11, 17, 10, 12, 13, 9, 15, 16, 18, 14, 2]",869.5,"[0, 1, 19, 3, 4, 5, 6, 7, 8, 11, 17, 10, 12, 13, 9, 15, 16, 18, 14, 2]",869.5,4.096617937088013
"[0, 1, 19, 3, 4, 5, 6, 7, 8, 11, 17, 10, 12, 13, 9, 15, 16, 18, 14, 2]",869.5,"[0, 1, 19, 3, 4, 5, 6, 7, 8, 11, 17, 10, 12, 13, 9, 15, 16, 18, 14, 2]",869.5,4.1626293659210205
"[0, 1, 19, 3, 4, 5, 6, 7, 8, 11, 17, 10, 12, 13, 9, 15, 16, 18, 14, 2]",869.5,"[0, 1, 19, 3, 4, 5, 6, 7, 8, 11, 17, 10, 12, 13, 9, 15, 16, 18, 14, 2]",869.5,4.224617958068848
"[0, 1, 19, 3, 4, 5, 6, 7, 8, 11, 17, 10, 12, 13, 9, 15, 16, 18, 14, 2]",869.5,"[0, 1, 19, 3, 4, 5, 6, 7, 8, 11, 17, 10, 12, 13, 9, 15, 16, 18, 14, 2]",869.5,4.289618730545044
"[0, 1, 19, 3, 4, 5, 6, 7, 8, 11, 17, 10, 12, 13, 9, 15, 16, 18, 14, 2]",869.5,"[0, 1, 19, 3, 4, 5, 6, 7, 8, 11, 17, 10, 12, 13, 9, 15, 16, 18, 14, 2]",869.5,4.363621473312378
"[0, 1, 19, 3, 4, 5, 6, 7, 8, 11, 17, 10, 12, 13, 9, 15, 16, 18, 14, 2]",869.5,"[0, 1, 19, 3, 4, 5, 6, 7, 8, 11, 17, 10, 12, 13, 9, 15, 16, 18, 14, 2]",869.5,4.465627431869507
"[0, 1, 19, 3, 4, 5, 6, 7, 8, 11, 17, 10, 12, 13, 9, 15, 16, 18, 14, 2]",869.5,"[0, 1, 19, 3, 4, 5, 6, 7, 8, 11, 17, 10, 12, 13, 9, 15, 16, 18, 14, 2]",869.5,4.530623912811279
"[0, 1, 19, 3, 4, 5, 6, 7, 8, 11, 17, 10, 12, 13, 9, 15, 16, 18, 14, 2]",869.5,"[0, 1, 19, 3, 4, 5, 6, 7, 8, 11, 17, 10, 12, 13, 9, 15, 16, 18, 14, 2]",869.5,4.597623586654663
"[0, 1, 19, 3, 4, 5, 6, 7, 8, 11, 17, 10, 12, 13, 9, 15, 16, 18, 14, 2]",869.5,"[0, 1, 19, 3, 4, 5, 6, 7, 8, 11, 17, 10, 12, 13, 9, 15, 16, 18, 14, 2]",869.5,4.663627862930298
"[0, 1, 5, 3, 4, 19, 6, 7, 8, 11, 17, 10, 12, 13, 9, 15, 16, 18, 14, 2]",866.5,"[0, 1, 5, 3, 4, 19, 6, 7, 8, 11, 17, 10, 12, 13, 9, 15, 16, 18, 14, 2]",866.5,4.7276270389556885
"[0, 1, 5, 3, 4, 19, 6, 7, 8, 11, 17, 10, 12, 13, 9, 15, 16, 18, 14, 2]",866.5,"[0, 1, 5, 3, 4, 19, 6, 7, 8, 11, 17, 10, 12, 13, 9, 15, 16, 18, 14, 2]",866.5,4.7906272411346436
"[0, 1, 5, 3, 4, 19, 6, 7, 8, 11, 17, 10, 12, 13, 9, 15, 16, 18, 14, 2]",866.5,"[0, 1, 5, 3, 4, 19, 6, 7, 8, 11, 17, 10, 12, 13, 9, 15, 16, 18, 14, 2]",866.5,4.85462760925293
"[0, 1, 5, 3, 4, 19, 6, 7, 8, 11, 17, 10, 12, 13, 9, 15, 16, 18, 14, 2]",866.5,"[0, 1, 5, 3, 4, 19, 6, 7, 8, 11, 17, 10, 12, 13, 9, 15, 16, 18, 14, 2]",866.5,4.91962456703186
"[0, 1, 5, 3, 4, 19, 6, 7, 8, 11, 17, 10, 12, 13, 9, 15, 16, 18, 14, 2]",866.5,"[0, 1, 5, 3, 4, 19, 6, 7, 8, 11, 17, 10, 12, 13, 9, 15, 16, 18, 14, 2]",866.5,4.9846415519714355
"[0, 1, 5, 3, 4, 19, 6, 7, 8, 11, 17, 10, 12, 13, 9, 15, 16, 18, 14, 2]",866.5,"[0, 1, 5, 3, 4, 19, 6, 7, 8, 11, 17, 10, 12, 13, 9, 15, 16, 18, 14, 2]",866.5,5.04862904548645
"[0, 1, 5, 3, 4, 19, 6, 7, 8, 11, 17, 10, 12, 13, 9, 15, 16, 18, 14, 2]",866.5,"[0, 1, 5, 3, 4, 19, 6, 7, 8, 11, 17, 10, 12, 13, 9, 15, 16, 18, 14, 2]",866.5,5.111636400222778
"[0, 1, 5, 3, 4, 19, 6, 7, 8, 11, 17, 10, 12, 13, 9, 15, 16, 18, 14, 2]",866.5,"[0, 1, 5, 3, 4, 19, 6, 7, 8, 11, 17, 10, 12, 13, 9, 15, 16, 18, 14, 2]",866.5,5.174626588821411
"[0, 1, 5, 3, 4, 19, 6, 7, 8, 11, 17, 10, 12, 13, 9, 15, 16, 18, 14, 2]",866.5,"[0, 1, 5, 3, 4, 19, 6, 7, 8, 11, 17, 10, 12, 13, 9, 15, 16, 18, 14, 2]",866.5,5.236628770828247
"[0, 1, 5, 3, 4, 19, 6, 7, 8, 11, 17, 10, 12, 13, 9, 15, 16, 18, 14, 2]",866.5,"[0, 1, 5, 3, 4, 19, 6, 7, 8, 11, 17, 10, 12, 13, 9, 15, 16, 18, 14, 2]",866.5,5.296629190444946
"[0, 1, 5, 3, 4, 19, 6, 7, 8, 11, 17, 10, 12, 13, 9, 15, 16, 18, 14, 2]",866.5,"[0, 1, 5, 3, 4, 19, 6, 7, 8, 11, 17, 10, 12, 13, 9, 15, 16, 18, 14, 2]",866.5,5.359630584716797
"[0, 1, 5, 3, 4, 19, 6, 7, 8, 11, 17, 10, 12, 13, 9, 15, 16, 18, 14, 2]",866.5,"[0, 1, 5, 3, 4, 19, 6, 7, 8, 11, 17, 10, 12, 13, 9, 15, 16, 18, 14, 2]",866.5,5.424649715423584
"[0, 1, 5, 3, 4, 19, 6, 7, 8, 11, 17, 10, 12, 13, 9, 15, 16, 18, 14, 2]",866.5,"[0, 1, 5, 3, 4, 19, 6, 7, 8, 11, 17, 10, 12, 13, 9, 15, 16, 18, 14, 2]",866.5,5.488630056381226
"[0, 1, 5, 3, 4, 19, 6, 7, 8, 11, 17, 10, 12, 13, 9, 15, 16, 18, 14, 2]",866.5,"[0, 1, 5, 3, 4, 19, 6, 7, 8, 11, 17, 10, 12, 13, 9, 15, 16, 18, 14, 2]",866.5,5.551635503768921
"[0, 1, 5, 3, 4, 19, 6, 7, 8, 11, 17, 10, 12, 13, 9, 15, 16, 18, 14, 2]",866.5,"[0, 1, 5, 3, 4, 19, 6, 7, 8, 11, 17, 10, 12, 13, 9, 15, 16, 18, 14, 2]",866.5,5.6156325340271
"[0, 1, 5, 3, 4, 19, 6, 7, 8, 11, 17, 10, 12, 13, 9, 15, 16, 18, 14, 2]",866.5,"[0, 1, 5, 3, 4, 19, 6, 7, 8, 11, 17, 10, 12, 13, 9, 15, 16, 18, 14, 2]",866.5,5.679637670516968
"[0, 1, 5, 3, 4, 14, 6, 7, 8, 11, 17, 10, 12, 13, 9, 15, 16, 18, 19, 2]",863.0,"[0, 1, 5, 3, 4, 14, 6, 7, 8, 11, 17, 10, 12, 13, 9, 15, 16, 18, 19, 2]",863.0,5.740632057189941
"[0, 1, 5, 3, 4, 14, 6, 7, 8, 11, 17, 10, 12, 13, 9, 15, 16, 18, 19, 2]",863.0,"[0, 1, 5, 3, 4, 14, 6, 7, 8, 11, 17, 10, 12, 13, 9, 15, 16, 18, 19, 2]",863.0,5.806633234024048
"[0, 1, 5, 3, 4, 14, 6, 7, 8, 11, 17, 10, 12, 13, 9, 15, 16, 18, 19, 2]",863.0,"[0, 1, 5, 3, 4, 14, 6, 7, 8, 11, 17, 10, 12, 13, 9, 15, 16, 18, 19, 2]",863.0,5.869639158248901
"[0, 1, 5, 3, 4, 14, 6, 7, 8, 11, 17, 10, 12, 13, 9, 15, 16, 18, 19, 2]",863.0,"[0, 1, 5, 3, 4, 14, 6, 7, 8, 11, 17, 10, 12, 13, 9, 15, 16, 18, 19, 2]",863.0,5.932635545730591
"[0, 1, 5, 3, 4, 14, 6, 7, 8, 11, 17, 10, 12, 13, 9, 15, 16, 18, 19, 2]",863.0,"[0, 1, 5, 3, 4, 14, 6, 7, 8, 11, 17, 10, 12, 13, 9, 15, 16, 18, 19, 2]",863.0,5.997639179229736
"[0, 1, 5, 3, 4, 14, 6, 7, 8, 11, 17, 10, 12, 13, 9, 15, 16, 18, 19, 2]",863.0,"[0, 1, 5, 3, 4, 14, 6, 7, 8, 11, 17, 10, 12, 13, 9, 15, 16, 18, 19, 2]",863.0,6.0606348514556885
"[0, 1, 5, 3, 4, 14, 6, 7, 8, 11, 17, 10, 12, 13, 9, 15, 16, 18, 19, 2]",863.0,"[0, 1, 5, 3, 4, 14, 6, 7, 8, 11, 17, 10, 12, 13, 9, 15, 16, 18, 19, 2]",863.0,6.124638795852661
"[0, 1, 5, 3, 4, 14, 6, 7, 8, 11, 17, 10, 12, 13, 9, 15, 16, 18, 19, 2]",863.0,"[0, 1, 5, 3, 4, 14, 6, 7, 8, 11, 17, 10, 12, 13, 9, 15, 16, 18, 19, 2]",863.0,6.188640356063843
"[0, 1, 5, 3, 4, 14, 6, 7, 8, 11, 17, 10, 12, 13, 9, 15, 16, 18, 19, 2]",863.0,"[0, 1, 5, 3, 4, 14, 6, 7, 8, 11, 17, 10, 12, 13, 9, 15, 16, 18, 19, 2]",863.0,6.252639293670654
"[0, 1, 5, 3, 4, 14, 6, 7, 8, 11, 17, 10, 12, 13, 9, 15, 16, 18, 19, 2]",863.0,"[0, 1, 5, 3, 4, 14, 6, 7, 8, 11, 17, 10, 12, 13, 9, 15, 16, 18, 19, 2]",863.0,6.315641164779663
"[0, 1, 5, 3, 4, 14, 6, 7, 8, 11, 17, 10, 12, 13, 9, 15, 16, 18, 19, 2]",863.0,"[0, 1, 5, 3, 4, 14, 6, 7, 8, 11, 17, 10, 12, 13, 9, 15, 16, 18, 19, 2]",863.0,6.380642414093018
"[0, 1, 5, 3, 4, 14, 6, 7, 8, 11, 17, 10, 12, 13, 9, 15, 16, 18, 19, 2]",863.0,"[0, 1, 5, 3, 4, 14, 6, 7, 8, 11, 17, 10, 12, 13, 9, 15, 16, 18, 19, 2]",863.0,6.448642253875732
"[0, 1, 5, 3, 4, 14, 6, 7, 8, 11, 17, 10, 12, 13, 9, 15, 16, 18, 19, 2]",863.0,"[0, 1, 5, 3, 4, 14, 6, 7, 8, 11, 17, 10, 12, 13, 9, 15, 16, 18, 19, 2]",863.0,6.512646913528442
"[0, 1, 5, 3, 4, 14, 16, 7, 8, 11, 17, 10, 12, 13, 9, 15, 6, 18, 19, 2]",850.5,"[0, 1, 5, 3, 4, 14, 16, 7, 8, 11, 17, 10, 12, 13, 9, 15, 6, 18, 19, 2]",850.5,6.573641538619995
"[0, 1, 5, 3, 4, 14, 16, 7, 8, 11, 17, 10, 12, 13, 9, 15, 6, 18, 19, 2]",850.5,"[0, 1, 5, 3, 4, 14, 16, 7, 8, 11, 17, 10, 12, 13, 9, 15, 6, 18, 19, 2]",850.5,6.636647939682007
"[0, 1, 5, 3, 4, 14, 16, 7, 8, 11, 17, 10, 12, 13, 9, 15, 6, 18, 19, 2]",850.5,"[0, 1, 5, 3, 4, 14, 16, 7, 8, 11, 17, 10, 12, 13, 9, 15, 6, 18, 19, 2]",850.5,6.6986424922943115
"[0, 1, 5, 3, 4, 14, 16, 7, 8, 11, 17, 10, 12, 13, 9, 15, 6, 18, 19, 2]",850.5,"[0, 1, 5, 3, 4, 14, 16, 7, 8, 11, 17, 10, 12, 13, 9, 15, 6, 18, 19, 2]",850.5,6.759641408920288
"[0, 1, 5, 3, 4, 14, 16, 7, 8, 11, 17, 10, 12, 13, 9, 15, 6, 18, 19, 2]",850.5,"[0, 1, 5, 3, 4, 14, 16, 7, 8, 11, 17, 10, 12, 13, 9, 15, 6, 18, 19, 2]",850.5,6.820654392242432
"[0, 1, 5, 3, 4, 14, 16, 7, 8, 11, 17, 10, 12, 13, 9, 15, 6, 18, 19, 2]",850.5,"[0, 1, 5, 3, 4, 14, 16, 7, 8, 11, 17, 10, 12, 13, 9, 15, 6, 18, 19, 2]",850.5,6.885660648345947
"[0, 1, 5, 3, 4, 14, 16, 7, 8, 11, 17, 10, 12, 13, 9, 15, 6, 18, 19, 2]",850.5,"[0, 1, 5, 3, 4, 14, 16, 7, 8, 11, 17, 10, 12, 13, 9, 15, 6, 18, 19, 2]",850.5,6.947648048400879
"[0, 1, 5, 3, 4, 14, 16, 7, 8, 11, 17, 10, 12, 13, 9, 15, 6, 18, 19, 2]",850.5,"[0, 1, 5, 3, 4, 14, 16, 7, 8, 11, 17, 10, 12, 13, 9, 15, 6, 18, 19, 2]",850.5,7.0106494426727295
"[0, 1, 5, 3, 4, 14, 16, 7, 8, 11, 17, 10, 12, 13, 9, 15, 6, 18, 19, 2]",850.5,"[0, 1, 5, 3, 4, 14, 16, 7, 8, 11, 17, 10, 12, 13, 9, 15, 6, 18, 19, 2]",850.5,7.072645425796509
"[0, 1, 5, 3, 4, 14, 16, 7, 8, 11, 17, 10, 12, 13, 9, 15, 6, 18, 19, 2]",850.5,"[0, 1, 5, 3, 4, 14, 16, 7, 8, 11, 17, 10, 12, 13, 9, 15, 6, 18, 19, 2]",850.5,7.135647535324097
"[0, 1, 5, 3, 4, 14, 16, 7, 8, 11, 17, 10, 12, 13, 9, 15, 6, 18, 19, 2]",850.5,"[0, 1, 5, 3, 4, 14, 16, 7, 8, 11, 17, 10, 12, 13, 9, 15, 6, 18, 19, 2]",850.5,7.198650360107422
"[0, 1, 5, 3, 4, 14, 16, 7, 8, 11, 17, 10, 12, 13, 9, 15, 6, 18, 19, 2]",850.5,"[0, 1, 5, 3, 4, 14, 16, 7, 8, 11, 17, 10, 12, 13, 9, 15, 6, 18, 19, 2]",850.5,7.258647680282593
"[0, 1, 5, 3, 4, 14, 16, 7, 8, 11, 17, 10, 12, 13, 9, 15, 6, 18, 19, 2]",850.5,"[0, 1, 5, 3, 4, 14, 16, 7, 8, 11, 17, 10, 12, 13, 9, 15, 6, 18, 19, 2]",850.5,7.32164740562439
"[0, 1, 5, 3, 4, 14, 16, 7, 8, 11, 17, 10, 12, 13, 9, 15, 6, 18, 19, 2]",850.5,"[0, 1, 5, 3, 4, 14, 16, 7, 8, 11, 17, 10, 12, 13, 9, 15, 6, 18, 19, 2]",850.5,7.383647203445435
"[0, 1, 5, 3, 4, 14, 16, 7, 8, 11, 17, 10, 12, 13, 9, 15, 6, 18, 19, 2]",850.5,"[0, 1, 5, 3, 4, 14, 16, 7, 8, 11, 17, 10, 12, 13, 9, 15, 6, 18, 19, 2]",850.5,7.4446516036987305
"[0, 1, 5, 3, 4, 14, 16, 7, 8, 11, 17, 10, 12, 13, 9, 15, 6, 18, 19, 2]",850.5,"[0, 1, 5, 3, 4, 14, 16, 7, 8, 11, 17, 10, 12, 13, 9, 15, 6, 18, 19, 2]",850.5,7.506651163101196
"[0, 1, 5, 3, 4, 14, 16, 7, 8, 11, 17, 10, 12, 13, 9, 15, 6, 18, 19, 2]",850.5,"[0, 1, 5, 3, 4, 14, 16, 7, 8, 11, 17, 10, 12, 13, 9, 15, 6, 18, 19, 2]",850.5,7.569649696350098
"[0, 1, 5, 3, 4, 14, 16, 7, 8, 11, 17, 10, 12, 13, 9, 15, 6, 18, 19, 2]",850.5,"[0, 1, 5, 3, 4, 14, 16, 7, 8, 11, 17, 10, 12, 13, 9, 15, 6, 18, 19, 2]",850.5,7.631649732589722
"[0, 1, 5, 3, 4, 14, 16, 7, 8, 11, 17, 10, 12, 13, 9, 15, 6, 18, 19, 2]",850.5,"[0, 1, 5, 3, 4, 14, 16, 7, 8, 11, 17, 10, 12, 13, 9, 15, 6, 18, 19, 2]",850.5,7.69366717338562
"[0, 1, 5, 3, 4, 14, 16, 7, 8, 11, 17, 10, 12, 13, 9, 15, 6, 18, 19, 2]",850.5,"[0, 1, 5, 3, 4, 14, 16, 7, 8, 11, 17, 10, 12, 13, 9, 15, 6, 18, 19, 2]",850.5,7.756653308868408
"[0, 1, 5, 3, 4, 14, 16, 7, 8, 11, 17, 10, 12, 13, 9, 15, 6, 18, 19, 2]",850.5,"[0, 1, 5, 3, 4, 14, 16, 7, 8, 11, 17, 10, 12, 13, 9, 15, 6, 18, 19, 2]",850.5,7.818665981292725
"[0, 1, 5, 3, 4, 14, 16, 7, 8, 11, 17, 10, 12, 13, 9, 15, 6, 18, 19, 2]",850.5,"[0, 1, 5, 3, 4, 14, 16, 7, 8, 11, 17, 10, 12, 13, 9, 15, 6, 18, 19, 2]",850.5,7.880699157714844
"[0, 1, 5, 3, 4, 14, 16, 7, 8, 11, 17, 10, 12, 13, 9, 15, 6, 18, 19, 2]",850.5,"[0, 1, 5, 3, 4, 14, 16, 7, 8, 11, 17, 10, 12, 13, 9, 15, 6, 18, 19, 2]",850.5,7.94665789604187
"[0, 1, 5, 3, 4, 14, 16, 7, 8, 11, 17, 10, 12, 13, 9, 15, 6, 18, 19, 2]",850.5,"[0, 1, 5, 3, 4, 14, 16, 7, 8, 11, 17, 10, 12, 13, 9, 15, 6, 18, 19, 2]",850.5,8.008656978607178
"[0, 1, 5, 3, 4, 14, 16, 7, 8, 11, 17, 10, 12, 13, 9, 15, 6, 18, 19, 2]",850.5,"[0, 1, 5, 3, 4, 14, 16, 7, 8, 11, 17, 10, 12, 13, 9, 15, 6, 18, 19, 2]",850.5,8.070653915405273
"[0, 1, 5, 3, 4, 14, 16, 7, 8, 11, 17, 10, 12, 13, 9, 15, 6, 18, 19, 2]",850.5,"[0, 1, 5, 3, 4, 14, 16, 7, 8, 11, 17, 10, 12, 13, 9, 15, 6, 18, 19, 2]",850.5,8.132662534713745
"[0, 1, 5, 3, 4, 14, 16, 7, 8, 11, 17, 10, 12, 13, 9, 15, 6, 18, 19, 2]",850.5,"[0, 1, 5, 3, 4, 14, 16, 7, 8, 11, 17, 10, 12, 13, 9, 15, 6, 18, 19, 2]",850.5,8.196657657623291
"[0, 1, 5, 3, 4, 14, 16, 7, 8, 11, 17, 10, 12, 13, 9, 15, 6, 18, 19, 2]",850.5,"[0, 1, 5, 3, 4, 14, 16, 7, 8, 11, 17, 10, 12, 13, 9, 15, 6, 18, 19, 2]",850.5,8.259659767150879
"[0, 1, 5, 3, 4, 14, 16, 7, 8, 11, 17, 10, 12, 13, 9, 15, 6, 18, 19, 2]",850.5,"[0, 1, 5, 3, 4, 14, 16, 7, 8, 11, 17, 10, 12, 13, 9, 15, 6, 18, 19, 2]",850.5,8.320660829544067
"[0, 1, 5, 3, 4, 14, 16, 7, 8, 11, 17, 10, 12, 13, 9, 15, 6, 18, 19, 2]",850.5,"[0, 1, 5, 3, 4, 14, 16, 7, 8, 11, 17, 10, 12, 13, 9, 15, 6, 18, 19, 2]",850.5,8.383659601211548
"[0, 1, 5, 3, 4, 14, 16, 7, 8, 11, 17, 10, 12, 13, 9, 15, 6, 18, 19, 2]",850.5,"[0, 1, 5, 3, 4, 14, 16, 7, 8, 11, 17, 10, 12, 13, 9, 15, 6, 18, 19, 2]",850.5,8.444662094116211
"[0, 1, 5, 3, 4, 14, 16, 7, 8, 11, 17, 10, 12, 13, 9, 15, 6, 18, 19, 2]",850.5,"[0, 1, 5, 3, 4, 14, 16, 7, 8, 11, 17, 10, 12, 13, 9, 15, 6, 18, 19, 2]",850.5,8.5056631565094
"[0, 1, 5, 3, 4, 14, 16, 7, 8, 11, 17, 10, 12, 13, 9, 15, 6, 18, 19, 2]",850.5,"[0, 1, 5, 3, 4, 14, 16, 7, 8, 11, 17, 10, 12, 13, 9, 15, 6, 18, 19, 2]",850.5,8.56865906715393
"[0, 1, 5, 3, 4, 14, 16, 7, 8, 11, 17, 10, 12, 13, 9, 15, 6, 18, 19, 2]",850.5,"[0, 1, 5, 3, 4, 14, 16, 7, 8, 11, 17, 10, 12, 13, 9, 15, 6, 18, 19, 2]",850.5,8.630666255950928
"[0, 1, 5, 3, 4, 14, 16, 7, 8, 11, 17, 10, 12, 13, 9, 15, 6, 18, 19, 2]",850.5,"[0, 1, 5, 3, 4, 14, 16, 7, 8, 11, 17, 10, 12, 13, 9, 15, 6, 18, 19, 2]",850.5,8.691665172576904
"[0, 1, 5, 3, 4, 14, 16, 7, 8, 11, 17, 10, 12, 13, 9, 15, 6, 18, 19, 2]",850.5,"[0, 1, 5, 3, 4, 14, 16, 7, 8, 11, 17, 10, 12, 13, 9, 15, 6, 18, 19, 2]",850.5,8.751675605773926
"[0, 1, 5, 3, 4, 14, 16, 7, 8, 11, 17, 10, 12, 13, 9, 15, 6, 18, 19, 2]",850.5,"[0, 1, 5, 3, 4, 14, 16, 7, 8, 11, 17, 10, 12, 13, 9, 15, 6, 18, 19, 2]",850.5,8.81366229057312
"[0, 1, 5, 3, 4, 14, 16, 7, 8, 11, 17, 10, 12, 13, 9, 15, 6, 18, 19, 2]",850.5,"[0, 1, 5, 3, 4, 14, 16, 7, 8, 11, 17, 10, 12, 13, 9, 15, 6, 18, 19, 2]",850.5,8.875679731369019
"[0, 1, 5, 3, 4, 14, 16, 7, 8, 11, 17, 10, 12, 13, 9, 15, 6, 18, 19, 2]",850.5,"[0, 1, 5, 3, 4, 14, 16, 7, 8, 11, 17, 10, 12, 13, 9, 15, 6, 18, 19, 2]",850.5,8.936702251434326
"[0, 1, 5, 3, 4, 14, 16, 7, 8, 11, 17, 10, 12, 13, 9, 15, 6, 18, 19, 2]",850.5,"[0, 1, 5, 3, 4, 14, 16, 7, 8, 11, 17, 10, 12, 13, 9, 15, 6, 18, 19, 2]",850.5,8.998664617538452
"[0, 1, 5, 3, 4, 14, 16, 7, 8, 11, 17, 10, 12, 13, 9, 15, 6, 18, 19, 2]",850.5,"[0, 1, 5, 3, 4, 14, 16, 7, 8, 11, 17, 10, 12, 13, 9, 15, 6, 18, 19, 2]",850.5,9.06166386604309
"[0, 1, 5, 3, 4, 14, 16, 7, 8, 11, 17, 10, 12, 13, 9, 15, 6, 18, 19, 2]",850.5,"[0, 1, 5, 3, 4, 14, 16, 7, 8, 11, 17, 10, 12, 13, 9, 15, 6, 18, 19, 2]",850.5,9.125669479370117
"[0, 1, 5, 3, 4, 14, 16, 7, 8, 11, 17, 10, 12, 13, 9, 15, 6, 18, 19, 2]",850.5,"[0, 1, 5, 3, 4, 14, 16, 7, 8, 11, 17, 10, 12, 13, 9, 15, 6, 18, 19, 2]",850.5,9.188663959503174
"[0, 1, 5, 3, 4, 14, 16, 7, 8, 11, 17, 10, 12, 13, 9, 15, 6, 18, 19, 2]",850.5,"[0, 1, 5, 3, 4, 14, 16, 7, 8, 11, 17, 10, 12, 13, 9, 15, 6, 18, 19, 2]",850.5,9.250667810440063
"[0, 1, 5, 3, 4, 14, 16, 7, 8, 11, 17, 10, 12, 13, 9, 15, 6, 18, 19, 2]",850.5,"[0, 1, 5, 3, 4, 14, 16, 7, 8, 11, 17, 10, 12, 13, 9, 15, 6, 18, 19, 2]",850.5,9.314666509628296
"[0, 1, 5, 3, 4, 14, 16, 7, 8, 11, 17, 10, 12, 13, 9, 15, 6, 18, 19, 2]",850.5,"[0, 1, 5, 3, 4, 14, 16, 7, 8, 11, 17, 10, 12, 13, 9, 15, 6, 18, 19, 2]",850.5,9.381665706634521
"[0, 1, 5, 3, 4, 14, 16, 7, 8, 11, 17, 10, 12, 13, 9, 15, 6, 18, 19, 2]",850.5,"[0, 1, 5, 3, 4, 14, 16, 7, 8, 11, 17, 10, 12, 13, 9, 15, 6, 18, 19, 2]",850.5,9.457669973373413
"[0, 1, 5, 3, 4, 14, 16, 7, 8, 11, 17, 10, 12, 13, 9, 15, 6, 18, 19, 2]",850.5,"[0, 1, 5, 3, 4, 14, 16, 7, 8, 11, 17, 10, 12, 13, 9, 15, 6, 18, 19, 2]",850.5,9.537667274475098
"[0, 1, 5, 3, 4, 14, 16, 7, 8, 11, 17, 10, 12, 13, 9, 15, 6, 18, 19, 2]",850.5,"[0, 1, 5, 3, 4, 14, 16, 7, 8, 11, 17, 10, 12, 13, 9, 15, 6, 18, 19, 2]",850.5,9.635673522949219
"[0, 1, 5, 3, 4, 14, 16, 7, 8, 11, 17, 10, 12, 13, 9, 15, 6, 18, 19, 2]",850.5,"[0, 1, 5, 3, 4, 14, 16, 7, 8, 11, 17, 10, 12, 13, 9, 15, 6, 18, 19, 2]",850.5,9.696668148040771
"[0, 1, 5, 3, 4, 14, 16, 7, 8, 11, 17, 10, 12, 13, 9, 15, 6, 18, 19, 2]",850.5,"[0, 1, 5, 3, 4, 14, 16, 7, 8, 11, 17, 10, 12, 13, 9, 15, 6, 18, 19, 2]",850.5,9.756673097610474
"[0, 1, 5, 3, 4, 14, 16, 7, 8, 11, 17, 10, 12, 13, 9, 15, 6, 18, 19, 2]",850.5,"[0, 1, 5, 3, 4, 14, 16, 7, 8, 11, 17, 10, 12, 13, 9, 15, 6, 18, 19, 2]",850.5,9.818671226501465
"[0, 1, 5, 3, 4, 14, 16, 7, 8, 11, 17, 10, 12, 13, 9, 15, 6, 18, 19, 2]",850.5,"[0, 1, 5, 3, 4, 14, 16, 7, 8, 11, 17, 10, 12, 13, 9, 15, 6, 18, 19, 2]",850.5,9.883673667907715
"[0, 1, 5, 3, 4, 14, 16, 7, 8, 11, 17, 10, 12, 13, 9, 15, 6, 18, 19, 2]",850.5,"[0, 1, 5, 3, 4, 14, 16, 7, 8, 11, 17, 10, 12, 13, 9, 15, 6, 18, 19, 2]",850.5,9.945671081542969
"[0, 1, 5, 3, 4, 14, 16, 7, 8, 11, 17, 10, 12, 13, 9, 15, 6, 18, 19, 2]",850.5,"[0, 1, 5, 3, 4, 14, 16, 7, 8, 11, 17, 10, 12, 13, 9, 15, 6, 18, 19, 2]",850.5,10.008673429489136
"[0, 1, 5, 3, 4, 14, 16, 7, 8, 11, 17, 10, 12, 13, 9, 15, 6, 18, 19, 2]",850.5,"[0, 1, 5, 3, 4, 14, 16, 7, 8, 11, 17, 10, 12, 13, 9, 15, 6, 18, 19, 2]",850.5,10.070676326751709
"[0, 1, 5, 3, 4, 14, 16, 7, 8, 11, 17, 10, 12, 13, 9, 15, 6, 18, 19, 2]",850.5,"[0, 1, 5, 3, 4, 14, 16, 7, 8, 11, 17, 10, 12, 13, 9, 15, 6, 18, 19, 2]",850.5,10.133678674697876
"[0, 1, 5, 3, 4, 14, 16, 7, 8, 11, 17, 10, 12, 13, 9, 15, 6, 18, 19, 2]",850.5,"[0, 1, 5, 3, 4, 14, 16, 7, 8, 11, 17, 10, 12, 13, 9, 15, 6, 18, 19, 2]",850.5,10.196672677993774
"[0, 1, 5, 3, 4, 14, 16, 7, 8, 11, 17, 10, 12, 13, 9, 15, 6, 18, 19, 2]",850.5,"[0, 1, 5, 3, 4, 14, 16, 7, 8, 11, 17, 10, 12, 13, 9, 15, 6, 18, 19, 2]",850.5,10.259674072265625
"[0, 1, 5, 3, 4, 14, 16, 7, 8, 11, 17, 10, 12, 13, 9, 15, 6, 18, 19, 2]",850.5,"[0, 1, 5, 3, 4, 14, 16, 7, 8, 11, 17, 10, 12, 13, 9, 15, 6, 18, 19, 2]",850.5,10.324819326400757
"[0, 1, 5, 3, 4, 14, 16, 7, 8, 11, 17, 10, 12, 13, 9, 15, 6, 18, 19, 2]",850.5,"[0, 1, 5, 3, 4, 14, 16, 7, 8, 11, 17, 10, 12, 13, 9, 15, 6, 18, 19, 2]",850.5,10.38870096206665
"[0, 1, 5, 3, 4, 14, 16, 7, 8, 11, 17, 10, 12, 13, 9, 15, 6, 18, 19, 2]",850.5,"[0, 1, 5, 3, 4, 14, 16, 7, 8, 11, 17, 10, 12, 13, 9, 15, 6, 18, 19, 2]",850.5,10.454676389694214
"[0, 1, 5, 3, 4, 14, 16, 7, 8, 11, 17, 10, 12, 13, 9, 15, 6, 18, 19, 2]",850.5,"[0, 1, 5, 3, 4, 14, 16, 7, 8, 11, 17, 10, 12, 13, 9, 15, 6, 18, 19, 2]",850.5,10.52068018913269
"[0, 1, 5, 3, 4, 14, 16, 7, 8, 11, 17, 10, 12, 13, 9, 15, 6, 18, 19, 2]",850.5,"[0, 1, 5, 3, 4, 14, 16, 7, 8, 11, 17, 10, 12, 13, 9, 15, 6, 18, 19, 2]",850.5,10.58468508720398
"[0, 1, 5, 3, 4, 14, 16, 7, 8, 11, 17, 10, 12, 13, 9, 15, 6, 18, 19, 2]",850.5,"[0, 1, 5, 3, 4, 14, 16, 7, 8, 11, 17, 10, 12, 13, 9, 15, 6, 18, 19, 2]",850.5,10.646681547164917
"[0, 1, 5, 3, 4, 14, 16, 7, 8, 11, 17, 10, 12, 13, 9, 15, 6, 18, 19, 2]",850.5,"[0, 1, 5, 3, 4, 14, 16, 7, 8, 11, 17, 10, 12, 13, 9, 15, 6, 18, 19, 2]",850.5,10.709681510925293
"[0, 1, 5, 3, 4, 14, 16, 7, 8, 11, 17, 10, 12, 13, 9, 15, 6, 18, 19, 2]",850.5,"[0, 1, 5, 3, 4, 14, 16, 7, 8, 11, 17, 10, 12, 13, 9, 15, 6, 18, 19, 2]",850.5,10.773683547973633
"[0, 1, 5, 3, 4, 14, 16, 7, 8, 11, 17, 10, 12, 13, 9, 15, 6, 18, 19, 2]",850.5,"[0, 1, 5, 3, 4, 14, 16, 7, 8, 11, 17, 10, 12, 13, 9, 15, 6, 18, 19, 2]",850.5,10.837679862976074
"[0, 1, 5, 3, 4, 14, 16, 7, 8, 11, 17, 10, 12, 13, 9, 15, 6, 18, 19, 2]",850.5,"[0, 1, 5, 3, 4, 14, 16, 7, 8, 11, 17, 10, 12, 13, 9, 15, 6, 18, 19, 2]",850.5,10.900684356689453
"[0, 1, 5, 3, 4, 14, 16, 7, 8, 11, 17, 10, 12, 13, 9, 15, 6, 18, 19, 2]",850.5,"[0, 1, 5, 3, 4, 14, 16, 7, 8, 11, 17, 10, 12, 13, 9, 15, 6, 18, 19, 2]",850.5,10.96368145942688
"[0, 1, 5, 3, 4, 14, 16, 7, 8, 11, 17, 10, 12, 13, 9, 15, 6, 18, 19, 2]",850.5,"[0, 1, 5, 3, 4, 14, 16, 7, 8, 11, 17, 10, 12, 13, 9, 15, 6, 18, 19, 2]",850.5,11.025685787200928
"[0, 1, 5, 3, 4, 14, 16, 7, 8, 11, 17, 10, 12, 13, 9, 15, 6, 18, 19, 2]",850.5,"[0, 1, 5, 3, 4, 14, 16, 7, 8, 11, 17, 10, 12, 13, 9, 15, 6, 18, 19, 2]",850.5,11.089681625366211
"[0, 1, 5, 3, 4, 14, 16, 7, 8, 11, 17, 10, 12, 13, 9, 15, 6, 18, 19, 2]",850.5,"[0, 1, 5, 3, 4, 14, 16, 7, 8, 11, 17, 10, 12, 13, 9, 15, 6, 18, 19, 2]",850.5,11.152684211730957
"[0, 1, 5, 3, 4, 14, 16, 7, 8, 11, 17, 10, 12, 13, 9, 15, 6, 18, 19, 2]",850.5,"[0, 1, 5, 3, 4, 14, 16, 7, 8, 11, 17, 10, 12, 13, 9, 15, 6, 18, 19, 2]",850.5,11.215704917907715
"[0, 1, 5, 3, 4, 14, 16, 7, 8, 11, 17, 10, 12, 13, 9, 15, 6, 18, 19, 2]",850.5,"[0, 1, 5, 3, 4, 14, 16, 7, 8, 11, 17, 10, 12, 13, 9, 15, 6, 18, 19, 2]",850.5,11.281685829162598
"[0, 1, 5, 3, 4, 14, 16, 7, 8, 11, 17, 10, 12, 13, 9, 15, 6, 18, 19, 2]",850.5,"[0, 1, 5, 3, 4, 14, 16, 7, 8, 11, 17, 10, 12, 13, 9, 15, 6, 18, 19, 2]",850.5,11.343684196472168
"[0, 1, 5, 3, 4, 14, 16, 7, 8, 11, 17, 10, 12, 13, 9, 15, 6, 18, 19, 2]",850.5,"[0, 1, 5, 3, 4, 14, 16, 7, 8, 11, 17, 10, 12, 13, 9, 15, 6, 18, 19, 2]",850.5,11.405686855316162
"[0, 1, 5, 3, 4, 14, 16, 7, 8, 11, 17, 10, 12, 13, 9, 15, 6, 18, 19, 2]",850.5,"[0, 1, 5, 3, 4, 14, 16, 7, 8, 11, 17, 10, 12, 13, 9, 15, 6, 18, 19, 2]",850.5,11.466685771942139
"[0, 1, 5, 3, 4, 14, 16, 7, 8, 11, 17, 10, 12, 13, 9, 15, 6, 18, 19, 2]",850.5,"[0, 1, 5, 3, 4, 14, 16, 7, 8, 11, 17, 10, 12, 13, 9, 15, 6, 18, 19, 2]",850.5,11.528685808181763
"[0, 1, 5, 3, 4, 14, 16, 7, 8, 11, 17, 10, 12, 13, 9, 15, 6, 18, 19, 2]",850.5,"[0, 1, 5, 3, 4, 14, 16, 7, 8, 11, 17, 10, 12, 13, 9, 15, 6, 18, 19, 2]",850.5,11.587687253952026
"[0, 1, 5, 3, 4, 14, 16, 7, 8, 11, 17, 10, 12, 13, 9, 15, 6, 18, 19, 2]",850.5,"[0, 1, 5, 3, 4, 14, 16, 7, 8, 11, 17, 10, 12, 13, 9, 15, 6, 18, 19, 2]",850.5,11.647693157196045
"[0, 1, 5, 3, 4, 14, 16, 7, 8, 11, 17, 10, 12, 13, 9, 15, 6, 18, 19, 2]",850.5,"[0, 1, 5, 3, 4, 14, 16, 7, 8, 11, 17, 10, 12, 13, 9, 15, 6, 18, 19, 2]",850.5,11.712690591812134
"[0, 1, 5, 3, 4, 14, 16, 7, 8, 11, 17, 10, 12, 13, 9, 15, 6, 18, 19, 2]",850.5,"[0, 1, 5, 3, 4, 14, 16, 7, 8, 11, 17, 10, 12, 13, 9, 15, 6, 18, 19, 2]",850.5,11.774693012237549
"[0, 1, 5, 3, 4, 14, 16, 7, 8, 11, 17, 10, 12, 13, 9, 15, 6, 18, 19, 2]",850.5,"[0, 1, 5, 3, 4, 14, 16, 7, 8, 11, 17, 10, 12, 13, 9, 15, 6, 18, 19, 2]",850.5,11.837692499160767
"[0, 1, 5, 3, 4, 14, 16, 7, 8, 11, 17, 10, 12, 13, 9, 15, 6, 18, 19, 2]",850.5,"[0, 1, 5, 3, 4, 14, 16, 7, 8, 11, 17, 10, 12, 13, 9, 15, 6, 18, 19, 2]",850.5,11.900703430175781
"[0, 1, 5, 3, 4, 14, 16, 7, 8, 11, 17, 10, 12, 13, 9, 15, 6, 18, 19, 2]",850.5,"[0, 1, 5, 3, 4, 14, 16, 7, 8, 11, 17, 10, 12, 13, 9, 15, 6, 18, 19, 2]",850.5,11.964695453643799
"[0, 1, 5, 3, 4, 14, 16, 7, 8, 11, 17, 10, 12, 13, 9, 15, 6, 18, 19, 2]",850.5,"[0, 1, 5, 3, 4, 14, 16, 7, 8, 11, 17, 10, 12, 13, 9, 15, 6, 18, 19, 2]",850.5,12.031694650650024
"[0, 1, 5, 3, 4, 14, 16, 7, 8, 11, 17, 10, 12, 13, 9, 15, 6, 18, 19, 2]",850.5,"[0, 1, 5, 3, 4, 14, 16, 7, 8, 11, 17, 10, 12, 13, 9, 15, 6, 18, 19, 2]",850.5,12.094693660736084
"[0, 1, 5, 3, 4, 14, 16, 7, 8, 11, 17, 10, 12, 13, 9, 15, 6, 18, 19, 2]",850.5,"[0, 1, 5, 3, 4, 14, 16, 7, 8, 11, 17, 10, 12, 13, 9, 15, 6, 18, 19, 2]",850.5,12.158695459365845
"[0, 1, 5, 3, 4, 14, 16, 7, 8, 11, 17, 10, 12, 13, 9, 15, 6, 18, 19, 2]",850.5,"[0, 1, 5, 3, 4, 14, 16, 7, 8, 11, 17, 10, 12, 13, 9, 15, 6, 18, 19, 2]",850.5,12.222697973251343
"[0, 1, 5, 3, 4, 14, 16, 7, 8, 11, 17, 10, 12, 13, 9, 15, 6, 18, 19, 2]",850.5,"[0, 1, 5, 3, 4, 14, 16, 7, 8, 11, 17, 10, 12, 13, 9, 15, 6, 18, 19, 2]",850.5,12.287707805633545
"[0, 1, 5, 3, 4, 14, 16, 7, 8, 11, 17, 10, 12, 13, 9, 15, 6, 18, 19, 2]",850.5,"[0, 1, 5, 3, 4, 14, 16, 7, 8, 11, 17, 10, 12, 13, 9, 15, 6, 18, 19, 2]",850.5,12.35269570350647
"[0, 1, 5, 3, 4, 14, 16, 7, 8, 11, 17, 10, 12, 13, 9, 15, 6, 18, 19, 2]",850.5,"[0, 1, 5, 3, 4, 14, 16, 7, 8, 11, 17, 10, 12, 13, 9, 15, 6, 18, 19, 2]",850.5,12.415717363357544
"[0, 1, 5, 3, 4, 14, 16, 7, 8, 11, 17, 10, 12, 13, 9, 15, 6, 18, 19, 2]",850.5,"[0, 1, 5, 3, 4, 14, 16, 7, 8, 11, 17, 10, 12, 13, 9, 15, 6, 18, 19, 2]",850.5,12.47969913482666
"[0, 1, 5, 3, 4, 14, 16, 7, 8, 11, 17, 10, 12, 13, 9, 15, 6, 18, 19, 2]",850.5,"[0, 1, 5, 3, 4, 14, 16, 7, 8, 11, 17, 10, 12, 13, 9, 15, 6, 18, 19, 2]",850.5,12.543704509735107
"[0, 1, 5, 3, 4, 14, 16, 7, 8, 11, 17, 10, 12, 13, 9, 15, 6, 18, 19, 2]",850.5,"[0, 1, 5, 3, 4, 14, 16, 7, 8, 11, 17, 10, 12, 13, 9, 15, 6, 18, 19, 2]",850.5,12.604696989059448
"[0, 1, 5, 3, 4, 14, 16, 7, 8, 11, 17, 10, 12, 13, 9, 15, 6, 18, 19, 2]",850.5,"[0, 1, 5, 3, 4, 14, 16, 7, 8, 11, 17, 10, 12, 13, 9, 15, 6, 18, 19, 2]",850.5,12.664702415466309
"[0, 1, 5, 3, 4, 14, 16, 7, 8, 11, 17, 10, 12, 13, 9, 15, 6, 18, 19, 2]",850.5,"[0, 1, 5, 3, 4, 14, 16, 7, 8, 11, 17, 10, 12, 13, 9, 15, 6, 18, 19, 2]",850.5,12.725706338882446
"[0, 1, 5, 3, 13, 14, 16, 7, 8, 11, 17, 10, 12, 4, 9, 15, 6, 18, 19, 2]",843.0,"[0, 1, 5, 3, 13, 14, 16, 7, 8, 11, 17, 10, 12, 4, 9, 15, 6, 18, 19, 2]",843.0,12.787702322006226
