Sequence,Fitness,Best_sequence,Best_fitness,Time
"[0, 1, 2, 3, 4, 5, 6, 7, 8, 9, 10, 11, 12, 13, 14, 15, 16, 17, 18, 19]",1531.0,"[0, 1, 2, 3, 4, 5, 6, 7, 8, 9, 10, 11, 12, 13, 14, 15, 16, 17, 18, 19]",1531.0,0.0
"[0, 1, 2, 3, 4, 5, 6, 7, 8, 9, 10, 11, 12, 13, 14, 15, 16, 17, 18, 19]",1531.0,"[0, 1, 2, 3, 4, 5, 6, 7, 8, 9, 10, 11, 12, 13, 14, 15, 16, 17, 18, 19]",1531.0,0.06700277328491211
"[0, 1, 2, 3, 4, 5, 6, 7, 8, 9, 10, 11, 12, 13, 14, 15, 16, 17, 18, 19]",1531.0,"[0, 1, 2, 3, 4, 5, 6, 7, 8, 9, 10, 11, 12, 13, 14, 15, 16, 17, 18, 19]",1531.0,0.1340019702911377
"[0, 1, 2, 3, 4, 5, 6, 7, 8, 9, 10, 11, 12, 13, 14, 15, 16, 17, 18, 19]",1531.0,"[0, 1, 2, 3, 4, 5, 6, 7, 8, 9, 10, 11, 12, 13, 14, 15, 16, 17, 18, 19]",1531.0,0.20100164413452148
"[0, 1, 2, 3, 4, 5, 6, 7, 8, 9, 10, 11, 12, 13, 14, 15, 16, 17, 18, 19]",1531.0,"[0, 1, 2, 3, 4, 5, 6, 7, 8, 9, 10, 11, 12, 13, 14, 15, 16, 17, 18, 19]",1531.0,0.2650024890899658
"[0, 1, 2, 3, 4, 5, 6, 7, 8, 9, 10, 11, 12, 13, 14, 15, 16, 17, 18, 19]",1531.0,"[0, 1, 2, 3, 4, 5, 6, 7, 8, 9, 10, 11, 12, 13, 14, 15, 16, 17, 18, 19]",1531.0,0.33000612258911133
"[0, 1, 2, 3, 4, 5, 6, 7, 8, 9, 10, 11, 12, 13, 14, 15, 16, 17, 18, 19]",1531.0,"[0, 1, 2, 3, 4, 5, 6, 7, 8, 9, 10, 11, 12, 13, 14, 15, 16, 17, 18, 19]",1531.0,0.39701151847839355
"[0, 12, 2, 3, 4, 5, 6, 7, 8, 9, 10, 11, 1, 13, 14, 15, 16, 17, 18, 19]",1516.0,"[0, 12, 2, 3, 4, 5, 6, 7, 8, 9, 10, 11, 1, 13, 14, 15, 16, 17, 18, 19]",1516.0,0.46204233169555664
"[0, 12, 2, 3, 4, 5, 6, 13, 8, 9, 10, 11, 1, 7, 14, 15, 16, 17, 18, 19]",1473.5,"[0, 12, 2, 3, 4, 5, 6, 13, 8, 9, 10, 11, 1, 7, 14, 15, 16, 17, 18, 19]",1473.5,0.524010181427002
"[0, 12, 2, 3, 4, 5, 18, 13, 8, 9, 10, 11, 1, 7, 14, 15, 16, 17, 6, 19]",1446.5,"[0, 12, 2, 3, 4, 5, 18, 13, 8, 9, 10, 11, 1, 7, 14, 15, 16, 17, 6, 19]",1446.5,0.5880236625671387
"[0, 12, 2, 3, 4, 5, 18, 13, 8, 9, 10, 11, 1, 7, 14, 15, 16, 17, 6, 19]",1446.5,"[0, 12, 2, 3, 4, 5, 18, 13, 8, 9, 10, 11, 1, 7, 14, 15, 16, 17, 6, 19]",1446.5,0.6500453948974609
"[0, 12, 2, 3, 4, 5, 18, 13, 8, 9, 10, 11, 1, 7, 14, 15, 16, 17, 6, 19]",1446.5,"[0, 12, 2, 3, 4, 5, 18, 13, 8, 9, 10, 11, 1, 7, 14, 15, 16, 17, 6, 19]",1446.5,0.7130126953125
"[0, 12, 2, 3, 4, 5, 18, 13, 8, 9, 10, 11, 1, 7, 14, 15, 16, 17, 6, 19]",1446.5,"[0, 12, 2, 3, 4, 5, 18, 13, 8, 9, 10, 11, 1, 7, 14, 15, 16, 17, 6, 19]",1446.5,0.7740178108215332
"[0, 12, 2, 3, 9, 5, 18, 13, 8, 4, 10, 11, 1, 7, 14, 15, 16, 17, 6, 19]",1440.5,"[0, 12, 2, 3, 9, 5, 18, 13, 8, 4, 10, 11, 1, 7, 14, 15, 16, 17, 6, 19]",1440.5,0.842015266418457
"[0, 12, 2, 3, 9, 5, 18, 13, 8, 4, 10, 11, 1, 7, 14, 15, 16, 17, 6, 19]",1440.5,"[0, 12, 2, 3, 9, 5, 18, 13, 8, 4, 10, 11, 1, 7, 14, 15, 16, 17, 6, 19]",1440.5,0.9050166606903076
"[0, 12, 2, 3, 9, 5, 18, 13, 8, 7, 10, 11, 1, 4, 14, 15, 16, 17, 6, 19]",1438.0,"[0, 12, 2, 3, 9, 5, 18, 13, 8, 7, 10, 11, 1, 4, 14, 15, 16, 17, 6, 19]",1438.0,0.9700148105621338
"[0, 12, 2, 3, 9, 5, 18, 13, 8, 7, 10, 11, 1, 4, 14, 15, 16, 17, 6, 19]",1438.0,"[0, 12, 2, 3, 9, 5, 18, 13, 8, 7, 10, 11, 1, 4, 14, 15, 16, 17, 6, 19]",1438.0,1.033017635345459
"[12, 0, 2, 3, 9, 5, 18, 13, 8, 7, 10, 11, 1, 4, 14, 15, 16, 17, 6, 19]",1436.5,"[12, 0, 2, 3, 9, 5, 18, 13, 8, 7, 10, 11, 1, 4, 14, 15, 16, 17, 6, 19]",1436.5,1.0960235595703125
"[12, 0, 2, 3, 9, 5, 18, 13, 8, 7, 10, 11, 1, 4, 14, 15, 16, 17, 6, 19]",1436.5,"[12, 0, 2, 3, 9, 5, 18, 13, 8, 7, 10, 11, 1, 4, 14, 15, 16, 17, 6, 19]",1436.5,1.1580348014831543
"[12, 0, 2, 3, 9, 5, 18, 13, 8, 7, 10, 11, 1, 4, 14, 15, 16, 17, 6, 19]",1436.5,"[12, 0, 2, 3, 9, 5, 18, 13, 8, 7, 10, 11, 1, 4, 14, 15, 16, 17, 6, 19]",1436.5,1.2250211238861084
"[12, 0, 2, 3, 9, 5, 18, 13, 8, 7, 10, 11, 1, 4, 14, 15, 16, 17, 6, 19]",1436.5,"[12, 0, 2, 3, 9, 5, 18, 13, 8, 7, 10, 11, 1, 4, 14, 15, 16, 17, 6, 19]",1436.5,1.2890422344207764
"[12, 0, 2, 3, 9, 5, 18, 13, 8, 7, 10, 11, 1, 4, 14, 15, 16, 17, 6, 19]",1436.5,"[12, 0, 2, 3, 9, 5, 18, 13, 8, 7, 10, 11, 1, 4, 14, 15, 16, 17, 6, 19]",1436.5,1.352024793624878
"[12, 0, 2, 3, 9, 5, 18, 13, 8, 7, 10, 11, 1, 4, 14, 15, 16, 17, 6, 19]",1436.5,"[12, 0, 2, 3, 9, 5, 18, 13, 8, 7, 10, 11, 1, 4, 14, 15, 16, 17, 6, 19]",1436.5,1.4190261363983154
"[12, 0, 2, 17, 9, 5, 18, 13, 8, 7, 10, 11, 1, 4, 14, 15, 16, 3, 6, 19]",1395.5,"[12, 0, 2, 17, 9, 5, 18, 13, 8, 7, 10, 11, 1, 4, 14, 15, 16, 3, 6, 19]",1395.5,1.4880211353302002
"[12, 0, 2, 17, 9, 5, 18, 13, 8, 7, 10, 11, 1, 4, 14, 15, 16, 3, 6, 19]",1395.5,"[12, 0, 2, 17, 9, 5, 18, 13, 8, 7, 10, 11, 1, 4, 14, 15, 16, 3, 6, 19]",1395.5,1.5600216388702393
"[12, 0, 2, 17, 9, 5, 18, 13, 8, 7, 10, 11, 1, 4, 14, 15, 16, 3, 6, 19]",1395.5,"[12, 0, 2, 17, 9, 5, 18, 13, 8, 7, 10, 11, 1, 4, 14, 15, 16, 3, 6, 19]",1395.5,1.6360397338867188
"[12, 0, 2, 17, 9, 5, 18, 13, 8, 7, 10, 11, 1, 4, 14, 15, 16, 3, 6, 19]",1395.5,"[12, 0, 2, 17, 9, 5, 18, 13, 8, 7, 10, 11, 1, 4, 14, 15, 16, 3, 6, 19]",1395.5,1.7040343284606934
"[12, 0, 2, 17, 9, 5, 18, 13, 8, 19, 10, 11, 1, 4, 14, 15, 16, 3, 6, 7]",1375.0,"[12, 0, 2, 17, 9, 5, 18, 13, 8, 19, 10, 11, 1, 4, 14, 15, 16, 3, 6, 7]",1375.0,1.7730319499969482
"[12, 0, 2, 17, 9, 5, 18, 13, 8, 19, 10, 11, 1, 4, 14, 15, 16, 3, 6, 7]",1375.0,"[12, 0, 2, 17, 9, 5, 18, 13, 8, 19, 10, 11, 1, 4, 14, 15, 16, 3, 6, 7]",1375.0,1.847029209136963
"[12, 0, 2, 17, 9, 5, 18, 13, 8, 19, 10, 11, 1, 4, 14, 15, 16, 3, 6, 7]",1375.0,"[12, 0, 2, 17, 9, 5, 18, 13, 8, 19, 10, 11, 1, 4, 14, 15, 16, 3, 6, 7]",1375.0,1.9150452613830566
"[12, 0, 2, 17, 9, 5, 18, 13, 8, 19, 10, 11, 1, 4, 14, 15, 16, 3, 6, 7]",1375.0,"[12, 0, 2, 17, 9, 5, 18, 13, 8, 19, 10, 11, 1, 4, 14, 15, 16, 3, 6, 7]",1375.0,1.980032205581665
"[12, 0, 2, 17, 9, 5, 18, 13, 8, 19, 10, 11, 1, 4, 14, 15, 16, 3, 6, 7]",1375.0,"[12, 0, 2, 17, 9, 5, 18, 13, 8, 19, 10, 11, 1, 4, 14, 15, 16, 3, 6, 7]",1375.0,2.048116445541382
"[12, 0, 2, 19, 9, 5, 18, 13, 8, 17, 10, 11, 1, 4, 14, 15, 16, 3, 6, 7]",1363.0,"[12, 0, 2, 19, 9, 5, 18, 13, 8, 17, 10, 11, 1, 4, 14, 15, 16, 3, 6, 7]",1363.0,2.116041660308838
"[12, 0, 2, 19, 9, 5, 18, 13, 8, 17, 10, 11, 1, 4, 14, 15, 16, 3, 6, 7]",1363.0,"[12, 0, 2, 19, 9, 5, 18, 13, 8, 17, 10, 11, 1, 4, 14, 15, 16, 3, 6, 7]",1363.0,2.182058334350586
"[12, 0, 2, 19, 9, 5, 18, 13, 8, 17, 10, 11, 1, 4, 14, 15, 16, 3, 6, 7]",1363.0,"[12, 0, 2, 19, 9, 5, 18, 13, 8, 17, 10, 11, 1, 4, 14, 15, 16, 3, 6, 7]",1363.0,2.2500410079956055
"[12, 0, 2, 19, 9, 5, 18, 13, 8, 17, 10, 11, 1, 4, 14, 15, 16, 3, 6, 7]",1363.0,"[12, 0, 2, 19, 9, 5, 18, 13, 8, 17, 10, 11, 1, 4, 14, 15, 16, 3, 6, 7]",1363.0,2.310045003890991
"[12, 0, 2, 19, 9, 5, 18, 13, 8, 17, 10, 11, 1, 4, 14, 15, 16, 3, 6, 7]",1363.0,"[12, 0, 2, 19, 9, 5, 18, 13, 8, 17, 10, 11, 1, 4, 14, 15, 16, 3, 6, 7]",1363.0,2.3730437755584717
"[12, 0, 2, 19, 9, 5, 18, 13, 8, 17, 10, 11, 1, 4, 14, 15, 16, 3, 6, 7]",1363.0,"[12, 0, 2, 19, 9, 5, 18, 13, 8, 17, 10, 11, 1, 4, 14, 15, 16, 3, 6, 7]",1363.0,2.4380404949188232
"[12, 0, 2, 19, 9, 5, 18, 13, 8, 17, 10, 11, 1, 4, 14, 15, 16, 3, 6, 7]",1363.0,"[12, 0, 2, 19, 9, 5, 18, 13, 8, 17, 10, 11, 1, 4, 14, 15, 16, 3, 6, 7]",1363.0,2.5030431747436523
"[12, 0, 2, 19, 9, 5, 18, 13, 8, 17, 7, 11, 1, 4, 14, 15, 16, 3, 6, 10]",1344.0,"[12, 0, 2, 19, 9, 5, 18, 13, 8, 17, 7, 11, 1, 4, 14, 15, 16, 3, 6, 10]",1344.0,2.565061569213867
"[14, 0, 2, 19, 9, 5, 18, 13, 8, 17, 7, 11, 1, 4, 12, 15, 16, 3, 6, 10]",1312.5,"[14, 0, 2, 19, 9, 5, 18, 13, 8, 17, 7, 11, 1, 4, 12, 15, 16, 3, 6, 10]",1312.5,2.6270477771759033
"[14, 0, 2, 19, 9, 5, 18, 13, 8, 17, 7, 11, 1, 4, 12, 15, 16, 3, 6, 10]",1312.5,"[14, 0, 2, 19, 9, 5, 18, 13, 8, 17, 7, 11, 1, 4, 12, 15, 16, 3, 6, 10]",1312.5,2.6890463829040527
"[14, 0, 2, 4, 9, 5, 18, 13, 8, 17, 7, 11, 1, 19, 12, 15, 16, 3, 6, 10]",1308.5,"[14, 0, 2, 4, 9, 5, 18, 13, 8, 17, 7, 11, 1, 19, 12, 15, 16, 3, 6, 10]",1308.5,2.751049518585205
"[14, 0, 2, 4, 9, 5, 18, 13, 8, 17, 7, 11, 1, 19, 12, 15, 16, 3, 6, 10]",1308.5,"[14, 0, 2, 4, 9, 5, 18, 13, 8, 17, 7, 11, 1, 19, 12, 15, 16, 3, 6, 10]",1308.5,2.8110458850860596
"[14, 0, 2, 4, 9, 5, 18, 13, 8, 17, 7, 11, 1, 19, 12, 15, 16, 3, 6, 10]",1308.5,"[14, 0, 2, 4, 9, 5, 18, 13, 8, 17, 7, 11, 1, 19, 12, 15, 16, 3, 6, 10]",1308.5,2.8730530738830566
"[14, 0, 2, 4, 9, 5, 18, 13, 8, 17, 7, 11, 1, 19, 12, 15, 16, 3, 6, 10]",1308.5,"[14, 0, 2, 4, 9, 5, 18, 13, 8, 17, 7, 11, 1, 19, 12, 15, 16, 3, 6, 10]",1308.5,2.9340484142303467
"[14, 0, 2, 4, 9, 5, 18, 13, 8, 17, 7, 11, 1, 19, 12, 15, 16, 3, 6, 10]",1308.5,"[14, 0, 2, 4, 9, 5, 18, 13, 8, 17, 7, 11, 1, 19, 12, 15, 16, 3, 6, 10]",1308.5,2.996056079864502
"[14, 0, 2, 4, 9, 5, 18, 13, 8, 17, 7, 11, 1, 19, 12, 15, 16, 3, 6, 10]",1308.5,"[14, 0, 2, 4, 9, 5, 18, 13, 8, 17, 7, 11, 1, 19, 12, 15, 16, 3, 6, 10]",1308.5,3.058048963546753
"[14, 0, 2, 4, 9, 5, 18, 13, 8, 17, 7, 11, 1, 19, 12, 15, 16, 3, 6, 10]",1308.5,"[14, 0, 2, 4, 9, 5, 18, 13, 8, 17, 7, 11, 1, 19, 12, 15, 16, 3, 6, 10]",1308.5,3.1220521926879883
"[14, 0, 2, 4, 9, 5, 18, 13, 8, 17, 7, 11, 1, 19, 12, 15, 16, 3, 6, 10]",1308.5,"[14, 0, 2, 4, 9, 5, 18, 13, 8, 17, 7, 11, 1, 19, 12, 15, 16, 3, 6, 10]",1308.5,3.1850552558898926
"[14, 0, 2, 4, 9, 5, 18, 13, 8, 17, 7, 11, 1, 19, 12, 15, 16, 3, 6, 10]",1308.5,"[14, 0, 2, 4, 9, 5, 18, 13, 8, 17, 7, 11, 1, 19, 12, 15, 16, 3, 6, 10]",1308.5,3.2500534057617188
"[14, 0, 2, 4, 9, 5, 18, 13, 8, 17, 7, 11, 1, 19, 12, 15, 16, 3, 6, 10]",1308.5,"[14, 0, 2, 4, 9, 5, 18, 13, 8, 17, 7, 11, 1, 19, 12, 15, 16, 3, 6, 10]",1308.5,3.312062978744507
"[14, 0, 2, 4, 9, 5, 18, 13, 8, 17, 7, 11, 1, 19, 12, 15, 16, 3, 6, 10]",1308.5,"[14, 0, 2, 4, 9, 5, 18, 13, 8, 17, 7, 11, 1, 19, 12, 15, 16, 3, 6, 10]",1308.5,3.3750598430633545
"[14, 0, 2, 4, 9, 5, 18, 13, 8, 17, 7, 11, 1, 19, 12, 15, 16, 3, 6, 10]",1308.5,"[14, 0, 2, 4, 9, 5, 18, 13, 8, 17, 7, 11, 1, 19, 12, 15, 16, 3, 6, 10]",1308.5,3.4370625019073486
"[14, 0, 2, 4, 9, 5, 18, 13, 8, 17, 7, 11, 1, 19, 12, 15, 16, 3, 6, 10]",1308.5,"[14, 0, 2, 4, 9, 5, 18, 13, 8, 17, 7, 11, 1, 19, 12, 15, 16, 3, 6, 10]",1308.5,3.498140573501587
"[14, 0, 2, 4, 9, 5, 18, 13, 8, 17, 7, 11, 1, 19, 12, 15, 16, 3, 6, 10]",1308.5,"[14, 0, 2, 4, 9, 5, 18, 13, 8, 17, 7, 11, 1, 19, 12, 15, 16, 3, 6, 10]",1308.5,3.561383008956909
"[14, 0, 2, 4, 9, 5, 18, 13, 8, 17, 7, 11, 1, 19, 12, 15, 16, 3, 6, 10]",1308.5,"[14, 0, 2, 4, 9, 5, 18, 13, 8, 17, 7, 11, 1, 19, 12, 15, 16, 3, 6, 10]",1308.5,3.6240885257720947
"[14, 0, 2, 4, 9, 5, 18, 13, 8, 17, 7, 11, 1, 19, 12, 15, 16, 3, 6, 10]",1308.5,"[14, 0, 2, 4, 9, 5, 18, 13, 8, 17, 7, 11, 1, 19, 12, 15, 16, 3, 6, 10]",1308.5,3.715064525604248
"[14, 0, 2, 4, 9, 5, 18, 13, 8, 17, 7, 11, 1, 19, 12, 15, 16, 3, 6, 10]",1308.5,"[14, 0, 2, 4, 9, 5, 18, 13, 8, 17, 7, 11, 1, 19, 12, 15, 16, 3, 6, 10]",1308.5,3.7750651836395264
"[14, 0, 2, 4, 9, 5, 18, 13, 8, 17, 7, 11, 1, 19, 12, 15, 16, 3, 6, 10]",1308.5,"[14, 0, 2, 4, 9, 5, 18, 13, 8, 17, 7, 11, 1, 19, 12, 15, 16, 3, 6, 10]",1308.5,3.837064266204834
"[14, 0, 2, 4, 9, 5, 18, 13, 8, 17, 7, 11, 1, 19, 12, 15, 16, 3, 6, 10]",1308.5,"[14, 0, 2, 4, 9, 5, 18, 13, 8, 17, 7, 11, 1, 19, 12, 15, 16, 3, 6, 10]",1308.5,3.897066593170166
"[14, 0, 2, 4, 9, 5, 18, 13, 8, 17, 7, 11, 1, 19, 12, 15, 16, 3, 6, 10]",1308.5,"[14, 0, 2, 4, 9, 5, 18, 13, 8, 17, 7, 11, 1, 19, 12, 15, 16, 3, 6, 10]",1308.5,3.959069013595581
"[14, 0, 2, 4, 9, 5, 18, 13, 8, 17, 7, 11, 1, 19, 12, 15, 16, 3, 6, 10]",1308.5,"[14, 0, 2, 4, 9, 5, 18, 13, 8, 17, 7, 11, 1, 19, 12, 15, 16, 3, 6, 10]",1308.5,4.019068717956543
"[14, 0, 2, 4, 9, 5, 18, 13, 8, 17, 7, 11, 1, 19, 12, 15, 16, 3, 6, 10]",1308.5,"[14, 0, 2, 4, 9, 5, 18, 13, 8, 17, 7, 11, 1, 19, 12, 15, 16, 3, 6, 10]",1308.5,4.081069469451904
"[14, 0, 2, 4, 9, 5, 18, 13, 8, 17, 7, 11, 1, 19, 12, 15, 16, 3, 6, 10]",1308.5,"[14, 0, 2, 4, 9, 5, 18, 13, 8, 17, 7, 11, 1, 19, 12, 15, 16, 3, 6, 10]",1308.5,4.151068449020386
"[14, 0, 2, 4, 9, 5, 18, 13, 8, 17, 7, 11, 1, 19, 12, 15, 16, 3, 6, 10]",1308.5,"[14, 0, 2, 4, 9, 5, 18, 13, 8, 17, 7, 11, 1, 19, 12, 15, 16, 3, 6, 10]",1308.5,4.212075710296631
"[14, 0, 2, 4, 9, 5, 18, 13, 8, 17, 7, 11, 1, 19, 12, 15, 16, 3, 6, 10]",1308.5,"[14, 0, 2, 4, 9, 5, 18, 13, 8, 17, 7, 11, 1, 19, 12, 15, 16, 3, 6, 10]",1308.5,4.272073030471802
"[14, 0, 2, 4, 9, 5, 18, 13, 8, 17, 7, 11, 1, 19, 12, 15, 16, 3, 6, 10]",1308.5,"[14, 0, 2, 4, 9, 5, 18, 13, 8, 17, 7, 11, 1, 19, 12, 15, 16, 3, 6, 10]",1308.5,4.332077980041504
"[14, 0, 2, 4, 9, 5, 18, 13, 8, 17, 7, 11, 1, 19, 12, 15, 16, 3, 6, 10]",1308.5,"[14, 0, 2, 4, 9, 5, 18, 13, 8, 17, 7, 11, 1, 19, 12, 15, 16, 3, 6, 10]",1308.5,4.392657995223999
"[14, 0, 2, 4, 9, 5, 18, 13, 8, 17, 7, 11, 1, 19, 12, 15, 16, 3, 6, 10]",1308.5,"[14, 0, 2, 4, 9, 5, 18, 13, 8, 17, 7, 11, 1, 19, 12, 15, 16, 3, 6, 10]",1308.5,4.454684257507324
"[14, 0, 2, 4, 9, 5, 18, 13, 8, 17, 7, 11, 1, 19, 12, 15, 16, 3, 6, 10]",1308.5,"[14, 0, 2, 4, 9, 5, 18, 13, 8, 17, 7, 11, 1, 19, 12, 15, 16, 3, 6, 10]",1308.5,4.517666816711426
"[14, 0, 2, 4, 9, 5, 18, 13, 8, 17, 7, 11, 1, 19, 12, 15, 16, 3, 6, 10]",1308.5,"[14, 0, 2, 4, 9, 5, 18, 13, 8, 17, 7, 11, 1, 19, 12, 15, 16, 3, 6, 10]",1308.5,4.586948871612549
"[14, 0, 2, 4, 9, 5, 18, 13, 8, 17, 7, 11, 1, 19, 12, 15, 16, 3, 6, 10]",1308.5,"[14, 0, 2, 4, 9, 5, 18, 13, 8, 17, 7, 11, 1, 19, 12, 15, 16, 3, 6, 10]",1308.5,4.651946783065796
"[14, 0, 2, 4, 9, 5, 18, 13, 8, 17, 7, 11, 1, 19, 12, 15, 16, 3, 6, 10]",1308.5,"[14, 0, 2, 4, 9, 5, 18, 13, 8, 17, 7, 11, 1, 19, 12, 15, 16, 3, 6, 10]",1308.5,4.714948892593384
"[14, 0, 2, 4, 9, 5, 18, 13, 8, 17, 7, 11, 1, 19, 12, 15, 16, 3, 6, 10]",1308.5,"[14, 0, 2, 4, 9, 5, 18, 13, 8, 17, 7, 11, 1, 19, 12, 15, 16, 3, 6, 10]",1308.5,4.779952526092529
"[14, 0, 2, 4, 9, 5, 18, 13, 8, 17, 7, 11, 1, 19, 12, 15, 16, 3, 6, 10]",1308.5,"[14, 0, 2, 4, 9, 5, 18, 13, 8, 17, 7, 11, 1, 19, 12, 15, 16, 3, 6, 10]",1308.5,4.840952157974243
"[14, 0, 2, 4, 9, 5, 18, 13, 8, 17, 7, 11, 1, 19, 12, 15, 16, 3, 6, 10]",1308.5,"[14, 0, 2, 4, 9, 5, 18, 13, 8, 17, 7, 11, 1, 19, 12, 15, 16, 3, 6, 10]",1308.5,4.902953863143921
"[14, 0, 2, 4, 9, 5, 18, 13, 8, 17, 7, 11, 1, 19, 12, 15, 16, 3, 6, 10]",1308.5,"[14, 0, 2, 4, 9, 5, 18, 13, 8, 17, 7, 11, 1, 19, 12, 15, 16, 3, 6, 10]",1308.5,4.9629528522491455
"[14, 0, 2, 4, 9, 5, 18, 13, 8, 17, 7, 11, 1, 19, 12, 15, 16, 3, 6, 10]",1308.5,"[14, 0, 2, 4, 9, 5, 18, 13, 8, 17, 7, 11, 1, 19, 12, 15, 16, 3, 6, 10]",1308.5,5.023067951202393
"[14, 0, 2, 4, 9, 5, 18, 13, 8, 17, 7, 11, 1, 19, 12, 15, 16, 3, 6, 10]",1308.5,"[14, 0, 2, 4, 9, 5, 18, 13, 8, 17, 7, 11, 1, 19, 12, 15, 16, 3, 6, 10]",1308.5,5.083954334259033
"[14, 0, 2, 4, 9, 5, 18, 13, 8, 17, 7, 11, 1, 19, 12, 15, 16, 3, 6, 10]",1308.5,"[14, 0, 2, 4, 9, 5, 18, 13, 8, 17, 7, 11, 1, 19, 12, 15, 16, 3, 6, 10]",1308.5,5.143968820571899
"[14, 0, 2, 4, 9, 5, 18, 13, 8, 17, 7, 11, 1, 19, 12, 15, 16, 3, 6, 10]",1308.5,"[14, 0, 2, 4, 9, 5, 18, 13, 8, 17, 7, 11, 1, 19, 12, 15, 16, 3, 6, 10]",1308.5,5.205957889556885
"[14, 0, 2, 4, 9, 5, 18, 13, 8, 17, 7, 11, 1, 19, 12, 15, 16, 3, 6, 10]",1308.5,"[14, 0, 2, 4, 9, 5, 18, 13, 8, 17, 7, 11, 1, 19, 12, 15, 16, 3, 6, 10]",1308.5,5.270956754684448
"[14, 0, 2, 4, 9, 5, 18, 13, 8, 17, 7, 11, 1, 19, 12, 15, 16, 3, 6, 10]",1308.5,"[14, 0, 2, 4, 9, 5, 18, 13, 8, 17, 7, 11, 1, 19, 12, 15, 16, 3, 6, 10]",1308.5,5.331958532333374
"[14, 0, 2, 4, 9, 5, 18, 13, 8, 17, 7, 11, 1, 19, 12, 15, 16, 3, 6, 10]",1308.5,"[14, 0, 2, 4, 9, 5, 18, 13, 8, 17, 7, 11, 1, 19, 12, 15, 16, 3, 6, 10]",1308.5,5.392963409423828
"[14, 0, 2, 4, 9, 5, 18, 13, 8, 17, 7, 11, 1, 19, 12, 15, 16, 3, 6, 10]",1308.5,"[14, 0, 2, 4, 9, 5, 18, 13, 8, 17, 7, 11, 1, 19, 12, 15, 16, 3, 6, 10]",1308.5,5.454963207244873
"[14, 0, 2, 4, 9, 5, 18, 13, 8, 17, 7, 11, 1, 19, 12, 15, 16, 3, 6, 10]",1308.5,"[14, 0, 2, 4, 9, 5, 18, 13, 8, 17, 7, 11, 1, 19, 12, 15, 16, 3, 6, 10]",1308.5,5.515962839126587
"[14, 0, 2, 4, 9, 5, 18, 13, 8, 17, 7, 11, 1, 19, 12, 15, 16, 3, 6, 10]",1308.5,"[14, 0, 2, 4, 9, 5, 18, 13, 8, 17, 7, 11, 1, 19, 12, 15, 16, 3, 6, 10]",1308.5,5.581964492797852
"[14, 0, 2, 4, 9, 5, 18, 13, 8, 17, 7, 11, 1, 19, 12, 15, 16, 3, 6, 10]",1308.5,"[14, 0, 2, 4, 9, 5, 18, 13, 8, 17, 7, 11, 1, 19, 12, 15, 16, 3, 6, 10]",1308.5,5.640968084335327
"[14, 0, 2, 4, 9, 5, 18, 13, 8, 17, 7, 11, 1, 19, 12, 15, 16, 3, 6, 10]",1308.5,"[14, 0, 2, 4, 9, 5, 18, 13, 8, 17, 7, 11, 1, 19, 12, 15, 16, 3, 6, 10]",1308.5,5.702969074249268
"[14, 0, 2, 4, 9, 5, 18, 13, 8, 17, 7, 11, 1, 19, 12, 15, 16, 3, 6, 10]",1308.5,"[14, 0, 2, 4, 9, 5, 18, 13, 8, 17, 7, 11, 1, 19, 12, 15, 16, 3, 6, 10]",1308.5,5.7629687786102295
"[14, 0, 2, 4, 9, 5, 18, 13, 8, 17, 7, 11, 1, 19, 12, 15, 16, 3, 6, 10]",1308.5,"[14, 0, 2, 4, 9, 5, 18, 13, 8, 17, 7, 11, 1, 19, 12, 15, 16, 3, 6, 10]",1308.5,5.8229820728302
"[14, 0, 2, 4, 9, 5, 18, 13, 8, 17, 7, 11, 1, 19, 12, 15, 16, 3, 6, 10]",1308.5,"[14, 0, 2, 4, 9, 5, 18, 13, 8, 17, 7, 11, 1, 19, 12, 15, 16, 3, 6, 10]",1308.5,5.8849875926971436
"[14, 0, 2, 4, 9, 5, 18, 13, 8, 17, 7, 11, 1, 19, 12, 15, 16, 3, 6, 10]",1308.5,"[14, 0, 2, 4, 9, 5, 18, 13, 8, 17, 7, 11, 1, 19, 12, 15, 16, 3, 6, 10]",1308.5,5.945980548858643
"[14, 0, 2, 4, 9, 5, 18, 13, 8, 17, 7, 11, 1, 19, 12, 15, 16, 3, 6, 10]",1308.5,"[14, 0, 2, 4, 9, 5, 18, 13, 8, 17, 7, 11, 1, 19, 12, 15, 16, 3, 6, 10]",1308.5,6.0109686851501465
"[14, 0, 2, 4, 9, 5, 18, 13, 8, 17, 7, 11, 1, 19, 12, 15, 16, 3, 6, 10]",1308.5,"[14, 0, 2, 4, 9, 5, 18, 13, 8, 17, 7, 11, 1, 19, 12, 15, 16, 3, 6, 10]",1308.5,6.075984239578247
"[14, 0, 2, 4, 9, 5, 18, 13, 8, 17, 7, 11, 1, 19, 12, 15, 16, 3, 6, 10]",1308.5,"[14, 0, 2, 4, 9, 5, 18, 13, 8, 17, 7, 11, 1, 19, 12, 15, 16, 3, 6, 10]",1308.5,6.1399827003479
"[14, 0, 2, 4, 9, 5, 18, 13, 8, 17, 7, 11, 1, 19, 12, 15, 16, 3, 6, 10]",1308.5,"[14, 0, 2, 4, 9, 5, 18, 13, 8, 17, 7, 11, 1, 19, 12, 15, 16, 3, 6, 10]",1308.5,6.203975439071655
"[14, 0, 2, 4, 9, 5, 18, 13, 8, 17, 7, 11, 1, 19, 12, 15, 16, 3, 6, 10]",1308.5,"[14, 0, 2, 4, 9, 5, 18, 13, 8, 17, 7, 11, 1, 19, 12, 15, 16, 3, 6, 10]",1308.5,6.267167806625366
"[14, 0, 2, 4, 9, 5, 18, 13, 8, 17, 7, 11, 1, 19, 12, 15, 16, 3, 6, 10]",1308.5,"[14, 0, 2, 4, 9, 5, 18, 13, 8, 17, 7, 11, 1, 19, 12, 15, 16, 3, 6, 10]",1308.5,6.331987619400024
"[14, 0, 2, 4, 9, 5, 18, 13, 8, 17, 7, 11, 1, 19, 12, 15, 16, 3, 6, 10]",1308.5,"[14, 0, 2, 4, 9, 5, 18, 13, 8, 17, 7, 11, 1, 19, 12, 15, 16, 3, 6, 10]",1308.5,6.392976522445679
"[14, 0, 2, 4, 9, 5, 18, 13, 8, 17, 7, 11, 1, 19, 12, 15, 16, 3, 6, 10]",1308.5,"[14, 0, 2, 4, 9, 5, 18, 13, 8, 17, 7, 11, 1, 19, 12, 15, 16, 3, 6, 10]",1308.5,6.455996513366699
"[14, 0, 2, 4, 9, 5, 18, 13, 8, 17, 7, 11, 1, 19, 12, 15, 16, 3, 6, 10]",1308.5,"[14, 0, 2, 4, 9, 5, 18, 13, 8, 17, 7, 11, 1, 19, 12, 15, 16, 3, 6, 10]",1308.5,6.515990734100342
"[14, 0, 2, 4, 9, 5, 18, 13, 8, 17, 7, 11, 1, 19, 12, 15, 16, 3, 6, 10]",1308.5,"[14, 0, 2, 4, 9, 5, 18, 13, 8, 17, 7, 11, 1, 19, 12, 15, 16, 3, 6, 10]",1308.5,6.574979782104492
"[14, 0, 2, 4, 9, 5, 18, 13, 8, 17, 7, 11, 1, 19, 12, 15, 16, 3, 6, 10]",1308.5,"[14, 0, 2, 4, 9, 5, 18, 13, 8, 17, 7, 11, 1, 19, 12, 15, 16, 3, 6, 10]",1308.5,6.636981248855591
"[14, 0, 2, 4, 9, 5, 18, 13, 8, 17, 7, 11, 1, 19, 12, 15, 16, 3, 6, 10]",1308.5,"[14, 0, 2, 4, 9, 5, 18, 13, 8, 17, 7, 11, 1, 19, 12, 15, 16, 3, 6, 10]",1308.5,6.696983337402344
"[14, 0, 2, 4, 9, 5, 18, 13, 8, 17, 7, 11, 1, 19, 12, 15, 16, 3, 6, 10]",1308.5,"[14, 0, 2, 4, 9, 5, 18, 13, 8, 17, 7, 11, 1, 19, 12, 15, 16, 3, 6, 10]",1308.5,6.7609851360321045
"[14, 0, 2, 4, 9, 5, 18, 13, 8, 17, 7, 11, 1, 19, 12, 15, 16, 3, 6, 10]",1308.5,"[14, 0, 2, 4, 9, 5, 18, 13, 8, 17, 7, 11, 1, 19, 12, 15, 16, 3, 6, 10]",1308.5,6.820988893508911
"[14, 0, 2, 4, 9, 5, 18, 13, 8, 17, 7, 11, 1, 19, 12, 15, 16, 3, 6, 10]",1308.5,"[14, 0, 2, 4, 9, 5, 18, 13, 8, 17, 7, 11, 1, 19, 12, 15, 16, 3, 6, 10]",1308.5,6.88398551940918
"[14, 0, 2, 4, 9, 5, 18, 13, 8, 17, 7, 11, 1, 19, 12, 15, 16, 3, 6, 10]",1308.5,"[14, 0, 2, 4, 9, 5, 18, 13, 8, 17, 7, 11, 1, 19, 12, 15, 16, 3, 6, 10]",1308.5,6.943988800048828
"[14, 0, 2, 4, 9, 5, 18, 13, 8, 17, 7, 11, 1, 19, 12, 15, 16, 3, 6, 10]",1308.5,"[14, 0, 2, 4, 9, 5, 18, 13, 8, 17, 7, 11, 1, 19, 12, 15, 16, 3, 6, 10]",1308.5,7.004988193511963
"[14, 0, 2, 4, 9, 5, 18, 13, 8, 17, 7, 11, 1, 19, 12, 15, 16, 3, 6, 10]",1308.5,"[14, 0, 2, 4, 9, 5, 18, 13, 8, 17, 7, 11, 1, 19, 12, 15, 16, 3, 6, 10]",1308.5,7.06699013710022
"[14, 0, 2, 4, 9, 5, 18, 13, 8, 17, 7, 11, 1, 19, 12, 15, 16, 3, 6, 10]",1308.5,"[14, 0, 2, 4, 9, 5, 18, 13, 8, 17, 7, 11, 1, 19, 12, 15, 16, 3, 6, 10]",1308.5,7.125994443893433
"[14, 0, 2, 4, 9, 5, 18, 13, 8, 17, 7, 11, 1, 19, 12, 15, 16, 3, 6, 10]",1308.5,"[14, 0, 2, 4, 9, 5, 18, 13, 8, 17, 7, 11, 1, 19, 12, 15, 16, 3, 6, 10]",1308.5,7.185998439788818
"[14, 0, 2, 4, 9, 5, 18, 13, 8, 17, 7, 11, 1, 19, 12, 15, 16, 3, 6, 10]",1308.5,"[14, 0, 2, 4, 9, 5, 18, 13, 8, 17, 7, 11, 1, 19, 12, 15, 16, 3, 6, 10]",1308.5,7.251994609832764
"[14, 0, 2, 4, 9, 5, 18, 13, 8, 17, 7, 11, 1, 19, 12, 15, 16, 3, 6, 10]",1308.5,"[14, 0, 2, 4, 9, 5, 18, 13, 8, 17, 7, 11, 1, 19, 12, 15, 16, 3, 6, 10]",1308.5,7.316996097564697
"[14, 0, 2, 4, 9, 5, 18, 13, 8, 17, 7, 11, 1, 19, 12, 15, 16, 3, 6, 10]",1308.5,"[14, 0, 2, 4, 9, 5, 18, 13, 8, 17, 7, 11, 1, 19, 12, 15, 16, 3, 6, 10]",1308.5,7.379995584487915
"[14, 0, 2, 4, 9, 5, 18, 13, 8, 17, 7, 11, 1, 19, 12, 15, 16, 3, 6, 10]",1308.5,"[14, 0, 2, 4, 9, 5, 18, 13, 8, 17, 7, 11, 1, 19, 12, 15, 16, 3, 6, 10]",1308.5,7.442999839782715
"[14, 0, 2, 4, 9, 5, 18, 13, 8, 17, 7, 11, 1, 19, 12, 15, 16, 3, 6, 10]",1308.5,"[14, 0, 2, 4, 9, 5, 18, 13, 8, 17, 7, 11, 1, 19, 12, 15, 16, 3, 6, 10]",1308.5,7.505995035171509
"[14, 0, 2, 4, 9, 5, 18, 13, 8, 17, 7, 11, 1, 19, 12, 15, 16, 3, 6, 10]",1308.5,"[14, 0, 2, 4, 9, 5, 18, 13, 8, 17, 7, 11, 1, 19, 12, 15, 16, 3, 6, 10]",1308.5,7.569999694824219
"[14, 0, 2, 4, 9, 5, 18, 13, 8, 17, 7, 11, 1, 19, 12, 15, 16, 3, 6, 10]",1308.5,"[14, 0, 2, 4, 9, 5, 18, 13, 8, 17, 7, 11, 1, 19, 12, 15, 16, 3, 6, 10]",1308.5,7.631000280380249
"[14, 0, 2, 4, 9, 5, 18, 13, 8, 17, 7, 11, 1, 19, 12, 15, 16, 3, 6, 10]",1308.5,"[14, 0, 2, 4, 9, 5, 18, 13, 8, 17, 7, 11, 1, 19, 12, 15, 16, 3, 6, 10]",1308.5,7.693000555038452
"[14, 0, 2, 4, 9, 5, 18, 13, 8, 17, 7, 11, 1, 19, 12, 15, 16, 3, 6, 10]",1308.5,"[14, 0, 2, 4, 9, 5, 18, 13, 8, 17, 7, 11, 1, 19, 12, 15, 16, 3, 6, 10]",1308.5,7.753021717071533
"[14, 0, 2, 4, 9, 5, 18, 13, 8, 17, 7, 11, 1, 19, 12, 15, 16, 3, 6, 10]",1308.5,"[14, 0, 2, 4, 9, 5, 18, 13, 8, 17, 7, 11, 1, 19, 12, 15, 16, 3, 6, 10]",1308.5,7.8171067237854
"[14, 0, 2, 4, 9, 5, 18, 13, 8, 17, 7, 11, 1, 19, 12, 15, 16, 3, 6, 10]",1308.5,"[14, 0, 2, 4, 9, 5, 18, 13, 8, 17, 7, 11, 1, 19, 12, 15, 16, 3, 6, 10]",1308.5,7.87800407409668
"[14, 0, 2, 4, 9, 5, 18, 13, 8, 17, 7, 11, 1, 19, 12, 15, 16, 3, 6, 10]",1308.5,"[14, 0, 2, 4, 9, 5, 18, 13, 8, 17, 7, 11, 1, 19, 12, 15, 16, 3, 6, 10]",1308.5,7.939058065414429
"[14, 0, 2, 4, 9, 5, 18, 13, 8, 17, 7, 11, 1, 19, 12, 15, 16, 3, 6, 10]",1308.5,"[14, 0, 2, 4, 9, 5, 18, 13, 8, 17, 7, 11, 1, 19, 12, 15, 16, 3, 6, 10]",1308.5,8.003009557723999
"[14, 0, 2, 4, 9, 5, 18, 13, 8, 17, 7, 11, 1, 19, 12, 15, 16, 3, 6, 10]",1308.5,"[14, 0, 2, 4, 9, 5, 18, 13, 8, 17, 7, 11, 1, 19, 12, 15, 16, 3, 6, 10]",1308.5,8.06300950050354
"[14, 0, 2, 4, 9, 5, 18, 13, 8, 17, 7, 11, 1, 19, 12, 15, 16, 3, 6, 10]",1308.5,"[14, 0, 2, 4, 9, 5, 18, 13, 8, 17, 7, 11, 1, 19, 12, 15, 16, 3, 6, 10]",1308.5,8.123019218444824
"[14, 0, 2, 4, 9, 5, 18, 13, 8, 17, 7, 11, 1, 19, 12, 15, 16, 3, 6, 10]",1308.5,"[14, 0, 2, 4, 9, 5, 18, 13, 8, 17, 7, 11, 1, 19, 12, 15, 16, 3, 6, 10]",1308.5,8.181007385253906
"[14, 0, 2, 4, 9, 5, 18, 13, 8, 17, 7, 11, 1, 19, 12, 15, 16, 3, 6, 10]",1308.5,"[14, 0, 2, 4, 9, 5, 18, 13, 8, 17, 7, 11, 1, 19, 12, 15, 16, 3, 6, 10]",1308.5,8.242009401321411
"[14, 0, 2, 4, 9, 5, 18, 13, 8, 17, 7, 11, 1, 19, 12, 15, 16, 3, 6, 10]",1308.5,"[14, 0, 2, 4, 9, 5, 18, 13, 8, 17, 7, 11, 1, 19, 12, 15, 16, 3, 6, 10]",1308.5,8.30401349067688
"[14, 0, 2, 4, 9, 5, 18, 13, 8, 17, 7, 11, 1, 19, 12, 15, 16, 3, 6, 10]",1308.5,"[14, 0, 2, 4, 9, 5, 18, 13, 8, 17, 7, 11, 1, 19, 12, 15, 16, 3, 6, 10]",1308.5,8.364025354385376
"[14, 0, 2, 4, 9, 5, 18, 13, 8, 17, 7, 11, 1, 19, 12, 15, 16, 3, 6, 10]",1308.5,"[14, 0, 2, 4, 9, 5, 18, 13, 8, 17, 7, 11, 1, 19, 12, 15, 16, 3, 6, 10]",1308.5,8.426021575927734
"[14, 0, 2, 4, 9, 5, 18, 13, 8, 17, 7, 11, 1, 19, 12, 15, 16, 3, 6, 10]",1308.5,"[14, 0, 2, 4, 9, 5, 18, 13, 8, 17, 7, 11, 1, 19, 12, 15, 16, 3, 6, 10]",1308.5,8.49520492553711
"[14, 0, 2, 4, 9, 5, 18, 13, 8, 17, 7, 11, 1, 19, 12, 15, 16, 3, 6, 10]",1308.5,"[14, 0, 2, 4, 9, 5, 18, 13, 8, 17, 7, 11, 1, 19, 12, 15, 16, 3, 6, 10]",1308.5,8.562026500701904
"[14, 0, 2, 4, 9, 5, 18, 13, 8, 17, 7, 11, 1, 19, 12, 15, 16, 3, 6, 10]",1308.5,"[14, 0, 2, 4, 9, 5, 18, 13, 8, 17, 7, 11, 1, 19, 12, 15, 16, 3, 6, 10]",1308.5,8.630032539367676
"[14, 0, 2, 4, 9, 5, 18, 13, 8, 17, 7, 11, 1, 19, 12, 15, 16, 3, 6, 10]",1308.5,"[14, 0, 2, 4, 9, 5, 18, 13, 8, 17, 7, 11, 1, 19, 12, 15, 16, 3, 6, 10]",1308.5,8.69801640510559
"[14, 0, 2, 4, 9, 5, 18, 13, 8, 17, 7, 11, 1, 19, 12, 15, 16, 3, 6, 10]",1308.5,"[14, 0, 2, 4, 9, 5, 18, 13, 8, 17, 7, 11, 1, 19, 12, 15, 16, 3, 6, 10]",1308.5,8.759016513824463
"[14, 0, 2, 4, 9, 5, 18, 13, 8, 17, 7, 11, 1, 19, 12, 15, 16, 3, 6, 10]",1308.5,"[14, 0, 2, 4, 9, 5, 18, 13, 8, 17, 7, 11, 1, 19, 12, 15, 16, 3, 6, 10]",1308.5,8.819016456604004
"[14, 0, 2, 4, 9, 5, 18, 13, 8, 17, 7, 11, 1, 19, 12, 15, 16, 3, 6, 10]",1308.5,"[14, 0, 2, 4, 9, 5, 18, 13, 8, 17, 7, 11, 1, 19, 12, 15, 16, 3, 6, 10]",1308.5,8.881023168563843
"[14, 0, 2, 4, 9, 5, 18, 13, 8, 17, 7, 11, 1, 19, 12, 15, 16, 3, 6, 10]",1308.5,"[14, 0, 2, 4, 9, 5, 18, 13, 8, 17, 7, 11, 1, 19, 12, 15, 16, 3, 6, 10]",1308.5,8.94602918624878
"[14, 0, 2, 4, 9, 5, 18, 13, 8, 17, 7, 11, 1, 19, 12, 15, 16, 3, 6, 10]",1308.5,"[14, 0, 2, 4, 9, 5, 18, 13, 8, 17, 7, 11, 1, 19, 12, 15, 16, 3, 6, 10]",1308.5,9.037024021148682
"[14, 0, 2, 4, 9, 5, 18, 13, 8, 17, 7, 11, 1, 19, 12, 15, 16, 3, 6, 10]",1308.5,"[14, 0, 2, 4, 9, 5, 18, 13, 8, 17, 7, 11, 1, 19, 12, 15, 16, 3, 6, 10]",1308.5,9.102023601531982
"[14, 0, 2, 4, 9, 5, 18, 13, 8, 17, 7, 11, 1, 19, 12, 15, 16, 3, 6, 10]",1308.5,"[14, 0, 2, 4, 9, 5, 18, 13, 8, 17, 7, 11, 1, 19, 12, 15, 16, 3, 6, 10]",1308.5,9.163061618804932
"[14, 0, 2, 4, 9, 5, 18, 13, 8, 17, 7, 11, 1, 19, 12, 15, 16, 3, 6, 10]",1308.5,"[14, 0, 2, 4, 9, 5, 18, 13, 8, 17, 7, 11, 1, 19, 12, 15, 16, 3, 6, 10]",1308.5,9.224025249481201
"[14, 0, 2, 4, 9, 5, 18, 13, 8, 17, 7, 11, 1, 19, 12, 15, 16, 3, 6, 10]",1308.5,"[14, 0, 2, 4, 9, 5, 18, 13, 8, 17, 7, 11, 1, 19, 12, 15, 16, 3, 6, 10]",1308.5,9.287030220031738
"[14, 0, 2, 4, 9, 5, 18, 13, 8, 17, 7, 11, 1, 19, 12, 15, 16, 3, 6, 10]",1308.5,"[14, 0, 2, 4, 9, 5, 18, 13, 8, 17, 7, 11, 1, 19, 12, 15, 16, 3, 6, 10]",1308.5,9.350028038024902
"[14, 0, 2, 4, 9, 5, 18, 13, 8, 17, 7, 11, 1, 19, 12, 15, 16, 3, 6, 10]",1308.5,"[14, 0, 2, 4, 9, 5, 18, 13, 8, 17, 7, 11, 1, 19, 12, 15, 16, 3, 6, 10]",1308.5,9.413027286529541
"[14, 0, 2, 4, 9, 5, 18, 13, 8, 17, 7, 11, 1, 19, 12, 15, 16, 3, 6, 10]",1308.5,"[14, 0, 2, 4, 9, 5, 18, 13, 8, 17, 7, 11, 1, 19, 12, 15, 16, 3, 6, 10]",1308.5,9.47403073310852
"[14, 0, 2, 4, 9, 5, 18, 13, 8, 17, 7, 11, 1, 19, 12, 15, 16, 3, 6, 10]",1308.5,"[14, 0, 2, 4, 9, 5, 18, 13, 8, 17, 7, 11, 1, 19, 12, 15, 16, 3, 6, 10]",1308.5,9.534026622772217
"[14, 0, 2, 4, 9, 5, 18, 13, 8, 17, 7, 11, 1, 19, 12, 15, 16, 3, 6, 10]",1308.5,"[14, 0, 2, 4, 9, 5, 18, 13, 8, 17, 7, 11, 1, 19, 12, 15, 16, 3, 6, 10]",1308.5,9.595029354095459
"[14, 0, 2, 4, 9, 5, 18, 13, 8, 17, 7, 11, 1, 19, 12, 15, 16, 3, 6, 10]",1308.5,"[14, 0, 2, 4, 9, 5, 18, 13, 8, 17, 7, 11, 1, 19, 12, 15, 16, 3, 6, 10]",1308.5,9.656031131744385
"[14, 0, 2, 4, 9, 5, 18, 13, 8, 17, 7, 11, 1, 19, 12, 15, 16, 3, 6, 10]",1308.5,"[14, 0, 2, 4, 9, 5, 18, 13, 8, 17, 7, 11, 1, 19, 12, 15, 16, 3, 6, 10]",1308.5,9.716030597686768
"[14, 0, 2, 4, 9, 5, 18, 13, 8, 17, 7, 11, 1, 19, 12, 15, 16, 3, 6, 10]",1308.5,"[14, 0, 2, 4, 9, 5, 18, 13, 8, 17, 7, 11, 1, 19, 12, 15, 16, 3, 6, 10]",1308.5,9.77503228187561
"[14, 0, 2, 4, 9, 5, 18, 13, 8, 17, 7, 11, 1, 19, 12, 15, 16, 3, 6, 10]",1308.5,"[14, 0, 2, 4, 9, 5, 18, 13, 8, 17, 7, 11, 1, 19, 12, 15, 16, 3, 6, 10]",1308.5,9.836031913757324
"[14, 0, 2, 4, 9, 5, 18, 13, 8, 17, 7, 11, 1, 19, 12, 15, 16, 3, 6, 10]",1308.5,"[14, 0, 2, 4, 9, 5, 18, 13, 8, 17, 7, 11, 1, 19, 12, 15, 16, 3, 6, 10]",1308.5,9.897073984146118
"[14, 0, 2, 4, 9, 5, 18, 13, 8, 17, 7, 11, 1, 19, 12, 15, 16, 3, 6, 10]",1308.5,"[14, 0, 2, 4, 9, 5, 18, 13, 8, 17, 7, 11, 1, 19, 12, 15, 16, 3, 6, 10]",1308.5,9.959034204483032
"[14, 0, 2, 4, 9, 5, 18, 13, 8, 17, 7, 11, 1, 19, 12, 15, 16, 3, 6, 10]",1308.5,"[14, 0, 2, 4, 9, 5, 18, 13, 8, 17, 7, 11, 1, 19, 12, 15, 16, 3, 6, 10]",1308.5,10.020034074783325
"[14, 0, 2, 4, 9, 5, 18, 13, 8, 17, 7, 11, 1, 19, 12, 15, 16, 3, 6, 10]",1308.5,"[14, 0, 2, 4, 9, 5, 18, 13, 8, 17, 7, 11, 1, 19, 12, 15, 16, 3, 6, 10]",1308.5,10.080038070678711
"[14, 0, 2, 4, 9, 5, 18, 13, 8, 17, 7, 11, 1, 19, 12, 15, 16, 3, 6, 10]",1308.5,"[14, 0, 2, 4, 9, 5, 18, 13, 8, 17, 7, 11, 1, 19, 12, 15, 16, 3, 6, 10]",1308.5,10.140040874481201
"[14, 0, 2, 4, 9, 5, 18, 13, 8, 17, 7, 11, 1, 19, 12, 15, 16, 3, 6, 10]",1308.5,"[14, 0, 2, 4, 9, 5, 18, 13, 8, 17, 7, 11, 1, 19, 12, 15, 16, 3, 6, 10]",1308.5,10.20104193687439
"[14, 0, 2, 4, 9, 5, 18, 13, 8, 17, 7, 11, 1, 19, 12, 15, 16, 3, 6, 10]",1308.5,"[14, 0, 2, 4, 9, 5, 18, 13, 8, 17, 7, 11, 1, 19, 12, 15, 16, 3, 6, 10]",1308.5,10.263041019439697
"[14, 0, 2, 4, 9, 5, 18, 13, 8, 17, 7, 11, 1, 19, 12, 15, 16, 3, 6, 10]",1308.5,"[14, 0, 2, 4, 9, 5, 18, 13, 8, 17, 7, 11, 1, 19, 12, 15, 16, 3, 6, 10]",1308.5,10.324040412902832
"[14, 0, 2, 4, 9, 5, 18, 13, 8, 17, 7, 11, 1, 19, 12, 15, 16, 3, 6, 10]",1308.5,"[14, 0, 2, 4, 9, 5, 18, 13, 8, 17, 7, 11, 1, 19, 12, 15, 16, 3, 6, 10]",1308.5,10.384047269821167
"[14, 0, 2, 4, 9, 5, 18, 13, 8, 17, 7, 11, 1, 19, 12, 15, 16, 3, 6, 10]",1308.5,"[14, 0, 2, 4, 9, 5, 18, 13, 8, 17, 7, 11, 1, 19, 12, 15, 16, 3, 6, 10]",1308.5,10.445045948028564
"[14, 0, 2, 4, 9, 5, 18, 13, 8, 17, 7, 11, 1, 19, 12, 15, 16, 3, 6, 10]",1308.5,"[14, 0, 2, 4, 9, 5, 18, 13, 8, 17, 7, 11, 1, 19, 12, 15, 16, 3, 6, 10]",1308.5,10.507042646408081
"[14, 0, 2, 4, 9, 5, 18, 13, 8, 17, 7, 11, 1, 19, 12, 15, 16, 3, 6, 10]",1308.5,"[14, 0, 2, 4, 9, 5, 18, 13, 8, 17, 7, 11, 1, 19, 12, 15, 16, 3, 6, 10]",1308.5,10.572234153747559
"[14, 0, 2, 4, 9, 5, 18, 13, 8, 17, 7, 11, 1, 19, 12, 15, 16, 3, 6, 10]",1308.5,"[14, 0, 2, 4, 9, 5, 18, 13, 8, 17, 7, 11, 1, 19, 12, 15, 16, 3, 6, 10]",1308.5,10.639240503311157
"[14, 0, 2, 4, 9, 5, 18, 13, 8, 17, 7, 11, 1, 19, 12, 15, 16, 3, 6, 10]",1308.5,"[14, 0, 2, 4, 9, 5, 18, 13, 8, 17, 7, 11, 1, 19, 12, 15, 16, 3, 6, 10]",1308.5,10.705533027648926
"[14, 0, 2, 4, 9, 5, 18, 13, 8, 17, 7, 11, 1, 19, 12, 15, 16, 3, 6, 10]",1308.5,"[14, 0, 2, 4, 9, 5, 18, 13, 8, 17, 7, 11, 1, 19, 12, 15, 16, 3, 6, 10]",1308.5,10.768052577972412
"[14, 0, 2, 4, 9, 5, 18, 13, 8, 17, 7, 11, 1, 19, 12, 15, 16, 3, 6, 10]",1308.5,"[14, 0, 2, 4, 9, 5, 18, 13, 8, 17, 7, 11, 1, 19, 12, 15, 16, 3, 6, 10]",1308.5,10.832242250442505
"[14, 0, 2, 4, 9, 5, 18, 13, 8, 17, 7, 11, 1, 19, 12, 15, 16, 3, 6, 10]",1308.5,"[14, 0, 2, 4, 9, 5, 18, 13, 8, 17, 7, 11, 1, 19, 12, 15, 16, 3, 6, 10]",1308.5,10.893113374710083
"[14, 0, 2, 4, 9, 5, 18, 13, 8, 17, 7, 11, 1, 19, 12, 15, 16, 3, 6, 10]",1308.5,"[14, 0, 2, 4, 9, 5, 18, 13, 8, 17, 7, 11, 1, 19, 12, 15, 16, 3, 6, 10]",1308.5,10.955049753189087
"[14, 0, 2, 4, 9, 5, 18, 13, 8, 17, 7, 11, 1, 19, 12, 15, 16, 3, 6, 10]",1308.5,"[14, 0, 2, 4, 9, 5, 18, 13, 8, 17, 7, 11, 1, 19, 12, 15, 16, 3, 6, 10]",1308.5,11.015052556991577
"[14, 0, 2, 4, 9, 5, 18, 13, 8, 17, 7, 11, 1, 19, 12, 15, 16, 3, 6, 10]",1308.5,"[14, 0, 2, 4, 9, 5, 18, 13, 8, 17, 7, 11, 1, 19, 12, 15, 16, 3, 6, 10]",1308.5,11.075052499771118
"[14, 0, 2, 4, 9, 5, 18, 13, 8, 17, 7, 11, 1, 19, 12, 15, 16, 3, 6, 10]",1308.5,"[14, 0, 2, 4, 9, 5, 18, 13, 8, 17, 7, 11, 1, 19, 12, 15, 16, 3, 6, 10]",1308.5,11.136056423187256
"[14, 0, 2, 4, 9, 5, 18, 13, 8, 17, 7, 11, 1, 19, 12, 15, 16, 3, 6, 10]",1308.5,"[14, 0, 2, 4, 9, 5, 18, 13, 8, 17, 7, 11, 1, 19, 12, 15, 16, 3, 6, 10]",1308.5,11.199054479598999
"[14, 0, 2, 4, 9, 5, 18, 13, 8, 17, 7, 11, 1, 19, 12, 15, 16, 3, 6, 10]",1308.5,"[14, 0, 2, 4, 9, 5, 18, 13, 8, 17, 7, 11, 1, 19, 12, 15, 16, 3, 6, 10]",1308.5,11.260056972503662
"[14, 0, 2, 4, 9, 5, 18, 13, 8, 17, 7, 11, 1, 19, 12, 15, 16, 3, 6, 10]",1308.5,"[14, 0, 2, 4, 9, 5, 18, 13, 8, 17, 7, 11, 1, 19, 12, 15, 16, 3, 6, 10]",1308.5,11.325057983398438
"[14, 0, 2, 4, 9, 5, 18, 13, 8, 17, 7, 11, 1, 19, 12, 15, 16, 3, 6, 10]",1308.5,"[14, 0, 2, 4, 9, 5, 18, 13, 8, 17, 7, 11, 1, 19, 12, 15, 16, 3, 6, 10]",1308.5,11.389061450958252
"[14, 0, 2, 4, 9, 5, 18, 13, 8, 17, 7, 11, 1, 19, 12, 15, 16, 3, 6, 10]",1308.5,"[14, 0, 2, 4, 9, 5, 18, 13, 8, 17, 7, 11, 1, 19, 12, 15, 16, 3, 6, 10]",1308.5,11.45006012916565
"[14, 0, 2, 4, 9, 5, 18, 13, 8, 17, 7, 11, 1, 19, 12, 15, 16, 3, 6, 10]",1308.5,"[14, 0, 2, 4, 9, 5, 18, 13, 8, 17, 7, 11, 1, 19, 12, 15, 16, 3, 6, 10]",1308.5,11.510058641433716
"[14, 0, 2, 4, 9, 5, 18, 13, 8, 17, 7, 11, 1, 19, 12, 15, 16, 3, 6, 10]",1308.5,"[14, 0, 2, 4, 9, 5, 18, 13, 8, 17, 7, 11, 1, 19, 12, 15, 16, 3, 6, 10]",1308.5,11.568062782287598
"[14, 0, 2, 4, 9, 5, 18, 13, 8, 17, 7, 11, 1, 19, 12, 15, 16, 3, 6, 10]",1308.5,"[14, 0, 2, 4, 9, 5, 18, 13, 8, 17, 7, 11, 1, 19, 12, 15, 16, 3, 6, 10]",1308.5,11.627065420150757
"[14, 0, 2, 4, 9, 5, 18, 13, 8, 17, 7, 11, 1, 19, 12, 15, 16, 3, 6, 10]",1308.5,"[14, 0, 2, 4, 9, 5, 18, 13, 8, 17, 7, 11, 1, 19, 12, 15, 16, 3, 6, 10]",1308.5,11.690064907073975
"[14, 0, 2, 4, 9, 5, 18, 13, 8, 17, 7, 11, 1, 19, 12, 15, 16, 3, 6, 10]",1308.5,"[14, 0, 2, 4, 9, 5, 18, 13, 8, 17, 7, 11, 1, 19, 12, 15, 16, 3, 6, 10]",1308.5,11.750063419342041
"[14, 0, 2, 4, 9, 5, 18, 13, 8, 17, 7, 11, 1, 19, 12, 15, 16, 3, 6, 10]",1308.5,"[14, 0, 2, 4, 9, 5, 18, 13, 8, 17, 7, 11, 1, 19, 12, 15, 16, 3, 6, 10]",1308.5,11.809065103530884
"[14, 0, 2, 4, 9, 5, 18, 13, 8, 17, 7, 11, 1, 19, 12, 15, 16, 3, 6, 10]",1308.5,"[14, 0, 2, 4, 9, 5, 18, 13, 8, 17, 7, 11, 1, 19, 12, 15, 16, 3, 6, 10]",1308.5,11.870070934295654
"[14, 0, 2, 4, 9, 5, 18, 13, 8, 17, 7, 11, 1, 19, 12, 15, 16, 3, 6, 10]",1308.5,"[14, 0, 2, 4, 9, 5, 18, 13, 8, 17, 7, 11, 1, 19, 12, 15, 16, 3, 6, 10]",1308.5,11.933069705963135
"[14, 0, 2, 4, 9, 5, 18, 13, 8, 17, 7, 11, 1, 19, 12, 15, 16, 3, 6, 10]",1308.5,"[14, 0, 2, 4, 9, 5, 18, 13, 8, 17, 7, 11, 1, 19, 12, 15, 16, 3, 6, 10]",1308.5,11.994072198867798
"[14, 0, 2, 4, 9, 5, 18, 13, 8, 17, 7, 11, 1, 19, 12, 15, 16, 3, 6, 10]",1308.5,"[14, 0, 2, 4, 9, 5, 18, 13, 8, 17, 7, 11, 1, 19, 12, 15, 16, 3, 6, 10]",1308.5,12.056072473526001
"[14, 0, 2, 4, 9, 5, 18, 13, 8, 17, 7, 11, 1, 19, 12, 15, 16, 3, 6, 10]",1308.5,"[14, 0, 2, 4, 9, 5, 18, 13, 8, 17, 7, 11, 1, 19, 12, 15, 16, 3, 6, 10]",1308.5,12.120073795318604
"[14, 0, 2, 4, 9, 5, 18, 13, 8, 17, 7, 11, 1, 19, 12, 15, 16, 3, 6, 10]",1308.5,"[14, 0, 2, 4, 9, 5, 18, 13, 8, 17, 7, 11, 1, 19, 12, 15, 16, 3, 6, 10]",1308.5,12.182078838348389
"[14, 0, 2, 4, 9, 5, 18, 13, 8, 17, 7, 11, 1, 19, 12, 15, 16, 3, 6, 10]",1308.5,"[14, 0, 2, 4, 9, 5, 18, 13, 8, 17, 7, 11, 1, 19, 12, 15, 16, 3, 6, 10]",1308.5,12.244073867797852
"[14, 0, 2, 4, 9, 5, 18, 13, 8, 17, 7, 11, 1, 19, 12, 15, 16, 3, 6, 10]",1308.5,"[14, 0, 2, 4, 9, 5, 18, 13, 8, 17, 7, 11, 1, 19, 12, 15, 16, 3, 6, 10]",1308.5,12.308078289031982
"[14, 0, 2, 4, 9, 5, 18, 13, 8, 17, 7, 11, 1, 19, 12, 15, 16, 3, 6, 10]",1308.5,"[14, 0, 2, 4, 9, 5, 18, 13, 8, 17, 7, 11, 1, 19, 12, 15, 16, 3, 6, 10]",1308.5,12.368080854415894
"[14, 0, 2, 4, 9, 5, 18, 13, 8, 17, 7, 11, 1, 19, 12, 15, 16, 3, 6, 10]",1308.5,"[14, 0, 2, 4, 9, 5, 18, 13, 8, 17, 7, 11, 1, 19, 12, 15, 16, 3, 6, 10]",1308.5,12.434085130691528
"[14, 0, 2, 4, 9, 5, 18, 13, 8, 17, 7, 11, 1, 19, 12, 15, 16, 3, 6, 10]",1308.5,"[14, 0, 2, 4, 9, 5, 18, 13, 8, 17, 7, 11, 1, 19, 12, 15, 16, 3, 6, 10]",1308.5,12.502078771591187
"[14, 0, 2, 4, 9, 5, 18, 13, 8, 17, 7, 11, 1, 19, 12, 15, 16, 3, 6, 10]",1308.5,"[14, 0, 2, 4, 9, 5, 18, 13, 8, 17, 7, 11, 1, 19, 12, 15, 16, 3, 6, 10]",1308.5,12.561086893081665
"[14, 0, 2, 4, 9, 5, 18, 13, 8, 17, 7, 11, 1, 19, 12, 15, 16, 3, 6, 10]",1308.5,"[14, 0, 2, 4, 9, 5, 18, 13, 8, 17, 7, 11, 1, 19, 12, 15, 16, 3, 6, 10]",1308.5,12.62108325958252
