Sequence,Fitness,Best_sequence,Best_fitness,Time
"[3, 16, 6, 10, 2, 14, 4, 17, 7, 1, 13, 0, 19, 18, 9, 15, 8, 12, 11, 5]",3055,"[3, 16, 6, 10, 2, 14, 4, 17, 7, 1, 13, 0, 19, 18, 9, 15, 8, 12, 11, 5]",3055,0.00041604042053222656
"[15, 8, 16, 3, 19, 17, 5, 6, 0, 12, 1, 9, 13, 7, 4, 2, 14, 10, 11, 18]",2884,"[3, 16, 6, 10, 2, 14, 4, 17, 7, 1, 13, 0, 19, 18, 9, 15, 8, 12, 11, 5]",3055,0.02621626853942871
"[4, 2, 18, 12, 11, 19, 5, 6, 14, 7, 15, 9, 10, 3, 13, 16, 8, 17, 0, 1]",2904,"[15, 8, 16, 3, 19, 17, 5, 6, 0, 12, 1, 9, 13, 7, 4, 2, 14, 10, 11, 18]",2884,0.05318117141723633
"[10, 14, 5, 6, 18, 1, 8, 7, 19, 15, 4, 0, 2, 9, 3, 13, 16, 12, 11, 17]",3093,"[15, 8, 16, 3, 19, 17, 5, 6, 0, 12, 1, 9, 13, 7, 4, 2, 14, 10, 11, 18]",2884,0.07775115966796875
"[15, 17, 1, 16, 14, 13, 18, 3, 12, 9, 11, 19, 10, 2, 0, 8, 6, 5, 4, 7]",2979,"[15, 8, 16, 3, 19, 17, 5, 6, 0, 12, 1, 9, 13, 7, 4, 2, 14, 10, 11, 18]",2884,0.10338711738586426
"[10, 1, 17, 11, 12, 9, 14, 18, 8, 7, 16, 2, 15, 5, 4, 6, 19, 0, 3, 13]",3117,"[15, 8, 16, 3, 19, 17, 5, 6, 0, 12, 1, 9, 13, 7, 4, 2, 14, 10, 11, 18]",2884,0.12732744216918945
"[9, 3, 15, 5, 18, 6, 17, 14, 8, 11, 1, 19, 10, 0, 2, 12, 16, 4, 13, 7]",3072,"[15, 8, 16, 3, 19, 17, 5, 6, 0, 12, 1, 9, 13, 7, 4, 2, 14, 10, 11, 18]",2884,0.15289711952209473
"[4, 3, 17, 5, 19, 8, 13, 11, 14, 0, 6, 10, 16, 7, 15, 12, 2, 1, 18, 9]",2890,"[15, 8, 16, 3, 19, 17, 5, 6, 0, 12, 1, 9, 13, 7, 4, 2, 14, 10, 11, 18]",2884,0.17764616012573242
"[11, 14, 3, 8, 6, 18, 9, 12, 7, 0, 19, 4, 17, 15, 2, 1, 13, 5, 16, 10]",2932,"[15, 8, 16, 3, 19, 17, 5, 6, 0, 12, 1, 9, 13, 7, 4, 2, 14, 10, 11, 18]",2884,0.2035520076751709
"[10, 3, 16, 1, 0, 4, 12, 5, 7, 2, 9, 15, 19, 17, 8, 18, 6, 11, 13, 14]",2966,"[15, 8, 16, 3, 19, 17, 5, 6, 0, 12, 1, 9, 13, 7, 4, 2, 14, 10, 11, 18]",2884,0.2298111915588379
"[5, 12, 1, 18, 9, 11, 6, 2, 4, 3, 10, 0, 7, 16, 14, 8, 13, 15, 19, 17]",3105,"[15, 8, 16, 3, 19, 17, 5, 6, 0, 12, 1, 9, 13, 7, 4, 2, 14, 10, 11, 18]",2884,0.25672030448913574
"[6, 15, 19, 9, 14, 5, 4, 11, 17, 3, 8, 10, 18, 7, 12, 13, 0, 16, 2, 1]",3218,"[15, 8, 16, 3, 19, 17, 5, 6, 0, 12, 1, 9, 13, 7, 4, 2, 14, 10, 11, 18]",2884,0.29743313789367676
"[1, 9, 0, 2, 8, 4, 5, 13, 7, 6, 18, 16, 3, 11, 14, 15, 19, 10, 17, 12]",2929,"[15, 8, 16, 3, 19, 17, 5, 6, 0, 12, 1, 9, 13, 7, 4, 2, 14, 10, 11, 18]",2884,0.32398414611816406
"[13, 11, 18, 10, 4, 12, 16, 9, 8, 2, 19, 14, 1, 17, 7, 15, 6, 5, 3, 0]",3161,"[15, 8, 16, 3, 19, 17, 5, 6, 0, 12, 1, 9, 13, 7, 4, 2, 14, 10, 11, 18]",2884,0.3524191379547119
"[16, 8, 5, 15, 4, 2, 18, 0, 11, 19, 10, 9, 13, 6, 12, 1, 3, 7, 17, 14]",2972,"[15, 8, 16, 3, 19, 17, 5, 6, 0, 12, 1, 9, 13, 7, 4, 2, 14, 10, 11, 18]",2884,0.38093018531799316
"[2, 17, 12, 14, 1, 13, 6, 0, 18, 8, 3, 5, 7, 4, 11, 10, 15, 19, 9, 16]",2789,"[15, 8, 16, 3, 19, 17, 5, 6, 0, 12, 1, 9, 13, 7, 4, 2, 14, 10, 11, 18]",2884,0.4090251922607422
"[0, 1, 13, 2, 4, 3, 16, 19, 9, 7, 10, 8, 17, 15, 11, 6, 5, 12, 14, 18]",3208,"[2, 17, 12, 14, 1, 13, 6, 0, 18, 8, 3, 5, 7, 4, 11, 10, 15, 19, 9, 16]",2789,0.4368140697479248
"[3, 13, 14, 12, 7, 0, 6, 17, 19, 15, 4, 9, 18, 8, 10, 11, 1, 2, 5, 16]",3135,"[2, 17, 12, 14, 1, 13, 6, 0, 18, 8, 3, 5, 7, 4, 11, 10, 15, 19, 9, 16]",2789,0.4645371437072754
"[11, 15, 5, 1, 9, 8, 18, 10, 14, 4, 13, 19, 17, 16, 7, 12, 6, 3, 2, 0]",3145,"[2, 17, 12, 14, 1, 13, 6, 0, 18, 8, 3, 5, 7, 4, 11, 10, 15, 19, 9, 16]",2789,0.49185633659362793
"[7, 16, 6, 5, 8, 1, 17, 15, 3, 14, 0, 4, 18, 11, 10, 2, 12, 13, 19, 9]",2964,"[2, 17, 12, 14, 1, 13, 6, 0, 18, 8, 3, 5, 7, 4, 11, 10, 15, 19, 9, 16]",2789,0.5183992385864258
"[7, 6, 15, 5, 1, 18, 0, 17, 19, 10, 9, 3, 2, 12, 8, 11, 16, 14, 13, 4]",2947,"[2, 17, 12, 14, 1, 13, 6, 0, 18, 8, 3, 5, 7, 4, 11, 10, 15, 19, 9, 16]",2789,0.5458681583404541
"[3, 19, 6, 9, 1, 4, 0, 15, 17, 8, 13, 14, 10, 11, 12, 18, 2, 5, 16, 7]",2920,"[2, 17, 12, 14, 1, 13, 6, 0, 18, 8, 3, 5, 7, 4, 11, 10, 15, 19, 9, 16]",2789,0.5723731517791748
"[12, 5, 8, 16, 15, 9, 10, 2, 18, 1, 17, 13, 3, 19, 7, 4, 14, 0, 6, 11]",3040,"[2, 17, 12, 14, 1, 13, 6, 0, 18, 8, 3, 5, 7, 4, 11, 10, 15, 19, 9, 16]",2789,0.5992271900177002
"[15, 1, 3, 19, 4, 2, 13, 17, 9, 8, 10, 12, 11, 16, 0, 5, 7, 14, 18, 6]",3037,"[2, 17, 12, 14, 1, 13, 6, 0, 18, 8, 3, 5, 7, 4, 11, 10, 15, 19, 9, 16]",2789,0.6255931854248047
"[12, 3, 0, 7, 14, 13, 2, 16, 8, 4, 6, 18, 17, 15, 19, 5, 11, 9, 10, 1]",3089,"[2, 17, 12, 14, 1, 13, 6, 0, 18, 8, 3, 5, 7, 4, 11, 10, 15, 19, 9, 16]",2789,0.6514990329742432
"[1, 5, 9, 14, 7, 17, 0, 10, 18, 3, 15, 2, 11, 6, 8, 4, 16, 13, 12, 19]",2868,"[2, 17, 12, 14, 1, 13, 6, 0, 18, 8, 3, 5, 7, 4, 11, 10, 15, 19, 9, 16]",2789,0.6780412197113037
"[6, 17, 2, 10, 7, 4, 1, 9, 13, 19, 8, 3, 14, 15, 11, 12, 0, 16, 5, 18]",3032,"[2, 17, 12, 14, 1, 13, 6, 0, 18, 8, 3, 5, 7, 4, 11, 10, 15, 19, 9, 16]",2789,0.7053172588348389
"[9, 3, 4, 2, 12, 8, 7, 18, 11, 16, 13, 5, 1, 15, 0, 19, 17, 6, 14, 10]",2763,"[2, 17, 12, 14, 1, 13, 6, 0, 18, 8, 3, 5, 7, 4, 11, 10, 15, 19, 9, 16]",2789,0.7318031787872314
"[10, 17, 15, 7, 2, 8, 5, 4, 0, 12, 1, 6, 18, 16, 3, 9, 14, 11, 13, 19]",2978,"[9, 3, 4, 2, 12, 8, 7, 18, 11, 16, 13, 5, 1, 15, 0, 19, 17, 6, 14, 10]",2763,0.7584872245788574
"[17, 2, 5, 18, 11, 16, 3, 9, 1, 19, 15, 6, 12, 7, 8, 13, 4, 14, 0, 10]",3073,"[9, 3, 4, 2, 12, 8, 7, 18, 11, 16, 13, 5, 1, 15, 0, 19, 17, 6, 14, 10]",2763,0.7850213050842285
"[18, 17, 8, 11, 3, 7, 1, 16, 13, 10, 2, 14, 15, 4, 12, 19, 9, 5, 0, 6]",3011,"[9, 3, 4, 2, 12, 8, 7, 18, 11, 16, 13, 5, 1, 15, 0, 19, 17, 6, 14, 10]",2763,0.811793327331543
"[0, 9, 4, 2, 17, 1, 5, 18, 10, 8, 6, 14, 13, 19, 3, 12, 16, 7, 15, 11]",2914,"[9, 3, 4, 2, 12, 8, 7, 18, 11, 16, 13, 5, 1, 15, 0, 19, 17, 6, 14, 10]",2763,0.8385672569274902
"[9, 3, 16, 5, 4, 15, 11, 18, 17, 6, 14, 1, 0, 12, 8, 2, 7, 13, 10, 19]",2934,"[9, 3, 4, 2, 12, 8, 7, 18, 11, 16, 13, 5, 1, 15, 0, 19, 17, 6, 14, 10]",2763,0.8667383193969727
"[9, 15, 10, 11, 13, 8, 7, 12, 18, 17, 6, 19, 3, 4, 5, 14, 2, 16, 1, 0]",3134,"[9, 3, 4, 2, 12, 8, 7, 18, 11, 16, 13, 5, 1, 15, 0, 19, 17, 6, 14, 10]",2763,0.892714262008667
"[9, 3, 18, 14, 19, 13, 11, 12, 15, 5, 4, 2, 16, 10, 1, 6, 17, 7, 8, 0]",3064,"[9, 3, 4, 2, 12, 8, 7, 18, 11, 16, 13, 5, 1, 15, 0, 19, 17, 6, 14, 10]",2763,0.9197702407836914
"[17, 0, 3, 2, 19, 11, 10, 8, 18, 14, 12, 5, 6, 4, 13, 16, 1, 9, 15, 7]",3045,"[9, 3, 4, 2, 12, 8, 7, 18, 11, 16, 13, 5, 1, 15, 0, 19, 17, 6, 14, 10]",2763,0.9463222026824951
"[16, 19, 8, 7, 4, 15, 9, 6, 13, 12, 5, 1, 14, 10, 0, 17, 2, 3, 18, 11]",3081,"[9, 3, 4, 2, 12, 8, 7, 18, 11, 16, 13, 5, 1, 15, 0, 19, 17, 6, 14, 10]",2763,0.9741439819335938
"[7, 10, 5, 13, 12, 11, 1, 2, 15, 6, 8, 17, 18, 4, 16, 3, 14, 9, 19, 0]",3143,"[9, 3, 4, 2, 12, 8, 7, 18, 11, 16, 13, 5, 1, 15, 0, 19, 17, 6, 14, 10]",2763,1.00014328956604
"[11, 19, 4, 5, 10, 18, 17, 9, 8, 16, 0, 14, 2, 12, 3, 15, 13, 7, 1, 6]",2986,"[9, 3, 4, 2, 12, 8, 7, 18, 11, 16, 13, 5, 1, 15, 0, 19, 17, 6, 14, 10]",2763,1.0262451171875
"[10, 15, 7, 12, 3, 16, 1, 13, 11, 5, 0, 18, 4, 6, 17, 2, 14, 8, 9, 19]",3191,"[9, 3, 4, 2, 12, 8, 7, 18, 11, 16, 13, 5, 1, 15, 0, 19, 17, 6, 14, 10]",2763,1.0536670684814453
"[1, 13, 3, 0, 11, 2, 19, 4, 12, 8, 14, 17, 15, 10, 16, 18, 6, 5, 7, 9]",3295,"[9, 3, 4, 2, 12, 8, 7, 18, 11, 16, 13, 5, 1, 15, 0, 19, 17, 6, 14, 10]",2763,1.080871343612671
"[18, 9, 15, 2, 13, 11, 0, 7, 4, 8, 17, 10, 1, 5, 6, 19, 16, 12, 14, 3]",3177,"[9, 3, 4, 2, 12, 8, 7, 18, 11, 16, 13, 5, 1, 15, 0, 19, 17, 6, 14, 10]",2763,1.1084132194519043
"[6, 2, 7, 15, 0, 19, 8, 18, 1, 16, 13, 14, 9, 17, 3, 10, 5, 12, 4, 11]",2993,"[9, 3, 4, 2, 12, 8, 7, 18, 11, 16, 13, 5, 1, 15, 0, 19, 17, 6, 14, 10]",2763,1.136343240737915
"[8, 12, 10, 11, 2, 16, 7, 15, 5, 14, 3, 13, 4, 9, 18, 1, 19, 0, 17, 6]",3003,"[9, 3, 4, 2, 12, 8, 7, 18, 11, 16, 13, 5, 1, 15, 0, 19, 17, 6, 14, 10]",2763,1.163492202758789
"[8, 11, 9, 10, 16, 14, 18, 17, 1, 3, 15, 4, 0, 6, 5, 2, 7, 12, 19, 13]",2962,"[9, 3, 4, 2, 12, 8, 7, 18, 11, 16, 13, 5, 1, 15, 0, 19, 17, 6, 14, 10]",2763,1.1917760372161865
"[12, 17, 19, 4, 8, 13, 16, 7, 18, 10, 14, 2, 3, 6, 15, 1, 5, 9, 11, 0]",3015,"[9, 3, 4, 2, 12, 8, 7, 18, 11, 16, 13, 5, 1, 15, 0, 19, 17, 6, 14, 10]",2763,1.2395520210266113
"[7, 10, 16, 14, 15, 8, 3, 12, 6, 11, 19, 18, 1, 2, 0, 17, 5, 13, 4, 9]",3010,"[9, 3, 4, 2, 12, 8, 7, 18, 11, 16, 13, 5, 1, 15, 0, 19, 17, 6, 14, 10]",2763,1.2659571170806885
"[6, 0, 4, 1, 3, 18, 16, 5, 17, 2, 9, 15, 7, 10, 19, 8, 11, 14, 12, 13]",3005,"[9, 3, 4, 2, 12, 8, 7, 18, 11, 16, 13, 5, 1, 15, 0, 19, 17, 6, 14, 10]",2763,1.2924911975860596
"[7, 5, 4, 3, 0, 17, 10, 2, 15, 11, 12, 16, 8, 9, 14, 6, 1, 19, 18, 13]",2912,"[9, 3, 4, 2, 12, 8, 7, 18, 11, 16, 13, 5, 1, 15, 0, 19, 17, 6, 14, 10]",2763,1.3196310997009277
"[8, 17, 15, 4, 19, 6, 14, 1, 12, 2, 18, 5, 11, 9, 3, 7, 10, 0, 16, 13]",3156,"[9, 3, 4, 2, 12, 8, 7, 18, 11, 16, 13, 5, 1, 15, 0, 19, 17, 6, 14, 10]",2763,1.3462812900543213
"[0, 5, 2, 17, 7, 14, 10, 9, 4, 6, 15, 16, 8, 12, 18, 13, 1, 19, 11, 3]",3167,"[9, 3, 4, 2, 12, 8, 7, 18, 11, 16, 13, 5, 1, 15, 0, 19, 17, 6, 14, 10]",2763,1.373894214630127
"[3, 6, 7, 13, 8, 16, 15, 10, 1, 4, 9, 5, 17, 12, 18, 19, 14, 0, 2, 11]",2979,"[9, 3, 4, 2, 12, 8, 7, 18, 11, 16, 13, 5, 1, 15, 0, 19, 17, 6, 14, 10]",2763,1.4008302688598633
"[12, 8, 5, 16, 11, 19, 9, 3, 4, 17, 18, 0, 6, 2, 1, 7, 14, 10, 15, 13]",2773,"[9, 3, 4, 2, 12, 8, 7, 18, 11, 16, 13, 5, 1, 15, 0, 19, 17, 6, 14, 10]",2763,1.4280130863189697
"[7, 15, 12, 1, 16, 8, 3, 10, 17, 0, 14, 11, 4, 6, 19, 5, 13, 18, 2, 9]",2975,"[9, 3, 4, 2, 12, 8, 7, 18, 11, 16, 13, 5, 1, 15, 0, 19, 17, 6, 14, 10]",2763,1.4564201831817627
"[16, 14, 15, 17, 19, 13, 12, 5, 1, 2, 3, 6, 7, 9, 4, 11, 10, 0, 8, 18]",3096,"[9, 3, 4, 2, 12, 8, 7, 18, 11, 16, 13, 5, 1, 15, 0, 19, 17, 6, 14, 10]",2763,1.4855961799621582
"[1, 19, 6, 7, 12, 17, 0, 16, 15, 2, 9, 5, 11, 4, 14, 13, 3, 10, 18, 8]",3152,"[9, 3, 4, 2, 12, 8, 7, 18, 11, 16, 13, 5, 1, 15, 0, 19, 17, 6, 14, 10]",2763,1.5167832374572754
"[7, 18, 5, 15, 1, 11, 9, 3, 17, 16, 4, 6, 19, 13, 0, 14, 8, 10, 12, 2]",2941,"[9, 3, 4, 2, 12, 8, 7, 18, 11, 16, 13, 5, 1, 15, 0, 19, 17, 6, 14, 10]",2763,1.546147108078003
"[19, 17, 10, 18, 5, 16, 12, 9, 3, 15, 14, 6, 4, 13, 1, 11, 8, 7, 0, 2]",3156,"[9, 3, 4, 2, 12, 8, 7, 18, 11, 16, 13, 5, 1, 15, 0, 19, 17, 6, 14, 10]",2763,1.5746140480041504
"[16, 9, 1, 8, 5, 2, 13, 7, 0, 3, 6, 10, 14, 12, 18, 17, 11, 15, 4, 19]",3109,"[9, 3, 4, 2, 12, 8, 7, 18, 11, 16, 13, 5, 1, 15, 0, 19, 17, 6, 14, 10]",2763,1.602271318435669
"[12, 19, 7, 11, 14, 5, 8, 13, 17, 4, 15, 1, 10, 18, 16, 2, 9, 6, 0, 3]",2939,"[9, 3, 4, 2, 12, 8, 7, 18, 11, 16, 13, 5, 1, 15, 0, 19, 17, 6, 14, 10]",2763,1.6324431896209717
"[9, 14, 19, 3, 7, 4, 11, 10, 17, 16, 6, 15, 12, 2, 8, 13, 5, 1, 18, 0]",3225,"[9, 3, 4, 2, 12, 8, 7, 18, 11, 16, 13, 5, 1, 15, 0, 19, 17, 6, 14, 10]",2763,1.660675048828125
"[12, 16, 18, 3, 1, 11, 9, 7, 5, 14, 6, 2, 19, 4, 15, 8, 0, 17, 10, 13]",3193,"[9, 3, 4, 2, 12, 8, 7, 18, 11, 16, 13, 5, 1, 15, 0, 19, 17, 6, 14, 10]",2763,1.6870691776275635
"[16, 7, 1, 0, 12, 14, 5, 3, 2, 6, 19, 18, 4, 9, 15, 8, 17, 10, 11, 13]",3145,"[9, 3, 4, 2, 12, 8, 7, 18, 11, 16, 13, 5, 1, 15, 0, 19, 17, 6, 14, 10]",2763,1.713637113571167
"[8, 15, 1, 18, 2, 12, 5, 16, 10, 3, 7, 4, 0, 11, 19, 9, 17, 14, 13, 6]",2995,"[9, 3, 4, 2, 12, 8, 7, 18, 11, 16, 13, 5, 1, 15, 0, 19, 17, 6, 14, 10]",2763,1.740889072418213
"[4, 2, 0, 6, 10, 13, 14, 5, 11, 12, 16, 19, 17, 8, 9, 7, 1, 15, 18, 3]",3023,"[9, 3, 4, 2, 12, 8, 7, 18, 11, 16, 13, 5, 1, 15, 0, 19, 17, 6, 14, 10]",2763,1.7681102752685547
"[18, 12, 2, 17, 1, 19, 11, 14, 3, 0, 6, 5, 10, 16, 8, 15, 9, 13, 4, 7]",2995,"[9, 3, 4, 2, 12, 8, 7, 18, 11, 16, 13, 5, 1, 15, 0, 19, 17, 6, 14, 10]",2763,1.794480323791504
"[1, 16, 12, 4, 9, 5, 0, 10, 2, 11, 14, 8, 6, 7, 13, 19, 17, 3, 18, 15]",3248,"[9, 3, 4, 2, 12, 8, 7, 18, 11, 16, 13, 5, 1, 15, 0, 19, 17, 6, 14, 10]",2763,1.8213722705841064
"[6, 14, 5, 17, 11, 1, 12, 0, 13, 3, 8, 7, 2, 19, 18, 9, 10, 15, 16, 4]",3036,"[9, 3, 4, 2, 12, 8, 7, 18, 11, 16, 13, 5, 1, 15, 0, 19, 17, 6, 14, 10]",2763,1.849703311920166
"[11, 13, 5, 10, 19, 7, 6, 18, 8, 16, 1, 0, 17, 12, 2, 4, 14, 9, 3, 15]",3018,"[9, 3, 4, 2, 12, 8, 7, 18, 11, 16, 13, 5, 1, 15, 0, 19, 17, 6, 14, 10]",2763,1.8781890869140625
"[0, 10, 5, 7, 16, 12, 13, 11, 3, 4, 18, 1, 2, 19, 14, 17, 9, 15, 6, 8]",3150,"[9, 3, 4, 2, 12, 8, 7, 18, 11, 16, 13, 5, 1, 15, 0, 19, 17, 6, 14, 10]",2763,1.904421329498291
"[0, 18, 1, 5, 12, 13, 6, 17, 7, 11, 2, 8, 19, 9, 3, 10, 16, 4, 15, 14]",3096,"[9, 3, 4, 2, 12, 8, 7, 18, 11, 16, 13, 5, 1, 15, 0, 19, 17, 6, 14, 10]",2763,1.9311442375183105
"[19, 12, 16, 3, 6, 0, 9, 15, 5, 11, 17, 1, 8, 18, 10, 13, 2, 7, 14, 4]",2989,"[9, 3, 4, 2, 12, 8, 7, 18, 11, 16, 13, 5, 1, 15, 0, 19, 17, 6, 14, 10]",2763,1.9577064514160156
"[14, 4, 1, 17, 19, 8, 9, 11, 10, 2, 13, 5, 6, 18, 16, 12, 15, 3, 7, 0]",3280,"[9, 3, 4, 2, 12, 8, 7, 18, 11, 16, 13, 5, 1, 15, 0, 19, 17, 6, 14, 10]",2763,1.9839751720428467
"[10, 2, 16, 5, 9, 0, 8, 19, 3, 17, 14, 6, 7, 18, 4, 1, 13, 15, 12, 11]",3116,"[9, 3, 4, 2, 12, 8, 7, 18, 11, 16, 13, 5, 1, 15, 0, 19, 17, 6, 14, 10]",2763,2.0101821422576904
"[14, 11, 6, 9, 12, 15, 16, 2, 5, 19, 1, 3, 7, 8, 17, 10, 4, 18, 13, 0]",3174,"[9, 3, 4, 2, 12, 8, 7, 18, 11, 16, 13, 5, 1, 15, 0, 19, 17, 6, 14, 10]",2763,2.036532402038574
"[6, 9, 5, 16, 10, 19, 3, 8, 2, 11, 0, 14, 12, 7, 13, 1, 15, 17, 18, 4]",2918,"[9, 3, 4, 2, 12, 8, 7, 18, 11, 16, 13, 5, 1, 15, 0, 19, 17, 6, 14, 10]",2763,2.06278133392334
"[10, 7, 13, 11, 6, 8, 17, 9, 16, 14, 1, 5, 15, 18, 0, 3, 12, 19, 2, 4]",3037,"[9, 3, 4, 2, 12, 8, 7, 18, 11, 16, 13, 5, 1, 15, 0, 19, 17, 6, 14, 10]",2763,2.0890722274780273
"[9, 13, 15, 5, 19, 3, 4, 18, 17, 6, 7, 16, 12, 2, 1, 14, 10, 11, 8, 0]",2876,"[9, 3, 4, 2, 12, 8, 7, 18, 11, 16, 13, 5, 1, 15, 0, 19, 17, 6, 14, 10]",2763,2.1133551597595215
"[3, 9, 14, 18, 11, 6, 16, 19, 10, 1, 4, 17, 8, 5, 13, 7, 12, 0, 15, 2]",3177,"[9, 3, 4, 2, 12, 8, 7, 18, 11, 16, 13, 5, 1, 15, 0, 19, 17, 6, 14, 10]",2763,2.137937307357788
"[15, 2, 14, 4, 11, 10, 18, 5, 1, 7, 12, 3, 9, 13, 19, 17, 6, 16, 0, 8]",3025,"[9, 3, 4, 2, 12, 8, 7, 18, 11, 16, 13, 5, 1, 15, 0, 19, 17, 6, 14, 10]",2763,2.162008047103882
"[15, 18, 9, 10, 4, 5, 17, 6, 12, 8, 11, 16, 0, 7, 14, 13, 19, 1, 2, 3]",3164,"[9, 3, 4, 2, 12, 8, 7, 18, 11, 16, 13, 5, 1, 15, 0, 19, 17, 6, 14, 10]",2763,2.1975672245025635
"[19, 12, 5, 4, 1, 9, 13, 6, 2, 3, 10, 15, 7, 11, 16, 18, 17, 14, 8, 0]",2960,"[9, 3, 4, 2, 12, 8, 7, 18, 11, 16, 13, 5, 1, 15, 0, 19, 17, 6, 14, 10]",2763,2.221452236175537
"[1, 16, 3, 12, 2, 10, 7, 17, 14, 15, 0, 18, 11, 13, 6, 8, 19, 9, 5, 4]",3165,"[9, 3, 4, 2, 12, 8, 7, 18, 11, 16, 13, 5, 1, 15, 0, 19, 17, 6, 14, 10]",2763,2.2450151443481445
"[0, 4, 11, 19, 18, 10, 13, 17, 14, 1, 15, 7, 8, 6, 3, 2, 16, 9, 5, 12]",3129,"[9, 3, 4, 2, 12, 8, 7, 18, 11, 16, 13, 5, 1, 15, 0, 19, 17, 6, 14, 10]",2763,2.268949031829834
"[13, 17, 14, 12, 1, 11, 9, 19, 16, 0, 3, 2, 7, 15, 8, 4, 5, 10, 6, 18]",3073,"[9, 3, 4, 2, 12, 8, 7, 18, 11, 16, 13, 5, 1, 15, 0, 19, 17, 6, 14, 10]",2763,2.2927732467651367
"[11, 10, 3, 4, 17, 7, 1, 16, 13, 12, 2, 5, 14, 19, 18, 8, 6, 9, 0, 15]",3172,"[9, 3, 4, 2, 12, 8, 7, 18, 11, 16, 13, 5, 1, 15, 0, 19, 17, 6, 14, 10]",2763,2.316366195678711
"[16, 12, 0, 7, 15, 13, 11, 4, 19, 9, 10, 5, 6, 8, 18, 2, 3, 14, 1, 17]",3130,"[9, 3, 4, 2, 12, 8, 7, 18, 11, 16, 13, 5, 1, 15, 0, 19, 17, 6, 14, 10]",2763,2.340944290161133
"[7, 5, 15, 8, 1, 19, 6, 16, 13, 10, 11, 4, 9, 17, 18, 2, 3, 14, 12, 0]",3303,"[9, 3, 4, 2, 12, 8, 7, 18, 11, 16, 13, 5, 1, 15, 0, 19, 17, 6, 14, 10]",2763,2.3676412105560303
"[10, 19, 15, 5, 8, 0, 2, 11, 17, 9, 14, 6, 1, 12, 16, 3, 7, 4, 18, 13]",3086,"[9, 3, 4, 2, 12, 8, 7, 18, 11, 16, 13, 5, 1, 15, 0, 19, 17, 6, 14, 10]",2763,2.392810344696045
"[0, 19, 15, 5, 16, 8, 12, 10, 17, 6, 13, 2, 18, 14, 11, 4, 3, 1, 7, 9]",2912,"[9, 3, 4, 2, 12, 8, 7, 18, 11, 16, 13, 5, 1, 15, 0, 19, 17, 6, 14, 10]",2763,2.417569160461426
"[9, 7, 8, 12, 2, 10, 17, 4, 6, 14, 1, 15, 5, 13, 0, 16, 3, 19, 11, 18]",3180,"[9, 3, 4, 2, 12, 8, 7, 18, 11, 16, 13, 5, 1, 15, 0, 19, 17, 6, 14, 10]",2763,2.44268798828125
"[3, 1, 16, 19, 9, 11, 13, 4, 17, 5, 12, 2, 8, 15, 7, 18, 6, 0, 10, 14]",2972,"[9, 3, 4, 2, 12, 8, 7, 18, 11, 16, 13, 5, 1, 15, 0, 19, 17, 6, 14, 10]",2763,2.467395067214966
"[10, 9, 16, 8, 19, 2, 7, 12, 3, 11, 15, 1, 6, 0, 5, 13, 14, 18, 17, 4]",2941,"[9, 3, 4, 2, 12, 8, 7, 18, 11, 16, 13, 5, 1, 15, 0, 19, 17, 6, 14, 10]",2763,2.493547201156616
"[6, 15, 18, 0, 8, 7, 16, 17, 14, 12, 1, 5, 19, 4, 11, 10, 13, 3, 9, 2]",3162,"[9, 3, 4, 2, 12, 8, 7, 18, 11, 16, 13, 5, 1, 15, 0, 19, 17, 6, 14, 10]",2763,2.5186522006988525
"[6, 9, 2, 0, 5, 13, 19, 1, 7, 17, 15, 18, 16, 12, 3, 14, 4, 11, 8, 10]",3222,"[9, 3, 4, 2, 12, 8, 7, 18, 11, 16, 13, 5, 1, 15, 0, 19, 17, 6, 14, 10]",2763,2.543720245361328
"[0, 2, 1, 11, 13, 9, 3, 6, 4, 19, 12, 7, 8, 5, 17, 15, 14, 10, 16, 18]",3077,"[9, 3, 4, 2, 12, 8, 7, 18, 11, 16, 13, 5, 1, 15, 0, 19, 17, 6, 14, 10]",2763,2.5690600872039795
"[10, 17, 1, 2, 9, 12, 6, 5, 15, 0, 7, 3, 8, 11, 14, 13, 16, 19, 18, 4]",3143,"[9, 3, 4, 2, 12, 8, 7, 18, 11, 16, 13, 5, 1, 15, 0, 19, 17, 6, 14, 10]",2763,2.594174385070801
"[4, 5, 17, 7, 16, 19, 6, 13, 18, 0, 10, 12, 14, 11, 9, 15, 8, 2, 1, 3]",2944,"[9, 3, 4, 2, 12, 8, 7, 18, 11, 16, 13, 5, 1, 15, 0, 19, 17, 6, 14, 10]",2763,2.620610237121582
"[8, 18, 2, 16, 12, 6, 14, 19, 13, 17, 11, 7, 0, 15, 9, 4, 1, 5, 10, 3]",3175,"[9, 3, 4, 2, 12, 8, 7, 18, 11, 16, 13, 5, 1, 15, 0, 19, 17, 6, 14, 10]",2763,2.6459813117980957
"[15, 6, 9, 4, 13, 10, 19, 8, 7, 3, 2, 18, 12, 5, 16, 1, 17, 14, 0, 11]",3088,"[9, 3, 4, 2, 12, 8, 7, 18, 11, 16, 13, 5, 1, 15, 0, 19, 17, 6, 14, 10]",2763,2.6705453395843506
"[19, 8, 7, 18, 16, 0, 4, 3, 9, 17, 10, 6, 2, 1, 14, 15, 11, 5, 12, 13]",3127,"[9, 3, 4, 2, 12, 8, 7, 18, 11, 16, 13, 5, 1, 15, 0, 19, 17, 6, 14, 10]",2763,2.6957852840423584
