Sequence,Fitness,Best_sequence,Best_fitness,Time
"[3, 16, 6, 10, 2, 14, 4, 17, 7, 1, 13, 0, 19, 18, 9, 15, 8, 12, 11, 5]",946,"[3, 16, 6, 10, 2, 14, 4, 17, 7, 1, 13, 0, 19, 18, 9, 15, 8, 12, 11, 5]",946,0.0001461505889892578
"[15, 8, 16, 3, 19, 17, 5, 6, 0, 12, 1, 9, 13, 7, 4, 2, 14, 10, 11, 18]",942,"[3, 16, 6, 10, 2, 14, 4, 17, 7, 1, 13, 0, 19, 18, 9, 15, 8, 12, 11, 5]",946,0.023550987243652344
"[4, 2, 18, 12, 11, 19, 5, 6, 14, 7, 15, 9, 10, 3, 13, 16, 8, 17, 0, 1]",935,"[15, 8, 16, 3, 19, 17, 5, 6, 0, 12, 1, 9, 13, 7, 4, 2, 14, 10, 11, 18]",942,0.04687213897705078
"[10, 14, 5, 6, 18, 1, 8, 7, 19, 15, 4, 0, 2, 9, 3, 13, 16, 12, 11, 17]",908,"[4, 2, 18, 12, 11, 19, 5, 6, 14, 7, 15, 9, 10, 3, 13, 16, 8, 17, 0, 1]",935,0.06836509704589844
"[15, 17, 1, 16, 14, 13, 18, 3, 12, 9, 11, 19, 10, 2, 0, 8, 6, 5, 4, 7]",911,"[10, 14, 5, 6, 18, 1, 8, 7, 19, 15, 4, 0, 2, 9, 3, 13, 16, 12, 11, 17]",908,0.09127497673034668
"[10, 1, 17, 11, 12, 9, 14, 18, 8, 7, 16, 2, 15, 5, 4, 6, 19, 0, 3, 13]",934,"[10, 14, 5, 6, 18, 1, 8, 7, 19, 15, 4, 0, 2, 9, 3, 13, 16, 12, 11, 17]",908,0.11311602592468262
"[9, 3, 15, 5, 18, 6, 17, 14, 8, 11, 1, 19, 10, 0, 2, 12, 16, 4, 13, 7]",914,"[10, 14, 5, 6, 18, 1, 8, 7, 19, 15, 4, 0, 2, 9, 3, 13, 16, 12, 11, 17]",908,0.13471007347106934
"[4, 3, 17, 5, 19, 8, 13, 11, 14, 0, 6, 10, 16, 7, 15, 12, 2, 1, 18, 9]",930,"[10, 14, 5, 6, 18, 1, 8, 7, 19, 15, 4, 0, 2, 9, 3, 13, 16, 12, 11, 17]",908,0.15616297721862793
"[11, 14, 3, 8, 6, 18, 9, 12, 7, 0, 19, 4, 17, 15, 2, 1, 13, 5, 16, 10]",934,"[10, 14, 5, 6, 18, 1, 8, 7, 19, 15, 4, 0, 2, 9, 3, 13, 16, 12, 11, 17]",908,0.1776270866394043
"[10, 3, 16, 1, 0, 4, 12, 5, 7, 2, 9, 15, 19, 17, 8, 18, 6, 11, 13, 14]",987,"[10, 14, 5, 6, 18, 1, 8, 7, 19, 15, 4, 0, 2, 9, 3, 13, 16, 12, 11, 17]",908,0.1999669075012207
"[5, 12, 1, 18, 9, 11, 6, 2, 4, 3, 10, 0, 7, 16, 14, 8, 13, 15, 19, 17]",931,"[10, 14, 5, 6, 18, 1, 8, 7, 19, 15, 4, 0, 2, 9, 3, 13, 16, 12, 11, 17]",908,0.2213129997253418
"[6, 15, 19, 9, 14, 5, 4, 11, 17, 3, 8, 10, 18, 7, 12, 13, 0, 16, 2, 1]",941,"[10, 14, 5, 6, 18, 1, 8, 7, 19, 15, 4, 0, 2, 9, 3, 13, 16, 12, 11, 17]",908,0.24207520484924316
"[1, 9, 0, 2, 8, 4, 5, 13, 7, 6, 18, 16, 3, 11, 14, 15, 19, 10, 17, 12]",931,"[10, 14, 5, 6, 18, 1, 8, 7, 19, 15, 4, 0, 2, 9, 3, 13, 16, 12, 11, 17]",908,0.2626650333404541
"[13, 11, 18, 10, 4, 12, 16, 9, 8, 2, 19, 14, 1, 17, 7, 15, 6, 5, 3, 0]",937,"[10, 14, 5, 6, 18, 1, 8, 7, 19, 15, 4, 0, 2, 9, 3, 13, 16, 12, 11, 17]",908,0.28395605087280273
"[16, 8, 5, 15, 4, 2, 18, 0, 11, 19, 10, 9, 13, 6, 12, 1, 3, 7, 17, 14]",984,"[10, 14, 5, 6, 18, 1, 8, 7, 19, 15, 4, 0, 2, 9, 3, 13, 16, 12, 11, 17]",908,0.3058950901031494
"[2, 17, 12, 14, 1, 13, 6, 0, 18, 8, 3, 5, 7, 4, 11, 10, 15, 19, 9, 16]",940,"[10, 14, 5, 6, 18, 1, 8, 7, 19, 15, 4, 0, 2, 9, 3, 13, 16, 12, 11, 17]",908,0.3287789821624756
"[0, 1, 13, 2, 4, 3, 16, 19, 9, 7, 10, 8, 17, 15, 11, 6, 5, 12, 14, 18]",933,"[10, 14, 5, 6, 18, 1, 8, 7, 19, 15, 4, 0, 2, 9, 3, 13, 16, 12, 11, 17]",908,0.3504490852355957
"[3, 13, 14, 12, 7, 0, 6, 17, 19, 15, 4, 9, 18, 8, 10, 11, 1, 2, 5, 16]",937,"[10, 14, 5, 6, 18, 1, 8, 7, 19, 15, 4, 0, 2, 9, 3, 13, 16, 12, 11, 17]",908,0.3718230724334717
"[11, 15, 5, 1, 9, 8, 18, 10, 14, 4, 13, 19, 17, 16, 7, 12, 6, 3, 2, 0]",937,"[10, 14, 5, 6, 18, 1, 8, 7, 19, 15, 4, 0, 2, 9, 3, 13, 16, 12, 11, 17]",908,0.39255285263061523
"[7, 16, 6, 5, 8, 1, 17, 15, 3, 14, 0, 4, 18, 11, 10, 2, 12, 13, 19, 9]",940,"[10, 14, 5, 6, 18, 1, 8, 7, 19, 15, 4, 0, 2, 9, 3, 13, 16, 12, 11, 17]",908,0.4129011631011963
"[7, 6, 15, 5, 1, 18, 0, 17, 19, 10, 9, 3, 2, 12, 8, 11, 16, 14, 13, 4]",914,"[10, 14, 5, 6, 18, 1, 8, 7, 19, 15, 4, 0, 2, 9, 3, 13, 16, 12, 11, 17]",908,0.4329829216003418
"[3, 19, 6, 9, 1, 4, 0, 15, 17, 8, 13, 14, 10, 11, 12, 18, 2, 5, 16, 7]",934,"[10, 14, 5, 6, 18, 1, 8, 7, 19, 15, 4, 0, 2, 9, 3, 13, 16, 12, 11, 17]",908,0.4645371437072754
"[12, 5, 8, 16, 15, 9, 10, 2, 18, 1, 17, 13, 3, 19, 7, 4, 14, 0, 6, 11]",981,"[10, 14, 5, 6, 18, 1, 8, 7, 19, 15, 4, 0, 2, 9, 3, 13, 16, 12, 11, 17]",908,0.4868490695953369
"[15, 1, 3, 19, 4, 2, 13, 17, 9, 8, 10, 12, 11, 16, 0, 5, 7, 14, 18, 6]",933,"[10, 14, 5, 6, 18, 1, 8, 7, 19, 15, 4, 0, 2, 9, 3, 13, 16, 12, 11, 17]",908,0.5069072246551514
"[12, 3, 0, 7, 14, 13, 2, 16, 8, 4, 6, 18, 17, 15, 19, 5, 11, 9, 10, 1]",947,"[10, 14, 5, 6, 18, 1, 8, 7, 19, 15, 4, 0, 2, 9, 3, 13, 16, 12, 11, 17]",908,0.5288259983062744
"[1, 5, 9, 14, 7, 17, 0, 10, 18, 3, 15, 2, 11, 6, 8, 4, 16, 13, 12, 19]",931,"[10, 14, 5, 6, 18, 1, 8, 7, 19, 15, 4, 0, 2, 9, 3, 13, 16, 12, 11, 17]",908,0.5486161708831787
"[6, 17, 2, 10, 7, 4, 1, 9, 13, 19, 8, 3, 14, 15, 11, 12, 0, 16, 5, 18]",945,"[10, 14, 5, 6, 18, 1, 8, 7, 19, 15, 4, 0, 2, 9, 3, 13, 16, 12, 11, 17]",908,0.5679652690887451
"[9, 3, 4, 2, 12, 8, 7, 18, 11, 16, 13, 5, 1, 15, 0, 19, 17, 6, 14, 10]",984,"[10, 14, 5, 6, 18, 1, 8, 7, 19, 15, 4, 0, 2, 9, 3, 13, 16, 12, 11, 17]",908,0.589576244354248
"[10, 17, 15, 7, 2, 8, 5, 4, 0, 12, 1, 6, 18, 16, 3, 9, 14, 11, 13, 19]",949,"[10, 14, 5, 6, 18, 1, 8, 7, 19, 15, 4, 0, 2, 9, 3, 13, 16, 12, 11, 17]",908,0.6097209453582764
"[17, 2, 5, 18, 11, 16, 3, 9, 1, 19, 15, 6, 12, 7, 8, 13, 4, 14, 0, 10]",984,"[10, 14, 5, 6, 18, 1, 8, 7, 19, 15, 4, 0, 2, 9, 3, 13, 16, 12, 11, 17]",908,0.6312072277069092
"[18, 17, 8, 11, 3, 7, 1, 16, 13, 10, 2, 14, 15, 4, 12, 19, 9, 5, 0, 6]",931,"[10, 14, 5, 6, 18, 1, 8, 7, 19, 15, 4, 0, 2, 9, 3, 13, 16, 12, 11, 17]",908,0.6522941589355469
"[0, 9, 4, 2, 17, 1, 5, 18, 10, 8, 6, 14, 13, 19, 3, 12, 16, 7, 15, 11]",937,"[10, 14, 5, 6, 18, 1, 8, 7, 19, 15, 4, 0, 2, 9, 3, 13, 16, 12, 11, 17]",908,0.673346996307373
"[9, 3, 16, 5, 4, 15, 11, 18, 17, 6, 14, 1, 0, 12, 8, 2, 7, 13, 10, 19]",940,"[10, 14, 5, 6, 18, 1, 8, 7, 19, 15, 4, 0, 2, 9, 3, 13, 16, 12, 11, 17]",908,0.6956851482391357
"[9, 15, 10, 11, 13, 8, 7, 12, 18, 17, 6, 19, 3, 4, 5, 14, 2, 16, 1, 0]",959,"[10, 14, 5, 6, 18, 1, 8, 7, 19, 15, 4, 0, 2, 9, 3, 13, 16, 12, 11, 17]",908,0.7193078994750977
"[9, 3, 18, 14, 19, 13, 11, 12, 15, 5, 4, 2, 16, 10, 1, 6, 17, 7, 8, 0]",941,"[10, 14, 5, 6, 18, 1, 8, 7, 19, 15, 4, 0, 2, 9, 3, 13, 16, 12, 11, 17]",908,0.743488073348999
"[17, 0, 3, 2, 19, 11, 10, 8, 18, 14, 12, 5, 6, 4, 13, 16, 1, 9, 15, 7]",947,"[10, 14, 5, 6, 18, 1, 8, 7, 19, 15, 4, 0, 2, 9, 3, 13, 16, 12, 11, 17]",908,0.7672219276428223
"[16, 19, 8, 7, 4, 15, 9, 6, 13, 12, 5, 1, 14, 10, 0, 17, 2, 3, 18, 11]",933,"[10, 14, 5, 6, 18, 1, 8, 7, 19, 15, 4, 0, 2, 9, 3, 13, 16, 12, 11, 17]",908,0.789039134979248
"[7, 10, 5, 13, 12, 11, 1, 2, 15, 6, 8, 17, 18, 4, 16, 3, 14, 9, 19, 0]",937,"[10, 14, 5, 6, 18, 1, 8, 7, 19, 15, 4, 0, 2, 9, 3, 13, 16, 12, 11, 17]",908,0.8112280368804932
"[11, 19, 4, 5, 10, 18, 17, 9, 8, 16, 0, 14, 2, 12, 3, 15, 13, 7, 1, 6]",938,"[10, 14, 5, 6, 18, 1, 8, 7, 19, 15, 4, 0, 2, 9, 3, 13, 16, 12, 11, 17]",908,0.8346002101898193
"[10, 15, 7, 12, 3, 16, 1, 13, 11, 5, 0, 18, 4, 6, 17, 2, 14, 8, 9, 19]",949,"[10, 14, 5, 6, 18, 1, 8, 7, 19, 15, 4, 0, 2, 9, 3, 13, 16, 12, 11, 17]",908,0.8577120304107666
"[1, 13, 3, 0, 11, 2, 19, 4, 12, 8, 14, 17, 15, 10, 16, 18, 6, 5, 7, 9]",931,"[10, 14, 5, 6, 18, 1, 8, 7, 19, 15, 4, 0, 2, 9, 3, 13, 16, 12, 11, 17]",908,0.8802890777587891
"[18, 9, 15, 2, 13, 11, 0, 7, 4, 8, 17, 10, 1, 5, 6, 19, 16, 12, 14, 3]",978,"[10, 14, 5, 6, 18, 1, 8, 7, 19, 15, 4, 0, 2, 9, 3, 13, 16, 12, 11, 17]",908,0.9021730422973633
"[6, 2, 7, 15, 0, 19, 8, 18, 1, 16, 13, 14, 9, 17, 3, 10, 5, 12, 4, 11]",920,"[10, 14, 5, 6, 18, 1, 8, 7, 19, 15, 4, 0, 2, 9, 3, 13, 16, 12, 11, 17]",908,0.9246020317077637
"[8, 12, 10, 11, 2, 16, 7, 15, 5, 14, 3, 13, 4, 9, 18, 1, 19, 0, 17, 6]",955,"[10, 14, 5, 6, 18, 1, 8, 7, 19, 15, 4, 0, 2, 9, 3, 13, 16, 12, 11, 17]",908,0.9476590156555176
"[8, 11, 9, 10, 16, 14, 18, 17, 1, 3, 15, 4, 0, 6, 5, 2, 7, 12, 19, 13]",946,"[10, 14, 5, 6, 18, 1, 8, 7, 19, 15, 4, 0, 2, 9, 3, 13, 16, 12, 11, 17]",908,0.9702420234680176
"[12, 17, 19, 4, 8, 13, 16, 7, 18, 10, 14, 2, 3, 6, 15, 1, 5, 9, 11, 0]",937,"[10, 14, 5, 6, 18, 1, 8, 7, 19, 15, 4, 0, 2, 9, 3, 13, 16, 12, 11, 17]",908,0.9952261447906494
"[7, 10, 16, 14, 15, 8, 3, 12, 6, 11, 19, 18, 1, 2, 0, 17, 5, 13, 4, 9]",914,"[10, 14, 5, 6, 18, 1, 8, 7, 19, 15, 4, 0, 2, 9, 3, 13, 16, 12, 11, 17]",908,1.0175039768218994
"[6, 0, 4, 1, 3, 18, 16, 5, 17, 2, 9, 15, 7, 10, 19, 8, 11, 14, 12, 13]",984,"[10, 14, 5, 6, 18, 1, 8, 7, 19, 15, 4, 0, 2, 9, 3, 13, 16, 12, 11, 17]",908,1.0399651527404785
"[7, 5, 4, 3, 0, 17, 10, 2, 15, 11, 12, 16, 8, 9, 14, 6, 1, 19, 18, 13]",933,"[10, 14, 5, 6, 18, 1, 8, 7, 19, 15, 4, 0, 2, 9, 3, 13, 16, 12, 11, 17]",908,1.0612101554870605
"[8, 17, 15, 4, 19, 6, 14, 1, 12, 2, 18, 5, 11, 9, 3, 7, 10, 0, 16, 13]",940,"[10, 14, 5, 6, 18, 1, 8, 7, 19, 15, 4, 0, 2, 9, 3, 13, 16, 12, 11, 17]",908,1.0816690921783447
"[0, 5, 2, 17, 7, 14, 10, 9, 4, 6, 15, 16, 8, 12, 18, 13, 1, 19, 11, 3]",934,"[10, 14, 5, 6, 18, 1, 8, 7, 19, 15, 4, 0, 2, 9, 3, 13, 16, 12, 11, 17]",908,1.1019971370697021
"[3, 6, 7, 13, 8, 16, 15, 10, 1, 4, 9, 5, 17, 12, 18, 19, 14, 0, 2, 11]",1002,"[10, 14, 5, 6, 18, 1, 8, 7, 19, 15, 4, 0, 2, 9, 3, 13, 16, 12, 11, 17]",908,1.1222410202026367
"[12, 8, 5, 16, 11, 19, 9, 3, 4, 17, 18, 0, 6, 2, 1, 7, 14, 10, 15, 13]",984,"[10, 14, 5, 6, 18, 1, 8, 7, 19, 15, 4, 0, 2, 9, 3, 13, 16, 12, 11, 17]",908,1.1463170051574707
"[7, 15, 12, 1, 16, 8, 3, 10, 17, 0, 14, 11, 4, 6, 19, 5, 13, 18, 2, 9]",939,"[10, 14, 5, 6, 18, 1, 8, 7, 19, 15, 4, 0, 2, 9, 3, 13, 16, 12, 11, 17]",908,1.166590929031372
"[16, 14, 15, 17, 19, 13, 12, 5, 1, 2, 3, 6, 7, 9, 4, 11, 10, 0, 8, 18]",933,"[10, 14, 5, 6, 18, 1, 8, 7, 19, 15, 4, 0, 2, 9, 3, 13, 16, 12, 11, 17]",908,1.1880838871002197
"[1, 19, 6, 7, 12, 17, 0, 16, 15, 2, 9, 5, 11, 4, 14, 13, 3, 10, 18, 8]",930,"[10, 14, 5, 6, 18, 1, 8, 7, 19, 15, 4, 0, 2, 9, 3, 13, 16, 12, 11, 17]",908,1.2090909481048584
"[7, 18, 5, 15, 1, 11, 9, 3, 17, 16, 4, 6, 19, 13, 0, 14, 8, 10, 12, 2]",981,"[10, 14, 5, 6, 18, 1, 8, 7, 19, 15, 4, 0, 2, 9, 3, 13, 16, 12, 11, 17]",908,1.2289211750030518
"[19, 17, 10, 18, 5, 16, 12, 9, 3, 15, 14, 6, 4, 13, 1, 11, 8, 7, 0, 2]",935,"[10, 14, 5, 6, 18, 1, 8, 7, 19, 15, 4, 0, 2, 9, 3, 13, 16, 12, 11, 17]",908,1.2506611347198486
"[16, 9, 1, 8, 5, 2, 13, 7, 0, 3, 6, 10, 14, 12, 18, 17, 11, 15, 4, 19]",937,"[10, 14, 5, 6, 18, 1, 8, 7, 19, 15, 4, 0, 2, 9, 3, 13, 16, 12, 11, 17]",908,1.2703659534454346
"[12, 19, 7, 11, 14, 5, 8, 13, 17, 4, 15, 1, 10, 18, 16, 2, 9, 6, 0, 3]",933,"[10, 14, 5, 6, 18, 1, 8, 7, 19, 15, 4, 0, 2, 9, 3, 13, 16, 12, 11, 17]",908,1.2918598651885986
"[9, 14, 19, 3, 7, 4, 11, 10, 17, 16, 6, 15, 12, 2, 8, 13, 5, 1, 18, 0]",933,"[10, 14, 5, 6, 18, 1, 8, 7, 19, 15, 4, 0, 2, 9, 3, 13, 16, 12, 11, 17]",908,1.3119542598724365
"[12, 16, 18, 3, 1, 11, 9, 7, 5, 14, 6, 2, 19, 4, 15, 8, 0, 17, 10, 13]",911,"[10, 14, 5, 6, 18, 1, 8, 7, 19, 15, 4, 0, 2, 9, 3, 13, 16, 12, 11, 17]",908,1.3352181911468506
"[16, 7, 1, 0, 12, 14, 5, 3, 2, 6, 19, 18, 4, 9, 15, 8, 17, 10, 11, 13]",911,"[10, 14, 5, 6, 18, 1, 8, 7, 19, 15, 4, 0, 2, 9, 3, 13, 16, 12, 11, 17]",908,1.3568150997161865
"[8, 15, 1, 18, 2, 12, 5, 16, 10, 3, 7, 4, 0, 11, 19, 9, 17, 14, 13, 6]",984,"[10, 14, 5, 6, 18, 1, 8, 7, 19, 15, 4, 0, 2, 9, 3, 13, 16, 12, 11, 17]",908,1.3781909942626953
"[4, 2, 0, 6, 10, 13, 14, 5, 11, 12, 16, 19, 17, 8, 9, 7, 1, 15, 18, 3]",942,"[10, 14, 5, 6, 18, 1, 8, 7, 19, 15, 4, 0, 2, 9, 3, 13, 16, 12, 11, 17]",908,1.4005990028381348
"[18, 12, 2, 17, 1, 19, 11, 14, 3, 0, 6, 5, 10, 16, 8, 15, 9, 13, 4, 7]",905,"[10, 14, 5, 6, 18, 1, 8, 7, 19, 15, 4, 0, 2, 9, 3, 13, 16, 12, 11, 17]",908,1.4219582080841064
"[1, 16, 12, 4, 9, 5, 0, 10, 2, 11, 14, 8, 6, 7, 13, 19, 17, 3, 18, 15]",930,"[18, 12, 2, 17, 1, 19, 11, 14, 3, 0, 6, 5, 10, 16, 8, 15, 9, 13, 4, 7]",905,1.442608118057251
"[6, 14, 5, 17, 11, 1, 12, 0, 13, 3, 8, 7, 2, 19, 18, 9, 10, 15, 16, 4]",924,"[18, 12, 2, 17, 1, 19, 11, 14, 3, 0, 6, 5, 10, 16, 8, 15, 9, 13, 4, 7]",905,1.4631149768829346
"[11, 13, 5, 10, 19, 7, 6, 18, 8, 16, 1, 0, 17, 12, 2, 4, 14, 9, 3, 15]",984,"[18, 12, 2, 17, 1, 19, 11, 14, 3, 0, 6, 5, 10, 16, 8, 15, 9, 13, 4, 7]",905,1.4842259883880615
"[0, 10, 5, 7, 16, 12, 13, 11, 3, 4, 18, 1, 2, 19, 14, 17, 9, 15, 6, 8]",984,"[18, 12, 2, 17, 1, 19, 11, 14, 3, 0, 6, 5, 10, 16, 8, 15, 9, 13, 4, 7]",905,1.5075769424438477
"[0, 18, 1, 5, 12, 13, 6, 17, 7, 11, 2, 8, 19, 9, 3, 10, 16, 4, 15, 14]",981,"[18, 12, 2, 17, 1, 19, 11, 14, 3, 0, 6, 5, 10, 16, 8, 15, 9, 13, 4, 7]",905,1.5309522151947021
"[19, 12, 16, 3, 6, 0, 9, 15, 5, 11, 17, 1, 8, 18, 10, 13, 2, 7, 14, 4]",905,"[18, 12, 2, 17, 1, 19, 11, 14, 3, 0, 6, 5, 10, 16, 8, 15, 9, 13, 4, 7]",905,1.5557291507720947
"[14, 4, 1, 17, 19, 8, 9, 11, 10, 2, 13, 5, 6, 18, 16, 12, 15, 3, 7, 0]",930,"[18, 12, 2, 17, 1, 19, 11, 14, 3, 0, 6, 5, 10, 16, 8, 15, 9, 13, 4, 7]",905,1.577773094177246
"[10, 2, 16, 5, 9, 0, 8, 19, 3, 17, 14, 6, 7, 18, 4, 1, 13, 15, 12, 11]",944,"[18, 12, 2, 17, 1, 19, 11, 14, 3, 0, 6, 5, 10, 16, 8, 15, 9, 13, 4, 7]",905,1.6007270812988281
"[14, 11, 6, 9, 12, 15, 16, 2, 5, 19, 1, 3, 7, 8, 17, 10, 4, 18, 13, 0]",930,"[18, 12, 2, 17, 1, 19, 11, 14, 3, 0, 6, 5, 10, 16, 8, 15, 9, 13, 4, 7]",905,1.6230881214141846
"[6, 9, 5, 16, 10, 19, 3, 8, 2, 11, 0, 14, 12, 7, 13, 1, 15, 17, 18, 4]",911,"[18, 12, 2, 17, 1, 19, 11, 14, 3, 0, 6, 5, 10, 16, 8, 15, 9, 13, 4, 7]",905,1.6469979286193848
"[10, 7, 13, 11, 6, 8, 17, 9, 16, 14, 1, 5, 15, 18, 0, 3, 12, 19, 2, 4]",932,"[18, 12, 2, 17, 1, 19, 11, 14, 3, 0, 6, 5, 10, 16, 8, 15, 9, 13, 4, 7]",905,1.6679210662841797
"[9, 13, 15, 5, 19, 3, 4, 18, 17, 6, 7, 16, 12, 2, 1, 14, 10, 11, 8, 0]",987,"[18, 12, 2, 17, 1, 19, 11, 14, 3, 0, 6, 5, 10, 16, 8, 15, 9, 13, 4, 7]",905,1.6910059452056885
"[3, 9, 14, 18, 11, 6, 16, 19, 10, 1, 4, 17, 8, 5, 13, 7, 12, 0, 15, 2]",937,"[18, 12, 2, 17, 1, 19, 11, 14, 3, 0, 6, 5, 10, 16, 8, 15, 9, 13, 4, 7]",905,1.7125930786132812
"[15, 2, 14, 4, 11, 10, 18, 5, 1, 7, 12, 3, 9, 13, 19, 17, 6, 16, 0, 8]",937,"[18, 12, 2, 17, 1, 19, 11, 14, 3, 0, 6, 5, 10, 16, 8, 15, 9, 13, 4, 7]",905,1.7344272136688232
"[15, 18, 9, 10, 4, 5, 17, 6, 12, 8, 11, 16, 0, 7, 14, 13, 19, 1, 2, 3]",938,"[18, 12, 2, 17, 1, 19, 11, 14, 3, 0, 6, 5, 10, 16, 8, 15, 9, 13, 4, 7]",905,1.7569589614868164
"[19, 12, 5, 4, 1, 9, 13, 6, 2, 3, 10, 15, 7, 11, 16, 18, 17, 14, 8, 0]",978,"[18, 12, 2, 17, 1, 19, 11, 14, 3, 0, 6, 5, 10, 16, 8, 15, 9, 13, 4, 7]",905,1.7794978618621826
"[1, 16, 3, 12, 2, 10, 7, 17, 14, 15, 0, 18, 11, 13, 6, 8, 19, 9, 5, 4]",909,"[18, 12, 2, 17, 1, 19, 11, 14, 3, 0, 6, 5, 10, 16, 8, 15, 9, 13, 4, 7]",905,1.8021600246429443
"[0, 4, 11, 19, 18, 10, 13, 17, 14, 1, 15, 7, 8, 6, 3, 2, 16, 9, 5, 12]",934,"[18, 12, 2, 17, 1, 19, 11, 14, 3, 0, 6, 5, 10, 16, 8, 15, 9, 13, 4, 7]",905,1.8245980739593506
"[13, 17, 14, 12, 1, 11, 9, 19, 16, 0, 3, 2, 7, 15, 8, 4, 5, 10, 6, 18]",936,"[18, 12, 2, 17, 1, 19, 11, 14, 3, 0, 6, 5, 10, 16, 8, 15, 9, 13, 4, 7]",905,1.8466041088104248
"[11, 10, 3, 4, 17, 7, 1, 16, 13, 12, 2, 5, 14, 19, 18, 8, 6, 9, 0, 15]",939,"[18, 12, 2, 17, 1, 19, 11, 14, 3, 0, 6, 5, 10, 16, 8, 15, 9, 13, 4, 7]",905,1.8693959712982178
"[16, 12, 0, 7, 15, 13, 11, 4, 19, 9, 10, 5, 6, 8, 18, 2, 3, 14, 1, 17]",956,"[18, 12, 2, 17, 1, 19, 11, 14, 3, 0, 6, 5, 10, 16, 8, 15, 9, 13, 4, 7]",905,1.8941080570220947
"[7, 5, 15, 8, 1, 19, 6, 16, 13, 10, 11, 4, 9, 17, 18, 2, 3, 14, 12, 0]",981,"[18, 12, 2, 17, 1, 19, 11, 14, 3, 0, 6, 5, 10, 16, 8, 15, 9, 13, 4, 7]",905,1.9169981479644775
"[10, 19, 15, 5, 8, 0, 2, 11, 17, 9, 14, 6, 1, 12, 16, 3, 7, 4, 18, 13]",933,"[18, 12, 2, 17, 1, 19, 11, 14, 3, 0, 6, 5, 10, 16, 8, 15, 9, 13, 4, 7]",905,1.9396710395812988
"[0, 19, 15, 5, 16, 8, 12, 10, 17, 6, 13, 2, 18, 14, 11, 4, 3, 1, 7, 9]",938,"[18, 12, 2, 17, 1, 19, 11, 14, 3, 0, 6, 5, 10, 16, 8, 15, 9, 13, 4, 7]",905,1.9632940292358398
"[9, 7, 8, 12, 2, 10, 17, 4, 6, 14, 1, 15, 5, 13, 0, 16, 3, 19, 11, 18]",951,"[18, 12, 2, 17, 1, 19, 11, 14, 3, 0, 6, 5, 10, 16, 8, 15, 9, 13, 4, 7]",905,1.9843928813934326
"[3, 1, 16, 19, 9, 11, 13, 4, 17, 5, 12, 2, 8, 15, 7, 18, 6, 0, 10, 14]",981,"[18, 12, 2, 17, 1, 19, 11, 14, 3, 0, 6, 5, 10, 16, 8, 15, 9, 13, 4, 7]",905,2.0068750381469727
"[10, 9, 16, 8, 19, 2, 7, 12, 3, 11, 15, 1, 6, 0, 5, 13, 14, 18, 17, 4]",917,"[18, 12, 2, 17, 1, 19, 11, 14, 3, 0, 6, 5, 10, 16, 8, 15, 9, 13, 4, 7]",905,2.0298049449920654
"[6, 15, 18, 0, 8, 7, 16, 17, 14, 12, 1, 5, 19, 4, 11, 10, 13, 3, 9, 2]",911,"[18, 12, 2, 17, 1, 19, 11, 14, 3, 0, 6, 5, 10, 16, 8, 15, 9, 13, 4, 7]",905,2.0524771213531494
"[6, 9, 2, 0, 5, 13, 19, 1, 7, 17, 15, 18, 16, 12, 3, 14, 4, 11, 8, 10]",917,"[18, 12, 2, 17, 1, 19, 11, 14, 3, 0, 6, 5, 10, 16, 8, 15, 9, 13, 4, 7]",905,2.076953172683716
"[0, 2, 1, 11, 13, 9, 3, 6, 4, 19, 12, 7, 8, 5, 17, 15, 14, 10, 16, 18]",936,"[18, 12, 2, 17, 1, 19, 11, 14, 3, 0, 6, 5, 10, 16, 8, 15, 9, 13, 4, 7]",905,2.100430965423584
"[10, 17, 1, 2, 9, 12, 6, 5, 15, 0, 7, 3, 8, 11, 14, 13, 16, 19, 18, 4]",911,"[18, 12, 2, 17, 1, 19, 11, 14, 3, 0, 6, 5, 10, 16, 8, 15, 9, 13, 4, 7]",905,2.124598979949951
"[4, 5, 17, 7, 16, 19, 6, 13, 18, 0, 10, 12, 14, 11, 9, 15, 8, 2, 1, 3]",935,"[18, 12, 2, 17, 1, 19, 11, 14, 3, 0, 6, 5, 10, 16, 8, 15, 9, 13, 4, 7]",905,2.1517181396484375
"[8, 18, 2, 16, 12, 6, 14, 19, 13, 17, 11, 7, 0, 15, 9, 4, 1, 5, 10, 3]",934,"[18, 12, 2, 17, 1, 19, 11, 14, 3, 0, 6, 5, 10, 16, 8, 15, 9, 13, 4, 7]",905,2.175421953201294
"[15, 6, 9, 4, 13, 10, 19, 8, 7, 3, 2, 18, 12, 5, 16, 1, 17, 14, 0, 11]",987,"[18, 12, 2, 17, 1, 19, 11, 14, 3, 0, 6, 5, 10, 16, 8, 15, 9, 13, 4, 7]",905,2.201725959777832
"[19, 8, 7, 18, 16, 0, 4, 3, 9, 17, 10, 6, 2, 1, 14, 15, 11, 5, 12, 13]",931,"[18, 12, 2, 17, 1, 19, 11, 14, 3, 0, 6, 5, 10, 16, 8, 15, 9, 13, 4, 7]",905,2.225506067276001
