Sequence,Fitness,Best_sequence,Best_fitness,Time
"[3, 16, 6, 10, 2, 14, 4, 17, 7, 1, 13, 0, 19, 18, 9, 15, 8, 12, 11, 5]",1432,"[3, 16, 6, 10, 2, 14, 4, 17, 7, 1, 13, 0, 19, 18, 9, 15, 8, 12, 11, 5]",1432,0.00012803077697753906
"[15, 8, 16, 3, 19, 17, 5, 6, 0, 12, 1, 9, 13, 7, 4, 2, 14, 10, 11, 18]",1468,"[3, 16, 6, 10, 2, 14, 4, 17, 7, 1, 13, 0, 19, 18, 9, 15, 8, 12, 11, 5]",1432,0.020910024642944336
"[4, 2, 18, 12, 11, 19, 5, 6, 14, 7, 15, 9, 10, 3, 13, 16, 8, 17, 0, 1]",1481,"[3, 16, 6, 10, 2, 14, 4, 17, 7, 1, 13, 0, 19, 18, 9, 15, 8, 12, 11, 5]",1432,0.04160594940185547
"[10, 14, 5, 6, 18, 1, 8, 7, 19, 15, 4, 0, 2, 9, 3, 13, 16, 12, 11, 17]",1487,"[3, 16, 6, 10, 2, 14, 4, 17, 7, 1, 13, 0, 19, 18, 9, 15, 8, 12, 11, 5]",1432,0.06432890892028809
"[15, 17, 1, 16, 14, 13, 18, 3, 12, 9, 11, 19, 10, 2, 0, 8, 6, 5, 4, 7]",1484,"[3, 16, 6, 10, 2, 14, 4, 17, 7, 1, 13, 0, 19, 18, 9, 15, 8, 12, 11, 5]",1432,0.0854790210723877
"[10, 1, 17, 11, 12, 9, 14, 18, 8, 7, 16, 2, 15, 5, 4, 6, 19, 0, 3, 13]",1487,"[3, 16, 6, 10, 2, 14, 4, 17, 7, 1, 13, 0, 19, 18, 9, 15, 8, 12, 11, 5]",1432,0.10676884651184082
"[9, 3, 15, 5, 18, 6, 17, 14, 8, 11, 1, 19, 10, 0, 2, 12, 16, 4, 13, 7]",1481,"[3, 16, 6, 10, 2, 14, 4, 17, 7, 1, 13, 0, 19, 18, 9, 15, 8, 12, 11, 5]",1432,0.12763714790344238
"[4, 3, 17, 5, 19, 8, 13, 11, 14, 0, 6, 10, 16, 7, 15, 12, 2, 1, 18, 9]",1431,"[3, 16, 6, 10, 2, 14, 4, 17, 7, 1, 13, 0, 19, 18, 9, 15, 8, 12, 11, 5]",1432,0.1478409767150879
"[11, 14, 3, 8, 6, 18, 9, 12, 7, 0, 19, 4, 17, 15, 2, 1, 13, 5, 16, 10]",1462,"[4, 3, 17, 5, 19, 8, 13, 11, 14, 0, 6, 10, 16, 7, 15, 12, 2, 1, 18, 9]",1431,0.16833996772766113
"[10, 3, 16, 1, 0, 4, 12, 5, 7, 2, 9, 15, 19, 17, 8, 18, 6, 11, 13, 14]",1468,"[4, 3, 17, 5, 19, 8, 13, 11, 14, 0, 6, 10, 16, 7, 15, 12, 2, 1, 18, 9]",1431,0.18888092041015625
"[5, 12, 1, 18, 9, 11, 6, 2, 4, 3, 10, 0, 7, 16, 14, 8, 13, 15, 19, 17]",1481,"[4, 3, 17, 5, 19, 8, 13, 11, 14, 0, 6, 10, 16, 7, 15, 12, 2, 1, 18, 9]",1431,0.20903611183166504
"[6, 15, 19, 9, 14, 5, 4, 11, 17, 3, 8, 10, 18, 7, 12, 13, 0, 16, 2, 1]",1468,"[4, 3, 17, 5, 19, 8, 13, 11, 14, 0, 6, 10, 16, 7, 15, 12, 2, 1, 18, 9]",1431,0.22993993759155273
"[1, 9, 0, 2, 8, 4, 5, 13, 7, 6, 18, 16, 3, 11, 14, 15, 19, 10, 17, 12]",1399,"[4, 3, 17, 5, 19, 8, 13, 11, 14, 0, 6, 10, 16, 7, 15, 12, 2, 1, 18, 9]",1431,0.2500150203704834
"[13, 11, 18, 10, 4, 12, 16, 9, 8, 2, 19, 14, 1, 17, 7, 15, 6, 5, 3, 0]",1484,"[1, 9, 0, 2, 8, 4, 5, 13, 7, 6, 18, 16, 3, 11, 14, 15, 19, 10, 17, 12]",1399,0.27019810676574707
"[16, 8, 5, 15, 4, 2, 18, 0, 11, 19, 10, 9, 13, 6, 12, 1, 3, 7, 17, 14]",1481,"[1, 9, 0, 2, 8, 4, 5, 13, 7, 6, 18, 16, 3, 11, 14, 15, 19, 10, 17, 12]",1399,0.290341854095459
"[2, 17, 12, 14, 1, 13, 6, 0, 18, 8, 3, 5, 7, 4, 11, 10, 15, 19, 9, 16]",1465,"[1, 9, 0, 2, 8, 4, 5, 13, 7, 6, 18, 16, 3, 11, 14, 15, 19, 10, 17, 12]",1399,0.30899786949157715
"[0, 1, 13, 2, 4, 3, 16, 19, 9, 7, 10, 8, 17, 15, 11, 6, 5, 12, 14, 18]",1396,"[1, 9, 0, 2, 8, 4, 5, 13, 7, 6, 18, 16, 3, 11, 14, 15, 19, 10, 17, 12]",1399,0.32852625846862793
"[3, 13, 14, 12, 7, 0, 6, 17, 19, 15, 4, 9, 18, 8, 10, 11, 1, 2, 5, 16]",1471,"[0, 1, 13, 2, 4, 3, 16, 19, 9, 7, 10, 8, 17, 15, 11, 6, 5, 12, 14, 18]",1396,0.34633708000183105
"[11, 15, 5, 1, 9, 8, 18, 10, 14, 4, 13, 19, 17, 16, 7, 12, 6, 3, 2, 0]",1481,"[0, 1, 13, 2, 4, 3, 16, 19, 9, 7, 10, 8, 17, 15, 11, 6, 5, 12, 14, 18]",1396,0.3674921989440918
"[7, 16, 6, 5, 8, 1, 17, 15, 3, 14, 0, 4, 18, 11, 10, 2, 12, 13, 19, 9]",1434,"[0, 1, 13, 2, 4, 3, 16, 19, 9, 7, 10, 8, 17, 15, 11, 6, 5, 12, 14, 18]",1396,0.38701605796813965
"[7, 6, 15, 5, 1, 18, 0, 17, 19, 10, 9, 3, 2, 12, 8, 11, 16, 14, 13, 4]",1490,"[0, 1, 13, 2, 4, 3, 16, 19, 9, 7, 10, 8, 17, 15, 11, 6, 5, 12, 14, 18]",1396,0.40532994270324707
"[3, 19, 6, 9, 1, 4, 0, 15, 17, 8, 13, 14, 10, 11, 12, 18, 2, 5, 16, 7]",1465,"[0, 1, 13, 2, 4, 3, 16, 19, 9, 7, 10, 8, 17, 15, 11, 6, 5, 12, 14, 18]",1396,0.4233090877532959
"[12, 5, 8, 16, 15, 9, 10, 2, 18, 1, 17, 13, 3, 19, 7, 4, 14, 0, 6, 11]",1462,"[0, 1, 13, 2, 4, 3, 16, 19, 9, 7, 10, 8, 17, 15, 11, 6, 5, 12, 14, 18]",1396,0.44240593910217285
"[15, 1, 3, 19, 4, 2, 13, 17, 9, 8, 10, 12, 11, 16, 0, 5, 7, 14, 18, 6]",1438,"[0, 1, 13, 2, 4, 3, 16, 19, 9, 7, 10, 8, 17, 15, 11, 6, 5, 12, 14, 18]",1396,0.45999908447265625
"[12, 3, 0, 7, 14, 13, 2, 16, 8, 4, 6, 18, 17, 15, 19, 5, 11, 9, 10, 1]",1431,"[0, 1, 13, 2, 4, 3, 16, 19, 9, 7, 10, 8, 17, 15, 11, 6, 5, 12, 14, 18]",1396,0.477370023727417
"[1, 5, 9, 14, 7, 17, 0, 10, 18, 3, 15, 2, 11, 6, 8, 4, 16, 13, 12, 19]",1421,"[0, 1, 13, 2, 4, 3, 16, 19, 9, 7, 10, 8, 17, 15, 11, 6, 5, 12, 14, 18]",1396,0.49581217765808105
"[6, 17, 2, 10, 7, 4, 1, 9, 13, 19, 8, 3, 14, 15, 11, 12, 0, 16, 5, 18]",1432,"[0, 1, 13, 2, 4, 3, 16, 19, 9, 7, 10, 8, 17, 15, 11, 6, 5, 12, 14, 18]",1396,0.5151309967041016
"[9, 3, 4, 2, 12, 8, 7, 18, 11, 16, 13, 5, 1, 15, 0, 19, 17, 6, 14, 10]",1481,"[0, 1, 13, 2, 4, 3, 16, 19, 9, 7, 10, 8, 17, 15, 11, 6, 5, 12, 14, 18]",1396,0.5347678661346436
"[10, 17, 15, 7, 2, 8, 5, 4, 0, 12, 1, 6, 18, 16, 3, 9, 14, 11, 13, 19]",1421,"[0, 1, 13, 2, 4, 3, 16, 19, 9, 7, 10, 8, 17, 15, 11, 6, 5, 12, 14, 18]",1396,0.5546131134033203
"[17, 2, 5, 18, 11, 16, 3, 9, 1, 19, 15, 6, 12, 7, 8, 13, 4, 14, 0, 10]",1481,"[0, 1, 13, 2, 4, 3, 16, 19, 9, 7, 10, 8, 17, 15, 11, 6, 5, 12, 14, 18]",1396,0.5747799873352051
"[18, 17, 8, 11, 3, 7, 1, 16, 13, 10, 2, 14, 15, 4, 12, 19, 9, 5, 0, 6]",1484,"[0, 1, 13, 2, 4, 3, 16, 19, 9, 7, 10, 8, 17, 15, 11, 6, 5, 12, 14, 18]",1396,0.5940868854522705
"[0, 9, 4, 2, 17, 1, 5, 18, 10, 8, 6, 14, 13, 19, 3, 12, 16, 7, 15, 11]",1462,"[0, 1, 13, 2, 4, 3, 16, 19, 9, 7, 10, 8, 17, 15, 11, 6, 5, 12, 14, 18]",1396,0.6130580902099609
"[9, 3, 16, 5, 4, 15, 11, 18, 17, 6, 14, 1, 0, 12, 8, 2, 7, 13, 10, 19]",1418,"[0, 1, 13, 2, 4, 3, 16, 19, 9, 7, 10, 8, 17, 15, 11, 6, 5, 12, 14, 18]",1396,0.6324081420898438
"[9, 15, 10, 11, 13, 8, 7, 12, 18, 17, 6, 19, 3, 4, 5, 14, 2, 16, 1, 0]",1481,"[0, 1, 13, 2, 4, 3, 16, 19, 9, 7, 10, 8, 17, 15, 11, 6, 5, 12, 14, 18]",1396,0.6520519256591797
"[9, 3, 18, 14, 19, 13, 11, 12, 15, 5, 4, 2, 16, 10, 1, 6, 17, 7, 8, 0]",1481,"[0, 1, 13, 2, 4, 3, 16, 19, 9, 7, 10, 8, 17, 15, 11, 6, 5, 12, 14, 18]",1396,0.6727590560913086
"[17, 0, 3, 2, 19, 11, 10, 8, 18, 14, 12, 5, 6, 4, 13, 16, 1, 9, 15, 7]",1431,"[0, 1, 13, 2, 4, 3, 16, 19, 9, 7, 10, 8, 17, 15, 11, 6, 5, 12, 14, 18]",1396,0.6941041946411133
"[16, 19, 8, 7, 4, 15, 9, 6, 13, 12, 5, 1, 14, 10, 0, 17, 2, 3, 18, 11]",1462,"[0, 1, 13, 2, 4, 3, 16, 19, 9, 7, 10, 8, 17, 15, 11, 6, 5, 12, 14, 18]",1396,0.7150201797485352
"[7, 10, 5, 13, 12, 11, 1, 2, 15, 6, 8, 17, 18, 4, 16, 3, 14, 9, 19, 0]",1487,"[0, 1, 13, 2, 4, 3, 16, 19, 9, 7, 10, 8, 17, 15, 11, 6, 5, 12, 14, 18]",1396,0.7356040477752686
"[11, 19, 4, 5, 10, 18, 17, 9, 8, 16, 0, 14, 2, 12, 3, 15, 13, 7, 1, 6]",1396,"[0, 1, 13, 2, 4, 3, 16, 19, 9, 7, 10, 8, 17, 15, 11, 6, 5, 12, 14, 18]",1396,0.7556190490722656
"[10, 15, 7, 12, 3, 16, 1, 13, 11, 5, 0, 18, 4, 6, 17, 2, 14, 8, 9, 19]",1427,"[0, 1, 13, 2, 4, 3, 16, 19, 9, 7, 10, 8, 17, 15, 11, 6, 5, 12, 14, 18]",1396,0.7763242721557617
"[1, 13, 3, 0, 11, 2, 19, 4, 12, 8, 14, 17, 15, 10, 16, 18, 6, 5, 7, 9]",1440,"[0, 1, 13, 2, 4, 3, 16, 19, 9, 7, 10, 8, 17, 15, 11, 6, 5, 12, 14, 18]",1396,0.7959408760070801
"[18, 9, 15, 2, 13, 11, 0, 7, 4, 8, 17, 10, 1, 5, 6, 19, 16, 12, 14, 3]",1399,"[0, 1, 13, 2, 4, 3, 16, 19, 9, 7, 10, 8, 17, 15, 11, 6, 5, 12, 14, 18]",1396,0.815108060836792
"[6, 2, 7, 15, 0, 19, 8, 18, 1, 16, 13, 14, 9, 17, 3, 10, 5, 12, 4, 11]",1474,"[0, 1, 13, 2, 4, 3, 16, 19, 9, 7, 10, 8, 17, 15, 11, 6, 5, 12, 14, 18]",1396,0.8339359760284424
"[8, 12, 10, 11, 2, 16, 7, 15, 5, 14, 3, 13, 4, 9, 18, 1, 19, 0, 17, 6]",1484,"[0, 1, 13, 2, 4, 3, 16, 19, 9, 7, 10, 8, 17, 15, 11, 6, 5, 12, 14, 18]",1396,0.8531808853149414
"[8, 11, 9, 10, 16, 14, 18, 17, 1, 3, 15, 4, 0, 6, 5, 2, 7, 12, 19, 13]",1421,"[0, 1, 13, 2, 4, 3, 16, 19, 9, 7, 10, 8, 17, 15, 11, 6, 5, 12, 14, 18]",1396,0.8872530460357666
"[12, 17, 19, 4, 8, 13, 16, 7, 18, 10, 14, 2, 3, 6, 15, 1, 5, 9, 11, 0]",1481,"[0, 1, 13, 2, 4, 3, 16, 19, 9, 7, 10, 8, 17, 15, 11, 6, 5, 12, 14, 18]",1396,0.9060690402984619
"[7, 10, 16, 14, 15, 8, 3, 12, 6, 11, 19, 18, 1, 2, 0, 17, 5, 13, 4, 9]",1437,"[0, 1, 13, 2, 4, 3, 16, 19, 9, 7, 10, 8, 17, 15, 11, 6, 5, 12, 14, 18]",1396,0.9262652397155762
"[6, 0, 4, 1, 3, 18, 16, 5, 17, 2, 9, 15, 7, 10, 19, 8, 11, 14, 12, 13]",1399,"[0, 1, 13, 2, 4, 3, 16, 19, 9, 7, 10, 8, 17, 15, 11, 6, 5, 12, 14, 18]",1396,0.9444081783294678
"[7, 5, 4, 3, 0, 17, 10, 2, 15, 11, 12, 16, 8, 9, 14, 6, 1, 19, 18, 13]",1421,"[0, 1, 13, 2, 4, 3, 16, 19, 9, 7, 10, 8, 17, 15, 11, 6, 5, 12, 14, 18]",1396,0.962562084197998
"[8, 17, 15, 4, 19, 6, 14, 1, 12, 2, 18, 5, 11, 9, 3, 7, 10, 0, 16, 13]",1465,"[0, 1, 13, 2, 4, 3, 16, 19, 9, 7, 10, 8, 17, 15, 11, 6, 5, 12, 14, 18]",1396,0.9803249835968018
"[0, 5, 2, 17, 7, 14, 10, 9, 4, 6, 15, 16, 8, 12, 18, 13, 1, 19, 11, 3]",1462,"[0, 1, 13, 2, 4, 3, 16, 19, 9, 7, 10, 8, 17, 15, 11, 6, 5, 12, 14, 18]",1396,0.9998540878295898
"[3, 6, 7, 13, 8, 16, 15, 10, 1, 4, 9, 5, 17, 12, 18, 19, 14, 0, 2, 11]",1477,"[0, 1, 13, 2, 4, 3, 16, 19, 9, 7, 10, 8, 17, 15, 11, 6, 5, 12, 14, 18]",1396,1.0194120407104492
"[12, 8, 5, 16, 11, 19, 9, 3, 4, 17, 18, 0, 6, 2, 1, 7, 14, 10, 15, 13]",1481,"[0, 1, 13, 2, 4, 3, 16, 19, 9, 7, 10, 8, 17, 15, 11, 6, 5, 12, 14, 18]",1396,1.0395772457122803
"[7, 15, 12, 1, 16, 8, 3, 10, 17, 0, 14, 11, 4, 6, 19, 5, 13, 18, 2, 9]",1437,"[0, 1, 13, 2, 4, 3, 16, 19, 9, 7, 10, 8, 17, 15, 11, 6, 5, 12, 14, 18]",1396,1.0579662322998047
"[16, 14, 15, 17, 19, 13, 12, 5, 1, 2, 3, 6, 7, 9, 4, 11, 10, 0, 8, 18]",1481,"[0, 1, 13, 2, 4, 3, 16, 19, 9, 7, 10, 8, 17, 15, 11, 6, 5, 12, 14, 18]",1396,1.0763750076293945
"[1, 19, 6, 7, 12, 17, 0, 16, 15, 2, 9, 5, 11, 4, 14, 13, 3, 10, 18, 8]",1484,"[0, 1, 13, 2, 4, 3, 16, 19, 9, 7, 10, 8, 17, 15, 11, 6, 5, 12, 14, 18]",1396,1.093998908996582
"[7, 18, 5, 15, 1, 11, 9, 3, 17, 16, 4, 6, 19, 13, 0, 14, 8, 10, 12, 2]",1402,"[0, 1, 13, 2, 4, 3, 16, 19, 9, 7, 10, 8, 17, 15, 11, 6, 5, 12, 14, 18]",1396,1.114703893661499
"[19, 17, 10, 18, 5, 16, 12, 9, 3, 15, 14, 6, 4, 13, 1, 11, 8, 7, 0, 2]",1481,"[0, 1, 13, 2, 4, 3, 16, 19, 9, 7, 10, 8, 17, 15, 11, 6, 5, 12, 14, 18]",1396,1.1337931156158447
"[16, 9, 1, 8, 5, 2, 13, 7, 0, 3, 6, 10, 14, 12, 18, 17, 11, 15, 4, 19]",1418,"[0, 1, 13, 2, 4, 3, 16, 19, 9, 7, 10, 8, 17, 15, 11, 6, 5, 12, 14, 18]",1396,1.1537749767303467
"[12, 19, 7, 11, 14, 5, 8, 13, 17, 4, 15, 1, 10, 18, 16, 2, 9, 6, 0, 3]",1481,"[0, 1, 13, 2, 4, 3, 16, 19, 9, 7, 10, 8, 17, 15, 11, 6, 5, 12, 14, 18]",1396,1.1729390621185303
"[9, 14, 19, 3, 7, 4, 11, 10, 17, 16, 6, 15, 12, 2, 8, 13, 5, 1, 18, 0]",1481,"[0, 1, 13, 2, 4, 3, 16, 19, 9, 7, 10, 8, 17, 15, 11, 6, 5, 12, 14, 18]",1396,1.191296100616455
"[12, 16, 18, 3, 1, 11, 9, 7, 5, 14, 6, 2, 19, 4, 15, 8, 0, 17, 10, 13]",1481,"[0, 1, 13, 2, 4, 3, 16, 19, 9, 7, 10, 8, 17, 15, 11, 6, 5, 12, 14, 18]",1396,1.2114131450653076
"[16, 7, 1, 0, 12, 14, 5, 3, 2, 6, 19, 18, 4, 9, 15, 8, 17, 10, 11, 13]",1462,"[0, 1, 13, 2, 4, 3, 16, 19, 9, 7, 10, 8, 17, 15, 11, 6, 5, 12, 14, 18]",1396,1.2307190895080566
"[8, 15, 1, 18, 2, 12, 5, 16, 10, 3, 7, 4, 0, 11, 19, 9, 17, 14, 13, 6]",1496,"[0, 1, 13, 2, 4, 3, 16, 19, 9, 7, 10, 8, 17, 15, 11, 6, 5, 12, 14, 18]",1396,1.250201940536499
"[4, 2, 0, 6, 10, 13, 14, 5, 11, 12, 16, 19, 17, 8, 9, 7, 1, 15, 18, 3]",1431,"[0, 1, 13, 2, 4, 3, 16, 19, 9, 7, 10, 8, 17, 15, 11, 6, 5, 12, 14, 18]",1396,1.2695770263671875
"[18, 12, 2, 17, 1, 19, 11, 14, 3, 0, 6, 5, 10, 16, 8, 15, 9, 13, 4, 7]",1484,"[0, 1, 13, 2, 4, 3, 16, 19, 9, 7, 10, 8, 17, 15, 11, 6, 5, 12, 14, 18]",1396,1.2886710166931152
"[1, 16, 12, 4, 9, 5, 0, 10, 2, 11, 14, 8, 6, 7, 13, 19, 17, 3, 18, 15]",1484,"[0, 1, 13, 2, 4, 3, 16, 19, 9, 7, 10, 8, 17, 15, 11, 6, 5, 12, 14, 18]",1396,1.30942702293396
"[6, 14, 5, 17, 11, 1, 12, 0, 13, 3, 8, 7, 2, 19, 18, 9, 10, 15, 16, 4]",1487,"[0, 1, 13, 2, 4, 3, 16, 19, 9, 7, 10, 8, 17, 15, 11, 6, 5, 12, 14, 18]",1396,1.3283181190490723
"[11, 13, 5, 10, 19, 7, 6, 18, 8, 16, 1, 0, 17, 12, 2, 4, 14, 9, 3, 15]",1431,"[0, 1, 13, 2, 4, 3, 16, 19, 9, 7, 10, 8, 17, 15, 11, 6, 5, 12, 14, 18]",1396,1.350250005722046
"[0, 10, 5, 7, 16, 12, 13, 11, 3, 4, 18, 1, 2, 19, 14, 17, 9, 15, 6, 8]",1431,"[0, 1, 13, 2, 4, 3, 16, 19, 9, 7, 10, 8, 17, 15, 11, 6, 5, 12, 14, 18]",1396,1.3700830936431885
"[0, 18, 1, 5, 12, 13, 6, 17, 7, 11, 2, 8, 19, 9, 3, 10, 16, 4, 15, 14]",1481,"[0, 1, 13, 2, 4, 3, 16, 19, 9, 7, 10, 8, 17, 15, 11, 6, 5, 12, 14, 18]",1396,1.3889689445495605
"[19, 12, 16, 3, 6, 0, 9, 15, 5, 11, 17, 1, 8, 18, 10, 13, 2, 7, 14, 4]",1481,"[0, 1, 13, 2, 4, 3, 16, 19, 9, 7, 10, 8, 17, 15, 11, 6, 5, 12, 14, 18]",1396,1.4081201553344727
"[14, 4, 1, 17, 19, 8, 9, 11, 10, 2, 13, 5, 6, 18, 16, 12, 15, 3, 7, 0]",1484,"[0, 1, 13, 2, 4, 3, 16, 19, 9, 7, 10, 8, 17, 15, 11, 6, 5, 12, 14, 18]",1396,1.4273648262023926
"[10, 2, 16, 5, 9, 0, 8, 19, 3, 17, 14, 6, 7, 18, 4, 1, 13, 15, 12, 11]",1468,"[0, 1, 13, 2, 4, 3, 16, 19, 9, 7, 10, 8, 17, 15, 11, 6, 5, 12, 14, 18]",1396,1.450282096862793
"[14, 11, 6, 9, 12, 15, 16, 2, 5, 19, 1, 3, 7, 8, 17, 10, 4, 18, 13, 0]",1484,"[0, 1, 13, 2, 4, 3, 16, 19, 9, 7, 10, 8, 17, 15, 11, 6, 5, 12, 14, 18]",1396,1.4731550216674805
"[6, 9, 5, 16, 10, 19, 3, 8, 2, 11, 0, 14, 12, 7, 13, 1, 15, 17, 18, 4]",1484,"[0, 1, 13, 2, 4, 3, 16, 19, 9, 7, 10, 8, 17, 15, 11, 6, 5, 12, 14, 18]",1396,1.4951410293579102
"[10, 7, 13, 11, 6, 8, 17, 9, 16, 14, 1, 5, 15, 18, 0, 3, 12, 19, 2, 4]",1490,"[0, 1, 13, 2, 4, 3, 16, 19, 9, 7, 10, 8, 17, 15, 11, 6, 5, 12, 14, 18]",1396,1.5173790454864502
"[9, 13, 15, 5, 19, 3, 4, 18, 17, 6, 7, 16, 12, 2, 1, 14, 10, 11, 8, 0]",1481,"[0, 1, 13, 2, 4, 3, 16, 19, 9, 7, 10, 8, 17, 15, 11, 6, 5, 12, 14, 18]",1396,1.537384033203125
"[3, 9, 14, 18, 11, 6, 16, 19, 10, 1, 4, 17, 8, 5, 13, 7, 12, 0, 15, 2]",1484,"[0, 1, 13, 2, 4, 3, 16, 19, 9, 7, 10, 8, 17, 15, 11, 6, 5, 12, 14, 18]",1396,1.5582900047302246
"[15, 2, 14, 4, 11, 10, 18, 5, 1, 7, 12, 3, 9, 13, 19, 17, 6, 16, 0, 8]",1490,"[0, 1, 13, 2, 4, 3, 16, 19, 9, 7, 10, 8, 17, 15, 11, 6, 5, 12, 14, 18]",1396,1.578573226928711
"[15, 18, 9, 10, 4, 5, 17, 6, 12, 8, 11, 16, 0, 7, 14, 13, 19, 1, 2, 3]",1424,"[0, 1, 13, 2, 4, 3, 16, 19, 9, 7, 10, 8, 17, 15, 11, 6, 5, 12, 14, 18]",1396,1.5978329181671143
"[19, 12, 5, 4, 1, 9, 13, 6, 2, 3, 10, 15, 7, 11, 16, 18, 17, 14, 8, 0]",1481,"[0, 1, 13, 2, 4, 3, 16, 19, 9, 7, 10, 8, 17, 15, 11, 6, 5, 12, 14, 18]",1396,1.617616891860962
"[1, 16, 3, 12, 2, 10, 7, 17, 14, 15, 0, 18, 11, 13, 6, 8, 19, 9, 5, 4]",1484,"[0, 1, 13, 2, 4, 3, 16, 19, 9, 7, 10, 8, 17, 15, 11, 6, 5, 12, 14, 18]",1396,1.6363048553466797
"[0, 4, 11, 19, 18, 10, 13, 17, 14, 1, 15, 7, 8, 6, 3, 2, 16, 9, 5, 12]",1396,"[0, 1, 13, 2, 4, 3, 16, 19, 9, 7, 10, 8, 17, 15, 11, 6, 5, 12, 14, 18]",1396,1.6558489799499512
"[13, 17, 14, 12, 1, 11, 9, 19, 16, 0, 3, 2, 7, 15, 8, 4, 5, 10, 6, 18]",1432,"[0, 1, 13, 2, 4, 3, 16, 19, 9, 7, 10, 8, 17, 15, 11, 6, 5, 12, 14, 18]",1396,1.6751680374145508
"[11, 10, 3, 4, 17, 7, 1, 16, 13, 12, 2, 5, 14, 19, 18, 8, 6, 9, 0, 15]",1481,"[0, 1, 13, 2, 4, 3, 16, 19, 9, 7, 10, 8, 17, 15, 11, 6, 5, 12, 14, 18]",1396,1.69380784034729
"[16, 12, 0, 7, 15, 13, 11, 4, 19, 9, 10, 5, 6, 8, 18, 2, 3, 14, 1, 17]",1481,"[0, 1, 13, 2, 4, 3, 16, 19, 9, 7, 10, 8, 17, 15, 11, 6, 5, 12, 14, 18]",1396,1.7127759456634521
"[7, 5, 15, 8, 1, 19, 6, 16, 13, 10, 11, 4, 9, 17, 18, 2, 3, 14, 12, 0]",1484,"[0, 1, 13, 2, 4, 3, 16, 19, 9, 7, 10, 8, 17, 15, 11, 6, 5, 12, 14, 18]",1396,1.7324092388153076
"[10, 19, 15, 5, 8, 0, 2, 11, 17, 9, 14, 6, 1, 12, 16, 3, 7, 4, 18, 13]",1484,"[0, 1, 13, 2, 4, 3, 16, 19, 9, 7, 10, 8, 17, 15, 11, 6, 5, 12, 14, 18]",1396,1.7530388832092285
"[0, 19, 15, 5, 16, 8, 12, 10, 17, 6, 13, 2, 18, 14, 11, 4, 3, 1, 7, 9]",1431,"[0, 1, 13, 2, 4, 3, 16, 19, 9, 7, 10, 8, 17, 15, 11, 6, 5, 12, 14, 18]",1396,1.7723910808563232
"[9, 7, 8, 12, 2, 10, 17, 4, 6, 14, 1, 15, 5, 13, 0, 16, 3, 19, 11, 18]",1462,"[0, 1, 13, 2, 4, 3, 16, 19, 9, 7, 10, 8, 17, 15, 11, 6, 5, 12, 14, 18]",1396,1.7902610301971436
"[3, 1, 16, 19, 9, 11, 13, 4, 17, 5, 12, 2, 8, 15, 7, 18, 6, 0, 10, 14]",1487,"[0, 1, 13, 2, 4, 3, 16, 19, 9, 7, 10, 8, 17, 15, 11, 6, 5, 12, 14, 18]",1396,1.8106260299682617
"[10, 9, 16, 8, 19, 2, 7, 12, 3, 11, 15, 1, 6, 0, 5, 13, 14, 18, 17, 4]",1484,"[0, 1, 13, 2, 4, 3, 16, 19, 9, 7, 10, 8, 17, 15, 11, 6, 5, 12, 14, 18]",1396,1.8319780826568604
"[6, 15, 18, 0, 8, 7, 16, 17, 14, 12, 1, 5, 19, 4, 11, 10, 13, 3, 9, 2]",1440,"[0, 1, 13, 2, 4, 3, 16, 19, 9, 7, 10, 8, 17, 15, 11, 6, 5, 12, 14, 18]",1396,1.8496179580688477
"[6, 9, 2, 0, 5, 13, 19, 1, 7, 17, 15, 18, 16, 12, 3, 14, 4, 11, 8, 10]",1465,"[0, 1, 13, 2, 4, 3, 16, 19, 9, 7, 10, 8, 17, 15, 11, 6, 5, 12, 14, 18]",1396,1.8688242435455322
"[0, 2, 1, 11, 13, 9, 3, 6, 4, 19, 12, 7, 8, 5, 17, 15, 14, 10, 16, 18]",1462,"[0, 1, 13, 2, 4, 3, 16, 19, 9, 7, 10, 8, 17, 15, 11, 6, 5, 12, 14, 18]",1396,1.8873958587646484
"[10, 17, 1, 2, 9, 12, 6, 5, 15, 0, 7, 3, 8, 11, 14, 13, 16, 19, 18, 4]",1484,"[0, 1, 13, 2, 4, 3, 16, 19, 9, 7, 10, 8, 17, 15, 11, 6, 5, 12, 14, 18]",1396,1.9076271057128906
"[4, 5, 17, 7, 16, 19, 6, 13, 18, 0, 10, 12, 14, 11, 9, 15, 8, 2, 1, 3]",1431,"[0, 1, 13, 2, 4, 3, 16, 19, 9, 7, 10, 8, 17, 15, 11, 6, 5, 12, 14, 18]",1396,1.9276809692382812
"[8, 18, 2, 16, 12, 6, 14, 19, 13, 17, 11, 7, 0, 15, 9, 4, 1, 5, 10, 3]",1438,"[0, 1, 13, 2, 4, 3, 16, 19, 9, 7, 10, 8, 17, 15, 11, 6, 5, 12, 14, 18]",1396,1.9496629238128662
"[15, 6, 9, 4, 13, 10, 19, 8, 7, 3, 2, 18, 12, 5, 16, 1, 17, 14, 0, 11]",1468,"[0, 1, 13, 2, 4, 3, 16, 19, 9, 7, 10, 8, 17, 15, 11, 6, 5, 12, 14, 18]",1396,1.9711098670959473
"[19, 8, 7, 18, 16, 0, 4, 3, 9, 17, 10, 6, 2, 1, 14, 15, 11, 5, 12, 13]",1396,"[0, 1, 13, 2, 4, 3, 16, 19, 9, 7, 10, 8, 17, 15, 11, 6, 5, 12, 14, 18]",1396,1.9926972389221191
