Sequence,Fitness,Best_sequence,Best_fitness,Time
"[2, 31, 3, 21, 27, 29, 22, 39, 19, 26, 32, 17, 30, 36, 33, 28, 4, 14, 10, 35, 23, 24, 34, 20, 18, 25, 6, 13, 7, 38, 1, 16, 0, 15, 5, 11, 9, 8, 12, 37]",1610,"[2, 31, 3, 21, 27, 29, 22, 39, 19, 26, 32, 17, 30, 36, 33, 28, 4, 14, 10, 35, 23, 24, 34, 20, 18, 25, 6, 13, 7, 38, 1, 16, 0, 15, 5, 11, 9, 8, 12, 37]",1610,0.00013303756713867188
"[31, 22, 26, 5, 29, 28, 1, 32, 36, 14, 10, 23, 34, 2, 18, 27, 0, 15, 9, 19, 37, 16, 20, 12, 11, 35, 38, 4, 33, 25, 17, 21, 6, 3, 7, 30, 39, 13, 24, 8]",1610,"[2, 31, 3, 21, 27, 29, 22, 39, 19, 26, 32, 17, 30, 36, 33, 28, 4, 14, 10, 35, 23, 24, 34, 20, 18, 25, 6, 13, 7, 38, 1, 16, 0, 15, 5, 11, 9, 8, 12, 37]",1610,0.04257082939147949
"[26, 22, 18, 12, 21, 9, 31, 27, 37, 28, 29, 11, 2, 16, 5, 4, 6, 20, 24, 3, 13, 17, 1, 30, 0, 14, 35, 39, 7, 25, 33, 36, 15, 23, 10, 34, 32, 8, 38, 19]",1573,"[2, 31, 3, 21, 27, 29, 22, 39, 19, 26, 32, 17, 30, 36, 33, 28, 4, 14, 10, 35, 23, 24, 34, 20, 18, 25, 6, 13, 7, 38, 1, 16, 0, 15, 5, 11, 9, 8, 12, 37]",1610,0.08658599853515625
"[38, 3, 22, 8, 27, 5, 35, 36, 11, 15, 14, 16, 33, 26, 6, 28, 21, 31, 30, 2, 29, 19, 37, 9, 1, 12, 0, 20, 34, 24, 25, 39, 17, 23, 10, 13, 32, 18, 4, 7]",1621,"[26, 22, 18, 12, 21, 9, 31, 27, 37, 28, 29, 11, 2, 16, 5, 4, 6, 20, 24, 3, 13, 17, 1, 30, 0, 14, 35, 39, 7, 25, 33, 36, 15, 23, 10, 34, 32, 8, 38, 19]",1573,0.13038301467895508
"[26, 24, 27, 31, 1, 3, 16, 29, 34, 8, 12, 4, 18, 5, 30, 2, 9, 15, 23, 6, 11, 39, 35, 38, 14, 17, 28, 19, 36, 0, 7, 21, 25, 32, 10, 20, 33, 13, 37, 22]",1564,"[26, 22, 18, 12, 21, 9, 31, 27, 37, 28, 29, 11, 2, 16, 5, 4, 6, 20, 24, 3, 13, 17, 1, 30, 0, 14, 35, 39, 7, 25, 33, 36, 15, 23, 10, 34, 32, 8, 38, 19]",1573,0.17261004447937012
"[24, 7, 6, 30, 5, 17, 12, 27, 33, 38, 15, 9, 26, 4, 25, 36, 31, 13, 8, 10, 18, 32, 22, 37, 19, 20, 34, 1, 21, 35, 11, 29, 0, 39, 2, 3, 28, 16, 23, 14]",1652,"[26, 24, 27, 31, 1, 3, 16, 29, 34, 8, 12, 4, 18, 5, 30, 2, 9, 15, 23, 6, 11, 39, 35, 38, 14, 17, 28, 19, 36, 0, 7, 21, 25, 32, 10, 20, 33, 13, 37, 22]",1564,0.21745896339416504
"[13, 29, 23, 30, 11, 36, 9, 8, 27, 39, 31, 25, 1, 16, 12, 21, 4, 18, 2, 20, 10, 0, 17, 37, 28, 35, 15, 6, 5, 33, 24, 3, 38, 32, 34, 7, 22, 26, 19, 14]",1561,"[26, 24, 27, 31, 1, 3, 16, 29, 34, 8, 12, 4, 18, 5, 30, 2, 9, 15, 23, 6, 11, 39, 35, 38, 14, 17, 28, 19, 36, 0, 7, 21, 25, 32, 10, 20, 33, 13, 37, 22]",1564,0.2606377601623535
"[39, 1, 33, 2, 32, 27, 17, 35, 20, 8, 25, 11, 6, 5, 12, 18, 36, 29, 13, 31, 7, 15, 38, 34, 37, 26, 24, 3, 30, 21, 14, 23, 4, 10, 28, 9, 19, 16, 22, 0]",1590,"[13, 29, 23, 30, 11, 36, 9, 8, 27, 39, 31, 25, 1, 16, 12, 21, 4, 18, 2, 20, 10, 0, 17, 37, 28, 35, 15, 6, 5, 33, 24, 3, 38, 32, 34, 7, 22, 26, 19, 14]",1561,0.3045978546142578
"[14, 38, 35, 15, 10, 30, 31, 8, 23, 29, 17, 4, 16, 13, 24, 21, 19, 37, 12, 6, 3, 32, 2, 22, 28, 7, 20, 36, 0, 18, 1, 11, 27, 25, 9, 39, 26, 33, 34, 5]",1564,"[13, 29, 23, 30, 11, 36, 9, 8, 27, 39, 31, 25, 1, 16, 12, 21, 4, 18, 2, 20, 10, 0, 17, 37, 28, 35, 15, 6, 5, 33, 24, 3, 38, 32, 34, 7, 22, 26, 19, 14]",1561,0.34525299072265625
"[10, 37, 15, 28, 35, 36, 5, 0, 7, 23, 19, 6, 1, 32, 26, 22, 31, 38, 39, 33, 27, 8, 34, 14, 13, 4, 21, 2, 17, 9, 3, 25, 20, 30, 16, 11, 18, 12, 29, 24]",1593,"[13, 29, 23, 30, 11, 36, 9, 8, 27, 39, 31, 25, 1, 16, 12, 21, 4, 18, 2, 20, 10, 0, 17, 37, 28, 35, 15, 6, 5, 33, 24, 3, 38, 32, 34, 7, 22, 26, 19, 14]",1561,0.3894999027252197
"[38, 13, 19, 12, 37, 8, 27, 10, 36, 34, 24, 7, 15, 9, 25, 2, 20, 5, 18, 30, 29, 1, 39, 33, 17, 31, 0, 3, 35, 23, 4, 14, 32, 6, 22, 11, 28, 16, 21, 26]",1637,"[13, 29, 23, 30, 11, 36, 9, 8, 27, 39, 31, 25, 1, 16, 12, 21, 4, 18, 2, 20, 10, 0, 17, 37, 28, 35, 15, 6, 5, 33, 24, 3, 38, 32, 34, 7, 22, 26, 19, 14]",1561,0.43514180183410645
"[29, 15, 37, 13, 7, 18, 35, 21, 6, 19, 4, 33, 27, 32, 3, 36, 16, 38, 22, 24, 14, 20, 34, 25, 31, 5, 11, 9, 10, 1, 26, 17, 12, 0, 28, 2, 23, 39, 8, 30]",1598,"[13, 29, 23, 30, 11, 36, 9, 8, 27, 39, 31, 25, 1, 16, 12, 21, 4, 18, 2, 20, 10, 0, 17, 37, 28, 35, 15, 6, 5, 33, 24, 3, 38, 32, 34, 7, 22, 26, 19, 14]",1561,0.4769928455352783
"[14, 8, 17, 37, 33, 29, 28, 25, 9, 6, 22, 35, 20, 2, 24, 23, 7, 4, 1, 13, 19, 21, 36, 26, 3, 31, 34, 11, 0, 16, 5, 27, 30, 18, 39, 10, 15, 38, 32, 12]",1615,"[13, 29, 23, 30, 11, 36, 9, 8, 27, 39, 31, 25, 1, 16, 12, 21, 4, 18, 2, 20, 10, 0, 17, 37, 28, 35, 15, 6, 5, 33, 24, 3, 38, 32, 34, 7, 22, 26, 19, 14]",1561,0.522007942199707
"[12, 20, 21, 37, 15, 25, 29, 30, 26, 17, 10, 4, 6, 34, 2, 28, 18, 0, 35, 16, 22, 31, 23, 24, 3, 9, 32, 11, 13, 19, 39, 1, 33, 14, 7, 36, 5, 8, 27, 38]",1603,"[13, 29, 23, 30, 11, 36, 9, 8, 27, 39, 31, 25, 1, 16, 12, 21, 4, 18, 2, 20, 10, 0, 17, 37, 28, 35, 15, 6, 5, 33, 24, 3, 38, 32, 34, 7, 22, 26, 19, 14]",1561,0.5663888454437256
"[1, 8, 16, 14, 21, 10, 29, 4, 23, 32, 35, 15, 11, 18, 20, 3, 2, 25, 13, 38, 9, 5, 22, 33, 31, 6, 36, 0, 30, 24, 19, 28, 34, 37, 7, 17, 12, 27, 26, 39]",1591,"[13, 29, 23, 30, 11, 36, 9, 8, 27, 39, 31, 25, 1, 16, 12, 21, 4, 18, 2, 20, 10, 0, 17, 37, 28, 35, 15, 6, 5, 33, 24, 3, 38, 32, 34, 7, 22, 26, 19, 14]",1561,0.6114609241485596
"[31, 19, 24, 27, 3, 21, 34, 9, 2, 23, 5, 28, 25, 20, 32, 10, 4, 14, 30, 35, 36, 26, 0, 6, 38, 17, 16, 12, 8, 18, 7, 13, 33, 39, 15, 29, 1, 37, 11, 22]",1587,"[13, 29, 23, 30, 11, 36, 9, 8, 27, 39, 31, 25, 1, 16, 12, 21, 4, 18, 2, 20, 10, 0, 17, 37, 28, 35, 15, 6, 5, 33, 24, 3, 38, 32, 34, 7, 22, 26, 19, 14]",1561,0.6553468704223633
"[21, 19, 28, 8, 37, 10, 14, 3, 24, 6, 39, 20, 29, 17, 16, 9, 15, 23, 34, 13, 36, 18, 27, 30, 5, 35, 2, 31, 26, 1, 22, 32, 7, 25, 0, 4, 12, 38, 11, 33]",1561,"[13, 29, 23, 30, 11, 36, 9, 8, 27, 39, 31, 25, 1, 16, 12, 21, 4, 18, 2, 20, 10, 0, 17, 37, 28, 35, 15, 6, 5, 33, 24, 3, 38, 32, 34, 7, 22, 26, 19, 14]",1561,0.6987240314483643
"[7, 36, 26, 15, 22, 23, 29, 34, 21, 6, 24, 18, 19, 13, 4, 17, 33, 25, 9, 20, 27, 16, 12, 37, 8, 14, 39, 30, 5, 1, 0, 10, 32, 3, 2, 31, 35, 11, 28, 38]",1616,"[13, 29, 23, 30, 11, 36, 9, 8, 27, 39, 31, 25, 1, 16, 12, 21, 4, 18, 2, 20, 10, 0, 17, 37, 28, 35, 15, 6, 5, 33, 24, 3, 38, 32, 34, 7, 22, 26, 19, 14]",1561,0.7417588233947754
"[10, 37, 36, 12, 34, 16, 38, 35, 11, 5, 22, 25, 4, 39, 21, 23, 20, 24, 9, 33, 14, 17, 27, 30, 8, 18, 26, 0, 19, 32, 2, 29, 15, 28, 3, 13, 7, 31, 1, 6]",1613,"[13, 29, 23, 30, 11, 36, 9, 8, 27, 39, 31, 25, 1, 16, 12, 21, 4, 18, 2, 20, 10, 0, 17, 37, 28, 35, 15, 6, 5, 33, 24, 3, 38, 32, 34, 7, 22, 26, 19, 14]",1561,0.7862997055053711
"[30, 9, 15, 37, 25, 32, 33, 18, 13, 27, 39, 34, 8, 1, 35, 24, 11, 29, 17, 38, 19, 26, 21, 12, 14, 3, 16, 0, 20, 10, 2, 4, 28, 36, 31, 22, 23, 6, 5, 7]",1601,"[13, 29, 23, 30, 11, 36, 9, 8, 27, 39, 31, 25, 1, 16, 12, 21, 4, 18, 2, 20, 10, 0, 17, 37, 28, 35, 15, 6, 5, 33, 24, 3, 38, 32, 34, 7, 22, 26, 19, 14]",1561,0.8287920951843262
"[11, 13, 3, 29, 4, 36, 7, 19, 2, 34, 38, 21, 9, 14, 22, 5, 31, 10, 24, 16, 33, 27, 23, 20, 32, 37, 17, 6, 30, 8, 28, 15, 0, 1, 25, 39, 35, 18, 26, 12]",1582,"[13, 29, 23, 30, 11, 36, 9, 8, 27, 39, 31, 25, 1, 16, 12, 21, 4, 18, 2, 20, 10, 0, 17, 37, 28, 35, 15, 6, 5, 33, 24, 3, 38, 32, 34, 7, 22, 26, 19, 14]",1561,0.8714296817779541
"[14, 10, 20, 39, 25, 6, 3, 8, 29, 4, 23, 24, 12, 2, 22, 13, 33, 17, 27, 19, 21, 35, 31, 9, 11, 0, 26, 28, 18, 16, 7, 5, 30, 38, 1, 34, 36, 32, 37, 15]",1624,"[13, 29, 23, 30, 11, 36, 9, 8, 27, 39, 31, 25, 1, 16, 12, 21, 4, 18, 2, 20, 10, 0, 17, 37, 28, 35, 15, 6, 5, 33, 24, 3, 38, 32, 34, 7, 22, 26, 19, 14]",1561,0.9148519039154053
"[3, 30, 22, 32, 21, 36, 0, 29, 34, 26, 6, 1, 38, 16, 7, 2, 13, 20, 9, 31, 35, 15, 5, 37, 18, 24, 23, 10, 33, 11, 17, 39, 12, 8, 28, 27, 19, 25, 4, 14]",1593,"[13, 29, 23, 30, 11, 36, 9, 8, 27, 39, 31, 25, 1, 16, 12, 21, 4, 18, 2, 20, 10, 0, 17, 37, 28, 35, 15, 6, 5, 33, 24, 3, 38, 32, 34, 7, 22, 26, 19, 14]",1561,0.9609818458557129
"[24, 21, 14, 20, 18, 38, 15, 36, 30, 39, 29, 16, 28, 9, 12, 19, 4, 6, 8, 17, 37, 1, 22, 25, 32, 35, 26, 5, 31, 34, 2, 27, 11, 33, 10, 3, 0, 13, 23, 7]",1614,"[13, 29, 23, 30, 11, 36, 9, 8, 27, 39, 31, 25, 1, 16, 12, 21, 4, 18, 2, 20, 10, 0, 17, 37, 28, 35, 15, 6, 5, 33, 24, 3, 38, 32, 34, 7, 22, 26, 19, 14]",1561,1.0054609775543213
"[29, 30, 6, 35, 39, 32, 24, 27, 8, 21, 33, 3, 4, 12, 16, 38, 37, 0, 18, 22, 7, 14, 23, 31, 10, 36, 13, 34, 17, 11, 19, 28, 25, 2, 5, 1, 15, 20, 26, 9]",1600,"[13, 29, 23, 30, 11, 36, 9, 8, 27, 39, 31, 25, 1, 16, 12, 21, 4, 18, 2, 20, 10, 0, 17, 37, 28, 35, 15, 6, 5, 33, 24, 3, 38, 32, 34, 7, 22, 26, 19, 14]",1561,1.0470178127288818
"[17, 14, 16, 21, 20, 38, 32, 5, 1, 2, 3, 6, 7, 9, 35, 15, 31, 26, 22, 30, 28, 24, 33, 34, 27, 23, 10, 39, 8, 18, 0, 36, 12, 29, 11, 4, 25, 37, 13, 19]",1564,"[13, 29, 23, 30, 11, 36, 9, 8, 27, 39, 31, 25, 1, 16, 12, 21, 4, 18, 2, 20, 10, 0, 17, 37, 28, 35, 15, 6, 5, 33, 24, 3, 38, 32, 34, 7, 22, 26, 19, 14]",1561,1.0906627178192139
"[37, 34, 15, 26, 1, 5, 7, 31, 38, 19, 17, 22, 4, 6, 28, 25, 0, 39, 32, 12, 29, 24, 27, 35, 30, 13, 16, 11, 33, 2, 10, 9, 36, 20, 14, 3, 21, 18, 23, 8]",1625,"[13, 29, 23, 30, 11, 36, 9, 8, 27, 39, 31, 25, 1, 16, 12, 21, 4, 18, 2, 20, 10, 0, 17, 37, 28, 35, 15, 6, 5, 33, 24, 3, 38, 32, 34, 7, 22, 26, 19, 14]",1561,1.1351847648620605
"[16, 26, 37, 34, 5, 38, 23, 36, 0, 33, 30, 10, 24, 12, 18, 17, 11, 15, 31, 21, 13, 19, 25, 20, 14, 3, 9, 22, 1, 28, 6, 4, 35, 27, 8, 39, 7, 32, 2, 29]",1584,"[13, 29, 23, 30, 11, 36, 9, 8, 27, 39, 31, 25, 1, 16, 12, 21, 4, 18, 2, 20, 10, 0, 17, 37, 28, 35, 15, 6, 5, 33, 24, 3, 38, 32, 34, 7, 22, 26, 19, 14]",1561,1.17728590965271
"[10, 9, 19, 26, 11, 16, 23, 24, 14, 12, 3, 2, 15, 21, 4, 7, 17, 32, 25, 8, 39, 5, 1, 20, 34, 37, 30, 27, 33, 13, 28, 29, 6, 38, 22, 36, 31, 18, 0, 35]",1582,"[13, 29, 23, 30, 11, 36, 9, 8, 27, 39, 31, 25, 1, 16, 12, 21, 4, 18, 2, 20, 10, 0, 17, 37, 28, 35, 15, 6, 5, 33, 24, 3, 38, 32, 34, 7, 22, 26, 19, 14]",1561,1.221566915512085
"[9, 7, 22, 0, 36, 1, 37, 14, 34, 17, 5, 16, 12, 33, 28, 19, 3, 2, 6, 27, 39, 35, 15, 24, 30, 11, 13, 26, 31, 25, 10, 23, 29, 21, 18, 4, 20, 38, 8, 32]",1612,"[13, 29, 23, 30, 11, 36, 9, 8, 27, 39, 31, 25, 1, 16, 12, 21, 4, 18, 2, 20, 10, 0, 17, 37, 28, 35, 15, 6, 5, 33, 24, 3, 38, 32, 34, 7, 22, 26, 19, 14]",1561,1.2655389308929443
"[13, 2, 14, 29, 32, 11, 22, 39, 37, 5, 12, 16, 17, 4, 30, 10, 24, 33, 20, 31, 23, 27, 19, 34, 8, 25, 38, 1, 15, 36, 18, 3, 28, 9, 26, 0, 21, 6, 7, 35]",1560,"[13, 29, 23, 30, 11, 36, 9, 8, 27, 39, 31, 25, 1, 16, 12, 21, 4, 18, 2, 20, 10, 0, 17, 37, 28, 35, 15, 6, 5, 33, 24, 3, 38, 32, 34, 7, 22, 26, 19, 14]",1561,1.3099241256713867
"[1, 5, 26, 6, 39, 11, 19, 15, 34, 20, 25, 13, 9, 17, 32, 0, 4, 28, 16, 36, 2, 14, 27, 38, 7, 37, 12, 8, 33, 10, 23, 24, 22, 29, 31, 35, 3, 18, 30, 21]",1569,"[13, 2, 14, 29, 32, 11, 22, 39, 37, 5, 12, 16, 17, 4, 30, 10, 24, 33, 20, 31, 23, 27, 19, 34, 8, 25, 38, 1, 15, 36, 18, 3, 28, 9, 26, 0, 21, 6, 7, 35]",1560,1.3555879592895508
"[31, 28, 5, 7, 35, 21, 10, 18, 4, 16, 27, 26, 17, 14, 39, 33, 6, 8, 29, 36, 34, 37, 22, 19, 11, 13, 32, 1, 0, 25, 12, 30, 2, 20, 9, 3, 15, 38, 24, 23]",1554,"[13, 2, 14, 29, 32, 11, 22, 39, 37, 5, 12, 16, 17, 4, 30, 10, 24, 33, 20, 31, 23, 27, 19, 34, 8, 25, 38, 1, 15, 36, 18, 3, 28, 9, 26, 0, 21, 6, 7, 35]",1560,1.397825002670288
"[25, 11, 29, 17, 33, 3, 34, 0, 32, 22, 12, 30, 1, 8, 35, 10, 37, 2, 7, 26, 4, 39, 21, 28, 27, 6, 14, 38, 23, 31, 18, 36, 19, 9, 16, 15, 24, 13, 20, 5]",1631,"[31, 28, 5, 7, 35, 21, 10, 18, 4, 16, 27, 26, 17, 14, 39, 33, 6, 8, 29, 36, 34, 37, 22, 19, 11, 13, 32, 1, 0, 25, 12, 30, 2, 20, 9, 3, 15, 38, 24, 23]",1554,1.4431710243225098
"[27, 8, 16, 20, 0, 9, 3, 17, 18, 32, 35, 4, 38, 13, 25, 22, 24, 34, 11, 1, 30, 33, 10, 21, 36, 2, 29, 5, 6, 23, 14, 12, 28, 15, 31, 7, 37, 39, 19, 26]",1563,"[31, 28, 5, 7, 35, 21, 10, 18, 4, 16, 27, 26, 17, 14, 39, 33, 6, 8, 29, 36, 34, 37, 22, 19, 11, 13, 32, 1, 0, 25, 12, 30, 2, 20, 9, 3, 15, 38, 24, 23]",1554,1.4874060153961182
"[1, 9, 11, 13, 31, 34, 8, 6, 29, 25, 28, 3, 37, 2, 39, 32, 22, 7, 21, 15, 19, 27, 36, 4, 33, 20, 35, 17, 23, 12, 26, 5, 38, 14, 24, 10, 18, 30, 0, 16]",1634,"[31, 28, 5, 7, 35, 21, 10, 18, 4, 16, 27, 26, 17, 14, 39, 33, 6, 8, 29, 36, 34, 37, 22, 19, 11, 13, 32, 1, 0, 25, 12, 30, 2, 20, 9, 3, 15, 38, 24, 23]",1554,1.5312278270721436
"[4, 23, 36, 2, 15, 1, 21, 26, 38, 19, 22, 37, 14, 29, 30, 13, 18, 17, 10, 25, 8, 20, 34, 16, 7, 27, 12, 11, 6, 28, 24, 3, 39, 9, 0, 33, 5, 32, 35, 31]",1578,"[31, 28, 5, 7, 35, 21, 10, 18, 4, 16, 27, 26, 17, 14, 39, 33, 6, 8, 29, 36, 34, 37, 22, 19, 11, 13, 32, 1, 0, 25, 12, 30, 2, 20, 9, 3, 15, 38, 24, 23]",1554,1.574394941329956
"[26, 39, 32, 4, 2, 35, 5, 31, 38, 9, 15, 17, 37, 18, 33, 25, 7, 3, 13, 6, 16, 36, 8, 11, 29, 27, 24, 14, 22, 12, 28, 10, 34, 1, 20, 30, 0, 21, 23, 19]",1574,"[31, 28, 5, 7, 35, 21, 10, 18, 4, 16, 27, 26, 17, 14, 39, 33, 6, 8, 29, 36, 34, 37, 22, 19, 11, 13, 32, 1, 0, 25, 12, 30, 2, 20, 9, 3, 15, 38, 24, 23]",1554,1.6306748390197754
"[18, 11, 6, 19, 24, 30, 12, 5, 26, 9, 1, 16, 17, 2, 27, 13, 29, 10, 37, 15, 23, 22, 33, 8, 0, 20, 4, 34, 28, 21, 25, 38, 36, 31, 39, 3, 32, 7, 14, 35]",1560,"[31, 28, 5, 7, 35, 21, 10, 18, 4, 16, 27, 26, 17, 14, 39, 33, 6, 8, 29, 36, 34, 37, 22, 19, 11, 13, 32, 1, 0, 25, 12, 30, 2, 20, 9, 3, 15, 38, 24, 23]",1554,1.674454927444458
"[36, 24, 13, 11, 35, 34, 5, 26, 33, 12, 10, 27, 22, 32, 21, 30, 23, 37, 19, 25, 1, 28, 17, 2, 7, 15, 38, 6, 3, 31, 39, 18, 9, 20, 4, 0, 14, 29, 8, 16]",1643,"[31, 28, 5, 7, 35, 21, 10, 18, 4, 16, 27, 26, 17, 14, 39, 33, 6, 8, 29, 36, 34, 37, 22, 19, 11, 13, 32, 1, 0, 25, 12, 30, 2, 20, 9, 3, 15, 38, 24, 23]",1554,1.7195708751678467
"[17, 34, 14, 13, 10, 11, 24, 2, 37, 5, 7, 3, 28, 8, 29, 12, 25, 26, 1, 21, 39, 33, 36, 6, 23, 22, 35, 20, 27, 19, 0, 31, 38, 16, 4, 9, 30, 32, 15, 18]",1648,"[31, 28, 5, 7, 35, 21, 10, 18, 4, 16, 27, 26, 17, 14, 39, 33, 6, 8, 29, 36, 34, 37, 22, 19, 11, 13, 32, 1, 0, 25, 12, 30, 2, 20, 9, 3, 15, 38, 24, 23]",1554,1.7624049186706543
"[8, 19, 16, 29, 34, 30, 35, 27, 10, 24, 38, 5, 4, 25, 7, 18, 13, 17, 26, 9, 22, 11, 20, 2, 31, 23, 14, 39, 21, 0, 32, 3, 28, 36, 6, 1, 15, 12, 33, 37]",1606,"[31, 28, 5, 7, 35, 21, 10, 18, 4, 16, 27, 26, 17, 14, 39, 33, 6, 8, 29, 36, 34, 37, 22, 19, 11, 13, 32, 1, 0, 25, 12, 30, 2, 20, 9, 3, 15, 38, 24, 23]",1554,1.8036768436431885
"[39, 16, 29, 35, 10, 4, 26, 6, 12, 23, 13, 5, 0, 14, 15, 30, 19, 38, 28, 36, 21, 2, 33, 22, 34, 18, 7, 27, 11, 37, 3, 24, 31, 1, 25, 9, 17, 20, 32, 8]",1601,"[31, 28, 5, 7, 35, 21, 10, 18, 4, 16, 27, 26, 17, 14, 39, 33, 6, 8, 29, 36, 34, 37, 22, 19, 11, 13, 32, 1, 0, 25, 12, 30, 2, 20, 9, 3, 15, 38, 24, 23]",1554,1.848261833190918
"[39, 22, 33, 2, 7, 37, 28, 21, 27, 3, 12, 19, 1, 6, 0, 35, 13, 14, 20, 24, 17, 4, 26, 25, 34, 36, 30, 15, 16, 38, 8, 18, 31, 23, 32, 29, 10, 9, 5, 11]",1557,"[31, 28, 5, 7, 35, 21, 10, 18, 4, 16, 27, 26, 17, 14, 39, 33, 6, 8, 29, 36, 34, 37, 22, 19, 11, 13, 32, 1, 0, 25, 12, 30, 2, 20, 9, 3, 15, 38, 24, 23]",1554,1.8902688026428223
"[39, 6, 5, 20, 26, 9, 23, 15, 12, 33, 0, 32, 16, 1, 7, 18, 34, 24, 25, 29, 14, 4, 22, 35, 38, 8, 10, 37, 31, 3, 28, 19, 36, 27, 30, 17, 21, 2, 11, 13]",1603,"[31, 28, 5, 7, 35, 21, 10, 18, 4, 16, 27, 26, 17, 14, 39, 33, 6, 8, 29, 36, 34, 37, 22, 19, 11, 13, 32, 1, 0, 25, 12, 30, 2, 20, 9, 3, 15, 38, 24, 23]",1554,1.9325339794158936
"[13, 35, 5, 27, 6, 17, 10, 29, 38, 39, 34, 30, 9, 23, 32, 2, 8, 11, 22, 0, 25, 7, 3, 12, 36, 14, 16, 31, 18, 33, 28, 4, 1, 21, 20, 19, 24, 37, 26, 15]",1561,"[31, 28, 5, 7, 35, 21, 10, 18, 4, 16, 27, 26, 17, 14, 39, 33, 6, 8, 29, 36, 34, 37, 22, 19, 11, 13, 32, 1, 0, 25, 12, 30, 2, 20, 9, 3, 15, 38, 24, 23]",1554,1.975386142730713
"[27, 18, 2, 19, 24, 29, 8, 34, 36, 25, 20, 23, 22, 39, 11, 37, 7, 28, 14, 9, 4, 1, 5, 35, 21, 31, 26, 6, 32, 17, 3, 30, 0, 33, 12, 38, 15, 16, 10, 13]",1631,"[31, 28, 5, 7, 35, 21, 10, 18, 4, 16, 27, 26, 17, 14, 39, 33, 6, 8, 29, 36, 34, 37, 22, 19, 11, 13, 32, 1, 0, 25, 12, 30, 2, 20, 9, 3, 15, 38, 24, 23]",1554,2.0163607597351074
"[23, 20, 29, 24, 28, 35, 4, 3, 9, 17, 10, 25, 27, 1, 21, 22, 11, 26, 12, 13, 8, 34, 15, 19, 18, 6, 5, 36, 16, 30, 32, 7, 31, 2, 37, 39, 33, 38, 14, 0]",1590,"[31, 28, 5, 7, 35, 21, 10, 18, 4, 16, 27, 26, 17, 14, 39, 33, 6, 8, 29, 36, 34, 37, 22, 19, 11, 13, 32, 1, 0, 25, 12, 30, 2, 20, 9, 3, 15, 38, 24, 23]",1554,2.057947874069214
"[21, 30, 31, 28, 37, 10, 15, 14, 34, 35, 32, 26, 3, 0, 17, 2, 8, 27, 16, 19, 1, 11, 6, 5, 39, 38, 4, 13, 25, 23, 12, 36, 24, 33, 20, 22, 9, 18, 29, 7]",1593,"[31, 28, 5, 7, 35, 21, 10, 18, 4, 16, 27, 26, 17, 14, 39, 33, 6, 8, 29, 36, 34, 37, 22, 19, 11, 13, 32, 1, 0, 25, 12, 30, 2, 20, 9, 3, 15, 38, 24, 23]",1554,2.100404977798462
"[23, 35, 9, 15, 13, 28, 31, 26, 39, 19, 32, 20, 18, 4, 24, 33, 30, 5, 36, 12, 0, 1, 22, 2, 8, 6, 34, 14, 11, 25, 37, 21, 16, 27, 10, 3, 29, 17, 38, 7]",1587,"[31, 28, 5, 7, 35, 21, 10, 18, 4, 16, 27, 26, 17, 14, 39, 33, 6, 8, 29, 36, 34, 37, 22, 19, 11, 13, 32, 1, 0, 25, 12, 30, 2, 20, 9, 3, 15, 38, 24, 23]",1554,2.140455961227417
"[29, 13, 18, 8, 25, 27, 11, 3, 4, 36, 20, 30, 2, 6, 28, 37, 24, 7, 14, 17, 10, 21, 35, 9, 26, 39, 31, 23, 19, 1, 34, 22, 16, 12, 0, 33, 38, 15, 5, 32]",1612,"[31, 28, 5, 7, 35, 21, 10, 18, 4, 16, 27, 26, 17, 14, 39, 33, 6, 8, 29, 36, 34, 37, 22, 19, 11, 13, 32, 1, 0, 25, 12, 30, 2, 20, 9, 3, 15, 38, 24, 23]",1554,2.183088779449463
"[14, 17, 23, 29, 37, 11, 38, 36, 28, 8, 5, 31, 34, 0, 9, 20, 25, 10, 7, 21, 15, 2, 16, 13, 26, 19, 6, 12, 4, 35, 1, 18, 39, 27, 32, 22, 30, 3, 24, 33]",1567,"[31, 28, 5, 7, 35, 21, 10, 18, 4, 16, 27, 26, 17, 14, 39, 33, 6, 8, 29, 36, 34, 37, 22, 19, 11, 13, 32, 1, 0, 25, 12, 30, 2, 20, 9, 3, 15, 38, 24, 23]",1554,2.2240099906921387
"[19, 32, 35, 15, 33, 13, 8, 6, 10, 7, 36, 3, 24, 9, 25, 4, 30, 39, 21, 14, 5, 26, 0, 28, 20, 27, 11, 1, 17, 38, 16, 37, 31, 34, 29, 18, 22, 2, 23, 12]",1584,"[31, 28, 5, 7, 35, 21, 10, 18, 4, 16, 27, 26, 17, 14, 39, 33, 6, 8, 29, 36, 34, 37, 22, 19, 11, 13, 32, 1, 0, 25, 12, 30, 2, 20, 9, 3, 15, 38, 24, 23]",1554,2.2671608924865723
"[15, 21, 33, 30, 8, 37, 11, 20, 22, 19, 12, 10, 23, 29, 32, 25, 1, 36, 28, 24, 14, 18, 39, 17, 5, 16, 6, 31, 0, 3, 27, 35, 13, 4, 2, 34, 9, 7, 38, 26]",1557,"[31, 28, 5, 7, 35, 21, 10, 18, 4, 16, 27, 26, 17, 14, 39, 33, 6, 8, 29, 36, 34, 37, 22, 19, 11, 13, 32, 1, 0, 25, 12, 30, 2, 20, 9, 3, 15, 38, 24, 23]",1554,2.3107497692108154
"[26, 33, 38, 1, 3, 34, 19, 28, 5, 15, 12, 16, 23, 39, 8, 11, 4, 18, 24, 0, 35, 29, 37, 6, 10, 9, 31, 21, 17, 13, 20, 36, 14, 27, 30, 32, 25, 2, 7, 22]",1587,"[31, 28, 5, 7, 35, 21, 10, 18, 4, 16, 27, 26, 17, 14, 39, 33, 6, 8, 29, 36, 34, 37, 22, 19, 11, 13, 32, 1, 0, 25, 12, 30, 2, 20, 9, 3, 15, 38, 24, 23]",1554,2.3521928787231445
"[10, 15, 1, 11, 14, 9, 6, 2, 19, 26, 36, 35, 0, 29, 8, 3, 27, 39, 7, 22, 18, 13, 38, 4, 17, 33, 16, 31, 5, 25, 20, 32, 34, 23, 28, 21, 12, 24, 30, 37]",1613,"[31, 28, 5, 7, 35, 21, 10, 18, 4, 16, 27, 26, 17, 14, 39, 33, 6, 8, 29, 36, 34, 37, 22, 19, 11, 13, 32, 1, 0, 25, 12, 30, 2, 20, 9, 3, 15, 38, 24, 23]",1554,2.40016508102417
"[8, 9, 39, 10, 23, 19, 18, 33, 13, 30, 24, 34, 27, 6, 1, 26, 22, 31, 17, 21, 0, 36, 3, 5, 35, 16, 4, 38, 32, 20, 11, 14, 2, 7, 28, 37, 29, 15, 25, 12]",1584,"[31, 28, 5, 7, 35, 21, 10, 18, 4, 16, 27, 26, 17, 14, 39, 33, 6, 8, 29, 36, 34, 37, 22, 19, 11, 13, 32, 1, 0, 25, 12, 30, 2, 20, 9, 3, 15, 38, 24, 23]",1554,2.441525936126709
"[12, 39, 22, 1, 21, 15, 38, 31, 10, 20, 35, 7, 18, 4, 28, 6, 9, 17, 8, 30, 16, 26, 34, 13, 19, 29, 33, 32, 3, 24, 0, 27, 2, 23, 14, 36, 5, 25, 37, 11]",1614,"[31, 28, 5, 7, 35, 21, 10, 18, 4, 16, 27, 26, 17, 14, 39, 33, 6, 8, 29, 36, 34, 37, 22, 19, 11, 13, 32, 1, 0, 25, 12, 30, 2, 20, 9, 3, 15, 38, 24, 23]",1554,2.4829161167144775
"[24, 13, 38, 8, 26, 6, 12, 37, 1, 29, 0, 28, 18, 15, 17, 31, 5, 14, 23, 27, 22, 19, 20, 33, 10, 3, 11, 9, 34, 36, 4, 21, 35, 7, 32, 25, 39, 30, 16, 2]",1640,"[31, 28, 5, 7, 35, 21, 10, 18, 4, 16, 27, 26, 17, 14, 39, 33, 6, 8, 29, 36, 34, 37, 22, 19, 11, 13, 32, 1, 0, 25, 12, 30, 2, 20, 9, 3, 15, 38, 24, 23]",1554,2.5263519287109375
"[30, 37, 14, 26, 0, 39, 31, 7, 29, 27, 35, 1, 20, 9, 17, 16, 21, 32, 18, 4, 15, 33, 28, 13, 11, 6, 23, 36, 25, 22, 2, 3, 19, 24, 34, 12, 8, 10, 38, 5]",1610,"[31, 28, 5, 7, 35, 21, 10, 18, 4, 16, 27, 26, 17, 14, 39, 33, 6, 8, 29, 36, 34, 37, 22, 19, 11, 13, 32, 1, 0, 25, 12, 30, 2, 20, 9, 3, 15, 38, 24, 23]",1554,2.5706489086151123
"[17, 6, 34, 30, 27, 32, 22, 18, 25, 23, 1, 21, 19, 38, 31, 24, 15, 28, 37, 16, 35, 36, 26, 3, 39, 13, 4, 9, 33, 0, 5, 8, 10, 2, 20, 12, 11, 14, 7, 29]",1596,"[31, 28, 5, 7, 35, 21, 10, 18, 4, 16, 27, 26, 17, 14, 39, 33, 6, 8, 29, 36, 34, 37, 22, 19, 11, 13, 32, 1, 0, 25, 12, 30, 2, 20, 9, 3, 15, 38, 24, 23]",1554,2.6127679347991943
"[3, 15, 22, 0, 35, 14, 30, 17, 32, 7, 39, 11, 27, 20, 25, 12, 26, 4, 21, 5, 19, 31, 2, 9, 24, 13, 1, 37, 10, 38, 36, 34, 28, 16, 18, 29, 8, 23, 6, 33]",1567,"[31, 28, 5, 7, 35, 21, 10, 18, 4, 16, 27, 26, 17, 14, 39, 33, 6, 8, 29, 36, 34, 37, 22, 19, 11, 13, 32, 1, 0, 25, 12, 30, 2, 20, 9, 3, 15, 38, 24, 23]",1554,2.6553568840026855
"[32, 39, 24, 6, 36, 31, 18, 37, 25, 15, 3, 34, 4, 17, 0, 35, 29, 9, 10, 7, 38, 21, 8, 1, 23, 2, 33, 30, 11, 13, 5, 14, 19, 20, 22, 28, 26, 12, 27, 16]",1631,"[31, 28, 5, 7, 35, 21, 10, 18, 4, 16, 27, 26, 17, 14, 39, 33, 6, 8, 29, 36, 34, 37, 22, 19, 11, 13, 32, 1, 0, 25, 12, 30, 2, 20, 9, 3, 15, 38, 24, 23]",1554,2.6954989433288574
"[27, 17, 26, 23, 2, 0, 16, 5, 19, 28, 31, 20, 12, 15, 25, 6, 30, 32, 3, 7, 34, 22, 14, 37, 1, 24, 11, 33, 10, 9, 35, 29, 13, 4, 21, 8, 39, 36, 38, 18]",1598,"[31, 28, 5, 7, 35, 21, 10, 18, 4, 16, 27, 26, 17, 14, 39, 33, 6, 8, 29, 36, 34, 37, 22, 19, 11, 13, 32, 1, 0, 25, 12, 30, 2, 20, 9, 3, 15, 38, 24, 23]",1554,2.738550901412964
"[38, 22, 19, 8, 13, 15, 5, 20, 33, 31, 34, 2, 35, 1, 27, 12, 0, 39, 36, 9, 3, 21, 14, 28, 16, 4, 10, 6, 30, 11, 7, 24, 18, 26, 32, 17, 25, 29, 37, 23]",1590,"[31, 28, 5, 7, 35, 21, 10, 18, 4, 16, 27, 26, 17, 14, 39, 33, 6, 8, 29, 36, 34, 37, 22, 19, 11, 13, 32, 1, 0, 25, 12, 30, 2, 20, 9, 3, 15, 38, 24, 23]",1554,2.780600070953369
"[12, 10, 34, 11, 2, 22, 38, 33, 35, 16, 6, 19, 30, 27, 4, 5, 26, 32, 0, 36, 17, 13, 31, 21, 37, 1, 14, 9, 24, 28, 18, 23, 8, 15, 7, 20, 3, 29, 39, 25]",1605,"[31, 28, 5, 7, 35, 21, 10, 18, 4, 16, 27, 26, 17, 14, 39, 33, 6, 8, 29, 36, 34, 37, 22, 19, 11, 13, 32, 1, 0, 25, 12, 30, 2, 20, 9, 3, 15, 38, 24, 23]",1554,2.8229029178619385
"[32, 26, 16, 4, 37, 28, 5, 20, 6, 38, 35, 31, 39, 23, 15, 12, 34, 17, 18, 1, 13, 36, 33, 29, 30, 27, 24, 2, 8, 21, 7, 3, 9, 19, 11, 10, 14, 22, 0, 25]",1584,"[31, 28, 5, 7, 35, 21, 10, 18, 4, 16, 27, 26, 17, 14, 39, 33, 6, 8, 29, 36, 34, 37, 22, 19, 11, 13, 32, 1, 0, 25, 12, 30, 2, 20, 9, 3, 15, 38, 24, 23]",1554,2.8644888401031494
"[17, 9, 35, 11, 24, 30, 34, 33, 19, 27, 36, 6, 32, 2, 10, 26, 29, 20, 31, 28, 22, 14, 3, 39, 12, 8, 37, 4, 18, 1, 23, 16, 13, 15, 5, 38, 7, 0, 21, 25]",1587,"[31, 28, 5, 7, 35, 21, 10, 18, 4, 16, 27, 26, 17, 14, 39, 33, 6, 8, 29, 36, 34, 37, 22, 19, 11, 13, 32, 1, 0, 25, 12, 30, 2, 20, 9, 3, 15, 38, 24, 23]",1554,2.9054131507873535
"[22, 16, 1, 13, 24, 10, 35, 32, 14, 2, 23, 27, 18, 39, 9, 38, 0, 6, 34, 33, 20, 17, 4, 29, 12, 25, 36, 28, 11, 31, 8, 30, 37, 5, 15, 19, 21, 3, 7, 26]",1561,"[31, 28, 5, 7, 35, 21, 10, 18, 4, 16, 27, 26, 17, 14, 39, 33, 6, 8, 29, 36, 34, 37, 22, 19, 11, 13, 32, 1, 0, 25, 12, 30, 2, 20, 9, 3, 15, 38, 24, 23]",1554,2.9504029750823975
"[0, 39, 29, 8, 32, 35, 24, 27, 2, 31, 20, 10, 17, 33, 28, 12, 30, 26, 1, 23, 15, 38, 9, 7, 36, 21, 18, 5, 19, 11, 6, 25, 13, 37, 16, 4, 22, 3, 14, 34]",1631,"[31, 28, 5, 7, 35, 21, 10, 18, 4, 16, 27, 26, 17, 14, 39, 33, 6, 8, 29, 36, 34, 37, 22, 19, 11, 13, 32, 1, 0, 25, 12, 30, 2, 20, 9, 3, 15, 38, 24, 23]",1554,2.993252992630005
"[20, 2, 21, 17, 16, 32, 39, 19, 4, 29, 15, 6, 26, 18, 28, 25, 1, 5, 35, 34, 38, 14, 10, 9, 8, 27, 3, 13, 7, 36, 0, 23, 30, 37, 33, 22, 31, 24, 11, 12]",1570,"[31, 28, 5, 7, 35, 21, 10, 18, 4, 16, 27, 26, 17, 14, 39, 33, 6, 8, 29, 36, 34, 37, 22, 19, 11, 13, 32, 1, 0, 25, 12, 30, 2, 20, 9, 3, 15, 38, 24, 23]",1554,3.036775827407837
"[35, 21, 16, 1, 11, 9, 26, 34, 20, 19, 3, 4, 37, 12, 15, 25, 24, 5, 31, 36, 22, 17, 27, 6, 7, 28, 13, 33, 18, 38, 10, 8, 2, 0, 23, 39, 30, 14, 29, 32]",1612,"[31, 28, 5, 7, 35, 21, 10, 18, 4, 16, 27, 26, 17, 14, 39, 33, 6, 8, 29, 36, 34, 37, 22, 19, 11, 13, 32, 1, 0, 25, 12, 30, 2, 20, 9, 3, 15, 38, 24, 23]",1554,3.0806329250335693
"[13, 4, 2, 29, 3, 1, 34, 31, 25, 36, 39, 30, 20, 9, 18, 10, 6, 37, 7, 33, 15, 19, 8, 5, 28, 24, 35, 26, 23, 16, 32, 22, 0, 38, 12, 17, 14, 11, 27, 21]",1597,"[31, 28, 5, 7, 35, 21, 10, 18, 4, 16, 27, 26, 17, 14, 39, 33, 6, 8, 29, 36, 34, 37, 22, 19, 11, 13, 32, 1, 0, 25, 12, 30, 2, 20, 9, 3, 15, 38, 24, 23]",1554,3.1225128173828125
"[12, 20, 9, 39, 38, 24, 8, 13, 37, 10, 33, 36, 11, 32, 15, 5, 7, 6, 25, 1, 27, 23, 29, 30, 26, 31, 28, 21, 19, 3, 16, 4, 17, 18, 0, 34, 14, 35, 22, 2]",1560,"[31, 28, 5, 7, 35, 21, 10, 18, 4, 16, 27, 26, 17, 14, 39, 33, 6, 8, 29, 36, 34, 37, 22, 19, 11, 13, 32, 1, 0, 25, 12, 30, 2, 20, 9, 3, 15, 38, 24, 23]",1554,3.1655139923095703
"[23, 36, 26, 16, 4, 31, 33, 22, 14, 5, 27, 28, 11, 13, 34, 35, 8, 25, 12, 39, 1, 0, 15, 21, 19, 2, 18, 17, 29, 3, 37, 24, 7, 9, 10, 6, 20, 38, 32, 30]",1621,"[31, 28, 5, 7, 35, 21, 10, 18, 4, 16, 27, 26, 17, 14, 39, 33, 6, 8, 29, 36, 34, 37, 22, 19, 11, 13, 32, 1, 0, 25, 12, 30, 2, 20, 9, 3, 15, 38, 24, 23]",1554,3.2075040340423584
"[26, 28, 22, 12, 8, 30, 14, 23, 1, 11, 18, 21, 34, 39, 5, 10, 31, 17, 19, 6, 4, 35, 33, 16, 32, 3, 2, 38, 7, 20, 36, 13, 0, 24, 37, 9, 15, 29, 27, 25]",1587,"[31, 28, 5, 7, 35, 21, 10, 18, 4, 16, 27, 26, 17, 14, 39, 33, 6, 8, 29, 36, 34, 37, 22, 19, 11, 13, 32, 1, 0, 25, 12, 30, 2, 20, 9, 3, 15, 38, 24, 23]",1554,3.2496800422668457
"[37, 38, 6, 4, 30, 2, 29, 14, 21, 13, 18, 0, 36, 7, 28, 39, 11, 9, 34, 3, 19, 17, 22, 23, 27, 25, 32, 8, 33, 16, 15, 5, 35, 10, 1, 31, 24, 20, 12, 26]",1569,"[31, 28, 5, 7, 35, 21, 10, 18, 4, 16, 27, 26, 17, 14, 39, 33, 6, 8, 29, 36, 34, 37, 22, 19, 11, 13, 32, 1, 0, 25, 12, 30, 2, 20, 9, 3, 15, 38, 24, 23]",1554,3.2919857501983643
"[37, 16, 7, 29, 9, 31, 13, 1, 30, 14, 21, 27, 25, 17, 10, 3, 39, 5, 18, 20, 22, 19, 24, 11, 15, 23, 8, 32, 33, 0, 4, 26, 12, 38, 35, 6, 28, 36, 2, 34]",1601,"[31, 28, 5, 7, 35, 21, 10, 18, 4, 16, 27, 26, 17, 14, 39, 33, 6, 8, 29, 36, 34, 37, 22, 19, 11, 13, 32, 1, 0, 25, 12, 30, 2, 20, 9, 3, 15, 38, 24, 23]",1554,3.334383964538574
"[17, 30, 5, 22, 0, 35, 19, 14, 6, 38, 33, 4, 13, 31, 27, 20, 9, 29, 1, 32, 8, 24, 10, 2, 25, 26, 18, 16, 37, 11, 34, 12, 15, 23, 28, 36, 3, 7, 21, 39]",1610,"[31, 28, 5, 7, 35, 21, 10, 18, 4, 16, 27, 26, 17, 14, 39, 33, 6, 8, 29, 36, 34, 37, 22, 19, 11, 13, 32, 1, 0, 25, 12, 30, 2, 20, 9, 3, 15, 38, 24, 23]",1554,3.379189968109131
"[12, 38, 1, 4, 23, 27, 13, 25, 39, 20, 8, 21, 29, 28, 6, 17, 5, 11, 37, 10, 30, 22, 35, 18, 19, 3, 15, 36, 14, 7, 34, 32, 33, 31, 9, 0, 2, 16, 24, 26]",1646,"[31, 28, 5, 7, 35, 21, 10, 18, 4, 16, 27, 26, 17, 14, 39, 33, 6, 8, 29, 36, 34, 37, 22, 19, 11, 13, 32, 1, 0, 25, 12, 30, 2, 20, 9, 3, 15, 38, 24, 23]",1554,3.4212379455566406
"[6, 39, 20, 23, 3, 0, 29, 38, 33, 17, 1, 10, 26, 24, 34, 5, 19, 25, 14, 8, 37, 32, 13, 27, 18, 35, 7, 16, 11, 2, 4, 12, 9, 28, 21, 15, 36, 30, 31, 22]",1613,"[31, 28, 5, 7, 35, 21, 10, 18, 4, 16, 27, 26, 17, 14, 39, 33, 6, 8, 29, 36, 34, 37, 22, 19, 11, 13, 32, 1, 0, 25, 12, 30, 2, 20, 9, 3, 15, 38, 24, 23]",1554,3.464050769805908
"[16, 29, 21, 28, 19, 7, 22, 14, 20, 13, 8, 30, 38, 6, 35, 23, 9, 36, 17, 1, 26, 10, 11, 2, 3, 4, 32, 31, 24, 27, 39, 18, 5, 34, 0, 33, 12, 15, 25, 37]",1584,"[31, 28, 5, 7, 35, 21, 10, 18, 4, 16, 27, 26, 17, 14, 39, 33, 6, 8, 29, 36, 34, 37, 22, 19, 11, 13, 32, 1, 0, 25, 12, 30, 2, 20, 9, 3, 15, 38, 24, 23]",1554,3.5057179927825928
"[11, 8, 31, 0, 17, 13, 4, 30, 36, 1, 18, 21, 16, 22, 39, 2, 20, 23, 26, 34, 12, 27, 3, 15, 5, 10, 25, 38, 24, 33, 7, 9, 35, 28, 19, 14, 37, 29, 32, 6]",1615,"[31, 28, 5, 7, 35, 21, 10, 18, 4, 16, 27, 26, 17, 14, 39, 33, 6, 8, 29, 36, 34, 37, 22, 19, 11, 13, 32, 1, 0, 25, 12, 30, 2, 20, 9, 3, 15, 38, 24, 23]",1554,3.5474610328674316
"[24, 27, 13, 38, 19, 18, 14, 30, 31, 23, 8, 17, 35, 32, 4, 11, 37, 7, 16, 10, 25, 36, 5, 0, 34, 15, 12, 6, 29, 33, 1, 39, 9, 28, 3, 21, 26, 20, 2, 22]",1601,"[31, 28, 5, 7, 35, 21, 10, 18, 4, 16, 27, 26, 17, 14, 39, 33, 6, 8, 29, 36, 34, 37, 22, 19, 11, 13, 32, 1, 0, 25, 12, 30, 2, 20, 9, 3, 15, 38, 24, 23]",1554,3.5894088745117188
"[29, 20, 38, 33, 14, 7, 30, 1, 31, 9, 34, 39, 36, 18, 5, 35, 4, 25, 27, 22, 11, 19, 24, 3, 10, 13, 15, 2, 21, 6, 32, 8, 16, 28, 37, 12, 26, 17, 23, 0]",1584,"[31, 28, 5, 7, 35, 21, 10, 18, 4, 16, 27, 26, 17, 14, 39, 33, 6, 8, 29, 36, 34, 37, 22, 19, 11, 13, 32, 1, 0, 25, 12, 30, 2, 20, 9, 3, 15, 38, 24, 23]",1554,3.631035804748535
"[38, 10, 1, 29, 31, 5, 19, 37, 22, 11, 6, 39, 4, 25, 17, 8, 12, 24, 35, 0, 15, 36, 28, 9, 30, 3, 27, 20, 18, 21, 13, 32, 33, 26, 14, 7, 23, 2, 16, 34]",1640,"[31, 28, 5, 7, 35, 21, 10, 18, 4, 16, 27, 26, 17, 14, 39, 33, 6, 8, 29, 36, 34, 37, 22, 19, 11, 13, 32, 1, 0, 25, 12, 30, 2, 20, 9, 3, 15, 38, 24, 23]",1554,3.6754989624023438
"[10, 38, 19, 39, 4, 20, 13, 16, 1, 6, 3, 33, 28, 26, 30, 14, 11, 29, 21, 23, 5, 31, 2, 35, 22, 24, 37, 34, 17, 0, 9, 7, 25, 36, 32, 27, 18, 15, 8, 12]",1604,"[31, 28, 5, 7, 35, 21, 10, 18, 4, 16, 27, 26, 17, 14, 39, 33, 6, 8, 29, 36, 34, 37, 22, 19, 11, 13, 32, 1, 0, 25, 12, 30, 2, 20, 9, 3, 15, 38, 24, 23]",1554,3.7317099571228027
"[11, 18, 15, 12, 4, 33, 30, 28, 23, 2, 16, 9, 7, 3, 19, 6, 37, 35, 17, 20, 14, 38, 27, 36, 22, 21, 29, 8, 26, 39, 31, 1, 10, 0, 5, 13, 34, 25, 32, 24]",1627,"[31, 28, 5, 7, 35, 21, 10, 18, 4, 16, 27, 26, 17, 14, 39, 33, 6, 8, 29, 36, 34, 37, 22, 19, 11, 13, 32, 1, 0, 25, 12, 30, 2, 20, 9, 3, 15, 38, 24, 23]",1554,3.7755889892578125
"[17, 25, 9, 39, 30, 14, 33, 0, 37, 15, 34, 32, 1, 21, 12, 23, 29, 20, 6, 36, 18, 28, 16, 5, 3, 13, 31, 35, 4, 7, 38, 8, 2, 26, 27, 10, 24, 19, 11, 22]",1572,"[31, 28, 5, 7, 35, 21, 10, 18, 4, 16, 27, 26, 17, 14, 39, 33, 6, 8, 29, 36, 34, 37, 22, 19, 11, 13, 32, 1, 0, 25, 12, 30, 2, 20, 9, 3, 15, 38, 24, 23]",1554,3.818427801132202
"[21, 0, 37, 17, 27, 30, 7, 36, 4, 5, 13, 22, 28, 24, 9, 33, 29, 1, 14, 26, 39, 10, 23, 12, 35, 20, 15, 3, 25, 11, 19, 2, 8, 38, 16, 32, 31, 34, 18, 6]",1615,"[31, 28, 5, 7, 35, 21, 10, 18, 4, 16, 27, 26, 17, 14, 39, 33, 6, 8, 29, 36, 34, 37, 22, 19, 11, 13, 32, 1, 0, 25, 12, 30, 2, 20, 9, 3, 15, 38, 24, 23]",1554,3.862701892852783
"[32, 31, 5, 9, 34, 37, 18, 12, 19, 13, 27, 36, 0, 22, 24, 2, 26, 25, 23, 30, 21, 11, 29, 33, 15, 14, 17, 10, 28, 16, 20, 4, 8, 39, 6, 3, 1, 38, 7, 35]",1587,"[31, 28, 5, 7, 35, 21, 10, 18, 4, 16, 27, 26, 17, 14, 39, 33, 6, 8, 29, 36, 34, 37, 22, 19, 11, 13, 32, 1, 0, 25, 12, 30, 2, 20, 9, 3, 15, 38, 24, 23]",1554,3.905189037322998
"[12, 9, 17, 2, 37, 23, 7, 28, 5, 18, 4, 36, 22, 29, 16, 10, 19, 38, 33, 15, 3, 8, 13, 27, 0, 14, 31, 25, 21, 39, 1, 35, 30, 6, 24, 26, 34, 11, 20, 32]",1615,"[31, 28, 5, 7, 35, 21, 10, 18, 4, 16, 27, 26, 17, 14, 39, 33, 6, 8, 29, 36, 34, 37, 22, 19, 11, 13, 32, 1, 0, 25, 12, 30, 2, 20, 9, 3, 15, 38, 24, 23]",1554,3.948147773742676
"[17, 36, 1, 25, 5, 9, 27, 0, 11, 37, 26, 29, 20, 4, 15, 2, 32, 8, 23, 19, 24, 18, 34, 6, 28, 30, 39, 12, 38, 3, 31, 35, 7, 14, 16, 21, 10, 33, 13, 22]",1567,"[31, 28, 5, 7, 35, 21, 10, 18, 4, 16, 27, 26, 17, 14, 39, 33, 6, 8, 29, 36, 34, 37, 22, 19, 11, 13, 32, 1, 0, 25, 12, 30, 2, 20, 9, 3, 15, 38, 24, 23]",1554,3.993696928024292
"[8, 15, 19, 18, 37, 7, 25, 9, 4, 34, 39, 16, 2, 0, 17, 3, 27, 6, 36, 30, 20, 31, 23, 21, 1, 26, 10, 32, 13, 38, 28, 33, 24, 5, 14, 12, 11, 35, 29, 22]",1584,"[31, 28, 5, 7, 35, 21, 10, 18, 4, 16, 27, 26, 17, 14, 39, 33, 6, 8, 29, 36, 34, 37, 22, 19, 11, 13, 32, 1, 0, 25, 12, 30, 2, 20, 9, 3, 15, 38, 24, 23]",1554,4.036259889602661
"[0, 24, 35, 27, 6, 10, 12, 37, 36, 31, 23, 14, 26, 15, 22, 2, 17, 3, 33, 39, 13, 9, 21, 34, 16, 30, 18, 1, 19, 4, 7, 29, 20, 5, 28, 32, 8, 38, 25, 11]",1584,"[31, 28, 5, 7, 35, 21, 10, 18, 4, 16, 27, 26, 17, 14, 39, 33, 6, 8, 29, 36, 34, 37, 22, 19, 11, 13, 32, 1, 0, 25, 12, 30, 2, 20, 9, 3, 15, 38, 24, 23]",1554,4.079030990600586
"[39, 26, 24, 18, 23, 28, 7, 11, 12, 33, 19, 14, 4, 30, 1, 20, 17, 13, 35, 5, 9, 6, 0, 37, 29, 10, 16, 25, 38, 21, 34, 32, 8, 31, 3, 2, 36, 27, 22, 15]",1603,"[31, 28, 5, 7, 35, 21, 10, 18, 4, 16, 27, 26, 17, 14, 39, 33, 6, 8, 29, 36, 34, 37, 22, 19, 11, 13, 32, 1, 0, 25, 12, 30, 2, 20, 9, 3, 15, 38, 24, 23]",1554,4.1215500831604
"[37, 1, 3, 33, 21, 13, 24, 0, 2, 34, 35, 30, 6, 20, 32, 27, 16, 18, 4, 36, 10, 12, 11, 15, 28, 7, 26, 14, 19, 17, 9, 8, 22, 38, 31, 39, 23, 25, 5, 29]",1593,"[31, 28, 5, 7, 35, 21, 10, 18, 4, 16, 27, 26, 17, 14, 39, 33, 6, 8, 29, 36, 34, 37, 22, 19, 11, 13, 32, 1, 0, 25, 12, 30, 2, 20, 9, 3, 15, 38, 24, 23]",1554,4.166985988616943
"[2, 37, 39, 24, 38, 9, 0, 29, 8, 28, 32, 10, 19, 26, 12, 22, 36, 3, 34, 6, 13, 21, 11, 18, 30, 27, 14, 25, 31, 4, 20, 23, 17, 15, 35, 5, 7, 16, 33, 1]",1582,"[31, 28, 5, 7, 35, 21, 10, 18, 4, 16, 27, 26, 17, 14, 39, 33, 6, 8, 29, 36, 34, 37, 22, 19, 11, 13, 32, 1, 0, 25, 12, 30, 2, 20, 9, 3, 15, 38, 24, 23]",1554,4.210667848587036
"[6, 33, 9, 17, 34, 36, 30, 26, 25, 37, 20, 16, 39, 31, 8, 3, 21, 29, 24, 1, 5, 13, 15, 14, 2, 27, 32, 38, 28, 23, 18, 4, 7, 10, 12, 22, 19, 35, 0, 11]",1587,"[31, 28, 5, 7, 35, 21, 10, 18, 4, 16, 27, 26, 17, 14, 39, 33, 6, 8, 29, 36, 34, 37, 22, 19, 11, 13, 32, 1, 0, 25, 12, 30, 2, 20, 9, 3, 15, 38, 24, 23]",1554,4.252629995346069
"[39, 6, 11, 34, 3, 8, 13, 14, 10, 20, 25, 15, 4, 21, 22, 1, 12, 27, 0, 32, 36, 38, 24, 9, 16, 26, 31, 7, 35, 17, 28, 23, 33, 19, 30, 2, 5, 37, 29, 18]",1599,"[31, 28, 5, 7, 35, 21, 10, 18, 4, 16, 27, 26, 17, 14, 39, 33, 6, 8, 29, 36, 34, 37, 22, 19, 11, 13, 32, 1, 0, 25, 12, 30, 2, 20, 9, 3, 15, 38, 24, 23]",1554,4.294119834899902
"[34, 21, 2, 36, 7, 14, 38, 29, 0, 39, 28, 3, 6, 18, 8, 33, 31, 22, 13, 19, 20, 9, 15, 30, 24, 27, 25, 32, 5, 37, 16, 1, 26, 23, 4, 11, 17, 35, 12, 10]",1572,"[31, 28, 5, 7, 35, 21, 10, 18, 4, 16, 27, 26, 17, 14, 39, 33, 6, 8, 29, 36, 34, 37, 22, 19, 11, 13, 32, 1, 0, 25, 12, 30, 2, 20, 9, 3, 15, 38, 24, 23]",1554,4.337465047836304
"[24, 18, 27, 3, 10, 38, 4, 16, 6, 8, 23, 34, 13, 5, 19, 32, 36, 2, 7, 12, 1, 37, 26, 31, 21, 14, 30, 11, 0, 25, 15, 39, 20, 9, 33, 28, 17, 22, 35, 29]",1590,"[31, 28, 5, 7, 35, 21, 10, 18, 4, 16, 27, 26, 17, 14, 39, 33, 6, 8, 29, 36, 34, 37, 22, 19, 11, 13, 32, 1, 0, 25, 12, 30, 2, 20, 9, 3, 15, 38, 24, 23]",1554,4.381106853485107
"[32, 0, 30, 38, 29, 3, 16, 22, 23, 11, 24, 5, 21, 39, 35, 31, 4, 2, 9, 34, 8, 10, 19, 7, 13, 1, 33, 12, 26, 18, 36, 6, 25, 15, 37, 20, 14, 28, 27, 17]",1597,"[31, 28, 5, 7, 35, 21, 10, 18, 4, 16, 27, 26, 17, 14, 39, 33, 6, 8, 29, 36, 34, 37, 22, 19, 11, 13, 32, 1, 0, 25, 12, 30, 2, 20, 9, 3, 15, 38, 24, 23]",1554,4.425167083740234
"[39, 8, 13, 24, 32, 19, 20, 0, 9, 17, 14, 37, 4, 26, 16, 23, 33, 38, 28, 29, 2, 5, 22, 11, 31, 18, 35, 36, 25, 21, 34, 10, 7, 15, 3, 30, 12, 6, 1, 27]",1591,"[31, 28, 5, 7, 35, 21, 10, 18, 4, 16, 27, 26, 17, 14, 39, 33, 6, 8, 29, 36, 34, 37, 22, 19, 11, 13, 32, 1, 0, 25, 12, 30, 2, 20, 9, 3, 15, 38, 24, 23]",1554,4.469158887863159
"[2, 4, 0, 28, 14, 33, 16, 27, 32, 38, 6, 13, 31, 20, 19, 29, 21, 37, 24, 39, 10, 8, 23, 26, 1, 18, 9, 17, 5, 22, 35, 3, 15, 12, 11, 30, 7, 34, 25, 36]",1590,"[31, 28, 5, 7, 35, 21, 10, 18, 4, 16, 27, 26, 17, 14, 39, 33, 6, 8, 29, 36, 34, 37, 22, 19, 11, 13, 32, 1, 0, 25, 12, 30, 2, 20, 9, 3, 15, 38, 24, 23]",1554,4.511315822601318
"[4, 36, 26, 30, 25, 31, 22, 34, 29, 5, 15, 7, 28, 2, 9, 17, 38, 37, 13, 32, 6, 27, 19, 11, 1, 24, 16, 39, 10, 35, 14, 3, 18, 33, 20, 8, 12, 0, 21, 23]",1596,"[31, 28, 5, 7, 35, 21, 10, 18, 4, 16, 27, 26, 17, 14, 39, 33, 6, 8, 29, 36, 34, 37, 22, 19, 11, 13, 32, 1, 0, 25, 12, 30, 2, 20, 9, 3, 15, 38, 24, 23]",1554,4.554566860198975
"[31, 4, 1, 26, 30, 28, 0, 20, 21, 16, 23, 12, 27, 32, 13, 3, 39, 14, 38, 36, 37, 33, 35, 8, 9, 18, 29, 17, 7, 11, 34, 2, 22, 19, 10, 15, 6, 24, 25, 5]",1599,"[31, 28, 5, 7, 35, 21, 10, 18, 4, 16, 27, 26, 17, 14, 39, 33, 6, 8, 29, 36, 34, 37, 22, 19, 11, 13, 32, 1, 0, 25, 12, 30, 2, 20, 9, 3, 15, 38, 24, 23]",1554,4.596544981002808
"[23, 0, 17, 10, 3, 12, 29, 26, 5, 11, 34, 27, 14, 36, 24, 19, 15, 7, 31, 1, 4, 2, 30, 16, 18, 22, 32, 8, 38, 21, 35, 25, 9, 37, 33, 39, 20, 28, 13, 6]",1601,"[31, 28, 5, 7, 35, 21, 10, 18, 4, 16, 27, 26, 17, 14, 39, 33, 6, 8, 29, 36, 34, 37, 22, 19, 11, 13, 32, 1, 0, 25, 12, 30, 2, 20, 9, 3, 15, 38, 24, 23]",1554,4.639837980270386
"[1, 9, 20, 36, 28, 34, 27, 14, 22, 4, 18, 15, 3, 21, 6, 16, 2, 32, 38, 23, 39, 11, 17, 35, 5, 37, 12, 29, 7, 8, 10, 33, 0, 19, 31, 24, 30, 13, 25, 26]",1587,"[31, 28, 5, 7, 35, 21, 10, 18, 4, 16, 27, 26, 17, 14, 39, 33, 6, 8, 29, 36, 34, 37, 22, 19, 11, 13, 32, 1, 0, 25, 12, 30, 2, 20, 9, 3, 15, 38, 24, 23]",1554,4.683906078338623
"[10, 35, 12, 11, 6, 16, 14, 33, 9, 3, 24, 36, 30, 17, 7, 22, 0, 27, 32, 25, 31, 8, 1, 38, 21, 29, 4, 15, 18, 13, 28, 39, 19, 26, 5, 34, 2, 37, 23, 20]",1561,"[31, 28, 5, 7, 35, 21, 10, 18, 4, 16, 27, 26, 17, 14, 39, 33, 6, 8, 29, 36, 34, 37, 22, 19, 11, 13, 32, 1, 0, 25, 12, 30, 2, 20, 9, 3, 15, 38, 24, 23]",1554,4.727059841156006
"[3, 8, 27, 37, 17, 23, 18, 13, 5, 20, 25, 24, 35, 39, 1, 38, 11, 7, 21, 0, 30, 10, 34, 12, 29, 15, 14, 32, 16, 26, 19, 2, 9, 28, 22, 33, 4, 31, 36, 6]",1561,"[31, 28, 5, 7, 35, 21, 10, 18, 4, 16, 27, 26, 17, 14, 39, 33, 6, 8, 29, 36, 34, 37, 22, 19, 11, 13, 32, 1, 0, 25, 12, 30, 2, 20, 9, 3, 15, 38, 24, 23]",1554,4.7725608348846436
"[21, 33, 14, 32, 11, 18, 8, 12, 25, 29, 4, 35, 24, 17, 5, 36, 16, 39, 34, 30, 20, 2, 1, 3, 9, 13, 7, 28, 26, 37, 10, 22, 0, 27, 31, 23, 6, 19, 38, 15]",1561,"[31, 28, 5, 7, 35, 21, 10, 18, 4, 16, 27, 26, 17, 14, 39, 33, 6, 8, 29, 36, 34, 37, 22, 19, 11, 13, 32, 1, 0, 25, 12, 30, 2, 20, 9, 3, 15, 38, 24, 23]",1554,4.816014051437378
"[9, 5, 15, 38, 25, 2, 29, 0, 20, 3, 14, 36, 21, 22, 17, 7, 39, 10, 33, 16, 1, 19, 28, 11, 26, 13, 32, 34, 4, 37, 24, 18, 30, 8, 27, 35, 31, 12, 23, 6]",1551,"[31, 28, 5, 7, 35, 21, 10, 18, 4, 16, 27, 26, 17, 14, 39, 33, 6, 8, 29, 36, 34, 37, 22, 19, 11, 13, 32, 1, 0, 25, 12, 30, 2, 20, 9, 3, 15, 38, 24, 23]",1554,4.858776092529297
"[7, 27, 17, 2, 35, 33, 12, 5, 16, 24, 38, 14, 39, 0, 36, 28, 8, 23, 4, 19, 1, 26, 32, 20, 6, 3, 13, 11, 21, 31, 15, 37, 25, 34, 30, 10, 29, 9, 18, 22]",1554,"[9, 5, 15, 38, 25, 2, 29, 0, 20, 3, 14, 36, 21, 22, 17, 7, 39, 10, 33, 16, 1, 19, 28, 11, 26, 13, 32, 34, 4, 37, 24, 18, 30, 8, 27, 35, 31, 12, 23, 6]",1551,4.900936841964722
"[32, 5, 15, 25, 35, 34, 27, 10, 13, 28, 20, 23, 39, 7, 36, 16, 26, 22, 30, 29, 12, 8, 1, 2, 4, 21, 3, 24, 9, 38, 37, 0, 14, 17, 33, 11, 6, 31, 18, 19]",1558,"[9, 5, 15, 38, 25, 2, 29, 0, 20, 3, 14, 36, 21, 22, 17, 7, 39, 10, 33, 16, 1, 19, 28, 11, 26, 13, 32, 34, 4, 37, 24, 18, 30, 8, 27, 35, 31, 12, 23, 6]",1551,4.942456007003784
"[14, 2, 4, 29, 38, 34, 10, 11, 37, 5, 26, 9, 15, 1, 16, 0, 35, 27, 3, 21, 24, 13, 18, 33, 30, 8, 19, 28, 25, 7, 36, 20, 22, 23, 17, 31, 39, 12, 32, 6]",1621,"[9, 5, 15, 38, 25, 2, 29, 0, 20, 3, 14, 36, 21, 22, 17, 7, 39, 10, 33, 16, 1, 19, 28, 11, 26, 13, 32, 34, 4, 37, 24, 18, 30, 8, 27, 35, 31, 12, 23, 6]",1551,4.984773874282837
"[31, 16, 10, 7, 0, 3, 17, 15, 25, 4, 30, 5, 26, 14, 20, 29, 32, 24, 39, 9, 1, 2, 36, 19, 34, 23, 8, 27, 35, 6, 33, 13, 11, 28, 37, 18, 21, 12, 22, 38]",1601,"[9, 5, 15, 38, 25, 2, 29, 0, 20, 3, 14, 36, 21, 22, 17, 7, 39, 10, 33, 16, 1, 19, 28, 11, 26, 13, 32, 34, 4, 37, 24, 18, 30, 8, 27, 35, 31, 12, 23, 6]",1551,5.0275559425354
"[39, 16, 17, 35, 34, 33, 25, 11, 26, 32, 19, 30, 7, 12, 23, 1, 24, 28, 3, 13, 20, 27, 8, 10, 37, 4, 0, 38, 29, 14, 2, 9, 21, 36, 31, 15, 18, 5, 6, 22]",1586,"[9, 5, 15, 38, 25, 2, 29, 0, 20, 3, 14, 36, 21, 22, 17, 7, 39, 10, 33, 16, 1, 19, 28, 11, 26, 13, 32, 34, 4, 37, 24, 18, 30, 8, 27, 35, 31, 12, 23, 6]",1551,5.070223093032837
"[0, 20, 31, 26, 14, 38, 27, 3, 8, 37, 18, 17, 23, 11, 12, 39, 6, 13, 28, 29, 4, 10, 34, 1, 7, 30, 35, 16, 9, 32, 21, 5, 22, 36, 24, 25, 2, 19, 33, 15]",1566,"[9, 5, 15, 38, 25, 2, 29, 0, 20, 3, 14, 36, 21, 22, 17, 7, 39, 10, 33, 16, 1, 19, 28, 11, 26, 13, 32, 34, 4, 37, 24, 18, 30, 8, 27, 35, 31, 12, 23, 6]",1551,5.115750789642334
"[22, 34, 14, 21, 31, 17, 8, 29, 2, 10, 36, 1, 3, 6, 35, 11, 23, 27, 37, 12, 5, 20, 33, 18, 13, 28, 32, 38, 4, 24, 30, 7, 25, 16, 26, 39, 15, 19, 9, 0]",1602,"[9, 5, 15, 38, 25, 2, 29, 0, 20, 3, 14, 36, 21, 22, 17, 7, 39, 10, 33, 16, 1, 19, 28, 11, 26, 13, 32, 34, 4, 37, 24, 18, 30, 8, 27, 35, 31, 12, 23, 6]",1551,5.156613111495972
"[25, 10, 30, 33, 19, 22, 11, 13, 17, 8, 31, 36, 38, 21, 39, 18, 3, 12, 15, 9, 4, 14, 32, 23, 5, 26, 24, 2, 0, 1, 34, 6, 28, 7, 29, 35, 16, 27, 20, 37]",1588,"[9, 5, 15, 38, 25, 2, 29, 0, 20, 3, 14, 36, 21, 22, 17, 7, 39, 10, 33, 16, 1, 19, 28, 11, 26, 13, 32, 34, 4, 37, 24, 18, 30, 8, 27, 35, 31, 12, 23, 6]",1551,5.200521945953369
"[25, 39, 34, 33, 18, 4, 27, 31, 7, 15, 5, 22, 24, 23, 13, 26, 0, 28, 21, 37, 1, 16, 38, 10, 36, 17, 20, 29, 8, 35, 6, 12, 3, 19, 32, 30, 11, 9, 2, 14]",1560,"[9, 5, 15, 38, 25, 2, 29, 0, 20, 3, 14, 36, 21, 22, 17, 7, 39, 10, 33, 16, 1, 19, 28, 11, 26, 13, 32, 34, 4, 37, 24, 18, 30, 8, 27, 35, 31, 12, 23, 6]",1551,5.242074728012085
"[34, 29, 31, 33, 1, 18, 7, 8, 9, 5, 15, 11, 0, 4, 26, 28, 16, 22, 35, 20, 19, 30, 24, 38, 36, 3, 2, 25, 10, 13, 32, 23, 21, 39, 27, 12, 6, 14, 17, 37]",1591,"[9, 5, 15, 38, 25, 2, 29, 0, 20, 3, 14, 36, 21, 22, 17, 7, 39, 10, 33, 16, 1, 19, 28, 11, 26, 13, 32, 34, 4, 37, 24, 18, 30, 8, 27, 35, 31, 12, 23, 6]",1551,5.285868883132935
"[36, 32, 10, 12, 1, 3, 9, 6, 24, 33, 26, 16, 27, 8, 39, 11, 0, 29, 35, 14, 28, 4, 20, 19, 23, 30, 5, 22, 7, 25, 18, 15, 38, 37, 34, 2, 17, 31, 13, 21]",1587,"[9, 5, 15, 38, 25, 2, 29, 0, 20, 3, 14, 36, 21, 22, 17, 7, 39, 10, 33, 16, 1, 19, 28, 11, 26, 13, 32, 34, 4, 37, 24, 18, 30, 8, 27, 35, 31, 12, 23, 6]",1551,5.327822923660278
"[20, 32, 37, 9, 6, 23, 19, 22, 4, 11, 1, 33, 15, 7, 10, 39, 8, 16, 17, 31, 14, 36, 38, 35, 13, 27, 28, 26, 0, 30, 5, 24, 12, 18, 21, 34, 2, 3, 29, 25]",1587,"[9, 5, 15, 38, 25, 2, 29, 0, 20, 3, 14, 36, 21, 22, 17, 7, 39, 10, 33, 16, 1, 19, 28, 11, 26, 13, 32, 34, 4, 37, 24, 18, 30, 8, 27, 35, 31, 12, 23, 6]",1551,5.369708061218262
"[33, 9, 12, 35, 8, 2, 6, 28, 38, 11, 1, 39, 23, 30, 27, 10, 4, 7, 32, 20, 13, 24, 21, 31, 16, 0, 37, 22, 34, 17, 29, 3, 25, 36, 19, 15, 14, 5, 18, 26]",1558,"[9, 5, 15, 38, 25, 2, 29, 0, 20, 3, 14, 36, 21, 22, 17, 7, 39, 10, 33, 16, 1, 19, 28, 11, 26, 13, 32, 34, 4, 37, 24, 18, 30, 8, 27, 35, 31, 12, 23, 6]",1551,5.412733793258667
"[32, 20, 26, 25, 37, 33, 28, 7, 1, 35, 9, 13, 24, 34, 14, 2, 30, 0, 36, 27, 31, 10, 22, 12, 38, 29, 17, 21, 18, 5, 8, 23, 19, 4, 16, 39, 6, 3, 15, 11]",1631,"[9, 5, 15, 38, 25, 2, 29, 0, 20, 3, 14, 36, 21, 22, 17, 7, 39, 10, 33, 16, 1, 19, 28, 11, 26, 13, 32, 34, 4, 37, 24, 18, 30, 8, 27, 35, 31, 12, 23, 6]",1551,5.454755067825317
"[32, 8, 15, 25, 21, 10, 27, 17, 9, 28, 23, 38, 24, 4, 0, 36, 3, 16, 5, 2, 30, 1, 20, 19, 39, 33, 34, 37, 12, 13, 22, 14, 18, 31, 26, 11, 7, 6, 35, 29]",1584,"[9, 5, 15, 38, 25, 2, 29, 0, 20, 3, 14, 36, 21, 22, 17, 7, 39, 10, 33, 16, 1, 19, 28, 11, 26, 13, 32, 34, 4, 37, 24, 18, 30, 8, 27, 35, 31, 12, 23, 6]",1551,5.498821020126343
"[15, 23, 31, 38, 39, 13, 34, 33, 27, 0, 22, 17, 29, 35, 37, 14, 30, 6, 12, 24, 1, 4, 26, 3, 16, 36, 5, 19, 32, 21, 8, 2, 28, 11, 18, 20, 10, 9, 25, 7]",1605,"[9, 5, 15, 38, 25, 2, 29, 0, 20, 3, 14, 36, 21, 22, 17, 7, 39, 10, 33, 16, 1, 19, 28, 11, 26, 13, 32, 34, 4, 37, 24, 18, 30, 8, 27, 35, 31, 12, 23, 6]",1551,5.541823863983154
"[13, 29, 23, 1, 2, 28, 17, 6, 37, 25, 4, 12, 0, 26, 20, 3, 5, 35, 15, 24, 30, 38, 11, 7, 8, 18, 21, 36, 32, 27, 39, 10, 19, 31, 14, 16, 34, 33, 22, 9]",1554,"[9, 5, 15, 38, 25, 2, 29, 0, 20, 3, 14, 36, 21, 22, 17, 7, 39, 10, 33, 16, 1, 19, 28, 11, 26, 13, 32, 34, 4, 37, 24, 18, 30, 8, 27, 35, 31, 12, 23, 6]",1551,5.58571195602417
"[2, 17, 38, 13, 28, 3, 34, 23, 16, 24, 36, 30, 15, 5, 1, 35, 37, 26, 10, 29, 32, 20, 22, 31, 25, 27, 0, 6, 39, 11, 7, 21, 19, 18, 12, 33, 8, 4, 14, 9]",1563,"[9, 5, 15, 38, 25, 2, 29, 0, 20, 3, 14, 36, 21, 22, 17, 7, 39, 10, 33, 16, 1, 19, 28, 11, 26, 13, 32, 34, 4, 37, 24, 18, 30, 8, 27, 35, 31, 12, 23, 6]",1551,5.644150972366333
"[21, 35, 22, 25, 17, 33, 16, 34, 12, 38, 18, 1, 9, 26, 2, 7, 29, 14, 5, 28, 15, 6, 0, 13, 8, 24, 23, 3, 37, 32, 4, 27, 10, 31, 11, 30, 36, 20, 39, 19]",1561,"[9, 5, 15, 38, 25, 2, 29, 0, 20, 3, 14, 36, 21, 22, 17, 7, 39, 10, 33, 16, 1, 19, 28, 11, 26, 13, 32, 34, 4, 37, 24, 18, 30, 8, 27, 35, 31, 12, 23, 6]",1551,5.688827753067017
"[3, 28, 5, 27, 4, 37, 9, 12, 21, 8, 30, 26, 0, 39, 23, 25, 13, 19, 15, 11, 16, 32, 2, 38, 33, 20, 7, 17, 34, 14, 10, 31, 18, 35, 36, 22, 24, 1, 29, 6]",1587,"[9, 5, 15, 38, 25, 2, 29, 0, 20, 3, 14, 36, 21, 22, 17, 7, 39, 10, 33, 16, 1, 19, 28, 11, 26, 13, 32, 34, 4, 37, 24, 18, 30, 8, 27, 35, 31, 12, 23, 6]",1551,5.733307123184204
"[21, 7, 2, 28, 35, 19, 37, 29, 9, 26, 16, 25, 38, 32, 5, 17, 34, 13, 31, 33, 6, 15, 36, 27, 8, 24, 20, 22, 11, 12, 3, 1, 10, 30, 23, 4, 14, 0, 18, 39]",1593,"[9, 5, 15, 38, 25, 2, 29, 0, 20, 3, 14, 36, 21, 22, 17, 7, 39, 10, 33, 16, 1, 19, 28, 11, 26, 13, 32, 34, 4, 37, 24, 18, 30, 8, 27, 35, 31, 12, 23, 6]",1551,5.777966022491455
"[10, 4, 27, 26, 23, 22, 18, 32, 11, 24, 14, 37, 39, 34, 25, 16, 20, 19, 36, 12, 9, 33, 31, 17, 13, 28, 6, 30, 29, 2, 21, 1, 38, 8, 15, 35, 5, 0, 3, 7]",1590,"[9, 5, 15, 38, 25, 2, 29, 0, 20, 3, 14, 36, 21, 22, 17, 7, 39, 10, 33, 16, 1, 19, 28, 11, 26, 13, 32, 34, 4, 37, 24, 18, 30, 8, 27, 35, 31, 12, 23, 6]",1551,5.82426905632019
"[37, 6, 29, 34, 13, 14, 31, 10, 8, 28, 24, 26, 18, 2, 35, 19, 20, 27, 3, 32, 21, 33, 4, 5, 30, 22, 17, 39, 38, 15, 1, 0, 23, 12, 16, 25, 11, 7, 36, 9]",1566,"[9, 5, 15, 38, 25, 2, 29, 0, 20, 3, 14, 36, 21, 22, 17, 7, 39, 10, 33, 16, 1, 19, 28, 11, 26, 13, 32, 34, 4, 37, 24, 18, 30, 8, 27, 35, 31, 12, 23, 6]",1551,5.867449998855591
"[33, 19, 30, 28, 2, 8, 10, 13, 29, 21, 34, 4, 3, 14, 24, 18, 5, 6, 25, 36, 17, 37, 0, 31, 16, 12, 39, 1, 20, 11, 26, 32, 23, 27, 15, 35, 22, 7, 38, 9]",1557,"[9, 5, 15, 38, 25, 2, 29, 0, 20, 3, 14, 36, 21, 22, 17, 7, 39, 10, 33, 16, 1, 19, 28, 11, 26, 13, 32, 34, 4, 37, 24, 18, 30, 8, 27, 35, 31, 12, 23, 6]",1551,5.910256862640381
"[28, 33, 2, 37, 26, 3, 38, 21, 12, 5, 0, 13, 27, 22, 19, 8, 1, 9, 20, 14, 11, 29, 24, 10, 36, 17, 16, 6, 35, 15, 39, 30, 7, 23, 18, 32, 25, 31, 34, 4]",1584,"[9, 5, 15, 38, 25, 2, 29, 0, 20, 3, 14, 36, 21, 22, 17, 7, 39, 10, 33, 16, 1, 19, 28, 11, 26, 13, 32, 34, 4, 37, 24, 18, 30, 8, 27, 35, 31, 12, 23, 6]",1551,5.954422950744629
"[37, 20, 4, 17, 3, 31, 33, 10, 28, 23, 13, 5, 21, 26, 27, 38, 24, 25, 30, 2, 0, 29, 9, 36, 32, 34, 7, 16, 35, 12, 11, 18, 8, 1, 6, 14, 39, 22, 19, 15]",1588,"[9, 5, 15, 38, 25, 2, 29, 0, 20, 3, 14, 36, 21, 22, 17, 7, 39, 10, 33, 16, 1, 19, 28, 11, 26, 13, 32, 34, 4, 37, 24, 18, 30, 8, 27, 35, 31, 12, 23, 6]",1551,5.997835874557495
"[1, 25, 27, 9, 26, 4, 34, 3, 39, 19, 29, 35, 36, 10, 28, 31, 32, 14, 16, 21, 23, 12, 30, 0, 33, 38, 17, 24, 20, 8, 37, 7, 13, 6, 18, 11, 22, 2, 15, 5]",1601,"[9, 5, 15, 38, 25, 2, 29, 0, 20, 3, 14, 36, 21, 22, 17, 7, 39, 10, 33, 16, 1, 19, 28, 11, 26, 13, 32, 34, 4, 37, 24, 18, 30, 8, 27, 35, 31, 12, 23, 6]",1551,6.041104793548584
"[34, 28, 13, 33, 21, 19, 8, 16, 36, 29, 35, 10, 11, 6, 22, 24, 1, 12, 39, 37, 31, 32, 14, 4, 9, 38, 26, 30, 27, 17, 18, 25, 15, 7, 2, 5, 3, 23, 20, 0]",1587,"[9, 5, 15, 38, 25, 2, 29, 0, 20, 3, 14, 36, 21, 22, 17, 7, 39, 10, 33, 16, 1, 19, 28, 11, 26, 13, 32, 34, 4, 37, 24, 18, 30, 8, 27, 35, 31, 12, 23, 6]",1551,6.084619998931885
"[26, 10, 8, 36, 6, 39, 11, 4, 27, 7, 31, 17, 18, 28, 12, 2, 20, 0, 23, 29, 5, 3, 32, 24, 22, 25, 30, 9, 19, 38, 33, 1, 16, 34, 21, 14, 37, 13, 35, 15]",1568,"[9, 5, 15, 38, 25, 2, 29, 0, 20, 3, 14, 36, 21, 22, 17, 7, 39, 10, 33, 16, 1, 19, 28, 11, 26, 13, 32, 34, 4, 37, 24, 18, 30, 8, 27, 35, 31, 12, 23, 6]",1551,6.127399921417236
"[0, 16, 5, 18, 26, 3, 10, 20, 39, 19, 29, 35, 23, 30, 24, 6, 33, 38, 7, 34, 1, 13, 12, 28, 37, 31, 9, 22, 21, 32, 14, 11, 4, 36, 27, 25, 15, 17, 2, 8]",1598,"[9, 5, 15, 38, 25, 2, 29, 0, 20, 3, 14, 36, 21, 22, 17, 7, 39, 10, 33, 16, 1, 19, 28, 11, 26, 13, 32, 34, 4, 37, 24, 18, 30, 8, 27, 35, 31, 12, 23, 6]",1551,6.1692259311676025
"[23, 29, 14, 7, 4, 37, 27, 25, 15, 30, 13, 24, 31, 2, 36, 33, 32, 10, 18, 28, 11, 38, 9, 1, 12, 8, 34, 35, 39, 26, 17, 19, 22, 21, 3, 0, 16, 20, 5, 6]",1634,"[9, 5, 15, 38, 25, 2, 29, 0, 20, 3, 14, 36, 21, 22, 17, 7, 39, 10, 33, 16, 1, 19, 28, 11, 26, 13, 32, 34, 4, 37, 24, 18, 30, 8, 27, 35, 31, 12, 23, 6]",1551,6.211497783660889
"[0, 13, 22, 19, 30, 1, 27, 31, 23, 25, 32, 9, 33, 21, 5, 35, 6, 17, 28, 3, 26, 16, 15, 10, 39, 8, 18, 11, 34, 29, 7, 38, 24, 14, 37, 2, 20, 12, 36, 4]",1584,"[9, 5, 15, 38, 25, 2, 29, 0, 20, 3, 14, 36, 21, 22, 17, 7, 39, 10, 33, 16, 1, 19, 28, 11, 26, 13, 32, 34, 4, 37, 24, 18, 30, 8, 27, 35, 31, 12, 23, 6]",1551,6.254447937011719
"[4, 0, 12, 32, 39, 19, 6, 38, 22, 1, 16, 33, 15, 29, 26, 11, 10, 27, 14, 25, 21, 34, 36, 37, 18, 20, 5, 31, 17, 24, 35, 13, 8, 9, 23, 28, 30, 7, 2, 3]",1601,"[9, 5, 15, 38, 25, 2, 29, 0, 20, 3, 14, 36, 21, 22, 17, 7, 39, 10, 33, 16, 1, 19, 28, 11, 26, 13, 32, 34, 4, 37, 24, 18, 30, 8, 27, 35, 31, 12, 23, 6]",1551,6.296741008758545
"[8, 21, 36, 7, 20, 28, 14, 9, 18, 25, 35, 19, 6, 37, 4, 0, 1, 39, 17, 16, 30, 12, 5, 32, 2, 34, 33, 38, 26, 29, 13, 11, 15, 23, 22, 24, 10, 31, 3, 27]",1588,"[9, 5, 15, 38, 25, 2, 29, 0, 20, 3, 14, 36, 21, 22, 17, 7, 39, 10, 33, 16, 1, 19, 28, 11, 26, 13, 32, 34, 4, 37, 24, 18, 30, 8, 27, 35, 31, 12, 23, 6]",1551,6.340781927108765
"[2, 27, 9, 21, 22, 36, 37, 24, 4, 39, 34, 16, 0, 33, 14, 15, 13, 25, 29, 35, 30, 19, 12, 7, 5, 23, 17, 1, 38, 3, 11, 28, 32, 8, 26, 10, 31, 6, 20, 18]",1601,"[9, 5, 15, 38, 25, 2, 29, 0, 20, 3, 14, 36, 21, 22, 17, 7, 39, 10, 33, 16, 1, 19, 28, 11, 26, 13, 32, 34, 4, 37, 24, 18, 30, 8, 27, 35, 31, 12, 23, 6]",1551,6.3878467082977295
"[28, 17, 12, 6, 34, 7, 29, 0, 16, 20, 27, 9, 8, 26, 19, 3, 11, 1, 24, 21, 5, 4, 2, 36, 32, 33, 35, 39, 25, 15, 13, 23, 30, 18, 14, 10, 37, 38, 31, 22]",1584,"[9, 5, 15, 38, 25, 2, 29, 0, 20, 3, 14, 36, 21, 22, 17, 7, 39, 10, 33, 16, 1, 19, 28, 11, 26, 13, 32, 34, 4, 37, 24, 18, 30, 8, 27, 35, 31, 12, 23, 6]",1551,6.430309772491455
"[30, 10, 24, 23, 32, 7, 16, 34, 19, 21, 26, 17, 29, 31, 22, 33, 20, 14, 25, 38, 27, 1, 28, 5, 9, 0, 11, 6, 39, 3, 18, 13, 2, 8, 36, 4, 15, 37, 35, 12]",1563,"[9, 5, 15, 38, 25, 2, 29, 0, 20, 3, 14, 36, 21, 22, 17, 7, 39, 10, 33, 16, 1, 19, 28, 11, 26, 13, 32, 34, 4, 37, 24, 18, 30, 8, 27, 35, 31, 12, 23, 6]",1551,6.471706867218018
"[32, 8, 25, 26, 31, 2, 33, 23, 3, 15, 38, 4, 10, 6, 21, 24, 17, 20, 35, 29, 11, 22, 0, 18, 39, 28, 30, 14, 5, 36, 27, 34, 16, 9, 7, 19, 12, 1, 37, 13]",1597,"[9, 5, 15, 38, 25, 2, 29, 0, 20, 3, 14, 36, 21, 22, 17, 7, 39, 10, 33, 16, 1, 19, 28, 11, 26, 13, 32, 34, 4, 37, 24, 18, 30, 8, 27, 35, 31, 12, 23, 6]",1551,6.511473894119263
"[5, 22, 23, 20, 28, 24, 36, 14, 38, 3, 12, 37, 18, 7, 39, 30, 15, 27, 35, 13, 17, 21, 4, 29, 11, 1, 31, 9, 34, 32, 33, 2, 0, 8, 19, 25, 6, 10, 16, 26]",1643,"[9, 5, 15, 38, 25, 2, 29, 0, 20, 3, 14, 36, 21, 22, 17, 7, 39, 10, 33, 16, 1, 19, 28, 11, 26, 13, 32, 34, 4, 37, 24, 18, 30, 8, 27, 35, 31, 12, 23, 6]",1551,6.553951978683472
"[6, 23, 34, 38, 8, 9, 39, 35, 28, 36, 29, 25, 26, 3, 10, 16, 33, 27, 14, 11, 0, 30, 13, 4, 12, 1, 18, 24, 2, 17, 20, 5, 31, 7, 37, 22, 32, 21, 19, 15]",1604,"[9, 5, 15, 38, 25, 2, 29, 0, 20, 3, 14, 36, 21, 22, 17, 7, 39, 10, 33, 16, 1, 19, 28, 11, 26, 13, 32, 34, 4, 37, 24, 18, 30, 8, 27, 35, 31, 12, 23, 6]",1551,6.596013069152832
"[30, 9, 36, 6, 31, 33, 29, 22, 18, 24, 17, 19, 35, 15, 7, 32, 2, 27, 34, 3, 25, 8, 13, 16, 12, 5, 11, 4, 23, 20, 10, 28, 26, 0, 37, 21, 1, 14, 39, 38]",1609,"[9, 5, 15, 38, 25, 2, 29, 0, 20, 3, 14, 36, 21, 22, 17, 7, 39, 10, 33, 16, 1, 19, 28, 11, 26, 13, 32, 34, 4, 37, 24, 18, 30, 8, 27, 35, 31, 12, 23, 6]",1551,6.641119003295898
"[15, 6, 34, 22, 20, 4, 25, 19, 33, 1, 11, 13, 35, 39, 0, 2, 5, 14, 37, 38, 27, 10, 23, 18, 17, 32, 26, 9, 36, 8, 28, 30, 12, 7, 31, 16, 21, 29, 3, 24]",1602,"[9, 5, 15, 38, 25, 2, 29, 0, 20, 3, 14, 36, 21, 22, 17, 7, 39, 10, 33, 16, 1, 19, 28, 11, 26, 13, 32, 34, 4, 37, 24, 18, 30, 8, 27, 35, 31, 12, 23, 6]",1551,6.684802055358887
"[17, 20, 22, 30, 38, 7, 11, 9, 8, 25, 26, 37, 14, 10, 0, 4, 36, 23, 2, 34, 18, 15, 33, 5, 39, 3, 19, 12, 16, 13, 1, 21, 32, 28, 29, 35, 27, 31, 6, 24]",1609,"[9, 5, 15, 38, 25, 2, 29, 0, 20, 3, 14, 36, 21, 22, 17, 7, 39, 10, 33, 16, 1, 19, 28, 11, 26, 13, 32, 34, 4, 37, 24, 18, 30, 8, 27, 35, 31, 12, 23, 6]",1551,6.730526924133301
"[39, 23, 15, 11, 17, 7, 14, 37, 9, 13, 2, 16, 28, 29, 24, 3, 35, 26, 33, 31, 1, 18, 0, 36, 25, 20, 32, 38, 12, 4, 5, 30, 22, 21, 8, 6, 34, 27, 19, 10]",1582,"[9, 5, 15, 38, 25, 2, 29, 0, 20, 3, 14, 36, 21, 22, 17, 7, 39, 10, 33, 16, 1, 19, 28, 11, 26, 13, 32, 34, 4, 37, 24, 18, 30, 8, 27, 35, 31, 12, 23, 6]",1551,6.776368141174316
"[14, 30, 13, 23, 34, 35, 39, 1, 16, 7, 6, 4, 26, 0, 17, 3, 21, 5, 36, 20, 12, 19, 28, 15, 27, 25, 18, 29, 9, 37, 22, 24, 33, 11, 31, 10, 38, 8, 32, 2]",1627,"[9, 5, 15, 38, 25, 2, 29, 0, 20, 3, 14, 36, 21, 22, 17, 7, 39, 10, 33, 16, 1, 19, 28, 11, 26, 13, 32, 34, 4, 37, 24, 18, 30, 8, 27, 35, 31, 12, 23, 6]",1551,6.8217408657073975
"[32, 18, 3, 4, 36, 23, 33, 24, 22, 19, 17, 30, 28, 35, 13, 7, 39, 16, 37, 1, 25, 0, 14, 15, 9, 20, 6, 21, 2, 31, 26, 12, 10, 8, 11, 27, 34, 38, 5, 29]",1584,"[9, 5, 15, 38, 25, 2, 29, 0, 20, 3, 14, 36, 21, 22, 17, 7, 39, 10, 33, 16, 1, 19, 28, 11, 26, 13, 32, 34, 4, 37, 24, 18, 30, 8, 27, 35, 31, 12, 23, 6]",1551,6.866520881652832
"[23, 36, 22, 21, 4, 25, 32, 33, 28, 12, 7, 18, 8, 6, 5, 3, 30, 10, 1, 35, 19, 17, 26, 0, 37, 16, 13, 39, 11, 29, 9, 34, 31, 14, 24, 38, 2, 15, 27, 20]",1603,"[9, 5, 15, 38, 25, 2, 29, 0, 20, 3, 14, 36, 21, 22, 17, 7, 39, 10, 33, 16, 1, 19, 28, 11, 26, 13, 32, 34, 4, 37, 24, 18, 30, 8, 27, 35, 31, 12, 23, 6]",1551,6.913753032684326
"[11, 33, 0, 17, 16, 25, 5, 31, 14, 18, 15, 12, 10, 30, 24, 13, 9, 22, 19, 26, 34, 36, 28, 8, 1, 2, 38, 27, 29, 3, 21, 23, 39, 20, 6, 32, 37, 35, 7, 4]",1554,"[9, 5, 15, 38, 25, 2, 29, 0, 20, 3, 14, 36, 21, 22, 17, 7, 39, 10, 33, 16, 1, 19, 28, 11, 26, 13, 32, 34, 4, 37, 24, 18, 30, 8, 27, 35, 31, 12, 23, 6]",1551,6.95928692817688
"[0, 15, 35, 39, 9, 2, 23, 29, 13, 6, 37, 7, 27, 28, 4, 17, 18, 16, 1, 36, 31, 38, 30, 3, 22, 33, 21, 26, 20, 19, 10, 11, 32, 14, 12, 34, 8, 25, 5, 24]",1584,"[9, 5, 15, 38, 25, 2, 29, 0, 20, 3, 14, 36, 21, 22, 17, 7, 39, 10, 33, 16, 1, 19, 28, 11, 26, 13, 32, 34, 4, 37, 24, 18, 30, 8, 27, 35, 31, 12, 23, 6]",1551,7.0040388107299805
"[22, 10, 33, 18, 26, 6, 27, 28, 20, 13, 35, 31, 24, 36, 32, 21, 37, 5, 19, 15, 17, 1, 38, 0, 11, 30, 12, 34, 7, 25, 9, 8, 23, 39, 3, 2, 16, 4, 29, 14]",1590,"[9, 5, 15, 38, 25, 2, 29, 0, 20, 3, 14, 36, 21, 22, 17, 7, 39, 10, 33, 16, 1, 19, 28, 11, 26, 13, 32, 34, 4, 37, 24, 18, 30, 8, 27, 35, 31, 12, 23, 6]",1551,7.051638841629028
"[22, 11, 31, 5, 8, 29, 23, 14, 25, 39, 7, 33, 35, 28, 30, 18, 10, 15, 9, 6, 34, 17, 12, 3, 38, 27, 32, 13, 0, 1, 24, 19, 20, 16, 37, 21, 26, 4, 2, 36]",1643,"[9, 5, 15, 38, 25, 2, 29, 0, 20, 3, 14, 36, 21, 22, 17, 7, 39, 10, 33, 16, 1, 19, 28, 11, 26, 13, 32, 34, 4, 37, 24, 18, 30, 8, 27, 35, 31, 12, 23, 6]",1551,7.097080945968628
"[0, 8, 4, 39, 34, 32, 33, 9, 3, 13, 14, 24, 38, 31, 18, 36, 11, 10, 7, 5, 28, 25, 21, 22, 37, 2, 20, 19, 12, 23, 29, 27, 16, 17, 15, 1, 6, 30, 35, 26]",1588,"[9, 5, 15, 38, 25, 2, 29, 0, 20, 3, 14, 36, 21, 22, 17, 7, 39, 10, 33, 16, 1, 19, 28, 11, 26, 13, 32, 34, 4, 37, 24, 18, 30, 8, 27, 35, 31, 12, 23, 6]",1551,7.142153978347778
"[35, 3, 0, 16, 28, 18, 23, 8, 10, 14, 39, 20, 11, 4, 33, 29, 6, 26, 24, 21, 22, 38, 7, 15, 19, 36, 9, 2, 13, 31, 1, 25, 30, 17, 5, 34, 37, 27, 12, 32]",1612,"[9, 5, 15, 38, 25, 2, 29, 0, 20, 3, 14, 36, 21, 22, 17, 7, 39, 10, 33, 16, 1, 19, 28, 11, 26, 13, 32, 34, 4, 37, 24, 18, 30, 8, 27, 35, 31, 12, 23, 6]",1551,7.193912982940674
"[15, 10, 0, 26, 3, 18, 31, 27, 16, 11, 23, 1, 6, 28, 9, 7, 20, 35, 19, 5, 14, 38, 29, 2, 39, 32, 33, 34, 22, 13, 17, 8, 37, 24, 25, 4, 12, 30, 36, 21]",1590,"[9, 5, 15, 38, 25, 2, 29, 0, 20, 3, 14, 36, 21, 22, 17, 7, 39, 10, 33, 16, 1, 19, 28, 11, 26, 13, 32, 34, 4, 37, 24, 18, 30, 8, 27, 35, 31, 12, 23, 6]",1551,7.242843866348267
"[14, 29, 26, 32, 27, 20, 21, 7, 10, 5, 9, 4, 1, 34, 28, 15, 13, 22, 33, 2, 24, 37, 3, 18, 0, 36, 11, 17, 31, 38, 25, 16, 30, 6, 8, 35, 12, 23, 39, 19]",1561,"[9, 5, 15, 38, 25, 2, 29, 0, 20, 3, 14, 36, 21, 22, 17, 7, 39, 10, 33, 16, 1, 19, 28, 11, 26, 13, 32, 34, 4, 37, 24, 18, 30, 8, 27, 35, 31, 12, 23, 6]",1551,7.287478923797607
"[23, 32, 31, 24, 17, 6, 30, 11, 5, 27, 4, 21, 22, 29, 9, 19, 12, 8, 25, 13, 16, 7, 14, 35, 20, 3, 37, 0, 36, 39, 26, 28, 10, 38, 15, 34, 2, 1, 18, 33]",1591,"[9, 5, 15, 38, 25, 2, 29, 0, 20, 3, 14, 36, 21, 22, 17, 7, 39, 10, 33, 16, 1, 19, 28, 11, 26, 13, 32, 34, 4, 37, 24, 18, 30, 8, 27, 35, 31, 12, 23, 6]",1551,7.331763982772827
"[37, 17, 39, 25, 19, 30, 27, 3, 38, 28, 20, 10, 6, 11, 26, 21, 14, 8, 18, 36, 15, 29, 7, 23, 13, 5, 31, 22, 35, 16, 33, 24, 1, 0, 12, 4, 2, 32, 9, 34]",1566,"[9, 5, 15, 38, 25, 2, 29, 0, 20, 3, 14, 36, 21, 22, 17, 7, 39, 10, 33, 16, 1, 19, 28, 11, 26, 13, 32, 34, 4, 37, 24, 18, 30, 8, 27, 35, 31, 12, 23, 6]",1551,7.377599000930786
"[0, 35, 8, 26, 38, 28, 39, 29, 37, 15, 9, 33, 17, 11, 36, 23, 34, 24, 10, 13, 30, 1, 19, 6, 3, 2, 14, 5, 22, 4, 12, 16, 18, 7, 25, 27, 21, 20, 31, 32]",1612,"[9, 5, 15, 38, 25, 2, 29, 0, 20, 3, 14, 36, 21, 22, 17, 7, 39, 10, 33, 16, 1, 19, 28, 11, 26, 13, 32, 34, 4, 37, 24, 18, 30, 8, 27, 35, 31, 12, 23, 6]",1551,7.421360015869141
"[22, 26, 30, 23, 29, 5, 19, 34, 11, 17, 39, 6, 33, 2, 9, 3, 25, 35, 28, 13, 24, 0, 10, 4, 15, 1, 7, 14, 27, 20, 8, 32, 18, 36, 37, 38, 16, 12, 31, 21]",1643,"[9, 5, 15, 38, 25, 2, 29, 0, 20, 3, 14, 36, 21, 22, 17, 7, 39, 10, 33, 16, 1, 19, 28, 11, 26, 13, 32, 34, 4, 37, 24, 18, 30, 8, 27, 35, 31, 12, 23, 6]",1551,7.465209007263184
"[11, 2, 37, 9, 27, 22, 26, 39, 14, 23, 5, 1, 19, 31, 32, 15, 4, 38, 24, 0, 36, 30, 34, 13, 16, 33, 28, 12, 25, 21, 29, 3, 20, 8, 10, 17, 18, 6, 35, 7]",1560,"[9, 5, 15, 38, 25, 2, 29, 0, 20, 3, 14, 36, 21, 22, 17, 7, 39, 10, 33, 16, 1, 19, 28, 11, 26, 13, 32, 34, 4, 37, 24, 18, 30, 8, 27, 35, 31, 12, 23, 6]",1551,7.509385824203491
"[39, 1, 8, 9, 6, 5, 32, 0, 36, 38, 10, 17, 25, 2, 34, 29, 13, 23, 35, 19, 7, 3, 11, 15, 16, 22, 24, 28, 12, 18, 27, 14, 20, 31, 30, 33, 4, 37, 26, 21]",1568,"[9, 5, 15, 38, 25, 2, 29, 0, 20, 3, 14, 36, 21, 22, 17, 7, 39, 10, 33, 16, 1, 19, 28, 11, 26, 13, 32, 34, 4, 37, 24, 18, 30, 8, 27, 35, 31, 12, 23, 6]",1551,7.552664041519165
"[36, 0, 24, 29, 17, 10, 26, 4, 28, 33, 32, 22, 19, 15, 27, 35, 30, 37, 13, 5, 39, 12, 9, 31, 3, 18, 38, 7, 34, 23, 2, 8, 20, 1, 21, 11, 6, 25, 14, 16]",1634,"[9, 5, 15, 38, 25, 2, 29, 0, 20, 3, 14, 36, 21, 22, 17, 7, 39, 10, 33, 16, 1, 19, 28, 11, 26, 13, 32, 34, 4, 37, 24, 18, 30, 8, 27, 35, 31, 12, 23, 6]",1551,7.608932971954346
"[28, 2, 31, 15, 6, 16, 21, 10, 38, 19, 30, 20, 9, 39, 12, 26, 27, 23, 34, 18, 3, 35, 17, 0, 13, 4, 14, 25, 1, 29, 7, 33, 36, 22, 5, 8, 37, 11, 24, 32]",1612,"[9, 5, 15, 38, 25, 2, 29, 0, 20, 3, 14, 36, 21, 22, 17, 7, 39, 10, 33, 16, 1, 19, 28, 11, 26, 13, 32, 34, 4, 37, 24, 18, 30, 8, 27, 35, 31, 12, 23, 6]",1551,7.6529319286346436
"[19, 39, 21, 20, 31, 5, 25, 14, 1, 7, 4, 22, 9, 15, 18, 13, 34, 37, 38, 17, 11, 26, 16, 29, 35, 32, 2, 3, 23, 0, 6, 10, 30, 27, 24, 12, 36, 28, 33, 8]",1598,"[9, 5, 15, 38, 25, 2, 29, 0, 20, 3, 14, 36, 21, 22, 17, 7, 39, 10, 33, 16, 1, 19, 28, 11, 26, 13, 32, 34, 4, 37, 24, 18, 30, 8, 27, 35, 31, 12, 23, 6]",1551,7.69671893119812
"[6, 30, 25, 33, 8, 11, 13, 0, 28, 35, 37, 26, 27, 2, 31, 10, 15, 12, 36, 17, 32, 22, 21, 3, 34, 39, 7, 4, 23, 29, 5, 14, 9, 1, 18, 24, 20, 19, 16, 38]",1637,"[9, 5, 15, 38, 25, 2, 29, 0, 20, 3, 14, 36, 21, 22, 17, 7, 39, 10, 33, 16, 1, 19, 28, 11, 26, 13, 32, 34, 4, 37, 24, 18, 30, 8, 27, 35, 31, 12, 23, 6]",1551,7.740396022796631
"[11, 34, 2, 25, 26, 28, 4, 5, 10, 31, 29, 20, 13, 9, 12, 14, 3, 35, 6, 8, 23, 37, 19, 15, 30, 27, 39, 18, 7, 24, 16, 0, 21, 38, 22, 1, 36, 32, 17, 33]",1582,"[9, 5, 15, 38, 25, 2, 29, 0, 20, 3, 14, 36, 21, 22, 17, 7, 39, 10, 33, 16, 1, 19, 28, 11, 26, 13, 32, 34, 4, 37, 24, 18, 30, 8, 27, 35, 31, 12, 23, 6]",1551,7.781645059585571
"[27, 26, 18, 0, 8, 35, 13, 21, 25, 16, 32, 4, 2, 22, 20, 36, 34, 30, 17, 33, 15, 10, 38, 28, 19, 24, 14, 1, 5, 31, 7, 9, 11, 12, 29, 23, 37, 6, 39, 3]",1584,"[9, 5, 15, 38, 25, 2, 29, 0, 20, 3, 14, 36, 21, 22, 17, 7, 39, 10, 33, 16, 1, 19, 28, 11, 26, 13, 32, 34, 4, 37, 24, 18, 30, 8, 27, 35, 31, 12, 23, 6]",1551,7.825071096420288
"[13, 10, 7, 31, 11, 20, 22, 6, 38, 27, 12, 2, 32, 16, 18, 25, 29, 30, 17, 35, 5, 33, 3, 37, 15, 8, 0, 19, 34, 14, 36, 1, 23, 28, 9, 21, 39, 26, 4, 24]",1578,"[9, 5, 15, 38, 25, 2, 29, 0, 20, 3, 14, 36, 21, 22, 17, 7, 39, 10, 33, 16, 1, 19, 28, 11, 26, 13, 32, 34, 4, 37, 24, 18, 30, 8, 27, 35, 31, 12, 23, 6]",1551,7.868139982223511
"[14, 31, 38, 17, 34, 0, 29, 12, 32, 36, 15, 22, 37, 35, 21, 30, 20, 18, 4, 24, 7, 19, 25, 26, 3, 1, 28, 6, 33, 11, 10, 16, 5, 8, 2, 27, 9, 39, 13, 23]",1587,"[9, 5, 15, 38, 25, 2, 29, 0, 20, 3, 14, 36, 21, 22, 17, 7, 39, 10, 33, 16, 1, 19, 28, 11, 26, 13, 32, 34, 4, 37, 24, 18, 30, 8, 27, 35, 31, 12, 23, 6]",1551,7.91265606880188
"[10, 38, 34, 24, 0, 35, 36, 14, 30, 25, 31, 2, 11, 9, 19, 22, 26, 32, 27, 3, 5, 37, 18, 8, 13, 28, 4, 15, 29, 6, 1, 33, 23, 20, 39, 12, 21, 17, 16, 7]",1643,"[9, 5, 15, 38, 25, 2, 29, 0, 20, 3, 14, 36, 21, 22, 17, 7, 39, 10, 33, 16, 1, 19, 28, 11, 26, 13, 32, 34, 4, 37, 24, 18, 30, 8, 27, 35, 31, 12, 23, 6]",1551,7.954697847366333
"[33, 0, 27, 36, 35, 3, 9, 11, 34, 16, 5, 37, 26, 18, 12, 15, 25, 24, 1, 39, 23, 14, 17, 7, 32, 19, 38, 30, 22, 10, 8, 28, 20, 29, 4, 21, 13, 6, 31, 2]",1584,"[9, 5, 15, 38, 25, 2, 29, 0, 20, 3, 14, 36, 21, 22, 17, 7, 39, 10, 33, 16, 1, 19, 28, 11, 26, 13, 32, 34, 4, 37, 24, 18, 30, 8, 27, 35, 31, 12, 23, 6]",1551,7.9974730014801025
"[30, 27, 36, 39, 35, 17, 24, 33, 13, 12, 22, 11, 3, 31, 5, 16, 37, 15, 28, 2, 9, 32, 20, 14, 6, 1, 8, 4, 38, 21, 18, 23, 25, 19, 0, 26, 34, 29, 10, 7]",1587,"[9, 5, 15, 38, 25, 2, 29, 0, 20, 3, 14, 36, 21, 22, 17, 7, 39, 10, 33, 16, 1, 19, 28, 11, 26, 13, 32, 34, 4, 37, 24, 18, 30, 8, 27, 35, 31, 12, 23, 6]",1551,8.041604995727539
"[13, 38, 39, 2, 22, 36, 27, 33, 24, 8, 19, 1, 9, 28, 16, 3, 31, 37, 4, 34, 14, 32, 25, 5, 12, 26, 35, 20, 6, 18, 29, 21, 10, 11, 23, 17, 30, 7, 15, 0]",1602,"[9, 5, 15, 38, 25, 2, 29, 0, 20, 3, 14, 36, 21, 22, 17, 7, 39, 10, 33, 16, 1, 19, 28, 11, 26, 13, 32, 34, 4, 37, 24, 18, 30, 8, 27, 35, 31, 12, 23, 6]",1551,8.084423780441284
"[14, 1, 15, 20, 4, 19, 8, 31, 11, 30, 39, 27, 37, 34, 26, 13, 22, 24, 5, 36, 33, 16, 0, 23, 28, 32, 38, 18, 10, 9, 2, 17, 3, 12, 35, 6, 7, 25, 29, 21]",1599,"[9, 5, 15, 38, 25, 2, 29, 0, 20, 3, 14, 36, 21, 22, 17, 7, 39, 10, 33, 16, 1, 19, 28, 11, 26, 13, 32, 34, 4, 37, 24, 18, 30, 8, 27, 35, 31, 12, 23, 6]",1551,8.126688957214355
"[21, 8, 23, 18, 15, 25, 39, 7, 17, 19, 14, 2, 13, 11, 31, 12, 4, 3, 6, 37, 0, 38, 1, 28, 20, 27, 16, 22, 5, 26, 34, 30, 24, 29, 36, 9, 35, 10, 33, 32]",1615,"[9, 5, 15, 38, 25, 2, 29, 0, 20, 3, 14, 36, 21, 22, 17, 7, 39, 10, 33, 16, 1, 19, 28, 11, 26, 13, 32, 34, 4, 37, 24, 18, 30, 8, 27, 35, 31, 12, 23, 6]",1551,8.16975998878479
"[32, 20, 38, 9, 13, 1, 6, 33, 29, 30, 17, 2, 12, 14, 18, 4, 5, 7, 15, 11, 27, 24, 10, 0, 37, 35, 16, 28, 36, 39, 31, 21, 3, 23, 25, 22, 8, 26, 34, 19]",1558,"[9, 5, 15, 38, 25, 2, 29, 0, 20, 3, 14, 36, 21, 22, 17, 7, 39, 10, 33, 16, 1, 19, 28, 11, 26, 13, 32, 34, 4, 37, 24, 18, 30, 8, 27, 35, 31, 12, 23, 6]",1551,8.211090803146362
"[22, 12, 18, 28, 17, 38, 24, 3, 37, 29, 39, 11, 26, 21, 0, 34, 7, 30, 19, 20, 9, 14, 8, 16, 23, 5, 6, 2, 10, 32, 1, 15, 31, 27, 36, 4, 25, 13, 35, 33]",1568,"[9, 5, 15, 38, 25, 2, 29, 0, 20, 3, 14, 36, 21, 22, 17, 7, 39, 10, 33, 16, 1, 19, 28, 11, 26, 13, 32, 34, 4, 37, 24, 18, 30, 8, 27, 35, 31, 12, 23, 6]",1551,8.253662824630737
"[6, 2, 5, 39, 27, 28, 20, 13, 19, 34, 21, 8, 36, 9, 16, 31, 25, 35, 37, 4, 38, 22, 33, 29, 24, 17, 32, 12, 23, 15, 14, 18, 11, 7, 30, 0, 10, 1, 3, 26]",1596,"[9, 5, 15, 38, 25, 2, 29, 0, 20, 3, 14, 36, 21, 22, 17, 7, 39, 10, 33, 16, 1, 19, 28, 11, 26, 13, 32, 34, 4, 37, 24, 18, 30, 8, 27, 35, 31, 12, 23, 6]",1551,8.295772790908813
"[35, 38, 34, 14, 39, 2, 7, 27, 24, 26, 0, 20, 8, 15, 10, 23, 18, 36, 19, 25, 4, 37, 1, 30, 13, 28, 3, 11, 5, 9, 22, 21, 33, 32, 12, 17, 29, 6, 31, 16]",1631,"[9, 5, 15, 38, 25, 2, 29, 0, 20, 3, 14, 36, 21, 22, 17, 7, 39, 10, 33, 16, 1, 19, 28, 11, 26, 13, 32, 34, 4, 37, 24, 18, 30, 8, 27, 35, 31, 12, 23, 6]",1551,8.337795972824097
"[0, 14, 12, 27, 15, 18, 26, 13, 39, 8, 35, 22, 19, 16, 24, 37, 10, 11, 38, 5, 6, 29, 36, 31, 28, 30, 7, 33, 1, 32, 2, 17, 20, 23, 34, 21, 25, 9, 3, 4]",1592,"[9, 5, 15, 38, 25, 2, 29, 0, 20, 3, 14, 36, 21, 22, 17, 7, 39, 10, 33, 16, 1, 19, 28, 11, 26, 13, 32, 34, 4, 37, 24, 18, 30, 8, 27, 35, 31, 12, 23, 6]",1551,8.381360054016113
"[0, 6, 8, 30, 2, 18, 24, 11, 28, 13, 22, 4, 3, 12, 35, 26, 33, 31, 39, 25, 10, 32, 36, 20, 5, 14, 17, 37, 23, 38, 1, 16, 34, 29, 9, 15, 19, 21, 7, 27]",1588,"[9, 5, 15, 38, 25, 2, 29, 0, 20, 3, 14, 36, 21, 22, 17, 7, 39, 10, 33, 16, 1, 19, 28, 11, 26, 13, 32, 34, 4, 37, 24, 18, 30, 8, 27, 35, 31, 12, 23, 6]",1551,8.424012899398804
"[34, 35, 7, 13, 20, 37, 2, 38, 5, 29, 23, 3, 14, 22, 30, 4, 39, 6, 18, 32, 31, 1, 27, 28, 10, 36, 15, 11, 24, 25, 33, 16, 12, 9, 8, 21, 19, 0, 26, 17]",1587,"[9, 5, 15, 38, 25, 2, 29, 0, 20, 3, 14, 36, 21, 22, 17, 7, 39, 10, 33, 16, 1, 19, 28, 11, 26, 13, 32, 34, 4, 37, 24, 18, 30, 8, 27, 35, 31, 12, 23, 6]",1551,8.466742038726807
"[37, 8, 28, 35, 33, 16, 7, 9, 11, 1, 31, 5, 6, 13, 12, 30, 2, 26, 24, 18, 14, 15, 23, 0, 21, 27, 39, 3, 20, 17, 32, 25, 34, 19, 38, 10, 36, 4, 22, 29]",1587,"[9, 5, 15, 38, 25, 2, 29, 0, 20, 3, 14, 36, 21, 22, 17, 7, 39, 10, 33, 16, 1, 19, 28, 11, 26, 13, 32, 34, 4, 37, 24, 18, 30, 8, 27, 35, 31, 12, 23, 6]",1551,8.510847806930542
"[37, 33, 38, 36, 8, 2, 23, 26, 18, 9, 17, 6, 22, 11, 12, 28, 34, 35, 39, 15, 29, 10, 5, 13, 4, 31, 14, 0, 25, 20, 7, 27, 32, 24, 21, 1, 3, 19, 16, 30]",1634,"[9, 5, 15, 38, 25, 2, 29, 0, 20, 3, 14, 36, 21, 22, 17, 7, 39, 10, 33, 16, 1, 19, 28, 11, 26, 13, 32, 34, 4, 37, 24, 18, 30, 8, 27, 35, 31, 12, 23, 6]",1551,8.555022954940796
"[38, 32, 30, 36, 20, 26, 29, 39, 19, 3, 4, 7, 22, 28, 23, 15, 24, 35, 21, 13, 0, 16, 17, 10, 37, 12, 5, 6, 1, 34, 2, 27, 18, 14, 9, 11, 8, 31, 25, 33]",1563,"[9, 5, 15, 38, 25, 2, 29, 0, 20, 3, 14, 36, 21, 22, 17, 7, 39, 10, 33, 16, 1, 19, 28, 11, 26, 13, 32, 34, 4, 37, 24, 18, 30, 8, 27, 35, 31, 12, 23, 6]",1551,8.596767902374268
"[4, 18, 3, 33, 32, 1, 20, 29, 35, 36, 19, 17, 28, 10, 38, 0, 37, 9, 13, 21, 5, 2, 8, 27, 11, 15, 25, 22, 24, 12, 34, 6, 23, 39, 16, 31, 7, 30, 26, 14]",1640,"[9, 5, 15, 38, 25, 2, 29, 0, 20, 3, 14, 36, 21, 22, 17, 7, 39, 10, 33, 16, 1, 19, 28, 11, 26, 13, 32, 34, 4, 37, 24, 18, 30, 8, 27, 35, 31, 12, 23, 6]",1551,8.640406847000122
"[9, 30, 36, 35, 22, 27, 21, 17, 12, 15, 28, 29, 8, 39, 33, 25, 16, 13, 26, 1, 10, 5, 32, 14, 3, 20, 0, 2, 18, 24, 38, 37, 19, 34, 7, 6, 23, 11, 4, 31]",1568,"[9, 5, 15, 38, 25, 2, 29, 0, 20, 3, 14, 36, 21, 22, 17, 7, 39, 10, 33, 16, 1, 19, 28, 11, 26, 13, 32, 34, 4, 37, 24, 18, 30, 8, 27, 35, 31, 12, 23, 6]",1551,8.68423080444336
"[13, 10, 28, 8, 16, 3, 31, 11, 36, 1, 32, 19, 30, 5, 17, 22, 7, 18, 0, 25, 4, 15, 12, 34, 38, 29, 20, 39, 27, 33, 6, 2, 21, 35, 9, 14, 26, 24, 23, 37]",1557,"[9, 5, 15, 38, 25, 2, 29, 0, 20, 3, 14, 36, 21, 22, 17, 7, 39, 10, 33, 16, 1, 19, 28, 11, 26, 13, 32, 34, 4, 37, 24, 18, 30, 8, 27, 35, 31, 12, 23, 6]",1551,8.727462768554688
