Sequence,Fitness,Best_sequence,Best_fitness,Time
"[3, 16, 6, 10, 2, 14, 4, 17, 7, 1, 13, 0, 19, 18, 9, 15, 8, 12, 11, 5]",973.5,"[3, 16, 6, 10, 2, 14, 4, 17, 7, 1, 13, 0, 19, 18, 9, 15, 8, 12, 11, 5]",973.5,0.0010204315185546875
"[15, 8, 16, 3, 19, 17, 5, 6, 0, 12, 1, 9, 13, 7, 4, 2, 14, 10, 11, 18]",1029.5,"[3, 16, 6, 10, 2, 14, 4, 17, 7, 1, 13, 0, 19, 18, 9, 15, 8, 12, 11, 5]",973.5,0.05300569534301758
"[4, 2, 18, 12, 11, 19, 5, 6, 14, 7, 15, 9, 10, 3, 13, 16, 8, 17, 0, 1]",996.5,"[3, 16, 6, 10, 2, 14, 4, 17, 7, 1, 13, 0, 19, 18, 9, 15, 8, 12, 11, 5]",973.5,0.1040196418762207
"[10, 14, 5, 6, 18, 1, 8, 7, 19, 15, 4, 0, 2, 9, 3, 13, 16, 12, 11, 17]",1038.0,"[3, 16, 6, 10, 2, 14, 4, 17, 7, 1, 13, 0, 19, 18, 9, 15, 8, 12, 11, 5]",973.5,0.15500903129577637
"[15, 17, 1, 16, 14, 13, 18, 3, 12, 9, 11, 19, 10, 2, 0, 8, 6, 5, 4, 7]",916.5,"[3, 16, 6, 10, 2, 14, 4, 17, 7, 1, 13, 0, 19, 18, 9, 15, 8, 12, 11, 5]",973.5,0.21100234985351562
"[10, 1, 17, 11, 12, 9, 14, 18, 8, 7, 16, 2, 15, 5, 4, 6, 19, 0, 3, 13]",970.5,"[15, 17, 1, 16, 14, 13, 18, 3, 12, 9, 11, 19, 10, 2, 0, 8, 6, 5, 4, 7]",916.5,0.26101016998291016
"[9, 3, 15, 5, 18, 6, 17, 14, 8, 11, 1, 19, 10, 0, 2, 12, 16, 4, 13, 7]",931.0,"[15, 17, 1, 16, 14, 13, 18, 3, 12, 9, 11, 19, 10, 2, 0, 8, 6, 5, 4, 7]",916.5,0.3080024719238281
"[4, 3, 17, 5, 19, 8, 13, 11, 14, 0, 6, 10, 16, 7, 15, 12, 2, 1, 18, 9]",949.5,"[15, 17, 1, 16, 14, 13, 18, 3, 12, 9, 11, 19, 10, 2, 0, 8, 6, 5, 4, 7]",916.5,0.3580043315887451
"[11, 14, 3, 8, 6, 18, 9, 12, 7, 0, 19, 4, 17, 15, 2, 1, 13, 5, 16, 10]",916.0,"[15, 17, 1, 16, 14, 13, 18, 3, 12, 9, 11, 19, 10, 2, 0, 8, 6, 5, 4, 7]",916.5,0.40500783920288086
"[10, 3, 16, 1, 0, 4, 12, 5, 7, 2, 9, 15, 19, 17, 8, 18, 6, 11, 13, 14]",967.5,"[11, 14, 3, 8, 6, 18, 9, 12, 7, 0, 19, 4, 17, 15, 2, 1, 13, 5, 16, 10]",916.0,0.4570038318634033
"[5, 12, 1, 18, 9, 11, 6, 2, 4, 3, 10, 0, 7, 16, 14, 8, 13, 15, 19, 17]",880.5,"[11, 14, 3, 8, 6, 18, 9, 12, 7, 0, 19, 4, 17, 15, 2, 1, 13, 5, 16, 10]",916.0,0.5050084590911865
"[6, 15, 19, 9, 14, 5, 4, 11, 17, 3, 8, 10, 18, 7, 12, 13, 0, 16, 2, 1]",978.0,"[5, 12, 1, 18, 9, 11, 6, 2, 4, 3, 10, 0, 7, 16, 14, 8, 13, 15, 19, 17]",880.5,0.5570058822631836
"[1, 9, 0, 2, 8, 4, 5, 13, 7, 6, 18, 16, 3, 11, 14, 15, 19, 10, 17, 12]",877.0,"[5, 12, 1, 18, 9, 11, 6, 2, 4, 3, 10, 0, 7, 16, 14, 8, 13, 15, 19, 17]",880.5,0.6070075035095215
"[13, 11, 18, 10, 4, 12, 16, 9, 8, 2, 19, 14, 1, 17, 7, 15, 6, 5, 3, 0]",1026.5,"[1, 9, 0, 2, 8, 4, 5, 13, 7, 6, 18, 16, 3, 11, 14, 15, 19, 10, 17, 12]",877.0,0.6560056209564209
"[16, 8, 5, 15, 4, 2, 18, 0, 11, 19, 10, 9, 13, 6, 12, 1, 3, 7, 17, 14]",1028.5,"[1, 9, 0, 2, 8, 4, 5, 13, 7, 6, 18, 16, 3, 11, 14, 15, 19, 10, 17, 12]",877.0,0.7110059261322021
"[2, 17, 12, 14, 1, 13, 6, 0, 18, 8, 3, 5, 7, 4, 11, 10, 15, 19, 9, 16]",890.5,"[1, 9, 0, 2, 8, 4, 5, 13, 7, 6, 18, 16, 3, 11, 14, 15, 19, 10, 17, 12]",877.0,0.7590122222900391
"[0, 1, 13, 2, 4, 3, 16, 19, 9, 7, 10, 8, 17, 15, 11, 6, 5, 12, 14, 18]",942.5,"[1, 9, 0, 2, 8, 4, 5, 13, 7, 6, 18, 16, 3, 11, 14, 15, 19, 10, 17, 12]",877.0,0.8090040683746338
"[3, 13, 14, 12, 7, 0, 6, 17, 19, 15, 4, 9, 18, 8, 10, 11, 1, 2, 5, 16]",952.0,"[1, 9, 0, 2, 8, 4, 5, 13, 7, 6, 18, 16, 3, 11, 14, 15, 19, 10, 17, 12]",877.0,0.8560080528259277
"[11, 15, 5, 1, 9, 8, 18, 10, 14, 4, 13, 19, 17, 16, 7, 12, 6, 3, 2, 0]",993.5,"[1, 9, 0, 2, 8, 4, 5, 13, 7, 6, 18, 16, 3, 11, 14, 15, 19, 10, 17, 12]",877.0,0.9070084095001221
"[7, 16, 6, 5, 8, 1, 17, 15, 3, 14, 0, 4, 18, 11, 10, 2, 12, 13, 19, 9]",891.0,"[1, 9, 0, 2, 8, 4, 5, 13, 7, 6, 18, 16, 3, 11, 14, 15, 19, 10, 17, 12]",877.0,0.9590225219726562
"[7, 6, 15, 5, 1, 18, 0, 17, 19, 10, 9, 3, 2, 12, 8, 11, 16, 14, 13, 4]",958.0,"[1, 9, 0, 2, 8, 4, 5, 13, 7, 6, 18, 16, 3, 11, 14, 15, 19, 10, 17, 12]",877.0,1.0070102214813232
"[3, 19, 6, 9, 1, 4, 0, 15, 17, 8, 13, 14, 10, 11, 12, 18, 2, 5, 16, 7]",916.0,"[1, 9, 0, 2, 8, 4, 5, 13, 7, 6, 18, 16, 3, 11, 14, 15, 19, 10, 17, 12]",877.0,1.0530109405517578
"[12, 5, 8, 16, 15, 9, 10, 2, 18, 1, 17, 13, 3, 19, 7, 4, 14, 0, 6, 11]",995.0,"[1, 9, 0, 2, 8, 4, 5, 13, 7, 6, 18, 16, 3, 11, 14, 15, 19, 10, 17, 12]",877.0,1.1030182838439941
"[15, 1, 3, 19, 4, 2, 13, 17, 9, 8, 10, 12, 11, 16, 0, 5, 7, 14, 18, 6]",942.5,"[1, 9, 0, 2, 8, 4, 5, 13, 7, 6, 18, 16, 3, 11, 14, 15, 19, 10, 17, 12]",877.0,1.1560156345367432
"[12, 3, 0, 7, 14, 13, 2, 16, 8, 4, 6, 18, 17, 15, 19, 5, 11, 9, 10, 1]",989.0,"[1, 9, 0, 2, 8, 4, 5, 13, 7, 6, 18, 16, 3, 11, 14, 15, 19, 10, 17, 12]",877.0,1.2050120830535889
"[1, 5, 9, 14, 7, 17, 0, 10, 18, 3, 15, 2, 11, 6, 8, 4, 16, 13, 12, 19]",867.0,"[1, 9, 0, 2, 8, 4, 5, 13, 7, 6, 18, 16, 3, 11, 14, 15, 19, 10, 17, 12]",877.0,1.2520194053649902
"[6, 17, 2, 10, 7, 4, 1, 9, 13, 19, 8, 3, 14, 15, 11, 12, 0, 16, 5, 18]",943.0,"[1, 5, 9, 14, 7, 17, 0, 10, 18, 3, 15, 2, 11, 6, 8, 4, 16, 13, 12, 19]",867.0,1.2980210781097412
"[9, 3, 4, 2, 12, 8, 7, 18, 11, 16, 13, 5, 1, 15, 0, 19, 17, 6, 14, 10]",889.0,"[1, 5, 9, 14, 7, 17, 0, 10, 18, 3, 15, 2, 11, 6, 8, 4, 16, 13, 12, 19]",867.0,1.3460190296173096
"[10, 17, 15, 7, 2, 8, 5, 4, 0, 12, 1, 6, 18, 16, 3, 9, 14, 11, 13, 19]",955.5,"[1, 5, 9, 14, 7, 17, 0, 10, 18, 3, 15, 2, 11, 6, 8, 4, 16, 13, 12, 19]",867.0,1.4000437259674072
"[17, 2, 5, 18, 11, 16, 3, 9, 1, 19, 15, 6, 12, 7, 8, 13, 4, 14, 0, 10]",927.5,"[1, 5, 9, 14, 7, 17, 0, 10, 18, 3, 15, 2, 11, 6, 8, 4, 16, 13, 12, 19]",867.0,1.4470241069793701
"[18, 17, 8, 11, 3, 7, 1, 16, 13, 10, 2, 14, 15, 4, 12, 19, 9, 5, 0, 6]",877.0,"[1, 5, 9, 14, 7, 17, 0, 10, 18, 3, 15, 2, 11, 6, 8, 4, 16, 13, 12, 19]",867.0,1.5060503482818604
"[0, 9, 4, 2, 17, 1, 5, 18, 10, 8, 6, 14, 13, 19, 3, 12, 16, 7, 15, 11]",1006.0,"[1, 5, 9, 14, 7, 17, 0, 10, 18, 3, 15, 2, 11, 6, 8, 4, 16, 13, 12, 19]",867.0,1.555211067199707
"[9, 3, 16, 5, 4, 15, 11, 18, 17, 6, 14, 1, 0, 12, 8, 2, 7, 13, 10, 19]",879.5,"[1, 5, 9, 14, 7, 17, 0, 10, 18, 3, 15, 2, 11, 6, 8, 4, 16, 13, 12, 19]",867.0,1.6060161590576172
"[9, 15, 10, 11, 13, 8, 7, 12, 18, 17, 6, 19, 3, 4, 5, 14, 2, 16, 1, 0]",986.5,"[1, 5, 9, 14, 7, 17, 0, 10, 18, 3, 15, 2, 11, 6, 8, 4, 16, 13, 12, 19]",867.0,1.6570179462432861
"[9, 3, 18, 14, 19, 13, 11, 12, 15, 5, 4, 2, 16, 10, 1, 6, 17, 7, 8, 0]",964.5,"[1, 5, 9, 14, 7, 17, 0, 10, 18, 3, 15, 2, 11, 6, 8, 4, 16, 13, 12, 19]",867.0,1.7075648307800293
"[17, 0, 3, 2, 19, 11, 10, 8, 18, 14, 12, 5, 6, 4, 13, 16, 1, 9, 15, 7]",937.0,"[1, 5, 9, 14, 7, 17, 0, 10, 18, 3, 15, 2, 11, 6, 8, 4, 16, 13, 12, 19]",867.0,1.7565727233886719
"[16, 19, 8, 7, 4, 15, 9, 6, 13, 12, 5, 1, 14, 10, 0, 17, 2, 3, 18, 11]",1087.0,"[1, 5, 9, 14, 7, 17, 0, 10, 18, 3, 15, 2, 11, 6, 8, 4, 16, 13, 12, 19]",867.0,1.8065667152404785
"[7, 10, 5, 13, 12, 11, 1, 2, 15, 6, 8, 17, 18, 4, 16, 3, 14, 9, 19, 0]",944.5,"[1, 5, 9, 14, 7, 17, 0, 10, 18, 3, 15, 2, 11, 6, 8, 4, 16, 13, 12, 19]",867.0,1.857567548751831
"[11, 19, 4, 5, 10, 18, 17, 9, 8, 16, 0, 14, 2, 12, 3, 15, 13, 7, 1, 6]",995.0,"[1, 5, 9, 14, 7, 17, 0, 10, 18, 3, 15, 2, 11, 6, 8, 4, 16, 13, 12, 19]",867.0,1.9055826663970947
"[10, 15, 7, 12, 3, 16, 1, 13, 11, 5, 0, 18, 4, 6, 17, 2, 14, 8, 9, 19]",902.0,"[1, 5, 9, 14, 7, 17, 0, 10, 18, 3, 15, 2, 11, 6, 8, 4, 16, 13, 12, 19]",867.0,1.9605693817138672
"[1, 13, 3, 0, 11, 2, 19, 4, 12, 8, 14, 17, 15, 10, 16, 18, 6, 5, 7, 9]",903.5,"[1, 5, 9, 14, 7, 17, 0, 10, 18, 3, 15, 2, 11, 6, 8, 4, 16, 13, 12, 19]",867.0,2.012568473815918
"[18, 9, 15, 2, 13, 11, 0, 7, 4, 8, 17, 10, 1, 5, 6, 19, 16, 12, 14, 3]",1006.5,"[1, 5, 9, 14, 7, 17, 0, 10, 18, 3, 15, 2, 11, 6, 8, 4, 16, 13, 12, 19]",867.0,2.0669755935668945
"[6, 2, 7, 15, 0, 19, 8, 18, 1, 16, 13, 14, 9, 17, 3, 10, 5, 12, 4, 11]",1033.0,"[1, 5, 9, 14, 7, 17, 0, 10, 18, 3, 15, 2, 11, 6, 8, 4, 16, 13, 12, 19]",867.0,2.115567445755005
"[8, 12, 10, 11, 2, 16, 7, 15, 5, 14, 3, 13, 4, 9, 18, 1, 19, 0, 17, 6]",907.0,"[1, 5, 9, 14, 7, 17, 0, 10, 18, 3, 15, 2, 11, 6, 8, 4, 16, 13, 12, 19]",867.0,2.1725821495056152
"[8, 11, 9, 10, 16, 14, 18, 17, 1, 3, 15, 4, 0, 6, 5, 2, 7, 12, 19, 13]",867.0,"[1, 5, 9, 14, 7, 17, 0, 10, 18, 3, 15, 2, 11, 6, 8, 4, 16, 13, 12, 19]",867.0,2.2215723991394043
"[12, 17, 19, 4, 8, 13, 16, 7, 18, 10, 14, 2, 3, 6, 15, 1, 5, 9, 11, 0]",1066.5,"[1, 5, 9, 14, 7, 17, 0, 10, 18, 3, 15, 2, 11, 6, 8, 4, 16, 13, 12, 19]",867.0,2.274575710296631
"[7, 10, 16, 14, 15, 8, 3, 12, 6, 11, 19, 18, 1, 2, 0, 17, 5, 13, 4, 9]",962.0,"[1, 5, 9, 14, 7, 17, 0, 10, 18, 3, 15, 2, 11, 6, 8, 4, 16, 13, 12, 19]",867.0,2.322571039199829
"[6, 0, 4, 1, 3, 18, 16, 5, 17, 2, 9, 15, 7, 10, 19, 8, 11, 14, 12, 13]",950.5,"[1, 5, 9, 14, 7, 17, 0, 10, 18, 3, 15, 2, 11, 6, 8, 4, 16, 13, 12, 19]",867.0,2.3745644092559814
"[7, 5, 4, 3, 0, 17, 10, 2, 15, 11, 12, 16, 8, 9, 14, 6, 1, 19, 18, 13]",904.0,"[1, 5, 9, 14, 7, 17, 0, 10, 18, 3, 15, 2, 11, 6, 8, 4, 16, 13, 12, 19]",867.0,2.424570322036743
"[8, 17, 15, 4, 19, 6, 14, 1, 12, 2, 18, 5, 11, 9, 3, 7, 10, 0, 16, 13]",1008.0,"[1, 5, 9, 14, 7, 17, 0, 10, 18, 3, 15, 2, 11, 6, 8, 4, 16, 13, 12, 19]",867.0,2.4765896797180176
"[0, 5, 2, 17, 7, 14, 10, 9, 4, 6, 15, 16, 8, 12, 18, 13, 1, 19, 11, 3]",1083.0,"[1, 5, 9, 14, 7, 17, 0, 10, 18, 3, 15, 2, 11, 6, 8, 4, 16, 13, 12, 19]",867.0,2.526571273803711
"[3, 6, 7, 13, 8, 16, 15, 10, 1, 4, 9, 5, 17, 12, 18, 19, 14, 0, 2, 11]",976.5,"[1, 5, 9, 14, 7, 17, 0, 10, 18, 3, 15, 2, 11, 6, 8, 4, 16, 13, 12, 19]",867.0,2.5755765438079834
"[12, 8, 5, 16, 11, 19, 9, 3, 4, 17, 18, 0, 6, 2, 1, 7, 14, 10, 15, 13]",954.0,"[1, 5, 9, 14, 7, 17, 0, 10, 18, 3, 15, 2, 11, 6, 8, 4, 16, 13, 12, 19]",867.0,2.6265738010406494
"[7, 15, 12, 1, 16, 8, 3, 10, 17, 0, 14, 11, 4, 6, 19, 5, 13, 18, 2, 9]",922.5,"[1, 5, 9, 14, 7, 17, 0, 10, 18, 3, 15, 2, 11, 6, 8, 4, 16, 13, 12, 19]",867.0,2.6775755882263184
"[16, 14, 15, 17, 19, 13, 12, 5, 1, 2, 3, 6, 7, 9, 4, 11, 10, 0, 8, 18]",1047.5,"[1, 5, 9, 14, 7, 17, 0, 10, 18, 3, 15, 2, 11, 6, 8, 4, 16, 13, 12, 19]",867.0,2.7245755195617676
"[1, 19, 6, 7, 12, 17, 0, 16, 15, 2, 9, 5, 11, 4, 14, 13, 3, 10, 18, 8]",1030.5,"[1, 5, 9, 14, 7, 17, 0, 10, 18, 3, 15, 2, 11, 6, 8, 4, 16, 13, 12, 19]",867.0,2.77359938621521
"[7, 18, 5, 15, 1, 11, 9, 3, 17, 16, 4, 6, 19, 13, 0, 14, 8, 10, 12, 2]",893.0,"[1, 5, 9, 14, 7, 17, 0, 10, 18, 3, 15, 2, 11, 6, 8, 4, 16, 13, 12, 19]",867.0,2.8205766677856445
"[19, 17, 10, 18, 5, 16, 12, 9, 3, 15, 14, 6, 4, 13, 1, 11, 8, 7, 0, 2]",1037.0,"[1, 5, 9, 14, 7, 17, 0, 10, 18, 3, 15, 2, 11, 6, 8, 4, 16, 13, 12, 19]",867.0,2.873610496520996
"[16, 9, 1, 8, 5, 2, 13, 7, 0, 3, 6, 10, 14, 12, 18, 17, 11, 15, 4, 19]",877.5,"[1, 5, 9, 14, 7, 17, 0, 10, 18, 3, 15, 2, 11, 6, 8, 4, 16, 13, 12, 19]",867.0,2.9245848655700684
"[12, 19, 7, 11, 14, 5, 8, 13, 17, 4, 15, 1, 10, 18, 16, 2, 9, 6, 0, 3]",1008.0,"[1, 5, 9, 14, 7, 17, 0, 10, 18, 3, 15, 2, 11, 6, 8, 4, 16, 13, 12, 19]",867.0,2.9725801944732666
"[9, 14, 19, 3, 7, 4, 11, 10, 17, 16, 6, 15, 12, 2, 8, 13, 5, 1, 18, 0]",973.0,"[1, 5, 9, 14, 7, 17, 0, 10, 18, 3, 15, 2, 11, 6, 8, 4, 16, 13, 12, 19]",867.0,3.021583080291748
"[12, 16, 18, 3, 1, 11, 9, 7, 5, 14, 6, 2, 19, 4, 15, 8, 0, 17, 10, 13]",912.0,"[1, 5, 9, 14, 7, 17, 0, 10, 18, 3, 15, 2, 11, 6, 8, 4, 16, 13, 12, 19]",867.0,3.0676157474517822
"[16, 7, 1, 0, 12, 14, 5, 3, 2, 6, 19, 18, 4, 9, 15, 8, 17, 10, 11, 13]",988.0,"[1, 5, 9, 14, 7, 17, 0, 10, 18, 3, 15, 2, 11, 6, 8, 4, 16, 13, 12, 19]",867.0,3.114583969116211
"[8, 15, 1, 18, 2, 12, 5, 16, 10, 3, 7, 4, 0, 11, 19, 9, 17, 14, 13, 6]",921.5,"[1, 5, 9, 14, 7, 17, 0, 10, 18, 3, 15, 2, 11, 6, 8, 4, 16, 13, 12, 19]",867.0,3.1675827503204346
"[4, 2, 0, 6, 10, 13, 14, 5, 11, 12, 16, 19, 17, 8, 9, 7, 1, 15, 18, 3]",1006.0,"[1, 5, 9, 14, 7, 17, 0, 10, 18, 3, 15, 2, 11, 6, 8, 4, 16, 13, 12, 19]",867.0,3.2185826301574707
"[18, 12, 2, 17, 1, 19, 11, 14, 3, 0, 6, 5, 10, 16, 8, 15, 9, 13, 4, 7]",938.0,"[1, 5, 9, 14, 7, 17, 0, 10, 18, 3, 15, 2, 11, 6, 8, 4, 16, 13, 12, 19]",867.0,3.26458477973938
"[1, 16, 12, 4, 9, 5, 0, 10, 2, 11, 14, 8, 6, 7, 13, 19, 17, 3, 18, 15]",944.5,"[1, 5, 9, 14, 7, 17, 0, 10, 18, 3, 15, 2, 11, 6, 8, 4, 16, 13, 12, 19]",867.0,3.315584897994995
"[6, 14, 5, 17, 11, 1, 12, 0, 13, 3, 8, 7, 2, 19, 18, 9, 10, 15, 16, 4]",924.5,"[1, 5, 9, 14, 7, 17, 0, 10, 18, 3, 15, 2, 11, 6, 8, 4, 16, 13, 12, 19]",867.0,3.3625869750976562
"[11, 13, 5, 10, 19, 7, 6, 18, 8, 16, 1, 0, 17, 12, 2, 4, 14, 9, 3, 15]",960.0,"[1, 5, 9, 14, 7, 17, 0, 10, 18, 3, 15, 2, 11, 6, 8, 4, 16, 13, 12, 19]",867.0,3.4085865020751953
"[0, 10, 5, 7, 16, 12, 13, 11, 3, 4, 18, 1, 2, 19, 14, 17, 9, 15, 6, 8]",907.0,"[1, 5, 9, 14, 7, 17, 0, 10, 18, 3, 15, 2, 11, 6, 8, 4, 16, 13, 12, 19]",867.0,3.4605860710144043
"[0, 18, 1, 5, 12, 13, 6, 17, 7, 11, 2, 8, 19, 9, 3, 10, 16, 4, 15, 14]",937.0,"[1, 5, 9, 14, 7, 17, 0, 10, 18, 3, 15, 2, 11, 6, 8, 4, 16, 13, 12, 19]",867.0,3.510585069656372
"[19, 12, 16, 3, 6, 0, 9, 15, 5, 11, 17, 1, 8, 18, 10, 13, 2, 7, 14, 4]",990.5,"[1, 5, 9, 14, 7, 17, 0, 10, 18, 3, 15, 2, 11, 6, 8, 4, 16, 13, 12, 19]",867.0,3.56559419631958
"[14, 4, 1, 17, 19, 8, 9, 11, 10, 2, 13, 5, 6, 18, 16, 12, 15, 3, 7, 0]",1003.5,"[1, 5, 9, 14, 7, 17, 0, 10, 18, 3, 15, 2, 11, 6, 8, 4, 16, 13, 12, 19]",867.0,3.6118037700653076
"[10, 2, 16, 5, 9, 0, 8, 19, 3, 17, 14, 6, 7, 18, 4, 1, 13, 15, 12, 11]",988.5,"[1, 5, 9, 14, 7, 17, 0, 10, 18, 3, 15, 2, 11, 6, 8, 4, 16, 13, 12, 19]",867.0,3.662161111831665
"[14, 11, 6, 9, 12, 15, 16, 2, 5, 19, 1, 3, 7, 8, 17, 10, 4, 18, 13, 0]",998.0,"[1, 5, 9, 14, 7, 17, 0, 10, 18, 3, 15, 2, 11, 6, 8, 4, 16, 13, 12, 19]",867.0,3.712162971496582
"[6, 9, 5, 16, 10, 19, 3, 8, 2, 11, 0, 14, 12, 7, 13, 1, 15, 17, 18, 4]",959.0,"[1, 5, 9, 14, 7, 17, 0, 10, 18, 3, 15, 2, 11, 6, 8, 4, 16, 13, 12, 19]",867.0,3.7581658363342285
"[10, 7, 13, 11, 6, 8, 17, 9, 16, 14, 1, 5, 15, 18, 0, 3, 12, 19, 2, 4]",923.0,"[1, 5, 9, 14, 7, 17, 0, 10, 18, 3, 15, 2, 11, 6, 8, 4, 16, 13, 12, 19]",867.0,3.8091611862182617
"[9, 13, 15, 5, 19, 3, 4, 18, 17, 6, 7, 16, 12, 2, 1, 14, 10, 11, 8, 0]",1056.5,"[1, 5, 9, 14, 7, 17, 0, 10, 18, 3, 15, 2, 11, 6, 8, 4, 16, 13, 12, 19]",867.0,3.860161542892456
"[3, 9, 14, 18, 11, 6, 16, 19, 10, 1, 4, 17, 8, 5, 13, 7, 12, 0, 15, 2]",904.0,"[1, 5, 9, 14, 7, 17, 0, 10, 18, 3, 15, 2, 11, 6, 8, 4, 16, 13, 12, 19]",867.0,3.9061717987060547
"[15, 2, 14, 4, 11, 10, 18, 5, 1, 7, 12, 3, 9, 13, 19, 17, 6, 16, 0, 8]",912.0,"[1, 5, 9, 14, 7, 17, 0, 10, 18, 3, 15, 2, 11, 6, 8, 4, 16, 13, 12, 19]",867.0,3.9571659564971924
"[15, 18, 9, 10, 4, 5, 17, 6, 12, 8, 11, 16, 0, 7, 14, 13, 19, 1, 2, 3]",1021.0,"[1, 5, 9, 14, 7, 17, 0, 10, 18, 3, 15, 2, 11, 6, 8, 4, 16, 13, 12, 19]",867.0,4.009171009063721
"[19, 12, 5, 4, 1, 9, 13, 6, 2, 3, 10, 15, 7, 11, 16, 18, 17, 14, 8, 0]",964.0,"[1, 5, 9, 14, 7, 17, 0, 10, 18, 3, 15, 2, 11, 6, 8, 4, 16, 13, 12, 19]",867.0,4.05616569519043
"[1, 16, 3, 12, 2, 10, 7, 17, 14, 15, 0, 18, 11, 13, 6, 8, 19, 9, 5, 4]",916.0,"[1, 5, 9, 14, 7, 17, 0, 10, 18, 3, 15, 2, 11, 6, 8, 4, 16, 13, 12, 19]",867.0,4.105169057846069
"[0, 4, 11, 19, 18, 10, 13, 17, 14, 1, 15, 7, 8, 6, 3, 2, 16, 9, 5, 12]",919.0,"[1, 5, 9, 14, 7, 17, 0, 10, 18, 3, 15, 2, 11, 6, 8, 4, 16, 13, 12, 19]",867.0,4.153166770935059
"[13, 17, 14, 12, 1, 11, 9, 19, 16, 0, 3, 2, 7, 15, 8, 4, 5, 10, 6, 18]",968.0,"[1, 5, 9, 14, 7, 17, 0, 10, 18, 3, 15, 2, 11, 6, 8, 4, 16, 13, 12, 19]",867.0,4.197168588638306
"[11, 10, 3, 4, 17, 7, 1, 16, 13, 12, 2, 5, 14, 19, 18, 8, 6, 9, 0, 15]",897.5,"[1, 5, 9, 14, 7, 17, 0, 10, 18, 3, 15, 2, 11, 6, 8, 4, 16, 13, 12, 19]",867.0,4.2441723346710205
"[16, 12, 0, 7, 15, 13, 11, 4, 19, 9, 10, 5, 6, 8, 18, 2, 3, 14, 1, 17]",993.5,"[1, 5, 9, 14, 7, 17, 0, 10, 18, 3, 15, 2, 11, 6, 8, 4, 16, 13, 12, 19]",867.0,4.328171491622925
"[7, 5, 15, 8, 1, 19, 6, 16, 13, 10, 11, 4, 9, 17, 18, 2, 3, 14, 12, 0]",982.0,"[1, 5, 9, 14, 7, 17, 0, 10, 18, 3, 15, 2, 11, 6, 8, 4, 16, 13, 12, 19]",867.0,4.375169277191162
"[10, 19, 15, 5, 8, 0, 2, 11, 17, 9, 14, 6, 1, 12, 16, 3, 7, 4, 18, 13]",968.0,"[1, 5, 9, 14, 7, 17, 0, 10, 18, 3, 15, 2, 11, 6, 8, 4, 16, 13, 12, 19]",867.0,4.4231696128845215
"[0, 19, 15, 5, 16, 8, 12, 10, 17, 6, 13, 2, 18, 14, 11, 4, 3, 1, 7, 9]",1044.5,"[1, 5, 9, 14, 7, 17, 0, 10, 18, 3, 15, 2, 11, 6, 8, 4, 16, 13, 12, 19]",867.0,4.47317361831665
"[9, 7, 8, 12, 2, 10, 17, 4, 6, 14, 1, 15, 5, 13, 0, 16, 3, 19, 11, 18]",1031.5,"[1, 5, 9, 14, 7, 17, 0, 10, 18, 3, 15, 2, 11, 6, 8, 4, 16, 13, 12, 19]",867.0,4.523169040679932
"[3, 1, 16, 19, 9, 11, 13, 4, 17, 5, 12, 2, 8, 15, 7, 18, 6, 0, 10, 14]",919.5,"[1, 5, 9, 14, 7, 17, 0, 10, 18, 3, 15, 2, 11, 6, 8, 4, 16, 13, 12, 19]",867.0,4.571170330047607
"[10, 9, 16, 8, 19, 2, 7, 12, 3, 11, 15, 1, 6, 0, 5, 13, 14, 18, 17, 4]",983.5,"[1, 5, 9, 14, 7, 17, 0, 10, 18, 3, 15, 2, 11, 6, 8, 4, 16, 13, 12, 19]",867.0,4.6191725730896
"[6, 15, 18, 0, 8, 7, 16, 17, 14, 12, 1, 5, 19, 4, 11, 10, 13, 3, 9, 2]",1046.5,"[1, 5, 9, 14, 7, 17, 0, 10, 18, 3, 15, 2, 11, 6, 8, 4, 16, 13, 12, 19]",867.0,4.676170349121094
"[6, 9, 2, 0, 5, 13, 19, 1, 7, 17, 15, 18, 16, 12, 3, 14, 4, 11, 8, 10]",1081.0,"[1, 5, 9, 14, 7, 17, 0, 10, 18, 3, 15, 2, 11, 6, 8, 4, 16, 13, 12, 19]",867.0,4.731173276901245
"[0, 2, 1, 11, 13, 9, 3, 6, 4, 19, 12, 7, 8, 5, 17, 15, 14, 10, 16, 18]",911.0,"[1, 5, 9, 14, 7, 17, 0, 10, 18, 3, 15, 2, 11, 6, 8, 4, 16, 13, 12, 19]",867.0,4.783174991607666
"[10, 17, 1, 2, 9, 12, 6, 5, 15, 0, 7, 3, 8, 11, 14, 13, 16, 19, 18, 4]",912.0,"[1, 5, 9, 14, 7, 17, 0, 10, 18, 3, 15, 2, 11, 6, 8, 4, 16, 13, 12, 19]",867.0,4.837008953094482
"[4, 5, 17, 7, 16, 19, 6, 13, 18, 0, 10, 12, 14, 11, 9, 15, 8, 2, 1, 3]",1049.5,"[1, 5, 9, 14, 7, 17, 0, 10, 18, 3, 15, 2, 11, 6, 8, 4, 16, 13, 12, 19]",867.0,4.894178628921509
"[8, 18, 2, 16, 12, 6, 14, 19, 13, 17, 11, 7, 0, 15, 9, 4, 1, 5, 10, 3]",1052.5,"[1, 5, 9, 14, 7, 17, 0, 10, 18, 3, 15, 2, 11, 6, 8, 4, 16, 13, 12, 19]",867.0,4.948174953460693
"[15, 6, 9, 4, 13, 10, 19, 8, 7, 3, 2, 18, 12, 5, 16, 1, 17, 14, 0, 11]",1038.5,"[1, 5, 9, 14, 7, 17, 0, 10, 18, 3, 15, 2, 11, 6, 8, 4, 16, 13, 12, 19]",867.0,5.00017523765564
"[19, 8, 7, 18, 16, 0, 4, 3, 9, 17, 10, 6, 2, 1, 14, 15, 11, 5, 12, 13]",940.5,"[1, 5, 9, 14, 7, 17, 0, 10, 18, 3, 15, 2, 11, 6, 8, 4, 16, 13, 12, 19]",867.0,5.05117654800415
"[0, 10, 13, 11, 2, 3, 5, 15, 16, 12, 17, 8, 19, 1, 4, 6, 14, 9, 18, 7]",959.5,"[1, 5, 9, 14, 7, 17, 0, 10, 18, 3, 15, 2, 11, 6, 8, 4, 16, 13, 12, 19]",867.0,5.104174852371216
"[15, 5, 12, 11, 10, 9, 14, 19, 17, 1, 6, 7, 4, 3, 0, 18, 2, 8, 13, 16]",950.5,"[1, 5, 9, 14, 7, 17, 0, 10, 18, 3, 15, 2, 11, 6, 8, 4, 16, 13, 12, 19]",867.0,5.155188322067261
"[16, 7, 4, 13, 8, 14, 15, 12, 18, 9, 1, 5, 0, 11, 2, 10, 3, 19, 17, 6]",932.5,"[1, 5, 9, 14, 7, 17, 0, 10, 18, 3, 15, 2, 11, 6, 8, 4, 16, 13, 12, 19]",867.0,5.210177659988403
"[2, 3, 9, 15, 13, 11, 1, 10, 7, 19, 16, 0, 18, 4, 8, 14, 17, 5, 6, 12]",909.5,"[1, 5, 9, 14, 7, 17, 0, 10, 18, 3, 15, 2, 11, 6, 8, 4, 16, 13, 12, 19]",867.0,5.259173631668091
"[2, 9, 4, 11, 7, 8, 3, 17, 10, 6, 14, 12, 13, 16, 19, 1, 18, 15, 5, 0]",954.0,"[1, 5, 9, 14, 7, 17, 0, 10, 18, 3, 15, 2, 11, 6, 8, 4, 16, 13, 12, 19]",867.0,5.306178092956543
"[1, 13, 18, 8, 16, 9, 11, 3, 4, 5, 10, 0, 2, 6, 19, 15, 12, 7, 14, 17]",912.5,"[1, 5, 9, 14, 7, 17, 0, 10, 18, 3, 15, 2, 11, 6, 8, 4, 16, 13, 12, 19]",867.0,5.3561787605285645
"[19, 15, 17, 8, 12, 4, 11, 18, 2, 0, 16, 13, 5, 6, 7, 14, 9, 3, 1, 10]",1038.5,"[1, 5, 9, 14, 7, 17, 0, 10, 18, 3, 15, 2, 11, 6, 8, 4, 16, 13, 12, 19]",867.0,5.407213926315308
"[8, 5, 9, 3, 13, 0, 12, 17, 11, 6, 19, 14, 1, 4, 10, 7, 18, 15, 2, 16]",908.0,"[1, 5, 9, 14, 7, 17, 0, 10, 18, 3, 15, 2, 11, 6, 8, 4, 16, 13, 12, 19]",867.0,5.456180572509766
"[4, 0, 10, 3, 13, 18, 5, 19, 6, 16, 15, 14, 7, 12, 17, 8, 2, 11, 1, 9]",1009.5,"[1, 5, 9, 14, 7, 17, 0, 10, 18, 3, 15, 2, 11, 6, 8, 4, 16, 13, 12, 19]",867.0,5.506183385848999
"[9, 19, 7, 8, 3, 6, 15, 13, 10, 5, 0, 14, 12, 4, 18, 11, 1, 17, 16, 2]",970.5,"[1, 5, 9, 14, 7, 17, 0, 10, 18, 3, 15, 2, 11, 6, 8, 4, 16, 13, 12, 19]",867.0,5.556181907653809
"[15, 13, 0, 8, 3, 11, 18, 1, 17, 14, 2, 9, 7, 6, 10, 12, 4, 19, 5, 16]",875.0,"[1, 5, 9, 14, 7, 17, 0, 10, 18, 3, 15, 2, 11, 6, 8, 4, 16, 13, 12, 19]",867.0,5.605181932449341
"[4, 18, 7, 12, 14, 8, 3, 13, 10, 1, 9, 11, 0, 17, 2, 15, 19, 5, 16, 6]",874.0,"[1, 5, 9, 14, 7, 17, 0, 10, 18, 3, 15, 2, 11, 6, 8, 4, 16, 13, 12, 19]",867.0,5.653182506561279
"[8, 17, 0, 4, 1, 3, 2, 5, 10, 14, 16, 19, 15, 18, 7, 11, 6, 9, 13, 12]",950.5,"[1, 5, 9, 14, 7, 17, 0, 10, 18, 3, 15, 2, 11, 6, 8, 4, 16, 13, 12, 19]",867.0,5.704190969467163
"[7, 4, 8, 5, 16, 18, 12, 1, 3, 17, 15, 0, 11, 2, 6, 10, 19, 13, 14, 9]",928.0,"[1, 5, 9, 14, 7, 17, 0, 10, 18, 3, 15, 2, 11, 6, 8, 4, 16, 13, 12, 19]",867.0,5.754188060760498
"[1, 12, 9, 16, 10, 18, 17, 19, 2, 8, 3, 13, 11, 5, 14, 0, 7, 15, 4, 6]",960.5,"[1, 5, 9, 14, 7, 17, 0, 10, 18, 3, 15, 2, 11, 6, 8, 4, 16, 13, 12, 19]",867.0,5.802183389663696
"[2, 3, 14, 6, 13, 16, 1, 0, 18, 15, 9, 4, 7, 17, 19, 5, 11, 8, 10, 12]",941.0,"[1, 5, 9, 14, 7, 17, 0, 10, 18, 3, 15, 2, 11, 6, 8, 4, 16, 13, 12, 19]",867.0,5.851184368133545
"[10, 15, 1, 11, 14, 9, 6, 2, 17, 16, 12, 13, 0, 4, 8, 3, 5, 7, 19, 18]",906.5,"[1, 5, 9, 14, 7, 17, 0, 10, 18, 3, 15, 2, 11, 6, 8, 4, 16, 13, 12, 19]",867.0,5.8991875648498535
"[8, 13, 14, 6, 1, 3, 17, 0, 10, 11, 4, 2, 7, 9, 18, 16, 19, 5, 15, 12]",919.5,"[1, 5, 9, 14, 7, 17, 0, 10, 18, 3, 15, 2, 11, 6, 8, 4, 16, 13, 12, 19]",867.0,5.9431846141815186
"[5, 7, 11, 9, 18, 13, 12, 8, 10, 16, 2, 15, 6, 1, 4, 3, 14, 17, 19, 0]",924.0,"[1, 5, 9, 14, 7, 17, 0, 10, 18, 3, 15, 2, 11, 6, 8, 4, 16, 13, 12, 19]",867.0,5.993186950683594
"[16, 4, 6, 1, 9, 12, 10, 15, 13, 3, 8, 0, 19, 2, 7, 14, 17, 18, 5, 11]",984.5,"[1, 5, 9, 14, 7, 17, 0, 10, 18, 3, 15, 2, 11, 6, 8, 4, 16, 13, 12, 19]",867.0,6.045185565948486
"[12, 11, 14, 1, 13, 15, 18, 2, 10, 19, 5, 7, 17, 4, 3, 6, 9, 8, 0, 16]",947.0,"[1, 5, 9, 14, 7, 17, 0, 10, 18, 3, 15, 2, 11, 6, 8, 4, 16, 13, 12, 19]",867.0,6.095190763473511
"[8, 3, 17, 10, 4, 5, 1, 7, 11, 15, 12, 0, 18, 13, 19, 9, 6, 16, 2, 14]",899.5,"[1, 5, 9, 14, 7, 17, 0, 10, 18, 3, 15, 2, 11, 6, 8, 4, 16, 13, 12, 19]",867.0,6.14719033241272
"[0, 14, 8, 2, 1, 5, 6, 17, 16, 9, 12, 19, 15, 13, 18, 4, 7, 10, 3, 11]",1067.0,"[1, 5, 9, 14, 7, 17, 0, 10, 18, 3, 15, 2, 11, 6, 8, 4, 16, 13, 12, 19]",867.0,6.195191860198975
"[11, 7, 1, 18, 14, 10, 12, 0, 2, 8, 6, 5, 15, 9, 17, 3, 4, 13, 16, 19]",862.5,"[1, 5, 9, 14, 7, 17, 0, 10, 18, 3, 15, 2, 11, 6, 8, 4, 16, 13, 12, 19]",867.0,6.244190216064453
"[17, 14, 15, 3, 16, 0, 8, 9, 1, 10, 12, 2, 4, 7, 5, 18, 19, 13, 11, 6]",970.0,"[11, 7, 1, 18, 14, 10, 12, 0, 2, 8, 6, 5, 15, 9, 17, 3, 4, 13, 16, 19]",862.5,6.297189235687256
"[3, 19, 17, 6, 10, 0, 18, 8, 1, 2, 5, 4, 9, 13, 12, 11, 14, 7, 16, 15]",930.5,"[11, 7, 1, 18, 14, 10, 12, 0, 2, 8, 6, 5, 15, 9, 17, 3, 4, 13, 16, 19]",862.5,6.3471901416778564
"[10, 9, 14, 17, 5, 8, 19, 7, 6, 1, 16, 2, 18, 15, 11, 12, 4, 3, 0, 13]",1067.0,"[11, 7, 1, 18, 14, 10, 12, 0, 2, 8, 6, 5, 15, 9, 17, 3, 4, 13, 16, 19]",862.5,6.396190881729126
"[10, 5, 4, 11, 2, 18, 0, 16, 14, 8, 7, 6, 13, 1, 12, 19, 9, 17, 15, 3]",985.5,"[11, 7, 1, 18, 14, 10, 12, 0, 2, 8, 6, 5, 15, 9, 17, 3, 4, 13, 16, 19]",862.5,6.449188947677612
"[4, 14, 0, 15, 17, 12, 5, 3, 16, 2, 9, 11, 19, 13, 1, 7, 10, 6, 8, 18]",960.0,"[11, 7, 1, 18, 14, 10, 12, 0, 2, 8, 6, 5, 15, 9, 17, 3, 4, 13, 16, 19]",862.5,6.501188516616821
"[14, 2, 19, 16, 17, 8, 6, 3, 0, 10, 15, 13, 7, 18, 11, 9, 5, 12, 1, 4]",976.0,"[11, 7, 1, 18, 14, 10, 12, 0, 2, 8, 6, 5, 15, 9, 17, 3, 4, 13, 16, 19]",862.5,6.549026012420654
"[17, 10, 14, 12, 0, 1, 15, 19, 7, 2, 4, 13, 18, 5, 3, 9, 11, 6, 16, 8]",986.0,"[11, 7, 1, 18, 14, 10, 12, 0, 2, 8, 6, 5, 15, 9, 17, 3, 4, 13, 16, 19]",862.5,6.606190919876099
"[19, 16, 1, 6, 5, 14, 18, 12, 2, 15, 3, 8, 4, 17, 0, 11, 13, 9, 10, 7]",1032.0,"[11, 7, 1, 18, 14, 10, 12, 0, 2, 8, 6, 5, 15, 9, 17, 3, 4, 13, 16, 19]",862.5,6.657191276550293
"[3, 7, 10, 19, 11, 9, 1, 13, 5, 14, 2, 0, 16, 4, 8, 12, 15, 6, 18, 17]",889.5,"[11, 7, 1, 18, 14, 10, 12, 0, 2, 8, 6, 5, 15, 9, 17, 3, 4, 13, 16, 19]",862.5,6.70519757270813
"[2, 13, 0, 15, 5, 9, 4, 19, 10, 18, 6, 8, 12, 3, 7, 16, 17, 14, 1, 11]",1072.5,"[11, 7, 1, 18, 14, 10, 12, 0, 2, 8, 6, 5, 15, 9, 17, 3, 4, 13, 16, 19]",862.5,6.756200551986694
"[6, 12, 18, 11, 4, 14, 3, 7, 8, 2, 16, 0, 1, 9, 15, 19, 10, 5, 17, 13]",872.5,"[11, 7, 1, 18, 14, 10, 12, 0, 2, 8, 6, 5, 15, 9, 17, 3, 4, 13, 16, 19]",862.5,6.802196741104126
"[8, 10, 11, 14, 13, 5, 19, 18, 15, 17, 2, 16, 1, 6, 12, 0, 7, 4, 9, 3]",1022.0,"[11, 7, 1, 18, 14, 10, 12, 0, 2, 8, 6, 5, 15, 9, 17, 3, 4, 13, 16, 19]",862.5,6.853196144104004
"[19, 10, 14, 9, 17, 6, 5, 0, 1, 12, 2, 13, 16, 18, 4, 8, 15, 3, 7, 11]",1043.5,"[11, 7, 1, 18, 14, 10, 12, 0, 2, 8, 6, 5, 15, 9, 17, 3, 4, 13, 16, 19]",862.5,6.899219751358032
"[11, 7, 17, 19, 1, 5, 10, 13, 2, 18, 9, 4, 6, 3, 12, 15, 16, 14, 8, 0]",918.0,"[11, 7, 1, 18, 14, 10, 12, 0, 2, 8, 6, 5, 15, 9, 17, 3, 4, 13, 16, 19]",862.5,6.956538200378418
"[6, 0, 16, 4, 1, 15, 19, 13, 14, 17, 12, 2, 8, 5, 18, 3, 9, 11, 7, 10]",1048.5,"[11, 7, 1, 18, 14, 10, 12, 0, 2, 8, 6, 5, 15, 9, 17, 3, 4, 13, 16, 19]",862.5,7.012196779251099
"[13, 8, 4, 14, 9, 1, 7, 5, 15, 6, 0, 18, 16, 10, 3, 2, 19, 12, 11, 17]",993.0,"[11, 7, 1, 18, 14, 10, 12, 0, 2, 8, 6, 5, 15, 9, 17, 3, 4, 13, 16, 19]",862.5,7.064216613769531
"[8, 14, 3, 11, 9, 4, 2, 1, 10, 15, 19, 12, 5, 7, 6, 0, 18, 13, 16, 17]",916.5,"[11, 7, 1, 18, 14, 10, 12, 0, 2, 8, 6, 5, 15, 9, 17, 3, 4, 13, 16, 19]",862.5,7.119202136993408
"[8, 5, 11, 12, 13, 18, 6, 7, 9, 2, 10, 0, 1, 4, 15, 17, 16, 19, 14, 3]",983.5,"[11, 7, 1, 18, 14, 10, 12, 0, 2, 8, 6, 5, 15, 9, 17, 3, 4, 13, 16, 19]",862.5,7.174199104309082
"[16, 2, 1, 15, 10, 6, 9, 0, 8, 11, 14, 13, 5, 3, 19, 4, 7, 12, 18, 17]",903.0,"[11, 7, 1, 18, 14, 10, 12, 0, 2, 8, 6, 5, 15, 9, 17, 3, 4, 13, 16, 19]",862.5,7.22624397277832
"[18, 16, 1, 17, 2, 11, 14, 10, 19, 9, 13, 0, 6, 7, 3, 15, 5, 4, 8, 12]",921.5,"[11, 7, 1, 18, 14, 10, 12, 0, 2, 8, 6, 5, 15, 9, 17, 3, 4, 13, 16, 19]",862.5,7.277040243148804
"[9, 11, 19, 5, 7, 8, 4, 18, 6, 17, 16, 13, 12, 10, 0, 1, 2, 3, 15, 14]",988.5,"[11, 7, 1, 18, 14, 10, 12, 0, 2, 8, 6, 5, 15, 9, 17, 3, 4, 13, 16, 19]",862.5,7.331201076507568
"[12, 4, 0, 19, 15, 8, 1, 7, 14, 16, 17, 5, 18, 11, 6, 9, 13, 2, 3, 10]",1041.5,"[11, 7, 1, 18, 14, 10, 12, 0, 2, 8, 6, 5, 15, 9, 17, 3, 4, 13, 16, 19]",862.5,7.386208772659302
"[11, 0, 8, 9, 10, 13, 14, 16, 6, 3, 4, 12, 5, 2, 7, 18, 1, 17, 15, 19]",868.0,"[11, 7, 1, 18, 14, 10, 12, 0, 2, 8, 6, 5, 15, 9, 17, 3, 4, 13, 16, 19]",862.5,7.4436163902282715
"[4, 17, 16, 6, 14, 2, 11, 18, 5, 12, 15, 9, 8, 10, 3, 19, 7, 0, 1, 13]",967.5,"[11, 7, 1, 18, 14, 10, 12, 0, 2, 8, 6, 5, 15, 9, 17, 3, 4, 13, 16, 19]",862.5,7.493200778961182
"[17, 6, 14, 3, 10, 2, 5, 15, 18, 16, 19, 0, 1, 7, 8, 11, 12, 4, 9, 13]",969.0,"[11, 7, 1, 18, 14, 10, 12, 0, 2, 8, 6, 5, 15, 9, 17, 3, 4, 13, 16, 19]",862.5,7.540208339691162
"[3, 4, 15, 9, 11, 16, 18, 1, 12, 6, 7, 14, 19, 17, 13, 10, 8, 2, 5, 0]",890.5,"[11, 7, 1, 18, 14, 10, 12, 0, 2, 8, 6, 5, 15, 9, 17, 3, 4, 13, 16, 19]",862.5,7.589748859405518
"[13, 1, 2, 10, 6, 11, 5, 12, 18, 9, 17, 7, 15, 14, 0, 16, 3, 4, 19, 8]",913.0,"[11, 7, 1, 18, 14, 10, 12, 0, 2, 8, 6, 5, 15, 9, 17, 3, 4, 13, 16, 19]",862.5,7.638751268386841
"[15, 2, 11, 4, 3, 13, 5, 9, 17, 19, 1, 10, 7, 14, 16, 6, 0, 18, 12, 8]",917.0,"[11, 7, 1, 18, 14, 10, 12, 0, 2, 8, 6, 5, 15, 9, 17, 3, 4, 13, 16, 19]",862.5,7.688748598098755
"[18, 8, 4, 2, 15, 3, 1, 13, 17, 5, 7, 10, 19, 0, 14, 12, 16, 9, 6, 11]",993.5,"[11, 7, 1, 18, 14, 10, 12, 0, 2, 8, 6, 5, 15, 9, 17, 3, 4, 13, 16, 19]",862.5,7.740755081176758
"[8, 4, 17, 16, 1, 9, 10, 19, 13, 15, 7, 5, 0, 18, 14, 6, 12, 3, 2, 11]",1039.0,"[11, 7, 1, 18, 14, 10, 12, 0, 2, 8, 6, 5, 15, 9, 17, 3, 4, 13, 16, 19]",862.5,7.79175877571106
"[12, 2, 14, 15, 17, 10, 18, 11, 1, 13, 5, 6, 7, 0, 9, 8, 3, 16, 4, 19]",887.0,"[11, 7, 1, 18, 14, 10, 12, 0, 2, 8, 6, 5, 15, 9, 17, 3, 4, 13, 16, 19]",862.5,7.838775157928467
"[6, 15, 7, 2, 5, 11, 19, 16, 9, 18, 12, 10, 3, 13, 1, 17, 8, 14, 0, 4]",1005.5,"[11, 7, 1, 18, 14, 10, 12, 0, 2, 8, 6, 5, 15, 9, 17, 3, 4, 13, 16, 19]",862.5,7.887789964675903
"[10, 11, 19, 9, 4, 14, 0, 8, 17, 5, 15, 12, 2, 13, 1, 16, 3, 18, 7, 6]",1006.5,"[11, 7, 1, 18, 14, 10, 12, 0, 2, 8, 6, 5, 15, 9, 17, 3, 4, 13, 16, 19]",862.5,7.935756206512451
"[0, 1, 15, 14, 4, 19, 7, 12, 18, 17, 10, 9, 5, 2, 16, 3, 11, 13, 6, 8]",1047.5,"[11, 7, 1, 18, 14, 10, 12, 0, 2, 8, 6, 5, 15, 9, 17, 3, 4, 13, 16, 19]",862.5,7.984755277633667
"[10, 18, 12, 5, 8, 6, 1, 14, 17, 19, 3, 2, 11, 7, 4, 13, 0, 9, 15, 16]",925.0,"[11, 7, 1, 18, 14, 10, 12, 0, 2, 8, 6, 5, 15, 9, 17, 3, 4, 13, 16, 19]",862.5,8.033764362335205
"[2, 7, 0, 12, 8, 15, 14, 16, 1, 11, 18, 9, 4, 3, 5, 10, 13, 17, 19, 6]",936.5,"[11, 7, 1, 18, 14, 10, 12, 0, 2, 8, 6, 5, 15, 9, 17, 3, 4, 13, 16, 19]",862.5,8.083764553070068
"[19, 4, 7, 13, 2, 18, 16, 3, 11, 9, 14, 8, 17, 0, 5, 6, 15, 10, 1, 12]",950.0,"[11, 7, 1, 18, 14, 10, 12, 0, 2, 8, 6, 5, 15, 9, 17, 3, 4, 13, 16, 19]",862.5,8.132790565490723
"[5, 14, 4, 17, 3, 15, 12, 10, 2, 6, 16, 18, 13, 7, 19, 0, 8, 11, 9, 1]",1021.0,"[11, 7, 1, 18, 14, 10, 12, 0, 2, 8, 6, 5, 15, 9, 17, 3, 4, 13, 16, 19]",862.5,8.183799028396606
"[13, 7, 1, 3, 8, 5, 9, 17, 15, 0, 16, 19, 18, 14, 6, 12, 4, 11, 2, 10]",1011.5,"[11, 7, 1, 18, 14, 10, 12, 0, 2, 8, 6, 5, 15, 9, 17, 3, 4, 13, 16, 19]",862.5,8.232755422592163
"[2, 16, 7, 0, 9, 8, 13, 1, 4, 14, 18, 12, 11, 17, 10, 3, 6, 5, 19, 15]",922.0,"[11, 7, 1, 18, 14, 10, 12, 0, 2, 8, 6, 5, 15, 9, 17, 3, 4, 13, 16, 19]",862.5,8.280758380889893
"[1, 19, 0, 14, 11, 10, 4, 9, 5, 2, 6, 12, 13, 3, 8, 18, 15, 16, 7, 17]",918.5,"[11, 7, 1, 18, 14, 10, 12, 0, 2, 8, 6, 5, 15, 9, 17, 3, 4, 13, 16, 19]",862.5,8.328759908676147
"[0, 16, 3, 7, 14, 12, 15, 6, 4, 13, 9, 11, 1, 8, 5, 17, 10, 2, 19, 18]",916.5,"[11, 7, 1, 18, 14, 10, 12, 0, 2, 8, 6, 5, 15, 9, 17, 3, 4, 13, 16, 19]",862.5,8.380756139755249
"[3, 6, 9, 11, 16, 13, 1, 17, 4, 18, 14, 8, 12, 7, 10, 15, 2, 0, 19, 5]",869.5,"[11, 7, 1, 18, 14, 10, 12, 0, 2, 8, 6, 5, 15, 9, 17, 3, 4, 13, 16, 19]",862.5,8.425764322280884
"[11, 1, 4, 16, 12, 6, 8, 18, 19, 10, 0, 15, 13, 3, 2, 14, 7, 9, 17, 5]",981.0,"[11, 7, 1, 18, 14, 10, 12, 0, 2, 8, 6, 5, 15, 9, 17, 3, 4, 13, 16, 19]",862.5,8.47376036643982
"[4, 12, 13, 17, 1, 15, 18, 16, 2, 3, 14, 9, 10, 8, 0, 7, 6, 19, 5, 11]",1005.0,"[11, 7, 1, 18, 14, 10, 12, 0, 2, 8, 6, 5, 15, 9, 17, 3, 4, 13, 16, 19]",862.5,8.520761728286743
"[6, 1, 5, 8, 3, 17, 18, 10, 13, 16, 14, 7, 0, 11, 2, 4, 12, 9, 19, 15]",902.0,"[11, 7, 1, 18, 14, 10, 12, 0, 2, 8, 6, 5, 15, 9, 17, 3, 4, 13, 16, 19]",862.5,8.567787647247314
"[4, 12, 2, 11, 6, 14, 18, 0, 15, 19, 13, 16, 3, 8, 10, 1, 5, 17, 7, 9]",1009.5,"[11, 7, 1, 18, 14, 10, 12, 0, 2, 8, 6, 5, 15, 9, 17, 3, 4, 13, 16, 19]",862.5,8.618788003921509
"[9, 16, 12, 14, 8, 17, 6, 0, 15, 13, 1, 7, 19, 10, 11, 2, 3, 4, 5, 18]",1006.5,"[11, 7, 1, 18, 14, 10, 12, 0, 2, 8, 6, 5, 15, 9, 17, 3, 4, 13, 16, 19]",862.5,8.668794631958008
"[8, 3, 2, 4, 12, 14, 19, 15, 11, 1, 17, 18, 9, 16, 5, 13, 6, 0, 7, 10]",966.0,"[11, 7, 1, 18, 14, 10, 12, 0, 2, 8, 6, 5, 15, 9, 17, 3, 4, 13, 16, 19]",862.5,8.722790718078613
"[0, 13, 8, 17, 1, 15, 4, 16, 6, 2, 11, 12, 3, 5, 10, 18, 19, 7, 9, 14]",945.0,"[11, 7, 1, 18, 14, 10, 12, 0, 2, 8, 6, 5, 15, 9, 17, 3, 4, 13, 16, 19]",862.5,8.774797916412354
"[12, 19, 13, 1, 3, 9, 18, 15, 7, 16, 4, 17, 10, 6, 0, 5, 8, 2, 11, 14]",1011.5,"[11, 7, 1, 18, 14, 10, 12, 0, 2, 8, 6, 5, 15, 9, 17, 3, 4, 13, 16, 19]",862.5,8.821794033050537
"[16, 17, 2, 19, 18, 4, 14, 8, 7, 13, 11, 10, 5, 0, 3, 15, 12, 6, 1, 9]",960.0,"[11, 7, 1, 18, 14, 10, 12, 0, 2, 8, 6, 5, 15, 9, 17, 3, 4, 13, 16, 19]",862.5,8.869808197021484
"[9, 2, 18, 12, 13, 6, 3, 4, 19, 15, 10, 1, 7, 0, 11, 8, 14, 17, 5, 16]",980.0,"[11, 7, 1, 18, 14, 10, 12, 0, 2, 8, 6, 5, 15, 9, 17, 3, 4, 13, 16, 19]",862.5,8.91880202293396
"[8, 12, 1, 0, 18, 6, 19, 7, 5, 4, 17, 11, 14, 16, 3, 9, 10, 13, 15, 2]",972.0,"[11, 7, 1, 18, 14, 10, 12, 0, 2, 8, 6, 5, 15, 9, 17, 3, 4, 13, 16, 19]",862.5,8.96479606628418
"[7, 3, 19, 4, 10, 14, 6, 16, 18, 1, 8, 9, 13, 11, 17, 0, 12, 2, 5, 15]",931.5,"[11, 7, 1, 18, 14, 10, 12, 0, 2, 8, 6, 5, 15, 9, 17, 3, 4, 13, 16, 19]",862.5,9.012813329696655
"[9, 0, 6, 1, 3, 8, 12, 15, 2, 5, 11, 17, 18, 16, 10, 4, 19, 13, 7, 14]",898.5,"[11, 7, 1, 18, 14, 10, 12, 0, 2, 8, 6, 5, 15, 9, 17, 3, 4, 13, 16, 19]",862.5,9.06579303741455
"[19, 16, 14, 1, 17, 2, 11, 6, 10, 4, 3, 8, 12, 13, 18, 5, 7, 0, 15, 9]",929.5,"[11, 7, 1, 18, 14, 10, 12, 0, 2, 8, 6, 5, 15, 9, 17, 3, 4, 13, 16, 19]",862.5,9.114813566207886
"[5, 6, 3, 13, 17, 10, 4, 1, 18, 7, 14, 16, 0, 11, 19, 2, 15, 8, 12, 9]",916.0,"[11, 7, 1, 18, 14, 10, 12, 0, 2, 8, 6, 5, 15, 9, 17, 3, 4, 13, 16, 19]",862.5,9.163797378540039
"[12, 8, 10, 14, 4, 18, 1, 17, 6, 3, 16, 15, 13, 9, 11, 0, 19, 2, 5, 7]",902.0,"[11, 7, 1, 18, 14, 10, 12, 0, 2, 8, 6, 5, 15, 9, 17, 3, 4, 13, 16, 19]",862.5,9.211800336837769
"[6, 4, 8, 16, 18, 7, 17, 12, 9, 1, 10, 3, 19, 14, 15, 5, 13, 2, 11, 0]",1003.0,"[11, 7, 1, 18, 14, 10, 12, 0, 2, 8, 6, 5, 15, 9, 17, 3, 4, 13, 16, 19]",862.5,9.258798360824585
"[15, 19, 0, 4, 9, 11, 13, 12, 2, 7, 3, 6, 17, 18, 1, 16, 14, 10, 8, 5]",962.5,"[11, 7, 1, 18, 14, 10, 12, 0, 2, 8, 6, 5, 15, 9, 17, 3, 4, 13, 16, 19]",862.5,9.305801630020142
"[1, 16, 4, 0, 19, 7, 10, 14, 2, 15, 3, 11, 18, 6, 9, 8, 12, 17, 13, 5]",970.0,"[11, 7, 1, 18, 14, 10, 12, 0, 2, 8, 6, 5, 15, 9, 17, 3, 4, 13, 16, 19]",862.5,9.355804443359375
"[6, 1, 14, 9, 12, 16, 17, 19, 15, 0, 5, 3, 18, 10, 13, 4, 7, 11, 8, 2]",1035.0,"[11, 7, 1, 18, 14, 10, 12, 0, 2, 8, 6, 5, 15, 9, 17, 3, 4, 13, 16, 19]",862.5,9.40580415725708
"[17, 12, 4, 13, 16, 14, 0, 7, 15, 2, 6, 5, 1, 8, 19, 9, 11, 3, 10, 18]",1038.0,"[11, 7, 1, 18, 14, 10, 12, 0, 2, 8, 6, 5, 15, 9, 17, 3, 4, 13, 16, 19]",862.5,9.462794065475464
"[5, 13, 7, 17, 0, 16, 12, 14, 1, 6, 10, 19, 15, 4, 3, 9, 11, 2, 8, 18]",1074.5,"[11, 7, 1, 18, 14, 10, 12, 0, 2, 8, 6, 5, 15, 9, 17, 3, 4, 13, 16, 19]",862.5,9.512794017791748
"[8, 9, 18, 0, 19, 11, 6, 1, 17, 12, 16, 14, 15, 3, 13, 2, 7, 10, 4, 5]",996.0,"[11, 7, 1, 18, 14, 10, 12, 0, 2, 8, 6, 5, 15, 9, 17, 3, 4, 13, 16, 19]",862.5,9.55980134010315
"[8, 1, 13, 4, 18, 2, 7, 6, 19, 5, 9, 12, 11, 0, 3, 15, 14, 17, 10, 16]",951.5,"[11, 7, 1, 18, 14, 10, 12, 0, 2, 8, 6, 5, 15, 9, 17, 3, 4, 13, 16, 19]",862.5,9.606839179992676
"[7, 9, 17, 5, 15, 6, 2, 19, 12, 14, 4, 8, 10, 3, 0, 11, 16, 1, 13, 18]",1045.5,"[11, 7, 1, 18, 14, 10, 12, 0, 2, 8, 6, 5, 15, 9, 17, 3, 4, 13, 16, 19]",862.5,9.655836582183838
"[17, 14, 15, 4, 2, 11, 18, 7, 3, 19, 0, 13, 10, 9, 5, 16, 1, 12, 6, 8]",935.0,"[11, 7, 1, 18, 14, 10, 12, 0, 2, 8, 6, 5, 15, 9, 17, 3, 4, 13, 16, 19]",862.5,9.738839864730835
"[17, 11, 9, 7, 3, 14, 18, 1, 8, 10, 2, 0, 12, 13, 5, 6, 4, 16, 19, 15]",890.5,"[11, 7, 1, 18, 14, 10, 12, 0, 2, 8, 6, 5, 15, 9, 17, 3, 4, 13, 16, 19]",862.5,9.787845373153687
"[9, 4, 10, 1, 19, 8, 17, 11, 2, 0, 15, 5, 18, 6, 12, 13, 3, 7, 14, 16]",954.0,"[11, 7, 1, 18, 14, 10, 12, 0, 2, 8, 6, 5, 15, 9, 17, 3, 4, 13, 16, 19]",862.5,9.837838888168335
"[0, 13, 5, 16, 10, 1, 11, 6, 9, 15, 19, 14, 2, 18, 3, 12, 17, 4, 7, 8]",957.5,"[11, 7, 1, 18, 14, 10, 12, 0, 2, 8, 6, 5, 15, 9, 17, 3, 4, 13, 16, 19]",862.5,9.88784384727478
"[3, 0, 2, 7, 4, 6, 19, 9, 13, 1, 10, 16, 18, 15, 8, 17, 14, 5, 12, 11]",976.5,"[11, 7, 1, 18, 14, 10, 12, 0, 2, 8, 6, 5, 15, 9, 17, 3, 4, 13, 16, 19]",862.5,9.933838367462158
"[16, 3, 7, 14, 10, 13, 15, 8, 9, 11, 4, 6, 12, 5, 18, 2, 0, 1, 17, 19]",908.0,"[11, 7, 1, 18, 14, 10, 12, 0, 2, 8, 6, 5, 15, 9, 17, 3, 4, 13, 16, 19]",862.5,9.984838008880615
"[7, 6, 14, 2, 1, 3, 15, 9, 4, 17, 0, 5, 12, 13, 16, 19, 10, 18, 11, 8]",989.0,"[11, 7, 1, 18, 14, 10, 12, 0, 2, 8, 6, 5, 15, 9, 17, 3, 4, 13, 16, 19]",862.5,10.035838603973389
"[7, 14, 17, 1, 6, 8, 10, 0, 4, 12, 16, 18, 19, 2, 15, 3, 5, 11, 13, 9]",1058.5,"[11, 7, 1, 18, 14, 10, 12, 0, 2, 8, 6, 5, 15, 9, 17, 3, 4, 13, 16, 19]",862.5,10.082870244979858
