Sequence,Fitness,Best_sequence,Best_fitness,Time
"[3, 16, 6, 10, 2, 14, 4, 17, 7, 1, 13, 0, 19, 18, 9, 15, 8, 12, 11, 5]",560.5,"[3, 16, 6, 10, 2, 14, 4, 17, 7, 1, 13, 0, 19, 18, 9, 15, 8, 12, 11, 5]",560.5,0.001001596450805664
"[15, 8, 16, 3, 19, 17, 5, 6, 0, 12, 1, 9, 13, 7, 4, 2, 14, 10, 11, 18]",534.5,"[3, 16, 6, 10, 2, 14, 4, 17, 7, 1, 13, 0, 19, 18, 9, 15, 8, 12, 11, 5]",560.5,0.06699633598327637
"[4, 2, 18, 12, 11, 19, 5, 6, 14, 7, 15, 9, 10, 3, 13, 16, 8, 17, 0, 1]",515.0,"[15, 8, 16, 3, 19, 17, 5, 6, 0, 12, 1, 9, 13, 7, 4, 2, 14, 10, 11, 18]",534.5,0.17499661445617676
"[10, 14, 5, 6, 18, 1, 8, 7, 19, 15, 4, 0, 2, 9, 3, 13, 16, 12, 11, 17]",502.0,"[4, 2, 18, 12, 11, 19, 5, 6, 14, 7, 15, 9, 10, 3, 13, 16, 8, 17, 0, 1]",515.0,0.24501895904541016
"[15, 17, 1, 16, 14, 13, 18, 3, 12, 9, 11, 19, 10, 2, 0, 8, 6, 5, 4, 7]",560.5,"[10, 14, 5, 6, 18, 1, 8, 7, 19, 15, 4, 0, 2, 9, 3, 13, 16, 12, 11, 17]",502.0,0.31099867820739746
"[10, 1, 17, 11, 12, 9, 14, 18, 8, 7, 16, 2, 15, 5, 4, 6, 19, 0, 3, 13]",494.5,"[10, 14, 5, 6, 18, 1, 8, 7, 19, 15, 4, 0, 2, 9, 3, 13, 16, 12, 11, 17]",502.0,0.37401819229125977
"[9, 3, 15, 5, 18, 6, 17, 14, 8, 11, 1, 19, 10, 0, 2, 12, 16, 4, 13, 7]",537.5,"[10, 1, 17, 11, 12, 9, 14, 18, 8, 7, 16, 2, 15, 5, 4, 6, 19, 0, 3, 13]",494.5,0.43300652503967285
"[4, 3, 17, 5, 19, 8, 13, 11, 14, 0, 6, 10, 16, 7, 15, 12, 2, 1, 18, 9]",503.0,"[10, 1, 17, 11, 12, 9, 14, 18, 8, 7, 16, 2, 15, 5, 4, 6, 19, 0, 3, 13]",494.5,0.49500274658203125
"[11, 14, 3, 8, 6, 18, 9, 12, 7, 0, 19, 4, 17, 15, 2, 1, 13, 5, 16, 10]",596.0,"[10, 1, 17, 11, 12, 9, 14, 18, 8, 7, 16, 2, 15, 5, 4, 6, 19, 0, 3, 13]",494.5,0.5560057163238525
"[10, 3, 16, 1, 0, 4, 12, 5, 7, 2, 9, 15, 19, 17, 8, 18, 6, 11, 13, 14]",552.0,"[10, 1, 17, 11, 12, 9, 14, 18, 8, 7, 16, 2, 15, 5, 4, 6, 19, 0, 3, 13]",494.5,0.6180019378662109
"[5, 12, 1, 18, 9, 11, 6, 2, 4, 3, 10, 0, 7, 16, 14, 8, 13, 15, 19, 17]",473.0,"[10, 1, 17, 11, 12, 9, 14, 18, 8, 7, 16, 2, 15, 5, 4, 6, 19, 0, 3, 13]",494.5,0.6810059547424316
"[6, 15, 19, 9, 14, 5, 4, 11, 17, 3, 8, 10, 18, 7, 12, 13, 0, 16, 2, 1]",582.0,"[5, 12, 1, 18, 9, 11, 6, 2, 4, 3, 10, 0, 7, 16, 14, 8, 13, 15, 19, 17]",473.0,0.7480001449584961
"[1, 9, 0, 2, 8, 4, 5, 13, 7, 6, 18, 16, 3, 11, 14, 15, 19, 10, 17, 12]",490.5,"[5, 12, 1, 18, 9, 11, 6, 2, 4, 3, 10, 0, 7, 16, 14, 8, 13, 15, 19, 17]",473.0,0.8150050640106201
"[13, 11, 18, 10, 4, 12, 16, 9, 8, 2, 19, 14, 1, 17, 7, 15, 6, 5, 3, 0]",574.5,"[5, 12, 1, 18, 9, 11, 6, 2, 4, 3, 10, 0, 7, 16, 14, 8, 13, 15, 19, 17]",473.0,0.8800055980682373
"[16, 8, 5, 15, 4, 2, 18, 0, 11, 19, 10, 9, 13, 6, 12, 1, 3, 7, 17, 14]",545.0,"[5, 12, 1, 18, 9, 11, 6, 2, 4, 3, 10, 0, 7, 16, 14, 8, 13, 15, 19, 17]",473.0,0.9450063705444336
"[2, 17, 12, 14, 1, 13, 6, 0, 18, 8, 3, 5, 7, 4, 11, 10, 15, 19, 9, 16]",502.0,"[5, 12, 1, 18, 9, 11, 6, 2, 4, 3, 10, 0, 7, 16, 14, 8, 13, 15, 19, 17]",473.0,1.01401948928833
"[0, 1, 13, 2, 4, 3, 16, 19, 9, 7, 10, 8, 17, 15, 11, 6, 5, 12, 14, 18]",578.5,"[5, 12, 1, 18, 9, 11, 6, 2, 4, 3, 10, 0, 7, 16, 14, 8, 13, 15, 19, 17]",473.0,1.082005500793457
"[3, 13, 14, 12, 7, 0, 6, 17, 19, 15, 4, 9, 18, 8, 10, 11, 1, 2, 5, 16]",617.5,"[5, 12, 1, 18, 9, 11, 6, 2, 4, 3, 10, 0, 7, 16, 14, 8, 13, 15, 19, 17]",473.0,1.1440229415893555
"[11, 15, 5, 1, 9, 8, 18, 10, 14, 4, 13, 19, 17, 16, 7, 12, 6, 3, 2, 0]",569.5,"[5, 12, 1, 18, 9, 11, 6, 2, 4, 3, 10, 0, 7, 16, 14, 8, 13, 15, 19, 17]",473.0,1.2140107154846191
"[7, 16, 6, 5, 8, 1, 17, 15, 3, 14, 0, 4, 18, 11, 10, 2, 12, 13, 19, 9]",529.0,"[5, 12, 1, 18, 9, 11, 6, 2, 4, 3, 10, 0, 7, 16, 14, 8, 13, 15, 19, 17]",473.0,1.2830071449279785
"[7, 6, 15, 5, 1, 18, 0, 17, 19, 10, 9, 3, 2, 12, 8, 11, 16, 14, 13, 4]",542.0,"[5, 12, 1, 18, 9, 11, 6, 2, 4, 3, 10, 0, 7, 16, 14, 8, 13, 15, 19, 17]",473.0,1.3480162620544434
"[3, 19, 6, 9, 1, 4, 0, 15, 17, 8, 13, 14, 10, 11, 12, 18, 2, 5, 16, 7]",617.0,"[5, 12, 1, 18, 9, 11, 6, 2, 4, 3, 10, 0, 7, 16, 14, 8, 13, 15, 19, 17]",473.0,1.4160103797912598
"[12, 5, 8, 16, 15, 9, 10, 2, 18, 1, 17, 13, 3, 19, 7, 4, 14, 0, 6, 11]",555.0,"[5, 12, 1, 18, 9, 11, 6, 2, 4, 3, 10, 0, 7, 16, 14, 8, 13, 15, 19, 17]",473.0,1.4820542335510254
"[15, 1, 3, 19, 4, 2, 13, 17, 9, 8, 10, 12, 11, 16, 0, 5, 7, 14, 18, 6]",553.0,"[5, 12, 1, 18, 9, 11, 6, 2, 4, 3, 10, 0, 7, 16, 14, 8, 13, 15, 19, 17]",473.0,1.5490152835845947
"[12, 3, 0, 7, 14, 13, 2, 16, 8, 4, 6, 18, 17, 15, 19, 5, 11, 9, 10, 1]",561.5,"[5, 12, 1, 18, 9, 11, 6, 2, 4, 3, 10, 0, 7, 16, 14, 8, 13, 15, 19, 17]",473.0,1.615013837814331
"[1, 5, 9, 14, 7, 17, 0, 10, 18, 3, 15, 2, 11, 6, 8, 4, 16, 13, 12, 19]",505.0,"[5, 12, 1, 18, 9, 11, 6, 2, 4, 3, 10, 0, 7, 16, 14, 8, 13, 15, 19, 17]",473.0,1.6800355911254883
"[6, 17, 2, 10, 7, 4, 1, 9, 13, 19, 8, 3, 14, 15, 11, 12, 0, 16, 5, 18]",550.5,"[5, 12, 1, 18, 9, 11, 6, 2, 4, 3, 10, 0, 7, 16, 14, 8, 13, 15, 19, 17]",473.0,1.7470121383666992
"[9, 3, 4, 2, 12, 8, 7, 18, 11, 16, 13, 5, 1, 15, 0, 19, 17, 6, 14, 10]",516.5,"[5, 12, 1, 18, 9, 11, 6, 2, 4, 3, 10, 0, 7, 16, 14, 8, 13, 15, 19, 17]",473.0,1.8150148391723633
"[10, 17, 15, 7, 2, 8, 5, 4, 0, 12, 1, 6, 18, 16, 3, 9, 14, 11, 13, 19]",498.5,"[5, 12, 1, 18, 9, 11, 6, 2, 4, 3, 10, 0, 7, 16, 14, 8, 13, 15, 19, 17]",473.0,1.8760192394256592
"[17, 2, 5, 18, 11, 16, 3, 9, 1, 19, 15, 6, 12, 7, 8, 13, 4, 14, 0, 10]",535.0,"[5, 12, 1, 18, 9, 11, 6, 2, 4, 3, 10, 0, 7, 16, 14, 8, 13, 15, 19, 17]",473.0,1.942018747329712
"[18, 17, 8, 11, 3, 7, 1, 16, 13, 10, 2, 14, 15, 4, 12, 19, 9, 5, 0, 6]",604.5,"[5, 12, 1, 18, 9, 11, 6, 2, 4, 3, 10, 0, 7, 16, 14, 8, 13, 15, 19, 17]",473.0,2.004038095474243
"[0, 9, 4, 2, 17, 1, 5, 18, 10, 8, 6, 14, 13, 19, 3, 12, 16, 7, 15, 11]",497.0,"[5, 12, 1, 18, 9, 11, 6, 2, 4, 3, 10, 0, 7, 16, 14, 8, 13, 15, 19, 17]",473.0,2.072033405303955
"[9, 3, 16, 5, 4, 15, 11, 18, 17, 6, 14, 1, 0, 12, 8, 2, 7, 13, 10, 19]",513.5,"[5, 12, 1, 18, 9, 11, 6, 2, 4, 3, 10, 0, 7, 16, 14, 8, 13, 15, 19, 17]",473.0,2.1387341022491455
"[9, 15, 10, 11, 13, 8, 7, 12, 18, 17, 6, 19, 3, 4, 5, 14, 2, 16, 1, 0]",585.0,"[5, 12, 1, 18, 9, 11, 6, 2, 4, 3, 10, 0, 7, 16, 14, 8, 13, 15, 19, 17]",473.0,2.200023889541626
"[9, 3, 18, 14, 19, 13, 11, 12, 15, 5, 4, 2, 16, 10, 1, 6, 17, 7, 8, 0]",527.5,"[5, 12, 1, 18, 9, 11, 6, 2, 4, 3, 10, 0, 7, 16, 14, 8, 13, 15, 19, 17]",473.0,2.264021635055542
"[17, 0, 3, 2, 19, 11, 10, 8, 18, 14, 12, 5, 6, 4, 13, 16, 1, 9, 15, 7]",516.0,"[5, 12, 1, 18, 9, 11, 6, 2, 4, 3, 10, 0, 7, 16, 14, 8, 13, 15, 19, 17]",473.0,2.323030471801758
"[16, 19, 8, 7, 4, 15, 9, 6, 13, 12, 5, 1, 14, 10, 0, 17, 2, 3, 18, 11]",557.5,"[5, 12, 1, 18, 9, 11, 6, 2, 4, 3, 10, 0, 7, 16, 14, 8, 13, 15, 19, 17]",473.0,2.385028600692749
"[7, 10, 5, 13, 12, 11, 1, 2, 15, 6, 8, 17, 18, 4, 16, 3, 14, 9, 19, 0]",476.5,"[5, 12, 1, 18, 9, 11, 6, 2, 4, 3, 10, 0, 7, 16, 14, 8, 13, 15, 19, 17]",473.0,2.4470348358154297
"[11, 19, 4, 5, 10, 18, 17, 9, 8, 16, 0, 14, 2, 12, 3, 15, 13, 7, 1, 6]",550.5,"[5, 12, 1, 18, 9, 11, 6, 2, 4, 3, 10, 0, 7, 16, 14, 8, 13, 15, 19, 17]",473.0,2.508038282394409
"[10, 15, 7, 12, 3, 16, 1, 13, 11, 5, 0, 18, 4, 6, 17, 2, 14, 8, 9, 19]",549.5,"[5, 12, 1, 18, 9, 11, 6, 2, 4, 3, 10, 0, 7, 16, 14, 8, 13, 15, 19, 17]",473.0,2.5700223445892334
"[1, 13, 3, 0, 11, 2, 19, 4, 12, 8, 14, 17, 15, 10, 16, 18, 6, 5, 7, 9]",491.5,"[5, 12, 1, 18, 9, 11, 6, 2, 4, 3, 10, 0, 7, 16, 14, 8, 13, 15, 19, 17]",473.0,2.637033224105835
"[18, 9, 15, 2, 13, 11, 0, 7, 4, 8, 17, 10, 1, 5, 6, 19, 16, 12, 14, 3]",474.0,"[5, 12, 1, 18, 9, 11, 6, 2, 4, 3, 10, 0, 7, 16, 14, 8, 13, 15, 19, 17]",473.0,2.7030208110809326
"[6, 2, 7, 15, 0, 19, 8, 18, 1, 16, 13, 14, 9, 17, 3, 10, 5, 12, 4, 11]",519.0,"[5, 12, 1, 18, 9, 11, 6, 2, 4, 3, 10, 0, 7, 16, 14, 8, 13, 15, 19, 17]",473.0,2.77103328704834
"[8, 12, 10, 11, 2, 16, 7, 15, 5, 14, 3, 13, 4, 9, 18, 1, 19, 0, 17, 6]",544.0,"[5, 12, 1, 18, 9, 11, 6, 2, 4, 3, 10, 0, 7, 16, 14, 8, 13, 15, 19, 17]",473.0,2.84273099899292
"[8, 11, 9, 10, 16, 14, 18, 17, 1, 3, 15, 4, 0, 6, 5, 2, 7, 12, 19, 13]",526.0,"[5, 12, 1, 18, 9, 11, 6, 2, 4, 3, 10, 0, 7, 16, 14, 8, 13, 15, 19, 17]",473.0,2.9120304584503174
"[12, 17, 19, 4, 8, 13, 16, 7, 18, 10, 14, 2, 3, 6, 15, 1, 5, 9, 11, 0]",538.0,"[5, 12, 1, 18, 9, 11, 6, 2, 4, 3, 10, 0, 7, 16, 14, 8, 13, 15, 19, 17]",473.0,2.978031873703003
"[7, 10, 16, 14, 15, 8, 3, 12, 6, 11, 19, 18, 1, 2, 0, 17, 5, 13, 4, 9]",544.5,"[5, 12, 1, 18, 9, 11, 6, 2, 4, 3, 10, 0, 7, 16, 14, 8, 13, 15, 19, 17]",473.0,3.039033889770508
"[6, 0, 4, 1, 3, 18, 16, 5, 17, 2, 9, 15, 7, 10, 19, 8, 11, 14, 12, 13]",513.5,"[5, 12, 1, 18, 9, 11, 6, 2, 4, 3, 10, 0, 7, 16, 14, 8, 13, 15, 19, 17]",473.0,3.098041534423828
"[7, 5, 4, 3, 0, 17, 10, 2, 15, 11, 12, 16, 8, 9, 14, 6, 1, 19, 18, 13]",514.5,"[5, 12, 1, 18, 9, 11, 6, 2, 4, 3, 10, 0, 7, 16, 14, 8, 13, 15, 19, 17]",473.0,3.161031723022461
"[8, 17, 15, 4, 19, 6, 14, 1, 12, 2, 18, 5, 11, 9, 3, 7, 10, 0, 16, 13]",514.5,"[5, 12, 1, 18, 9, 11, 6, 2, 4, 3, 10, 0, 7, 16, 14, 8, 13, 15, 19, 17]",473.0,3.229030132293701
"[0, 5, 2, 17, 7, 14, 10, 9, 4, 6, 15, 16, 8, 12, 18, 13, 1, 19, 11, 3]",493.5,"[5, 12, 1, 18, 9, 11, 6, 2, 4, 3, 10, 0, 7, 16, 14, 8, 13, 15, 19, 17]",473.0,3.299027442932129
"[3, 6, 7, 13, 8, 16, 15, 10, 1, 4, 9, 5, 17, 12, 18, 19, 14, 0, 2, 11]",551.0,"[5, 12, 1, 18, 9, 11, 6, 2, 4, 3, 10, 0, 7, 16, 14, 8, 13, 15, 19, 17]",473.0,3.3630459308624268
"[12, 8, 5, 16, 11, 19, 9, 3, 4, 17, 18, 0, 6, 2, 1, 7, 14, 10, 15, 13]",561.0,"[5, 12, 1, 18, 9, 11, 6, 2, 4, 3, 10, 0, 7, 16, 14, 8, 13, 15, 19, 17]",473.0,3.4250457286834717
"[7, 15, 12, 1, 16, 8, 3, 10, 17, 0, 14, 11, 4, 6, 19, 5, 13, 18, 2, 9]",560.5,"[5, 12, 1, 18, 9, 11, 6, 2, 4, 3, 10, 0, 7, 16, 14, 8, 13, 15, 19, 17]",473.0,3.4850430488586426
"[16, 14, 15, 17, 19, 13, 12, 5, 1, 2, 3, 6, 7, 9, 4, 11, 10, 0, 8, 18]",531.5,"[5, 12, 1, 18, 9, 11, 6, 2, 4, 3, 10, 0, 7, 16, 14, 8, 13, 15, 19, 17]",473.0,3.5470404624938965
"[1, 19, 6, 7, 12, 17, 0, 16, 15, 2, 9, 5, 11, 4, 14, 13, 3, 10, 18, 8]",525.0,"[5, 12, 1, 18, 9, 11, 6, 2, 4, 3, 10, 0, 7, 16, 14, 8, 13, 15, 19, 17]",473.0,3.608032464981079
"[7, 18, 5, 15, 1, 11, 9, 3, 17, 16, 4, 6, 19, 13, 0, 14, 8, 10, 12, 2]",539.5,"[5, 12, 1, 18, 9, 11, 6, 2, 4, 3, 10, 0, 7, 16, 14, 8, 13, 15, 19, 17]",473.0,3.6690378189086914
"[19, 17, 10, 18, 5, 16, 12, 9, 3, 15, 14, 6, 4, 13, 1, 11, 8, 7, 0, 2]",560.0,"[5, 12, 1, 18, 9, 11, 6, 2, 4, 3, 10, 0, 7, 16, 14, 8, 13, 15, 19, 17]",473.0,3.733039617538452
"[16, 9, 1, 8, 5, 2, 13, 7, 0, 3, 6, 10, 14, 12, 18, 17, 11, 15, 4, 19]",480.5,"[5, 12, 1, 18, 9, 11, 6, 2, 4, 3, 10, 0, 7, 16, 14, 8, 13, 15, 19, 17]",473.0,3.797037124633789
"[12, 19, 7, 11, 14, 5, 8, 13, 17, 4, 15, 1, 10, 18, 16, 2, 9, 6, 0, 3]",568.5,"[5, 12, 1, 18, 9, 11, 6, 2, 4, 3, 10, 0, 7, 16, 14, 8, 13, 15, 19, 17]",473.0,3.8620405197143555
"[9, 14, 19, 3, 7, 4, 11, 10, 17, 16, 6, 15, 12, 2, 8, 13, 5, 1, 18, 0]",554.0,"[5, 12, 1, 18, 9, 11, 6, 2, 4, 3, 10, 0, 7, 16, 14, 8, 13, 15, 19, 17]",473.0,3.9390389919281006
"[12, 16, 18, 3, 1, 11, 9, 7, 5, 14, 6, 2, 19, 4, 15, 8, 0, 17, 10, 13]",544.0,"[5, 12, 1, 18, 9, 11, 6, 2, 4, 3, 10, 0, 7, 16, 14, 8, 13, 15, 19, 17]",473.0,4.002042293548584
"[16, 7, 1, 0, 12, 14, 5, 3, 2, 6, 19, 18, 4, 9, 15, 8, 17, 10, 11, 13]",522.0,"[5, 12, 1, 18, 9, 11, 6, 2, 4, 3, 10, 0, 7, 16, 14, 8, 13, 15, 19, 17]",473.0,4.0650365352630615
"[8, 15, 1, 18, 2, 12, 5, 16, 10, 3, 7, 4, 0, 11, 19, 9, 17, 14, 13, 6]",542.0,"[5, 12, 1, 18, 9, 11, 6, 2, 4, 3, 10, 0, 7, 16, 14, 8, 13, 15, 19, 17]",473.0,4.127071380615234
"[4, 2, 0, 6, 10, 13, 14, 5, 11, 12, 16, 19, 17, 8, 9, 7, 1, 15, 18, 3]",515.0,"[5, 12, 1, 18, 9, 11, 6, 2, 4, 3, 10, 0, 7, 16, 14, 8, 13, 15, 19, 17]",473.0,4.1910505294799805
"[18, 12, 2, 17, 1, 19, 11, 14, 3, 0, 6, 5, 10, 16, 8, 15, 9, 13, 4, 7]",541.0,"[5, 12, 1, 18, 9, 11, 6, 2, 4, 3, 10, 0, 7, 16, 14, 8, 13, 15, 19, 17]",473.0,4.255047082901001
"[1, 16, 12, 4, 9, 5, 0, 10, 2, 11, 14, 8, 6, 7, 13, 19, 17, 3, 18, 15]",480.5,"[5, 12, 1, 18, 9, 11, 6, 2, 4, 3, 10, 0, 7, 16, 14, 8, 13, 15, 19, 17]",473.0,4.318052291870117
"[6, 14, 5, 17, 11, 1, 12, 0, 13, 3, 8, 7, 2, 19, 18, 9, 10, 15, 16, 4]",519.5,"[5, 12, 1, 18, 9, 11, 6, 2, 4, 3, 10, 0, 7, 16, 14, 8, 13, 15, 19, 17]",473.0,4.381047487258911
"[11, 13, 5, 10, 19, 7, 6, 18, 8, 16, 1, 0, 17, 12, 2, 4, 14, 9, 3, 15]",538.0,"[5, 12, 1, 18, 9, 11, 6, 2, 4, 3, 10, 0, 7, 16, 14, 8, 13, 15, 19, 17]",473.0,4.445048809051514
"[0, 10, 5, 7, 16, 12, 13, 11, 3, 4, 18, 1, 2, 19, 14, 17, 9, 15, 6, 8]",531.5,"[5, 12, 1, 18, 9, 11, 6, 2, 4, 3, 10, 0, 7, 16, 14, 8, 13, 15, 19, 17]",473.0,4.510050296783447
"[0, 18, 1, 5, 12, 13, 6, 17, 7, 11, 2, 8, 19, 9, 3, 10, 16, 4, 15, 14]",560.5,"[5, 12, 1, 18, 9, 11, 6, 2, 4, 3, 10, 0, 7, 16, 14, 8, 13, 15, 19, 17]",473.0,4.575048923492432
"[19, 12, 16, 3, 6, 0, 9, 15, 5, 11, 17, 1, 8, 18, 10, 13, 2, 7, 14, 4]",575.5,"[5, 12, 1, 18, 9, 11, 6, 2, 4, 3, 10, 0, 7, 16, 14, 8, 13, 15, 19, 17]",473.0,4.64004373550415
"[14, 4, 1, 17, 19, 8, 9, 11, 10, 2, 13, 5, 6, 18, 16, 12, 15, 3, 7, 0]",550.0,"[5, 12, 1, 18, 9, 11, 6, 2, 4, 3, 10, 0, 7, 16, 14, 8, 13, 15, 19, 17]",473.0,4.707052946090698
"[10, 2, 16, 5, 9, 0, 8, 19, 3, 17, 14, 6, 7, 18, 4, 1, 13, 15, 12, 11]",555.0,"[5, 12, 1, 18, 9, 11, 6, 2, 4, 3, 10, 0, 7, 16, 14, 8, 13, 15, 19, 17]",473.0,4.77305269241333
"[14, 11, 6, 9, 12, 15, 16, 2, 5, 19, 1, 3, 7, 8, 17, 10, 4, 18, 13, 0]",545.5,"[5, 12, 1, 18, 9, 11, 6, 2, 4, 3, 10, 0, 7, 16, 14, 8, 13, 15, 19, 17]",473.0,4.838052749633789
"[6, 9, 5, 16, 10, 19, 3, 8, 2, 11, 0, 14, 12, 7, 13, 1, 15, 17, 18, 4]",527.0,"[5, 12, 1, 18, 9, 11, 6, 2, 4, 3, 10, 0, 7, 16, 14, 8, 13, 15, 19, 17]",473.0,4.905057668685913
"[10, 7, 13, 11, 6, 8, 17, 9, 16, 14, 1, 5, 15, 18, 0, 3, 12, 19, 2, 4]",562.5,"[5, 12, 1, 18, 9, 11, 6, 2, 4, 3, 10, 0, 7, 16, 14, 8, 13, 15, 19, 17]",473.0,4.9661171436309814
"[9, 13, 15, 5, 19, 3, 4, 18, 17, 6, 7, 16, 12, 2, 1, 14, 10, 11, 8, 0]",558.5,"[5, 12, 1, 18, 9, 11, 6, 2, 4, 3, 10, 0, 7, 16, 14, 8, 13, 15, 19, 17]",473.0,5.041056394577026
"[3, 9, 14, 18, 11, 6, 16, 19, 10, 1, 4, 17, 8, 5, 13, 7, 12, 0, 15, 2]",599.5,"[5, 12, 1, 18, 9, 11, 6, 2, 4, 3, 10, 0, 7, 16, 14, 8, 13, 15, 19, 17]",473.0,5.106054067611694
"[15, 2, 14, 4, 11, 10, 18, 5, 1, 7, 12, 3, 9, 13, 19, 17, 6, 16, 0, 8]",522.5,"[5, 12, 1, 18, 9, 11, 6, 2, 4, 3, 10, 0, 7, 16, 14, 8, 13, 15, 19, 17]",473.0,5.174058437347412
"[15, 18, 9, 10, 4, 5, 17, 6, 12, 8, 11, 16, 0, 7, 14, 13, 19, 1, 2, 3]",552.0,"[5, 12, 1, 18, 9, 11, 6, 2, 4, 3, 10, 0, 7, 16, 14, 8, 13, 15, 19, 17]",473.0,5.237060308456421
"[19, 12, 5, 4, 1, 9, 13, 6, 2, 3, 10, 15, 7, 11, 16, 18, 17, 14, 8, 0]",523.5,"[5, 12, 1, 18, 9, 11, 6, 2, 4, 3, 10, 0, 7, 16, 14, 8, 13, 15, 19, 17]",473.0,5.309060335159302
"[1, 16, 3, 12, 2, 10, 7, 17, 14, 15, 0, 18, 11, 13, 6, 8, 19, 9, 5, 4]",537.5,"[5, 12, 1, 18, 9, 11, 6, 2, 4, 3, 10, 0, 7, 16, 14, 8, 13, 15, 19, 17]",473.0,5.420079231262207
"[0, 4, 11, 19, 18, 10, 13, 17, 14, 1, 15, 7, 8, 6, 3, 2, 16, 9, 5, 12]",591.0,"[5, 12, 1, 18, 9, 11, 6, 2, 4, 3, 10, 0, 7, 16, 14, 8, 13, 15, 19, 17]",473.0,5.482059001922607
"[13, 17, 14, 12, 1, 11, 9, 19, 16, 0, 3, 2, 7, 15, 8, 4, 5, 10, 6, 18]",559.0,"[5, 12, 1, 18, 9, 11, 6, 2, 4, 3, 10, 0, 7, 16, 14, 8, 13, 15, 19, 17]",473.0,5.548065423965454
"[11, 10, 3, 4, 17, 7, 1, 16, 13, 12, 2, 5, 14, 19, 18, 8, 6, 9, 0, 15]",505.0,"[5, 12, 1, 18, 9, 11, 6, 2, 4, 3, 10, 0, 7, 16, 14, 8, 13, 15, 19, 17]",473.0,5.613077878952026
"[16, 12, 0, 7, 15, 13, 11, 4, 19, 9, 10, 5, 6, 8, 18, 2, 3, 14, 1, 17]",564.5,"[5, 12, 1, 18, 9, 11, 6, 2, 4, 3, 10, 0, 7, 16, 14, 8, 13, 15, 19, 17]",473.0,5.675062894821167
"[7, 5, 15, 8, 1, 19, 6, 16, 13, 10, 11, 4, 9, 17, 18, 2, 3, 14, 12, 0]",560.0,"[5, 12, 1, 18, 9, 11, 6, 2, 4, 3, 10, 0, 7, 16, 14, 8, 13, 15, 19, 17]",473.0,5.737062215805054
"[10, 19, 15, 5, 8, 0, 2, 11, 17, 9, 14, 6, 1, 12, 16, 3, 7, 4, 18, 13]",541.0,"[5, 12, 1, 18, 9, 11, 6, 2, 4, 3, 10, 0, 7, 16, 14, 8, 13, 15, 19, 17]",473.0,5.798072099685669
"[0, 19, 15, 5, 16, 8, 12, 10, 17, 6, 13, 2, 18, 14, 11, 4, 3, 1, 7, 9]",505.0,"[5, 12, 1, 18, 9, 11, 6, 2, 4, 3, 10, 0, 7, 16, 14, 8, 13, 15, 19, 17]",473.0,5.865065336227417
"[9, 7, 8, 12, 2, 10, 17, 4, 6, 14, 1, 15, 5, 13, 0, 16, 3, 19, 11, 18]",489.5,"[5, 12, 1, 18, 9, 11, 6, 2, 4, 3, 10, 0, 7, 16, 14, 8, 13, 15, 19, 17]",473.0,5.930071115493774
"[3, 1, 16, 19, 9, 11, 13, 4, 17, 5, 12, 2, 8, 15, 7, 18, 6, 0, 10, 14]",561.5,"[5, 12, 1, 18, 9, 11, 6, 2, 4, 3, 10, 0, 7, 16, 14, 8, 13, 15, 19, 17]",473.0,5.9970786571502686
"[10, 9, 16, 8, 19, 2, 7, 12, 3, 11, 15, 1, 6, 0, 5, 13, 14, 18, 17, 4]",529.5,"[5, 12, 1, 18, 9, 11, 6, 2, 4, 3, 10, 0, 7, 16, 14, 8, 13, 15, 19, 17]",473.0,6.070072412490845
"[6, 15, 18, 0, 8, 7, 16, 17, 14, 12, 1, 5, 19, 4, 11, 10, 13, 3, 9, 2]",538.0,"[5, 12, 1, 18, 9, 11, 6, 2, 4, 3, 10, 0, 7, 16, 14, 8, 13, 15, 19, 17]",473.0,6.137069463729858
"[6, 9, 2, 0, 5, 13, 19, 1, 7, 17, 15, 18, 16, 12, 3, 14, 4, 11, 8, 10]",518.0,"[5, 12, 1, 18, 9, 11, 6, 2, 4, 3, 10, 0, 7, 16, 14, 8, 13, 15, 19, 17]",473.0,6.20907187461853
"[0, 2, 1, 11, 13, 9, 3, 6, 4, 19, 12, 7, 8, 5, 17, 15, 14, 10, 16, 18]",552.5,"[5, 12, 1, 18, 9, 11, 6, 2, 4, 3, 10, 0, 7, 16, 14, 8, 13, 15, 19, 17]",473.0,6.281063556671143
"[10, 17, 1, 2, 9, 12, 6, 5, 15, 0, 7, 3, 8, 11, 14, 13, 16, 19, 18, 4]",522.5,"[5, 12, 1, 18, 9, 11, 6, 2, 4, 3, 10, 0, 7, 16, 14, 8, 13, 15, 19, 17]",473.0,6.34508204460144
"[4, 5, 17, 7, 16, 19, 6, 13, 18, 0, 10, 12, 14, 11, 9, 15, 8, 2, 1, 3]",550.5,"[5, 12, 1, 18, 9, 11, 6, 2, 4, 3, 10, 0, 7, 16, 14, 8, 13, 15, 19, 17]",473.0,6.406079053878784
"[8, 18, 2, 16, 12, 6, 14, 19, 13, 17, 11, 7, 0, 15, 9, 4, 1, 5, 10, 3]",580.5,"[5, 12, 1, 18, 9, 11, 6, 2, 4, 3, 10, 0, 7, 16, 14, 8, 13, 15, 19, 17]",473.0,6.473072052001953
"[15, 6, 9, 4, 13, 10, 19, 8, 7, 3, 2, 18, 12, 5, 16, 1, 17, 14, 0, 11]",551.5,"[5, 12, 1, 18, 9, 11, 6, 2, 4, 3, 10, 0, 7, 16, 14, 8, 13, 15, 19, 17]",473.0,6.537113189697266
"[19, 8, 7, 18, 16, 0, 4, 3, 9, 17, 10, 6, 2, 1, 14, 15, 11, 5, 12, 13]",589.5,"[5, 12, 1, 18, 9, 11, 6, 2, 4, 3, 10, 0, 7, 16, 14, 8, 13, 15, 19, 17]",473.0,6.60163140296936
"[0, 10, 13, 11, 2, 3, 5, 15, 16, 12, 17, 8, 19, 1, 4, 6, 14, 9, 18, 7]",512.0,"[5, 12, 1, 18, 9, 11, 6, 2, 4, 3, 10, 0, 7, 16, 14, 8, 13, 15, 19, 17]",473.0,6.666630506515503
"[15, 5, 12, 11, 10, 9, 14, 19, 17, 1, 6, 7, 4, 3, 0, 18, 2, 8, 13, 16]",544.0,"[5, 12, 1, 18, 9, 11, 6, 2, 4, 3, 10, 0, 7, 16, 14, 8, 13, 15, 19, 17]",473.0,6.7306294441223145
"[16, 7, 4, 13, 8, 14, 15, 12, 18, 9, 1, 5, 0, 11, 2, 10, 3, 19, 17, 6]",522.5,"[5, 12, 1, 18, 9, 11, 6, 2, 4, 3, 10, 0, 7, 16, 14, 8, 13, 15, 19, 17]",473.0,6.794671297073364
"[2, 3, 9, 15, 13, 11, 1, 10, 7, 19, 16, 0, 18, 4, 8, 14, 17, 5, 6, 12]",554.0,"[5, 12, 1, 18, 9, 11, 6, 2, 4, 3, 10, 0, 7, 16, 14, 8, 13, 15, 19, 17]",473.0,6.864638566970825
"[2, 9, 4, 11, 7, 8, 3, 17, 10, 6, 14, 12, 13, 16, 19, 1, 18, 15, 5, 0]",561.0,"[5, 12, 1, 18, 9, 11, 6, 2, 4, 3, 10, 0, 7, 16, 14, 8, 13, 15, 19, 17]",473.0,6.930633306503296
"[1, 13, 18, 8, 16, 9, 11, 3, 4, 5, 10, 0, 2, 6, 19, 15, 12, 7, 14, 17]",477.0,"[5, 12, 1, 18, 9, 11, 6, 2, 4, 3, 10, 0, 7, 16, 14, 8, 13, 15, 19, 17]",473.0,6.995631456375122
"[19, 15, 17, 8, 12, 4, 11, 18, 2, 0, 16, 13, 5, 6, 7, 14, 9, 3, 1, 10]",530.5,"[5, 12, 1, 18, 9, 11, 6, 2, 4, 3, 10, 0, 7, 16, 14, 8, 13, 15, 19, 17]",473.0,7.056643724441528
"[8, 5, 9, 3, 13, 0, 12, 17, 11, 6, 19, 14, 1, 4, 10, 7, 18, 15, 2, 16]",558.0,"[5, 12, 1, 18, 9, 11, 6, 2, 4, 3, 10, 0, 7, 16, 14, 8, 13, 15, 19, 17]",473.0,7.118635654449463
"[4, 0, 10, 3, 13, 18, 5, 19, 6, 16, 15, 14, 7, 12, 17, 8, 2, 11, 1, 9]",544.0,"[5, 12, 1, 18, 9, 11, 6, 2, 4, 3, 10, 0, 7, 16, 14, 8, 13, 15, 19, 17]",473.0,7.180644512176514
"[9, 19, 7, 8, 3, 6, 15, 13, 10, 5, 0, 14, 12, 4, 18, 11, 1, 17, 16, 2]",578.0,"[5, 12, 1, 18, 9, 11, 6, 2, 4, 3, 10, 0, 7, 16, 14, 8, 13, 15, 19, 17]",473.0,7.246639251708984
"[15, 13, 0, 8, 3, 11, 18, 1, 17, 14, 2, 9, 7, 6, 10, 12, 4, 19, 5, 16]",600.0,"[5, 12, 1, 18, 9, 11, 6, 2, 4, 3, 10, 0, 7, 16, 14, 8, 13, 15, 19, 17]",473.0,7.308642387390137
"[4, 18, 7, 12, 14, 8, 3, 13, 10, 1, 9, 11, 0, 17, 2, 15, 19, 5, 16, 6]",575.0,"[5, 12, 1, 18, 9, 11, 6, 2, 4, 3, 10, 0, 7, 16, 14, 8, 13, 15, 19, 17]",473.0,7.368638277053833
"[8, 17, 0, 4, 1, 3, 2, 5, 10, 14, 16, 19, 15, 18, 7, 11, 6, 9, 13, 12]",526.0,"[5, 12, 1, 18, 9, 11, 6, 2, 4, 3, 10, 0, 7, 16, 14, 8, 13, 15, 19, 17]",473.0,7.4326372146606445
"[7, 4, 8, 5, 16, 18, 12, 1, 3, 17, 15, 0, 11, 2, 6, 10, 19, 13, 14, 9]",523.0,"[5, 12, 1, 18, 9, 11, 6, 2, 4, 3, 10, 0, 7, 16, 14, 8, 13, 15, 19, 17]",473.0,7.492648124694824
"[1, 12, 9, 16, 10, 18, 17, 19, 2, 8, 3, 13, 11, 5, 14, 0, 7, 15, 4, 6]",547.5,"[5, 12, 1, 18, 9, 11, 6, 2, 4, 3, 10, 0, 7, 16, 14, 8, 13, 15, 19, 17]",473.0,7.554642677307129
"[2, 3, 14, 6, 13, 16, 1, 0, 18, 15, 9, 4, 7, 17, 19, 5, 11, 8, 10, 12]",556.5,"[5, 12, 1, 18, 9, 11, 6, 2, 4, 3, 10, 0, 7, 16, 14, 8, 13, 15, 19, 17]",473.0,7.622676849365234
"[10, 15, 1, 11, 14, 9, 6, 2, 17, 16, 12, 13, 0, 4, 8, 3, 5, 7, 19, 18]",503.0,"[5, 12, 1, 18, 9, 11, 6, 2, 4, 3, 10, 0, 7, 16, 14, 8, 13, 15, 19, 17]",473.0,7.68671441078186
"[8, 13, 14, 6, 1, 3, 17, 0, 10, 11, 4, 2, 7, 9, 18, 16, 19, 5, 15, 12]",558.0,"[5, 12, 1, 18, 9, 11, 6, 2, 4, 3, 10, 0, 7, 16, 14, 8, 13, 15, 19, 17]",473.0,7.755674123764038
"[5, 7, 11, 9, 18, 13, 12, 8, 10, 16, 2, 15, 6, 1, 4, 3, 14, 17, 19, 0]",477.0,"[5, 12, 1, 18, 9, 11, 6, 2, 4, 3, 10, 0, 7, 16, 14, 8, 13, 15, 19, 17]",473.0,7.820788621902466
"[16, 4, 6, 1, 9, 12, 10, 15, 13, 3, 8, 0, 19, 2, 7, 14, 17, 18, 5, 11]",560.0,"[5, 12, 1, 18, 9, 11, 6, 2, 4, 3, 10, 0, 7, 16, 14, 8, 13, 15, 19, 17]",473.0,7.8886754512786865
"[12, 11, 14, 1, 13, 15, 18, 2, 10, 19, 5, 7, 17, 4, 3, 6, 9, 8, 0, 16]",505.0,"[5, 12, 1, 18, 9, 11, 6, 2, 4, 3, 10, 0, 7, 16, 14, 8, 13, 15, 19, 17]",473.0,7.9527428150177
"[8, 3, 17, 10, 4, 5, 1, 7, 11, 15, 12, 0, 18, 13, 19, 9, 6, 16, 2, 14]",571.0,"[5, 12, 1, 18, 9, 11, 6, 2, 4, 3, 10, 0, 7, 16, 14, 8, 13, 15, 19, 17]",473.0,8.011677980422974
"[0, 14, 8, 2, 1, 5, 6, 17, 16, 9, 12, 19, 15, 13, 18, 4, 7, 10, 3, 11]",531.5,"[5, 12, 1, 18, 9, 11, 6, 2, 4, 3, 10, 0, 7, 16, 14, 8, 13, 15, 19, 17]",473.0,8.072833776473999
"[11, 7, 1, 18, 14, 10, 12, 0, 2, 8, 6, 5, 15, 9, 17, 3, 4, 13, 16, 19]",501.0,"[5, 12, 1, 18, 9, 11, 6, 2, 4, 3, 10, 0, 7, 16, 14, 8, 13, 15, 19, 17]",473.0,8.1347177028656
"[17, 14, 15, 3, 16, 0, 8, 9, 1, 10, 12, 2, 4, 7, 5, 18, 19, 13, 11, 6]",547.0,"[5, 12, 1, 18, 9, 11, 6, 2, 4, 3, 10, 0, 7, 16, 14, 8, 13, 15, 19, 17]",473.0,8.196718215942383
"[3, 19, 17, 6, 10, 0, 18, 8, 1, 2, 5, 4, 9, 13, 12, 11, 14, 7, 16, 15]",510.0,"[5, 12, 1, 18, 9, 11, 6, 2, 4, 3, 10, 0, 7, 16, 14, 8, 13, 15, 19, 17]",473.0,8.257721424102783
"[10, 9, 14, 17, 5, 8, 19, 7, 6, 1, 16, 2, 18, 15, 11, 12, 4, 3, 0, 13]",536.5,"[5, 12, 1, 18, 9, 11, 6, 2, 4, 3, 10, 0, 7, 16, 14, 8, 13, 15, 19, 17]",473.0,8.326738357543945
"[10, 5, 4, 11, 2, 18, 0, 16, 14, 8, 7, 6, 13, 1, 12, 19, 9, 17, 15, 3]",499.0,"[5, 12, 1, 18, 9, 11, 6, 2, 4, 3, 10, 0, 7, 16, 14, 8, 13, 15, 19, 17]",473.0,8.386724948883057
"[4, 14, 0, 15, 17, 12, 5, 3, 16, 2, 9, 11, 19, 13, 1, 7, 10, 6, 8, 18]",530.5,"[5, 12, 1, 18, 9, 11, 6, 2, 4, 3, 10, 0, 7, 16, 14, 8, 13, 15, 19, 17]",473.0,8.450746297836304
"[14, 2, 19, 16, 17, 8, 6, 3, 0, 10, 15, 13, 7, 18, 11, 9, 5, 12, 1, 4]",522.5,"[5, 12, 1, 18, 9, 11, 6, 2, 4, 3, 10, 0, 7, 16, 14, 8, 13, 15, 19, 17]",473.0,8.512735843658447
"[17, 10, 14, 12, 0, 1, 15, 19, 7, 2, 4, 13, 18, 5, 3, 9, 11, 6, 16, 8]",536.0,"[5, 12, 1, 18, 9, 11, 6, 2, 4, 3, 10, 0, 7, 16, 14, 8, 13, 15, 19, 17]",473.0,8.574726819992065
"[19, 16, 1, 6, 5, 14, 18, 12, 2, 15, 3, 8, 4, 17, 0, 11, 13, 9, 10, 7]",513.0,"[5, 12, 1, 18, 9, 11, 6, 2, 4, 3, 10, 0, 7, 16, 14, 8, 13, 15, 19, 17]",473.0,8.634765148162842
"[3, 7, 10, 19, 11, 9, 1, 13, 5, 14, 2, 0, 16, 4, 8, 12, 15, 6, 18, 17]",550.0,"[5, 12, 1, 18, 9, 11, 6, 2, 4, 3, 10, 0, 7, 16, 14, 8, 13, 15, 19, 17]",473.0,8.700765132904053
"[2, 13, 0, 15, 5, 9, 4, 19, 10, 18, 6, 8, 12, 3, 7, 16, 17, 14, 1, 11]",542.5,"[5, 12, 1, 18, 9, 11, 6, 2, 4, 3, 10, 0, 7, 16, 14, 8, 13, 15, 19, 17]",473.0,8.766767740249634
"[6, 12, 18, 11, 4, 14, 3, 7, 8, 2, 16, 0, 1, 9, 15, 19, 10, 5, 17, 13]",562.0,"[5, 12, 1, 18, 9, 11, 6, 2, 4, 3, 10, 0, 7, 16, 14, 8, 13, 15, 19, 17]",473.0,8.836771965026855
"[8, 10, 11, 14, 13, 5, 19, 18, 15, 17, 2, 16, 1, 6, 12, 0, 7, 4, 9, 3]",552.5,"[5, 12, 1, 18, 9, 11, 6, 2, 4, 3, 10, 0, 7, 16, 14, 8, 13, 15, 19, 17]",473.0,8.898771286010742
"[19, 10, 14, 9, 17, 6, 5, 0, 1, 12, 2, 13, 16, 18, 4, 8, 15, 3, 7, 11]",521.0,"[5, 12, 1, 18, 9, 11, 6, 2, 4, 3, 10, 0, 7, 16, 14, 8, 13, 15, 19, 17]",473.0,8.959773778915405
"[11, 7, 17, 19, 1, 5, 10, 13, 2, 18, 9, 4, 6, 3, 12, 15, 16, 14, 8, 0]",542.5,"[5, 12, 1, 18, 9, 11, 6, 2, 4, 3, 10, 0, 7, 16, 14, 8, 13, 15, 19, 17]",473.0,9.026837587356567
"[6, 0, 16, 4, 1, 15, 19, 13, 14, 17, 12, 2, 8, 5, 18, 3, 9, 11, 7, 10]",500.5,"[5, 12, 1, 18, 9, 11, 6, 2, 4, 3, 10, 0, 7, 16, 14, 8, 13, 15, 19, 17]",473.0,9.084774494171143
"[13, 8, 4, 14, 9, 1, 7, 5, 15, 6, 0, 18, 16, 10, 3, 2, 19, 12, 11, 17]",476.0,"[5, 12, 1, 18, 9, 11, 6, 2, 4, 3, 10, 0, 7, 16, 14, 8, 13, 15, 19, 17]",473.0,9.148770809173584
"[8, 14, 3, 11, 9, 4, 2, 1, 10, 15, 19, 12, 5, 7, 6, 0, 18, 13, 16, 17]",569.0,"[5, 12, 1, 18, 9, 11, 6, 2, 4, 3, 10, 0, 7, 16, 14, 8, 13, 15, 19, 17]",473.0,9.218773126602173
"[8, 5, 11, 12, 13, 18, 6, 7, 9, 2, 10, 0, 1, 4, 15, 17, 16, 19, 14, 3]",481.5,"[5, 12, 1, 18, 9, 11, 6, 2, 4, 3, 10, 0, 7, 16, 14, 8, 13, 15, 19, 17]",473.0,9.282769918441772
"[16, 2, 1, 15, 10, 6, 9, 0, 8, 11, 14, 13, 5, 3, 19, 4, 7, 12, 18, 17]",526.5,"[5, 12, 1, 18, 9, 11, 6, 2, 4, 3, 10, 0, 7, 16, 14, 8, 13, 15, 19, 17]",473.0,9.347782611846924
"[18, 16, 1, 17, 2, 11, 14, 10, 19, 9, 13, 0, 6, 7, 3, 15, 5, 4, 8, 12]",547.5,"[5, 12, 1, 18, 9, 11, 6, 2, 4, 3, 10, 0, 7, 16, 14, 8, 13, 15, 19, 17]",473.0,9.409775733947754
"[9, 11, 19, 5, 7, 8, 4, 18, 6, 17, 16, 13, 12, 10, 0, 1, 2, 3, 15, 14]",584.0,"[5, 12, 1, 18, 9, 11, 6, 2, 4, 3, 10, 0, 7, 16, 14, 8, 13, 15, 19, 17]",473.0,9.474775552749634
"[12, 4, 0, 19, 15, 8, 1, 7, 14, 16, 17, 5, 18, 11, 6, 9, 13, 2, 3, 10]",563.5,"[5, 12, 1, 18, 9, 11, 6, 2, 4, 3, 10, 0, 7, 16, 14, 8, 13, 15, 19, 17]",473.0,9.533795833587646
"[11, 0, 8, 9, 10, 13, 14, 16, 6, 3, 4, 12, 5, 2, 7, 18, 1, 17, 15, 19]",488.0,"[5, 12, 1, 18, 9, 11, 6, 2, 4, 3, 10, 0, 7, 16, 14, 8, 13, 15, 19, 17]",473.0,9.59577751159668
"[4, 17, 16, 6, 14, 2, 11, 18, 5, 12, 15, 9, 8, 10, 3, 19, 7, 0, 1, 13]",527.5,"[5, 12, 1, 18, 9, 11, 6, 2, 4, 3, 10, 0, 7, 16, 14, 8, 13, 15, 19, 17]",473.0,9.65877890586853
"[17, 6, 14, 3, 10, 2, 5, 15, 18, 16, 19, 0, 1, 7, 8, 11, 12, 4, 9, 13]",509.5,"[5, 12, 1, 18, 9, 11, 6, 2, 4, 3, 10, 0, 7, 16, 14, 8, 13, 15, 19, 17]",473.0,9.72879409790039
"[3, 4, 15, 9, 11, 16, 18, 1, 12, 6, 7, 14, 19, 17, 13, 10, 8, 2, 5, 0]",589.5,"[5, 12, 1, 18, 9, 11, 6, 2, 4, 3, 10, 0, 7, 16, 14, 8, 13, 15, 19, 17]",473.0,9.78977918624878
"[13, 1, 2, 10, 6, 11, 5, 12, 18, 9, 17, 7, 15, 14, 0, 16, 3, 4, 19, 8]",477.0,"[5, 12, 1, 18, 9, 11, 6, 2, 4, 3, 10, 0, 7, 16, 14, 8, 13, 15, 19, 17]",473.0,9.858787536621094
"[15, 2, 11, 4, 3, 13, 5, 9, 17, 19, 1, 10, 7, 14, 16, 6, 0, 18, 12, 8]",539.5,"[5, 12, 1, 18, 9, 11, 6, 2, 4, 3, 10, 0, 7, 16, 14, 8, 13, 15, 19, 17]",473.0,9.924781084060669
"[18, 8, 4, 2, 15, 3, 1, 13, 17, 5, 7, 10, 19, 0, 14, 12, 16, 9, 6, 11]",522.5,"[5, 12, 1, 18, 9, 11, 6, 2, 4, 3, 10, 0, 7, 16, 14, 8, 13, 15, 19, 17]",473.0,9.9887855052948
"[8, 4, 17, 16, 1, 9, 10, 19, 13, 15, 7, 5, 0, 18, 14, 6, 12, 3, 2, 11]",581.0,"[5, 12, 1, 18, 9, 11, 6, 2, 4, 3, 10, 0, 7, 16, 14, 8, 13, 15, 19, 17]",473.0,10.0528244972229
"[12, 2, 14, 15, 17, 10, 18, 11, 1, 13, 5, 6, 7, 0, 9, 8, 3, 16, 4, 19]",520.0,"[5, 12, 1, 18, 9, 11, 6, 2, 4, 3, 10, 0, 7, 16, 14, 8, 13, 15, 19, 17]",473.0,10.121821641921997
"[6, 15, 7, 2, 5, 11, 19, 16, 9, 18, 12, 10, 3, 13, 1, 17, 8, 14, 0, 4]",520.5,"[5, 12, 1, 18, 9, 11, 6, 2, 4, 3, 10, 0, 7, 16, 14, 8, 13, 15, 19, 17]",473.0,10.19181776046753
"[10, 11, 19, 9, 4, 14, 0, 8, 17, 5, 15, 12, 2, 13, 1, 16, 3, 18, 7, 6]",545.5,"[5, 12, 1, 18, 9, 11, 6, 2, 4, 3, 10, 0, 7, 16, 14, 8, 13, 15, 19, 17]",473.0,10.263818502426147
"[0, 1, 15, 14, 4, 19, 7, 12, 18, 17, 10, 9, 5, 2, 16, 3, 11, 13, 6, 8]",571.5,"[5, 12, 1, 18, 9, 11, 6, 2, 4, 3, 10, 0, 7, 16, 14, 8, 13, 15, 19, 17]",473.0,10.328821420669556
"[10, 18, 12, 5, 8, 6, 1, 14, 17, 19, 3, 2, 11, 7, 4, 13, 0, 9, 15, 16]",514.5,"[5, 12, 1, 18, 9, 11, 6, 2, 4, 3, 10, 0, 7, 16, 14, 8, 13, 15, 19, 17]",473.0,10.391832828521729
"[2, 7, 0, 12, 8, 15, 14, 16, 1, 11, 18, 9, 4, 3, 5, 10, 13, 17, 19, 6]",537.0,"[5, 12, 1, 18, 9, 11, 6, 2, 4, 3, 10, 0, 7, 16, 14, 8, 13, 15, 19, 17]",473.0,10.461827516555786
"[19, 4, 7, 13, 2, 18, 16, 3, 11, 9, 14, 8, 17, 0, 5, 6, 15, 10, 1, 12]",540.5,"[5, 12, 1, 18, 9, 11, 6, 2, 4, 3, 10, 0, 7, 16, 14, 8, 13, 15, 19, 17]",473.0,10.530827522277832
"[5, 14, 4, 17, 3, 15, 12, 10, 2, 6, 16, 18, 13, 7, 19, 0, 8, 11, 9, 1]",532.0,"[5, 12, 1, 18, 9, 11, 6, 2, 4, 3, 10, 0, 7, 16, 14, 8, 13, 15, 19, 17]",473.0,10.59482192993164
"[13, 7, 1, 3, 8, 5, 9, 17, 15, 0, 16, 19, 18, 14, 6, 12, 4, 11, 2, 10]",553.5,"[5, 12, 1, 18, 9, 11, 6, 2, 4, 3, 10, 0, 7, 16, 14, 8, 13, 15, 19, 17]",473.0,10.659822940826416
"[2, 16, 7, 0, 9, 8, 13, 1, 4, 14, 18, 12, 11, 17, 10, 3, 6, 5, 19, 15]",501.5,"[5, 12, 1, 18, 9, 11, 6, 2, 4, 3, 10, 0, 7, 16, 14, 8, 13, 15, 19, 17]",473.0,10.73183560371399
"[1, 19, 0, 14, 11, 10, 4, 9, 5, 2, 6, 12, 13, 3, 8, 18, 15, 16, 7, 17]",554.5,"[5, 12, 1, 18, 9, 11, 6, 2, 4, 3, 10, 0, 7, 16, 14, 8, 13, 15, 19, 17]",473.0,10.79883360862732
"[0, 16, 3, 7, 14, 12, 15, 6, 4, 13, 9, 11, 1, 8, 5, 17, 10, 2, 19, 18]",528.5,"[5, 12, 1, 18, 9, 11, 6, 2, 4, 3, 10, 0, 7, 16, 14, 8, 13, 15, 19, 17]",473.0,10.86187219619751
"[3, 6, 9, 11, 16, 13, 1, 17, 4, 18, 14, 8, 12, 7, 10, 15, 2, 0, 19, 5]",588.0,"[5, 12, 1, 18, 9, 11, 6, 2, 4, 3, 10, 0, 7, 16, 14, 8, 13, 15, 19, 17]",473.0,10.921834707260132
"[11, 1, 4, 16, 12, 6, 8, 18, 19, 10, 0, 15, 13, 3, 2, 14, 7, 9, 17, 5]",560.5,"[5, 12, 1, 18, 9, 11, 6, 2, 4, 3, 10, 0, 7, 16, 14, 8, 13, 15, 19, 17]",473.0,10.981846809387207
"[4, 12, 13, 17, 1, 15, 18, 16, 2, 3, 14, 9, 10, 8, 0, 7, 6, 19, 5, 11]",580.5,"[5, 12, 1, 18, 9, 11, 6, 2, 4, 3, 10, 0, 7, 16, 14, 8, 13, 15, 19, 17]",473.0,11.04288101196289
"[6, 1, 5, 8, 3, 17, 18, 10, 13, 16, 14, 7, 0, 11, 2, 4, 12, 9, 19, 15]",534.5,"[5, 12, 1, 18, 9, 11, 6, 2, 4, 3, 10, 0, 7, 16, 14, 8, 13, 15, 19, 17]",473.0,11.104831218719482
"[4, 12, 2, 11, 6, 14, 18, 0, 15, 19, 13, 16, 3, 8, 10, 1, 5, 17, 7, 9]",493.0,"[5, 12, 1, 18, 9, 11, 6, 2, 4, 3, 10, 0, 7, 16, 14, 8, 13, 15, 19, 17]",473.0,11.172829627990723
"[9, 16, 12, 14, 8, 17, 6, 0, 15, 13, 1, 7, 19, 10, 11, 2, 3, 4, 5, 18]",565.5,"[5, 12, 1, 18, 9, 11, 6, 2, 4, 3, 10, 0, 7, 16, 14, 8, 13, 15, 19, 17]",473.0,11.237842798233032
"[8, 3, 2, 4, 12, 14, 19, 15, 11, 1, 17, 18, 9, 16, 5, 13, 6, 0, 7, 10]",571.5,"[5, 12, 1, 18, 9, 11, 6, 2, 4, 3, 10, 0, 7, 16, 14, 8, 13, 15, 19, 17]",473.0,11.31183123588562
"[0, 13, 8, 17, 1, 15, 4, 16, 6, 2, 11, 12, 3, 5, 10, 18, 19, 7, 9, 14]",510.5,"[5, 12, 1, 18, 9, 11, 6, 2, 4, 3, 10, 0, 7, 16, 14, 8, 13, 15, 19, 17]",473.0,11.377843141555786
"[12, 19, 13, 1, 3, 9, 18, 15, 7, 16, 4, 17, 10, 6, 0, 5, 8, 2, 11, 14]",596.5,"[5, 12, 1, 18, 9, 11, 6, 2, 4, 3, 10, 0, 7, 16, 14, 8, 13, 15, 19, 17]",473.0,11.439831733703613
"[16, 17, 2, 19, 18, 4, 14, 8, 7, 13, 11, 10, 5, 0, 3, 15, 12, 6, 1, 9]",523.0,"[5, 12, 1, 18, 9, 11, 6, 2, 4, 3, 10, 0, 7, 16, 14, 8, 13, 15, 19, 17]",473.0,11.499835729598999
"[9, 2, 18, 12, 13, 6, 3, 4, 19, 15, 10, 1, 7, 0, 11, 8, 14, 17, 5, 16]",562.0,"[5, 12, 1, 18, 9, 11, 6, 2, 4, 3, 10, 0, 7, 16, 14, 8, 13, 15, 19, 17]",473.0,11.566834449768066
"[8, 12, 1, 0, 18, 6, 19, 7, 5, 4, 17, 11, 14, 16, 3, 9, 10, 13, 15, 2]",547.0,"[5, 12, 1, 18, 9, 11, 6, 2, 4, 3, 10, 0, 7, 16, 14, 8, 13, 15, 19, 17]",473.0,11.627834796905518
"[7, 3, 19, 4, 10, 14, 6, 16, 18, 1, 8, 9, 13, 11, 17, 0, 12, 2, 5, 15]",599.0,"[5, 12, 1, 18, 9, 11, 6, 2, 4, 3, 10, 0, 7, 16, 14, 8, 13, 15, 19, 17]",473.0,11.690837144851685
"[9, 0, 6, 1, 3, 8, 12, 15, 2, 5, 11, 17, 18, 16, 10, 4, 19, 13, 7, 14]",518.5,"[5, 12, 1, 18, 9, 11, 6, 2, 4, 3, 10, 0, 7, 16, 14, 8, 13, 15, 19, 17]",473.0,11.750835418701172
"[19, 16, 14, 1, 17, 2, 11, 6, 10, 4, 3, 8, 12, 13, 18, 5, 7, 0, 15, 9]",496.0,"[5, 12, 1, 18, 9, 11, 6, 2, 4, 3, 10, 0, 7, 16, 14, 8, 13, 15, 19, 17]",473.0,11.811836242675781
"[5, 6, 3, 13, 17, 10, 4, 1, 18, 7, 14, 16, 0, 11, 19, 2, 15, 8, 12, 9]",548.0,"[5, 12, 1, 18, 9, 11, 6, 2, 4, 3, 10, 0, 7, 16, 14, 8, 13, 15, 19, 17]",473.0,11.873839139938354
"[12, 8, 10, 14, 4, 18, 1, 17, 6, 3, 16, 15, 13, 9, 11, 0, 19, 2, 5, 7]",601.0,"[5, 12, 1, 18, 9, 11, 6, 2, 4, 3, 10, 0, 7, 16, 14, 8, 13, 15, 19, 17]",473.0,11.937875986099243
"[6, 4, 8, 16, 18, 7, 17, 12, 9, 1, 10, 3, 19, 14, 15, 5, 13, 2, 11, 0]",583.5,"[5, 12, 1, 18, 9, 11, 6, 2, 4, 3, 10, 0, 7, 16, 14, 8, 13, 15, 19, 17]",473.0,11.998852491378784
"[15, 19, 0, 4, 9, 11, 13, 12, 2, 7, 3, 6, 17, 18, 1, 16, 14, 10, 8, 5]",570.0,"[5, 12, 1, 18, 9, 11, 6, 2, 4, 3, 10, 0, 7, 16, 14, 8, 13, 15, 19, 17]",473.0,12.067850351333618
"[1, 16, 4, 0, 19, 7, 10, 14, 2, 15, 3, 11, 18, 6, 9, 8, 12, 17, 13, 5]",580.0,"[5, 12, 1, 18, 9, 11, 6, 2, 4, 3, 10, 0, 7, 16, 14, 8, 13, 15, 19, 17]",473.0,12.129940748214722
"[6, 1, 14, 9, 12, 16, 17, 19, 15, 0, 5, 3, 18, 10, 13, 4, 7, 11, 8, 2]",565.0,"[5, 12, 1, 18, 9, 11, 6, 2, 4, 3, 10, 0, 7, 16, 14, 8, 13, 15, 19, 17]",473.0,12.189843893051147
"[17, 12, 4, 13, 16, 14, 0, 7, 15, 2, 6, 5, 1, 8, 19, 9, 11, 3, 10, 18]",496.0,"[5, 12, 1, 18, 9, 11, 6, 2, 4, 3, 10, 0, 7, 16, 14, 8, 13, 15, 19, 17]",473.0,12.254859924316406
"[5, 13, 7, 17, 0, 16, 12, 14, 1, 6, 10, 19, 15, 4, 3, 9, 11, 2, 8, 18]",491.5,"[5, 12, 1, 18, 9, 11, 6, 2, 4, 3, 10, 0, 7, 16, 14, 8, 13, 15, 19, 17]",473.0,12.327852487564087
"[8, 9, 18, 0, 19, 11, 6, 1, 17, 12, 16, 14, 15, 3, 13, 2, 7, 10, 4, 5]",598.0,"[5, 12, 1, 18, 9, 11, 6, 2, 4, 3, 10, 0, 7, 16, 14, 8, 13, 15, 19, 17]",473.0,12.39984655380249
"[8, 1, 13, 4, 18, 2, 7, 6, 19, 5, 9, 12, 11, 0, 3, 15, 14, 17, 10, 16]",496.0,"[5, 12, 1, 18, 9, 11, 6, 2, 4, 3, 10, 0, 7, 16, 14, 8, 13, 15, 19, 17]",473.0,12.462867021560669
"[7, 9, 17, 5, 15, 6, 2, 19, 12, 14, 4, 8, 10, 3, 0, 11, 16, 1, 13, 18]",533.5,"[5, 12, 1, 18, 9, 11, 6, 2, 4, 3, 10, 0, 7, 16, 14, 8, 13, 15, 19, 17]",473.0,12.522847890853882
"[17, 14, 15, 4, 2, 11, 18, 7, 3, 19, 0, 13, 10, 9, 5, 16, 1, 12, 6, 8]",553.0,"[5, 12, 1, 18, 9, 11, 6, 2, 4, 3, 10, 0, 7, 16, 14, 8, 13, 15, 19, 17]",473.0,12.584848880767822
"[17, 11, 9, 7, 3, 14, 18, 1, 8, 10, 2, 0, 12, 13, 5, 6, 4, 16, 19, 15]",492.0,"[5, 12, 1, 18, 9, 11, 6, 2, 4, 3, 10, 0, 7, 16, 14, 8, 13, 15, 19, 17]",473.0,12.646856784820557
"[9, 4, 10, 1, 19, 8, 17, 11, 2, 0, 15, 5, 18, 6, 12, 13, 3, 7, 14, 16]",566.5,"[5, 12, 1, 18, 9, 11, 6, 2, 4, 3, 10, 0, 7, 16, 14, 8, 13, 15, 19, 17]",473.0,12.7168447971344
"[0, 13, 5, 16, 10, 1, 11, 6, 9, 15, 19, 14, 2, 18, 3, 12, 17, 4, 7, 8]",528.0,"[5, 12, 1, 18, 9, 11, 6, 2, 4, 3, 10, 0, 7, 16, 14, 8, 13, 15, 19, 17]",473.0,12.783874988555908
"[3, 0, 2, 7, 4, 6, 19, 9, 13, 1, 10, 16, 18, 15, 8, 17, 14, 5, 12, 11]",577.5,"[5, 12, 1, 18, 9, 11, 6, 2, 4, 3, 10, 0, 7, 16, 14, 8, 13, 15, 19, 17]",473.0,12.846864223480225
"[16, 3, 7, 14, 10, 13, 15, 8, 9, 11, 4, 6, 12, 5, 18, 2, 0, 1, 17, 19]",514.5,"[5, 12, 1, 18, 9, 11, 6, 2, 4, 3, 10, 0, 7, 16, 14, 8, 13, 15, 19, 17]",473.0,12.912853002548218
"[7, 6, 14, 2, 1, 3, 15, 9, 4, 17, 0, 5, 12, 13, 16, 19, 10, 18, 11, 8]",492.5,"[5, 12, 1, 18, 9, 11, 6, 2, 4, 3, 10, 0, 7, 16, 14, 8, 13, 15, 19, 17]",473.0,12.982861042022705
"[7, 14, 17, 1, 6, 8, 10, 0, 4, 12, 16, 18, 19, 2, 15, 3, 5, 11, 13, 9]",516.0,"[5, 12, 1, 18, 9, 11, 6, 2, 4, 3, 10, 0, 7, 16, 14, 8, 13, 15, 19, 17]",473.0,13.042856216430664
