Sequence,Fitness,Best_sequence,Best_fitness,Time
"[3, 16, 6, 10, 2, 14, 4, 17, 7, 1, 13, 0, 19, 18, 9, 15, 8, 12, 11, 5]",638.5,"[3, 16, 6, 10, 2, 14, 4, 17, 7, 1, 13, 0, 19, 18, 9, 15, 8, 12, 11, 5]",638.5,0.0
"[3, 16, 6, 10, 2, 14, 4, 17, 7, 1, 13, 0, 19, 18, 9, 15, 8, 12, 11, 5]",638.5,"[3, 16, 6, 10, 2, 14, 4, 17, 7, 1, 13, 0, 19, 18, 9, 15, 8, 12, 11, 5]",638.5,0.06800127029418945
"[3, 16, 6, 10, 2, 14, 4, 17, 7, 1, 13, 0, 19, 18, 9, 15, 8, 12, 11, 5]",638.5,"[3, 16, 6, 10, 2, 14, 4, 17, 7, 1, 13, 0, 19, 18, 9, 15, 8, 12, 11, 5]",638.5,0.13100314140319824
"[3, 16, 6, 10, 2, 14, 4, 17, 7, 1, 13, 0, 19, 18, 9, 15, 8, 12, 11, 5]",638.5,"[3, 16, 6, 10, 2, 14, 4, 17, 7, 1, 13, 0, 19, 18, 9, 15, 8, 12, 11, 5]",638.5,0.201005220413208
"[3, 16, 6, 10, 11, 14, 4, 17, 7, 1, 13, 0, 19, 18, 9, 15, 8, 12, 2, 5]",617.0,"[3, 16, 6, 10, 11, 14, 4, 17, 7, 1, 13, 0, 19, 18, 9, 15, 8, 12, 2, 5]",617.0,0.26700592041015625
"[3, 16, 6, 10, 11, 14, 4, 17, 7, 1, 13, 0, 19, 18, 9, 15, 8, 12, 2, 5]",617.0,"[3, 16, 6, 10, 11, 14, 4, 17, 7, 1, 13, 0, 19, 18, 9, 15, 8, 12, 2, 5]",617.0,0.32801008224487305
"[18, 16, 6, 10, 11, 14, 4, 17, 7, 1, 13, 0, 19, 3, 9, 15, 8, 12, 2, 5]",615.5,"[18, 16, 6, 10, 11, 14, 4, 17, 7, 1, 13, 0, 19, 3, 9, 15, 8, 12, 2, 5]",615.5,0.3940095901489258
"[18, 16, 6, 10, 11, 14, 4, 17, 7, 1, 13, 0, 19, 3, 9, 15, 8, 12, 2, 5]",615.5,"[18, 16, 6, 10, 11, 14, 4, 17, 7, 1, 13, 0, 19, 3, 9, 15, 8, 12, 2, 5]",615.5,0.45403552055358887
"[18, 16, 6, 10, 11, 14, 4, 17, 7, 1, 13, 0, 19, 3, 9, 15, 8, 12, 2, 5]",615.5,"[18, 16, 6, 10, 11, 14, 4, 17, 7, 1, 13, 0, 19, 3, 9, 15, 8, 12, 2, 5]",615.5,0.5170183181762695
"[18, 16, 6, 10, 11, 14, 4, 17, 7, 1, 13, 0, 19, 3, 9, 15, 8, 12, 2, 5]",615.5,"[18, 16, 6, 10, 11, 14, 4, 17, 7, 1, 13, 0, 19, 3, 9, 15, 8, 12, 2, 5]",615.5,0.5790231227874756
"[18, 16, 6, 10, 11, 14, 4, 17, 7, 1, 13, 0, 19, 3, 9, 15, 8, 12, 2, 5]",615.5,"[18, 16, 6, 10, 11, 14, 4, 17, 7, 1, 13, 0, 19, 3, 9, 15, 8, 12, 2, 5]",615.5,0.6400225162506104
"[18, 16, 6, 10, 11, 14, 4, 17, 7, 1, 13, 0, 19, 3, 9, 15, 8, 12, 2, 5]",615.5,"[18, 16, 6, 10, 11, 14, 4, 17, 7, 1, 13, 0, 19, 3, 9, 15, 8, 12, 2, 5]",615.5,0.7060120105743408
"[18, 16, 6, 10, 11, 14, 4, 17, 7, 1, 13, 0, 19, 3, 9, 15, 8, 12, 2, 5]",615.5,"[18, 16, 6, 10, 11, 14, 4, 17, 7, 1, 13, 0, 19, 3, 9, 15, 8, 12, 2, 5]",615.5,0.7700705528259277
"[18, 16, 6, 10, 11, 14, 4, 17, 7, 1, 13, 0, 19, 3, 9, 15, 8, 12, 2, 5]",615.5,"[18, 16, 6, 10, 11, 14, 4, 17, 7, 1, 13, 0, 19, 3, 9, 15, 8, 12, 2, 5]",615.5,0.8340146541595459
"[18, 16, 6, 10, 11, 14, 4, 17, 7, 1, 13, 0, 19, 3, 9, 15, 8, 12, 2, 5]",615.5,"[18, 16, 6, 10, 11, 14, 4, 17, 7, 1, 13, 0, 19, 3, 9, 15, 8, 12, 2, 5]",615.5,0.8970193862915039
"[18, 16, 6, 10, 11, 14, 4, 17, 7, 1, 13, 0, 19, 3, 9, 15, 8, 12, 2, 5]",615.5,"[18, 16, 6, 10, 11, 14, 4, 17, 7, 1, 13, 0, 19, 3, 9, 15, 8, 12, 2, 5]",615.5,0.9630172252655029
"[18, 16, 6, 10, 11, 14, 4, 17, 7, 1, 13, 0, 19, 3, 9, 15, 8, 12, 2, 5]",615.5,"[18, 16, 6, 10, 11, 14, 4, 17, 7, 1, 13, 0, 19, 3, 9, 15, 8, 12, 2, 5]",615.5,1.0260183811187744
"[18, 16, 6, 10, 11, 14, 4, 17, 7, 1, 13, 0, 19, 3, 9, 15, 8, 12, 2, 5]",615.5,"[18, 16, 6, 10, 11, 14, 4, 17, 7, 1, 13, 0, 19, 3, 9, 15, 8, 12, 2, 5]",615.5,1.088017225265503
"[18, 16, 6, 10, 11, 14, 4, 17, 7, 1, 13, 0, 19, 5, 9, 15, 8, 12, 2, 3]",608.0,"[18, 16, 6, 10, 11, 14, 4, 17, 7, 1, 13, 0, 19, 5, 9, 15, 8, 12, 2, 3]",608.0,1.1510190963745117
"[18, 16, 6, 10, 11, 14, 4, 17, 7, 1, 13, 0, 19, 5, 9, 15, 8, 12, 2, 3]",608.0,"[18, 16, 6, 10, 11, 14, 4, 17, 7, 1, 13, 0, 19, 5, 9, 15, 8, 12, 2, 3]",608.0,1.2140226364135742
"[18, 16, 6, 10, 11, 14, 4, 17, 7, 1, 13, 0, 19, 5, 9, 15, 8, 12, 2, 3]",608.0,"[18, 16, 6, 10, 11, 14, 4, 17, 7, 1, 13, 0, 19, 5, 9, 15, 8, 12, 2, 3]",608.0,1.2750229835510254
"[18, 16, 6, 10, 11, 14, 4, 17, 7, 1, 13, 0, 19, 5, 9, 15, 8, 12, 2, 3]",608.0,"[18, 16, 6, 10, 11, 14, 4, 17, 7, 1, 13, 0, 19, 5, 9, 15, 8, 12, 2, 3]",608.0,1.3360238075256348
"[18, 16, 6, 10, 11, 14, 4, 17, 7, 1, 13, 0, 19, 5, 9, 15, 8, 12, 2, 3]",608.0,"[18, 16, 6, 10, 11, 14, 4, 17, 7, 1, 13, 0, 19, 5, 9, 15, 8, 12, 2, 3]",608.0,1.3970251083374023
"[18, 16, 6, 10, 11, 14, 4, 17, 7, 1, 13, 0, 19, 5, 9, 15, 8, 12, 2, 3]",608.0,"[18, 16, 6, 10, 11, 14, 4, 17, 7, 1, 13, 0, 19, 5, 9, 15, 8, 12, 2, 3]",608.0,1.4580261707305908
"[18, 16, 6, 10, 11, 14, 4, 17, 7, 1, 13, 0, 19, 5, 9, 15, 8, 12, 2, 3]",608.0,"[18, 16, 6, 10, 11, 14, 4, 17, 7, 1, 13, 0, 19, 5, 9, 15, 8, 12, 2, 3]",608.0,1.5190269947052002
"[18, 16, 6, 10, 11, 14, 4, 17, 7, 1, 13, 0, 19, 5, 9, 15, 8, 12, 2, 3]",608.0,"[18, 16, 6, 10, 11, 14, 4, 17, 7, 1, 13, 0, 19, 5, 9, 15, 8, 12, 2, 3]",608.0,1.582028865814209
"[18, 16, 6, 10, 11, 14, 4, 17, 7, 1, 13, 0, 19, 5, 9, 15, 8, 12, 2, 3]",608.0,"[18, 16, 6, 10, 11, 14, 4, 17, 7, 1, 13, 0, 19, 5, 9, 15, 8, 12, 2, 3]",608.0,1.6410295963287354
"[18, 16, 6, 10, 11, 14, 4, 17, 7, 1, 13, 0, 19, 5, 9, 15, 8, 12, 2, 3]",608.0,"[18, 16, 6, 10, 11, 14, 4, 17, 7, 1, 13, 0, 19, 5, 9, 15, 8, 12, 2, 3]",608.0,1.7030308246612549
"[18, 16, 6, 10, 11, 14, 4, 17, 7, 1, 13, 0, 19, 5, 9, 15, 8, 12, 2, 3]",608.0,"[18, 16, 6, 10, 11, 14, 4, 17, 7, 1, 13, 0, 19, 5, 9, 15, 8, 12, 2, 3]",608.0,1.7630319595336914
"[18, 16, 6, 10, 11, 14, 4, 17, 7, 1, 13, 0, 19, 5, 9, 15, 8, 12, 2, 3]",608.0,"[18, 16, 6, 10, 11, 14, 4, 17, 7, 1, 13, 0, 19, 5, 9, 15, 8, 12, 2, 3]",608.0,1.8260328769683838
"[18, 16, 6, 10, 11, 14, 4, 17, 7, 1, 13, 0, 19, 5, 9, 15, 8, 12, 2, 3]",608.0,"[18, 16, 6, 10, 11, 14, 4, 17, 7, 1, 13, 0, 19, 5, 9, 15, 8, 12, 2, 3]",608.0,1.8890430927276611
"[18, 16, 6, 10, 11, 14, 4, 17, 7, 1, 13, 0, 19, 5, 9, 15, 8, 12, 2, 3]",608.0,"[18, 16, 6, 10, 11, 14, 4, 17, 7, 1, 13, 0, 19, 5, 9, 15, 8, 12, 2, 3]",608.0,1.9520337581634521
"[16, 18, 6, 10, 11, 14, 4, 17, 7, 1, 13, 0, 19, 5, 9, 15, 8, 12, 2, 3]",605.0,"[16, 18, 6, 10, 11, 14, 4, 17, 7, 1, 13, 0, 19, 5, 9, 15, 8, 12, 2, 3]",605.0,2.014040946960449
"[16, 18, 6, 10, 11, 14, 4, 17, 7, 1, 13, 0, 19, 5, 9, 15, 8, 12, 2, 3]",605.0,"[16, 18, 6, 10, 11, 14, 4, 17, 7, 1, 13, 0, 19, 5, 9, 15, 8, 12, 2, 3]",605.0,2.076037883758545
"[16, 18, 6, 10, 11, 14, 4, 17, 7, 1, 13, 0, 19, 5, 9, 15, 8, 12, 2, 3]",605.0,"[16, 18, 6, 10, 11, 14, 4, 17, 7, 1, 13, 0, 19, 5, 9, 15, 8, 12, 2, 3]",605.0,2.1360390186309814
"[16, 18, 6, 10, 11, 14, 4, 17, 7, 1, 13, 0, 19, 5, 9, 15, 8, 12, 2, 3]",605.0,"[16, 18, 6, 10, 11, 14, 4, 17, 7, 1, 13, 0, 19, 5, 9, 15, 8, 12, 2, 3]",605.0,2.1970388889312744
"[16, 18, 6, 10, 11, 14, 4, 17, 7, 1, 13, 0, 19, 5, 9, 15, 8, 12, 2, 3]",605.0,"[16, 18, 6, 10, 11, 14, 4, 17, 7, 1, 13, 0, 19, 5, 9, 15, 8, 12, 2, 3]",605.0,2.2840425968170166
"[16, 18, 6, 10, 11, 14, 4, 17, 7, 1, 13, 0, 19, 5, 9, 15, 8, 12, 2, 3]",605.0,"[16, 18, 6, 10, 11, 14, 4, 17, 7, 1, 13, 0, 19, 5, 9, 15, 8, 12, 2, 3]",605.0,2.3440425395965576
"[16, 18, 6, 10, 11, 14, 4, 17, 7, 1, 13, 0, 19, 5, 9, 15, 8, 12, 2, 3]",605.0,"[16, 18, 6, 10, 11, 14, 4, 17, 7, 1, 13, 0, 19, 5, 9, 15, 8, 12, 2, 3]",605.0,2.4030425548553467
"[16, 18, 6, 10, 11, 14, 4, 17, 7, 1, 13, 0, 19, 5, 9, 15, 8, 12, 2, 3]",605.0,"[16, 18, 6, 10, 11, 14, 4, 17, 7, 1, 13, 0, 19, 5, 9, 15, 8, 12, 2, 3]",605.0,2.463043212890625
"[16, 18, 6, 10, 11, 14, 4, 17, 7, 1, 13, 0, 19, 5, 9, 15, 8, 12, 2, 3]",605.0,"[16, 18, 6, 10, 11, 14, 4, 17, 7, 1, 13, 0, 19, 5, 9, 15, 8, 12, 2, 3]",605.0,2.523047685623169
"[16, 18, 6, 10, 11, 14, 4, 17, 7, 1, 13, 0, 19, 5, 9, 15, 8, 12, 2, 3]",605.0,"[16, 18, 6, 10, 11, 14, 4, 17, 7, 1, 13, 0, 19, 5, 9, 15, 8, 12, 2, 3]",605.0,2.583047389984131
"[16, 18, 6, 10, 11, 14, 4, 17, 7, 1, 13, 0, 19, 5, 9, 15, 8, 12, 2, 3]",605.0,"[16, 18, 6, 10, 11, 14, 4, 17, 7, 1, 13, 0, 19, 5, 9, 15, 8, 12, 2, 3]",605.0,2.645047664642334
"[16, 18, 6, 10, 11, 14, 4, 17, 7, 1, 13, 0, 19, 5, 9, 15, 8, 12, 2, 3]",605.0,"[16, 18, 6, 10, 11, 14, 4, 17, 7, 1, 13, 0, 19, 5, 9, 15, 8, 12, 2, 3]",605.0,2.7080509662628174
"[16, 18, 6, 10, 11, 14, 4, 17, 7, 1, 13, 0, 19, 5, 9, 15, 8, 12, 2, 3]",605.0,"[16, 18, 6, 10, 11, 14, 4, 17, 7, 1, 13, 0, 19, 5, 9, 15, 8, 12, 2, 3]",605.0,2.7700490951538086
"[16, 18, 6, 10, 11, 14, 4, 17, 7, 1, 13, 0, 19, 5, 9, 15, 8, 12, 2, 3]",605.0,"[16, 18, 6, 10, 11, 14, 4, 17, 7, 1, 13, 0, 19, 5, 9, 15, 8, 12, 2, 3]",605.0,2.832052230834961
"[16, 18, 6, 10, 11, 14, 4, 17, 7, 1, 13, 0, 19, 5, 9, 15, 8, 12, 2, 3]",605.0,"[16, 18, 6, 10, 11, 14, 4, 17, 7, 1, 13, 0, 19, 5, 9, 15, 8, 12, 2, 3]",605.0,2.8910655975341797
"[16, 18, 6, 10, 11, 14, 4, 17, 7, 1, 13, 0, 19, 5, 9, 15, 8, 12, 2, 3]",605.0,"[16, 18, 6, 10, 11, 14, 4, 17, 7, 1, 13, 0, 19, 5, 9, 15, 8, 12, 2, 3]",605.0,2.9520537853240967
"[16, 18, 6, 10, 11, 14, 4, 17, 7, 1, 13, 0, 19, 5, 9, 15, 8, 12, 2, 3]",605.0,"[16, 18, 6, 10, 11, 14, 4, 17, 7, 1, 13, 0, 19, 5, 9, 15, 8, 12, 2, 3]",605.0,3.0160586833953857
"[16, 18, 6, 10, 11, 14, 4, 17, 7, 1, 13, 0, 19, 5, 9, 15, 8, 12, 2, 3]",605.0,"[16, 18, 6, 10, 11, 14, 4, 17, 7, 1, 13, 0, 19, 5, 9, 15, 8, 12, 2, 3]",605.0,3.0810563564300537
"[16, 18, 6, 10, 11, 14, 4, 17, 7, 1, 13, 0, 19, 5, 9, 15, 8, 12, 2, 3]",605.0,"[16, 18, 6, 10, 11, 14, 4, 17, 7, 1, 13, 0, 19, 5, 9, 15, 8, 12, 2, 3]",605.0,3.1420724391937256
"[16, 18, 6, 10, 11, 14, 4, 17, 7, 1, 13, 0, 19, 5, 9, 15, 8, 12, 2, 3]",605.0,"[16, 18, 6, 10, 11, 14, 4, 17, 7, 1, 13, 0, 19, 5, 9, 15, 8, 12, 2, 3]",605.0,3.2040579319000244
"[16, 18, 6, 10, 11, 14, 4, 17, 7, 1, 13, 0, 19, 5, 9, 15, 8, 12, 2, 3]",605.0,"[16, 18, 6, 10, 11, 14, 4, 17, 7, 1, 13, 0, 19, 5, 9, 15, 8, 12, 2, 3]",605.0,3.264059066772461
"[16, 18, 6, 10, 11, 14, 4, 17, 7, 1, 13, 0, 19, 5, 9, 15, 8, 12, 2, 3]",605.0,"[16, 18, 6, 10, 11, 14, 4, 17, 7, 1, 13, 0, 19, 5, 9, 15, 8, 12, 2, 3]",605.0,3.3270602226257324
"[16, 18, 6, 10, 11, 14, 4, 17, 7, 1, 13, 0, 19, 5, 9, 15, 8, 12, 2, 3]",605.0,"[16, 18, 6, 10, 11, 14, 4, 17, 7, 1, 13, 0, 19, 5, 9, 15, 8, 12, 2, 3]",605.0,3.3880615234375
"[16, 18, 6, 10, 11, 14, 4, 17, 7, 1, 13, 0, 19, 5, 9, 15, 8, 12, 2, 3]",605.0,"[16, 18, 6, 10, 11, 14, 4, 17, 7, 1, 13, 0, 19, 5, 9, 15, 8, 12, 2, 3]",605.0,3.4500629901885986
"[16, 18, 6, 10, 11, 14, 4, 17, 7, 1, 13, 0, 19, 5, 9, 15, 8, 12, 2, 3]",605.0,"[16, 18, 6, 10, 11, 14, 4, 17, 7, 1, 13, 0, 19, 5, 9, 15, 8, 12, 2, 3]",605.0,3.510064125061035
"[16, 18, 6, 10, 11, 14, 4, 17, 7, 1, 13, 0, 19, 5, 9, 15, 8, 12, 2, 3]",605.0,"[16, 18, 6, 10, 11, 14, 4, 17, 7, 1, 13, 0, 19, 5, 9, 15, 8, 12, 2, 3]",605.0,3.5710654258728027
"[16, 18, 6, 10, 11, 14, 4, 17, 7, 1, 13, 0, 19, 5, 9, 15, 8, 12, 2, 3]",605.0,"[16, 18, 6, 10, 11, 14, 4, 17, 7, 1, 13, 0, 19, 5, 9, 15, 8, 12, 2, 3]",605.0,3.6330718994140625
"[16, 18, 6, 10, 11, 14, 4, 17, 7, 1, 13, 0, 19, 5, 9, 15, 8, 12, 2, 3]",605.0,"[16, 18, 6, 10, 11, 14, 4, 17, 7, 1, 13, 0, 19, 5, 9, 15, 8, 12, 2, 3]",605.0,3.693067789077759
"[16, 18, 6, 10, 11, 14, 4, 17, 7, 1, 13, 0, 19, 5, 9, 15, 8, 12, 2, 3]",605.0,"[16, 18, 6, 10, 11, 14, 4, 17, 7, 1, 13, 0, 19, 5, 9, 15, 8, 12, 2, 3]",605.0,3.7530696392059326
"[16, 18, 6, 10, 11, 14, 4, 17, 7, 1, 13, 0, 19, 5, 9, 15, 8, 12, 2, 3]",605.0,"[16, 18, 6, 10, 11, 14, 4, 17, 7, 1, 13, 0, 19, 5, 9, 15, 8, 12, 2, 3]",605.0,3.814069986343384
"[16, 18, 6, 10, 11, 14, 4, 17, 7, 1, 13, 0, 19, 5, 9, 15, 8, 12, 2, 3]",605.0,"[16, 18, 6, 10, 11, 14, 4, 17, 7, 1, 13, 0, 19, 5, 9, 15, 8, 12, 2, 3]",605.0,3.8740713596343994
"[16, 18, 6, 10, 11, 14, 4, 17, 7, 1, 13, 0, 19, 5, 9, 15, 8, 12, 2, 3]",605.0,"[16, 18, 6, 10, 11, 14, 4, 17, 7, 1, 13, 0, 19, 5, 9, 15, 8, 12, 2, 3]",605.0,3.93607234954834
"[16, 18, 6, 10, 11, 14, 4, 17, 7, 1, 13, 0, 19, 5, 9, 15, 8, 12, 2, 3]",605.0,"[16, 18, 6, 10, 11, 14, 4, 17, 7, 1, 13, 0, 19, 5, 9, 15, 8, 12, 2, 3]",605.0,4.001072645187378
"[16, 18, 6, 10, 11, 14, 4, 17, 7, 1, 13, 0, 19, 5, 9, 15, 8, 12, 2, 3]",605.0,"[16, 18, 6, 10, 11, 14, 4, 17, 7, 1, 13, 0, 19, 5, 9, 15, 8, 12, 2, 3]",605.0,4.062074184417725
"[16, 18, 6, 10, 11, 14, 4, 17, 7, 1, 13, 0, 19, 5, 9, 15, 8, 12, 2, 3]",605.0,"[16, 18, 6, 10, 11, 14, 4, 17, 7, 1, 13, 0, 19, 5, 9, 15, 8, 12, 2, 3]",605.0,4.123071908950806
"[16, 18, 6, 10, 11, 14, 4, 17, 7, 1, 13, 0, 19, 5, 9, 15, 8, 12, 2, 3]",605.0,"[16, 18, 6, 10, 11, 14, 4, 17, 7, 1, 13, 0, 19, 5, 9, 15, 8, 12, 2, 3]",605.0,4.184077024459839
"[16, 18, 6, 10, 11, 14, 4, 17, 7, 1, 13, 0, 19, 5, 9, 15, 8, 12, 2, 3]",605.0,"[16, 18, 6, 10, 11, 14, 4, 17, 7, 1, 13, 0, 19, 5, 9, 15, 8, 12, 2, 3]",605.0,4.244078874588013
"[16, 18, 6, 10, 11, 14, 4, 17, 7, 1, 13, 0, 19, 5, 9, 15, 8, 12, 2, 3]",605.0,"[16, 18, 6, 10, 11, 14, 4, 17, 7, 1, 13, 0, 19, 5, 9, 15, 8, 12, 2, 3]",605.0,4.305079460144043
"[16, 18, 6, 10, 11, 14, 4, 17, 7, 1, 13, 0, 19, 5, 9, 15, 8, 12, 2, 3]",605.0,"[16, 18, 6, 10, 11, 14, 4, 17, 7, 1, 13, 0, 19, 5, 9, 15, 8, 12, 2, 3]",605.0,4.365080118179321
"[16, 18, 6, 10, 11, 14, 4, 17, 7, 1, 13, 0, 19, 5, 9, 15, 8, 12, 2, 3]",605.0,"[16, 18, 6, 10, 11, 14, 4, 17, 7, 1, 13, 0, 19, 5, 9, 15, 8, 12, 2, 3]",605.0,4.427081108093262
"[16, 18, 6, 10, 11, 14, 4, 17, 7, 1, 13, 0, 19, 5, 9, 15, 8, 12, 2, 3]",605.0,"[16, 18, 6, 10, 11, 14, 4, 17, 7, 1, 13, 0, 19, 5, 9, 15, 8, 12, 2, 3]",605.0,4.488082408905029
"[16, 18, 6, 10, 11, 14, 4, 17, 7, 1, 13, 0, 19, 5, 9, 15, 8, 12, 2, 3]",605.0,"[16, 18, 6, 10, 11, 14, 4, 17, 7, 1, 13, 0, 19, 5, 9, 15, 8, 12, 2, 3]",605.0,4.548081636428833
"[16, 18, 6, 10, 11, 14, 4, 17, 7, 1, 13, 0, 19, 5, 9, 15, 8, 12, 2, 3]",605.0,"[16, 18, 6, 10, 11, 14, 4, 17, 7, 1, 13, 0, 19, 5, 9, 15, 8, 12, 2, 3]",605.0,4.612090349197388
"[16, 18, 6, 10, 11, 14, 4, 17, 7, 1, 13, 0, 19, 5, 9, 15, 8, 12, 2, 3]",605.0,"[16, 18, 6, 10, 11, 14, 4, 17, 7, 1, 13, 0, 19, 5, 9, 15, 8, 12, 2, 3]",605.0,4.673096656799316
"[16, 18, 6, 10, 11, 14, 4, 17, 7, 1, 13, 0, 19, 5, 9, 15, 8, 12, 2, 3]",605.0,"[16, 18, 6, 10, 11, 14, 4, 17, 7, 1, 13, 0, 19, 5, 9, 15, 8, 12, 2, 3]",605.0,4.736111879348755
"[16, 18, 6, 10, 11, 14, 4, 17, 7, 1, 13, 0, 19, 5, 9, 15, 8, 12, 2, 3]",605.0,"[16, 18, 6, 10, 11, 14, 4, 17, 7, 1, 13, 0, 19, 5, 9, 15, 8, 12, 2, 3]",605.0,4.801088094711304
"[16, 18, 6, 10, 11, 14, 4, 17, 7, 1, 13, 0, 19, 5, 9, 15, 8, 12, 2, 3]",605.0,"[16, 18, 6, 10, 11, 14, 4, 17, 7, 1, 13, 0, 19, 5, 9, 15, 8, 12, 2, 3]",605.0,4.862088680267334
"[16, 18, 6, 10, 11, 14, 4, 17, 7, 1, 13, 0, 19, 5, 9, 15, 8, 12, 2, 3]",605.0,"[16, 18, 6, 10, 11, 14, 4, 17, 7, 1, 13, 0, 19, 5, 9, 15, 8, 12, 2, 3]",605.0,4.922089338302612
"[16, 18, 6, 10, 11, 14, 4, 17, 7, 1, 13, 0, 19, 5, 9, 15, 8, 12, 2, 3]",605.0,"[16, 18, 6, 10, 11, 14, 4, 17, 7, 1, 13, 0, 19, 5, 9, 15, 8, 12, 2, 3]",605.0,4.982091665267944
"[16, 18, 6, 10, 11, 14, 4, 17, 7, 1, 13, 0, 19, 5, 9, 15, 8, 12, 2, 3]",605.0,"[16, 18, 6, 10, 11, 14, 4, 17, 7, 1, 13, 0, 19, 5, 9, 15, 8, 12, 2, 3]",605.0,5.044092416763306
"[16, 18, 6, 10, 11, 14, 4, 17, 7, 1, 13, 0, 19, 5, 9, 15, 8, 12, 2, 3]",605.0,"[16, 18, 6, 10, 11, 14, 4, 17, 7, 1, 13, 0, 19, 5, 9, 15, 8, 12, 2, 3]",605.0,5.106093406677246
"[16, 18, 6, 10, 11, 14, 4, 17, 7, 1, 13, 0, 19, 5, 9, 15, 8, 12, 2, 3]",605.0,"[16, 18, 6, 10, 11, 14, 4, 17, 7, 1, 13, 0, 19, 5, 9, 15, 8, 12, 2, 3]",605.0,5.1660943031311035
"[16, 18, 6, 10, 11, 14, 4, 17, 7, 1, 13, 0, 19, 5, 9, 15, 8, 12, 2, 3]",605.0,"[16, 18, 6, 10, 11, 14, 4, 17, 7, 1, 13, 0, 19, 5, 9, 15, 8, 12, 2, 3]",605.0,5.229109048843384
"[16, 18, 6, 10, 11, 14, 4, 17, 7, 1, 13, 0, 19, 5, 9, 15, 8, 12, 2, 3]",605.0,"[16, 18, 6, 10, 11, 14, 4, 17, 7, 1, 13, 0, 19, 5, 9, 15, 8, 12, 2, 3]",605.0,5.286098003387451
"[16, 18, 6, 10, 11, 14, 4, 17, 7, 1, 13, 0, 19, 5, 9, 15, 8, 12, 2, 3]",605.0,"[16, 18, 6, 10, 11, 14, 4, 17, 7, 1, 13, 0, 19, 5, 9, 15, 8, 12, 2, 3]",605.0,5.349098205566406
"[16, 18, 6, 10, 11, 14, 4, 17, 7, 1, 13, 0, 19, 5, 9, 15, 8, 12, 2, 3]",605.0,"[16, 18, 6, 10, 11, 14, 4, 17, 7, 1, 13, 0, 19, 5, 9, 15, 8, 12, 2, 3]",605.0,5.4110987186431885
"[16, 18, 6, 10, 11, 14, 4, 17, 7, 1, 13, 0, 19, 5, 9, 15, 8, 12, 2, 3]",605.0,"[16, 18, 6, 10, 11, 14, 4, 17, 7, 1, 13, 0, 19, 5, 9, 15, 8, 12, 2, 3]",605.0,5.471102952957153
"[16, 18, 6, 10, 11, 14, 4, 17, 7, 1, 13, 0, 19, 5, 9, 15, 8, 12, 2, 3]",605.0,"[16, 18, 6, 10, 11, 14, 4, 17, 7, 1, 13, 0, 19, 5, 9, 15, 8, 12, 2, 3]",605.0,5.531100034713745
"[16, 18, 6, 10, 11, 14, 4, 17, 7, 1, 13, 0, 19, 5, 9, 15, 8, 12, 2, 3]",605.0,"[16, 18, 6, 10, 11, 14, 4, 17, 7, 1, 13, 0, 19, 5, 9, 15, 8, 12, 2, 3]",605.0,5.591104507446289
"[16, 18, 6, 10, 11, 14, 4, 17, 7, 1, 13, 0, 19, 5, 9, 15, 8, 12, 2, 3]",605.0,"[16, 18, 6, 10, 11, 14, 4, 17, 7, 1, 13, 0, 19, 5, 9, 15, 8, 12, 2, 3]",605.0,5.6531007289886475
"[16, 18, 6, 10, 11, 14, 4, 17, 7, 1, 13, 0, 19, 5, 9, 15, 8, 12, 2, 3]",605.0,"[16, 18, 6, 10, 11, 14, 4, 17, 7, 1, 13, 0, 19, 5, 9, 15, 8, 12, 2, 3]",605.0,5.716104507446289
"[16, 18, 6, 10, 11, 14, 4, 17, 7, 1, 13, 0, 19, 5, 9, 15, 8, 12, 2, 3]",605.0,"[16, 18, 6, 10, 11, 14, 4, 17, 7, 1, 13, 0, 19, 5, 9, 15, 8, 12, 2, 3]",605.0,5.777105808258057
"[16, 18, 6, 10, 11, 14, 4, 17, 7, 1, 13, 0, 19, 5, 9, 15, 8, 12, 2, 3]",605.0,"[16, 18, 6, 10, 11, 14, 4, 17, 7, 1, 13, 0, 19, 5, 9, 15, 8, 12, 2, 3]",605.0,5.840105772018433
"[16, 18, 6, 10, 11, 14, 4, 17, 7, 1, 13, 0, 19, 5, 9, 15, 8, 12, 2, 3]",605.0,"[16, 18, 6, 10, 11, 14, 4, 17, 7, 1, 13, 0, 19, 5, 9, 15, 8, 12, 2, 3]",605.0,5.908137083053589
"[16, 18, 6, 10, 11, 14, 4, 17, 7, 1, 13, 0, 19, 5, 3, 15, 8, 12, 2, 9]",590.5,"[16, 18, 6, 10, 11, 14, 4, 17, 7, 1, 13, 0, 19, 5, 3, 15, 8, 12, 2, 9]",590.5,5.97511100769043
"[16, 18, 6, 10, 11, 14, 4, 17, 7, 1, 13, 0, 19, 5, 3, 15, 8, 12, 2, 9]",590.5,"[16, 18, 6, 10, 11, 14, 4, 17, 7, 1, 13, 0, 19, 5, 3, 15, 8, 12, 2, 9]",590.5,6.03911280632019
"[16, 18, 6, 10, 11, 14, 4, 17, 7, 1, 13, 0, 19, 5, 3, 15, 8, 12, 2, 9]",590.5,"[16, 18, 6, 10, 11, 14, 4, 17, 7, 1, 13, 0, 19, 5, 3, 15, 8, 12, 2, 9]",590.5,6.100111722946167
"[16, 18, 6, 10, 11, 14, 4, 17, 7, 1, 13, 0, 19, 5, 3, 15, 8, 12, 2, 9]",590.5,"[16, 18, 6, 10, 11, 14, 4, 17, 7, 1, 13, 0, 19, 5, 3, 15, 8, 12, 2, 9]",590.5,6.161112070083618
"[16, 18, 6, 10, 11, 14, 4, 17, 7, 1, 13, 0, 19, 5, 3, 15, 8, 12, 2, 9]",590.5,"[16, 18, 6, 10, 11, 14, 4, 17, 7, 1, 13, 0, 19, 5, 3, 15, 8, 12, 2, 9]",590.5,6.228147029876709
"[16, 18, 6, 10, 11, 14, 4, 17, 7, 1, 13, 0, 19, 5, 3, 15, 8, 12, 2, 9]",590.5,"[16, 18, 6, 10, 11, 14, 4, 17, 7, 1, 13, 0, 19, 5, 3, 15, 8, 12, 2, 9]",590.5,6.296114921569824
"[16, 18, 6, 10, 11, 14, 4, 17, 7, 1, 13, 0, 19, 5, 3, 15, 8, 12, 2, 9]",590.5,"[16, 18, 6, 10, 11, 14, 4, 17, 7, 1, 13, 0, 19, 5, 3, 15, 8, 12, 2, 9]",590.5,6.388115644454956
"[16, 18, 6, 10, 11, 14, 4, 17, 7, 1, 13, 0, 19, 5, 3, 15, 8, 12, 2, 9]",590.5,"[16, 18, 6, 10, 11, 14, 4, 17, 7, 1, 13, 0, 19, 5, 3, 15, 8, 12, 2, 9]",590.5,6.451116323471069
"[16, 18, 6, 10, 11, 14, 4, 17, 7, 1, 13, 0, 19, 5, 3, 15, 8, 12, 2, 9]",590.5,"[16, 18, 6, 10, 11, 14, 4, 17, 7, 1, 13, 0, 19, 5, 3, 15, 8, 12, 2, 9]",590.5,6.518120288848877
"[16, 18, 6, 10, 11, 14, 4, 17, 7, 1, 13, 0, 19, 5, 3, 15, 8, 12, 2, 9]",590.5,"[16, 18, 6, 10, 11, 14, 4, 17, 7, 1, 13, 0, 19, 5, 3, 15, 8, 12, 2, 9]",590.5,6.585126161575317
"[16, 18, 6, 10, 11, 14, 4, 17, 7, 1, 13, 0, 19, 5, 3, 15, 8, 12, 2, 9]",590.5,"[16, 18, 6, 10, 11, 14, 4, 17, 7, 1, 13, 0, 19, 5, 3, 15, 8, 12, 2, 9]",590.5,6.647134780883789
"[16, 18, 6, 10, 11, 14, 4, 17, 7, 1, 13, 0, 19, 5, 3, 15, 8, 12, 2, 9]",590.5,"[16, 18, 6, 10, 11, 14, 4, 17, 7, 1, 13, 0, 19, 5, 3, 15, 8, 12, 2, 9]",590.5,6.711123466491699
"[16, 18, 6, 10, 11, 14, 4, 17, 7, 1, 13, 0, 19, 5, 3, 15, 8, 12, 2, 9]",590.5,"[16, 18, 6, 10, 11, 14, 4, 17, 7, 1, 13, 0, 19, 5, 3, 15, 8, 12, 2, 9]",590.5,6.776123762130737
"[16, 18, 6, 10, 11, 14, 4, 17, 7, 1, 13, 0, 19, 5, 3, 15, 8, 12, 2, 9]",590.5,"[16, 18, 6, 10, 11, 14, 4, 17, 7, 1, 13, 0, 19, 5, 3, 15, 8, 12, 2, 9]",590.5,6.843121290206909
"[16, 18, 6, 10, 11, 14, 4, 17, 7, 1, 13, 0, 19, 5, 3, 15, 8, 12, 2, 9]",590.5,"[16, 18, 6, 10, 11, 14, 4, 17, 7, 1, 13, 0, 19, 5, 3, 15, 8, 12, 2, 9]",590.5,6.907124280929565
"[16, 18, 6, 10, 11, 14, 4, 17, 7, 1, 13, 0, 19, 5, 3, 15, 8, 12, 2, 9]",590.5,"[16, 18, 6, 10, 11, 14, 4, 17, 7, 1, 13, 0, 19, 5, 3, 15, 8, 12, 2, 9]",590.5,6.972133159637451
"[16, 18, 6, 10, 11, 14, 4, 17, 7, 1, 13, 0, 19, 5, 3, 15, 8, 12, 2, 9]",590.5,"[16, 18, 6, 10, 11, 14, 4, 17, 7, 1, 13, 0, 19, 5, 3, 15, 8, 12, 2, 9]",590.5,7.037131071090698
"[16, 18, 6, 10, 11, 14, 4, 17, 7, 1, 13, 0, 19, 5, 3, 15, 8, 12, 2, 9]",590.5,"[16, 18, 6, 10, 11, 14, 4, 17, 7, 1, 13, 0, 19, 5, 3, 15, 8, 12, 2, 9]",590.5,7.101130247116089
"[16, 18, 6, 10, 11, 14, 4, 17, 7, 1, 13, 0, 19, 5, 3, 15, 8, 12, 2, 9]",590.5,"[16, 18, 6, 10, 11, 14, 4, 17, 7, 1, 13, 0, 19, 5, 3, 15, 8, 12, 2, 9]",590.5,7.166130781173706
"[16, 18, 6, 10, 11, 14, 4, 17, 7, 1, 13, 0, 19, 5, 3, 15, 8, 12, 2, 9]",590.5,"[16, 18, 6, 10, 11, 14, 4, 17, 7, 1, 13, 0, 19, 5, 3, 15, 8, 12, 2, 9]",590.5,7.237131834030151
"[16, 18, 6, 10, 11, 14, 4, 17, 7, 1, 13, 0, 19, 5, 3, 15, 8, 12, 2, 9]",590.5,"[16, 18, 6, 10, 11, 14, 4, 17, 7, 1, 13, 0, 19, 5, 3, 15, 8, 12, 2, 9]",590.5,7.299132347106934
"[16, 18, 6, 10, 11, 14, 4, 17, 7, 1, 13, 0, 19, 5, 3, 15, 8, 12, 2, 9]",590.5,"[16, 18, 6, 10, 11, 14, 4, 17, 7, 1, 13, 0, 19, 5, 3, 15, 8, 12, 2, 9]",590.5,7.364134073257446
"[16, 18, 6, 10, 11, 14, 4, 17, 7, 1, 13, 0, 19, 5, 3, 15, 8, 12, 2, 9]",590.5,"[16, 18, 6, 10, 11, 14, 4, 17, 7, 1, 13, 0, 19, 5, 3, 15, 8, 12, 2, 9]",590.5,7.429134845733643
"[16, 18, 6, 10, 11, 14, 4, 17, 7, 1, 13, 0, 19, 5, 3, 15, 8, 12, 2, 9]",590.5,"[16, 18, 6, 10, 11, 14, 4, 17, 7, 1, 13, 0, 19, 5, 3, 15, 8, 12, 2, 9]",590.5,7.493136167526245
"[16, 18, 6, 10, 11, 14, 4, 17, 7, 1, 13, 0, 19, 5, 3, 15, 8, 12, 2, 9]",590.5,"[16, 18, 6, 10, 11, 14, 4, 17, 7, 1, 13, 0, 19, 5, 3, 15, 8, 12, 2, 9]",590.5,7.5581374168396
"[16, 18, 6, 10, 11, 14, 4, 17, 7, 1, 13, 0, 19, 5, 3, 15, 8, 12, 2, 9]",590.5,"[16, 18, 6, 10, 11, 14, 4, 17, 7, 1, 13, 0, 19, 5, 3, 15, 8, 12, 2, 9]",590.5,7.623138904571533
"[16, 18, 6, 10, 11, 14, 4, 17, 7, 1, 13, 0, 19, 5, 3, 15, 8, 12, 2, 9]",590.5,"[16, 18, 6, 10, 11, 14, 4, 17, 7, 1, 13, 0, 19, 5, 3, 15, 8, 12, 2, 9]",590.5,7.68714451789856
"[16, 18, 6, 10, 11, 14, 4, 17, 7, 1, 13, 0, 19, 5, 3, 15, 8, 12, 2, 9]",590.5,"[16, 18, 6, 10, 11, 14, 4, 17, 7, 1, 13, 0, 19, 5, 3, 15, 8, 12, 2, 9]",590.5,7.751139879226685
"[16, 18, 6, 10, 11, 14, 4, 17, 7, 1, 13, 0, 19, 5, 3, 15, 8, 12, 2, 9]",590.5,"[16, 18, 6, 10, 11, 14, 4, 17, 7, 1, 13, 0, 19, 5, 3, 15, 8, 12, 2, 9]",590.5,7.818144083023071
"[16, 18, 6, 10, 11, 14, 4, 17, 7, 1, 13, 0, 19, 5, 3, 15, 8, 12, 2, 9]",590.5,"[16, 18, 6, 10, 11, 14, 4, 17, 7, 1, 13, 0, 19, 5, 3, 15, 8, 12, 2, 9]",590.5,7.882179260253906
"[16, 18, 6, 10, 11, 14, 4, 17, 7, 1, 13, 0, 19, 5, 3, 15, 8, 12, 2, 9]",590.5,"[16, 18, 6, 10, 11, 14, 4, 17, 7, 1, 13, 0, 19, 5, 3, 15, 8, 12, 2, 9]",590.5,7.946155071258545
"[16, 18, 6, 10, 11, 14, 4, 17, 7, 1, 13, 0, 19, 5, 3, 15, 8, 12, 2, 9]",590.5,"[16, 18, 6, 10, 11, 14, 4, 17, 7, 1, 13, 0, 19, 5, 3, 15, 8, 12, 2, 9]",590.5,8.011147260665894
"[16, 18, 6, 10, 11, 14, 4, 17, 7, 1, 13, 0, 19, 5, 3, 15, 8, 12, 2, 9]",590.5,"[16, 18, 6, 10, 11, 14, 4, 17, 7, 1, 13, 0, 19, 5, 3, 15, 8, 12, 2, 9]",590.5,8.07515549659729
"[16, 18, 6, 10, 11, 14, 4, 17, 7, 1, 13, 0, 19, 5, 3, 15, 8, 12, 2, 9]",590.5,"[16, 18, 6, 10, 11, 14, 4, 17, 7, 1, 13, 0, 19, 5, 3, 15, 8, 12, 2, 9]",590.5,8.143149852752686
"[16, 18, 6, 10, 11, 14, 4, 17, 7, 1, 13, 0, 19, 5, 3, 15, 8, 12, 2, 9]",590.5,"[16, 18, 6, 10, 11, 14, 4, 17, 7, 1, 13, 0, 19, 5, 3, 15, 8, 12, 2, 9]",590.5,8.206150770187378
"[16, 18, 6, 10, 11, 14, 4, 17, 7, 1, 13, 0, 19, 5, 3, 15, 8, 12, 2, 9]",590.5,"[16, 18, 6, 10, 11, 14, 4, 17, 7, 1, 13, 0, 19, 5, 3, 15, 8, 12, 2, 9]",590.5,8.2691490650177
"[16, 18, 6, 10, 11, 14, 4, 17, 7, 1, 13, 0, 19, 5, 3, 15, 8, 12, 2, 9]",590.5,"[16, 18, 6, 10, 11, 14, 4, 17, 7, 1, 13, 0, 19, 5, 3, 15, 8, 12, 2, 9]",590.5,8.334149837493896
"[16, 18, 6, 10, 11, 14, 4, 17, 7, 1, 13, 0, 19, 5, 3, 15, 8, 12, 2, 9]",590.5,"[16, 18, 6, 10, 11, 14, 4, 17, 7, 1, 13, 0, 19, 5, 3, 15, 8, 12, 2, 9]",590.5,8.397156238555908
"[16, 18, 6, 10, 11, 14, 4, 17, 7, 1, 13, 0, 19, 5, 3, 15, 8, 12, 2, 9]",590.5,"[16, 18, 6, 10, 11, 14, 4, 17, 7, 1, 13, 0, 19, 5, 3, 15, 8, 12, 2, 9]",590.5,8.46115255355835
"[16, 18, 6, 10, 11, 14, 4, 17, 7, 1, 13, 0, 19, 5, 3, 15, 8, 12, 2, 9]",590.5,"[16, 18, 6, 10, 11, 14, 4, 17, 7, 1, 13, 0, 19, 5, 3, 15, 8, 12, 2, 9]",590.5,8.529154539108276
"[16, 18, 6, 10, 11, 14, 4, 17, 7, 1, 13, 0, 19, 5, 3, 15, 8, 12, 2, 9]",590.5,"[16, 18, 6, 10, 11, 14, 4, 17, 7, 1, 13, 0, 19, 5, 3, 15, 8, 12, 2, 9]",590.5,8.592155933380127
"[16, 18, 6, 10, 11, 14, 4, 17, 7, 1, 13, 0, 19, 5, 3, 15, 8, 12, 2, 9]",590.5,"[16, 18, 6, 10, 11, 14, 4, 17, 7, 1, 13, 0, 19, 5, 3, 15, 8, 12, 2, 9]",590.5,8.65715765953064
"[16, 18, 6, 10, 11, 14, 4, 17, 7, 1, 13, 0, 19, 5, 3, 15, 8, 12, 2, 9]",590.5,"[16, 18, 6, 10, 11, 14, 4, 17, 7, 1, 13, 0, 19, 5, 3, 15, 8, 12, 2, 9]",590.5,8.723158597946167
"[16, 18, 6, 10, 11, 14, 4, 17, 7, 1, 13, 0, 19, 5, 3, 15, 8, 12, 2, 9]",590.5,"[16, 18, 6, 10, 11, 14, 4, 17, 7, 1, 13, 0, 19, 5, 3, 15, 8, 12, 2, 9]",590.5,8.78816032409668
"[16, 18, 6, 10, 11, 14, 4, 17, 7, 1, 13, 0, 19, 5, 3, 15, 8, 12, 2, 9]",590.5,"[16, 18, 6, 10, 11, 14, 4, 17, 7, 1, 13, 0, 19, 5, 3, 15, 8, 12, 2, 9]",590.5,8.851163864135742
"[16, 18, 6, 10, 11, 14, 4, 17, 7, 1, 13, 0, 19, 5, 3, 15, 8, 12, 2, 9]",590.5,"[16, 18, 6, 10, 11, 14, 4, 17, 7, 1, 13, 0, 19, 5, 3, 15, 8, 12, 2, 9]",590.5,8.917163133621216
"[16, 18, 6, 10, 11, 14, 4, 17, 7, 1, 13, 0, 19, 5, 3, 15, 8, 12, 2, 9]",590.5,"[16, 18, 6, 10, 11, 14, 4, 17, 7, 1, 13, 0, 19, 5, 3, 15, 8, 12, 2, 9]",590.5,8.984162330627441
"[16, 18, 6, 10, 11, 14, 4, 17, 7, 1, 13, 0, 19, 5, 3, 15, 8, 12, 2, 9]",590.5,"[16, 18, 6, 10, 11, 14, 4, 17, 7, 1, 13, 0, 19, 5, 3, 15, 8, 12, 2, 9]",590.5,9.050165176391602
"[16, 18, 6, 10, 11, 14, 4, 17, 7, 1, 13, 0, 19, 5, 3, 15, 8, 12, 2, 9]",590.5,"[16, 18, 6, 10, 11, 14, 4, 17, 7, 1, 13, 0, 19, 5, 3, 15, 8, 12, 2, 9]",590.5,9.115166187286377
"[16, 18, 6, 10, 11, 14, 4, 17, 7, 1, 13, 0, 19, 5, 3, 15, 8, 12, 2, 9]",590.5,"[16, 18, 6, 10, 11, 14, 4, 17, 7, 1, 13, 0, 19, 5, 3, 15, 8, 12, 2, 9]",590.5,9.180167436599731
"[16, 18, 6, 10, 11, 14, 4, 17, 7, 1, 13, 0, 19, 5, 3, 15, 8, 12, 2, 9]",590.5,"[16, 18, 6, 10, 11, 14, 4, 17, 7, 1, 13, 0, 19, 5, 3, 15, 8, 12, 2, 9]",590.5,9.245211362838745
"[16, 18, 6, 10, 11, 14, 4, 17, 7, 1, 13, 0, 19, 5, 3, 15, 8, 12, 2, 9]",590.5,"[16, 18, 6, 10, 11, 14, 4, 17, 7, 1, 13, 0, 19, 5, 3, 15, 8, 12, 2, 9]",590.5,9.309169054031372
"[16, 18, 6, 10, 11, 14, 4, 17, 7, 1, 13, 0, 19, 5, 3, 15, 8, 12, 2, 9]",590.5,"[16, 18, 6, 10, 11, 14, 4, 17, 7, 1, 13, 0, 19, 5, 3, 15, 8, 12, 2, 9]",590.5,9.373192310333252
"[16, 18, 6, 10, 11, 14, 4, 17, 7, 1, 13, 0, 19, 5, 3, 15, 8, 12, 2, 9]",590.5,"[16, 18, 6, 10, 11, 14, 4, 17, 7, 1, 13, 0, 19, 5, 3, 15, 8, 12, 2, 9]",590.5,9.439171314239502
"[16, 18, 6, 10, 11, 14, 4, 17, 7, 1, 13, 0, 19, 5, 3, 15, 8, 12, 2, 9]",590.5,"[16, 18, 6, 10, 11, 14, 4, 17, 7, 1, 13, 0, 19, 5, 3, 15, 8, 12, 2, 9]",590.5,9.500173091888428
"[16, 18, 6, 10, 11, 14, 4, 17, 7, 1, 13, 0, 19, 5, 3, 15, 8, 12, 2, 9]",590.5,"[16, 18, 6, 10, 11, 14, 4, 17, 7, 1, 13, 0, 19, 5, 3, 15, 8, 12, 2, 9]",590.5,9.565174102783203
"[16, 18, 6, 10, 11, 14, 4, 17, 7, 1, 13, 0, 19, 5, 3, 15, 8, 12, 2, 9]",590.5,"[16, 18, 6, 10, 11, 14, 4, 17, 7, 1, 13, 0, 19, 5, 3, 15, 8, 12, 2, 9]",590.5,9.634175777435303
"[16, 18, 6, 10, 11, 14, 4, 17, 7, 1, 13, 0, 19, 5, 3, 15, 8, 12, 2, 9]",590.5,"[16, 18, 6, 10, 11, 14, 4, 17, 7, 1, 13, 0, 19, 5, 3, 15, 8, 12, 2, 9]",590.5,9.699174642562866
"[16, 18, 6, 10, 11, 14, 4, 17, 7, 1, 13, 0, 19, 5, 3, 15, 8, 12, 2, 9]",590.5,"[16, 18, 6, 10, 11, 14, 4, 17, 7, 1, 13, 0, 19, 5, 3, 15, 8, 12, 2, 9]",590.5,9.764204025268555
"[16, 18, 6, 10, 11, 14, 4, 17, 7, 1, 13, 0, 19, 5, 3, 15, 8, 12, 2, 9]",590.5,"[16, 18, 6, 10, 11, 14, 4, 17, 7, 1, 13, 0, 19, 5, 3, 15, 8, 12, 2, 9]",590.5,9.83017897605896
"[16, 18, 6, 10, 11, 14, 4, 17, 7, 1, 13, 0, 19, 5, 3, 15, 8, 12, 2, 9]",590.5,"[16, 18, 6, 10, 11, 14, 4, 17, 7, 1, 13, 0, 19, 5, 3, 15, 8, 12, 2, 9]",590.5,9.897180318832397
"[16, 18, 6, 10, 11, 14, 4, 17, 7, 1, 13, 0, 19, 5, 3, 15, 8, 12, 2, 9]",590.5,"[16, 18, 6, 10, 11, 14, 4, 17, 7, 1, 13, 0, 19, 5, 3, 15, 8, 12, 2, 9]",590.5,9.962181091308594
"[16, 18, 6, 10, 11, 14, 4, 17, 7, 1, 13, 0, 19, 5, 3, 15, 8, 12, 2, 9]",590.5,"[16, 18, 6, 10, 11, 14, 4, 17, 7, 1, 13, 0, 19, 5, 3, 15, 8, 12, 2, 9]",590.5,10.028184652328491
"[16, 18, 6, 10, 11, 14, 4, 17, 7, 1, 13, 0, 19, 5, 3, 15, 8, 12, 2, 9]",590.5,"[16, 18, 6, 10, 11, 14, 4, 17, 7, 1, 13, 0, 19, 5, 3, 15, 8, 12, 2, 9]",590.5,10.09419059753418
"[16, 18, 6, 10, 11, 14, 4, 17, 7, 1, 13, 0, 19, 5, 3, 15, 8, 12, 2, 9]",590.5,"[16, 18, 6, 10, 11, 14, 4, 17, 7, 1, 13, 0, 19, 5, 3, 15, 8, 12, 2, 9]",590.5,10.154186964035034
"[16, 18, 6, 10, 11, 14, 4, 17, 7, 1, 13, 0, 19, 5, 3, 15, 8, 12, 2, 9]",590.5,"[16, 18, 6, 10, 11, 14, 4, 17, 7, 1, 13, 0, 19, 5, 3, 15, 8, 12, 2, 9]",590.5,10.22118616104126
"[16, 18, 6, 10, 11, 14, 4, 17, 7, 1, 13, 0, 19, 5, 3, 15, 8, 12, 2, 9]",590.5,"[16, 18, 6, 10, 11, 14, 4, 17, 7, 1, 13, 0, 19, 5, 3, 15, 8, 12, 2, 9]",590.5,10.286187648773193
"[16, 18, 6, 10, 11, 14, 4, 17, 7, 1, 13, 0, 19, 5, 3, 15, 8, 12, 2, 9]",590.5,"[16, 18, 6, 10, 11, 14, 4, 17, 7, 1, 13, 0, 19, 5, 3, 15, 8, 12, 2, 9]",590.5,10.352189064025879
"[16, 18, 6, 10, 11, 14, 4, 17, 7, 1, 13, 0, 19, 5, 3, 15, 8, 12, 2, 9]",590.5,"[16, 18, 6, 10, 11, 14, 4, 17, 7, 1, 13, 0, 19, 5, 3, 15, 8, 12, 2, 9]",590.5,10.418187618255615
"[16, 18, 6, 10, 11, 14, 4, 17, 7, 1, 13, 0, 19, 5, 3, 15, 8, 12, 2, 9]",590.5,"[16, 18, 6, 10, 11, 14, 4, 17, 7, 1, 13, 0, 19, 5, 3, 15, 8, 12, 2, 9]",590.5,10.482192516326904
"[16, 18, 6, 10, 11, 14, 4, 17, 7, 1, 13, 0, 19, 5, 3, 15, 8, 12, 2, 9]",590.5,"[16, 18, 6, 10, 11, 14, 4, 17, 7, 1, 13, 0, 19, 5, 3, 15, 8, 12, 2, 9]",590.5,10.547190427780151
"[16, 18, 6, 10, 11, 14, 4, 17, 7, 1, 13, 0, 19, 5, 3, 15, 8, 12, 2, 9]",590.5,"[16, 18, 6, 10, 11, 14, 4, 17, 7, 1, 13, 0, 19, 5, 3, 15, 8, 12, 2, 9]",590.5,10.610190868377686
"[16, 18, 6, 10, 11, 14, 4, 17, 7, 1, 13, 0, 19, 5, 3, 15, 8, 12, 2, 9]",590.5,"[16, 18, 6, 10, 11, 14, 4, 17, 7, 1, 13, 0, 19, 5, 3, 15, 8, 12, 2, 9]",590.5,10.675194263458252
"[16, 18, 6, 10, 11, 14, 4, 17, 7, 1, 13, 0, 19, 5, 3, 15, 8, 12, 2, 9]",590.5,"[16, 18, 6, 10, 11, 14, 4, 17, 7, 1, 13, 0, 19, 5, 3, 15, 8, 12, 2, 9]",590.5,10.74119520187378
"[16, 18, 6, 10, 11, 14, 4, 17, 7, 1, 13, 0, 19, 5, 3, 15, 8, 12, 2, 9]",590.5,"[16, 18, 6, 10, 11, 14, 4, 17, 7, 1, 13, 0, 19, 5, 3, 15, 8, 12, 2, 9]",590.5,10.80419635772705
"[16, 18, 6, 10, 11, 14, 4, 17, 7, 1, 13, 0, 19, 5, 3, 15, 8, 12, 2, 9]",590.5,"[16, 18, 6, 10, 11, 14, 4, 17, 7, 1, 13, 0, 19, 5, 3, 15, 8, 12, 2, 9]",590.5,10.870194911956787
"[16, 18, 6, 10, 11, 14, 4, 17, 7, 1, 13, 0, 19, 5, 3, 15, 8, 12, 2, 9]",590.5,"[16, 18, 6, 10, 11, 14, 4, 17, 7, 1, 13, 0, 19, 5, 3, 15, 8, 12, 2, 9]",590.5,10.935201644897461
"[16, 18, 6, 10, 11, 14, 4, 17, 7, 1, 13, 0, 19, 5, 3, 15, 8, 12, 2, 9]",590.5,"[16, 18, 6, 10, 11, 14, 4, 17, 7, 1, 13, 0, 19, 5, 3, 15, 8, 12, 2, 9]",590.5,10.999202013015747
"[16, 18, 6, 10, 11, 14, 4, 17, 7, 1, 13, 0, 19, 5, 3, 15, 8, 12, 2, 9]",590.5,"[16, 18, 6, 10, 11, 14, 4, 17, 7, 1, 13, 0, 19, 5, 3, 15, 8, 12, 2, 9]",590.5,11.092203378677368
"[16, 18, 6, 10, 11, 14, 4, 17, 7, 1, 13, 0, 19, 5, 3, 15, 8, 12, 2, 9]",590.5,"[16, 18, 6, 10, 11, 14, 4, 17, 7, 1, 13, 0, 19, 5, 3, 15, 8, 12, 2, 9]",590.5,11.158199787139893
"[16, 18, 6, 10, 11, 14, 4, 17, 7, 1, 13, 0, 19, 5, 3, 15, 8, 12, 2, 9]",590.5,"[16, 18, 6, 10, 11, 14, 4, 17, 7, 1, 13, 0, 19, 5, 3, 15, 8, 12, 2, 9]",590.5,11.224204778671265
"[16, 18, 6, 10, 11, 14, 4, 17, 7, 1, 13, 0, 19, 5, 3, 15, 8, 12, 2, 9]",590.5,"[16, 18, 6, 10, 11, 14, 4, 17, 7, 1, 13, 0, 19, 5, 3, 15, 8, 12, 2, 9]",590.5,11.287205934524536
"[16, 18, 6, 10, 11, 14, 4, 17, 7, 1, 13, 0, 19, 5, 3, 15, 8, 12, 2, 9]",590.5,"[16, 18, 6, 10, 11, 14, 4, 17, 7, 1, 13, 0, 19, 5, 3, 15, 8, 12, 2, 9]",590.5,11.35120701789856
"[16, 18, 6, 10, 11, 14, 4, 17, 7, 1, 13, 0, 19, 5, 3, 15, 8, 12, 2, 9]",590.5,"[16, 18, 6, 10, 11, 14, 4, 17, 7, 1, 13, 0, 19, 5, 3, 15, 8, 12, 2, 9]",590.5,11.417207956314087
"[16, 18, 6, 10, 11, 14, 4, 17, 7, 1, 13, 0, 19, 5, 3, 15, 8, 12, 2, 9]",590.5,"[16, 18, 6, 10, 11, 14, 4, 17, 7, 1, 13, 0, 19, 5, 3, 15, 8, 12, 2, 9]",590.5,11.482208967208862
"[16, 18, 6, 10, 11, 14, 4, 17, 7, 1, 13, 0, 19, 5, 3, 15, 8, 12, 2, 9]",590.5,"[16, 18, 6, 10, 11, 14, 4, 17, 7, 1, 13, 0, 19, 5, 3, 15, 8, 12, 2, 9]",590.5,11.54825758934021
"[16, 18, 6, 10, 11, 14, 4, 17, 7, 1, 13, 0, 19, 5, 3, 15, 8, 12, 2, 9]",590.5,"[16, 18, 6, 10, 11, 14, 4, 17, 7, 1, 13, 0, 19, 5, 3, 15, 8, 12, 2, 9]",590.5,11.6122145652771
"[16, 18, 6, 10, 11, 14, 4, 17, 7, 1, 13, 0, 19, 5, 3, 15, 8, 12, 2, 9]",590.5,"[16, 18, 6, 10, 11, 14, 4, 17, 7, 1, 13, 0, 19, 5, 3, 15, 8, 12, 2, 9]",590.5,11.676214218139648
"[16, 18, 6, 10, 11, 14, 4, 17, 7, 1, 13, 0, 19, 5, 3, 15, 8, 12, 2, 9]",590.5,"[16, 18, 6, 10, 11, 14, 4, 17, 7, 1, 13, 0, 19, 5, 3, 15, 8, 12, 2, 9]",590.5,11.746214151382446
"[16, 18, 8, 10, 11, 14, 4, 17, 7, 1, 13, 0, 19, 5, 3, 15, 6, 12, 2, 9]",589.0,"[16, 18, 8, 10, 11, 14, 4, 17, 7, 1, 13, 0, 19, 5, 3, 15, 6, 12, 2, 9]",589.0,11.813215017318726
"[16, 18, 8, 10, 11, 14, 4, 17, 7, 1, 13, 0, 19, 5, 3, 15, 6, 12, 2, 9]",589.0,"[16, 18, 8, 10, 11, 14, 4, 17, 7, 1, 13, 0, 19, 5, 3, 15, 6, 12, 2, 9]",589.0,11.881216526031494
"[16, 18, 8, 10, 11, 14, 4, 17, 7, 1, 13, 0, 19, 5, 3, 15, 6, 12, 2, 9]",589.0,"[16, 18, 8, 10, 11, 14, 4, 17, 7, 1, 13, 0, 19, 5, 3, 15, 6, 12, 2, 9]",589.0,11.947217226028442
"[16, 18, 8, 10, 11, 14, 4, 17, 7, 1, 13, 0, 19, 5, 3, 15, 6, 12, 2, 9]",589.0,"[16, 18, 8, 10, 11, 14, 4, 17, 7, 1, 13, 0, 19, 5, 3, 15, 6, 12, 2, 9]",589.0,12.014218807220459
"[16, 18, 8, 10, 11, 14, 4, 17, 7, 1, 13, 0, 19, 5, 3, 15, 6, 12, 2, 9]",589.0,"[16, 18, 8, 10, 11, 14, 4, 17, 7, 1, 13, 0, 19, 5, 3, 15, 6, 12, 2, 9]",589.0,12.080219984054565
"[16, 18, 8, 10, 11, 14, 4, 17, 7, 1, 13, 0, 19, 5, 3, 15, 6, 12, 2, 9]",589.0,"[16, 18, 8, 10, 11, 14, 4, 17, 7, 1, 13, 0, 19, 5, 3, 15, 6, 12, 2, 9]",589.0,12.146221160888672
"[16, 18, 8, 10, 11, 14, 4, 17, 7, 1, 13, 0, 19, 5, 3, 15, 6, 12, 2, 9]",589.0,"[16, 18, 8, 10, 11, 14, 4, 17, 7, 1, 13, 0, 19, 5, 3, 15, 6, 12, 2, 9]",589.0,12.213222026824951
"[16, 18, 8, 10, 11, 14, 4, 17, 7, 1, 13, 0, 19, 5, 3, 15, 6, 12, 2, 9]",589.0,"[16, 18, 8, 10, 11, 14, 4, 17, 7, 1, 13, 0, 19, 5, 3, 15, 6, 12, 2, 9]",589.0,12.280223846435547
"[16, 18, 8, 10, 11, 14, 4, 17, 7, 1, 13, 0, 19, 5, 3, 15, 6, 12, 2, 9]",589.0,"[16, 18, 8, 10, 11, 14, 4, 17, 7, 1, 13, 0, 19, 5, 3, 15, 6, 12, 2, 9]",589.0,12.347224712371826
"[16, 18, 8, 10, 11, 14, 4, 17, 7, 1, 13, 0, 19, 5, 3, 15, 6, 12, 2, 9]",589.0,"[16, 18, 8, 10, 11, 14, 4, 17, 7, 1, 13, 0, 19, 5, 3, 15, 6, 12, 2, 9]",589.0,12.414226055145264
"[16, 18, 8, 10, 11, 14, 4, 17, 7, 1, 13, 0, 19, 5, 3, 15, 6, 12, 2, 9]",589.0,"[16, 18, 8, 10, 11, 14, 4, 17, 7, 1, 13, 0, 19, 5, 3, 15, 6, 12, 2, 9]",589.0,12.481227397918701
"[16, 18, 8, 10, 11, 14, 4, 17, 7, 1, 13, 0, 19, 5, 3, 15, 6, 12, 2, 9]",589.0,"[16, 18, 8, 10, 11, 14, 4, 17, 7, 1, 13, 0, 19, 5, 3, 15, 6, 12, 2, 9]",589.0,12.547228813171387
"[16, 18, 8, 10, 11, 14, 4, 17, 7, 1, 13, 0, 19, 5, 3, 15, 6, 12, 2, 9]",589.0,"[16, 18, 8, 10, 11, 14, 4, 17, 7, 1, 13, 0, 19, 5, 3, 15, 6, 12, 2, 9]",589.0,12.613229274749756
"[16, 18, 8, 10, 11, 14, 4, 17, 7, 1, 13, 0, 19, 5, 3, 15, 6, 12, 2, 9]",589.0,"[16, 18, 8, 10, 11, 14, 4, 17, 7, 1, 13, 0, 19, 5, 3, 15, 6, 12, 2, 9]",589.0,12.681230783462524
"[16, 18, 8, 10, 11, 14, 4, 17, 7, 1, 13, 0, 19, 5, 3, 15, 6, 12, 2, 9]",589.0,"[16, 18, 8, 10, 11, 14, 4, 17, 7, 1, 13, 0, 19, 5, 3, 15, 6, 12, 2, 9]",589.0,12.749231815338135
"[16, 18, 8, 10, 11, 14, 4, 17, 7, 1, 13, 0, 19, 5, 3, 15, 6, 12, 2, 9]",589.0,"[16, 18, 8, 10, 11, 14, 4, 17, 7, 1, 13, 0, 19, 5, 3, 15, 6, 12, 2, 9]",589.0,12.816233158111572
