Sequence,Fitness,Best_sequence,Best_fitness,Time
"[12, 4, 18, 0, 9, 5, 3, 10, 1, 17, 7, 16, 14, 2, 11, 6, 19, 13, 15, 8]",779.5,"[12, 4, 18, 0, 9, 5, 3, 10, 1, 17, 7, 16, 14, 2, 11, 6, 19, 13, 15, 8]",779.5,0.0
"[12, 4, 18, 0, 9, 5, 3, 10, 1, 17, 7, 16, 14, 2, 11, 6, 19, 13, 15, 8]",779.5,"[12, 4, 18, 0, 9, 5, 3, 10, 1, 17, 7, 16, 14, 2, 11, 6, 19, 13, 15, 8]",779.5,0.06000089645385742
"[12, 4, 18, 0, 9, 5, 3, 10, 1, 17, 7, 16, 14, 2, 11, 6, 19, 13, 15, 8]",779.5,"[12, 4, 18, 0, 9, 5, 3, 10, 1, 17, 7, 16, 14, 2, 11, 6, 19, 13, 15, 8]",779.5,0.12200355529785156
"[12, 4, 18, 0, 9, 5, 3, 10, 1, 17, 7, 16, 14, 2, 11, 6, 19, 13, 15, 8]",779.5,"[12, 4, 18, 0, 9, 5, 3, 10, 1, 17, 7, 16, 14, 2, 11, 6, 19, 13, 15, 8]",779.5,0.18354487419128418
"[12, 4, 18, 0, 7, 5, 3, 10, 1, 17, 9, 16, 14, 2, 11, 6, 19, 13, 15, 8]",777.0,"[12, 4, 18, 0, 7, 5, 3, 10, 1, 17, 9, 16, 14, 2, 11, 6, 19, 13, 15, 8]",777.0,0.27454400062561035
"[12, 4, 18, 0, 7, 5, 3, 10, 1, 17, 9, 16, 14, 2, 11, 6, 19, 13, 15, 8]",777.0,"[12, 4, 18, 0, 7, 5, 3, 10, 1, 17, 9, 16, 14, 2, 11, 6, 19, 13, 15, 8]",777.0,0.3425788879394531
"[12, 4, 18, 0, 7, 5, 3, 10, 1, 17, 9, 16, 14, 2, 11, 6, 19, 13, 15, 8]",777.0,"[12, 4, 18, 0, 7, 5, 3, 10, 1, 17, 9, 16, 14, 2, 11, 6, 19, 13, 15, 8]",777.0,0.4095430374145508
"[12, 9, 18, 0, 7, 5, 3, 10, 1, 17, 4, 16, 14, 2, 11, 6, 19, 13, 15, 8]",773.5,"[12, 9, 18, 0, 7, 5, 3, 10, 1, 17, 4, 16, 14, 2, 11, 6, 19, 13, 15, 8]",773.5,0.476543664932251
"[12, 9, 18, 5, 7, 0, 3, 10, 1, 17, 4, 16, 14, 2, 11, 6, 19, 13, 15, 8]",767.5,"[12, 9, 18, 5, 7, 0, 3, 10, 1, 17, 4, 16, 14, 2, 11, 6, 19, 13, 15, 8]",767.5,0.538546085357666
"[12, 9, 18, 5, 11, 0, 3, 10, 1, 17, 4, 16, 14, 2, 7, 6, 19, 13, 15, 8]",763.0,"[12, 9, 18, 5, 11, 0, 3, 10, 1, 17, 4, 16, 14, 2, 7, 6, 19, 13, 15, 8]",763.0,0.6035425662994385
"[12, 9, 18, 5, 11, 0, 3, 10, 1, 17, 4, 16, 14, 2, 7, 6, 19, 13, 15, 8]",763.0,"[12, 9, 18, 5, 11, 0, 3, 10, 1, 17, 4, 16, 14, 2, 7, 6, 19, 13, 15, 8]",763.0,0.6697185039520264
"[12, 9, 18, 5, 11, 0, 3, 10, 1, 17, 4, 16, 14, 2, 7, 6, 19, 13, 15, 8]",763.0,"[12, 9, 18, 5, 11, 0, 3, 10, 1, 17, 4, 16, 14, 2, 7, 6, 19, 13, 15, 8]",763.0,0.7365787029266357
"[12, 9, 18, 5, 11, 0, 3, 10, 1, 17, 4, 16, 14, 2, 7, 6, 19, 13, 15, 8]",763.0,"[12, 9, 18, 5, 11, 0, 3, 10, 1, 17, 4, 16, 14, 2, 7, 6, 19, 13, 15, 8]",763.0,0.8025693893432617
"[12, 9, 18, 5, 15, 0, 3, 10, 1, 17, 4, 16, 14, 2, 7, 6, 19, 13, 11, 8]",746.5,"[12, 9, 18, 5, 15, 0, 3, 10, 1, 17, 4, 16, 14, 2, 7, 6, 19, 13, 11, 8]",746.5,0.8695728778839111
"[12, 9, 18, 5, 15, 0, 3, 10, 1, 17, 4, 16, 14, 2, 7, 6, 19, 13, 11, 8]",746.5,"[12, 9, 18, 5, 15, 0, 3, 10, 1, 17, 4, 16, 14, 2, 7, 6, 19, 13, 11, 8]",746.5,0.936575174331665
"[12, 9, 18, 5, 15, 0, 3, 10, 1, 17, 4, 16, 14, 2, 7, 6, 19, 13, 11, 8]",746.5,"[12, 9, 18, 5, 15, 0, 3, 10, 1, 17, 4, 16, 14, 2, 7, 6, 19, 13, 11, 8]",746.5,1.0055689811706543
"[12, 9, 18, 5, 15, 0, 3, 10, 11, 17, 4, 16, 14, 2, 7, 6, 19, 13, 1, 8]",742.0,"[12, 9, 18, 5, 15, 0, 3, 10, 11, 17, 4, 16, 14, 2, 7, 6, 19, 13, 1, 8]",742.0,1.070573091506958
"[12, 9, 18, 5, 15, 0, 3, 10, 11, 17, 4, 16, 14, 2, 7, 6, 19, 13, 1, 8]",742.0,"[12, 9, 18, 5, 15, 0, 3, 10, 11, 17, 4, 16, 14, 2, 7, 6, 19, 13, 1, 8]",742.0,1.1355762481689453
"[12, 9, 18, 5, 15, 0, 3, 10, 11, 17, 4, 16, 14, 2, 7, 6, 19, 13, 1, 8]",742.0,"[12, 9, 18, 5, 15, 0, 3, 10, 11, 17, 4, 16, 14, 2, 7, 6, 19, 13, 1, 8]",742.0,1.2026185989379883
"[12, 9, 18, 5, 15, 0, 3, 10, 11, 17, 4, 16, 14, 2, 7, 6, 19, 13, 1, 8]",742.0,"[12, 9, 18, 5, 15, 0, 3, 10, 11, 17, 4, 16, 14, 2, 7, 6, 19, 13, 1, 8]",742.0,1.268648624420166
"[12, 9, 18, 5, 15, 0, 3, 10, 11, 17, 4, 16, 14, 2, 7, 6, 19, 13, 1, 8]",742.0,"[12, 9, 18, 5, 15, 0, 3, 10, 11, 17, 4, 16, 14, 2, 7, 6, 19, 13, 1, 8]",742.0,1.333601474761963
"[12, 9, 18, 5, 15, 0, 3, 10, 11, 17, 4, 16, 14, 2, 7, 6, 19, 13, 1, 8]",742.0,"[12, 9, 18, 5, 15, 0, 3, 10, 11, 17, 4, 16, 14, 2, 7, 6, 19, 13, 1, 8]",742.0,1.397608995437622
"[16, 9, 18, 5, 15, 0, 3, 10, 11, 17, 4, 12, 14, 2, 7, 6, 19, 13, 1, 8]",741.5,"[16, 9, 18, 5, 15, 0, 3, 10, 11, 17, 4, 12, 14, 2, 7, 6, 19, 13, 1, 8]",741.5,1.4626195430755615
"[16, 9, 18, 5, 15, 0, 3, 10, 11, 17, 4, 12, 14, 2, 7, 6, 19, 13, 1, 8]",741.5,"[16, 9, 18, 5, 15, 0, 3, 10, 11, 17, 4, 12, 14, 2, 7, 6, 19, 13, 1, 8]",741.5,1.5266022682189941
"[16, 9, 18, 5, 15, 0, 3, 10, 14, 17, 4, 12, 11, 2, 7, 6, 19, 13, 1, 8]",740.5,"[16, 9, 18, 5, 15, 0, 3, 10, 14, 17, 4, 12, 11, 2, 7, 6, 19, 13, 1, 8]",740.5,1.5906052589416504
"[16, 9, 18, 5, 15, 0, 3, 10, 14, 17, 4, 12, 11, 2, 7, 6, 19, 13, 1, 8]",740.5,"[16, 9, 18, 5, 15, 0, 3, 10, 14, 17, 4, 12, 11, 2, 7, 6, 19, 13, 1, 8]",740.5,1.656630039215088
"[16, 9, 18, 5, 15, 0, 3, 10, 14, 17, 4, 12, 11, 2, 7, 6, 19, 13, 1, 8]",740.5,"[16, 9, 18, 5, 15, 0, 3, 10, 14, 17, 4, 12, 11, 2, 7, 6, 19, 13, 1, 8]",740.5,1.720604419708252
"[16, 9, 18, 5, 15, 0, 3, 10, 14, 17, 4, 12, 11, 2, 7, 6, 19, 13, 1, 8]",740.5,"[16, 9, 18, 5, 15, 0, 3, 10, 14, 17, 4, 12, 11, 2, 7, 6, 19, 13, 1, 8]",740.5,1.7836246490478516
"[16, 9, 18, 5, 15, 0, 3, 10, 14, 17, 4, 12, 11, 2, 7, 6, 19, 13, 1, 8]",740.5,"[16, 9, 18, 5, 15, 0, 3, 10, 14, 17, 4, 12, 11, 2, 7, 6, 19, 13, 1, 8]",740.5,1.854609727859497
"[16, 9, 18, 5, 15, 0, 3, 10, 14, 17, 4, 12, 11, 2, 7, 6, 19, 13, 1, 8]",740.5,"[16, 9, 18, 5, 15, 0, 3, 10, 14, 17, 4, 12, 11, 2, 7, 6, 19, 13, 1, 8]",740.5,1.9276115894317627
"[16, 9, 18, 5, 14, 0, 3, 10, 15, 17, 4, 12, 11, 2, 7, 6, 19, 13, 1, 8]",739.5,"[16, 9, 18, 5, 14, 0, 3, 10, 15, 17, 4, 12, 11, 2, 7, 6, 19, 13, 1, 8]",739.5,1.9966065883636475
"[16, 9, 18, 5, 14, 0, 3, 10, 15, 17, 4, 12, 11, 2, 7, 6, 19, 13, 1, 8]",739.5,"[16, 9, 18, 5, 14, 0, 3, 10, 15, 17, 4, 12, 11, 2, 7, 6, 19, 13, 1, 8]",739.5,2.070603370666504
"[16, 9, 18, 5, 14, 0, 3, 10, 15, 17, 4, 12, 11, 2, 7, 6, 19, 13, 1, 8]",739.5,"[16, 9, 18, 5, 14, 0, 3, 10, 15, 17, 4, 12, 11, 2, 7, 6, 19, 13, 1, 8]",739.5,2.137653350830078
"[16, 9, 18, 5, 14, 0, 3, 10, 15, 17, 4, 12, 11, 2, 7, 6, 19, 13, 1, 8]",739.5,"[16, 9, 18, 5, 14, 0, 3, 10, 15, 17, 4, 12, 11, 2, 7, 6, 19, 13, 1, 8]",739.5,2.2046079635620117
"[16, 9, 18, 5, 14, 0, 3, 10, 15, 17, 4, 12, 11, 2, 7, 6, 19, 13, 1, 8]",739.5,"[16, 9, 18, 5, 14, 0, 3, 10, 15, 17, 4, 12, 11, 2, 7, 6, 19, 13, 1, 8]",739.5,2.2696094512939453
"[16, 9, 18, 5, 14, 0, 3, 10, 15, 17, 4, 12, 11, 2, 7, 6, 19, 13, 1, 8]",739.5,"[16, 9, 18, 5, 14, 0, 3, 10, 15, 17, 4, 12, 11, 2, 7, 6, 19, 13, 1, 8]",739.5,2.333604335784912
"[19, 9, 18, 5, 14, 0, 3, 10, 15, 17, 4, 12, 11, 2, 7, 6, 16, 13, 1, 8]",735.5,"[19, 9, 18, 5, 14, 0, 3, 10, 15, 17, 4, 12, 11, 2, 7, 6, 16, 13, 1, 8]",735.5,2.3986048698425293
"[19, 9, 18, 5, 14, 0, 3, 10, 15, 17, 4, 12, 11, 2, 7, 6, 16, 13, 1, 8]",735.5,"[19, 9, 18, 5, 14, 0, 3, 10, 15, 17, 4, 12, 11, 2, 7, 6, 16, 13, 1, 8]",735.5,2.4646151065826416
"[19, 9, 18, 5, 14, 0, 15, 10, 3, 17, 4, 12, 11, 2, 7, 6, 16, 13, 1, 8]",734.0,"[19, 9, 18, 5, 14, 0, 15, 10, 3, 17, 4, 12, 11, 2, 7, 6, 16, 13, 1, 8]",734.0,2.535710096359253
"[19, 9, 18, 5, 14, 0, 15, 10, 3, 17, 4, 12, 11, 2, 7, 6, 16, 13, 1, 8]",734.0,"[19, 9, 18, 5, 14, 0, 15, 10, 3, 17, 4, 12, 11, 2, 7, 6, 16, 13, 1, 8]",734.0,2.6026198863983154
"[19, 9, 18, 5, 14, 0, 15, 10, 3, 17, 4, 12, 11, 2, 7, 6, 16, 13, 1, 8]",734.0,"[19, 9, 18, 5, 14, 0, 15, 10, 3, 17, 4, 12, 11, 2, 7, 6, 16, 13, 1, 8]",734.0,2.6696078777313232
"[19, 9, 18, 5, 14, 0, 15, 10, 3, 17, 4, 12, 11, 2, 7, 6, 16, 13, 1, 8]",734.0,"[19, 9, 18, 5, 14, 0, 15, 10, 3, 17, 4, 12, 11, 2, 7, 6, 16, 13, 1, 8]",734.0,2.734606981277466
"[19, 9, 18, 5, 14, 0, 15, 10, 3, 17, 4, 12, 11, 2, 7, 6, 16, 13, 1, 8]",734.0,"[19, 9, 18, 5, 14, 0, 15, 10, 3, 17, 4, 12, 11, 2, 7, 6, 16, 13, 1, 8]",734.0,2.8036086559295654
"[19, 9, 18, 5, 14, 0, 15, 10, 3, 17, 4, 12, 11, 2, 7, 6, 16, 13, 1, 8]",734.0,"[19, 9, 18, 5, 14, 0, 15, 10, 3, 17, 4, 12, 11, 2, 7, 6, 16, 13, 1, 8]",734.0,2.8686587810516357
"[19, 9, 18, 5, 14, 0, 15, 10, 3, 17, 4, 12, 11, 2, 7, 6, 16, 13, 1, 8]",734.0,"[19, 9, 18, 5, 14, 0, 15, 10, 3, 17, 4, 12, 11, 2, 7, 6, 16, 13, 1, 8]",734.0,2.9346089363098145
"[19, 9, 18, 5, 14, 0, 15, 10, 3, 17, 4, 12, 11, 2, 7, 6, 16, 13, 1, 8]",734.0,"[19, 9, 18, 5, 14, 0, 15, 10, 3, 17, 4, 12, 11, 2, 7, 6, 16, 13, 1, 8]",734.0,3.000159502029419
"[19, 9, 18, 5, 14, 0, 15, 10, 3, 17, 4, 12, 11, 2, 7, 6, 16, 13, 1, 8]",734.0,"[19, 9, 18, 5, 14, 0, 15, 10, 3, 17, 4, 12, 11, 2, 7, 6, 16, 13, 1, 8]",734.0,3.0671513080596924
"[19, 9, 18, 5, 14, 0, 15, 10, 3, 17, 4, 12, 11, 2, 7, 6, 16, 13, 1, 8]",734.0,"[19, 9, 18, 5, 14, 0, 15, 10, 3, 17, 4, 12, 11, 2, 7, 6, 16, 13, 1, 8]",734.0,3.1361515522003174
"[19, 9, 18, 5, 14, 0, 15, 10, 3, 17, 4, 12, 11, 2, 7, 6, 16, 13, 1, 8]",734.0,"[19, 9, 18, 5, 14, 0, 15, 10, 3, 17, 4, 12, 11, 2, 7, 6, 16, 13, 1, 8]",734.0,3.2031524181365967
"[19, 1, 18, 5, 14, 0, 15, 10, 3, 17, 4, 12, 11, 2, 7, 6, 16, 13, 9, 8]",729.0,"[19, 1, 18, 5, 14, 0, 15, 10, 3, 17, 4, 12, 11, 2, 7, 6, 16, 13, 9, 8]",729.0,3.270169496536255
"[19, 1, 18, 5, 14, 0, 15, 10, 3, 17, 4, 12, 11, 2, 7, 6, 16, 13, 9, 8]",729.0,"[19, 1, 18, 5, 14, 0, 15, 10, 3, 17, 4, 12, 11, 2, 7, 6, 16, 13, 9, 8]",729.0,3.3361563682556152
"[19, 1, 18, 5, 14, 0, 15, 10, 3, 17, 4, 12, 11, 2, 7, 6, 16, 13, 9, 8]",729.0,"[19, 1, 18, 5, 14, 0, 15, 10, 3, 17, 4, 12, 11, 2, 7, 6, 16, 13, 9, 8]",729.0,3.4021594524383545
"[19, 1, 18, 5, 14, 0, 15, 10, 3, 17, 4, 12, 11, 2, 7, 6, 16, 13, 9, 8]",729.0,"[19, 1, 18, 5, 14, 0, 15, 10, 3, 17, 4, 12, 11, 2, 7, 6, 16, 13, 9, 8]",729.0,3.474153757095337
"[19, 1, 18, 5, 14, 0, 15, 10, 3, 17, 4, 12, 11, 2, 7, 6, 16, 13, 9, 8]",729.0,"[19, 1, 18, 5, 14, 0, 15, 10, 3, 17, 4, 12, 11, 2, 7, 6, 16, 13, 9, 8]",729.0,3.5401570796966553
"[19, 1, 18, 5, 14, 0, 15, 10, 3, 12, 4, 17, 11, 2, 7, 6, 16, 13, 9, 8]",727.0,"[19, 1, 18, 5, 14, 0, 15, 10, 3, 12, 4, 17, 11, 2, 7, 6, 16, 13, 9, 8]",727.0,3.606187343597412
"[19, 1, 18, 5, 14, 0, 15, 10, 3, 12, 4, 17, 11, 2, 7, 6, 16, 13, 9, 8]",727.0,"[19, 1, 18, 5, 14, 0, 15, 10, 3, 12, 4, 17, 11, 2, 7, 6, 16, 13, 9, 8]",727.0,3.677154779434204
"[19, 1, 18, 5, 14, 0, 15, 10, 3, 12, 4, 17, 11, 2, 7, 6, 16, 13, 9, 8]",727.0,"[19, 1, 18, 5, 14, 0, 15, 10, 3, 12, 4, 17, 11, 2, 7, 6, 16, 13, 9, 8]",727.0,3.7421610355377197
"[19, 1, 18, 5, 14, 0, 15, 10, 3, 12, 4, 17, 11, 2, 7, 6, 16, 13, 9, 8]",727.0,"[19, 1, 18, 5, 14, 0, 15, 10, 3, 12, 4, 17, 11, 2, 7, 6, 16, 13, 9, 8]",727.0,3.812162399291992
"[19, 1, 18, 5, 14, 0, 15, 10, 3, 12, 13, 17, 11, 2, 7, 6, 16, 4, 9, 8]",711.5,"[19, 1, 18, 5, 14, 0, 15, 10, 3, 12, 13, 17, 11, 2, 7, 6, 16, 4, 9, 8]",711.5,3.882158041000366
"[19, 1, 18, 5, 14, 0, 15, 10, 3, 12, 13, 17, 11, 2, 7, 6, 16, 4, 9, 8]",711.5,"[19, 1, 18, 5, 14, 0, 15, 10, 3, 12, 13, 17, 11, 2, 7, 6, 16, 4, 9, 8]",711.5,3.957237482070923
"[19, 1, 18, 5, 14, 0, 15, 10, 3, 12, 13, 17, 11, 2, 7, 6, 16, 4, 9, 8]",711.5,"[19, 1, 18, 5, 14, 0, 15, 10, 3, 12, 13, 17, 11, 2, 7, 6, 16, 4, 9, 8]",711.5,4.025159120559692
"[19, 1, 18, 5, 14, 0, 15, 10, 3, 12, 13, 17, 11, 2, 7, 6, 16, 4, 9, 8]",711.5,"[19, 1, 18, 5, 14, 0, 15, 10, 3, 12, 13, 17, 11, 2, 7, 6, 16, 4, 9, 8]",711.5,4.092165231704712
"[19, 1, 18, 5, 14, 0, 15, 10, 3, 12, 13, 17, 11, 2, 7, 6, 16, 4, 9, 8]",711.5,"[19, 1, 18, 5, 14, 0, 15, 10, 3, 12, 13, 17, 11, 2, 7, 6, 16, 4, 9, 8]",711.5,4.159189939498901
"[19, 1, 18, 5, 14, 0, 15, 10, 3, 12, 13, 17, 11, 2, 7, 6, 16, 4, 9, 8]",711.5,"[19, 1, 18, 5, 14, 0, 15, 10, 3, 12, 13, 17, 11, 2, 7, 6, 16, 4, 9, 8]",711.5,4.228165149688721
"[19, 1, 18, 5, 14, 0, 15, 10, 3, 12, 13, 17, 11, 2, 7, 6, 16, 4, 9, 8]",711.5,"[19, 1, 18, 5, 14, 0, 15, 10, 3, 12, 13, 17, 11, 2, 7, 6, 16, 4, 9, 8]",711.5,4.298160552978516
"[19, 1, 18, 5, 14, 0, 15, 10, 3, 6, 13, 17, 11, 2, 7, 12, 16, 4, 9, 8]",707.5,"[19, 1, 18, 5, 14, 0, 15, 10, 3, 6, 13, 17, 11, 2, 7, 12, 16, 4, 9, 8]",707.5,4.365197420120239
"[19, 1, 18, 5, 14, 0, 15, 10, 3, 6, 13, 17, 11, 2, 7, 12, 16, 4, 9, 8]",707.5,"[19, 1, 18, 5, 14, 0, 15, 10, 3, 6, 13, 17, 11, 2, 7, 12, 16, 4, 9, 8]",707.5,4.438161611557007
"[19, 1, 18, 5, 14, 0, 15, 10, 3, 6, 13, 17, 11, 2, 7, 12, 16, 4, 9, 8]",707.5,"[19, 1, 18, 5, 14, 0, 15, 10, 3, 6, 13, 17, 11, 2, 7, 12, 16, 4, 9, 8]",707.5,4.507159948348999
"[19, 1, 18, 5, 14, 0, 15, 10, 3, 6, 13, 17, 11, 2, 7, 12, 16, 4, 9, 8]",707.5,"[19, 1, 18, 5, 14, 0, 15, 10, 3, 6, 13, 17, 11, 2, 7, 12, 16, 4, 9, 8]",707.5,4.576160907745361
"[19, 1, 18, 5, 8, 0, 15, 10, 3, 6, 13, 17, 11, 2, 7, 12, 16, 4, 9, 14]",706.5,"[19, 1, 18, 5, 8, 0, 15, 10, 3, 6, 13, 17, 11, 2, 7, 12, 16, 4, 9, 14]",706.5,4.644169569015503
"[19, 1, 18, 5, 8, 0, 15, 10, 3, 6, 13, 17, 11, 2, 7, 12, 16, 4, 9, 14]",706.5,"[19, 1, 18, 5, 8, 0, 15, 10, 3, 6, 13, 17, 11, 2, 7, 12, 16, 4, 9, 14]",706.5,4.714161396026611
"[19, 1, 18, 5, 8, 0, 15, 10, 3, 6, 13, 17, 11, 2, 7, 12, 16, 4, 9, 14]",706.5,"[19, 1, 18, 5, 8, 0, 15, 10, 3, 6, 13, 17, 11, 2, 7, 12, 16, 4, 9, 14]",706.5,4.783160448074341
"[19, 1, 18, 5, 8, 0, 15, 10, 3, 6, 13, 17, 11, 2, 7, 12, 16, 4, 9, 14]",706.5,"[19, 1, 18, 5, 8, 0, 15, 10, 3, 6, 13, 17, 11, 2, 7, 12, 16, 4, 9, 14]",706.5,4.84817910194397
"[19, 1, 18, 5, 8, 0, 15, 10, 3, 6, 13, 17, 11, 2, 7, 12, 16, 4, 9, 14]",706.5,"[19, 1, 18, 5, 8, 0, 15, 10, 3, 6, 13, 17, 11, 2, 7, 12, 16, 4, 9, 14]",706.5,4.915165901184082
"[19, 1, 18, 5, 8, 0, 15, 10, 3, 6, 13, 17, 11, 2, 7, 12, 16, 4, 9, 14]",706.5,"[19, 1, 18, 5, 8, 0, 15, 10, 3, 6, 13, 17, 11, 2, 7, 12, 16, 4, 9, 14]",706.5,4.98516321182251
"[19, 1, 18, 5, 8, 0, 15, 10, 3, 6, 13, 17, 11, 2, 7, 12, 16, 4, 9, 14]",706.5,"[19, 1, 18, 5, 8, 0, 15, 10, 3, 6, 13, 17, 11, 2, 7, 12, 16, 4, 9, 14]",706.5,5.0531651973724365
"[19, 1, 18, 5, 8, 0, 3, 10, 15, 6, 13, 17, 11, 2, 7, 12, 16, 4, 9, 14]",706.0,"[19, 1, 18, 5, 8, 0, 3, 10, 15, 6, 13, 17, 11, 2, 7, 12, 16, 4, 9, 14]",706.0,5.126171827316284
"[19, 1, 18, 5, 8, 0, 3, 10, 15, 6, 13, 17, 11, 2, 7, 12, 16, 4, 9, 14]",706.0,"[19, 1, 18, 5, 8, 0, 3, 10, 15, 6, 13, 17, 11, 2, 7, 12, 16, 4, 9, 14]",706.0,5.193183898925781
"[19, 1, 18, 5, 8, 0, 3, 10, 15, 6, 13, 17, 11, 2, 7, 12, 16, 4, 9, 14]",706.0,"[19, 1, 18, 5, 8, 0, 3, 10, 15, 6, 13, 17, 11, 2, 7, 12, 16, 4, 9, 14]",706.0,5.261166334152222
"[19, 1, 18, 5, 8, 0, 3, 10, 15, 6, 13, 17, 11, 2, 7, 12, 16, 4, 9, 14]",706.0,"[19, 1, 18, 5, 8, 0, 3, 10, 15, 6, 13, 17, 11, 2, 7, 12, 16, 4, 9, 14]",706.0,5.325239181518555
"[19, 1, 18, 5, 8, 0, 3, 10, 15, 6, 13, 17, 11, 2, 7, 12, 16, 4, 9, 14]",706.0,"[19, 1, 18, 5, 8, 0, 3, 10, 15, 6, 13, 17, 11, 2, 7, 12, 16, 4, 9, 14]",706.0,5.397165775299072
"[19, 1, 0, 5, 8, 18, 3, 10, 15, 6, 13, 17, 11, 2, 7, 12, 16, 4, 9, 14]",704.5,"[19, 1, 0, 5, 8, 18, 3, 10, 15, 6, 13, 17, 11, 2, 7, 12, 16, 4, 9, 14]",704.5,5.464166879653931
"[19, 1, 0, 5, 8, 18, 3, 10, 15, 6, 13, 17, 11, 2, 7, 12, 16, 4, 9, 14]",704.5,"[19, 1, 0, 5, 8, 18, 3, 10, 15, 6, 13, 17, 11, 2, 7, 12, 16, 4, 9, 14]",704.5,5.564172267913818
"[19, 1, 0, 5, 8, 18, 3, 10, 15, 6, 13, 17, 11, 2, 7, 12, 16, 4, 9, 14]",704.5,"[19, 1, 0, 5, 8, 18, 3, 10, 15, 6, 13, 17, 11, 2, 7, 12, 16, 4, 9, 14]",704.5,5.6281654834747314
"[19, 1, 0, 5, 8, 18, 3, 10, 15, 6, 13, 17, 11, 2, 7, 12, 16, 4, 9, 14]",704.5,"[19, 1, 0, 5, 8, 18, 3, 10, 15, 6, 13, 17, 11, 2, 7, 12, 16, 4, 9, 14]",704.5,5.697168827056885
"[19, 1, 0, 5, 8, 18, 3, 10, 15, 6, 13, 17, 11, 2, 7, 12, 16, 4, 9, 14]",704.5,"[19, 1, 0, 5, 8, 18, 3, 10, 15, 6, 13, 17, 11, 2, 7, 12, 16, 4, 9, 14]",704.5,5.768172740936279
"[19, 1, 0, 5, 8, 16, 3, 10, 15, 6, 13, 17, 11, 2, 7, 12, 18, 4, 9, 14]",704.0,"[19, 1, 0, 5, 8, 16, 3, 10, 15, 6, 13, 17, 11, 2, 7, 12, 18, 4, 9, 14]",704.0,5.839169025421143
"[19, 1, 0, 5, 8, 16, 3, 10, 15, 6, 13, 17, 11, 2, 7, 12, 18, 4, 9, 14]",704.0,"[19, 1, 0, 5, 8, 16, 3, 10, 15, 6, 13, 17, 11, 2, 7, 12, 18, 4, 9, 14]",704.0,5.9092278480529785
"[19, 1, 0, 5, 8, 16, 3, 10, 15, 6, 13, 17, 11, 2, 7, 12, 18, 4, 9, 14]",704.0,"[19, 1, 0, 5, 8, 16, 3, 10, 15, 6, 13, 17, 11, 2, 7, 12, 18, 4, 9, 14]",704.0,5.978168249130249
"[19, 1, 0, 5, 8, 16, 3, 10, 15, 6, 13, 17, 11, 2, 7, 12, 18, 4, 9, 14]",704.0,"[19, 1, 0, 5, 8, 16, 3, 10, 15, 6, 13, 17, 11, 2, 7, 12, 18, 4, 9, 14]",704.0,6.049172878265381
"[19, 1, 0, 5, 8, 16, 3, 10, 15, 6, 13, 17, 11, 2, 7, 12, 18, 4, 9, 14]",704.0,"[19, 1, 0, 5, 8, 16, 3, 10, 15, 6, 13, 17, 11, 2, 7, 12, 18, 4, 9, 14]",704.0,6.1211817264556885
"[19, 1, 0, 5, 8, 16, 3, 10, 15, 6, 13, 17, 11, 2, 7, 12, 18, 4, 9, 14]",704.0,"[19, 1, 0, 5, 8, 16, 3, 10, 15, 6, 13, 17, 11, 2, 7, 12, 18, 4, 9, 14]",704.0,6.1932525634765625
"[19, 1, 0, 5, 8, 16, 3, 10, 15, 6, 13, 17, 11, 2, 7, 12, 18, 4, 9, 14]",704.0,"[19, 1, 0, 5, 8, 16, 3, 10, 15, 6, 13, 17, 11, 2, 7, 12, 18, 4, 9, 14]",704.0,6.270751476287842
"[19, 1, 0, 5, 8, 16, 3, 10, 15, 6, 13, 17, 11, 2, 7, 12, 18, 4, 9, 14]",704.0,"[19, 1, 0, 5, 8, 16, 3, 10, 15, 6, 13, 17, 11, 2, 7, 12, 18, 4, 9, 14]",704.0,6.342773914337158
"[19, 1, 0, 5, 8, 16, 3, 10, 15, 6, 13, 17, 11, 2, 7, 12, 18, 4, 9, 14]",704.0,"[19, 1, 0, 5, 8, 16, 3, 10, 15, 6, 13, 17, 11, 2, 7, 12, 18, 4, 9, 14]",704.0,6.419783592224121
"[19, 1, 0, 5, 8, 16, 3, 10, 15, 6, 13, 17, 11, 2, 7, 12, 18, 4, 9, 14]",704.0,"[19, 1, 0, 5, 8, 16, 3, 10, 15, 6, 13, 17, 11, 2, 7, 12, 18, 4, 9, 14]",704.0,6.4958415031433105
"[19, 1, 0, 5, 8, 16, 3, 10, 15, 6, 13, 17, 11, 2, 7, 12, 18, 4, 9, 14]",704.0,"[19, 1, 0, 5, 8, 16, 3, 10, 15, 6, 13, 17, 11, 2, 7, 12, 18, 4, 9, 14]",704.0,6.5678393840789795
"[19, 1, 0, 5, 8, 16, 3, 10, 15, 6, 13, 17, 11, 2, 7, 12, 18, 4, 9, 14]",704.0,"[19, 1, 0, 5, 8, 16, 3, 10, 15, 6, 13, 17, 11, 2, 7, 12, 18, 4, 9, 14]",704.0,6.640843391418457
"[19, 1, 0, 5, 8, 16, 3, 10, 15, 6, 13, 17, 11, 2, 7, 12, 18, 4, 9, 14]",704.0,"[19, 1, 0, 5, 8, 16, 3, 10, 15, 6, 13, 17, 11, 2, 7, 12, 18, 4, 9, 14]",704.0,6.7128472328186035
"[19, 1, 0, 5, 8, 16, 3, 10, 15, 6, 13, 17, 11, 2, 7, 12, 18, 4, 9, 14]",704.0,"[19, 1, 0, 5, 8, 16, 3, 10, 15, 6, 13, 17, 11, 2, 7, 12, 18, 4, 9, 14]",704.0,6.7818543910980225
"[19, 1, 0, 5, 8, 16, 3, 10, 15, 6, 13, 17, 11, 2, 7, 12, 18, 4, 9, 14]",704.0,"[19, 1, 0, 5, 8, 16, 3, 10, 15, 6, 13, 17, 11, 2, 7, 12, 18, 4, 9, 14]",704.0,6.855853319168091
"[19, 1, 0, 5, 8, 16, 3, 10, 15, 6, 13, 17, 11, 2, 7, 12, 18, 4, 9, 14]",704.0,"[19, 1, 0, 5, 8, 16, 3, 10, 15, 6, 13, 17, 11, 2, 7, 12, 18, 4, 9, 14]",704.0,6.9268479347229
"[19, 1, 0, 5, 8, 16, 3, 10, 15, 6, 13, 17, 11, 2, 7, 12, 18, 4, 9, 14]",704.0,"[19, 1, 0, 5, 8, 16, 3, 10, 15, 6, 13, 17, 11, 2, 7, 12, 18, 4, 9, 14]",704.0,6.997854709625244
"[19, 1, 0, 5, 8, 16, 3, 10, 15, 6, 13, 17, 11, 2, 7, 12, 18, 4, 9, 14]",704.0,"[19, 1, 0, 5, 8, 16, 3, 10, 15, 6, 13, 17, 11, 2, 7, 12, 18, 4, 9, 14]",704.0,7.064854383468628
"[19, 1, 0, 5, 8, 16, 3, 10, 15, 6, 13, 17, 11, 2, 7, 12, 18, 4, 9, 14]",704.0,"[19, 1, 0, 5, 8, 16, 3, 10, 15, 6, 13, 17, 11, 2, 7, 12, 18, 4, 9, 14]",704.0,7.136849880218506
"[19, 1, 0, 5, 2, 16, 3, 10, 15, 6, 13, 17, 11, 8, 7, 12, 18, 4, 9, 14]",702.0,"[19, 1, 0, 5, 2, 16, 3, 10, 15, 6, 13, 17, 11, 8, 7, 12, 18, 4, 9, 14]",702.0,7.207851886749268
"[19, 1, 0, 5, 2, 16, 3, 10, 15, 6, 13, 17, 11, 8, 7, 12, 18, 4, 9, 14]",702.0,"[19, 1, 0, 5, 2, 16, 3, 10, 15, 6, 13, 17, 11, 8, 7, 12, 18, 4, 9, 14]",702.0,7.277856111526489
"[19, 1, 0, 5, 2, 16, 3, 10, 15, 6, 13, 17, 11, 8, 7, 12, 18, 4, 9, 14]",702.0,"[19, 1, 0, 5, 2, 16, 3, 10, 15, 6, 13, 17, 11, 8, 7, 12, 18, 4, 9, 14]",702.0,7.349869251251221
"[19, 1, 0, 5, 2, 16, 3, 10, 15, 6, 13, 17, 11, 8, 7, 12, 18, 4, 9, 14]",702.0,"[19, 1, 0, 5, 2, 16, 3, 10, 15, 6, 13, 17, 11, 8, 7, 12, 18, 4, 9, 14]",702.0,7.424845933914185
"[19, 1, 0, 5, 2, 16, 3, 10, 15, 6, 13, 17, 11, 8, 7, 12, 18, 4, 9, 14]",702.0,"[19, 1, 0, 5, 2, 16, 3, 10, 15, 6, 13, 17, 11, 8, 7, 12, 18, 4, 9, 14]",702.0,7.494850397109985
"[19, 1, 0, 5, 2, 16, 3, 10, 15, 6, 13, 17, 11, 8, 7, 12, 18, 4, 9, 14]",702.0,"[19, 1, 0, 5, 2, 16, 3, 10, 15, 6, 13, 17, 11, 8, 7, 12, 18, 4, 9, 14]",702.0,7.564849376678467
"[19, 1, 0, 5, 2, 16, 3, 10, 15, 6, 13, 17, 11, 8, 7, 12, 18, 4, 9, 14]",702.0,"[19, 1, 0, 5, 2, 16, 3, 10, 15, 6, 13, 17, 11, 8, 7, 12, 18, 4, 9, 14]",702.0,7.641854763031006
"[19, 1, 0, 5, 2, 16, 3, 10, 15, 6, 13, 17, 11, 8, 7, 12, 18, 4, 9, 14]",702.0,"[19, 1, 0, 5, 2, 16, 3, 10, 15, 6, 13, 17, 11, 8, 7, 12, 18, 4, 9, 14]",702.0,7.712867736816406
"[19, 1, 0, 5, 2, 16, 3, 10, 15, 6, 13, 17, 11, 8, 7, 12, 18, 4, 9, 14]",702.0,"[19, 1, 0, 5, 2, 16, 3, 10, 15, 6, 13, 17, 11, 8, 7, 12, 18, 4, 9, 14]",702.0,7.782851696014404
"[19, 1, 0, 5, 2, 16, 3, 10, 15, 6, 13, 17, 11, 8, 7, 12, 18, 4, 9, 14]",702.0,"[19, 1, 0, 5, 2, 16, 3, 10, 15, 6, 13, 17, 11, 8, 7, 12, 18, 4, 9, 14]",702.0,7.856870651245117
"[19, 1, 0, 5, 2, 16, 3, 10, 15, 6, 13, 17, 11, 8, 7, 12, 18, 4, 9, 14]",702.0,"[19, 1, 0, 5, 2, 16, 3, 10, 15, 6, 13, 17, 11, 8, 7, 12, 18, 4, 9, 14]",702.0,7.932873725891113
"[19, 1, 0, 5, 2, 16, 3, 10, 15, 6, 13, 17, 11, 8, 7, 12, 18, 4, 9, 14]",702.0,"[19, 1, 0, 5, 2, 16, 3, 10, 15, 6, 13, 17, 11, 8, 7, 12, 18, 4, 9, 14]",702.0,8.003860235214233
"[19, 1, 0, 5, 2, 16, 3, 10, 15, 6, 13, 17, 11, 8, 7, 12, 18, 4, 9, 14]",702.0,"[19, 1, 0, 5, 2, 16, 3, 10, 15, 6, 13, 17, 11, 8, 7, 12, 18, 4, 9, 14]",702.0,8.073852062225342
"[19, 1, 0, 5, 2, 16, 3, 10, 15, 6, 13, 17, 11, 8, 7, 12, 18, 4, 9, 14]",702.0,"[19, 1, 0, 5, 2, 16, 3, 10, 15, 6, 13, 17, 11, 8, 7, 12, 18, 4, 9, 14]",702.0,8.14186429977417
"[19, 1, 0, 5, 2, 16, 3, 10, 15, 6, 13, 17, 11, 8, 7, 12, 18, 4, 9, 14]",702.0,"[19, 1, 0, 5, 2, 16, 3, 10, 15, 6, 13, 17, 11, 8, 7, 12, 18, 4, 9, 14]",702.0,8.209854364395142
"[19, 1, 0, 5, 2, 16, 3, 10, 15, 6, 13, 17, 11, 8, 7, 12, 18, 4, 9, 14]",702.0,"[19, 1, 0, 5, 2, 16, 3, 10, 15, 6, 13, 17, 11, 8, 7, 12, 18, 4, 9, 14]",702.0,8.28085732460022
"[19, 1, 0, 5, 2, 16, 3, 10, 15, 6, 13, 17, 11, 8, 7, 12, 18, 4, 9, 14]",702.0,"[19, 1, 0, 5, 2, 16, 3, 10, 15, 6, 13, 17, 11, 8, 7, 12, 18, 4, 9, 14]",702.0,8.351861715316772
"[19, 1, 0, 5, 2, 16, 3, 10, 15, 6, 13, 17, 11, 8, 7, 12, 18, 4, 9, 14]",702.0,"[19, 1, 0, 5, 2, 16, 3, 10, 15, 6, 13, 17, 11, 8, 7, 12, 18, 4, 9, 14]",702.0,8.425854682922363
"[19, 1, 0, 5, 2, 16, 3, 10, 15, 6, 13, 17, 11, 8, 7, 12, 18, 4, 9, 14]",702.0,"[19, 1, 0, 5, 2, 16, 3, 10, 15, 6, 13, 17, 11, 8, 7, 12, 18, 4, 9, 14]",702.0,8.498852968215942
"[19, 1, 0, 5, 2, 16, 3, 10, 15, 6, 13, 17, 11, 8, 7, 12, 18, 4, 9, 14]",702.0,"[19, 1, 0, 5, 2, 16, 3, 10, 15, 6, 13, 17, 11, 8, 7, 12, 18, 4, 9, 14]",702.0,8.57285189628601
"[19, 1, 0, 5, 2, 16, 3, 10, 15, 6, 13, 17, 11, 8, 7, 12, 18, 4, 9, 14]",702.0,"[19, 1, 0, 5, 2, 16, 3, 10, 15, 6, 13, 17, 11, 8, 7, 12, 18, 4, 9, 14]",702.0,8.64085865020752
"[19, 1, 0, 5, 2, 16, 3, 10, 15, 6, 13, 17, 11, 8, 7, 12, 18, 4, 9, 14]",702.0,"[19, 1, 0, 5, 2, 16, 3, 10, 15, 6, 13, 17, 11, 8, 7, 12, 18, 4, 9, 14]",702.0,8.710857152938843
"[19, 1, 0, 5, 2, 16, 3, 10, 15, 6, 13, 17, 11, 8, 7, 12, 18, 4, 9, 14]",702.0,"[19, 1, 0, 5, 2, 16, 3, 10, 15, 6, 13, 17, 11, 8, 7, 12, 18, 4, 9, 14]",702.0,8.777864694595337
"[19, 1, 0, 5, 2, 16, 3, 10, 15, 6, 13, 17, 11, 8, 7, 12, 18, 4, 9, 14]",702.0,"[19, 1, 0, 5, 2, 16, 3, 10, 15, 6, 13, 17, 11, 8, 7, 12, 18, 4, 9, 14]",702.0,8.845856428146362
"[19, 1, 0, 5, 2, 16, 3, 10, 15, 6, 13, 17, 11, 8, 7, 12, 18, 4, 9, 14]",702.0,"[19, 1, 0, 5, 2, 16, 3, 10, 15, 6, 13, 17, 11, 8, 7, 12, 18, 4, 9, 14]",702.0,8.915857076644897
"[19, 1, 0, 5, 2, 16, 3, 10, 15, 6, 13, 17, 11, 8, 7, 12, 18, 4, 9, 14]",702.0,"[19, 1, 0, 5, 2, 16, 3, 10, 15, 6, 13, 17, 11, 8, 7, 12, 18, 4, 9, 14]",702.0,8.989857912063599
"[19, 1, 0, 5, 2, 16, 3, 10, 15, 6, 13, 17, 11, 8, 7, 12, 18, 4, 9, 14]",702.0,"[19, 1, 0, 5, 2, 16, 3, 10, 15, 6, 13, 17, 11, 8, 7, 12, 18, 4, 9, 14]",702.0,9.061859369277954
"[19, 1, 0, 5, 2, 16, 3, 10, 15, 6, 13, 17, 11, 8, 7, 12, 18, 4, 9, 14]",702.0,"[19, 1, 0, 5, 2, 16, 3, 10, 15, 6, 13, 17, 11, 8, 7, 12, 18, 4, 9, 14]",702.0,9.130859375
"[19, 1, 0, 5, 2, 16, 3, 10, 15, 6, 13, 17, 11, 8, 7, 12, 18, 4, 9, 14]",702.0,"[19, 1, 0, 5, 2, 16, 3, 10, 15, 6, 13, 17, 11, 8, 7, 12, 18, 4, 9, 14]",702.0,9.194865703582764
"[19, 1, 0, 5, 2, 16, 3, 10, 15, 6, 13, 17, 11, 8, 7, 12, 18, 4, 9, 14]",702.0,"[19, 1, 0, 5, 2, 16, 3, 10, 15, 6, 13, 17, 11, 8, 7, 12, 18, 4, 9, 14]",702.0,9.265859842300415
"[19, 1, 0, 5, 2, 16, 3, 10, 15, 6, 13, 17, 11, 8, 7, 12, 18, 4, 9, 14]",702.0,"[19, 1, 0, 5, 2, 16, 3, 10, 15, 6, 13, 17, 11, 8, 7, 12, 18, 4, 9, 14]",702.0,9.330874919891357
"[19, 1, 0, 5, 2, 16, 3, 10, 15, 6, 13, 17, 11, 8, 7, 12, 18, 4, 9, 14]",702.0,"[19, 1, 0, 5, 2, 16, 3, 10, 15, 6, 13, 17, 11, 8, 7, 12, 18, 4, 9, 14]",702.0,9.400863885879517
"[19, 1, 0, 5, 2, 16, 3, 10, 15, 6, 13, 17, 11, 8, 7, 12, 18, 4, 9, 14]",702.0,"[19, 1, 0, 5, 2, 16, 3, 10, 15, 6, 13, 17, 11, 8, 7, 12, 18, 4, 9, 14]",702.0,9.46886658668518
"[19, 1, 0, 5, 2, 16, 3, 10, 15, 6, 13, 17, 11, 8, 7, 12, 18, 4, 9, 14]",702.0,"[19, 1, 0, 5, 2, 16, 3, 10, 15, 6, 13, 17, 11, 8, 7, 12, 18, 4, 9, 14]",702.0,9.541868209838867
"[19, 1, 0, 5, 2, 16, 3, 10, 15, 6, 13, 17, 11, 8, 7, 12, 18, 4, 9, 14]",702.0,"[19, 1, 0, 5, 2, 16, 3, 10, 15, 6, 13, 17, 11, 8, 7, 12, 18, 4, 9, 14]",702.0,9.612860918045044
"[19, 1, 0, 5, 2, 16, 3, 10, 15, 6, 13, 17, 11, 8, 7, 12, 18, 4, 9, 14]",702.0,"[19, 1, 0, 5, 2, 16, 3, 10, 15, 6, 13, 17, 11, 8, 7, 12, 18, 4, 9, 14]",702.0,9.683867931365967
"[19, 1, 0, 5, 2, 16, 3, 10, 15, 6, 13, 17, 11, 8, 7, 12, 18, 4, 9, 14]",702.0,"[19, 1, 0, 5, 2, 16, 3, 10, 15, 6, 13, 17, 11, 8, 7, 12, 18, 4, 9, 14]",702.0,9.750875473022461
"[19, 1, 0, 5, 2, 16, 3, 10, 15, 6, 13, 17, 11, 8, 7, 12, 18, 4, 9, 14]",702.0,"[19, 1, 0, 5, 2, 16, 3, 10, 15, 6, 13, 17, 11, 8, 7, 12, 18, 4, 9, 14]",702.0,9.821894645690918
"[19, 1, 0, 5, 2, 16, 3, 10, 15, 6, 13, 17, 11, 8, 7, 12, 18, 4, 9, 14]",702.0,"[19, 1, 0, 5, 2, 16, 3, 10, 15, 6, 13, 17, 11, 8, 7, 12, 18, 4, 9, 14]",702.0,9.889871835708618
"[19, 1, 0, 5, 2, 16, 3, 10, 15, 6, 13, 17, 11, 8, 7, 12, 18, 4, 9, 14]",702.0,"[19, 1, 0, 5, 2, 16, 3, 10, 15, 6, 13, 17, 11, 8, 7, 12, 18, 4, 9, 14]",702.0,9.957866907119751
"[19, 1, 0, 5, 2, 16, 3, 10, 15, 6, 13, 17, 11, 8, 7, 12, 18, 4, 9, 14]",702.0,"[19, 1, 0, 5, 2, 16, 3, 10, 15, 6, 13, 17, 11, 8, 7, 12, 18, 4, 9, 14]",702.0,10.027876853942871
"[19, 1, 0, 5, 2, 16, 3, 10, 15, 6, 13, 17, 11, 8, 7, 12, 18, 4, 9, 14]",702.0,"[19, 1, 0, 5, 2, 16, 3, 10, 15, 6, 13, 17, 11, 8, 7, 12, 18, 4, 9, 14]",702.0,10.093865633010864
"[19, 1, 0, 5, 2, 16, 3, 10, 15, 6, 13, 17, 11, 8, 7, 12, 18, 4, 9, 14]",702.0,"[19, 1, 0, 5, 2, 16, 3, 10, 15, 6, 13, 17, 11, 8, 7, 12, 18, 4, 9, 14]",702.0,10.165868282318115
"[19, 1, 0, 5, 2, 16, 3, 10, 15, 6, 13, 17, 11, 8, 7, 12, 18, 4, 9, 14]",702.0,"[19, 1, 0, 5, 2, 16, 3, 10, 15, 6, 13, 17, 11, 8, 7, 12, 18, 4, 9, 14]",702.0,10.237868547439575
"[19, 1, 0, 5, 2, 16, 3, 10, 15, 6, 13, 17, 11, 8, 7, 12, 18, 4, 9, 14]",702.0,"[19, 1, 0, 5, 2, 16, 3, 10, 15, 6, 13, 17, 11, 8, 7, 12, 18, 4, 9, 14]",702.0,10.303868293762207
"[19, 1, 0, 5, 2, 16, 3, 10, 15, 6, 13, 17, 11, 8, 7, 12, 18, 4, 9, 14]",702.0,"[19, 1, 0, 5, 2, 16, 3, 10, 15, 6, 13, 17, 11, 8, 7, 12, 18, 4, 9, 14]",702.0,10.373871564865112
"[19, 1, 0, 5, 2, 16, 3, 10, 15, 6, 13, 17, 11, 8, 7, 12, 18, 4, 9, 14]",702.0,"[19, 1, 0, 5, 2, 16, 3, 10, 15, 6, 13, 17, 11, 8, 7, 12, 18, 4, 9, 14]",702.0,10.446866750717163
"[19, 1, 0, 5, 2, 16, 3, 10, 15, 6, 13, 17, 11, 8, 7, 12, 18, 4, 9, 14]",702.0,"[19, 1, 0, 5, 2, 16, 3, 10, 15, 6, 13, 17, 11, 8, 7, 12, 18, 4, 9, 14]",702.0,10.52087116241455
"[19, 1, 0, 5, 2, 16, 3, 10, 15, 6, 13, 17, 11, 8, 7, 12, 18, 4, 9, 14]",702.0,"[19, 1, 0, 5, 2, 16, 3, 10, 15, 6, 13, 17, 11, 8, 7, 12, 18, 4, 9, 14]",702.0,10.591874122619629
"[19, 1, 0, 5, 2, 16, 3, 10, 15, 6, 13, 17, 11, 8, 7, 12, 18, 4, 9, 14]",702.0,"[19, 1, 0, 5, 2, 16, 3, 10, 15, 6, 13, 17, 11, 8, 7, 12, 18, 4, 9, 14]",702.0,10.658873796463013
"[19, 1, 0, 5, 2, 16, 3, 10, 15, 6, 13, 17, 11, 8, 7, 12, 18, 4, 9, 14]",702.0,"[19, 1, 0, 5, 2, 16, 3, 10, 15, 6, 13, 17, 11, 8, 7, 12, 18, 4, 9, 14]",702.0,10.757870435714722
"[19, 1, 0, 5, 2, 16, 3, 10, 15, 6, 13, 17, 11, 8, 7, 12, 18, 4, 9, 14]",702.0,"[19, 1, 0, 5, 2, 16, 3, 10, 15, 6, 13, 17, 11, 8, 7, 12, 18, 4, 9, 14]",702.0,10.828878164291382
"[19, 1, 0, 5, 2, 16, 3, 10, 15, 6, 13, 17, 11, 8, 7, 12, 18, 4, 9, 14]",702.0,"[19, 1, 0, 5, 2, 16, 3, 10, 15, 6, 13, 17, 11, 8, 7, 12, 18, 4, 9, 14]",702.0,10.897883653640747
"[19, 1, 0, 5, 2, 16, 3, 10, 15, 6, 13, 17, 11, 8, 7, 12, 18, 4, 9, 14]",702.0,"[19, 1, 0, 5, 2, 16, 3, 10, 15, 6, 13, 17, 11, 8, 7, 12, 18, 4, 9, 14]",702.0,10.964874744415283
"[19, 1, 0, 5, 2, 16, 3, 10, 15, 6, 13, 17, 11, 8, 7, 12, 18, 4, 9, 14]",702.0,"[19, 1, 0, 5, 2, 16, 3, 10, 15, 6, 13, 17, 11, 8, 7, 12, 18, 4, 9, 14]",702.0,11.029871940612793
"[19, 1, 0, 5, 2, 16, 3, 10, 15, 6, 13, 17, 11, 8, 7, 12, 18, 4, 9, 14]",702.0,"[19, 1, 0, 5, 2, 16, 3, 10, 15, 6, 13, 17, 11, 8, 7, 12, 18, 4, 9, 14]",702.0,11.101871013641357
"[19, 1, 0, 5, 2, 16, 3, 10, 15, 6, 13, 17, 11, 8, 7, 12, 18, 4, 9, 14]",702.0,"[19, 1, 0, 5, 2, 16, 3, 10, 15, 6, 13, 17, 11, 8, 7, 12, 18, 4, 9, 14]",702.0,11.172876834869385
"[19, 1, 0, 5, 2, 16, 3, 10, 15, 6, 13, 17, 11, 8, 7, 12, 18, 4, 9, 14]",702.0,"[19, 1, 0, 5, 2, 16, 3, 10, 15, 6, 13, 17, 11, 8, 7, 12, 18, 4, 9, 14]",702.0,11.243885278701782
"[19, 1, 0, 5, 2, 16, 3, 10, 15, 6, 13, 17, 11, 8, 7, 12, 18, 4, 9, 14]",702.0,"[19, 1, 0, 5, 2, 16, 3, 10, 15, 6, 13, 17, 11, 8, 7, 12, 18, 4, 9, 14]",702.0,11.313876628875732
"[19, 1, 0, 5, 2, 16, 3, 10, 15, 6, 13, 17, 11, 8, 7, 12, 18, 4, 9, 14]",702.0,"[19, 1, 0, 5, 2, 16, 3, 10, 15, 6, 13, 17, 11, 8, 7, 12, 18, 4, 9, 14]",702.0,11.385875463485718
"[19, 1, 0, 5, 2, 16, 3, 10, 15, 6, 13, 17, 11, 8, 7, 12, 18, 4, 9, 14]",702.0,"[19, 1, 0, 5, 2, 16, 3, 10, 15, 6, 13, 17, 11, 8, 7, 12, 18, 4, 9, 14]",702.0,11.457873106002808
"[19, 1, 0, 5, 2, 16, 3, 10, 15, 6, 13, 17, 11, 8, 7, 12, 18, 4, 9, 14]",702.0,"[19, 1, 0, 5, 2, 16, 3, 10, 15, 6, 13, 17, 11, 8, 7, 12, 18, 4, 9, 14]",702.0,11.526880264282227
"[19, 1, 0, 5, 2, 16, 3, 10, 15, 6, 13, 17, 11, 8, 7, 12, 18, 4, 9, 14]",702.0,"[19, 1, 0, 5, 2, 16, 3, 10, 15, 6, 13, 17, 11, 8, 7, 12, 18, 4, 9, 14]",702.0,11.59787130355835
"[19, 1, 0, 5, 2, 16, 3, 10, 15, 6, 13, 17, 11, 8, 7, 12, 18, 4, 9, 14]",702.0,"[19, 1, 0, 5, 2, 16, 3, 10, 15, 6, 13, 17, 11, 8, 7, 12, 18, 4, 9, 14]",702.0,11.665885210037231
"[19, 1, 0, 5, 2, 16, 3, 10, 15, 6, 13, 17, 11, 8, 7, 12, 18, 4, 9, 14]",702.0,"[19, 1, 0, 5, 2, 16, 3, 10, 15, 6, 13, 17, 11, 8, 7, 12, 18, 4, 9, 14]",702.0,11.73727798461914
"[19, 1, 0, 5, 2, 16, 3, 10, 15, 6, 13, 17, 11, 8, 7, 12, 18, 4, 9, 14]",702.0,"[19, 1, 0, 5, 2, 16, 3, 10, 15, 6, 13, 17, 11, 8, 7, 12, 18, 4, 9, 14]",702.0,11.818877458572388
"[19, 1, 0, 5, 2, 16, 3, 10, 15, 6, 13, 17, 11, 8, 7, 12, 18, 4, 9, 14]",702.0,"[19, 1, 0, 5, 2, 16, 3, 10, 15, 6, 13, 17, 11, 8, 7, 12, 18, 4, 9, 14]",702.0,11.890876293182373
"[19, 1, 0, 5, 2, 16, 3, 10, 15, 6, 13, 17, 11, 8, 7, 12, 18, 4, 9, 14]",702.0,"[19, 1, 0, 5, 2, 16, 3, 10, 15, 6, 13, 17, 11, 8, 7, 12, 18, 4, 9, 14]",702.0,11.962877035140991
"[19, 1, 0, 5, 2, 16, 3, 10, 15, 6, 13, 17, 11, 8, 7, 12, 18, 4, 9, 14]",702.0,"[19, 1, 0, 5, 2, 16, 3, 10, 15, 6, 13, 17, 11, 8, 7, 12, 18, 4, 9, 14]",702.0,12.034892320632935
"[19, 1, 0, 5, 2, 16, 3, 10, 15, 6, 13, 17, 11, 8, 7, 12, 18, 4, 9, 14]",702.0,"[19, 1, 0, 5, 2, 16, 3, 10, 15, 6, 13, 17, 11, 8, 7, 12, 18, 4, 9, 14]",702.0,12.105876207351685
"[19, 1, 0, 5, 2, 16, 3, 10, 15, 6, 13, 17, 11, 8, 7, 12, 18, 4, 9, 14]",702.0,"[19, 1, 0, 5, 2, 16, 3, 10, 15, 6, 13, 17, 11, 8, 7, 12, 18, 4, 9, 14]",702.0,12.177896976470947
"[19, 1, 0, 5, 2, 16, 3, 10, 15, 6, 13, 17, 11, 8, 7, 12, 18, 4, 9, 14]",702.0,"[19, 1, 0, 5, 2, 16, 3, 10, 15, 6, 13, 17, 11, 8, 7, 12, 18, 4, 9, 14]",702.0,12.242882490158081
"[19, 1, 0, 5, 2, 16, 3, 10, 15, 6, 13, 17, 11, 8, 7, 12, 18, 4, 9, 14]",702.0,"[19, 1, 0, 5, 2, 16, 3, 10, 15, 6, 13, 17, 11, 8, 7, 12, 18, 4, 9, 14]",702.0,12.312893390655518
"[19, 1, 0, 5, 2, 16, 3, 10, 15, 6, 13, 17, 11, 8, 7, 12, 18, 4, 9, 14]",702.0,"[19, 1, 0, 5, 2, 16, 3, 10, 15, 6, 13, 17, 11, 8, 7, 12, 18, 4, 9, 14]",702.0,12.384882926940918
"[19, 1, 0, 5, 2, 16, 3, 10, 15, 6, 13, 17, 11, 8, 7, 12, 18, 4, 9, 14]",702.0,"[19, 1, 0, 5, 2, 16, 3, 10, 15, 6, 13, 17, 11, 8, 7, 12, 18, 4, 9, 14]",702.0,12.45688271522522
"[19, 1, 0, 5, 2, 16, 3, 10, 15, 6, 13, 17, 11, 8, 7, 12, 18, 4, 9, 14]",702.0,"[19, 1, 0, 5, 2, 16, 3, 10, 15, 6, 13, 17, 11, 8, 7, 12, 18, 4, 9, 14]",702.0,12.528911113739014
"[19, 1, 0, 5, 2, 16, 3, 10, 15, 6, 13, 17, 11, 8, 7, 12, 18, 4, 9, 14]",702.0,"[19, 1, 0, 5, 2, 16, 3, 10, 15, 6, 13, 17, 11, 8, 7, 12, 18, 4, 9, 14]",702.0,12.60488748550415
"[19, 1, 0, 5, 2, 16, 3, 10, 15, 6, 13, 17, 11, 8, 7, 12, 18, 4, 9, 14]",702.0,"[19, 1, 0, 5, 2, 16, 3, 10, 15, 6, 13, 17, 11, 8, 7, 12, 18, 4, 9, 14]",702.0,12.676885843276978
"[19, 1, 0, 5, 2, 16, 3, 10, 15, 6, 13, 17, 11, 8, 7, 12, 18, 4, 9, 14]",702.0,"[19, 1, 0, 5, 2, 16, 3, 10, 15, 6, 13, 17, 11, 8, 7, 12, 18, 4, 9, 14]",702.0,12.746886730194092
"[19, 1, 0, 5, 2, 16, 3, 10, 15, 6, 13, 17, 11, 8, 7, 12, 18, 4, 9, 14]",702.0,"[19, 1, 0, 5, 2, 16, 3, 10, 15, 6, 13, 17, 11, 8, 7, 12, 18, 4, 9, 14]",702.0,12.821885824203491
"[19, 1, 0, 5, 2, 16, 3, 10, 15, 6, 13, 17, 11, 8, 7, 12, 18, 4, 9, 14]",702.0,"[19, 1, 0, 5, 2, 16, 3, 10, 15, 6, 13, 17, 11, 8, 7, 12, 18, 4, 9, 14]",702.0,12.892885446548462
"[19, 1, 0, 5, 2, 16, 3, 10, 15, 6, 13, 17, 11, 8, 7, 12, 18, 4, 9, 14]",702.0,"[19, 1, 0, 5, 2, 16, 3, 10, 15, 6, 13, 17, 11, 8, 7, 12, 18, 4, 9, 14]",702.0,12.962883234024048
"[19, 1, 0, 5, 2, 16, 3, 10, 15, 6, 13, 17, 11, 8, 7, 12, 18, 4, 9, 14]",702.0,"[19, 1, 0, 5, 2, 16, 3, 10, 15, 6, 13, 17, 11, 8, 7, 12, 18, 4, 9, 14]",702.0,13.037883520126343
"[19, 1, 0, 5, 2, 16, 3, 10, 15, 6, 13, 17, 11, 8, 7, 12, 18, 4, 9, 14]",702.0,"[19, 1, 0, 5, 2, 16, 3, 10, 15, 6, 13, 17, 11, 8, 7, 12, 18, 4, 9, 14]",702.0,13.10790205001831
"[19, 1, 0, 5, 2, 16, 3, 10, 15, 6, 13, 17, 11, 8, 7, 12, 18, 4, 9, 14]",702.0,"[19, 1, 0, 5, 2, 16, 3, 10, 15, 6, 13, 17, 11, 8, 7, 12, 18, 4, 9, 14]",702.0,13.1838858127594
"[19, 1, 0, 5, 2, 16, 3, 10, 15, 6, 13, 17, 11, 8, 7, 12, 18, 4, 9, 14]",702.0,"[19, 1, 0, 5, 2, 16, 3, 10, 15, 6, 13, 17, 11, 8, 7, 12, 18, 4, 9, 14]",702.0,13.254924297332764
"[19, 1, 0, 5, 2, 16, 3, 10, 15, 6, 13, 17, 11, 8, 7, 12, 18, 4, 9, 14]",702.0,"[19, 1, 0, 5, 2, 16, 3, 10, 15, 6, 13, 17, 11, 8, 7, 12, 18, 4, 9, 14]",702.0,13.324891567230225
"[19, 1, 0, 5, 2, 16, 3, 10, 15, 6, 13, 17, 11, 8, 7, 12, 18, 4, 9, 14]",702.0,"[19, 1, 0, 5, 2, 16, 3, 10, 15, 6, 13, 17, 11, 8, 7, 12, 18, 4, 9, 14]",702.0,13.393036365509033
"[19, 1, 0, 5, 2, 16, 3, 10, 15, 6, 13, 17, 11, 8, 7, 12, 18, 4, 9, 14]",702.0,"[19, 1, 0, 5, 2, 16, 3, 10, 15, 6, 13, 17, 11, 8, 7, 12, 18, 4, 9, 14]",702.0,13.461891174316406
"[19, 1, 0, 5, 2, 16, 3, 10, 15, 6, 13, 17, 11, 8, 7, 12, 18, 4, 9, 14]",702.0,"[19, 1, 0, 5, 2, 16, 3, 10, 15, 6, 13, 17, 11, 8, 7, 12, 18, 4, 9, 14]",702.0,13.527893543243408
"[19, 1, 0, 5, 2, 16, 3, 10, 15, 6, 13, 17, 11, 8, 7, 12, 18, 4, 9, 14]",702.0,"[19, 1, 0, 5, 2, 16, 3, 10, 15, 6, 13, 17, 11, 8, 7, 12, 18, 4, 9, 14]",702.0,13.597889423370361
"[19, 1, 0, 5, 2, 16, 3, 10, 15, 6, 13, 17, 11, 8, 7, 12, 18, 4, 9, 14]",702.0,"[19, 1, 0, 5, 2, 16, 3, 10, 15, 6, 13, 17, 11, 8, 7, 12, 18, 4, 9, 14]",702.0,13.66990351676941
"[19, 1, 0, 5, 2, 16, 3, 10, 15, 6, 13, 17, 11, 8, 7, 12, 18, 4, 9, 14]",702.0,"[19, 1, 0, 5, 2, 16, 3, 10, 15, 6, 13, 17, 11, 8, 7, 12, 18, 4, 9, 14]",702.0,13.739891052246094
"[19, 1, 0, 5, 2, 16, 3, 10, 15, 6, 13, 17, 11, 8, 7, 12, 18, 4, 9, 14]",702.0,"[19, 1, 0, 5, 2, 16, 3, 10, 15, 6, 13, 17, 11, 8, 7, 12, 18, 4, 9, 14]",702.0,13.806939840316772
"[19, 1, 0, 5, 2, 16, 3, 10, 15, 6, 13, 17, 11, 8, 7, 12, 18, 4, 9, 14]",702.0,"[19, 1, 0, 5, 2, 16, 3, 10, 15, 6, 13, 17, 11, 8, 7, 12, 18, 4, 9, 14]",702.0,13.874892711639404
"[19, 1, 0, 5, 2, 16, 3, 10, 15, 6, 13, 17, 11, 8, 7, 12, 18, 4, 9, 14]",702.0,"[19, 1, 0, 5, 2, 16, 3, 10, 15, 6, 13, 17, 11, 8, 7, 12, 18, 4, 9, 14]",702.0,13.948895931243896
