Sequence,Fitness,Best_sequence,Best_fitness,Time
"[17, 7, 5, 6, 8, 2, 15, 14, 4, 11, 12, 1, 18, 0, 16, 13, 19, 3, 9, 10]",753.5,"[17, 7, 5, 6, 8, 2, 15, 14, 4, 11, 12, 1, 18, 0, 16, 13, 19, 3, 9, 10]",753.5,0.0
"[17, 7, 5, 6, 8, 2, 15, 14, 4, 11, 12, 1, 18, 0, 16, 13, 19, 3, 9, 10]",753.5,"[17, 7, 5, 6, 8, 2, 15, 14, 4, 11, 12, 1, 18, 0, 16, 13, 19, 3, 9, 10]",753.5,0.06899905204772949
"[17, 7, 5, 6, 8, 2, 15, 14, 4, 11, 12, 1, 18, 0, 16, 13, 19, 3, 9, 10]",753.5,"[17, 7, 5, 6, 8, 2, 15, 14, 4, 11, 12, 1, 18, 0, 16, 13, 19, 3, 9, 10]",753.5,0.16100096702575684
"[17, 7, 5, 6, 8, 2, 15, 14, 4, 11, 12, 1, 18, 0, 16, 13, 19, 3, 9, 10]",753.5,"[17, 7, 5, 6, 8, 2, 15, 14, 4, 11, 12, 1, 18, 0, 16, 13, 19, 3, 9, 10]",753.5,0.22901248931884766
"[17, 7, 5, 6, 8, 3, 15, 14, 4, 11, 12, 1, 18, 0, 16, 13, 19, 2, 9, 10]",738.0,"[17, 7, 5, 6, 8, 3, 15, 14, 4, 11, 12, 1, 18, 0, 16, 13, 19, 2, 9, 10]",738.0,0.2969992160797119
"[17, 7, 5, 6, 8, 3, 15, 14, 4, 11, 12, 1, 18, 0, 16, 13, 19, 2, 9, 10]",738.0,"[17, 7, 5, 6, 8, 3, 15, 14, 4, 11, 12, 1, 18, 0, 16, 13, 19, 2, 9, 10]",738.0,0.3619980812072754
"[17, 7, 5, 6, 8, 3, 15, 14, 4, 11, 12, 1, 18, 0, 16, 13, 19, 2, 9, 10]",738.0,"[17, 7, 5, 6, 8, 3, 15, 14, 4, 11, 12, 1, 18, 0, 16, 13, 19, 2, 9, 10]",738.0,0.4259967803955078
"[17, 7, 5, 6, 8, 3, 15, 14, 4, 11, 12, 1, 18, 0, 16, 13, 19, 2, 9, 10]",738.0,"[17, 7, 5, 6, 8, 3, 15, 14, 4, 11, 12, 1, 18, 0, 16, 13, 19, 2, 9, 10]",738.0,0.4909958839416504
"[17, 7, 5, 6, 8, 1, 15, 14, 4, 11, 12, 3, 18, 0, 16, 13, 19, 2, 9, 10]",737.5,"[17, 7, 5, 6, 8, 1, 15, 14, 4, 11, 12, 3, 18, 0, 16, 13, 19, 2, 9, 10]",737.5,0.556995153427124
"[17, 7, 5, 6, 8, 1, 15, 14, 4, 11, 12, 3, 18, 0, 16, 13, 19, 2, 9, 10]",737.5,"[17, 7, 5, 6, 8, 1, 15, 14, 4, 11, 12, 3, 18, 0, 16, 13, 19, 2, 9, 10]",737.5,0.6249983310699463
"[17, 7, 5, 6, 8, 1, 15, 14, 4, 11, 12, 3, 18, 0, 16, 13, 19, 2, 9, 10]",737.5,"[17, 7, 5, 6, 8, 1, 15, 14, 4, 11, 12, 3, 18, 0, 16, 13, 19, 2, 9, 10]",737.5,0.6899974346160889
"[17, 7, 5, 6, 8, 1, 15, 14, 4, 11, 12, 3, 18, 0, 16, 13, 19, 2, 9, 10]",737.5,"[17, 7, 5, 6, 8, 1, 15, 14, 4, 11, 12, 3, 18, 0, 16, 13, 19, 2, 9, 10]",737.5,0.7549946308135986
"[17, 7, 5, 6, 8, 1, 15, 14, 4, 11, 12, 3, 18, 0, 16, 13, 19, 2, 9, 10]",737.5,"[17, 7, 5, 6, 8, 1, 15, 14, 4, 11, 12, 3, 18, 0, 16, 13, 19, 2, 9, 10]",737.5,0.8229970932006836
"[17, 7, 5, 6, 8, 1, 15, 14, 4, 11, 12, 3, 18, 0, 16, 13, 19, 2, 9, 10]",737.5,"[17, 7, 5, 6, 8, 1, 15, 14, 4, 11, 12, 3, 18, 0, 16, 13, 19, 2, 9, 10]",737.5,0.8919925689697266
"[17, 7, 5, 6, 8, 1, 15, 14, 4, 11, 12, 3, 18, 0, 16, 13, 19, 2, 9, 10]",737.5,"[17, 7, 5, 6, 8, 1, 15, 14, 4, 11, 12, 3, 18, 0, 16, 13, 19, 2, 9, 10]",737.5,0.9589958190917969
"[17, 7, 5, 6, 8, 1, 15, 14, 4, 11, 12, 3, 18, 0, 16, 13, 19, 2, 9, 10]",737.5,"[17, 7, 5, 6, 8, 1, 15, 14, 4, 11, 12, 3, 18, 0, 16, 13, 19, 2, 9, 10]",737.5,1.0229945182800293
"[17, 7, 5, 6, 8, 1, 15, 14, 4, 11, 12, 3, 18, 0, 16, 13, 19, 2, 9, 10]",737.5,"[17, 7, 5, 6, 8, 1, 15, 14, 4, 11, 12, 3, 18, 0, 16, 13, 19, 2, 9, 10]",737.5,1.0880846977233887
"[17, 7, 5, 6, 8, 1, 15, 14, 4, 11, 12, 3, 18, 0, 16, 13, 19, 2, 9, 10]",737.5,"[17, 7, 5, 6, 8, 1, 15, 14, 4, 11, 12, 3, 18, 0, 16, 13, 19, 2, 9, 10]",737.5,1.1559932231903076
"[17, 7, 5, 6, 8, 1, 15, 14, 4, 11, 12, 3, 18, 0, 16, 13, 19, 2, 9, 10]",737.5,"[17, 7, 5, 6, 8, 1, 15, 14, 4, 11, 12, 3, 18, 0, 16, 13, 19, 2, 9, 10]",737.5,1.2209937572479248
"[17, 7, 5, 6, 8, 1, 15, 14, 4, 11, 12, 3, 18, 0, 16, 13, 19, 2, 9, 10]",737.5,"[17, 7, 5, 6, 8, 1, 15, 14, 4, 11, 12, 3, 18, 0, 16, 13, 19, 2, 9, 10]",737.5,1.2899913787841797
"[17, 7, 5, 6, 8, 1, 15, 14, 4, 11, 12, 3, 18, 0, 16, 13, 19, 2, 9, 10]",737.5,"[17, 7, 5, 6, 8, 1, 15, 14, 4, 11, 12, 3, 18, 0, 16, 13, 19, 2, 9, 10]",737.5,1.354992389678955
"[17, 7, 5, 6, 8, 1, 15, 14, 4, 11, 12, 3, 18, 0, 16, 13, 19, 2, 9, 10]",737.5,"[17, 7, 5, 6, 8, 1, 15, 14, 4, 11, 12, 3, 18, 0, 16, 13, 19, 2, 9, 10]",737.5,1.4229896068572998
"[17, 7, 5, 6, 8, 1, 15, 14, 4, 11, 12, 3, 18, 0, 16, 13, 19, 2, 9, 10]",737.5,"[17, 7, 5, 6, 8, 1, 15, 14, 4, 11, 12, 3, 18, 0, 16, 13, 19, 2, 9, 10]",737.5,1.487989902496338
"[17, 7, 5, 6, 8, 1, 15, 14, 4, 11, 12, 3, 18, 0, 16, 13, 19, 2, 9, 10]",737.5,"[17, 7, 5, 6, 8, 1, 15, 14, 4, 11, 12, 3, 18, 0, 16, 13, 19, 2, 9, 10]",737.5,1.5539889335632324
"[17, 7, 5, 6, 8, 1, 15, 14, 4, 11, 12, 3, 18, 0, 16, 13, 19, 2, 9, 10]",737.5,"[17, 7, 5, 6, 8, 1, 15, 14, 4, 11, 12, 3, 18, 0, 16, 13, 19, 2, 9, 10]",737.5,1.625988483428955
"[17, 7, 5, 6, 8, 1, 15, 14, 4, 11, 12, 3, 18, 0, 16, 13, 19, 2, 9, 10]",737.5,"[17, 7, 5, 6, 8, 1, 15, 14, 4, 11, 12, 3, 18, 0, 16, 13, 19, 2, 9, 10]",737.5,1.6929843425750732
"[17, 7, 5, 6, 8, 1, 15, 14, 0, 11, 12, 3, 18, 4, 16, 13, 19, 2, 9, 10]",733.0,"[17, 7, 5, 6, 8, 1, 15, 14, 0, 11, 12, 3, 18, 4, 16, 13, 19, 2, 9, 10]",733.0,1.7579853534698486
"[17, 7, 5, 6, 8, 1, 15, 14, 0, 11, 12, 3, 18, 4, 16, 13, 19, 2, 9, 10]",733.0,"[17, 7, 5, 6, 8, 1, 15, 14, 0, 11, 12, 3, 18, 4, 16, 13, 19, 2, 9, 10]",733.0,1.8219866752624512
"[17, 7, 5, 6, 8, 1, 15, 14, 0, 11, 12, 3, 18, 4, 16, 13, 19, 2, 9, 10]",733.0,"[17, 7, 5, 6, 8, 1, 15, 14, 0, 11, 12, 3, 18, 4, 16, 13, 19, 2, 9, 10]",733.0,1.8889858722686768
"[17, 7, 5, 6, 8, 1, 15, 14, 0, 11, 12, 3, 18, 4, 16, 13, 19, 2, 9, 10]",733.0,"[17, 7, 5, 6, 8, 1, 15, 14, 0, 11, 12, 3, 18, 4, 16, 13, 19, 2, 9, 10]",733.0,1.9579832553863525
"[17, 7, 5, 6, 8, 1, 15, 14, 0, 11, 12, 3, 18, 4, 16, 13, 19, 2, 9, 10]",733.0,"[17, 7, 5, 6, 8, 1, 15, 14, 0, 11, 12, 3, 18, 4, 16, 13, 19, 2, 9, 10]",733.0,2.023984670639038
"[17, 7, 5, 6, 8, 1, 15, 14, 0, 11, 12, 3, 18, 4, 16, 13, 19, 2, 9, 10]",733.0,"[17, 7, 5, 6, 8, 1, 15, 14, 0, 11, 12, 3, 18, 4, 16, 13, 19, 2, 9, 10]",733.0,2.0889840126037598
"[17, 7, 5, 6, 8, 1, 15, 14, 0, 11, 12, 3, 18, 4, 16, 13, 19, 2, 9, 10]",733.0,"[17, 7, 5, 6, 8, 1, 15, 14, 0, 11, 12, 3, 18, 4, 16, 13, 19, 2, 9, 10]",733.0,2.156986951828003
"[17, 7, 5, 6, 8, 1, 15, 14, 0, 11, 12, 3, 18, 4, 16, 13, 19, 2, 9, 10]",733.0,"[17, 7, 5, 6, 8, 1, 15, 14, 0, 11, 12, 3, 18, 4, 16, 13, 19, 2, 9, 10]",733.0,2.2229833602905273
"[17, 7, 5, 6, 8, 1, 15, 14, 0, 11, 12, 3, 18, 4, 16, 13, 19, 2, 9, 10]",733.0,"[17, 7, 5, 6, 8, 1, 15, 14, 0, 11, 12, 3, 18, 4, 16, 13, 19, 2, 9, 10]",733.0,2.287982225418091
"[17, 7, 5, 6, 8, 1, 15, 14, 0, 11, 12, 3, 18, 4, 16, 13, 19, 2, 9, 10]",733.0,"[17, 7, 5, 6, 8, 1, 15, 14, 0, 11, 12, 3, 18, 4, 16, 13, 19, 2, 9, 10]",733.0,2.355980157852173
"[17, 7, 5, 6, 8, 1, 15, 14, 0, 11, 12, 3, 18, 4, 16, 13, 19, 2, 9, 10]",733.0,"[17, 7, 5, 6, 8, 1, 15, 14, 0, 11, 12, 3, 18, 4, 16, 13, 19, 2, 9, 10]",733.0,2.4229798316955566
"[17, 7, 5, 6, 8, 1, 15, 14, 0, 11, 12, 3, 18, 4, 16, 13, 19, 2, 9, 10]",733.0,"[17, 7, 5, 6, 8, 1, 15, 14, 0, 11, 12, 3, 18, 4, 16, 13, 19, 2, 9, 10]",733.0,2.4879801273345947
"[17, 7, 5, 6, 8, 1, 15, 14, 0, 11, 12, 3, 18, 4, 16, 13, 19, 2, 9, 10]",733.0,"[17, 7, 5, 6, 8, 1, 15, 14, 0, 11, 12, 3, 18, 4, 16, 13, 19, 2, 9, 10]",733.0,2.5529837608337402
"[17, 7, 5, 6, 8, 1, 15, 14, 0, 11, 12, 3, 18, 4, 16, 13, 19, 2, 9, 10]",733.0,"[17, 7, 5, 6, 8, 1, 15, 14, 0, 11, 12, 3, 18, 4, 16, 13, 19, 2, 9, 10]",733.0,2.6199769973754883
"[17, 7, 5, 6, 8, 1, 15, 14, 0, 11, 12, 3, 18, 4, 16, 13, 19, 2, 9, 10]",733.0,"[17, 7, 5, 6, 8, 1, 15, 14, 0, 11, 12, 3, 18, 4, 16, 13, 19, 2, 9, 10]",733.0,2.6849775314331055
"[17, 7, 5, 6, 8, 1, 15, 14, 0, 11, 12, 3, 18, 4, 16, 13, 19, 2, 9, 10]",733.0,"[17, 7, 5, 6, 8, 1, 15, 14, 0, 11, 12, 3, 18, 4, 16, 13, 19, 2, 9, 10]",733.0,2.748976945877075
"[17, 7, 5, 6, 8, 1, 15, 14, 0, 11, 12, 3, 18, 4, 16, 13, 19, 2, 9, 10]",733.0,"[17, 7, 5, 6, 8, 1, 15, 14, 0, 11, 12, 3, 18, 4, 16, 13, 19, 2, 9, 10]",733.0,2.818194627761841
"[17, 7, 5, 6, 8, 1, 15, 14, 0, 11, 12, 3, 18, 4, 16, 13, 19, 2, 9, 10]",733.0,"[17, 7, 5, 6, 8, 1, 15, 14, 0, 11, 12, 3, 18, 4, 16, 13, 19, 2, 9, 10]",733.0,2.892183542251587
"[17, 7, 5, 6, 8, 1, 15, 14, 0, 11, 12, 3, 18, 4, 16, 13, 19, 2, 9, 10]",733.0,"[17, 7, 5, 6, 8, 1, 15, 14, 0, 11, 12, 3, 18, 4, 16, 13, 19, 2, 9, 10]",733.0,2.966977596282959
"[17, 7, 5, 6, 8, 1, 15, 14, 0, 11, 12, 3, 18, 4, 16, 13, 19, 2, 9, 10]",733.0,"[17, 7, 5, 6, 8, 1, 15, 14, 0, 11, 12, 3, 18, 4, 16, 13, 19, 2, 9, 10]",733.0,3.0381805896759033
"[17, 7, 5, 6, 8, 1, 15, 14, 0, 11, 12, 3, 18, 4, 16, 13, 19, 2, 9, 10]",733.0,"[17, 7, 5, 6, 8, 1, 15, 14, 0, 11, 12, 3, 18, 4, 16, 13, 19, 2, 9, 10]",733.0,3.112975597381592
"[17, 7, 5, 6, 8, 1, 15, 14, 0, 11, 12, 3, 18, 4, 16, 13, 19, 2, 9, 10]",733.0,"[17, 7, 5, 6, 8, 1, 15, 14, 0, 11, 12, 3, 18, 4, 16, 13, 19, 2, 9, 10]",733.0,3.185180187225342
"[17, 7, 5, 6, 8, 1, 15, 14, 0, 11, 12, 3, 18, 4, 16, 13, 19, 2, 9, 10]",733.0,"[17, 7, 5, 6, 8, 1, 15, 14, 0, 11, 12, 3, 18, 4, 16, 13, 19, 2, 9, 10]",733.0,3.2619733810424805
"[17, 7, 5, 6, 8, 1, 15, 14, 0, 11, 12, 3, 18, 4, 16, 13, 19, 2, 9, 10]",733.0,"[17, 7, 5, 6, 8, 1, 15, 14, 0, 11, 12, 3, 18, 4, 16, 13, 19, 2, 9, 10]",733.0,3.3289716243743896
"[17, 7, 5, 6, 8, 1, 15, 14, 0, 11, 12, 3, 18, 4, 16, 13, 19, 2, 9, 10]",733.0,"[17, 7, 5, 6, 8, 1, 15, 14, 0, 11, 12, 3, 18, 4, 16, 13, 19, 2, 9, 10]",733.0,3.396974563598633
"[17, 7, 5, 6, 8, 1, 15, 14, 0, 11, 12, 3, 18, 4, 16, 13, 19, 2, 9, 10]",733.0,"[17, 7, 5, 6, 8, 1, 15, 14, 0, 11, 12, 3, 18, 4, 16, 13, 19, 2, 9, 10]",733.0,3.464970827102661
"[17, 7, 5, 6, 8, 1, 15, 14, 0, 11, 12, 3, 18, 4, 16, 13, 19, 2, 9, 10]",733.0,"[17, 7, 5, 6, 8, 1, 15, 14, 0, 11, 12, 3, 18, 4, 16, 13, 19, 2, 9, 10]",733.0,3.5309693813323975
"[17, 7, 5, 6, 8, 1, 15, 14, 0, 11, 12, 3, 18, 4, 16, 13, 19, 2, 9, 10]",733.0,"[17, 7, 5, 6, 8, 1, 15, 14, 0, 11, 12, 3, 18, 4, 16, 13, 19, 2, 9, 10]",733.0,3.60097074508667
"[17, 7, 5, 6, 8, 1, 15, 14, 0, 11, 12, 3, 18, 4, 16, 13, 19, 2, 9, 10]",733.0,"[17, 7, 5, 6, 8, 1, 15, 14, 0, 11, 12, 3, 18, 4, 16, 13, 19, 2, 9, 10]",733.0,3.6709702014923096
"[17, 7, 5, 6, 8, 1, 15, 14, 0, 11, 12, 3, 18, 4, 16, 13, 19, 2, 9, 10]",733.0,"[17, 7, 5, 6, 8, 1, 15, 14, 0, 11, 12, 3, 18, 4, 16, 13, 19, 2, 9, 10]",733.0,3.739967107772827
"[17, 7, 5, 6, 8, 1, 15, 14, 0, 11, 12, 3, 18, 4, 16, 13, 19, 2, 9, 10]",733.0,"[17, 7, 5, 6, 8, 1, 15, 14, 0, 11, 12, 3, 18, 4, 16, 13, 19, 2, 9, 10]",733.0,3.8079721927642822
"[17, 7, 5, 6, 8, 1, 15, 14, 0, 11, 12, 3, 18, 4, 16, 13, 19, 2, 9, 10]",733.0,"[17, 7, 5, 6, 8, 1, 15, 14, 0, 11, 12, 3, 18, 4, 16, 13, 19, 2, 9, 10]",733.0,3.8739688396453857
"[17, 7, 5, 6, 8, 1, 15, 14, 0, 11, 12, 3, 18, 4, 16, 13, 19, 2, 9, 10]",733.0,"[17, 7, 5, 6, 8, 1, 15, 14, 0, 11, 12, 3, 18, 4, 16, 13, 19, 2, 9, 10]",733.0,3.9389703273773193
"[17, 7, 5, 6, 8, 1, 15, 14, 0, 11, 12, 3, 18, 4, 16, 13, 19, 2, 9, 10]",733.0,"[17, 7, 5, 6, 8, 1, 15, 14, 0, 11, 12, 3, 18, 4, 16, 13, 19, 2, 9, 10]",733.0,4.006068468093872
"[17, 7, 5, 6, 8, 1, 15, 14, 0, 11, 12, 3, 18, 4, 16, 13, 19, 2, 9, 10]",733.0,"[17, 7, 5, 6, 8, 1, 15, 14, 0, 11, 12, 3, 18, 4, 16, 13, 19, 2, 9, 10]",733.0,4.06997537612915
"[17, 7, 5, 6, 8, 1, 15, 14, 0, 11, 12, 3, 18, 4, 16, 13, 19, 2, 9, 10]",733.0,"[17, 7, 5, 6, 8, 1, 15, 14, 0, 11, 12, 3, 18, 4, 16, 13, 19, 2, 9, 10]",733.0,4.135968208312988
"[17, 7, 5, 6, 8, 1, 15, 14, 0, 11, 12, 3, 18, 19, 16, 13, 4, 2, 9, 10]",717.5,"[17, 7, 5, 6, 8, 1, 15, 14, 0, 11, 12, 3, 18, 19, 16, 13, 4, 2, 9, 10]",717.5,4.201987266540527
"[17, 7, 5, 6, 8, 1, 15, 14, 0, 11, 12, 3, 18, 19, 16, 13, 4, 2, 9, 10]",717.5,"[17, 7, 5, 6, 8, 1, 15, 14, 0, 11, 12, 3, 18, 19, 16, 13, 4, 2, 9, 10]",717.5,4.267988204956055
"[17, 7, 5, 6, 8, 1, 15, 14, 0, 11, 12, 3, 18, 19, 16, 13, 4, 2, 9, 10]",717.5,"[17, 7, 5, 6, 8, 1, 15, 14, 0, 11, 12, 3, 18, 19, 16, 13, 4, 2, 9, 10]",717.5,4.3329832553863525
"[17, 7, 5, 6, 8, 1, 15, 14, 0, 11, 12, 3, 18, 19, 16, 13, 4, 2, 9, 10]",717.5,"[17, 7, 5, 6, 8, 1, 15, 14, 0, 11, 12, 3, 18, 19, 16, 13, 4, 2, 9, 10]",717.5,4.397987604141235
"[17, 7, 5, 6, 8, 1, 15, 14, 0, 11, 12, 3, 18, 19, 16, 13, 4, 2, 9, 10]",717.5,"[17, 7, 5, 6, 8, 1, 15, 14, 0, 11, 12, 3, 18, 19, 16, 13, 4, 2, 9, 10]",717.5,4.464982986450195
"[17, 7, 5, 6, 8, 1, 15, 14, 0, 11, 12, 3, 18, 19, 16, 13, 4, 2, 9, 10]",717.5,"[17, 7, 5, 6, 8, 1, 15, 14, 0, 11, 12, 3, 18, 19, 16, 13, 4, 2, 9, 10]",717.5,4.537169456481934
"[17, 7, 5, 6, 8, 1, 15, 14, 0, 11, 12, 3, 18, 19, 16, 13, 4, 2, 9, 10]",717.5,"[17, 7, 5, 6, 8, 1, 15, 14, 0, 11, 12, 3, 18, 19, 16, 13, 4, 2, 9, 10]",717.5,4.605981111526489
"[17, 7, 5, 6, 8, 1, 15, 14, 0, 11, 12, 3, 18, 19, 16, 13, 4, 2, 9, 10]",717.5,"[17, 7, 5, 6, 8, 1, 15, 14, 0, 11, 12, 3, 18, 19, 16, 13, 4, 2, 9, 10]",717.5,4.671988487243652
"[17, 7, 5, 6, 8, 1, 15, 14, 0, 11, 12, 3, 18, 19, 16, 13, 4, 2, 9, 10]",717.5,"[17, 7, 5, 6, 8, 1, 15, 14, 0, 11, 12, 3, 18, 19, 16, 13, 4, 2, 9, 10]",717.5,4.7419867515563965
"[17, 7, 5, 6, 8, 1, 15, 14, 0, 11, 12, 3, 18, 19, 16, 13, 4, 2, 9, 10]",717.5,"[17, 7, 5, 6, 8, 1, 15, 14, 0, 11, 12, 3, 18, 19, 16, 13, 4, 2, 9, 10]",717.5,4.807992935180664
"[17, 7, 5, 6, 8, 1, 15, 14, 0, 11, 12, 3, 18, 19, 16, 13, 4, 2, 9, 10]",717.5,"[17, 7, 5, 6, 8, 1, 15, 14, 0, 11, 12, 3, 18, 19, 16, 13, 4, 2, 9, 10]",717.5,4.877981185913086
"[17, 7, 5, 6, 8, 1, 15, 14, 0, 11, 12, 3, 18, 19, 16, 13, 4, 2, 9, 10]",717.5,"[17, 7, 5, 6, 8, 1, 15, 14, 0, 11, 12, 3, 18, 19, 16, 13, 4, 2, 9, 10]",717.5,4.944981098175049
"[17, 7, 5, 6, 8, 1, 15, 14, 0, 11, 12, 3, 16, 19, 18, 13, 4, 2, 9, 10]",715.0,"[17, 7, 5, 6, 8, 1, 15, 14, 0, 11, 12, 3, 16, 19, 18, 13, 4, 2, 9, 10]",715.0,5.0149829387664795
"[17, 7, 5, 6, 8, 1, 15, 14, 0, 11, 12, 3, 16, 19, 18, 13, 4, 2, 9, 10]",715.0,"[17, 7, 5, 6, 8, 1, 15, 14, 0, 11, 12, 3, 16, 19, 18, 13, 4, 2, 9, 10]",715.0,5.1069817543029785
"[17, 7, 5, 6, 8, 1, 15, 14, 0, 11, 12, 3, 16, 19, 18, 13, 4, 2, 9, 10]",715.0,"[17, 7, 5, 6, 8, 1, 15, 14, 0, 11, 12, 3, 16, 19, 18, 13, 4, 2, 9, 10]",715.0,5.174975872039795
"[17, 7, 5, 6, 8, 1, 15, 14, 0, 11, 12, 3, 16, 19, 18, 13, 4, 2, 9, 10]",715.0,"[17, 7, 5, 6, 8, 1, 15, 14, 0, 11, 12, 3, 16, 19, 18, 13, 4, 2, 9, 10]",715.0,5.243978023529053
"[17, 7, 5, 6, 8, 1, 15, 14, 0, 11, 12, 3, 16, 19, 18, 13, 4, 2, 9, 10]",715.0,"[17, 7, 5, 6, 8, 1, 15, 14, 0, 11, 12, 3, 16, 19, 18, 13, 4, 2, 9, 10]",715.0,5.308975458145142
"[17, 7, 5, 6, 8, 1, 15, 14, 0, 11, 12, 3, 16, 19, 18, 13, 4, 2, 9, 10]",715.0,"[17, 7, 5, 6, 8, 1, 15, 14, 0, 11, 12, 3, 16, 19, 18, 13, 4, 2, 9, 10]",715.0,5.373974323272705
"[17, 7, 5, 6, 8, 1, 15, 14, 0, 11, 12, 3, 16, 19, 18, 13, 4, 2, 9, 10]",715.0,"[17, 7, 5, 6, 8, 1, 15, 14, 0, 11, 12, 3, 16, 19, 18, 13, 4, 2, 9, 10]",715.0,5.4389729499816895
"[17, 7, 5, 6, 8, 1, 15, 14, 0, 11, 12, 3, 16, 19, 18, 13, 4, 2, 9, 10]",715.0,"[17, 7, 5, 6, 8, 1, 15, 14, 0, 11, 12, 3, 16, 19, 18, 13, 4, 2, 9, 10]",715.0,5.504034042358398
"[17, 7, 5, 6, 8, 1, 15, 14, 0, 11, 12, 3, 16, 19, 18, 13, 4, 2, 9, 10]",715.0,"[17, 7, 5, 6, 8, 1, 15, 14, 0, 11, 12, 3, 16, 19, 18, 13, 4, 2, 9, 10]",715.0,5.5699920654296875
"[17, 7, 5, 6, 8, 1, 15, 14, 0, 11, 12, 3, 16, 19, 18, 13, 4, 2, 9, 10]",715.0,"[17, 7, 5, 6, 8, 1, 15, 14, 0, 11, 12, 3, 16, 19, 18, 13, 4, 2, 9, 10]",715.0,5.635972499847412
"[17, 7, 5, 6, 8, 1, 15, 14, 0, 11, 12, 3, 16, 19, 18, 13, 4, 2, 9, 10]",715.0,"[17, 7, 5, 6, 8, 1, 15, 14, 0, 11, 12, 3, 16, 19, 18, 13, 4, 2, 9, 10]",715.0,5.702974081039429
"[17, 7, 5, 6, 8, 1, 15, 14, 0, 11, 12, 3, 16, 19, 18, 13, 4, 2, 9, 10]",715.0,"[17, 7, 5, 6, 8, 1, 15, 14, 0, 11, 12, 3, 16, 19, 18, 13, 4, 2, 9, 10]",715.0,5.7719738483428955
"[17, 7, 5, 6, 8, 1, 15, 14, 0, 11, 12, 3, 16, 19, 18, 13, 4, 2, 9, 10]",715.0,"[17, 7, 5, 6, 8, 1, 15, 14, 0, 11, 12, 3, 16, 19, 18, 13, 4, 2, 9, 10]",715.0,5.838991403579712
"[17, 7, 5, 6, 8, 1, 15, 14, 0, 11, 12, 3, 16, 19, 18, 13, 4, 2, 9, 10]",715.0,"[17, 7, 5, 6, 8, 1, 15, 14, 0, 11, 12, 3, 16, 19, 18, 13, 4, 2, 9, 10]",715.0,5.904983997344971
"[17, 7, 5, 6, 8, 1, 15, 14, 0, 11, 12, 3, 16, 19, 18, 13, 4, 2, 9, 10]",715.0,"[17, 7, 5, 6, 8, 1, 15, 14, 0, 11, 12, 3, 16, 19, 18, 13, 4, 2, 9, 10]",715.0,5.969970226287842
"[17, 7, 5, 6, 8, 1, 15, 14, 0, 11, 12, 3, 16, 19, 18, 13, 4, 2, 9, 10]",715.0,"[17, 7, 5, 6, 8, 1, 15, 14, 0, 11, 12, 3, 16, 19, 18, 13, 4, 2, 9, 10]",715.0,6.034975051879883
"[17, 7, 5, 6, 8, 1, 15, 14, 0, 11, 12, 3, 16, 19, 18, 13, 4, 2, 9, 10]",715.0,"[17, 7, 5, 6, 8, 1, 15, 14, 0, 11, 12, 3, 16, 19, 18, 13, 4, 2, 9, 10]",715.0,6.101968050003052
"[17, 7, 6, 5, 8, 1, 15, 14, 0, 11, 12, 3, 16, 19, 18, 13, 4, 2, 9, 10]",714.5,"[17, 7, 6, 5, 8, 1, 15, 14, 0, 11, 12, 3, 16, 19, 18, 13, 4, 2, 9, 10]",714.5,6.169971942901611
"[17, 7, 6, 5, 8, 1, 15, 14, 0, 11, 12, 3, 16, 19, 18, 13, 4, 2, 9, 10]",714.5,"[17, 7, 6, 5, 8, 1, 15, 14, 0, 11, 12, 3, 16, 19, 18, 13, 4, 2, 9, 10]",714.5,6.237971305847168
"[17, 7, 6, 5, 8, 1, 15, 14, 0, 11, 12, 3, 16, 19, 18, 13, 4, 2, 9, 10]",714.5,"[17, 7, 6, 5, 8, 1, 15, 14, 0, 11, 12, 3, 16, 19, 18, 13, 4, 2, 9, 10]",714.5,6.306970596313477
"[17, 7, 6, 5, 8, 1, 15, 14, 0, 11, 12, 3, 16, 19, 18, 13, 4, 2, 9, 10]",714.5,"[17, 7, 6, 5, 8, 1, 15, 14, 0, 11, 12, 3, 16, 19, 18, 13, 4, 2, 9, 10]",714.5,6.378022909164429
"[17, 7, 6, 5, 8, 1, 15, 14, 0, 11, 12, 3, 16, 19, 18, 13, 4, 2, 9, 10]",714.5,"[17, 7, 6, 5, 8, 1, 15, 14, 0, 11, 12, 3, 16, 19, 18, 13, 4, 2, 9, 10]",714.5,6.445965051651001
"[17, 7, 6, 5, 8, 1, 15, 14, 0, 11, 12, 3, 16, 19, 18, 13, 4, 2, 9, 10]",714.5,"[17, 7, 6, 5, 8, 1, 15, 14, 0, 11, 12, 3, 16, 19, 18, 13, 4, 2, 9, 10]",714.5,6.511967658996582
"[17, 7, 6, 5, 8, 1, 15, 14, 0, 11, 12, 3, 16, 19, 18, 13, 4, 2, 9, 10]",714.5,"[17, 7, 6, 5, 8, 1, 15, 14, 0, 11, 12, 3, 16, 19, 18, 13, 4, 2, 9, 10]",714.5,6.580965042114258
"[17, 7, 6, 5, 8, 1, 15, 14, 0, 11, 12, 3, 16, 19, 18, 13, 4, 2, 9, 10]",714.5,"[17, 7, 6, 5, 8, 1, 15, 14, 0, 11, 12, 3, 16, 19, 18, 13, 4, 2, 9, 10]",714.5,6.647965669631958
"[17, 7, 6, 5, 8, 1, 15, 14, 0, 11, 12, 3, 16, 19, 18, 13, 4, 2, 9, 10]",714.5,"[17, 7, 6, 5, 8, 1, 15, 14, 0, 11, 12, 3, 16, 19, 18, 13, 4, 2, 9, 10]",714.5,6.711962461471558
"[17, 7, 6, 5, 8, 1, 15, 14, 0, 11, 12, 3, 16, 19, 18, 13, 4, 2, 9, 10]",714.5,"[17, 7, 6, 5, 8, 1, 15, 14, 0, 11, 12, 3, 16, 19, 18, 13, 4, 2, 9, 10]",714.5,6.778964519500732
"[17, 7, 6, 5, 8, 1, 15, 14, 12, 11, 0, 3, 16, 19, 18, 13, 4, 2, 9, 10]",713.5,"[17, 7, 6, 5, 8, 1, 15, 14, 12, 11, 0, 3, 16, 19, 18, 13, 4, 2, 9, 10]",713.5,6.846961975097656
"[17, 7, 6, 5, 8, 1, 15, 14, 12, 11, 0, 3, 16, 19, 18, 13, 4, 2, 9, 10]",713.5,"[17, 7, 6, 5, 8, 1, 15, 14, 12, 11, 0, 3, 16, 19, 18, 13, 4, 2, 9, 10]",713.5,6.910961151123047
"[17, 7, 6, 5, 8, 1, 15, 14, 12, 11, 0, 3, 16, 19, 18, 13, 4, 2, 9, 10]",713.5,"[17, 7, 6, 5, 8, 1, 15, 14, 12, 11, 0, 3, 16, 19, 18, 13, 4, 2, 9, 10]",713.5,6.977964878082275
"[17, 7, 6, 5, 8, 1, 15, 14, 12, 11, 0, 3, 16, 19, 18, 13, 4, 2, 9, 10]",713.5,"[17, 7, 6, 5, 8, 1, 15, 14, 12, 11, 0, 3, 16, 19, 18, 13, 4, 2, 9, 10]",713.5,7.044960260391235
"[17, 7, 6, 5, 8, 1, 15, 14, 12, 11, 0, 3, 16, 19, 18, 13, 4, 2, 9, 10]",713.5,"[17, 7, 6, 5, 8, 1, 15, 14, 12, 11, 0, 3, 16, 19, 18, 13, 4, 2, 9, 10]",713.5,7.114964008331299
"[17, 7, 6, 5, 8, 1, 15, 14, 12, 11, 0, 3, 16, 19, 18, 13, 4, 2, 9, 10]",713.5,"[17, 7, 6, 5, 8, 1, 15, 14, 12, 11, 0, 3, 16, 19, 18, 13, 4, 2, 9, 10]",713.5,7.180962324142456
"[17, 7, 6, 5, 8, 1, 15, 14, 12, 11, 0, 3, 16, 19, 18, 13, 4, 2, 9, 10]",713.5,"[17, 7, 6, 5, 8, 1, 15, 14, 12, 11, 0, 3, 16, 19, 18, 13, 4, 2, 9, 10]",713.5,7.247960090637207
"[17, 7, 6, 5, 8, 1, 15, 14, 12, 11, 0, 3, 16, 19, 18, 13, 4, 2, 9, 10]",713.5,"[17, 7, 6, 5, 8, 1, 15, 14, 12, 11, 0, 3, 16, 19, 18, 13, 4, 2, 9, 10]",713.5,7.314962148666382
"[17, 7, 6, 5, 8, 1, 15, 14, 12, 11, 0, 3, 16, 19, 18, 13, 4, 2, 9, 10]",713.5,"[17, 7, 6, 5, 8, 1, 15, 14, 12, 11, 0, 3, 16, 19, 18, 13, 4, 2, 9, 10]",713.5,7.382958173751831
"[17, 7, 6, 5, 8, 1, 15, 14, 12, 11, 0, 3, 16, 19, 18, 13, 4, 2, 9, 10]",713.5,"[17, 7, 6, 5, 8, 1, 15, 14, 12, 11, 0, 3, 16, 19, 18, 13, 4, 2, 9, 10]",713.5,7.450000047683716
"[17, 7, 6, 5, 8, 1, 15, 14, 12, 11, 0, 3, 16, 19, 18, 13, 4, 2, 9, 10]",713.5,"[17, 7, 6, 5, 8, 1, 15, 14, 12, 11, 0, 3, 16, 19, 18, 13, 4, 2, 9, 10]",713.5,7.515966892242432
"[17, 7, 6, 5, 8, 1, 15, 14, 12, 11, 0, 3, 16, 19, 18, 13, 4, 2, 9, 10]",713.5,"[17, 7, 6, 5, 8, 1, 15, 14, 12, 11, 0, 3, 16, 19, 18, 13, 4, 2, 9, 10]",713.5,7.583955764770508
"[17, 7, 6, 5, 8, 1, 15, 14, 12, 11, 0, 3, 16, 19, 18, 13, 4, 2, 9, 10]",713.5,"[17, 7, 6, 5, 8, 1, 15, 14, 12, 11, 0, 3, 16, 19, 18, 13, 4, 2, 9, 10]",713.5,7.649956226348877
"[17, 7, 6, 5, 8, 1, 15, 14, 12, 11, 0, 3, 16, 19, 18, 13, 4, 2, 9, 10]",713.5,"[17, 7, 6, 5, 8, 1, 15, 14, 12, 11, 0, 3, 16, 19, 18, 13, 4, 2, 9, 10]",713.5,7.714954853057861
"[17, 7, 6, 5, 8, 1, 15, 14, 12, 11, 0, 3, 16, 19, 18, 13, 4, 2, 9, 10]",713.5,"[17, 7, 6, 5, 8, 1, 15, 14, 12, 11, 0, 3, 16, 19, 18, 13, 4, 2, 9, 10]",713.5,7.780966758728027
"[17, 7, 6, 5, 8, 1, 15, 14, 12, 11, 0, 3, 16, 19, 18, 13, 4, 2, 9, 10]",713.5,"[17, 7, 6, 5, 8, 1, 15, 14, 12, 11, 0, 3, 16, 19, 18, 13, 4, 2, 9, 10]",713.5,7.848954677581787
"[17, 7, 6, 5, 8, 1, 15, 14, 12, 11, 0, 3, 16, 19, 18, 13, 4, 2, 9, 10]",713.5,"[17, 7, 6, 5, 8, 1, 15, 14, 12, 11, 0, 3, 16, 19, 18, 13, 4, 2, 9, 10]",713.5,7.918957948684692
"[17, 7, 6, 5, 8, 1, 15, 14, 12, 11, 0, 3, 16, 19, 18, 13, 4, 2, 9, 10]",713.5,"[17, 7, 6, 5, 8, 1, 15, 14, 12, 11, 0, 3, 16, 19, 18, 13, 4, 2, 9, 10]",713.5,7.985954284667969
"[17, 7, 6, 5, 8, 1, 15, 14, 12, 11, 0, 3, 16, 19, 18, 13, 4, 2, 9, 10]",713.5,"[17, 7, 6, 5, 8, 1, 15, 14, 12, 11, 0, 3, 16, 19, 18, 13, 4, 2, 9, 10]",713.5,8.051952600479126
"[17, 7, 6, 5, 8, 1, 15, 14, 12, 11, 0, 3, 16, 19, 18, 13, 4, 2, 9, 10]",713.5,"[17, 7, 6, 5, 8, 1, 15, 14, 12, 11, 0, 3, 16, 19, 18, 13, 4, 2, 9, 10]",713.5,8.118963241577148
"[17, 7, 6, 5, 8, 1, 15, 14, 12, 11, 0, 3, 16, 19, 18, 13, 4, 2, 9, 10]",713.5,"[17, 7, 6, 5, 8, 1, 15, 14, 12, 11, 0, 3, 16, 19, 18, 13, 4, 2, 9, 10]",713.5,8.186951875686646
"[17, 7, 6, 5, 8, 1, 15, 14, 12, 11, 0, 3, 16, 19, 18, 13, 4, 2, 9, 10]",713.5,"[17, 7, 6, 5, 8, 1, 15, 14, 12, 11, 0, 3, 16, 19, 18, 13, 4, 2, 9, 10]",713.5,8.252949476242065
"[17, 7, 6, 5, 8, 1, 15, 14, 12, 11, 0, 3, 16, 19, 18, 13, 4, 2, 9, 10]",713.5,"[17, 7, 6, 5, 8, 1, 15, 14, 12, 11, 0, 3, 16, 19, 18, 13, 4, 2, 9, 10]",713.5,8.319952964782715
"[17, 7, 6, 5, 8, 1, 15, 14, 12, 11, 0, 3, 16, 19, 18, 13, 4, 2, 9, 10]",713.5,"[17, 7, 6, 5, 8, 1, 15, 14, 12, 11, 0, 3, 16, 19, 18, 13, 4, 2, 9, 10]",713.5,8.384950876235962
"[17, 7, 6, 5, 8, 1, 15, 14, 12, 11, 0, 3, 16, 19, 18, 13, 4, 2, 9, 10]",713.5,"[17, 7, 6, 5, 8, 1, 15, 14, 12, 11, 0, 3, 16, 19, 18, 13, 4, 2, 9, 10]",713.5,8.456948280334473
"[17, 7, 6, 5, 8, 1, 15, 14, 12, 11, 0, 3, 16, 19, 18, 13, 4, 2, 9, 10]",713.5,"[17, 7, 6, 5, 8, 1, 15, 14, 12, 11, 0, 3, 16, 19, 18, 13, 4, 2, 9, 10]",713.5,8.528951644897461
"[17, 7, 6, 5, 8, 1, 15, 14, 12, 11, 0, 3, 16, 19, 18, 13, 4, 2, 9, 10]",713.5,"[17, 7, 6, 5, 8, 1, 15, 14, 12, 11, 0, 3, 16, 19, 18, 13, 4, 2, 9, 10]",713.5,8.602097034454346
"[7, 17, 6, 5, 8, 1, 15, 14, 12, 11, 0, 3, 16, 19, 18, 13, 4, 2, 9, 10]",711.0,"[7, 17, 6, 5, 8, 1, 15, 14, 12, 11, 0, 3, 16, 19, 18, 13, 4, 2, 9, 10]",711.0,8.67294979095459
"[7, 17, 6, 5, 8, 1, 15, 14, 12, 11, 0, 3, 16, 19, 18, 13, 4, 2, 9, 10]",711.0,"[7, 17, 6, 5, 8, 1, 15, 14, 12, 11, 0, 3, 16, 19, 18, 13, 4, 2, 9, 10]",711.0,8.737951755523682
"[7, 17, 6, 5, 8, 1, 15, 14, 12, 11, 0, 3, 16, 19, 18, 13, 4, 2, 9, 10]",711.0,"[7, 17, 6, 5, 8, 1, 15, 14, 12, 11, 0, 3, 16, 19, 18, 13, 4, 2, 9, 10]",711.0,8.803945779800415
"[7, 17, 6, 5, 8, 1, 15, 14, 12, 11, 0, 3, 16, 19, 18, 13, 4, 2, 9, 10]",711.0,"[7, 17, 6, 5, 8, 1, 15, 14, 12, 11, 0, 3, 16, 19, 18, 13, 4, 2, 9, 10]",711.0,8.87094521522522
"[7, 17, 6, 5, 8, 1, 15, 14, 12, 11, 0, 3, 16, 19, 18, 13, 4, 2, 9, 10]",711.0,"[7, 17, 6, 5, 8, 1, 15, 14, 12, 11, 0, 3, 16, 19, 18, 13, 4, 2, 9, 10]",711.0,8.936948299407959
"[7, 17, 6, 5, 8, 10, 15, 14, 12, 11, 0, 3, 16, 19, 18, 13, 4, 2, 9, 1]",705.0,"[7, 17, 6, 5, 8, 10, 15, 14, 12, 11, 0, 3, 16, 19, 18, 13, 4, 2, 9, 1]",705.0,9.004942655563354
"[7, 17, 6, 5, 8, 10, 15, 14, 12, 11, 0, 3, 16, 19, 18, 13, 4, 2, 9, 1]",705.0,"[7, 17, 6, 5, 8, 10, 15, 14, 12, 11, 0, 3, 16, 19, 18, 13, 4, 2, 9, 1]",705.0,9.072948455810547
"[7, 17, 6, 5, 8, 10, 15, 14, 12, 11, 0, 3, 16, 19, 18, 13, 4, 2, 9, 1]",705.0,"[7, 17, 6, 5, 8, 10, 15, 14, 12, 11, 0, 3, 16, 19, 18, 13, 4, 2, 9, 1]",705.0,9.138948202133179
"[7, 17, 6, 5, 8, 10, 15, 14, 12, 11, 0, 3, 16, 19, 18, 13, 4, 2, 9, 1]",705.0,"[7, 17, 6, 5, 8, 10, 15, 14, 12, 11, 0, 3, 16, 19, 18, 13, 4, 2, 9, 1]",705.0,9.201946496963501
"[7, 17, 6, 5, 8, 10, 15, 14, 12, 11, 0, 3, 16, 19, 18, 13, 4, 2, 9, 1]",705.0,"[7, 17, 6, 5, 8, 10, 15, 14, 12, 11, 0, 3, 16, 19, 18, 13, 4, 2, 9, 1]",705.0,9.26894235610962
"[7, 17, 6, 5, 8, 10, 15, 14, 12, 11, 0, 3, 16, 19, 18, 13, 4, 2, 9, 1]",705.0,"[7, 17, 6, 5, 8, 10, 15, 14, 12, 11, 0, 3, 16, 19, 18, 13, 4, 2, 9, 1]",705.0,9.337944269180298
"[7, 17, 6, 5, 8, 10, 15, 14, 12, 11, 0, 3, 16, 19, 18, 13, 4, 2, 9, 1]",705.0,"[7, 17, 6, 5, 8, 10, 15, 14, 12, 11, 0, 3, 16, 19, 18, 13, 4, 2, 9, 1]",705.0,9.404940366744995
"[7, 17, 6, 5, 8, 10, 15, 14, 12, 11, 0, 3, 16, 19, 18, 13, 4, 2, 9, 1]",705.0,"[7, 17, 6, 5, 8, 10, 15, 14, 12, 11, 0, 3, 16, 19, 18, 13, 4, 2, 9, 1]",705.0,9.473941802978516
"[7, 17, 6, 5, 8, 10, 15, 16, 12, 11, 0, 3, 14, 19, 18, 13, 4, 2, 9, 1]",703.0,"[7, 17, 6, 5, 8, 10, 15, 16, 12, 11, 0, 3, 14, 19, 18, 13, 4, 2, 9, 1]",703.0,9.54193925857544
"[7, 17, 6, 5, 8, 10, 15, 16, 12, 11, 0, 3, 14, 19, 18, 13, 4, 2, 9, 1]",703.0,"[7, 17, 6, 5, 8, 10, 15, 16, 12, 11, 0, 3, 14, 19, 18, 13, 4, 2, 9, 1]",703.0,9.611949682235718
"[7, 17, 6, 5, 8, 10, 15, 16, 12, 11, 0, 3, 14, 19, 18, 13, 4, 2, 9, 1]",703.0,"[7, 17, 6, 5, 8, 10, 15, 16, 12, 11, 0, 3, 14, 19, 18, 13, 4, 2, 9, 1]",703.0,9.676944255828857
"[7, 17, 6, 5, 8, 10, 15, 16, 12, 11, 0, 3, 14, 19, 18, 13, 4, 2, 9, 1]",703.0,"[7, 17, 6, 5, 8, 10, 15, 16, 12, 11, 0, 3, 14, 19, 18, 13, 4, 2, 9, 1]",703.0,9.744938373565674
"[7, 17, 6, 5, 8, 10, 15, 16, 12, 11, 0, 3, 14, 19, 18, 13, 4, 2, 9, 1]",703.0,"[7, 17, 6, 5, 8, 10, 15, 16, 12, 11, 0, 3, 14, 19, 18, 13, 4, 2, 9, 1]",703.0,9.80893874168396
"[7, 17, 6, 5, 8, 10, 15, 16, 12, 11, 0, 3, 14, 19, 18, 13, 4, 2, 9, 1]",703.0,"[7, 17, 6, 5, 8, 10, 15, 16, 12, 11, 0, 3, 14, 19, 18, 13, 4, 2, 9, 1]",703.0,9.876936197280884
"[7, 17, 6, 5, 8, 10, 15, 16, 12, 11, 0, 3, 14, 19, 18, 13, 4, 2, 9, 1]",703.0,"[7, 17, 6, 5, 8, 10, 15, 16, 12, 11, 0, 3, 14, 19, 18, 13, 4, 2, 9, 1]",703.0,9.943938732147217
"[7, 17, 6, 5, 8, 10, 15, 16, 12, 11, 0, 3, 14, 19, 18, 13, 4, 2, 9, 1]",703.0,"[7, 17, 6, 5, 8, 10, 15, 16, 12, 11, 0, 3, 14, 19, 18, 13, 4, 2, 9, 1]",703.0,10.010938167572021
"[7, 17, 6, 5, 8, 10, 15, 16, 12, 11, 0, 3, 14, 19, 18, 13, 4, 2, 9, 1]",703.0,"[7, 17, 6, 5, 8, 10, 15, 16, 12, 11, 0, 3, 14, 19, 18, 13, 4, 2, 9, 1]",703.0,10.078938484191895
"[7, 17, 6, 5, 8, 10, 15, 16, 12, 11, 0, 3, 14, 19, 18, 13, 4, 2, 9, 1]",703.0,"[7, 17, 6, 5, 8, 10, 15, 16, 12, 11, 0, 3, 14, 19, 18, 13, 4, 2, 9, 1]",703.0,10.143938302993774
"[7, 17, 6, 5, 8, 10, 15, 16, 12, 11, 0, 3, 14, 19, 18, 13, 4, 2, 9, 1]",703.0,"[7, 17, 6, 5, 8, 10, 15, 16, 12, 11, 0, 3, 14, 19, 18, 13, 4, 2, 9, 1]",703.0,10.211934566497803
"[7, 17, 6, 5, 8, 10, 15, 16, 12, 11, 0, 3, 14, 19, 18, 13, 4, 2, 9, 1]",703.0,"[7, 17, 6, 5, 8, 10, 15, 16, 12, 11, 0, 3, 14, 19, 18, 13, 4, 2, 9, 1]",703.0,10.277937412261963
"[7, 17, 6, 5, 8, 10, 15, 16, 12, 11, 0, 3, 14, 19, 18, 13, 4, 2, 9, 1]",703.0,"[7, 17, 6, 5, 8, 10, 15, 16, 12, 11, 0, 3, 14, 19, 18, 13, 4, 2, 9, 1]",703.0,10.34493637084961
"[7, 17, 6, 5, 8, 10, 15, 16, 12, 11, 0, 3, 14, 19, 18, 13, 4, 2, 9, 1]",703.0,"[7, 17, 6, 5, 8, 10, 15, 16, 12, 11, 0, 3, 14, 19, 18, 13, 4, 2, 9, 1]",703.0,10.421935319900513
"[7, 17, 6, 5, 8, 10, 15, 16, 12, 11, 0, 3, 14, 19, 18, 13, 4, 2, 9, 1]",703.0,"[7, 17, 6, 5, 8, 10, 15, 16, 12, 11, 0, 3, 14, 19, 18, 13, 4, 2, 9, 1]",703.0,10.49794054031372
"[7, 17, 6, 5, 8, 10, 15, 16, 12, 11, 0, 3, 14, 19, 18, 13, 4, 2, 9, 1]",703.0,"[7, 17, 6, 5, 8, 10, 15, 16, 12, 11, 0, 3, 14, 19, 18, 13, 4, 2, 9, 1]",703.0,10.560932636260986
"[7, 17, 6, 5, 8, 10, 15, 16, 12, 11, 0, 3, 14, 19, 18, 13, 4, 2, 9, 1]",703.0,"[7, 17, 6, 5, 8, 10, 15, 16, 12, 11, 0, 3, 14, 19, 18, 13, 4, 2, 9, 1]",703.0,10.62793493270874
"[7, 17, 6, 5, 8, 10, 15, 16, 12, 11, 0, 3, 14, 19, 18, 13, 4, 2, 9, 1]",703.0,"[7, 17, 6, 5, 8, 10, 15, 16, 12, 11, 0, 3, 14, 19, 18, 13, 4, 2, 9, 1]",703.0,10.6949303150177
"[7, 17, 6, 5, 8, 10, 15, 16, 12, 11, 0, 3, 14, 19, 18, 13, 4, 2, 9, 1]",703.0,"[7, 17, 6, 5, 8, 10, 15, 16, 12, 11, 0, 3, 14, 19, 18, 13, 4, 2, 9, 1]",703.0,10.763928651809692
"[7, 17, 6, 5, 8, 10, 15, 16, 12, 11, 0, 3, 14, 19, 18, 13, 4, 2, 9, 1]",703.0,"[7, 17, 6, 5, 8, 10, 15, 16, 12, 11, 0, 3, 14, 19, 18, 13, 4, 2, 9, 1]",703.0,10.830930948257446
"[7, 17, 6, 5, 8, 10, 15, 16, 12, 11, 0, 3, 14, 19, 18, 13, 4, 2, 9, 1]",703.0,"[7, 17, 6, 5, 8, 10, 15, 16, 12, 11, 0, 3, 14, 19, 18, 13, 4, 2, 9, 1]",703.0,10.899930477142334
"[7, 17, 6, 5, 8, 10, 15, 16, 12, 11, 0, 3, 14, 19, 18, 13, 4, 2, 9, 1]",703.0,"[7, 17, 6, 5, 8, 10, 15, 16, 12, 11, 0, 3, 14, 19, 18, 13, 4, 2, 9, 1]",703.0,10.967928647994995
"[7, 17, 6, 5, 8, 10, 15, 16, 12, 11, 0, 3, 14, 19, 18, 13, 4, 2, 9, 1]",703.0,"[7, 17, 6, 5, 8, 10, 15, 16, 12, 11, 0, 3, 14, 19, 18, 13, 4, 2, 9, 1]",703.0,11.034929037094116
"[7, 17, 6, 5, 8, 10, 15, 16, 12, 11, 0, 3, 14, 19, 18, 13, 4, 2, 9, 1]",703.0,"[7, 17, 6, 5, 8, 10, 15, 16, 12, 11, 0, 3, 14, 19, 18, 13, 4, 2, 9, 1]",703.0,11.104928731918335
"[7, 17, 6, 5, 8, 10, 15, 16, 12, 11, 0, 3, 14, 19, 18, 13, 4, 2, 9, 1]",703.0,"[7, 17, 6, 5, 8, 10, 15, 16, 12, 11, 0, 3, 14, 19, 18, 13, 4, 2, 9, 1]",703.0,11.174927711486816
"[7, 17, 6, 5, 8, 10, 15, 16, 12, 11, 0, 3, 14, 19, 18, 13, 4, 2, 9, 1]",703.0,"[7, 17, 6, 5, 8, 10, 15, 16, 12, 11, 0, 3, 14, 19, 18, 13, 4, 2, 9, 1]",703.0,11.242925882339478
"[7, 17, 6, 5, 8, 10, 15, 16, 12, 11, 0, 3, 14, 19, 18, 13, 4, 2, 9, 1]",703.0,"[7, 17, 6, 5, 8, 10, 15, 16, 12, 11, 0, 3, 14, 19, 18, 13, 4, 2, 9, 1]",703.0,11.310927867889404
"[7, 17, 6, 5, 8, 10, 15, 16, 12, 11, 0, 3, 14, 19, 18, 13, 4, 2, 9, 1]",703.0,"[7, 17, 6, 5, 8, 10, 15, 16, 12, 11, 0, 3, 14, 19, 18, 13, 4, 2, 9, 1]",703.0,11.378923892974854
"[7, 17, 6, 5, 8, 10, 15, 16, 12, 11, 0, 3, 14, 19, 18, 13, 4, 2, 9, 1]",703.0,"[7, 17, 6, 5, 8, 10, 15, 16, 12, 11, 0, 3, 14, 19, 18, 13, 4, 2, 9, 1]",703.0,11.447929859161377
"[7, 17, 6, 5, 8, 10, 15, 16, 12, 11, 0, 3, 14, 19, 18, 13, 4, 2, 9, 1]",703.0,"[7, 17, 6, 5, 8, 10, 15, 16, 12, 11, 0, 3, 14, 19, 18, 13, 4, 2, 9, 1]",703.0,11.515923261642456
"[7, 17, 6, 5, 8, 10, 15, 16, 12, 11, 0, 3, 14, 19, 18, 13, 4, 2, 9, 1]",703.0,"[7, 17, 6, 5, 8, 10, 15, 16, 12, 11, 0, 3, 14, 19, 18, 13, 4, 2, 9, 1]",703.0,11.583925724029541
"[7, 17, 6, 5, 8, 10, 15, 16, 12, 11, 0, 3, 14, 19, 18, 13, 4, 2, 9, 1]",703.0,"[7, 17, 6, 5, 8, 10, 15, 16, 12, 11, 0, 3, 14, 19, 18, 13, 4, 2, 9, 1]",703.0,11.651922464370728
"[7, 17, 6, 5, 8, 10, 15, 16, 12, 11, 13, 3, 14, 19, 18, 0, 4, 2, 9, 1]",702.0,"[7, 17, 6, 5, 8, 10, 15, 16, 12, 11, 13, 3, 14, 19, 18, 0, 4, 2, 9, 1]",702.0,11.717926740646362
"[7, 17, 6, 5, 8, 10, 15, 16, 12, 11, 13, 3, 14, 19, 18, 0, 4, 2, 9, 1]",702.0,"[7, 17, 6, 5, 8, 10, 15, 16, 12, 11, 13, 3, 14, 19, 18, 0, 4, 2, 9, 1]",702.0,11.785923719406128
"[7, 17, 6, 5, 8, 10, 15, 16, 12, 11, 13, 3, 14, 19, 18, 0, 4, 2, 9, 1]",702.0,"[7, 17, 6, 5, 8, 10, 15, 16, 12, 11, 13, 3, 14, 19, 18, 0, 4, 2, 9, 1]",702.0,11.849923133850098
"[7, 17, 6, 5, 8, 10, 15, 16, 12, 11, 13, 3, 14, 19, 18, 0, 4, 2, 9, 1]",702.0,"[7, 17, 6, 5, 8, 10, 15, 16, 12, 11, 13, 3, 14, 19, 18, 0, 4, 2, 9, 1]",702.0,11.918919801712036
"[7, 17, 6, 5, 8, 10, 15, 16, 12, 11, 13, 3, 14, 19, 18, 0, 4, 2, 9, 1]",702.0,"[7, 17, 6, 5, 8, 10, 15, 16, 12, 11, 13, 3, 14, 19, 18, 0, 4, 2, 9, 1]",702.0,11.985923051834106
"[7, 17, 6, 5, 8, 10, 15, 16, 12, 11, 13, 3, 14, 19, 18, 0, 4, 2, 9, 1]",702.0,"[7, 17, 6, 5, 8, 10, 15, 16, 12, 11, 13, 3, 14, 19, 18, 0, 4, 2, 9, 1]",702.0,12.05620813369751
"[7, 17, 6, 5, 8, 10, 15, 16, 12, 11, 13, 3, 14, 19, 18, 0, 4, 2, 9, 1]",702.0,"[7, 17, 6, 5, 8, 10, 15, 16, 12, 11, 13, 3, 14, 19, 18, 0, 4, 2, 9, 1]",702.0,12.13310432434082
"[7, 17, 6, 5, 8, 10, 15, 16, 12, 11, 13, 3, 14, 19, 18, 0, 4, 2, 9, 1]",702.0,"[7, 17, 6, 5, 8, 10, 15, 16, 12, 11, 13, 3, 14, 19, 18, 0, 4, 2, 9, 1]",702.0,12.210919857025146
"[7, 17, 6, 5, 8, 10, 15, 16, 12, 11, 13, 3, 14, 19, 18, 0, 4, 2, 9, 1]",702.0,"[7, 17, 6, 5, 8, 10, 15, 16, 12, 11, 13, 3, 14, 19, 18, 0, 4, 2, 9, 1]",702.0,12.286918878555298
"[7, 17, 6, 5, 8, 10, 15, 16, 12, 11, 13, 3, 14, 19, 18, 0, 4, 2, 9, 1]",702.0,"[7, 17, 6, 5, 8, 10, 15, 16, 12, 11, 13, 3, 14, 19, 18, 0, 4, 2, 9, 1]",702.0,12.354918479919434
"[7, 17, 6, 5, 8, 10, 15, 16, 12, 11, 13, 3, 14, 19, 18, 0, 4, 2, 9, 1]",702.0,"[7, 17, 6, 5, 8, 10, 15, 16, 12, 11, 13, 3, 14, 19, 18, 0, 4, 2, 9, 1]",702.0,12.423916101455688
"[7, 17, 6, 5, 8, 10, 15, 16, 12, 11, 13, 3, 14, 19, 18, 0, 4, 2, 9, 1]",702.0,"[7, 17, 6, 5, 8, 10, 15, 16, 12, 11, 13, 3, 14, 19, 18, 0, 4, 2, 9, 1]",702.0,12.492913722991943
"[7, 17, 6, 5, 8, 10, 15, 16, 12, 11, 13, 3, 14, 19, 18, 0, 4, 2, 9, 1]",702.0,"[7, 17, 6, 5, 8, 10, 15, 16, 12, 11, 13, 3, 14, 19, 18, 0, 4, 2, 9, 1]",702.0,12.560915470123291
"[7, 17, 6, 5, 8, 10, 15, 16, 12, 11, 13, 3, 14, 19, 18, 0, 4, 2, 9, 1]",702.0,"[7, 17, 6, 5, 8, 10, 15, 16, 12, 11, 13, 3, 14, 19, 18, 0, 4, 2, 9, 1]",702.0,12.629913568496704
"[7, 17, 6, 5, 8, 10, 15, 16, 12, 11, 13, 3, 14, 19, 18, 0, 4, 2, 9, 1]",702.0,"[7, 17, 6, 5, 8, 10, 15, 16, 12, 11, 13, 3, 14, 19, 18, 0, 4, 2, 9, 1]",702.0,12.695915460586548
"[7, 17, 6, 5, 8, 10, 15, 16, 12, 11, 13, 3, 14, 19, 18, 0, 4, 2, 9, 1]",702.0,"[7, 17, 6, 5, 8, 10, 15, 16, 12, 11, 13, 3, 14, 19, 18, 0, 4, 2, 9, 1]",702.0,12.762917757034302
"[7, 17, 6, 5, 8, 10, 15, 16, 12, 11, 13, 3, 14, 19, 18, 0, 4, 2, 9, 1]",702.0,"[7, 17, 6, 5, 8, 10, 15, 16, 12, 11, 13, 3, 14, 19, 18, 0, 4, 2, 9, 1]",702.0,12.831913948059082
"[7, 17, 6, 5, 8, 10, 15, 16, 12, 11, 13, 3, 14, 19, 18, 0, 4, 2, 9, 1]",702.0,"[7, 17, 6, 5, 8, 10, 15, 16, 12, 11, 13, 3, 14, 19, 18, 0, 4, 2, 9, 1]",702.0,12.899914026260376
"[7, 17, 6, 5, 8, 10, 15, 16, 12, 11, 13, 3, 14, 19, 18, 0, 4, 2, 9, 1]",702.0,"[7, 17, 6, 5, 8, 10, 15, 16, 12, 11, 13, 3, 14, 19, 18, 0, 4, 2, 9, 1]",702.0,12.968913078308105
"[7, 17, 6, 5, 8, 10, 15, 16, 12, 11, 13, 3, 14, 19, 18, 0, 4, 2, 9, 1]",702.0,"[7, 17, 6, 5, 8, 10, 15, 16, 12, 11, 13, 3, 14, 19, 18, 0, 4, 2, 9, 1]",702.0,13.036910057067871
"[7, 17, 6, 5, 8, 10, 15, 16, 12, 11, 13, 3, 14, 19, 18, 0, 4, 2, 9, 1]",702.0,"[7, 17, 6, 5, 8, 10, 15, 16, 12, 11, 13, 3, 14, 19, 18, 0, 4, 2, 9, 1]",702.0,13.101909875869751
"[7, 17, 6, 5, 8, 10, 15, 16, 12, 11, 13, 3, 14, 19, 18, 0, 4, 2, 9, 1]",702.0,"[7, 17, 6, 5, 8, 10, 15, 16, 12, 11, 13, 3, 14, 19, 18, 0, 4, 2, 9, 1]",702.0,13.165924310684204
"[7, 17, 6, 5, 8, 10, 15, 16, 12, 11, 13, 3, 14, 19, 18, 0, 4, 2, 9, 1]",702.0,"[7, 17, 6, 5, 8, 10, 15, 16, 12, 11, 13, 3, 14, 19, 18, 0, 4, 2, 9, 1]",702.0,13.258910179138184
"[7, 17, 6, 5, 8, 10, 15, 16, 12, 11, 13, 3, 14, 19, 18, 0, 4, 2, 9, 1]",702.0,"[7, 17, 6, 5, 8, 10, 15, 16, 12, 11, 13, 3, 14, 19, 18, 0, 4, 2, 9, 1]",702.0,13.327913999557495
"[7, 17, 6, 5, 8, 10, 15, 16, 12, 11, 13, 3, 14, 19, 18, 0, 4, 2, 9, 1]",702.0,"[7, 17, 6, 5, 8, 10, 15, 16, 12, 11, 13, 3, 14, 19, 18, 0, 4, 2, 9, 1]",702.0,13.400913000106812
"[7, 17, 6, 5, 8, 10, 15, 16, 12, 11, 13, 3, 14, 19, 18, 0, 4, 2, 9, 1]",702.0,"[7, 17, 6, 5, 8, 10, 15, 16, 12, 11, 13, 3, 14, 19, 18, 0, 4, 2, 9, 1]",702.0,13.469907999038696
"[7, 17, 6, 5, 8, 10, 15, 16, 12, 11, 13, 3, 14, 19, 18, 0, 4, 2, 9, 1]",702.0,"[7, 17, 6, 5, 8, 10, 15, 16, 12, 11, 13, 3, 14, 19, 18, 0, 4, 2, 9, 1]",702.0,13.534910202026367
"[7, 17, 6, 5, 8, 10, 15, 16, 12, 11, 13, 3, 14, 19, 18, 0, 4, 2, 9, 1]",702.0,"[7, 17, 6, 5, 8, 10, 15, 16, 12, 11, 13, 3, 14, 19, 18, 0, 4, 2, 9, 1]",702.0,13.600911378860474
