Sequence,Fitness,Best_sequence,Best_fitness,Time
"[0, 1, 2, 3, 4, 5, 6, 7, 8, 9, 10, 11, 12, 13, 14, 15, 16, 17, 18, 19]",871.0,"[0, 1, 2, 3, 4, 5, 6, 7, 8, 9, 10, 11, 12, 13, 14, 15, 16, 17, 18, 19]",871.0,0.0
"[0, 1, 2, 3, 4, 5, 6, 7, 8, 9, 10, 11, 12, 13, 14, 15, 16, 17, 18, 19]",871.0,"[0, 1, 2, 3, 4, 5, 6, 7, 8, 9, 10, 11, 12, 13, 14, 15, 16, 17, 18, 19]",871.0,0.052002906799316406
"[0, 1, 2, 3, 4, 5, 6, 7, 8, 9, 10, 11, 12, 13, 14, 15, 16, 17, 18, 19]",871.0,"[0, 1, 2, 3, 4, 5, 6, 7, 8, 9, 10, 11, 12, 13, 14, 15, 16, 17, 18, 19]",871.0,0.09900927543640137
"[0, 1, 2, 3, 4, 5, 6, 7, 8, 9, 10, 11, 12, 13, 14, 15, 16, 17, 18, 19]",871.0,"[0, 1, 2, 3, 4, 5, 6, 7, 8, 9, 10, 11, 12, 13, 14, 15, 16, 17, 18, 19]",871.0,0.14900660514831543
"[0, 1, 2, 3, 4, 5, 6, 7, 8, 9, 10, 11, 12, 13, 14, 15, 16, 17, 18, 19]",871.0,"[0, 1, 2, 3, 4, 5, 6, 7, 8, 9, 10, 11, 12, 13, 14, 15, 16, 17, 18, 19]",871.0,0.19900107383728027
"[0, 1, 2, 3, 4, 5, 6, 7, 8, 9, 10, 11, 12, 13, 14, 15, 16, 17, 18, 19]",871.0,"[0, 1, 2, 3, 4, 5, 6, 7, 8, 9, 10, 11, 12, 13, 14, 15, 16, 17, 18, 19]",871.0,0.2500009536743164
"[0, 1, 2, 3, 4, 5, 6, 7, 8, 9, 10, 11, 12, 13, 14, 15, 16, 17, 18, 19]",871.0,"[0, 1, 2, 3, 4, 5, 6, 7, 8, 9, 10, 11, 12, 13, 14, 15, 16, 17, 18, 19]",871.0,0.30100154876708984
"[0, 1, 2, 3, 4, 5, 6, 7, 8, 9, 10, 11, 12, 13, 14, 15, 16, 17, 18, 19]",871.0,"[0, 1, 2, 3, 4, 5, 6, 7, 8, 9, 10, 11, 12, 13, 14, 15, 16, 17, 18, 19]",871.0,0.3530278205871582
"[0, 1, 2, 3, 4, 5, 6, 7, 8, 9, 10, 11, 12, 13, 14, 15, 16, 17, 18, 19]",871.0,"[0, 1, 2, 3, 4, 5, 6, 7, 8, 9, 10, 11, 12, 13, 14, 15, 16, 17, 18, 19]",871.0,0.40200066566467285
"[0, 1, 2, 3, 4, 5, 6, 7, 8, 9, 10, 11, 12, 13, 14, 15, 16, 17, 18, 19]",871.0,"[0, 1, 2, 3, 4, 5, 6, 7, 8, 9, 10, 11, 12, 13, 14, 15, 16, 17, 18, 19]",871.0,0.44904279708862305
"[0, 1, 2, 3, 4, 5, 6, 7, 8, 9, 10, 11, 12, 13, 14, 15, 16, 17, 18, 19]",871.0,"[0, 1, 2, 3, 4, 5, 6, 7, 8, 9, 10, 11, 12, 13, 14, 15, 16, 17, 18, 19]",871.0,0.49903106689453125
"[0, 1, 2, 3, 4, 5, 6, 7, 8, 9, 10, 11, 12, 13, 14, 15, 16, 17, 18, 19]",871.0,"[0, 1, 2, 3, 4, 5, 6, 7, 8, 9, 10, 11, 12, 13, 14, 15, 16, 17, 18, 19]",871.0,0.5451231002807617
"[0, 1, 2, 3, 4, 5, 6, 7, 8, 9, 10, 11, 12, 13, 14, 15, 16, 17, 18, 19]",871.0,"[0, 1, 2, 3, 4, 5, 6, 7, 8, 9, 10, 11, 12, 13, 14, 15, 16, 17, 18, 19]",871.0,0.5940320491790771
"[0, 1, 2, 3, 4, 5, 6, 7, 8, 9, 10, 11, 12, 13, 14, 15, 16, 17, 18, 19]",871.0,"[0, 1, 2, 3, 4, 5, 6, 7, 8, 9, 10, 11, 12, 13, 14, 15, 16, 17, 18, 19]",871.0,0.6410315036773682
"[0, 1, 2, 3, 4, 5, 6, 7, 8, 9, 10, 11, 12, 13, 14, 15, 16, 17, 18, 19]",871.0,"[0, 1, 2, 3, 4, 5, 6, 7, 8, 9, 10, 11, 12, 13, 14, 15, 16, 17, 18, 19]",871.0,0.6890354156494141
"[0, 1, 2, 3, 4, 5, 6, 7, 8, 9, 10, 11, 12, 13, 14, 15, 16, 17, 18, 19]",871.0,"[0, 1, 2, 3, 4, 5, 6, 7, 8, 9, 10, 11, 12, 13, 14, 15, 16, 17, 18, 19]",871.0,0.7370681762695312
"[0, 1, 2, 3, 4, 5, 14, 7, 8, 9, 10, 11, 12, 13, 6, 15, 16, 17, 18, 19]",864.5,"[0, 1, 2, 3, 4, 5, 14, 7, 8, 9, 10, 11, 12, 13, 6, 15, 16, 17, 18, 19]",864.5,0.785036563873291
"[0, 1, 2, 3, 4, 5, 14, 7, 8, 9, 10, 11, 12, 13, 6, 15, 16, 17, 18, 19]",864.5,"[0, 1, 2, 3, 4, 5, 14, 7, 8, 9, 10, 11, 12, 13, 6, 15, 16, 17, 18, 19]",864.5,0.8320329189300537
"[0, 1, 2, 3, 4, 5, 14, 7, 8, 9, 10, 11, 12, 13, 6, 15, 16, 17, 18, 19]",864.5,"[0, 1, 2, 3, 4, 5, 14, 7, 8, 9, 10, 11, 12, 13, 6, 15, 16, 17, 18, 19]",864.5,0.8810384273529053
"[0, 1, 2, 3, 4, 5, 14, 7, 8, 9, 10, 11, 12, 13, 6, 15, 16, 17, 18, 19]",864.5,"[0, 1, 2, 3, 4, 5, 14, 7, 8, 9, 10, 11, 12, 13, 6, 15, 16, 17, 18, 19]",864.5,0.9300351142883301
"[0, 1, 2, 3, 15, 5, 14, 7, 8, 9, 10, 11, 12, 13, 6, 4, 16, 17, 18, 19]",862.5,"[0, 1, 2, 3, 15, 5, 14, 7, 8, 9, 10, 11, 12, 13, 6, 4, 16, 17, 18, 19]",862.5,0.9820473194122314
"[0, 1, 2, 3, 15, 5, 14, 7, 8, 9, 10, 11, 12, 13, 6, 4, 16, 17, 18, 19]",862.5,"[0, 1, 2, 3, 15, 5, 14, 7, 8, 9, 10, 11, 12, 13, 6, 4, 16, 17, 18, 19]",862.5,1.0310416221618652
"[0, 1, 2, 3, 15, 5, 14, 7, 8, 9, 10, 11, 12, 13, 6, 4, 16, 17, 18, 19]",862.5,"[0, 1, 2, 3, 15, 5, 14, 7, 8, 9, 10, 11, 12, 13, 6, 4, 16, 17, 18, 19]",862.5,1.0800385475158691
"[0, 1, 2, 3, 15, 5, 14, 7, 8, 9, 10, 11, 12, 13, 6, 4, 16, 17, 18, 19]",862.5,"[0, 1, 2, 3, 15, 5, 14, 7, 8, 9, 10, 11, 12, 13, 6, 4, 16, 17, 18, 19]",862.5,1.128039836883545
"[0, 1, 2, 3, 15, 5, 14, 7, 8, 9, 10, 11, 12, 13, 6, 4, 16, 17, 18, 19]",862.5,"[0, 1, 2, 3, 15, 5, 14, 7, 8, 9, 10, 11, 12, 13, 6, 4, 16, 17, 18, 19]",862.5,1.1750388145446777
"[0, 1, 2, 3, 15, 5, 14, 7, 8, 9, 10, 11, 12, 13, 6, 4, 16, 17, 18, 19]",862.5,"[0, 1, 2, 3, 15, 5, 14, 7, 8, 9, 10, 11, 12, 13, 6, 4, 16, 17, 18, 19]",862.5,1.2280347347259521
"[0, 1, 2, 3, 15, 5, 14, 7, 8, 9, 10, 11, 12, 13, 6, 4, 16, 17, 18, 19]",862.5,"[0, 1, 2, 3, 15, 5, 14, 7, 8, 9, 10, 11, 12, 13, 6, 4, 16, 17, 18, 19]",862.5,1.2750391960144043
"[0, 1, 2, 3, 15, 5, 14, 7, 8, 9, 10, 11, 12, 13, 6, 4, 16, 17, 18, 19]",862.5,"[0, 1, 2, 3, 15, 5, 14, 7, 8, 9, 10, 11, 12, 13, 6, 4, 16, 17, 18, 19]",862.5,1.3210387229919434
"[0, 1, 2, 3, 15, 5, 14, 7, 8, 9, 10, 11, 12, 13, 6, 4, 16, 17, 18, 19]",862.5,"[0, 1, 2, 3, 15, 5, 14, 7, 8, 9, 10, 11, 12, 13, 6, 4, 16, 17, 18, 19]",862.5,1.3700416088104248
"[11, 1, 2, 3, 15, 5, 14, 7, 8, 9, 10, 0, 12, 13, 6, 4, 16, 17, 18, 19]",856.5,"[11, 1, 2, 3, 15, 5, 14, 7, 8, 9, 10, 0, 12, 13, 6, 4, 16, 17, 18, 19]",856.5,1.419036626815796
"[11, 1, 2, 3, 15, 5, 14, 7, 8, 9, 10, 0, 12, 13, 6, 4, 16, 17, 18, 19]",856.5,"[11, 1, 2, 3, 15, 5, 14, 7, 8, 9, 10, 0, 12, 13, 6, 4, 16, 17, 18, 19]",856.5,1.4700384140014648
"[11, 1, 2, 3, 15, 5, 14, 7, 8, 9, 10, 0, 12, 13, 6, 4, 16, 17, 18, 19]",856.5,"[11, 1, 2, 3, 15, 5, 14, 7, 8, 9, 10, 0, 12, 13, 6, 4, 16, 17, 18, 19]",856.5,1.5210399627685547
"[11, 1, 2, 3, 15, 5, 14, 7, 8, 9, 10, 0, 12, 13, 6, 4, 16, 17, 18, 19]",856.5,"[11, 1, 2, 3, 15, 5, 14, 7, 8, 9, 10, 0, 12, 13, 6, 4, 16, 17, 18, 19]",856.5,1.5740461349487305
"[11, 1, 2, 3, 15, 5, 14, 7, 8, 9, 10, 0, 12, 13, 6, 4, 16, 17, 18, 19]",856.5,"[11, 1, 2, 3, 15, 5, 14, 7, 8, 9, 10, 0, 12, 13, 6, 4, 16, 17, 18, 19]",856.5,1.6300361156463623
"[11, 1, 2, 3, 15, 5, 14, 7, 8, 9, 10, 0, 12, 13, 6, 4, 16, 17, 18, 19]",856.5,"[11, 1, 2, 3, 15, 5, 14, 7, 8, 9, 10, 0, 12, 13, 6, 4, 16, 17, 18, 19]",856.5,1.708040475845337
"[11, 1, 2, 3, 15, 5, 14, 7, 8, 9, 10, 0, 12, 13, 6, 4, 16, 17, 18, 19]",856.5,"[11, 1, 2, 3, 15, 5, 14, 7, 8, 9, 10, 0, 12, 13, 6, 4, 16, 17, 18, 19]",856.5,1.756047248840332
"[11, 1, 2, 3, 15, 5, 14, 7, 8, 9, 10, 0, 12, 13, 6, 4, 16, 17, 18, 19]",856.5,"[11, 1, 2, 3, 15, 5, 14, 7, 8, 9, 10, 0, 12, 13, 6, 4, 16, 17, 18, 19]",856.5,1.8050429821014404
"[11, 1, 2, 3, 15, 5, 14, 7, 8, 9, 10, 0, 12, 13, 6, 4, 16, 17, 18, 19]",856.5,"[11, 1, 2, 3, 15, 5, 14, 7, 8, 9, 10, 0, 12, 13, 6, 4, 16, 17, 18, 19]",856.5,1.8540441989898682
"[11, 1, 2, 3, 15, 5, 14, 7, 8, 9, 10, 0, 12, 13, 6, 4, 16, 17, 18, 19]",856.5,"[11, 1, 2, 3, 15, 5, 14, 7, 8, 9, 10, 0, 12, 13, 6, 4, 16, 17, 18, 19]",856.5,1.905045986175537
"[11, 1, 2, 3, 15, 5, 14, 7, 8, 9, 10, 0, 12, 13, 6, 4, 16, 17, 18, 19]",856.5,"[11, 1, 2, 3, 15, 5, 14, 7, 8, 9, 10, 0, 12, 13, 6, 4, 16, 17, 18, 19]",856.5,1.958096981048584
"[11, 1, 2, 3, 15, 5, 14, 7, 8, 9, 10, 0, 12, 13, 6, 4, 16, 17, 18, 19]",856.5,"[11, 1, 2, 3, 15, 5, 14, 7, 8, 9, 10, 0, 12, 13, 6, 4, 16, 17, 18, 19]",856.5,2.011085271835327
"[11, 1, 2, 3, 15, 5, 14, 7, 8, 9, 10, 0, 12, 13, 6, 4, 16, 17, 18, 19]",856.5,"[11, 1, 2, 3, 15, 5, 14, 7, 8, 9, 10, 0, 12, 13, 6, 4, 16, 17, 18, 19]",856.5,2.059088706970215
"[11, 1, 2, 3, 15, 5, 14, 7, 8, 9, 10, 0, 12, 13, 6, 4, 16, 17, 18, 19]",856.5,"[11, 1, 2, 3, 15, 5, 14, 7, 8, 9, 10, 0, 12, 13, 6, 4, 16, 17, 18, 19]",856.5,2.106083631515503
"[11, 1, 2, 3, 15, 5, 14, 7, 8, 9, 10, 0, 12, 13, 6, 4, 16, 17, 18, 19]",856.5,"[11, 1, 2, 3, 15, 5, 14, 7, 8, 9, 10, 0, 12, 13, 6, 4, 16, 17, 18, 19]",856.5,2.154090404510498
"[11, 1, 2, 3, 15, 5, 14, 7, 8, 9, 10, 0, 12, 13, 6, 4, 16, 17, 18, 19]",856.5,"[11, 1, 2, 3, 15, 5, 14, 7, 8, 9, 10, 0, 12, 13, 6, 4, 16, 17, 18, 19]",856.5,2.202085018157959
"[11, 1, 2, 3, 15, 5, 14, 7, 8, 9, 10, 0, 12, 13, 6, 4, 16, 17, 18, 19]",856.5,"[11, 1, 2, 3, 15, 5, 14, 7, 8, 9, 10, 0, 12, 13, 6, 4, 16, 17, 18, 19]",856.5,2.2510855197906494
"[11, 1, 2, 3, 15, 5, 14, 7, 8, 9, 10, 0, 12, 13, 6, 4, 16, 17, 18, 19]",856.5,"[11, 1, 2, 3, 15, 5, 14, 7, 8, 9, 10, 0, 12, 13, 6, 4, 16, 17, 18, 19]",856.5,2.2990760803222656
"[11, 1, 2, 3, 15, 5, 14, 7, 8, 9, 10, 0, 12, 13, 6, 4, 16, 17, 18, 19]",856.5,"[11, 1, 2, 3, 15, 5, 14, 7, 8, 9, 10, 0, 12, 13, 6, 4, 16, 17, 18, 19]",856.5,2.348083734512329
"[11, 1, 2, 3, 15, 5, 14, 7, 8, 9, 10, 0, 12, 13, 6, 4, 16, 17, 18, 19]",856.5,"[11, 1, 2, 3, 15, 5, 14, 7, 8, 9, 10, 0, 12, 13, 6, 4, 16, 17, 18, 19]",856.5,2.398085117340088
"[11, 1, 2, 3, 15, 5, 14, 7, 8, 9, 10, 0, 12, 13, 6, 4, 16, 17, 18, 19]",856.5,"[11, 1, 2, 3, 15, 5, 14, 7, 8, 9, 10, 0, 12, 13, 6, 4, 16, 17, 18, 19]",856.5,2.4460854530334473
"[11, 1, 2, 3, 15, 5, 14, 7, 8, 9, 10, 0, 12, 13, 6, 4, 16, 17, 18, 19]",856.5,"[11, 1, 2, 3, 15, 5, 14, 7, 8, 9, 10, 0, 12, 13, 6, 4, 16, 17, 18, 19]",856.5,2.4950876235961914
"[11, 1, 2, 3, 15, 5, 14, 7, 8, 9, 10, 0, 12, 13, 6, 4, 16, 17, 18, 19]",856.5,"[11, 1, 2, 3, 15, 5, 14, 7, 8, 9, 10, 0, 12, 13, 6, 4, 16, 17, 18, 19]",856.5,2.54409122467041
"[11, 1, 2, 3, 15, 5, 14, 7, 8, 9, 10, 0, 12, 13, 6, 4, 16, 17, 18, 19]",856.5,"[11, 1, 2, 3, 15, 5, 14, 7, 8, 9, 10, 0, 12, 13, 6, 4, 16, 17, 18, 19]",856.5,2.594090223312378
"[11, 1, 2, 3, 15, 5, 14, 7, 8, 9, 10, 0, 12, 13, 6, 4, 16, 17, 18, 19]",856.5,"[11, 1, 2, 3, 15, 5, 14, 7, 8, 9, 10, 0, 12, 13, 6, 4, 16, 17, 18, 19]",856.5,2.642091989517212
"[11, 1, 2, 3, 15, 5, 14, 7, 8, 9, 10, 0, 12, 13, 6, 4, 16, 17, 18, 19]",856.5,"[11, 1, 2, 3, 15, 5, 14, 7, 8, 9, 10, 0, 12, 13, 6, 4, 16, 17, 18, 19]",856.5,2.6890904903411865
"[11, 1, 2, 3, 15, 5, 14, 7, 8, 9, 10, 0, 12, 13, 6, 4, 16, 17, 18, 19]",856.5,"[11, 1, 2, 3, 15, 5, 14, 7, 8, 9, 10, 0, 12, 13, 6, 4, 16, 17, 18, 19]",856.5,2.737086296081543
"[11, 1, 2, 3, 15, 5, 14, 7, 8, 9, 10, 0, 12, 13, 6, 4, 16, 17, 18, 19]",856.5,"[11, 1, 2, 3, 15, 5, 14, 7, 8, 9, 10, 0, 12, 13, 6, 4, 16, 17, 18, 19]",856.5,2.782109260559082
"[11, 1, 2, 3, 15, 5, 14, 7, 8, 9, 10, 0, 12, 13, 6, 4, 16, 17, 18, 19]",856.5,"[11, 1, 2, 3, 15, 5, 14, 7, 8, 9, 10, 0, 12, 13, 6, 4, 16, 17, 18, 19]",856.5,2.831098794937134
"[11, 1, 2, 3, 15, 5, 14, 7, 8, 9, 10, 0, 12, 13, 6, 4, 16, 17, 18, 19]",856.5,"[11, 1, 2, 3, 15, 5, 14, 7, 8, 9, 10, 0, 12, 13, 6, 4, 16, 17, 18, 19]",856.5,2.88008713722229
"[11, 1, 2, 3, 15, 5, 14, 7, 8, 9, 10, 0, 12, 13, 6, 4, 16, 17, 18, 19]",856.5,"[11, 1, 2, 3, 15, 5, 14, 7, 8, 9, 10, 0, 12, 13, 6, 4, 16, 17, 18, 19]",856.5,2.9270904064178467
"[11, 1, 2, 3, 15, 5, 14, 7, 8, 9, 10, 0, 12, 13, 6, 4, 16, 17, 18, 19]",856.5,"[11, 1, 2, 3, 15, 5, 14, 7, 8, 9, 10, 0, 12, 13, 6, 4, 16, 17, 18, 19]",856.5,2.9730944633483887
"[11, 1, 2, 3, 15, 5, 14, 7, 8, 9, 10, 0, 12, 13, 6, 4, 16, 17, 18, 19]",856.5,"[11, 1, 2, 3, 15, 5, 14, 7, 8, 9, 10, 0, 12, 13, 6, 4, 16, 17, 18, 19]",856.5,3.0190889835357666
"[11, 1, 2, 3, 15, 5, 14, 7, 8, 9, 10, 0, 12, 13, 6, 4, 16, 17, 18, 19]",856.5,"[11, 1, 2, 3, 15, 5, 14, 7, 8, 9, 10, 0, 12, 13, 6, 4, 16, 17, 18, 19]",856.5,3.064089298248291
"[11, 1, 2, 3, 15, 5, 14, 7, 8, 9, 10, 0, 12, 13, 6, 4, 16, 17, 18, 19]",856.5,"[11, 1, 2, 3, 15, 5, 14, 7, 8, 9, 10, 0, 12, 13, 6, 4, 16, 17, 18, 19]",856.5,3.112090826034546
"[11, 1, 2, 3, 15, 5, 14, 7, 8, 9, 10, 0, 12, 13, 6, 4, 16, 17, 18, 19]",856.5,"[11, 1, 2, 3, 15, 5, 14, 7, 8, 9, 10, 0, 12, 13, 6, 4, 16, 17, 18, 19]",856.5,3.1600887775421143
"[11, 1, 2, 3, 15, 5, 14, 7, 8, 9, 10, 0, 12, 13, 6, 4, 16, 17, 18, 19]",856.5,"[11, 1, 2, 3, 15, 5, 14, 7, 8, 9, 10, 0, 12, 13, 6, 4, 16, 17, 18, 19]",856.5,3.2093563079833984
"[11, 1, 2, 3, 15, 5, 14, 7, 8, 9, 10, 0, 12, 13, 6, 4, 16, 17, 18, 19]",856.5,"[11, 1, 2, 3, 15, 5, 14, 7, 8, 9, 10, 0, 12, 13, 6, 4, 16, 17, 18, 19]",856.5,3.258089065551758
"[11, 1, 2, 3, 15, 5, 14, 7, 8, 9, 10, 0, 12, 13, 6, 4, 16, 17, 18, 19]",856.5,"[11, 1, 2, 3, 15, 5, 14, 7, 8, 9, 10, 0, 12, 13, 6, 4, 16, 17, 18, 19]",856.5,3.3050928115844727
"[11, 1, 2, 3, 15, 5, 14, 7, 8, 9, 10, 0, 12, 13, 6, 4, 16, 17, 18, 19]",856.5,"[11, 1, 2, 3, 15, 5, 14, 7, 8, 9, 10, 0, 12, 13, 6, 4, 16, 17, 18, 19]",856.5,3.3530948162078857
"[11, 1, 2, 3, 15, 5, 14, 7, 8, 9, 10, 0, 12, 13, 6, 4, 16, 17, 18, 19]",856.5,"[11, 1, 2, 3, 15, 5, 14, 7, 8, 9, 10, 0, 12, 13, 6, 4, 16, 17, 18, 19]",856.5,3.4020938873291016
"[11, 1, 2, 3, 15, 5, 14, 7, 8, 9, 10, 0, 12, 13, 6, 4, 16, 17, 18, 19]",856.5,"[11, 1, 2, 3, 15, 5, 14, 7, 8, 9, 10, 0, 12, 13, 6, 4, 16, 17, 18, 19]",856.5,3.4490959644317627
"[11, 1, 2, 3, 15, 5, 14, 7, 8, 9, 10, 0, 12, 13, 6, 4, 16, 17, 18, 19]",856.5,"[11, 1, 2, 3, 15, 5, 14, 7, 8, 9, 10, 0, 12, 13, 6, 4, 16, 17, 18, 19]",856.5,3.4960949420928955
"[11, 1, 2, 3, 15, 5, 14, 7, 8, 9, 10, 0, 12, 13, 6, 4, 16, 17, 18, 19]",856.5,"[11, 1, 2, 3, 15, 5, 14, 7, 8, 9, 10, 0, 12, 13, 6, 4, 16, 17, 18, 19]",856.5,3.5440940856933594
"[11, 1, 2, 3, 15, 5, 14, 7, 8, 9, 10, 0, 12, 13, 6, 4, 16, 17, 18, 19]",856.5,"[11, 1, 2, 3, 15, 5, 14, 7, 8, 9, 10, 0, 12, 13, 6, 4, 16, 17, 18, 19]",856.5,3.590095281600952
"[11, 1, 2, 3, 15, 5, 14, 7, 8, 9, 10, 0, 12, 13, 6, 4, 16, 17, 18, 19]",856.5,"[11, 1, 2, 3, 15, 5, 14, 7, 8, 9, 10, 0, 12, 13, 6, 4, 16, 17, 18, 19]",856.5,3.6360983848571777
"[11, 1, 2, 3, 15, 5, 14, 7, 8, 9, 10, 0, 12, 13, 6, 4, 16, 17, 18, 19]",856.5,"[11, 1, 2, 3, 15, 5, 14, 7, 8, 9, 10, 0, 12, 13, 6, 4, 16, 17, 18, 19]",856.5,3.683091878890991
"[11, 1, 2, 3, 15, 5, 14, 7, 8, 9, 10, 0, 12, 13, 6, 4, 16, 17, 18, 19]",856.5,"[11, 1, 2, 3, 15, 5, 14, 7, 8, 9, 10, 0, 12, 13, 6, 4, 16, 17, 18, 19]",856.5,3.7300925254821777
"[11, 1, 2, 3, 15, 5, 14, 7, 8, 9, 10, 0, 12, 13, 6, 4, 16, 17, 18, 19]",856.5,"[11, 1, 2, 3, 15, 5, 14, 7, 8, 9, 10, 0, 12, 13, 6, 4, 16, 17, 18, 19]",856.5,3.7791025638580322
"[11, 1, 2, 3, 15, 5, 14, 7, 8, 9, 10, 0, 12, 13, 6, 4, 16, 17, 18, 19]",856.5,"[11, 1, 2, 3, 15, 5, 14, 7, 8, 9, 10, 0, 12, 13, 6, 4, 16, 17, 18, 19]",856.5,3.8250985145568848
"[11, 1, 2, 3, 15, 5, 14, 7, 8, 9, 10, 0, 12, 13, 6, 4, 16, 17, 18, 19]",856.5,"[11, 1, 2, 3, 15, 5, 14, 7, 8, 9, 10, 0, 12, 13, 6, 4, 16, 17, 18, 19]",856.5,3.873098850250244
"[11, 1, 2, 3, 15, 5, 14, 7, 8, 9, 10, 0, 12, 13, 6, 4, 16, 17, 18, 19]",856.5,"[11, 1, 2, 3, 15, 5, 14, 7, 8, 9, 10, 0, 12, 13, 6, 4, 16, 17, 18, 19]",856.5,3.9191081523895264
"[11, 1, 2, 3, 15, 5, 14, 7, 8, 9, 10, 0, 12, 13, 6, 4, 16, 17, 18, 19]",856.5,"[11, 1, 2, 3, 15, 5, 14, 7, 8, 9, 10, 0, 12, 13, 6, 4, 16, 17, 18, 19]",856.5,3.9690961837768555
"[11, 1, 2, 3, 15, 5, 14, 7, 8, 9, 10, 0, 12, 13, 6, 4, 16, 17, 18, 19]",856.5,"[11, 1, 2, 3, 15, 5, 14, 7, 8, 9, 10, 0, 12, 13, 6, 4, 16, 17, 18, 19]",856.5,4.016100168228149
"[11, 1, 2, 3, 15, 5, 14, 7, 8, 9, 10, 0, 12, 13, 6, 4, 16, 17, 18, 19]",856.5,"[11, 1, 2, 3, 15, 5, 14, 7, 8, 9, 10, 0, 12, 13, 6, 4, 16, 17, 18, 19]",856.5,4.063095808029175
"[11, 1, 2, 3, 15, 5, 14, 7, 8, 9, 10, 0, 12, 13, 6, 4, 16, 17, 18, 19]",856.5,"[11, 1, 2, 3, 15, 5, 14, 7, 8, 9, 10, 0, 12, 13, 6, 4, 16, 17, 18, 19]",856.5,4.110105037689209
"[11, 1, 2, 3, 15, 5, 14, 7, 8, 9, 10, 0, 12, 13, 6, 4, 16, 17, 18, 19]",856.5,"[11, 1, 2, 3, 15, 5, 14, 7, 8, 9, 10, 0, 12, 13, 6, 4, 16, 17, 18, 19]",856.5,4.15609884262085
"[11, 1, 2, 3, 15, 5, 14, 7, 8, 9, 10, 0, 12, 13, 6, 4, 16, 17, 18, 19]",856.5,"[11, 1, 2, 3, 15, 5, 14, 7, 8, 9, 10, 0, 12, 13, 6, 4, 16, 17, 18, 19]",856.5,4.204099893569946
"[11, 1, 2, 3, 15, 5, 14, 7, 8, 9, 10, 0, 12, 13, 6, 4, 16, 17, 18, 19]",856.5,"[11, 1, 2, 3, 15, 5, 14, 7, 8, 9, 10, 0, 12, 13, 6, 4, 16, 17, 18, 19]",856.5,4.251096963882446
"[11, 1, 2, 3, 15, 5, 14, 7, 8, 9, 10, 0, 12, 13, 6, 4, 16, 17, 18, 19]",856.5,"[11, 1, 2, 3, 15, 5, 14, 7, 8, 9, 10, 0, 12, 13, 6, 4, 16, 17, 18, 19]",856.5,4.29910135269165
"[11, 1, 2, 3, 15, 5, 14, 7, 8, 9, 10, 0, 12, 13, 6, 4, 16, 17, 18, 19]",856.5,"[11, 1, 2, 3, 15, 5, 14, 7, 8, 9, 10, 0, 12, 13, 6, 4, 16, 17, 18, 19]",856.5,4.348098039627075
"[11, 1, 2, 3, 15, 5, 14, 7, 8, 9, 10, 0, 12, 13, 6, 4, 16, 17, 18, 19]",856.5,"[11, 1, 2, 3, 15, 5, 14, 7, 8, 9, 10, 0, 12, 13, 6, 4, 16, 17, 18, 19]",856.5,4.39510178565979
"[11, 1, 2, 3, 15, 5, 14, 7, 8, 9, 10, 0, 12, 13, 6, 4, 16, 17, 18, 19]",856.5,"[11, 1, 2, 3, 15, 5, 14, 7, 8, 9, 10, 0, 12, 13, 6, 4, 16, 17, 18, 19]",856.5,4.443103075027466
"[11, 1, 2, 3, 15, 5, 14, 7, 8, 9, 10, 0, 12, 13, 6, 4, 16, 17, 18, 19]",856.5,"[11, 1, 2, 3, 15, 5, 14, 7, 8, 9, 10, 0, 12, 13, 6, 4, 16, 17, 18, 19]",856.5,4.4901087284088135
"[11, 1, 2, 3, 15, 5, 14, 7, 8, 9, 10, 0, 12, 13, 6, 4, 16, 17, 18, 19]",856.5,"[11, 1, 2, 3, 15, 5, 14, 7, 8, 9, 10, 0, 12, 13, 6, 4, 16, 17, 18, 19]",856.5,4.541105031967163
"[11, 1, 2, 3, 15, 5, 14, 7, 8, 9, 10, 0, 12, 13, 6, 4, 16, 17, 18, 19]",856.5,"[11, 1, 2, 3, 15, 5, 14, 7, 8, 9, 10, 0, 12, 13, 6, 4, 16, 17, 18, 19]",856.5,4.58910346031189
"[11, 1, 2, 3, 15, 5, 14, 7, 8, 9, 10, 0, 12, 13, 6, 4, 16, 17, 18, 19]",856.5,"[11, 1, 2, 3, 15, 5, 14, 7, 8, 9, 10, 0, 12, 13, 6, 4, 16, 17, 18, 19]",856.5,4.642104864120483
"[11, 1, 2, 3, 15, 5, 14, 7, 8, 9, 10, 0, 12, 13, 6, 4, 16, 17, 18, 19]",856.5,"[11, 1, 2, 3, 15, 5, 14, 7, 8, 9, 10, 0, 12, 13, 6, 4, 16, 17, 18, 19]",856.5,4.694101333618164
"[11, 1, 2, 3, 15, 5, 14, 7, 8, 9, 10, 0, 12, 13, 6, 4, 16, 17, 18, 19]",856.5,"[11, 1, 2, 3, 15, 5, 14, 7, 8, 9, 10, 0, 12, 13, 6, 4, 16, 17, 18, 19]",856.5,4.746108055114746
"[11, 1, 2, 3, 15, 5, 14, 7, 8, 9, 10, 0, 12, 13, 6, 4, 16, 17, 18, 19]",856.5,"[11, 1, 2, 3, 15, 5, 14, 7, 8, 9, 10, 0, 12, 13, 6, 4, 16, 17, 18, 19]",856.5,4.791102170944214
"[11, 1, 2, 3, 15, 5, 14, 7, 8, 9, 10, 0, 12, 13, 6, 4, 16, 17, 18, 19]",856.5,"[11, 1, 2, 3, 15, 5, 14, 7, 8, 9, 10, 0, 12, 13, 6, 4, 16, 17, 18, 19]",856.5,4.838113784790039
"[11, 1, 2, 3, 15, 5, 14, 7, 8, 9, 10, 0, 12, 13, 6, 4, 16, 17, 18, 19]",856.5,"[11, 1, 2, 3, 15, 5, 14, 7, 8, 9, 10, 0, 12, 13, 6, 4, 16, 17, 18, 19]",856.5,4.885104656219482
"[11, 1, 2, 3, 15, 5, 14, 7, 8, 9, 10, 0, 12, 13, 6, 4, 16, 17, 18, 19]",856.5,"[11, 1, 2, 3, 15, 5, 14, 7, 8, 9, 10, 0, 12, 13, 6, 4, 16, 17, 18, 19]",856.5,4.933105707168579
"[11, 1, 2, 3, 15, 5, 14, 7, 8, 9, 10, 0, 12, 13, 6, 4, 16, 17, 18, 19]",856.5,"[11, 1, 2, 3, 15, 5, 14, 7, 8, 9, 10, 0, 12, 13, 6, 4, 16, 17, 18, 19]",856.5,4.981106758117676
"[11, 1, 2, 3, 15, 5, 14, 7, 8, 9, 10, 0, 12, 13, 6, 4, 16, 17, 18, 19]",856.5,"[11, 1, 2, 3, 15, 5, 14, 7, 8, 9, 10, 0, 12, 13, 6, 4, 16, 17, 18, 19]",856.5,5.027114391326904
"[11, 1, 2, 3, 15, 5, 14, 7, 8, 9, 10, 0, 12, 13, 6, 4, 16, 17, 18, 19]",856.5,"[11, 1, 2, 3, 15, 5, 14, 7, 8, 9, 10, 0, 12, 13, 6, 4, 16, 17, 18, 19]",856.5,5.075108051300049
"[11, 1, 2, 3, 15, 5, 14, 7, 8, 9, 10, 0, 12, 13, 6, 4, 16, 17, 18, 19]",856.5,"[11, 1, 2, 3, 15, 5, 14, 7, 8, 9, 10, 0, 12, 13, 6, 4, 16, 17, 18, 19]",856.5,5.122103691101074
"[11, 1, 2, 3, 15, 5, 14, 7, 8, 9, 10, 0, 12, 13, 6, 4, 16, 17, 18, 19]",856.5,"[11, 1, 2, 3, 15, 5, 14, 7, 8, 9, 10, 0, 12, 13, 6, 4, 16, 17, 18, 19]",856.5,5.166103363037109
"[11, 1, 2, 3, 15, 5, 14, 7, 8, 9, 10, 0, 12, 13, 6, 4, 16, 17, 18, 19]",856.5,"[11, 1, 2, 3, 15, 5, 14, 7, 8, 9, 10, 0, 12, 13, 6, 4, 16, 17, 18, 19]",856.5,5.214107275009155
"[11, 1, 2, 3, 15, 5, 14, 7, 8, 9, 10, 0, 12, 13, 6, 4, 16, 17, 18, 19]",856.5,"[11, 1, 2, 3, 15, 5, 14, 7, 8, 9, 10, 0, 12, 13, 6, 4, 16, 17, 18, 19]",856.5,5.292128562927246
"[11, 1, 2, 3, 15, 5, 14, 7, 8, 9, 10, 0, 12, 13, 6, 4, 16, 17, 18, 19]",856.5,"[11, 1, 2, 3, 15, 5, 14, 7, 8, 9, 10, 0, 12, 13, 6, 4, 16, 17, 18, 19]",856.5,5.339101791381836
"[11, 1, 2, 3, 15, 5, 14, 7, 8, 9, 10, 0, 12, 13, 6, 4, 16, 17, 18, 19]",856.5,"[11, 1, 2, 3, 15, 5, 14, 7, 8, 9, 10, 0, 12, 13, 6, 4, 16, 17, 18, 19]",856.5,5.387101650238037
"[11, 1, 2, 3, 15, 5, 14, 7, 8, 9, 10, 0, 12, 13, 6, 4, 16, 17, 18, 19]",856.5,"[11, 1, 2, 3, 15, 5, 14, 7, 8, 9, 10, 0, 12, 13, 6, 4, 16, 17, 18, 19]",856.5,5.436103343963623
"[11, 1, 2, 3, 15, 5, 14, 7, 8, 9, 10, 0, 12, 13, 6, 4, 16, 17, 18, 19]",856.5,"[11, 1, 2, 3, 15, 5, 14, 7, 8, 9, 10, 0, 12, 13, 6, 4, 16, 17, 18, 19]",856.5,5.483102560043335
"[11, 1, 2, 3, 15, 5, 14, 7, 8, 9, 10, 0, 12, 13, 6, 4, 16, 17, 18, 19]",856.5,"[11, 1, 2, 3, 15, 5, 14, 7, 8, 9, 10, 0, 12, 13, 6, 4, 16, 17, 18, 19]",856.5,5.531102657318115
"[11, 1, 2, 3, 15, 5, 14, 7, 8, 9, 10, 0, 12, 13, 6, 4, 16, 17, 18, 19]",856.5,"[11, 1, 2, 3, 15, 5, 14, 7, 8, 9, 10, 0, 12, 13, 6, 4, 16, 17, 18, 19]",856.5,5.583103179931641
"[11, 1, 2, 3, 15, 5, 14, 7, 8, 9, 10, 0, 12, 13, 6, 4, 16, 17, 18, 19]",856.5,"[11, 1, 2, 3, 15, 5, 14, 7, 8, 9, 10, 0, 12, 13, 6, 4, 16, 17, 18, 19]",856.5,5.63710355758667
"[11, 1, 2, 3, 15, 5, 14, 7, 8, 9, 10, 0, 12, 13, 6, 4, 16, 17, 18, 19]",856.5,"[11, 1, 2, 3, 15, 5, 14, 7, 8, 9, 10, 0, 12, 13, 6, 4, 16, 17, 18, 19]",856.5,5.688110589981079
"[11, 1, 2, 3, 15, 5, 14, 7, 8, 9, 10, 0, 12, 13, 6, 4, 16, 17, 18, 19]",856.5,"[11, 1, 2, 3, 15, 5, 14, 7, 8, 9, 10, 0, 12, 13, 6, 4, 16, 17, 18, 19]",856.5,5.7371134757995605
"[11, 1, 2, 3, 15, 5, 14, 7, 8, 9, 10, 0, 12, 13, 6, 4, 16, 17, 18, 19]",856.5,"[11, 1, 2, 3, 15, 5, 14, 7, 8, 9, 10, 0, 12, 13, 6, 4, 16, 17, 18, 19]",856.5,5.785121440887451
"[11, 1, 2, 3, 15, 5, 14, 7, 8, 9, 10, 0, 12, 13, 6, 4, 16, 17, 18, 19]",856.5,"[11, 1, 2, 3, 15, 5, 14, 7, 8, 9, 10, 0, 12, 13, 6, 4, 16, 17, 18, 19]",856.5,5.832113027572632
"[11, 1, 2, 3, 15, 5, 14, 7, 8, 9, 10, 0, 12, 13, 6, 4, 16, 17, 18, 19]",856.5,"[11, 1, 2, 3, 15, 5, 14, 7, 8, 9, 10, 0, 12, 13, 6, 4, 16, 17, 18, 19]",856.5,5.880113363265991
"[11, 1, 2, 3, 15, 5, 14, 7, 8, 9, 10, 0, 12, 13, 6, 4, 16, 17, 18, 19]",856.5,"[11, 1, 2, 3, 15, 5, 14, 7, 8, 9, 10, 0, 12, 13, 6, 4, 16, 17, 18, 19]",856.5,5.927121639251709
"[11, 1, 2, 3, 15, 5, 14, 7, 8, 9, 10, 0, 12, 13, 6, 4, 16, 17, 18, 19]",856.5,"[11, 1, 2, 3, 15, 5, 14, 7, 8, 9, 10, 0, 12, 13, 6, 4, 16, 17, 18, 19]",856.5,5.9751222133636475
"[11, 1, 2, 3, 15, 5, 14, 7, 8, 9, 10, 0, 12, 13, 6, 4, 16, 17, 18, 19]",856.5,"[11, 1, 2, 3, 15, 5, 14, 7, 8, 9, 10, 0, 12, 13, 6, 4, 16, 17, 18, 19]",856.5,6.021116733551025
"[11, 1, 2, 3, 15, 5, 14, 7, 8, 9, 10, 0, 12, 13, 6, 4, 16, 17, 18, 19]",856.5,"[11, 1, 2, 3, 15, 5, 14, 7, 8, 9, 10, 0, 12, 13, 6, 4, 16, 17, 18, 19]",856.5,6.070111513137817
"[11, 1, 2, 3, 15, 5, 14, 7, 8, 9, 10, 0, 12, 13, 6, 4, 16, 17, 18, 19]",856.5,"[11, 1, 2, 3, 15, 5, 14, 7, 8, 9, 10, 0, 12, 13, 6, 4, 16, 17, 18, 19]",856.5,6.118121147155762
"[11, 1, 2, 3, 15, 5, 14, 7, 8, 9, 10, 0, 12, 13, 6, 4, 16, 17, 18, 19]",856.5,"[11, 1, 2, 3, 15, 5, 14, 7, 8, 9, 10, 0, 12, 13, 6, 4, 16, 17, 18, 19]",856.5,6.166117191314697
"[11, 1, 2, 3, 15, 5, 14, 7, 8, 9, 10, 0, 12, 13, 6, 4, 16, 17, 18, 19]",856.5,"[11, 1, 2, 3, 15, 5, 14, 7, 8, 9, 10, 0, 12, 13, 6, 4, 16, 17, 18, 19]",856.5,6.213517189025879
"[11, 1, 2, 3, 15, 5, 14, 7, 8, 9, 10, 0, 12, 13, 6, 4, 16, 17, 18, 19]",856.5,"[11, 1, 2, 3, 15, 5, 14, 7, 8, 9, 10, 0, 12, 13, 6, 4, 16, 17, 18, 19]",856.5,6.263218402862549
"[11, 1, 2, 3, 15, 5, 14, 7, 8, 9, 10, 0, 12, 13, 6, 4, 16, 17, 18, 19]",856.5,"[11, 1, 2, 3, 15, 5, 14, 7, 8, 9, 10, 0, 12, 13, 6, 4, 16, 17, 18, 19]",856.5,6.314115285873413
"[11, 1, 2, 3, 15, 5, 14, 7, 8, 9, 10, 0, 12, 13, 6, 4, 16, 17, 18, 19]",856.5,"[11, 1, 2, 3, 15, 5, 14, 7, 8, 9, 10, 0, 12, 13, 6, 4, 16, 17, 18, 19]",856.5,6.3661158084869385
"[11, 1, 2, 3, 15, 5, 14, 7, 8, 9, 10, 0, 12, 13, 6, 4, 16, 17, 18, 19]",856.5,"[11, 1, 2, 3, 15, 5, 14, 7, 8, 9, 10, 0, 12, 13, 6, 4, 16, 17, 18, 19]",856.5,6.413116216659546
"[11, 1, 2, 3, 15, 5, 14, 7, 8, 9, 10, 0, 12, 13, 6, 4, 16, 17, 18, 19]",856.5,"[11, 1, 2, 3, 15, 5, 14, 7, 8, 9, 10, 0, 12, 13, 6, 4, 16, 17, 18, 19]",856.5,6.461115598678589
"[11, 1, 2, 3, 15, 5, 14, 7, 8, 9, 10, 0, 12, 13, 6, 4, 16, 17, 18, 19]",856.5,"[11, 1, 2, 3, 15, 5, 14, 7, 8, 9, 10, 0, 12, 13, 6, 4, 16, 17, 18, 19]",856.5,6.508117914199829
"[11, 1, 2, 3, 15, 5, 14, 7, 8, 9, 10, 0, 12, 13, 6, 4, 16, 17, 18, 19]",856.5,"[11, 1, 2, 3, 15, 5, 14, 7, 8, 9, 10, 0, 12, 13, 6, 4, 16, 17, 18, 19]",856.5,6.556120157241821
"[11, 1, 2, 3, 15, 5, 14, 7, 8, 9, 10, 0, 12, 13, 6, 4, 16, 17, 18, 19]",856.5,"[11, 1, 2, 3, 15, 5, 14, 7, 8, 9, 10, 0, 12, 13, 6, 4, 16, 17, 18, 19]",856.5,6.600131034851074
"[11, 1, 2, 3, 15, 5, 14, 7, 8, 9, 10, 0, 12, 13, 6, 4, 16, 17, 18, 19]",856.5,"[11, 1, 2, 3, 15, 5, 14, 7, 8, 9, 10, 0, 12, 13, 6, 4, 16, 17, 18, 19]",856.5,6.6511218547821045
"[11, 1, 2, 3, 15, 5, 14, 7, 8, 9, 10, 0, 12, 13, 6, 4, 16, 17, 18, 19]",856.5,"[11, 1, 2, 3, 15, 5, 14, 7, 8, 9, 10, 0, 12, 13, 6, 4, 16, 17, 18, 19]",856.5,6.697116851806641
"[11, 1, 2, 3, 15, 5, 14, 7, 8, 9, 10, 0, 12, 13, 6, 4, 16, 17, 18, 19]",856.5,"[11, 1, 2, 3, 15, 5, 14, 7, 8, 9, 10, 0, 12, 13, 6, 4, 16, 17, 18, 19]",856.5,6.745117425918579
"[11, 1, 2, 3, 15, 5, 14, 7, 8, 9, 10, 0, 12, 13, 6, 4, 16, 17, 18, 19]",856.5,"[11, 1, 2, 3, 15, 5, 14, 7, 8, 9, 10, 0, 12, 13, 6, 4, 16, 17, 18, 19]",856.5,6.792120933532715
"[11, 1, 2, 3, 15, 5, 14, 7, 8, 9, 10, 0, 12, 13, 6, 4, 16, 17, 18, 19]",856.5,"[11, 1, 2, 3, 15, 5, 14, 7, 8, 9, 10, 0, 12, 13, 6, 4, 16, 17, 18, 19]",856.5,6.839128017425537
"[11, 1, 2, 3, 15, 5, 14, 7, 8, 9, 10, 0, 12, 13, 6, 4, 16, 17, 18, 19]",856.5,"[11, 1, 2, 3, 15, 5, 14, 7, 8, 9, 10, 0, 12, 13, 6, 4, 16, 17, 18, 19]",856.5,6.887124300003052
"[11, 1, 2, 3, 15, 5, 14, 7, 8, 9, 10, 0, 12, 13, 6, 4, 16, 17, 18, 19]",856.5,"[11, 1, 2, 3, 15, 5, 14, 7, 8, 9, 10, 0, 12, 13, 6, 4, 16, 17, 18, 19]",856.5,6.935121059417725
"[11, 1, 2, 3, 15, 5, 14, 7, 8, 9, 10, 0, 12, 13, 6, 4, 16, 17, 18, 19]",856.5,"[11, 1, 2, 3, 15, 5, 14, 7, 8, 9, 10, 0, 12, 13, 6, 4, 16, 17, 18, 19]",856.5,6.984121084213257
"[11, 1, 2, 3, 15, 5, 14, 7, 8, 9, 10, 0, 12, 13, 6, 4, 16, 17, 18, 19]",856.5,"[11, 1, 2, 3, 15, 5, 14, 7, 8, 9, 10, 0, 12, 13, 6, 4, 16, 17, 18, 19]",856.5,7.034121513366699
"[11, 1, 2, 3, 15, 5, 14, 7, 8, 9, 10, 0, 12, 13, 6, 4, 16, 17, 18, 19]",856.5,"[11, 1, 2, 3, 15, 5, 14, 7, 8, 9, 10, 0, 12, 13, 6, 4, 16, 17, 18, 19]",856.5,7.08312201499939
"[11, 1, 2, 3, 15, 5, 14, 7, 8, 9, 10, 0, 12, 13, 6, 4, 16, 17, 18, 19]",856.5,"[11, 1, 2, 3, 15, 5, 14, 7, 8, 9, 10, 0, 12, 13, 6, 4, 16, 17, 18, 19]",856.5,7.13012170791626
"[11, 1, 2, 3, 15, 5, 14, 7, 8, 9, 10, 0, 12, 13, 6, 4, 16, 17, 18, 19]",856.5,"[11, 1, 2, 3, 15, 5, 14, 7, 8, 9, 10, 0, 12, 13, 6, 4, 16, 17, 18, 19]",856.5,7.178119659423828
"[11, 1, 2, 3, 15, 5, 14, 7, 8, 9, 10, 0, 12, 13, 6, 4, 16, 17, 18, 19]",856.5,"[11, 1, 2, 3, 15, 5, 14, 7, 8, 9, 10, 0, 12, 13, 6, 4, 16, 17, 18, 19]",856.5,7.226121664047241
"[11, 1, 2, 3, 15, 5, 14, 7, 8, 9, 10, 0, 12, 13, 6, 4, 16, 17, 18, 19]",856.5,"[11, 1, 2, 3, 15, 5, 14, 7, 8, 9, 10, 0, 12, 13, 6, 4, 16, 17, 18, 19]",856.5,7.27312707901001
"[11, 1, 2, 3, 15, 5, 14, 7, 8, 9, 10, 0, 12, 13, 6, 4, 16, 17, 18, 19]",856.5,"[11, 1, 2, 3, 15, 5, 14, 7, 8, 9, 10, 0, 12, 13, 6, 4, 16, 17, 18, 19]",856.5,7.32012677192688
"[11, 1, 2, 3, 15, 5, 14, 7, 8, 9, 10, 0, 12, 13, 6, 4, 16, 17, 18, 19]",856.5,"[11, 1, 2, 3, 15, 5, 14, 7, 8, 9, 10, 0, 12, 13, 6, 4, 16, 17, 18, 19]",856.5,7.368123292922974
"[11, 1, 2, 3, 15, 5, 14, 7, 8, 9, 10, 0, 12, 13, 6, 4, 16, 17, 18, 19]",856.5,"[11, 1, 2, 3, 15, 5, 14, 7, 8, 9, 10, 0, 12, 13, 6, 4, 16, 17, 18, 19]",856.5,7.415128707885742
"[11, 1, 2, 3, 15, 5, 14, 7, 8, 9, 10, 0, 12, 13, 6, 4, 16, 17, 18, 19]",856.5,"[11, 1, 2, 3, 15, 5, 14, 7, 8, 9, 10, 0, 12, 13, 6, 4, 16, 17, 18, 19]",856.5,7.463127613067627
"[11, 1, 2, 3, 15, 5, 14, 7, 8, 9, 10, 0, 12, 13, 6, 4, 16, 17, 18, 19]",856.5,"[11, 1, 2, 3, 15, 5, 14, 7, 8, 9, 10, 0, 12, 13, 6, 4, 16, 17, 18, 19]",856.5,7.5121355056762695
"[11, 1, 2, 3, 15, 5, 14, 7, 8, 9, 10, 0, 12, 13, 6, 4, 16, 17, 18, 19]",856.5,"[11, 1, 2, 3, 15, 5, 14, 7, 8, 9, 10, 0, 12, 13, 6, 4, 16, 17, 18, 19]",856.5,7.5591278076171875
"[11, 1, 2, 3, 15, 5, 14, 7, 8, 9, 10, 0, 12, 13, 6, 4, 16, 17, 18, 19]",856.5,"[11, 1, 2, 3, 15, 5, 14, 7, 8, 9, 10, 0, 12, 13, 6, 4, 16, 17, 18, 19]",856.5,7.607128381729126
"[11, 1, 2, 3, 15, 5, 14, 7, 8, 9, 10, 0, 12, 13, 6, 4, 16, 17, 18, 19]",856.5,"[11, 1, 2, 3, 15, 5, 14, 7, 8, 9, 10, 0, 12, 13, 6, 4, 16, 17, 18, 19]",856.5,7.654128074645996
"[11, 1, 2, 3, 15, 5, 14, 7, 8, 9, 10, 0, 12, 13, 6, 4, 16, 17, 18, 19]",856.5,"[11, 1, 2, 3, 15, 5, 14, 7, 8, 9, 10, 0, 12, 13, 6, 4, 16, 17, 18, 19]",856.5,7.701130390167236
"[11, 1, 2, 3, 15, 5, 14, 7, 8, 9, 10, 0, 12, 13, 6, 4, 16, 17, 18, 19]",856.5,"[11, 1, 2, 3, 15, 5, 14, 7, 8, 9, 10, 0, 12, 13, 6, 4, 16, 17, 18, 19]",856.5,7.750139474868774
"[11, 1, 2, 3, 15, 5, 14, 7, 8, 9, 10, 0, 12, 13, 6, 4, 16, 17, 18, 19]",856.5,"[11, 1, 2, 3, 15, 5, 14, 7, 8, 9, 10, 0, 12, 13, 6, 4, 16, 17, 18, 19]",856.5,7.7971296310424805
"[11, 1, 2, 3, 15, 5, 14, 7, 8, 9, 10, 0, 12, 13, 6, 4, 16, 17, 18, 19]",856.5,"[11, 1, 2, 3, 15, 5, 14, 7, 8, 9, 10, 0, 12, 13, 6, 4, 16, 17, 18, 19]",856.5,7.845132350921631
"[11, 1, 2, 3, 15, 5, 14, 7, 8, 9, 10, 0, 12, 13, 6, 4, 16, 17, 18, 19]",856.5,"[11, 1, 2, 3, 15, 5, 14, 7, 8, 9, 10, 0, 12, 13, 6, 4, 16, 17, 18, 19]",856.5,7.893127202987671
"[11, 1, 2, 3, 15, 5, 14, 7, 8, 9, 10, 0, 12, 13, 6, 4, 16, 17, 18, 19]",856.5,"[11, 1, 2, 3, 15, 5, 14, 7, 8, 9, 10, 0, 12, 13, 6, 4, 16, 17, 18, 19]",856.5,7.940129280090332
"[11, 1, 2, 3, 15, 5, 14, 7, 8, 9, 10, 0, 12, 13, 6, 4, 16, 17, 18, 19]",856.5,"[11, 1, 2, 3, 15, 5, 14, 7, 8, 9, 10, 0, 12, 13, 6, 4, 16, 17, 18, 19]",856.5,7.990131616592407
"[11, 1, 2, 3, 15, 5, 14, 7, 8, 9, 10, 0, 12, 13, 6, 4, 16, 17, 18, 19]",856.5,"[11, 1, 2, 3, 15, 5, 14, 7, 8, 9, 10, 0, 12, 13, 6, 4, 16, 17, 18, 19]",856.5,8.038130283355713
"[11, 1, 2, 3, 15, 5, 14, 7, 8, 9, 10, 0, 12, 13, 6, 4, 16, 17, 18, 19]",856.5,"[11, 1, 2, 3, 15, 5, 14, 7, 8, 9, 10, 0, 12, 13, 6, 4, 16, 17, 18, 19]",856.5,8.081128120422363
"[11, 1, 2, 3, 15, 5, 14, 7, 8, 9, 10, 0, 12, 13, 6, 4, 16, 17, 18, 19]",856.5,"[11, 1, 2, 3, 15, 5, 14, 7, 8, 9, 10, 0, 12, 13, 6, 4, 16, 17, 18, 19]",856.5,8.12815260887146
"[11, 1, 2, 3, 15, 5, 14, 7, 8, 9, 10, 0, 12, 13, 6, 4, 16, 17, 18, 19]",856.5,"[11, 1, 2, 3, 15, 5, 14, 7, 8, 9, 10, 0, 12, 13, 6, 4, 16, 17, 18, 19]",856.5,8.175137519836426
"[11, 1, 2, 3, 15, 5, 14, 7, 8, 9, 10, 0, 12, 13, 6, 4, 16, 17, 18, 19]",856.5,"[11, 1, 2, 3, 15, 5, 14, 7, 8, 9, 10, 0, 12, 13, 6, 4, 16, 17, 18, 19]",856.5,8.223133325576782
"[11, 1, 2, 3, 15, 5, 14, 7, 8, 9, 10, 0, 12, 13, 6, 4, 16, 17, 18, 19]",856.5,"[11, 1, 2, 3, 15, 5, 14, 7, 8, 9, 10, 0, 12, 13, 6, 4, 16, 17, 18, 19]",856.5,8.27113127708435
"[11, 1, 2, 3, 15, 5, 14, 7, 8, 9, 10, 0, 12, 13, 6, 4, 16, 17, 18, 19]",856.5,"[11, 1, 2, 3, 15, 5, 14, 7, 8, 9, 10, 0, 12, 13, 6, 4, 16, 17, 18, 19]",856.5,8.316133260726929
"[11, 1, 2, 3, 15, 5, 14, 7, 8, 9, 10, 0, 12, 13, 6, 4, 16, 17, 18, 19]",856.5,"[11, 1, 2, 3, 15, 5, 14, 7, 8, 9, 10, 0, 12, 13, 6, 4, 16, 17, 18, 19]",856.5,8.364135503768921
"[11, 1, 2, 3, 15, 5, 14, 7, 8, 9, 10, 0, 12, 13, 6, 4, 16, 17, 18, 19]",856.5,"[11, 1, 2, 3, 15, 5, 14, 7, 8, 9, 10, 0, 12, 13, 6, 4, 16, 17, 18, 19]",856.5,8.411132097244263
"[11, 1, 2, 3, 15, 5, 14, 7, 8, 9, 10, 0, 12, 13, 6, 4, 16, 17, 18, 19]",856.5,"[11, 1, 2, 3, 15, 5, 14, 7, 8, 9, 10, 0, 12, 13, 6, 4, 16, 17, 18, 19]",856.5,8.457132577896118
"[11, 1, 2, 3, 15, 5, 14, 7, 8, 9, 10, 0, 12, 13, 6, 4, 16, 17, 18, 19]",856.5,"[11, 1, 2, 3, 15, 5, 14, 7, 8, 9, 10, 0, 12, 13, 6, 4, 16, 17, 18, 19]",856.5,8.507137298583984
"[11, 1, 2, 3, 15, 5, 14, 7, 8, 9, 10, 0, 12, 13, 6, 4, 16, 17, 18, 19]",856.5,"[11, 1, 2, 3, 15, 5, 14, 7, 8, 9, 10, 0, 12, 13, 6, 4, 16, 17, 18, 19]",856.5,8.554152250289917
"[11, 1, 2, 3, 15, 5, 14, 7, 8, 9, 10, 0, 12, 13, 6, 4, 16, 17, 18, 19]",856.5,"[11, 1, 2, 3, 15, 5, 14, 7, 8, 9, 10, 0, 12, 13, 6, 4, 16, 17, 18, 19]",856.5,8.601138353347778
"[11, 1, 2, 3, 15, 5, 14, 7, 8, 9, 10, 0, 12, 13, 6, 4, 16, 17, 18, 19]",856.5,"[11, 1, 2, 3, 15, 5, 14, 7, 8, 9, 10, 0, 12, 13, 6, 4, 16, 17, 18, 19]",856.5,8.649139404296875
"[11, 1, 2, 3, 15, 5, 14, 7, 8, 9, 10, 0, 12, 13, 6, 4, 16, 17, 18, 19]",856.5,"[11, 1, 2, 3, 15, 5, 14, 7, 8, 9, 10, 0, 12, 13, 6, 4, 16, 17, 18, 19]",856.5,8.697197675704956
"[11, 1, 2, 3, 15, 5, 14, 7, 8, 9, 10, 0, 12, 13, 6, 4, 16, 17, 18, 19]",856.5,"[11, 1, 2, 3, 15, 5, 14, 7, 8, 9, 10, 0, 12, 13, 6, 4, 16, 17, 18, 19]",856.5,8.74513864517212
"[11, 1, 2, 3, 15, 5, 14, 7, 8, 9, 10, 0, 12, 13, 6, 4, 16, 17, 18, 19]",856.5,"[11, 1, 2, 3, 15, 5, 14, 7, 8, 9, 10, 0, 12, 13, 6, 4, 16, 17, 18, 19]",856.5,8.791144371032715
"[11, 1, 2, 3, 15, 5, 14, 7, 8, 9, 10, 0, 12, 13, 6, 4, 16, 17, 18, 19]",856.5,"[11, 1, 2, 3, 15, 5, 14, 7, 8, 9, 10, 0, 12, 13, 6, 4, 16, 17, 18, 19]",856.5,8.866141319274902
"[11, 1, 2, 3, 15, 5, 14, 7, 8, 9, 10, 0, 12, 13, 6, 4, 16, 17, 18, 19]",856.5,"[11, 1, 2, 3, 15, 5, 14, 7, 8, 9, 10, 0, 12, 13, 6, 4, 16, 17, 18, 19]",856.5,8.914141416549683
"[11, 1, 2, 3, 15, 5, 14, 7, 8, 9, 10, 0, 12, 13, 6, 4, 16, 17, 18, 19]",856.5,"[11, 1, 2, 3, 15, 5, 14, 7, 8, 9, 10, 0, 12, 13, 6, 4, 16, 17, 18, 19]",856.5,8.961139678955078
"[11, 1, 2, 3, 15, 5, 14, 7, 8, 9, 10, 0, 12, 13, 6, 4, 16, 17, 18, 19]",856.5,"[11, 1, 2, 3, 15, 5, 14, 7, 8, 9, 10, 0, 12, 13, 6, 4, 16, 17, 18, 19]",856.5,9.00913691520691
"[11, 1, 2, 3, 15, 5, 14, 7, 8, 9, 10, 0, 12, 13, 6, 4, 16, 17, 18, 19]",856.5,"[11, 1, 2, 3, 15, 5, 14, 7, 8, 9, 10, 0, 12, 13, 6, 4, 16, 17, 18, 19]",856.5,9.05614948272705
"[11, 1, 2, 3, 15, 5, 14, 7, 8, 9, 10, 0, 12, 13, 6, 4, 16, 17, 18, 19]",856.5,"[11, 1, 2, 3, 15, 5, 14, 7, 8, 9, 10, 0, 12, 13, 6, 4, 16, 17, 18, 19]",856.5,9.103140830993652
"[11, 1, 2, 3, 15, 5, 14, 7, 8, 9, 10, 0, 12, 13, 6, 4, 16, 17, 18, 19]",856.5,"[11, 1, 2, 3, 15, 5, 14, 7, 8, 9, 10, 0, 12, 13, 6, 4, 16, 17, 18, 19]",856.5,9.150142669677734
"[11, 1, 2, 3, 15, 5, 14, 7, 8, 9, 10, 0, 12, 13, 6, 4, 16, 17, 18, 19]",856.5,"[11, 1, 2, 3, 15, 5, 14, 7, 8, 9, 10, 0, 12, 13, 6, 4, 16, 17, 18, 19]",856.5,9.198142766952515
"[11, 1, 2, 3, 15, 5, 14, 7, 8, 9, 10, 0, 12, 13, 6, 4, 16, 17, 18, 19]",856.5,"[11, 1, 2, 3, 15, 5, 14, 7, 8, 9, 10, 0, 12, 13, 6, 4, 16, 17, 18, 19]",856.5,9.247140645980835
"[11, 1, 2, 3, 15, 5, 14, 7, 8, 9, 10, 0, 12, 13, 6, 4, 16, 17, 18, 19]",856.5,"[11, 1, 2, 3, 15, 5, 14, 7, 8, 9, 10, 0, 12, 13, 6, 4, 16, 17, 18, 19]",856.5,9.295141458511353
"[11, 1, 2, 3, 15, 5, 14, 7, 8, 9, 10, 0, 12, 13, 6, 4, 16, 17, 18, 19]",856.5,"[11, 1, 2, 3, 15, 5, 14, 7, 8, 9, 10, 0, 12, 13, 6, 4, 16, 17, 18, 19]",856.5,9.34514570236206
"[11, 1, 2, 3, 15, 5, 14, 7, 8, 9, 10, 0, 12, 13, 6, 4, 16, 17, 18, 19]",856.5,"[11, 1, 2, 3, 15, 5, 14, 7, 8, 9, 10, 0, 12, 13, 6, 4, 16, 17, 18, 19]",856.5,9.39414358139038
"[11, 1, 2, 3, 15, 5, 14, 7, 8, 9, 10, 0, 12, 13, 6, 4, 16, 17, 18, 19]",856.5,"[11, 1, 2, 3, 15, 5, 14, 7, 8, 9, 10, 0, 12, 13, 6, 4, 16, 17, 18, 19]",856.5,9.445144414901733
"[11, 1, 2, 3, 15, 5, 14, 7, 8, 9, 10, 0, 12, 13, 6, 4, 16, 17, 18, 19]",856.5,"[11, 1, 2, 3, 15, 5, 14, 7, 8, 9, 10, 0, 12, 13, 6, 4, 16, 17, 18, 19]",856.5,9.493170261383057
"[11, 1, 2, 3, 15, 5, 14, 7, 8, 9, 10, 0, 12, 13, 6, 4, 16, 17, 18, 19]",856.5,"[11, 1, 2, 3, 15, 5, 14, 7, 8, 9, 10, 0, 12, 13, 6, 4, 16, 17, 18, 19]",856.5,9.541146278381348
"[11, 1, 2, 3, 15, 5, 14, 7, 8, 9, 10, 0, 12, 13, 6, 4, 16, 17, 18, 19]",856.5,"[11, 1, 2, 3, 15, 5, 14, 7, 8, 9, 10, 0, 12, 13, 6, 4, 16, 17, 18, 19]",856.5,9.588173627853394
"[11, 1, 2, 3, 15, 5, 14, 7, 8, 9, 10, 0, 12, 13, 6, 4, 16, 17, 18, 19]",856.5,"[11, 1, 2, 3, 15, 5, 14, 7, 8, 9, 10, 0, 12, 13, 6, 4, 16, 17, 18, 19]",856.5,9.635145664215088
"[11, 1, 2, 3, 15, 5, 14, 7, 8, 9, 10, 0, 12, 13, 6, 4, 16, 17, 18, 19]",856.5,"[11, 1, 2, 3, 15, 5, 14, 7, 8, 9, 10, 0, 12, 13, 6, 4, 16, 17, 18, 19]",856.5,9.684147596359253
"[11, 1, 2, 3, 15, 5, 14, 7, 8, 9, 10, 0, 12, 13, 6, 4, 16, 17, 18, 19]",856.5,"[11, 1, 2, 3, 15, 5, 14, 7, 8, 9, 10, 0, 12, 13, 6, 4, 16, 17, 18, 19]",856.5,9.734153985977173
