Sequence,Fitness,Best_sequence,Best_fitness,Time
"[0, 1, 2, 3, 4, 5, 6, 7, 8, 9, 10, 11, 12, 13, 14, 15, 16, 17, 18, 19]",766.0,"[0, 1, 2, 3, 4, 5, 6, 7, 8, 9, 10, 11, 12, 13, 14, 15, 16, 17, 18, 19]",766.0,0.0
"[0, 1, 2, 3, 4, 5, 6, 7, 8, 9, 10, 11, 12, 13, 14, 15, 16, 17, 18, 19]",766.0,"[0, 1, 2, 3, 4, 5, 6, 7, 8, 9, 10, 11, 12, 13, 14, 15, 16, 17, 18, 19]",766.0,0.06501245498657227
"[0, 1, 2, 3, 4, 11, 6, 7, 8, 9, 10, 5, 12, 13, 14, 15, 16, 17, 18, 19]",764.5,"[0, 1, 2, 3, 4, 11, 6, 7, 8, 9, 10, 5, 12, 13, 14, 15, 16, 17, 18, 19]",764.5,0.13000226020812988
"[0, 1, 2, 3, 4, 11, 6, 7, 8, 9, 10, 5, 12, 13, 14, 15, 16, 17, 18, 19]",764.5,"[0, 1, 2, 3, 4, 11, 6, 7, 8, 9, 10, 5, 12, 13, 14, 15, 16, 17, 18, 19]",764.5,0.22400140762329102
"[0, 1, 2, 3, 4, 11, 6, 7, 8, 9, 10, 5, 12, 13, 14, 15, 16, 17, 18, 19]",764.5,"[0, 1, 2, 3, 4, 11, 6, 7, 8, 9, 10, 5, 12, 13, 14, 15, 16, 17, 18, 19]",764.5,0.2890050411224365
"[0, 1, 2, 3, 4, 11, 6, 7, 8, 9, 10, 5, 12, 13, 14, 15, 16, 17, 18, 19]",764.5,"[0, 1, 2, 3, 4, 11, 6, 7, 8, 9, 10, 5, 12, 13, 14, 15, 16, 17, 18, 19]",764.5,0.3560187816619873
"[16, 1, 2, 3, 4, 11, 6, 7, 8, 9, 10, 5, 12, 13, 14, 15, 0, 17, 18, 19]",754.5,"[16, 1, 2, 3, 4, 11, 6, 7, 8, 9, 10, 5, 12, 13, 14, 15, 0, 17, 18, 19]",754.5,0.41900134086608887
"[16, 12, 2, 3, 4, 11, 6, 7, 8, 9, 10, 5, 1, 13, 14, 15, 0, 17, 18, 19]",753.0,"[16, 12, 2, 3, 4, 11, 6, 7, 8, 9, 10, 5, 1, 13, 14, 15, 0, 17, 18, 19]",753.0,0.4820137023925781
"[16, 12, 2, 3, 4, 11, 6, 7, 8, 9, 10, 5, 1, 13, 14, 15, 0, 17, 18, 19]",753.0,"[16, 12, 2, 3, 4, 11, 6, 7, 8, 9, 10, 5, 1, 13, 14, 15, 0, 17, 18, 19]",753.0,0.545008659362793
"[16, 12, 2, 3, 4, 11, 6, 7, 8, 9, 10, 5, 1, 13, 14, 15, 0, 17, 18, 19]",753.0,"[16, 12, 2, 3, 4, 11, 6, 7, 8, 9, 10, 5, 1, 13, 14, 15, 0, 17, 18, 19]",753.0,0.6090044975280762
"[16, 12, 2, 3, 4, 11, 6, 7, 8, 9, 10, 5, 1, 13, 14, 15, 0, 17, 18, 19]",753.0,"[16, 12, 2, 3, 4, 11, 6, 7, 8, 9, 10, 5, 1, 13, 14, 15, 0, 17, 18, 19]",753.0,0.6740071773529053
"[16, 12, 2, 3, 4, 11, 6, 7, 8, 9, 10, 5, 1, 13, 14, 15, 0, 17, 18, 19]",753.0,"[16, 12, 2, 3, 4, 11, 6, 7, 8, 9, 10, 5, 1, 13, 14, 15, 0, 17, 18, 19]",753.0,0.7380073070526123
"[16, 12, 2, 3, 4, 11, 6, 7, 8, 9, 10, 5, 1, 13, 14, 15, 0, 17, 18, 19]",753.0,"[16, 12, 2, 3, 4, 11, 6, 7, 8, 9, 10, 5, 1, 13, 14, 15, 0, 17, 18, 19]",753.0,0.8020081520080566
"[16, 12, 2, 3, 4, 11, 6, 7, 8, 9, 10, 5, 1, 13, 14, 15, 0, 17, 18, 19]",753.0,"[16, 12, 2, 3, 4, 11, 6, 7, 8, 9, 10, 5, 1, 13, 14, 15, 0, 17, 18, 19]",753.0,0.8640186786651611
"[16, 12, 2, 3, 4, 11, 6, 7, 8, 9, 10, 5, 1, 13, 14, 15, 0, 17, 18, 19]",753.0,"[16, 12, 2, 3, 4, 11, 6, 7, 8, 9, 10, 5, 1, 13, 14, 15, 0, 17, 18, 19]",753.0,0.9320096969604492
"[16, 12, 2, 3, 4, 11, 6, 7, 8, 9, 10, 5, 1, 13, 14, 15, 0, 17, 18, 19]",753.0,"[16, 12, 2, 3, 4, 11, 6, 7, 8, 9, 10, 5, 1, 13, 14, 15, 0, 17, 18, 19]",753.0,0.9970149993896484
"[16, 12, 2, 3, 4, 11, 6, 7, 8, 9, 10, 5, 1, 13, 14, 15, 0, 17, 18, 19]",753.0,"[16, 12, 2, 3, 4, 11, 6, 7, 8, 9, 10, 5, 1, 13, 14, 15, 0, 17, 18, 19]",753.0,1.060009241104126
"[12, 16, 2, 3, 4, 11, 6, 7, 8, 9, 10, 5, 1, 13, 14, 15, 0, 17, 18, 19]",748.5,"[12, 16, 2, 3, 4, 11, 6, 7, 8, 9, 10, 5, 1, 13, 14, 15, 0, 17, 18, 19]",748.5,1.1200132369995117
"[12, 16, 2, 3, 4, 11, 6, 7, 8, 9, 10, 5, 1, 13, 14, 15, 0, 17, 18, 19]",748.5,"[12, 16, 2, 3, 4, 11, 6, 7, 8, 9, 10, 5, 1, 13, 14, 15, 0, 17, 18, 19]",748.5,1.1820106506347656
"[12, 16, 2, 3, 4, 11, 6, 7, 8, 9, 10, 5, 1, 13, 14, 15, 0, 17, 18, 19]",748.5,"[12, 16, 2, 3, 4, 11, 6, 7, 8, 9, 10, 5, 1, 13, 14, 15, 0, 17, 18, 19]",748.5,1.2470159530639648
"[12, 16, 2, 3, 4, 11, 6, 7, 8, 9, 15, 5, 1, 13, 14, 10, 0, 17, 18, 19]",747.5,"[12, 16, 2, 3, 4, 11, 6, 7, 8, 9, 15, 5, 1, 13, 14, 10, 0, 17, 18, 19]",747.5,1.3110148906707764
"[12, 16, 2, 3, 4, 11, 6, 7, 8, 9, 15, 5, 1, 13, 14, 10, 0, 17, 18, 19]",747.5,"[12, 16, 2, 3, 4, 11, 6, 7, 8, 9, 15, 5, 1, 13, 14, 10, 0, 17, 18, 19]",747.5,1.3760170936584473
"[12, 16, 2, 3, 4, 11, 6, 7, 8, 9, 15, 5, 1, 13, 14, 10, 0, 17, 18, 19]",747.5,"[12, 16, 2, 3, 4, 11, 6, 7, 8, 9, 15, 5, 1, 13, 14, 10, 0, 17, 18, 19]",747.5,1.4410161972045898
"[12, 16, 2, 17, 4, 11, 6, 7, 8, 9, 15, 5, 1, 13, 14, 10, 0, 3, 18, 19]",735.0,"[12, 16, 2, 17, 4, 11, 6, 7, 8, 9, 15, 5, 1, 13, 14, 10, 0, 3, 18, 19]",735.0,1.5060124397277832
"[12, 16, 2, 17, 4, 11, 6, 7, 8, 9, 15, 5, 1, 13, 14, 10, 0, 3, 18, 19]",735.0,"[12, 16, 2, 17, 4, 11, 6, 7, 8, 9, 15, 5, 1, 13, 14, 10, 0, 3, 18, 19]",735.0,1.5710151195526123
"[12, 16, 2, 17, 4, 11, 6, 7, 8, 9, 15, 5, 1, 13, 14, 10, 0, 3, 18, 19]",735.0,"[12, 16, 2, 17, 4, 11, 6, 7, 8, 9, 15, 5, 1, 13, 14, 10, 0, 3, 18, 19]",735.0,1.6410150527954102
"[12, 16, 2, 17, 4, 11, 6, 7, 8, 9, 15, 5, 1, 13, 14, 10, 0, 3, 18, 19]",735.0,"[12, 16, 2, 17, 4, 11, 6, 7, 8, 9, 15, 5, 1, 13, 14, 10, 0, 3, 18, 19]",735.0,1.7040159702301025
"[12, 16, 2, 17, 4, 11, 6, 7, 8, 9, 15, 5, 1, 13, 14, 10, 0, 3, 18, 19]",735.0,"[12, 16, 2, 17, 4, 11, 6, 7, 8, 9, 15, 5, 1, 13, 14, 10, 0, 3, 18, 19]",735.0,1.7690162658691406
"[12, 16, 2, 17, 4, 11, 6, 7, 8, 9, 15, 5, 1, 13, 14, 10, 0, 3, 18, 19]",735.0,"[12, 16, 2, 17, 4, 11, 6, 7, 8, 9, 15, 5, 1, 13, 14, 10, 0, 3, 18, 19]",735.0,1.8350186347961426
"[12, 16, 2, 17, 4, 11, 6, 7, 8, 9, 15, 5, 1, 13, 14, 10, 0, 3, 18, 19]",735.0,"[12, 16, 2, 17, 4, 11, 6, 7, 8, 9, 15, 5, 1, 13, 14, 10, 0, 3, 18, 19]",735.0,1.900024652481079
"[12, 16, 2, 17, 4, 11, 6, 7, 8, 9, 15, 5, 1, 13, 14, 10, 0, 3, 18, 19]",735.0,"[12, 16, 2, 17, 4, 11, 6, 7, 8, 9, 15, 5, 1, 13, 14, 10, 0, 3, 18, 19]",735.0,1.9630239009857178
"[12, 16, 2, 17, 4, 11, 6, 7, 8, 9, 15, 5, 1, 13, 14, 10, 0, 3, 18, 19]",735.0,"[12, 16, 2, 17, 4, 11, 6, 7, 8, 9, 15, 5, 1, 13, 14, 10, 0, 3, 18, 19]",735.0,2.0270204544067383
"[12, 16, 2, 17, 4, 11, 6, 7, 8, 9, 15, 5, 1, 13, 14, 10, 0, 3, 18, 19]",735.0,"[12, 16, 2, 17, 4, 11, 6, 7, 8, 9, 15, 5, 1, 13, 14, 10, 0, 3, 18, 19]",735.0,2.090022087097168
"[12, 16, 2, 17, 4, 11, 6, 7, 8, 9, 15, 5, 1, 13, 14, 10, 0, 3, 18, 19]",735.0,"[12, 16, 2, 17, 4, 11, 6, 7, 8, 9, 15, 5, 1, 13, 14, 10, 0, 3, 18, 19]",735.0,2.1520252227783203
"[12, 16, 2, 17, 4, 11, 6, 7, 8, 9, 15, 5, 1, 13, 14, 10, 0, 3, 18, 19]",735.0,"[12, 16, 2, 17, 4, 11, 6, 7, 8, 9, 15, 5, 1, 13, 14, 10, 0, 3, 18, 19]",735.0,2.2150399684906006
"[12, 16, 2, 17, 4, 11, 6, 7, 8, 9, 15, 5, 1, 13, 14, 10, 0, 3, 18, 19]",735.0,"[12, 16, 2, 17, 4, 11, 6, 7, 8, 9, 15, 5, 1, 13, 14, 10, 0, 3, 18, 19]",735.0,2.278024435043335
"[12, 16, 2, 17, 4, 11, 6, 7, 8, 9, 15, 5, 1, 13, 14, 10, 0, 3, 18, 19]",735.0,"[12, 16, 2, 17, 4, 11, 6, 7, 8, 9, 15, 5, 1, 13, 14, 10, 0, 3, 18, 19]",735.0,2.341031312942505
"[12, 16, 2, 17, 4, 11, 6, 7, 8, 9, 15, 5, 1, 13, 14, 10, 0, 3, 18, 19]",735.0,"[12, 16, 2, 17, 4, 11, 6, 7, 8, 9, 15, 5, 1, 13, 14, 10, 0, 3, 18, 19]",735.0,2.4050278663635254
"[12, 16, 2, 17, 4, 11, 6, 7, 8, 9, 15, 5, 1, 13, 14, 10, 0, 3, 18, 19]",735.0,"[12, 16, 2, 17, 4, 11, 6, 7, 8, 9, 15, 5, 1, 13, 14, 10, 0, 3, 18, 19]",735.0,2.468026638031006
"[12, 16, 2, 17, 4, 11, 6, 7, 8, 9, 15, 5, 1, 13, 14, 10, 0, 3, 18, 19]",735.0,"[12, 16, 2, 17, 4, 11, 6, 7, 8, 9, 15, 5, 1, 13, 14, 10, 0, 3, 18, 19]",735.0,2.530029058456421
"[12, 16, 2, 17, 4, 11, 6, 7, 8, 9, 15, 5, 1, 13, 14, 10, 0, 3, 18, 19]",735.0,"[12, 16, 2, 17, 4, 11, 6, 7, 8, 9, 15, 5, 1, 13, 14, 10, 0, 3, 18, 19]",735.0,2.5930299758911133
"[12, 16, 2, 17, 4, 11, 6, 7, 8, 9, 15, 5, 1, 13, 14, 10, 0, 3, 18, 19]",735.0,"[12, 16, 2, 17, 4, 11, 6, 7, 8, 9, 15, 5, 1, 13, 14, 10, 0, 3, 18, 19]",735.0,2.662036657333374
"[12, 16, 2, 17, 4, 11, 6, 7, 8, 9, 15, 5, 1, 13, 14, 10, 0, 3, 18, 19]",735.0,"[12, 16, 2, 17, 4, 11, 6, 7, 8, 9, 15, 5, 1, 13, 14, 10, 0, 3, 18, 19]",735.0,2.728032112121582
"[12, 16, 2, 17, 4, 11, 6, 7, 8, 9, 15, 5, 1, 13, 14, 10, 0, 3, 18, 19]",735.0,"[12, 16, 2, 17, 4, 11, 6, 7, 8, 9, 15, 5, 1, 13, 14, 10, 0, 3, 18, 19]",735.0,2.790031671524048
"[12, 16, 2, 17, 4, 11, 6, 7, 8, 9, 15, 5, 1, 13, 14, 10, 0, 3, 18, 19]",735.0,"[12, 16, 2, 17, 4, 11, 6, 7, 8, 9, 15, 5, 1, 13, 14, 10, 0, 3, 18, 19]",735.0,2.8540308475494385
"[12, 16, 2, 17, 4, 11, 6, 7, 8, 9, 15, 5, 1, 13, 14, 10, 0, 3, 18, 19]",735.0,"[12, 16, 2, 17, 4, 11, 6, 7, 8, 9, 15, 5, 1, 13, 14, 10, 0, 3, 18, 19]",735.0,2.919372320175171
"[12, 16, 2, 17, 4, 11, 6, 7, 8, 9, 15, 5, 1, 13, 14, 10, 0, 3, 18, 19]",735.0,"[12, 16, 2, 17, 4, 11, 6, 7, 8, 9, 15, 5, 1, 13, 14, 10, 0, 3, 18, 19]",735.0,2.984034538269043
"[12, 16, 2, 17, 4, 11, 6, 7, 8, 9, 15, 5, 1, 13, 14, 10, 0, 3, 18, 19]",735.0,"[12, 16, 2, 17, 4, 11, 6, 7, 8, 9, 15, 5, 1, 13, 14, 10, 0, 3, 18, 19]",735.0,3.04803204536438
"[12, 16, 2, 17, 4, 11, 6, 7, 8, 9, 15, 5, 1, 13, 14, 10, 0, 3, 18, 19]",735.0,"[12, 16, 2, 17, 4, 11, 6, 7, 8, 9, 15, 5, 1, 13, 14, 10, 0, 3, 18, 19]",735.0,3.114039421081543
"[12, 16, 2, 17, 4, 11, 6, 7, 8, 9, 15, 5, 1, 13, 14, 10, 0, 3, 18, 19]",735.0,"[12, 16, 2, 17, 4, 11, 6, 7, 8, 9, 15, 5, 1, 13, 14, 10, 0, 3, 18, 19]",735.0,3.178032398223877
"[12, 16, 2, 17, 4, 11, 6, 7, 8, 9, 15, 5, 1, 13, 14, 10, 0, 3, 18, 19]",735.0,"[12, 16, 2, 17, 4, 11, 6, 7, 8, 9, 15, 5, 1, 13, 14, 10, 0, 3, 18, 19]",735.0,3.241039514541626
"[12, 16, 2, 17, 4, 11, 6, 7, 8, 9, 15, 5, 1, 13, 14, 10, 0, 3, 18, 19]",735.0,"[12, 16, 2, 17, 4, 11, 6, 7, 8, 9, 15, 5, 1, 13, 14, 10, 0, 3, 18, 19]",735.0,3.3050379753112793
"[12, 16, 2, 17, 4, 11, 6, 7, 8, 9, 15, 5, 1, 13, 14, 10, 0, 3, 18, 19]",735.0,"[12, 16, 2, 17, 4, 11, 6, 7, 8, 9, 15, 5, 1, 13, 14, 10, 0, 3, 18, 19]",735.0,3.370039701461792
"[12, 16, 2, 17, 4, 11, 6, 7, 8, 9, 15, 5, 1, 13, 14, 10, 0, 3, 18, 19]",735.0,"[12, 16, 2, 17, 4, 11, 6, 7, 8, 9, 15, 5, 1, 13, 14, 10, 0, 3, 18, 19]",735.0,3.431037664413452
"[12, 16, 2, 17, 4, 11, 6, 7, 8, 9, 15, 5, 1, 13, 14, 10, 0, 3, 18, 19]",735.0,"[12, 16, 2, 17, 4, 11, 6, 7, 8, 9, 15, 5, 1, 13, 14, 10, 0, 3, 18, 19]",735.0,3.4940402507781982
"[12, 16, 2, 17, 4, 11, 6, 7, 8, 9, 15, 5, 1, 13, 14, 10, 0, 3, 18, 19]",735.0,"[12, 16, 2, 17, 4, 11, 6, 7, 8, 9, 15, 5, 1, 13, 14, 10, 0, 3, 18, 19]",735.0,3.5570411682128906
"[12, 16, 2, 17, 4, 11, 6, 7, 8, 9, 15, 5, 1, 13, 14, 10, 0, 3, 18, 19]",735.0,"[12, 16, 2, 17, 4, 11, 6, 7, 8, 9, 15, 5, 1, 13, 14, 10, 0, 3, 18, 19]",735.0,3.618041753768921
"[12, 16, 2, 17, 4, 11, 6, 7, 8, 9, 15, 5, 1, 13, 14, 10, 0, 3, 18, 19]",735.0,"[12, 16, 2, 17, 4, 11, 6, 7, 8, 9, 15, 5, 1, 13, 14, 10, 0, 3, 18, 19]",735.0,3.681040048599243
"[12, 16, 2, 17, 4, 11, 6, 7, 8, 9, 15, 5, 1, 13, 14, 10, 0, 3, 18, 19]",735.0,"[12, 16, 2, 17, 4, 11, 6, 7, 8, 9, 15, 5, 1, 13, 14, 10, 0, 3, 18, 19]",735.0,3.7460415363311768
"[12, 16, 2, 17, 4, 11, 6, 7, 8, 9, 15, 5, 1, 13, 14, 10, 0, 3, 18, 19]",735.0,"[12, 16, 2, 17, 4, 11, 6, 7, 8, 9, 15, 5, 1, 13, 14, 10, 0, 3, 18, 19]",735.0,3.8090450763702393
"[12, 16, 2, 17, 4, 11, 6, 7, 8, 9, 15, 5, 1, 13, 14, 10, 0, 3, 18, 19]",735.0,"[12, 16, 2, 17, 4, 11, 6, 7, 8, 9, 15, 5, 1, 13, 14, 10, 0, 3, 18, 19]",735.0,3.873055934906006
"[12, 16, 2, 17, 4, 11, 6, 7, 8, 9, 15, 5, 1, 13, 14, 10, 0, 3, 18, 19]",735.0,"[12, 16, 2, 17, 4, 11, 6, 7, 8, 9, 15, 5, 1, 13, 14, 10, 0, 3, 18, 19]",735.0,3.9390430450439453
"[12, 16, 2, 17, 4, 11, 6, 7, 8, 9, 15, 5, 1, 13, 14, 10, 0, 3, 18, 19]",735.0,"[12, 16, 2, 17, 4, 11, 6, 7, 8, 9, 15, 5, 1, 13, 14, 10, 0, 3, 18, 19]",735.0,4.002046346664429
"[12, 16, 2, 17, 4, 11, 6, 7, 8, 9, 15, 5, 1, 13, 14, 10, 0, 3, 18, 19]",735.0,"[12, 16, 2, 17, 4, 11, 6, 7, 8, 9, 15, 5, 1, 13, 14, 10, 0, 3, 18, 19]",735.0,4.067046880722046
"[12, 16, 2, 17, 4, 11, 6, 7, 8, 9, 15, 5, 1, 13, 14, 10, 0, 3, 18, 19]",735.0,"[12, 16, 2, 17, 4, 11, 6, 7, 8, 9, 15, 5, 1, 13, 14, 10, 0, 3, 18, 19]",735.0,4.1320695877075195
"[12, 16, 2, 17, 4, 11, 6, 7, 8, 9, 15, 5, 1, 13, 14, 10, 0, 3, 18, 19]",735.0,"[12, 16, 2, 17, 4, 11, 6, 7, 8, 9, 15, 5, 1, 13, 14, 10, 0, 3, 18, 19]",735.0,4.196054458618164
"[12, 16, 2, 17, 4, 11, 6, 7, 8, 9, 15, 5, 1, 13, 14, 10, 0, 3, 18, 19]",735.0,"[12, 16, 2, 17, 4, 11, 6, 7, 8, 9, 15, 5, 1, 13, 14, 10, 0, 3, 18, 19]",735.0,4.257051229476929
"[12, 16, 2, 17, 4, 11, 6, 7, 8, 9, 15, 5, 1, 13, 14, 10, 0, 3, 18, 19]",735.0,"[12, 16, 2, 17, 4, 11, 6, 7, 8, 9, 15, 5, 1, 13, 14, 10, 0, 3, 18, 19]",735.0,4.320051193237305
"[12, 16, 2, 17, 4, 11, 6, 7, 8, 9, 15, 5, 1, 13, 14, 10, 0, 3, 18, 19]",735.0,"[12, 16, 2, 17, 4, 11, 6, 7, 8, 9, 15, 5, 1, 13, 14, 10, 0, 3, 18, 19]",735.0,4.384049654006958
"[12, 16, 2, 17, 4, 11, 6, 7, 8, 9, 15, 5, 1, 13, 14, 10, 0, 3, 18, 19]",735.0,"[12, 16, 2, 17, 4, 11, 6, 7, 8, 9, 15, 5, 1, 13, 14, 10, 0, 3, 18, 19]",735.0,4.44504976272583
"[12, 16, 2, 17, 4, 11, 6, 7, 8, 9, 15, 5, 1, 13, 14, 10, 0, 3, 18, 19]",735.0,"[12, 16, 2, 17, 4, 11, 6, 7, 8, 9, 15, 5, 1, 13, 14, 10, 0, 3, 18, 19]",735.0,4.508055686950684
"[12, 16, 2, 17, 4, 11, 6, 7, 8, 9, 15, 5, 1, 13, 14, 10, 0, 3, 18, 19]",735.0,"[12, 16, 2, 17, 4, 11, 6, 7, 8, 9, 15, 5, 1, 13, 14, 10, 0, 3, 18, 19]",735.0,4.572054386138916
"[12, 16, 2, 17, 4, 11, 6, 7, 8, 9, 15, 5, 1, 13, 14, 10, 0, 3, 18, 19]",735.0,"[12, 16, 2, 17, 4, 11, 6, 7, 8, 9, 15, 5, 1, 13, 14, 10, 0, 3, 18, 19]",735.0,4.633052110671997
"[12, 16, 2, 17, 4, 11, 6, 7, 8, 9, 15, 5, 1, 13, 14, 10, 0, 3, 18, 19]",735.0,"[12, 16, 2, 17, 4, 11, 6, 7, 8, 9, 15, 5, 1, 13, 14, 10, 0, 3, 18, 19]",735.0,4.696058511734009
"[12, 16, 2, 17, 4, 11, 6, 7, 8, 9, 15, 5, 1, 13, 14, 10, 0, 3, 18, 19]",735.0,"[12, 16, 2, 17, 4, 11, 6, 7, 8, 9, 15, 5, 1, 13, 14, 10, 0, 3, 18, 19]",735.0,4.759061813354492
"[12, 16, 2, 17, 4, 11, 6, 7, 8, 9, 15, 5, 1, 13, 14, 10, 0, 3, 18, 19]",735.0,"[12, 16, 2, 17, 4, 11, 6, 7, 8, 9, 15, 5, 1, 13, 14, 10, 0, 3, 18, 19]",735.0,4.8210532665252686
"[12, 16, 2, 17, 4, 11, 6, 7, 8, 9, 15, 5, 1, 13, 14, 10, 0, 3, 18, 19]",735.0,"[12, 16, 2, 17, 4, 11, 6, 7, 8, 9, 15, 5, 1, 13, 14, 10, 0, 3, 18, 19]",735.0,4.912059307098389
"[12, 16, 2, 17, 4, 11, 6, 7, 8, 9, 15, 5, 1, 13, 14, 10, 0, 3, 18, 19]",735.0,"[12, 16, 2, 17, 4, 11, 6, 7, 8, 9, 15, 5, 1, 13, 14, 10, 0, 3, 18, 19]",735.0,4.975058317184448
"[12, 16, 2, 17, 4, 11, 6, 7, 8, 9, 15, 5, 1, 13, 14, 10, 0, 3, 18, 19]",735.0,"[12, 16, 2, 17, 4, 11, 6, 7, 8, 9, 15, 5, 1, 13, 14, 10, 0, 3, 18, 19]",735.0,5.0380589962005615
"[12, 16, 2, 17, 4, 11, 6, 7, 8, 9, 15, 5, 1, 13, 14, 10, 0, 3, 18, 19]",735.0,"[12, 16, 2, 17, 4, 11, 6, 7, 8, 9, 15, 5, 1, 13, 14, 10, 0, 3, 18, 19]",735.0,5.101057767868042
"[12, 16, 2, 17, 4, 11, 6, 7, 8, 9, 15, 5, 1, 13, 14, 10, 0, 3, 18, 19]",735.0,"[12, 16, 2, 17, 4, 11, 6, 7, 8, 9, 15, 5, 1, 13, 14, 10, 0, 3, 18, 19]",735.0,5.165071964263916
"[12, 16, 2, 17, 4, 11, 6, 7, 8, 9, 15, 5, 1, 13, 14, 10, 0, 3, 18, 19]",735.0,"[12, 16, 2, 17, 4, 11, 6, 7, 8, 9, 15, 5, 1, 13, 14, 10, 0, 3, 18, 19]",735.0,5.228058815002441
"[12, 16, 2, 17, 4, 11, 6, 7, 8, 9, 15, 5, 1, 13, 14, 10, 0, 3, 18, 19]",735.0,"[12, 16, 2, 17, 4, 11, 6, 7, 8, 9, 15, 5, 1, 13, 14, 10, 0, 3, 18, 19]",735.0,5.293062448501587
"[12, 16, 2, 17, 4, 11, 6, 7, 8, 9, 15, 5, 1, 13, 14, 10, 0, 3, 18, 19]",735.0,"[12, 16, 2, 17, 4, 11, 6, 7, 8, 9, 15, 5, 1, 13, 14, 10, 0, 3, 18, 19]",735.0,5.357105016708374
"[12, 16, 2, 17, 4, 11, 6, 7, 8, 9, 15, 5, 1, 13, 14, 10, 0, 3, 18, 19]",735.0,"[12, 16, 2, 17, 4, 11, 6, 7, 8, 9, 15, 5, 1, 13, 14, 10, 0, 3, 18, 19]",735.0,5.420063257217407
"[12, 16, 2, 17, 4, 11, 6, 7, 8, 9, 15, 5, 1, 13, 14, 10, 0, 3, 18, 19]",735.0,"[12, 16, 2, 17, 4, 11, 6, 7, 8, 9, 15, 5, 1, 13, 14, 10, 0, 3, 18, 19]",735.0,5.485066175460815
"[12, 16, 17, 2, 4, 11, 6, 7, 8, 9, 15, 5, 1, 13, 14, 10, 0, 3, 18, 19]",733.5,"[12, 16, 17, 2, 4, 11, 6, 7, 8, 9, 15, 5, 1, 13, 14, 10, 0, 3, 18, 19]",733.5,5.550064325332642
"[12, 16, 17, 2, 4, 11, 6, 7, 8, 9, 15, 5, 1, 13, 14, 10, 0, 3, 18, 19]",733.5,"[12, 16, 17, 2, 4, 11, 6, 7, 8, 9, 15, 5, 1, 13, 14, 10, 0, 3, 18, 19]",733.5,5.623065710067749
"[12, 16, 17, 2, 4, 11, 6, 7, 8, 9, 15, 5, 1, 13, 14, 10, 0, 3, 18, 19]",733.5,"[12, 16, 17, 2, 4, 11, 6, 7, 8, 9, 15, 5, 1, 13, 14, 10, 0, 3, 18, 19]",733.5,5.687066078186035
"[12, 16, 17, 2, 4, 11, 6, 7, 8, 9, 15, 5, 1, 13, 14, 10, 0, 3, 18, 19]",733.5,"[12, 16, 17, 2, 4, 11, 6, 7, 8, 9, 15, 5, 1, 13, 14, 10, 0, 3, 18, 19]",733.5,5.750068187713623
"[12, 16, 17, 2, 4, 11, 6, 7, 8, 9, 15, 5, 1, 13, 14, 10, 0, 3, 18, 19]",733.5,"[12, 16, 17, 2, 4, 11, 6, 7, 8, 9, 15, 5, 1, 13, 14, 10, 0, 3, 18, 19]",733.5,5.815067768096924
"[12, 16, 17, 2, 4, 11, 6, 7, 8, 9, 15, 5, 1, 13, 14, 10, 0, 3, 18, 19]",733.5,"[12, 16, 17, 2, 4, 11, 6, 7, 8, 9, 15, 5, 1, 13, 14, 10, 0, 3, 18, 19]",733.5,5.878068208694458
"[12, 16, 17, 2, 4, 11, 6, 7, 8, 9, 15, 5, 1, 13, 14, 10, 0, 3, 18, 19]",733.5,"[12, 16, 17, 2, 4, 11, 6, 7, 8, 9, 15, 5, 1, 13, 14, 10, 0, 3, 18, 19]",733.5,5.9430694580078125
"[12, 16, 17, 2, 4, 11, 6, 7, 8, 9, 15, 5, 1, 13, 14, 10, 0, 3, 18, 19]",733.5,"[12, 16, 17, 2, 4, 11, 6, 7, 8, 9, 15, 5, 1, 13, 14, 10, 0, 3, 18, 19]",733.5,6.008070230484009
"[12, 16, 17, 2, 4, 11, 6, 7, 8, 9, 15, 5, 1, 13, 14, 10, 0, 3, 18, 19]",733.5,"[12, 16, 17, 2, 4, 11, 6, 7, 8, 9, 15, 5, 1, 13, 14, 10, 0, 3, 18, 19]",733.5,6.0730695724487305
"[12, 16, 17, 2, 4, 11, 6, 7, 8, 9, 15, 5, 1, 13, 14, 10, 0, 3, 18, 19]",733.5,"[12, 16, 17, 2, 4, 11, 6, 7, 8, 9, 15, 5, 1, 13, 14, 10, 0, 3, 18, 19]",733.5,6.136070013046265
"[12, 16, 17, 2, 4, 11, 6, 7, 8, 9, 15, 5, 1, 13, 14, 10, 0, 3, 18, 19]",733.5,"[12, 16, 17, 2, 4, 11, 6, 7, 8, 9, 15, 5, 1, 13, 14, 10, 0, 3, 18, 19]",733.5,6.2010931968688965
"[12, 16, 17, 2, 4, 11, 6, 7, 8, 9, 15, 5, 1, 13, 14, 10, 0, 3, 18, 19]",733.5,"[12, 16, 17, 2, 4, 11, 6, 7, 8, 9, 15, 5, 1, 13, 14, 10, 0, 3, 18, 19]",733.5,6.2630720138549805
"[12, 16, 17, 2, 4, 11, 6, 7, 8, 9, 15, 5, 1, 13, 14, 10, 0, 3, 18, 19]",733.5,"[12, 16, 17, 2, 4, 11, 6, 7, 8, 9, 15, 5, 1, 13, 14, 10, 0, 3, 18, 19]",733.5,6.324071407318115
"[12, 16, 17, 2, 4, 11, 6, 7, 8, 9, 15, 5, 1, 13, 14, 10, 0, 3, 18, 19]",733.5,"[12, 16, 17, 2, 4, 11, 6, 7, 8, 9, 15, 5, 1, 13, 14, 10, 0, 3, 18, 19]",733.5,6.38807487487793
"[12, 16, 17, 2, 4, 11, 6, 7, 8, 9, 15, 5, 10, 13, 14, 1, 0, 3, 18, 19]",732.5,"[12, 16, 17, 2, 4, 11, 6, 7, 8, 9, 15, 5, 10, 13, 14, 1, 0, 3, 18, 19]",732.5,6.450072526931763
"[12, 16, 17, 2, 4, 11, 6, 7, 8, 9, 15, 5, 10, 13, 14, 1, 0, 3, 18, 19]",732.5,"[12, 16, 17, 2, 4, 11, 6, 7, 8, 9, 15, 5, 10, 13, 14, 1, 0, 3, 18, 19]",732.5,6.511074066162109
"[12, 16, 17, 2, 4, 11, 6, 7, 8, 9, 15, 5, 10, 13, 14, 1, 0, 3, 18, 19]",732.5,"[12, 16, 17, 2, 4, 11, 6, 7, 8, 9, 15, 5, 10, 13, 14, 1, 0, 3, 18, 19]",732.5,6.5740742683410645
"[12, 16, 17, 2, 4, 11, 6, 7, 8, 9, 15, 5, 10, 13, 14, 1, 0, 3, 18, 19]",732.5,"[12, 16, 17, 2, 4, 11, 6, 7, 8, 9, 15, 5, 10, 13, 14, 1, 0, 3, 18, 19]",732.5,6.638077259063721
"[12, 16, 17, 2, 4, 11, 6, 7, 8, 9, 15, 5, 10, 13, 14, 1, 0, 3, 18, 19]",732.5,"[12, 16, 17, 2, 4, 11, 6, 7, 8, 9, 15, 5, 10, 13, 14, 1, 0, 3, 18, 19]",732.5,6.704076528549194
"[12, 16, 17, 2, 4, 11, 6, 7, 8, 9, 15, 5, 10, 13, 14, 1, 0, 3, 18, 19]",732.5,"[12, 16, 17, 2, 4, 11, 6, 7, 8, 9, 15, 5, 10, 13, 14, 1, 0, 3, 18, 19]",732.5,6.769076824188232
"[12, 16, 17, 2, 4, 11, 6, 7, 8, 9, 15, 5, 10, 13, 14, 1, 0, 3, 18, 19]",732.5,"[12, 16, 17, 2, 4, 11, 6, 7, 8, 9, 15, 5, 10, 13, 14, 1, 0, 3, 18, 19]",732.5,6.833101272583008
"[12, 16, 17, 2, 4, 11, 6, 7, 8, 9, 15, 5, 10, 13, 14, 1, 0, 3, 18, 19]",732.5,"[12, 16, 17, 2, 4, 11, 6, 7, 8, 9, 15, 5, 10, 13, 14, 1, 0, 3, 18, 19]",732.5,6.896080732345581
"[12, 16, 17, 2, 4, 11, 6, 7, 8, 9, 15, 5, 10, 13, 14, 1, 0, 3, 18, 19]",732.5,"[12, 16, 17, 2, 4, 11, 6, 7, 8, 9, 15, 5, 10, 13, 14, 1, 0, 3, 18, 19]",732.5,6.9621007442474365
"[12, 16, 17, 2, 4, 6, 11, 7, 8, 9, 15, 5, 10, 13, 14, 1, 0, 3, 18, 19]",732.0,"[12, 16, 17, 2, 4, 6, 11, 7, 8, 9, 15, 5, 10, 13, 14, 1, 0, 3, 18, 19]",732.0,7.026080369949341
"[12, 16, 17, 2, 4, 6, 11, 7, 8, 9, 15, 5, 10, 13, 14, 1, 0, 3, 18, 19]",732.0,"[12, 16, 17, 2, 4, 6, 11, 7, 8, 9, 15, 5, 10, 13, 14, 1, 0, 3, 18, 19]",732.0,7.087087154388428
"[12, 16, 17, 2, 4, 6, 11, 7, 8, 9, 15, 5, 10, 13, 14, 1, 0, 3, 18, 19]",732.0,"[12, 16, 17, 2, 4, 6, 11, 7, 8, 9, 15, 5, 10, 13, 14, 1, 0, 3, 18, 19]",732.0,7.15008282661438
"[3, 16, 17, 2, 4, 6, 11, 7, 8, 9, 15, 5, 10, 13, 14, 1, 0, 12, 18, 19]",725.0,"[3, 16, 17, 2, 4, 6, 11, 7, 8, 9, 15, 5, 10, 13, 14, 1, 0, 12, 18, 19]",725.0,7.213082551956177
"[3, 16, 17, 2, 4, 6, 11, 7, 8, 9, 15, 5, 10, 13, 14, 1, 0, 12, 18, 19]",725.0,"[3, 16, 17, 2, 4, 6, 11, 7, 8, 9, 15, 5, 10, 13, 14, 1, 0, 12, 18, 19]",725.0,7.27942419052124
"[3, 16, 17, 2, 4, 6, 11, 7, 8, 9, 15, 5, 10, 13, 14, 1, 0, 12, 18, 19]",725.0,"[3, 16, 17, 2, 4, 6, 11, 7, 8, 9, 15, 5, 10, 13, 14, 1, 0, 12, 18, 19]",725.0,7.350425481796265
"[3, 16, 17, 2, 4, 6, 11, 7, 8, 9, 15, 5, 10, 13, 14, 1, 0, 12, 18, 19]",725.0,"[3, 16, 17, 2, 4, 6, 11, 7, 8, 9, 15, 5, 10, 13, 14, 1, 0, 12, 18, 19]",725.0,7.423087120056152
"[3, 16, 17, 2, 4, 6, 11, 7, 8, 9, 15, 5, 10, 13, 14, 1, 0, 12, 18, 19]",725.0,"[3, 16, 17, 2, 4, 6, 11, 7, 8, 9, 15, 5, 10, 13, 14, 1, 0, 12, 18, 19]",725.0,7.490087985992432
"[3, 16, 17, 2, 4, 6, 11, 7, 8, 9, 15, 5, 10, 13, 14, 1, 0, 12, 18, 19]",725.0,"[3, 16, 17, 2, 4, 6, 11, 7, 8, 9, 15, 5, 10, 13, 14, 1, 0, 12, 18, 19]",725.0,7.552091836929321
"[3, 16, 17, 2, 4, 6, 11, 7, 8, 9, 15, 5, 10, 13, 14, 1, 0, 12, 18, 19]",725.0,"[3, 16, 17, 2, 4, 6, 11, 7, 8, 9, 15, 5, 10, 13, 14, 1, 0, 12, 18, 19]",725.0,7.61508846282959
"[3, 16, 17, 2, 4, 6, 11, 7, 8, 9, 15, 5, 10, 13, 14, 1, 0, 12, 18, 19]",725.0,"[3, 16, 17, 2, 4, 6, 11, 7, 8, 9, 15, 5, 10, 13, 14, 1, 0, 12, 18, 19]",725.0,7.678093910217285
"[3, 16, 17, 2, 4, 6, 11, 7, 8, 9, 15, 5, 10, 13, 14, 1, 0, 12, 18, 19]",725.0,"[3, 16, 17, 2, 4, 6, 11, 7, 8, 9, 15, 5, 10, 13, 14, 1, 0, 12, 18, 19]",725.0,7.7400922775268555
"[3, 16, 17, 2, 4, 6, 11, 7, 8, 9, 15, 5, 10, 13, 14, 1, 0, 12, 18, 19]",725.0,"[3, 16, 17, 2, 4, 6, 11, 7, 8, 9, 15, 5, 10, 13, 14, 1, 0, 12, 18, 19]",725.0,7.8020920753479
"[3, 16, 17, 2, 4, 6, 11, 7, 8, 9, 15, 5, 10, 13, 14, 1, 0, 12, 18, 19]",725.0,"[3, 16, 17, 2, 4, 6, 11, 7, 8, 9, 15, 5, 10, 13, 14, 1, 0, 12, 18, 19]",725.0,7.8640947341918945
"[3, 16, 17, 2, 4, 6, 11, 7, 8, 9, 15, 5, 10, 13, 14, 1, 0, 12, 18, 19]",725.0,"[3, 16, 17, 2, 4, 6, 11, 7, 8, 9, 15, 5, 10, 13, 14, 1, 0, 12, 18, 19]",725.0,7.928093910217285
"[3, 16, 17, 2, 4, 6, 11, 7, 8, 9, 15, 5, 10, 13, 14, 1, 0, 12, 18, 19]",725.0,"[3, 16, 17, 2, 4, 6, 11, 7, 8, 9, 15, 5, 10, 13, 14, 1, 0, 12, 18, 19]",725.0,7.988094329833984
"[3, 16, 17, 2, 4, 6, 11, 7, 8, 9, 15, 5, 10, 13, 14, 1, 0, 12, 18, 19]",725.0,"[3, 16, 17, 2, 4, 6, 11, 7, 8, 9, 15, 5, 10, 13, 14, 1, 0, 12, 18, 19]",725.0,8.054095983505249
"[3, 16, 17, 2, 4, 6, 11, 7, 8, 9, 15, 5, 10, 13, 14, 1, 0, 12, 18, 19]",725.0,"[3, 16, 17, 2, 4, 6, 11, 7, 8, 9, 15, 5, 10, 13, 14, 1, 0, 12, 18, 19]",725.0,8.115095853805542
"[3, 16, 17, 2, 4, 6, 11, 7, 8, 9, 15, 5, 10, 13, 14, 1, 0, 12, 18, 19]",725.0,"[3, 16, 17, 2, 4, 6, 11, 7, 8, 9, 15, 5, 10, 13, 14, 1, 0, 12, 18, 19]",725.0,8.178094625473022
"[3, 16, 17, 2, 4, 6, 11, 7, 8, 9, 15, 5, 10, 13, 14, 1, 0, 12, 18, 19]",725.0,"[3, 16, 17, 2, 4, 6, 11, 7, 8, 9, 15, 5, 10, 13, 14, 1, 0, 12, 18, 19]",725.0,8.240097522735596
"[3, 16, 17, 2, 4, 6, 11, 7, 8, 9, 15, 5, 10, 13, 14, 1, 0, 12, 18, 19]",725.0,"[3, 16, 17, 2, 4, 6, 11, 7, 8, 9, 15, 5, 10, 13, 14, 1, 0, 12, 18, 19]",725.0,8.306098937988281
"[3, 16, 17, 2, 4, 6, 11, 7, 8, 9, 15, 5, 10, 13, 14, 1, 0, 12, 18, 19]",725.0,"[3, 16, 17, 2, 4, 6, 11, 7, 8, 9, 15, 5, 10, 13, 14, 1, 0, 12, 18, 19]",725.0,8.371097803115845
"[3, 16, 17, 2, 4, 6, 11, 7, 8, 9, 15, 5, 10, 13, 14, 1, 0, 12, 18, 19]",725.0,"[3, 16, 17, 2, 4, 6, 11, 7, 8, 9, 15, 5, 10, 13, 14, 1, 0, 12, 18, 19]",725.0,8.436098575592041
"[3, 16, 17, 2, 4, 6, 11, 7, 8, 9, 15, 5, 10, 13, 14, 1, 0, 12, 18, 19]",725.0,"[3, 16, 17, 2, 4, 6, 11, 7, 8, 9, 15, 5, 10, 13, 14, 1, 0, 12, 18, 19]",725.0,8.499096632003784
"[3, 16, 17, 2, 4, 6, 11, 7, 8, 9, 15, 5, 10, 13, 14, 1, 0, 12, 18, 19]",725.0,"[3, 16, 17, 2, 4, 6, 11, 7, 8, 9, 15, 5, 10, 13, 14, 1, 0, 12, 18, 19]",725.0,8.5621018409729
"[3, 16, 17, 2, 4, 6, 11, 7, 8, 9, 15, 5, 10, 13, 14, 1, 0, 12, 18, 19]",725.0,"[3, 16, 17, 2, 4, 6, 11, 7, 8, 9, 15, 5, 10, 13, 14, 1, 0, 12, 18, 19]",725.0,8.62710165977478
"[3, 16, 17, 2, 4, 6, 11, 7, 8, 9, 15, 5, 10, 13, 14, 1, 0, 12, 18, 19]",725.0,"[3, 16, 17, 2, 4, 6, 11, 7, 8, 9, 15, 5, 10, 13, 14, 1, 0, 12, 18, 19]",725.0,8.689106702804565
"[3, 16, 17, 2, 4, 6, 11, 7, 8, 9, 15, 5, 10, 13, 14, 1, 0, 12, 18, 19]",725.0,"[3, 16, 17, 2, 4, 6, 11, 7, 8, 9, 15, 5, 10, 13, 14, 1, 0, 12, 18, 19]",725.0,8.75209927558899
"[3, 16, 17, 2, 4, 6, 11, 7, 8, 9, 15, 5, 10, 13, 14, 1, 0, 12, 18, 19]",725.0,"[3, 16, 17, 2, 4, 6, 11, 7, 8, 9, 15, 5, 10, 13, 14, 1, 0, 12, 18, 19]",725.0,8.816103458404541
"[3, 16, 17, 2, 4, 6, 11, 7, 8, 9, 15, 5, 10, 13, 14, 1, 0, 12, 18, 19]",725.0,"[3, 16, 17, 2, 4, 6, 11, 7, 8, 9, 15, 5, 10, 13, 14, 1, 0, 12, 18, 19]",725.0,8.878104448318481
"[3, 16, 17, 2, 4, 6, 11, 7, 8, 9, 15, 5, 10, 13, 14, 1, 0, 12, 18, 19]",725.0,"[3, 16, 17, 2, 4, 6, 11, 7, 8, 9, 15, 5, 10, 13, 14, 1, 0, 12, 18, 19]",725.0,8.944105625152588
"[3, 16, 17, 2, 4, 6, 11, 7, 8, 9, 15, 5, 10, 13, 14, 1, 0, 12, 18, 19]",725.0,"[3, 16, 17, 2, 4, 6, 11, 7, 8, 9, 15, 5, 10, 13, 14, 1, 0, 12, 18, 19]",725.0,9.006107807159424
"[3, 16, 17, 2, 4, 6, 11, 7, 8, 9, 15, 5, 10, 13, 14, 1, 0, 12, 18, 19]",725.0,"[3, 16, 17, 2, 4, 6, 11, 7, 8, 9, 15, 5, 10, 13, 14, 1, 0, 12, 18, 19]",725.0,9.073103904724121
"[3, 5, 17, 2, 4, 6, 11, 7, 8, 9, 15, 16, 10, 13, 14, 1, 0, 12, 18, 19]",723.5,"[3, 5, 17, 2, 4, 6, 11, 7, 8, 9, 15, 16, 10, 13, 14, 1, 0, 12, 18, 19]",723.5,9.140105724334717
"[3, 5, 17, 2, 4, 6, 11, 7, 8, 9, 15, 16, 10, 13, 14, 1, 0, 12, 18, 19]",723.5,"[3, 5, 17, 2, 4, 6, 11, 7, 8, 9, 15, 16, 10, 13, 14, 1, 0, 12, 18, 19]",723.5,9.20514440536499
"[3, 5, 17, 2, 4, 6, 11, 7, 8, 9, 15, 16, 10, 13, 14, 1, 0, 12, 18, 19]",723.5,"[3, 5, 17, 2, 4, 6, 11, 7, 8, 9, 15, 16, 10, 13, 14, 1, 0, 12, 18, 19]",723.5,9.279113292694092
"[3, 5, 17, 2, 4, 6, 11, 7, 8, 9, 15, 16, 10, 13, 14, 1, 0, 12, 18, 19]",723.5,"[3, 5, 17, 2, 4, 6, 11, 7, 8, 9, 15, 16, 10, 13, 14, 1, 0, 12, 18, 19]",723.5,9.359108686447144
"[3, 5, 17, 2, 4, 6, 11, 7, 8, 9, 15, 16, 10, 13, 14, 1, 0, 12, 18, 19]",723.5,"[3, 5, 17, 2, 4, 6, 11, 7, 8, 9, 15, 16, 10, 13, 14, 1, 0, 12, 18, 19]",723.5,9.43511962890625
"[3, 5, 17, 2, 4, 6, 11, 7, 8, 9, 15, 16, 10, 13, 14, 1, 0, 12, 18, 19]",723.5,"[3, 5, 17, 2, 4, 6, 11, 7, 8, 9, 15, 16, 10, 13, 14, 1, 0, 12, 18, 19]",723.5,9.507110357284546
"[3, 5, 17, 2, 4, 6, 11, 7, 8, 9, 15, 16, 10, 13, 14, 1, 0, 12, 18, 19]",723.5,"[3, 5, 17, 2, 4, 6, 11, 7, 8, 9, 15, 16, 10, 13, 14, 1, 0, 12, 18, 19]",723.5,9.577112436294556
"[3, 5, 17, 2, 4, 6, 11, 7, 8, 9, 15, 16, 10, 13, 14, 1, 0, 12, 18, 19]",723.5,"[3, 5, 17, 2, 4, 6, 11, 7, 8, 9, 15, 16, 10, 13, 14, 1, 0, 12, 18, 19]",723.5,9.643113136291504
"[3, 5, 17, 2, 4, 6, 11, 7, 8, 9, 15, 16, 10, 13, 14, 1, 0, 12, 18, 19]",723.5,"[3, 5, 17, 2, 4, 6, 11, 7, 8, 9, 15, 16, 10, 13, 14, 1, 0, 12, 18, 19]",723.5,9.715113878250122
"[3, 5, 17, 2, 4, 6, 11, 7, 8, 9, 15, 16, 10, 13, 14, 1, 0, 12, 18, 19]",723.5,"[3, 5, 17, 2, 4, 6, 11, 7, 8, 9, 15, 16, 10, 13, 14, 1, 0, 12, 18, 19]",723.5,9.786114931106567
"[3, 5, 17, 2, 4, 6, 11, 7, 8, 9, 15, 16, 10, 13, 14, 1, 0, 12, 18, 19]",723.5,"[3, 5, 17, 2, 4, 6, 11, 7, 8, 9, 15, 16, 10, 13, 14, 1, 0, 12, 18, 19]",723.5,9.864116430282593
"[3, 5, 17, 2, 4, 6, 11, 7, 8, 9, 15, 16, 10, 13, 14, 1, 0, 12, 18, 19]",723.5,"[3, 5, 17, 2, 4, 6, 11, 7, 8, 9, 15, 16, 10, 13, 14, 1, 0, 12, 18, 19]",723.5,9.932115077972412
"[3, 5, 17, 2, 4, 6, 11, 7, 8, 9, 15, 16, 10, 13, 14, 1, 0, 12, 18, 19]",723.5,"[3, 5, 17, 2, 4, 6, 11, 7, 8, 9, 15, 16, 10, 13, 14, 1, 0, 12, 18, 19]",723.5,10.0011146068573
"[3, 5, 17, 2, 4, 6, 11, 7, 8, 9, 15, 16, 10, 13, 14, 1, 0, 12, 18, 19]",723.5,"[3, 5, 17, 2, 4, 6, 11, 7, 8, 9, 15, 16, 10, 13, 14, 1, 0, 12, 18, 19]",723.5,10.066118955612183
"[3, 5, 17, 2, 4, 6, 11, 7, 8, 9, 15, 16, 10, 13, 14, 1, 0, 12, 18, 19]",723.5,"[3, 5, 17, 2, 4, 6, 11, 7, 8, 9, 15, 16, 10, 13, 14, 1, 0, 12, 18, 19]",723.5,10.135118961334229
"[3, 5, 17, 2, 4, 6, 11, 7, 8, 9, 15, 16, 10, 13, 14, 1, 0, 12, 18, 19]",723.5,"[3, 5, 17, 2, 4, 6, 11, 7, 8, 9, 15, 16, 10, 13, 14, 1, 0, 12, 18, 19]",723.5,10.20511770248413
"[3, 5, 17, 2, 4, 6, 11, 7, 8, 9, 15, 16, 10, 13, 14, 1, 0, 12, 18, 19]",723.5,"[3, 5, 17, 2, 4, 6, 11, 7, 8, 9, 15, 16, 10, 13, 14, 1, 0, 12, 18, 19]",723.5,10.273120164871216
"[3, 5, 17, 2, 4, 6, 11, 7, 8, 9, 15, 16, 10, 13, 14, 1, 0, 12, 18, 19]",723.5,"[3, 5, 17, 2, 4, 6, 11, 7, 8, 9, 15, 16, 10, 13, 14, 1, 0, 12, 18, 19]",723.5,10.338125705718994
"[3, 5, 17, 2, 4, 6, 11, 7, 8, 9, 15, 16, 10, 13, 14, 1, 0, 12, 18, 19]",723.5,"[3, 5, 17, 2, 4, 6, 11, 7, 8, 9, 15, 16, 10, 13, 14, 1, 0, 12, 18, 19]",723.5,10.40712285041809
"[3, 5, 17, 2, 4, 6, 11, 7, 8, 9, 15, 16, 10, 13, 14, 1, 0, 12, 18, 19]",723.5,"[3, 5, 17, 2, 4, 6, 11, 7, 8, 9, 15, 16, 10, 13, 14, 1, 0, 12, 18, 19]",723.5,10.476120710372925
"[3, 5, 17, 2, 4, 6, 11, 7, 8, 9, 15, 16, 10, 13, 14, 1, 0, 12, 18, 19]",723.5,"[3, 5, 17, 2, 4, 6, 11, 7, 8, 9, 15, 16, 10, 13, 14, 1, 0, 12, 18, 19]",723.5,10.544121742248535
"[3, 5, 17, 2, 4, 6, 11, 7, 8, 9, 15, 16, 10, 13, 14, 1, 0, 12, 18, 19]",723.5,"[3, 5, 17, 2, 4, 6, 11, 7, 8, 9, 15, 16, 10, 13, 14, 1, 0, 12, 18, 19]",723.5,10.613125562667847
"[3, 5, 17, 2, 4, 6, 11, 7, 8, 9, 15, 16, 10, 13, 14, 1, 0, 12, 18, 19]",723.5,"[3, 5, 17, 2, 4, 6, 11, 7, 8, 9, 15, 16, 10, 13, 14, 1, 0, 12, 18, 19]",723.5,10.681126356124878
"[3, 5, 17, 2, 4, 6, 11, 7, 8, 9, 15, 16, 10, 13, 14, 1, 0, 12, 18, 19]",723.5,"[3, 5, 17, 2, 4, 6, 11, 7, 8, 9, 15, 16, 10, 13, 14, 1, 0, 12, 18, 19]",723.5,10.749126434326172
"[3, 5, 17, 2, 4, 6, 11, 7, 8, 9, 15, 16, 10, 13, 14, 1, 0, 12, 18, 19]",723.5,"[3, 5, 17, 2, 4, 6, 11, 7, 8, 9, 15, 16, 10, 13, 14, 1, 0, 12, 18, 19]",723.5,10.818125247955322
"[3, 5, 17, 2, 4, 6, 11, 7, 8, 9, 15, 16, 10, 13, 14, 1, 0, 12, 18, 19]",723.5,"[3, 5, 17, 2, 4, 6, 11, 7, 8, 9, 15, 16, 10, 13, 14, 1, 0, 12, 18, 19]",723.5,10.885125637054443
"[3, 5, 17, 2, 4, 6, 11, 7, 8, 9, 15, 16, 10, 13, 14, 1, 0, 12, 18, 19]",723.5,"[3, 5, 17, 2, 4, 6, 11, 7, 8, 9, 15, 16, 10, 13, 14, 1, 0, 12, 18, 19]",723.5,10.94912838935852
"[3, 5, 17, 2, 4, 6, 11, 7, 8, 9, 15, 16, 10, 13, 14, 1, 0, 12, 18, 19]",723.5,"[3, 5, 17, 2, 4, 6, 11, 7, 8, 9, 15, 16, 10, 13, 14, 1, 0, 12, 18, 19]",723.5,11.015136241912842
"[3, 5, 17, 2, 4, 6, 11, 7, 8, 9, 15, 16, 10, 13, 14, 1, 0, 12, 18, 19]",723.5,"[3, 5, 17, 2, 4, 6, 11, 7, 8, 9, 15, 16, 10, 13, 14, 1, 0, 12, 18, 19]",723.5,11.082130193710327
"[3, 5, 17, 2, 4, 6, 11, 7, 8, 9, 15, 16, 10, 13, 14, 1, 0, 12, 18, 19]",723.5,"[3, 5, 17, 2, 4, 6, 11, 7, 8, 9, 15, 16, 10, 13, 14, 1, 0, 12, 18, 19]",723.5,11.150136470794678
"[3, 5, 17, 2, 4, 6, 11, 7, 8, 9, 15, 16, 10, 13, 14, 1, 0, 12, 18, 19]",723.5,"[3, 5, 17, 2, 4, 6, 11, 7, 8, 9, 15, 16, 10, 13, 14, 1, 0, 12, 18, 19]",723.5,11.220132112503052
"[3, 5, 17, 2, 4, 6, 11, 7, 8, 9, 15, 16, 10, 13, 14, 1, 0, 12, 18, 19]",723.5,"[3, 5, 17, 2, 4, 6, 11, 7, 8, 9, 15, 16, 10, 13, 14, 1, 0, 12, 18, 19]",723.5,11.287133932113647
"[3, 5, 17, 2, 4, 6, 11, 7, 8, 9, 15, 16, 10, 13, 14, 1, 0, 12, 18, 19]",723.5,"[3, 5, 17, 2, 4, 6, 11, 7, 8, 9, 15, 16, 10, 13, 14, 1, 0, 12, 18, 19]",723.5,11.356139421463013
"[3, 5, 17, 2, 4, 6, 11, 7, 8, 9, 15, 16, 10, 13, 14, 1, 0, 12, 18, 19]",723.5,"[3, 5, 17, 2, 4, 6, 11, 7, 8, 9, 15, 16, 10, 13, 14, 1, 0, 12, 18, 19]",723.5,11.426136016845703
"[3, 5, 17, 2, 4, 6, 11, 7, 8, 9, 15, 16, 10, 13, 14, 1, 0, 12, 18, 19]",723.5,"[3, 5, 17, 2, 4, 6, 11, 7, 8, 9, 15, 16, 10, 13, 14, 1, 0, 12, 18, 19]",723.5,11.495134830474854
"[3, 5, 17, 2, 4, 6, 11, 7, 8, 9, 15, 16, 10, 13, 14, 1, 0, 12, 18, 19]",723.5,"[3, 5, 17, 2, 4, 6, 11, 7, 8, 9, 15, 16, 10, 13, 14, 1, 0, 12, 18, 19]",723.5,11.565134048461914
"[3, 5, 17, 2, 4, 6, 11, 7, 8, 9, 15, 16, 10, 13, 14, 1, 0, 12, 18, 19]",723.5,"[3, 5, 17, 2, 4, 6, 11, 7, 8, 9, 15, 16, 10, 13, 14, 1, 0, 12, 18, 19]",723.5,11.63413667678833
"[3, 5, 17, 2, 4, 6, 11, 7, 8, 9, 15, 16, 10, 13, 14, 1, 0, 12, 18, 19]",723.5,"[3, 5, 17, 2, 4, 6, 11, 7, 8, 9, 15, 16, 10, 13, 14, 1, 0, 12, 18, 19]",723.5,11.704137802124023
"[3, 5, 17, 2, 4, 6, 11, 7, 8, 9, 15, 16, 10, 13, 14, 1, 0, 12, 18, 19]",723.5,"[3, 5, 17, 2, 4, 6, 11, 7, 8, 9, 15, 16, 10, 13, 14, 1, 0, 12, 18, 19]",723.5,11.771136283874512
"[3, 5, 17, 2, 4, 6, 11, 7, 8, 9, 15, 16, 10, 13, 14, 1, 0, 12, 18, 19]",723.5,"[3, 5, 17, 2, 4, 6, 11, 7, 8, 9, 15, 16, 10, 13, 14, 1, 0, 12, 18, 19]",723.5,11.838141202926636
"[3, 5, 17, 2, 4, 6, 11, 7, 8, 9, 15, 16, 10, 13, 14, 1, 0, 12, 18, 19]",723.5,"[3, 5, 17, 2, 4, 6, 11, 7, 8, 9, 15, 16, 10, 13, 14, 1, 0, 12, 18, 19]",723.5,11.905144453048706
"[3, 5, 17, 2, 4, 6, 11, 7, 8, 9, 15, 16, 10, 13, 14, 1, 0, 12, 18, 19]",723.5,"[3, 5, 17, 2, 4, 6, 11, 7, 8, 9, 15, 16, 10, 13, 14, 1, 0, 12, 18, 19]",723.5,11.974138975143433
"[3, 5, 17, 2, 4, 6, 11, 7, 8, 9, 15, 16, 10, 13, 14, 1, 0, 12, 18, 19]",723.5,"[3, 5, 17, 2, 4, 6, 11, 7, 8, 9, 15, 16, 10, 13, 14, 1, 0, 12, 18, 19]",723.5,12.038162231445312
"[3, 5, 17, 2, 4, 6, 11, 7, 8, 9, 15, 16, 10, 13, 14, 1, 0, 12, 18, 19]",723.5,"[3, 5, 17, 2, 4, 6, 11, 7, 8, 9, 15, 16, 10, 13, 14, 1, 0, 12, 18, 19]",723.5,12.106146097183228
"[3, 5, 17, 2, 4, 6, 11, 7, 8, 9, 15, 16, 10, 13, 14, 1, 0, 12, 18, 19]",723.5,"[3, 5, 17, 2, 4, 6, 11, 7, 8, 9, 15, 16, 10, 13, 14, 1, 0, 12, 18, 19]",723.5,12.175139427185059
"[3, 5, 17, 2, 4, 6, 11, 7, 8, 9, 15, 16, 10, 13, 14, 1, 0, 12, 18, 19]",723.5,"[3, 5, 17, 2, 4, 6, 11, 7, 8, 9, 15, 16, 10, 13, 14, 1, 0, 12, 18, 19]",723.5,12.243141412734985
"[3, 5, 17, 2, 4, 6, 11, 7, 8, 9, 15, 16, 10, 13, 14, 1, 0, 12, 18, 19]",723.5,"[3, 5, 17, 2, 4, 6, 11, 7, 8, 9, 15, 16, 10, 13, 14, 1, 0, 12, 18, 19]",723.5,12.310142517089844
"[3, 5, 17, 2, 4, 6, 11, 7, 8, 9, 15, 16, 10, 13, 14, 1, 0, 12, 18, 19]",723.5,"[3, 5, 17, 2, 4, 6, 11, 7, 8, 9, 15, 16, 10, 13, 14, 1, 0, 12, 18, 19]",723.5,12.380146741867065
"[3, 5, 17, 2, 4, 6, 11, 7, 8, 9, 15, 16, 10, 13, 14, 1, 0, 12, 18, 19]",723.5,"[3, 5, 17, 2, 4, 6, 11, 7, 8, 9, 15, 16, 10, 13, 14, 1, 0, 12, 18, 19]",723.5,12.447144269943237
"[3, 5, 17, 2, 4, 6, 11, 7, 8, 9, 15, 16, 10, 13, 14, 1, 0, 12, 18, 19]",723.5,"[3, 5, 17, 2, 4, 6, 11, 7, 8, 9, 15, 16, 10, 13, 14, 1, 0, 12, 18, 19]",723.5,12.51414442062378
"[3, 5, 17, 2, 4, 6, 11, 7, 8, 9, 15, 16, 10, 13, 14, 1, 0, 12, 18, 19]",723.5,"[3, 5, 17, 2, 4, 6, 11, 7, 8, 9, 15, 16, 10, 13, 14, 1, 0, 12, 18, 19]",723.5,12.584148168563843
"[3, 5, 17, 2, 4, 6, 11, 7, 8, 9, 15, 16, 10, 13, 14, 1, 0, 12, 18, 19]",723.5,"[3, 5, 17, 2, 4, 6, 11, 7, 8, 9, 15, 16, 10, 13, 14, 1, 0, 12, 18, 19]",723.5,12.65114974975586
"[3, 5, 17, 2, 4, 6, 11, 7, 8, 9, 15, 16, 10, 13, 14, 1, 0, 12, 18, 19]",723.5,"[3, 5, 17, 2, 4, 6, 11, 7, 8, 9, 15, 16, 10, 13, 14, 1, 0, 12, 18, 19]",723.5,12.719151973724365
"[3, 5, 17, 2, 4, 6, 11, 7, 8, 9, 15, 16, 10, 13, 14, 1, 0, 12, 18, 19]",723.5,"[3, 5, 17, 2, 4, 6, 11, 7, 8, 9, 15, 16, 10, 13, 14, 1, 0, 12, 18, 19]",723.5,12.782150745391846
"[3, 5, 17, 2, 4, 6, 11, 7, 8, 9, 15, 16, 10, 13, 14, 1, 0, 12, 18, 19]",723.5,"[3, 5, 17, 2, 4, 6, 11, 7, 8, 9, 15, 16, 10, 13, 14, 1, 0, 12, 18, 19]",723.5,12.876151084899902
"[3, 5, 17, 2, 4, 6, 11, 7, 8, 9, 15, 16, 10, 13, 14, 1, 0, 12, 18, 19]",723.5,"[3, 5, 17, 2, 4, 6, 11, 7, 8, 9, 15, 16, 10, 13, 14, 1, 0, 12, 18, 19]",723.5,12.947149991989136
"[3, 5, 17, 2, 4, 6, 11, 7, 8, 9, 15, 16, 10, 13, 14, 1, 0, 12, 18, 19]",723.5,"[3, 5, 17, 2, 4, 6, 11, 7, 8, 9, 15, 16, 10, 13, 14, 1, 0, 12, 18, 19]",723.5,13.014155864715576
"[3, 5, 17, 2, 4, 6, 11, 7, 8, 9, 15, 16, 10, 13, 14, 1, 0, 12, 18, 19]",723.5,"[3, 5, 17, 2, 4, 6, 11, 7, 8, 9, 15, 16, 10, 13, 14, 1, 0, 12, 18, 19]",723.5,13.081156015396118
"[3, 5, 17, 2, 4, 6, 11, 7, 8, 9, 15, 16, 10, 13, 14, 1, 0, 12, 18, 19]",723.5,"[3, 5, 17, 2, 4, 6, 11, 7, 8, 9, 15, 16, 10, 13, 14, 1, 0, 12, 18, 19]",723.5,13.147154331207275
