Sequence,Fitness,Best_sequence,Best_fitness,Time
"[0, 1, 2, 3, 4, 5, 6, 7, 8, 9, 10, 11, 12, 13, 14, 15, 16, 17, 18, 19]",719.0,"[0, 1, 2, 3, 4, 5, 6, 7, 8, 9, 10, 11, 12, 13, 14, 15, 16, 17, 18, 19]",719.0,0.0
"[0, 1, 2, 3, 4, 5, 6, 7, 8, 9, 10, 11, 12, 13, 14, 15, 16, 17, 18, 19]",719.0,"[0, 1, 2, 3, 4, 5, 6, 7, 8, 9, 10, 11, 12, 13, 14, 15, 16, 17, 18, 19]",719.0,0.05598855018615723
"[0, 1, 2, 3, 4, 5, 6, 7, 8, 9, 10, 11, 12, 13, 14, 15, 16, 17, 18, 19]",719.0,"[0, 1, 2, 3, 4, 5, 6, 7, 8, 9, 10, 11, 12, 13, 14, 15, 16, 17, 18, 19]",719.0,0.11396145820617676
"[0, 1, 2, 3, 4, 5, 6, 7, 8, 9, 10, 11, 12, 13, 14, 15, 16, 17, 18, 19]",719.0,"[0, 1, 2, 3, 4, 5, 6, 7, 8, 9, 10, 11, 12, 13, 14, 15, 16, 17, 18, 19]",719.0,0.16994500160217285
"[0, 1, 2, 3, 4, 5, 6, 7, 8, 9, 10, 11, 12, 13, 14, 15, 16, 17, 18, 19]",719.0,"[0, 1, 2, 3, 4, 5, 6, 7, 8, 9, 10, 11, 12, 13, 14, 15, 16, 17, 18, 19]",719.0,0.22692179679870605
"[0, 1, 2, 3, 4, 5, 6, 7, 8, 9, 10, 11, 12, 13, 14, 15, 16, 17, 18, 19]",719.0,"[0, 1, 2, 3, 4, 5, 6, 7, 8, 9, 10, 11, 12, 13, 14, 15, 16, 17, 18, 19]",719.0,0.28490686416625977
"[0, 1, 2, 3, 4, 5, 6, 7, 8, 9, 10, 11, 12, 13, 14, 15, 16, 17, 18, 19]",719.0,"[0, 1, 2, 3, 4, 5, 6, 7, 8, 9, 10, 11, 12, 13, 14, 15, 16, 17, 18, 19]",719.0,0.34288740158081055
"[0, 1, 2, 3, 4, 5, 6, 7, 8, 9, 10, 11, 12, 13, 14, 15, 16, 17, 18, 19]",719.0,"[0, 1, 2, 3, 4, 5, 6, 7, 8, 9, 10, 11, 12, 13, 14, 15, 16, 17, 18, 19]",719.0,0.42188358306884766
"[0, 1, 2, 3, 4, 5, 6, 7, 8, 9, 10, 11, 12, 13, 14, 15, 16, 17, 18, 19]",719.0,"[0, 1, 2, 3, 4, 5, 6, 7, 8, 9, 10, 11, 12, 13, 14, 15, 16, 17, 18, 19]",719.0,0.4778456687927246
"[0, 1, 17, 3, 4, 5, 6, 7, 8, 9, 10, 11, 12, 13, 14, 15, 16, 2, 18, 19]",693.5,"[0, 1, 17, 3, 4, 5, 6, 7, 8, 9, 10, 11, 12, 13, 14, 15, 16, 2, 18, 19]",693.5,0.533837080001831
"[0, 1, 17, 3, 4, 5, 6, 7, 8, 9, 10, 11, 12, 13, 14, 15, 16, 2, 18, 19]",693.5,"[0, 1, 17, 3, 4, 5, 6, 7, 8, 9, 10, 11, 12, 13, 14, 15, 16, 2, 18, 19]",693.5,0.5888078212738037
"[0, 1, 17, 3, 4, 5, 6, 7, 8, 9, 10, 11, 12, 13, 14, 15, 16, 2, 18, 19]",693.5,"[0, 1, 17, 3, 4, 5, 6, 7, 8, 9, 10, 11, 12, 13, 14, 15, 16, 2, 18, 19]",693.5,0.6468815803527832
"[0, 1, 17, 3, 4, 5, 6, 7, 8, 9, 10, 11, 12, 13, 14, 15, 16, 2, 18, 19]",693.5,"[0, 1, 17, 3, 4, 5, 6, 7, 8, 9, 10, 11, 12, 13, 14, 15, 16, 2, 18, 19]",693.5,0.7077996730804443
"[0, 1, 17, 3, 4, 5, 6, 7, 8, 9, 10, 11, 12, 13, 14, 15, 16, 2, 18, 19]",693.5,"[0, 1, 17, 3, 4, 5, 6, 7, 8, 9, 10, 11, 12, 13, 14, 15, 16, 2, 18, 19]",693.5,0.7637748718261719
"[0, 1, 17, 3, 4, 5, 6, 7, 8, 9, 10, 11, 12, 13, 14, 15, 16, 2, 18, 19]",693.5,"[0, 1, 17, 3, 4, 5, 6, 7, 8, 9, 10, 11, 12, 13, 14, 15, 16, 2, 18, 19]",693.5,0.8197591304779053
"[0, 15, 17, 3, 4, 5, 6, 7, 8, 9, 10, 11, 12, 13, 14, 1, 16, 2, 18, 19]",686.0,"[0, 15, 17, 3, 4, 5, 6, 7, 8, 9, 10, 11, 12, 13, 14, 1, 16, 2, 18, 19]",686.0,0.8767385482788086
"[0, 15, 17, 3, 4, 5, 6, 7, 8, 9, 10, 11, 12, 13, 14, 1, 16, 2, 18, 19]",686.0,"[0, 15, 17, 3, 4, 5, 6, 7, 8, 9, 10, 11, 12, 13, 14, 1, 16, 2, 18, 19]",686.0,0.9327218532562256
"[0, 15, 17, 3, 4, 5, 6, 7, 8, 9, 10, 11, 12, 13, 2, 1, 16, 14, 18, 19]",674.5,"[0, 15, 17, 3, 4, 5, 6, 7, 8, 9, 10, 11, 12, 13, 2, 1, 16, 14, 18, 19]",674.5,0.9917163848876953
"[0, 15, 17, 3, 4, 5, 6, 7, 8, 9, 10, 11, 12, 13, 2, 1, 16, 14, 18, 19]",674.5,"[0, 15, 17, 3, 4, 5, 6, 7, 8, 9, 10, 11, 12, 13, 2, 1, 16, 14, 18, 19]",674.5,1.0506808757781982
"[0, 15, 17, 3, 4, 5, 6, 7, 8, 9, 10, 11, 12, 13, 2, 1, 16, 14, 18, 19]",674.5,"[0, 15, 17, 3, 4, 5, 6, 7, 8, 9, 10, 11, 12, 13, 2, 1, 16, 14, 18, 19]",674.5,1.109666109085083
"[0, 15, 17, 3, 4, 5, 6, 7, 8, 9, 10, 11, 12, 13, 2, 1, 16, 14, 18, 19]",674.5,"[0, 15, 17, 3, 4, 5, 6, 7, 8, 9, 10, 11, 12, 13, 2, 1, 16, 14, 18, 19]",674.5,1.166644811630249
"[0, 15, 17, 3, 4, 5, 6, 7, 8, 9, 10, 11, 12, 13, 2, 1, 16, 14, 18, 19]",674.5,"[0, 15, 17, 3, 4, 5, 6, 7, 8, 9, 10, 11, 12, 13, 2, 1, 16, 14, 18, 19]",674.5,1.2226243019104004
"[0, 15, 17, 3, 4, 5, 6, 7, 8, 9, 10, 11, 12, 13, 2, 1, 16, 14, 18, 19]",674.5,"[0, 15, 17, 3, 4, 5, 6, 7, 8, 9, 10, 11, 12, 13, 2, 1, 16, 14, 18, 19]",674.5,1.279606580734253
"[0, 15, 17, 3, 4, 5, 6, 7, 8, 9, 10, 11, 12, 13, 2, 1, 16, 14, 18, 19]",674.5,"[0, 15, 17, 3, 4, 5, 6, 7, 8, 9, 10, 11, 12, 13, 2, 1, 16, 14, 18, 19]",674.5,1.3375873565673828
"[0, 15, 17, 3, 4, 5, 6, 7, 8, 9, 10, 11, 12, 13, 2, 1, 16, 14, 18, 19]",674.5,"[0, 15, 17, 3, 4, 5, 6, 7, 8, 9, 10, 11, 12, 13, 2, 1, 16, 14, 18, 19]",674.5,1.3995635509490967
"[0, 15, 17, 3, 4, 5, 6, 7, 8, 9, 10, 11, 12, 13, 2, 1, 16, 14, 18, 19]",674.5,"[0, 15, 17, 3, 4, 5, 6, 7, 8, 9, 10, 11, 12, 13, 2, 1, 16, 14, 18, 19]",674.5,1.4535751342773438
"[0, 15, 17, 3, 4, 5, 6, 7, 8, 9, 10, 11, 12, 13, 2, 1, 16, 14, 18, 19]",674.5,"[0, 15, 17, 3, 4, 5, 6, 7, 8, 9, 10, 11, 12, 13, 2, 1, 16, 14, 18, 19]",674.5,1.5135300159454346
"[0, 15, 17, 3, 4, 5, 6, 7, 8, 9, 10, 11, 12, 13, 2, 1, 16, 14, 18, 19]",674.5,"[0, 15, 17, 3, 4, 5, 6, 7, 8, 9, 10, 11, 12, 13, 2, 1, 16, 14, 18, 19]",674.5,1.573509931564331
"[0, 15, 17, 3, 4, 5, 6, 7, 8, 9, 10, 11, 12, 13, 2, 1, 16, 14, 18, 19]",674.5,"[0, 15, 17, 3, 4, 5, 6, 7, 8, 9, 10, 11, 12, 13, 2, 1, 16, 14, 18, 19]",674.5,1.634488821029663
"[13, 15, 17, 3, 4, 5, 6, 7, 8, 9, 10, 11, 12, 0, 2, 1, 16, 14, 18, 19]",660.0,"[13, 15, 17, 3, 4, 5, 6, 7, 8, 9, 10, 11, 12, 0, 2, 1, 16, 14, 18, 19]",660.0,1.6875028610229492
"[13, 15, 17, 3, 4, 5, 6, 7, 8, 9, 10, 11, 12, 0, 2, 1, 16, 14, 18, 19]",660.0,"[13, 15, 17, 3, 4, 5, 6, 7, 8, 9, 10, 11, 12, 0, 2, 1, 16, 14, 18, 19]",660.0,1.7444617748260498
"[13, 15, 17, 3, 4, 5, 6, 7, 8, 9, 10, 11, 12, 0, 2, 1, 16, 14, 18, 19]",660.0,"[13, 15, 17, 3, 4, 5, 6, 7, 8, 9, 10, 11, 12, 0, 2, 1, 16, 14, 18, 19]",660.0,1.7984402179718018
"[13, 15, 17, 3, 4, 5, 6, 7, 8, 9, 10, 11, 12, 0, 2, 1, 16, 14, 18, 19]",660.0,"[13, 15, 17, 3, 4, 5, 6, 7, 8, 9, 10, 11, 12, 0, 2, 1, 16, 14, 18, 19]",660.0,1.8514227867126465
"[13, 15, 17, 3, 4, 5, 6, 7, 8, 9, 10, 11, 12, 0, 2, 1, 16, 14, 18, 19]",660.0,"[13, 15, 17, 3, 4, 5, 6, 7, 8, 9, 10, 11, 12, 0, 2, 1, 16, 14, 18, 19]",660.0,1.9044029712677002
"[13, 15, 17, 3, 4, 5, 6, 7, 8, 9, 10, 11, 12, 0, 2, 1, 16, 14, 18, 19]",660.0,"[13, 15, 17, 3, 4, 5, 6, 7, 8, 9, 10, 11, 12, 0, 2, 1, 16, 14, 18, 19]",660.0,1.956385850906372
"[13, 15, 17, 3, 4, 5, 6, 7, 8, 9, 10, 11, 12, 0, 2, 1, 16, 14, 18, 19]",660.0,"[13, 15, 17, 3, 4, 5, 6, 7, 8, 9, 10, 11, 12, 0, 2, 1, 16, 14, 18, 19]",660.0,2.011366844177246
"[13, 15, 17, 3, 4, 5, 6, 7, 8, 9, 10, 11, 12, 0, 2, 1, 16, 14, 18, 19]",660.0,"[13, 15, 17, 3, 4, 5, 6, 7, 8, 9, 10, 11, 12, 0, 2, 1, 16, 14, 18, 19]",660.0,2.0643503665924072
"[13, 15, 17, 3, 4, 5, 6, 7, 8, 9, 10, 11, 12, 0, 2, 1, 16, 14, 18, 19]",660.0,"[13, 15, 17, 3, 4, 5, 6, 7, 8, 9, 10, 11, 12, 0, 2, 1, 16, 14, 18, 19]",660.0,2.117328405380249
"[13, 15, 17, 3, 4, 5, 6, 7, 8, 9, 10, 11, 12, 0, 2, 1, 16, 14, 18, 19]",660.0,"[13, 15, 17, 3, 4, 5, 6, 7, 8, 9, 10, 11, 12, 0, 2, 1, 16, 14, 18, 19]",660.0,2.1693153381347656
"[13, 15, 17, 3, 4, 5, 6, 7, 8, 9, 10, 11, 12, 0, 2, 1, 16, 14, 18, 19]",660.0,"[13, 15, 17, 3, 4, 5, 6, 7, 8, 9, 10, 11, 12, 0, 2, 1, 16, 14, 18, 19]",660.0,2.225301742553711
"[13, 15, 17, 3, 4, 5, 6, 7, 8, 9, 10, 11, 12, 0, 2, 1, 16, 14, 18, 19]",660.0,"[13, 15, 17, 3, 4, 5, 6, 7, 8, 9, 10, 11, 12, 0, 2, 1, 16, 14, 18, 19]",660.0,2.2782769203186035
"[13, 15, 17, 3, 4, 5, 6, 7, 8, 9, 10, 11, 12, 0, 2, 1, 16, 14, 18, 19]",660.0,"[13, 15, 17, 3, 4, 5, 6, 7, 8, 9, 10, 11, 12, 0, 2, 1, 16, 14, 18, 19]",660.0,2.331264019012451
"[13, 15, 17, 3, 4, 5, 6, 7, 8, 9, 10, 11, 12, 0, 2, 1, 16, 14, 18, 19]",660.0,"[13, 15, 17, 3, 4, 5, 6, 7, 8, 9, 10, 11, 12, 0, 2, 1, 16, 14, 18, 19]",660.0,2.385246753692627
"[13, 15, 17, 3, 4, 5, 6, 7, 8, 9, 10, 11, 12, 0, 2, 1, 16, 14, 18, 19]",660.0,"[13, 15, 17, 3, 4, 5, 6, 7, 8, 9, 10, 11, 12, 0, 2, 1, 16, 14, 18, 19]",660.0,2.437234401702881
"[13, 15, 17, 3, 4, 5, 6, 7, 8, 9, 10, 11, 12, 0, 2, 1, 16, 14, 18, 19]",660.0,"[13, 15, 17, 3, 4, 5, 6, 7, 8, 9, 10, 11, 12, 0, 2, 1, 16, 14, 18, 19]",660.0,2.490208387374878
"[13, 15, 17, 3, 4, 5, 6, 7, 8, 9, 10, 11, 12, 0, 2, 1, 16, 14, 18, 19]",660.0,"[13, 15, 17, 3, 4, 5, 6, 7, 8, 9, 10, 11, 12, 0, 2, 1, 16, 14, 18, 19]",660.0,2.54318904876709
"[13, 15, 17, 3, 4, 5, 6, 7, 8, 9, 10, 11, 12, 0, 2, 1, 16, 14, 18, 19]",660.0,"[13, 15, 17, 3, 4, 5, 6, 7, 8, 9, 10, 11, 12, 0, 2, 1, 16, 14, 18, 19]",660.0,2.5961780548095703
"[13, 15, 17, 3, 4, 5, 6, 7, 8, 9, 10, 11, 12, 0, 2, 1, 16, 14, 18, 19]",660.0,"[13, 15, 17, 3, 4, 5, 6, 7, 8, 9, 10, 11, 12, 0, 2, 1, 16, 14, 18, 19]",660.0,2.65218448638916
"[13, 15, 17, 0, 4, 5, 6, 7, 8, 9, 10, 11, 12, 3, 2, 1, 16, 14, 18, 19]",659.0,"[13, 15, 17, 0, 4, 5, 6, 7, 8, 9, 10, 11, 12, 3, 2, 1, 16, 14, 18, 19]",659.0,2.709135055541992
"[13, 15, 17, 0, 4, 5, 6, 7, 8, 9, 10, 11, 12, 3, 2, 1, 16, 14, 18, 19]",659.0,"[13, 15, 17, 0, 4, 5, 6, 7, 8, 9, 10, 11, 12, 3, 2, 1, 16, 14, 18, 19]",659.0,2.766123056411743
"[13, 15, 17, 0, 4, 5, 6, 7, 8, 9, 10, 11, 12, 3, 2, 1, 16, 14, 18, 19]",659.0,"[13, 15, 17, 0, 4, 5, 6, 7, 8, 9, 10, 11, 12, 3, 2, 1, 16, 14, 18, 19]",659.0,2.818101167678833
"[13, 15, 17, 0, 4, 5, 6, 7, 8, 9, 10, 11, 12, 3, 2, 1, 16, 14, 18, 19]",659.0,"[13, 15, 17, 0, 4, 5, 6, 7, 8, 9, 10, 11, 12, 3, 2, 1, 16, 14, 18, 19]",659.0,2.8710811138153076
"[13, 15, 17, 0, 4, 5, 6, 7, 8, 9, 10, 11, 12, 3, 2, 1, 16, 14, 18, 19]",659.0,"[13, 15, 17, 0, 4, 5, 6, 7, 8, 9, 10, 11, 12, 3, 2, 1, 16, 14, 18, 19]",659.0,2.9260666370391846
"[13, 15, 17, 0, 4, 5, 6, 7, 8, 9, 10, 11, 12, 3, 2, 1, 16, 14, 18, 19]",659.0,"[13, 15, 17, 0, 4, 5, 6, 7, 8, 9, 10, 11, 12, 3, 2, 1, 16, 14, 18, 19]",659.0,2.9830474853515625
"[13, 15, 17, 0, 4, 5, 6, 7, 8, 9, 10, 11, 12, 3, 2, 1, 16, 14, 18, 19]",659.0,"[13, 15, 17, 0, 4, 5, 6, 7, 8, 9, 10, 11, 12, 3, 2, 1, 16, 14, 18, 19]",659.0,3.0380656719207764
"[13, 15, 17, 0, 4, 5, 6, 7, 8, 9, 10, 11, 12, 3, 2, 1, 16, 14, 18, 19]",659.0,"[13, 15, 17, 0, 4, 5, 6, 7, 8, 9, 10, 11, 12, 3, 2, 1, 16, 14, 18, 19]",659.0,3.094012975692749
"[13, 15, 17, 0, 4, 5, 6, 7, 8, 9, 10, 11, 12, 3, 2, 1, 16, 14, 18, 19]",659.0,"[13, 15, 17, 0, 4, 5, 6, 7, 8, 9, 10, 11, 12, 3, 2, 1, 16, 14, 18, 19]",659.0,3.148998975753784
"[13, 15, 17, 0, 4, 5, 6, 7, 8, 9, 10, 11, 12, 3, 2, 1, 16, 14, 18, 19]",659.0,"[13, 15, 17, 0, 4, 5, 6, 7, 8, 9, 10, 11, 12, 3, 2, 1, 16, 14, 18, 19]",659.0,3.2039732933044434
"[13, 15, 17, 0, 4, 5, 6, 7, 8, 9, 10, 11, 12, 3, 2, 1, 16, 14, 18, 19]",659.0,"[13, 15, 17, 0, 4, 5, 6, 7, 8, 9, 10, 11, 12, 3, 2, 1, 16, 14, 18, 19]",659.0,3.259955644607544
"[13, 15, 17, 0, 4, 5, 6, 7, 8, 9, 10, 11, 12, 3, 2, 1, 16, 14, 18, 19]",659.0,"[13, 15, 17, 0, 4, 5, 6, 7, 8, 9, 10, 11, 12, 3, 2, 1, 16, 14, 18, 19]",659.0,3.3159375190734863
"[13, 15, 17, 0, 4, 5, 6, 7, 8, 9, 10, 11, 12, 3, 2, 1, 16, 14, 18, 19]",659.0,"[13, 15, 17, 0, 4, 5, 6, 7, 8, 9, 10, 11, 12, 3, 2, 1, 16, 14, 18, 19]",659.0,3.3729186058044434
"[13, 15, 17, 0, 4, 5, 6, 7, 8, 9, 10, 11, 12, 3, 2, 1, 16, 14, 18, 19]",659.0,"[13, 15, 17, 0, 4, 5, 6, 7, 8, 9, 10, 11, 12, 3, 2, 1, 16, 14, 18, 19]",659.0,3.4308974742889404
"[13, 15, 17, 0, 4, 5, 6, 7, 8, 9, 10, 11, 12, 3, 2, 1, 16, 14, 18, 19]",659.0,"[13, 15, 17, 0, 4, 5, 6, 7, 8, 9, 10, 11, 12, 3, 2, 1, 16, 14, 18, 19]",659.0,3.484879732131958
"[13, 15, 17, 0, 4, 5, 6, 7, 8, 9, 10, 11, 12, 3, 2, 1, 16, 14, 18, 19]",659.0,"[13, 15, 17, 0, 4, 5, 6, 7, 8, 9, 10, 11, 12, 3, 2, 1, 16, 14, 18, 19]",659.0,3.541874885559082
"[13, 15, 17, 0, 4, 5, 6, 7, 8, 9, 10, 11, 12, 3, 2, 1, 16, 14, 18, 19]",659.0,"[13, 15, 17, 0, 4, 5, 6, 7, 8, 9, 10, 11, 12, 3, 2, 1, 16, 14, 18, 19]",659.0,3.5978469848632812
"[13, 15, 17, 0, 4, 5, 6, 7, 8, 9, 10, 11, 12, 3, 2, 1, 16, 14, 18, 19]",659.0,"[13, 15, 17, 0, 4, 5, 6, 7, 8, 9, 10, 11, 12, 3, 2, 1, 16, 14, 18, 19]",659.0,3.66082501411438
"[13, 15, 17, 0, 4, 5, 6, 7, 8, 9, 10, 11, 12, 3, 2, 1, 16, 14, 18, 19]",659.0,"[13, 15, 17, 0, 4, 5, 6, 7, 8, 9, 10, 11, 12, 3, 2, 1, 16, 14, 18, 19]",659.0,3.716804027557373
"[13, 15, 17, 0, 4, 5, 6, 7, 8, 9, 10, 11, 12, 3, 2, 1, 16, 14, 18, 19]",659.0,"[13, 15, 17, 0, 4, 5, 6, 7, 8, 9, 10, 11, 12, 3, 2, 1, 16, 14, 18, 19]",659.0,3.772789239883423
"[13, 15, 17, 0, 4, 5, 6, 7, 8, 9, 10, 11, 12, 3, 2, 1, 16, 14, 18, 19]",659.0,"[13, 15, 17, 0, 4, 5, 6, 7, 8, 9, 10, 11, 12, 3, 2, 1, 16, 14, 18, 19]",659.0,3.827770471572876
"[13, 15, 17, 0, 4, 5, 6, 7, 8, 9, 10, 11, 12, 3, 2, 1, 16, 14, 18, 19]",659.0,"[13, 15, 17, 0, 4, 5, 6, 7, 8, 9, 10, 11, 12, 3, 2, 1, 16, 14, 18, 19]",659.0,3.883753776550293
"[13, 15, 17, 0, 4, 5, 6, 7, 8, 9, 10, 11, 12, 3, 2, 1, 16, 14, 18, 19]",659.0,"[13, 15, 17, 0, 4, 5, 6, 7, 8, 9, 10, 11, 12, 3, 2, 1, 16, 14, 18, 19]",659.0,3.9387669563293457
"[13, 15, 17, 0, 4, 5, 6, 7, 8, 9, 10, 11, 12, 3, 2, 1, 16, 14, 18, 19]",659.0,"[13, 15, 17, 0, 4, 5, 6, 7, 8, 9, 10, 11, 12, 3, 2, 1, 16, 14, 18, 19]",659.0,3.9947187900543213
"[13, 15, 17, 0, 4, 5, 6, 7, 8, 9, 10, 11, 12, 3, 2, 1, 16, 14, 18, 19]",659.0,"[13, 15, 17, 0, 4, 5, 6, 7, 8, 9, 10, 11, 12, 3, 2, 1, 16, 14, 18, 19]",659.0,4.049699783325195
"[13, 15, 17, 0, 4, 5, 6, 7, 8, 9, 10, 11, 12, 3, 2, 1, 16, 14, 18, 19]",659.0,"[13, 15, 17, 0, 4, 5, 6, 7, 8, 9, 10, 11, 12, 3, 2, 1, 16, 14, 18, 19]",659.0,4.105682373046875
"[13, 15, 17, 0, 4, 5, 6, 7, 8, 9, 10, 11, 12, 3, 2, 1, 16, 14, 18, 19]",659.0,"[13, 15, 17, 0, 4, 5, 6, 7, 8, 9, 10, 11, 12, 3, 2, 1, 16, 14, 18, 19]",659.0,4.162662982940674
"[13, 15, 17, 0, 4, 5, 6, 7, 8, 9, 10, 11, 12, 3, 2, 1, 16, 14, 18, 19]",659.0,"[13, 15, 17, 0, 4, 5, 6, 7, 8, 9, 10, 11, 12, 3, 2, 1, 16, 14, 18, 19]",659.0,4.2186455726623535
"[13, 15, 17, 0, 4, 5, 6, 7, 8, 9, 10, 11, 12, 3, 2, 1, 16, 14, 18, 19]",659.0,"[13, 15, 17, 0, 4, 5, 6, 7, 8, 9, 10, 11, 12, 3, 2, 1, 16, 14, 18, 19]",659.0,4.274623870849609
"[13, 15, 17, 0, 4, 5, 6, 7, 8, 9, 10, 11, 12, 3, 2, 1, 16, 14, 18, 19]",659.0,"[13, 15, 17, 0, 4, 5, 6, 7, 8, 9, 10, 11, 12, 3, 2, 1, 16, 14, 18, 19]",659.0,4.329606056213379
"[13, 15, 17, 0, 4, 5, 6, 7, 8, 9, 10, 11, 12, 3, 2, 1, 16, 14, 18, 19]",659.0,"[13, 15, 17, 0, 4, 5, 6, 7, 8, 9, 10, 11, 12, 3, 2, 1, 16, 14, 18, 19]",659.0,4.385587692260742
"[13, 15, 17, 0, 4, 5, 6, 7, 8, 9, 10, 11, 12, 3, 2, 1, 16, 14, 18, 19]",659.0,"[13, 15, 17, 0, 4, 5, 6, 7, 8, 9, 10, 11, 12, 3, 2, 1, 16, 14, 18, 19]",659.0,4.440572023391724
"[13, 15, 17, 0, 4, 5, 6, 7, 8, 9, 10, 11, 12, 3, 2, 1, 16, 14, 18, 19]",659.0,"[13, 15, 17, 0, 4, 5, 6, 7, 8, 9, 10, 11, 12, 3, 2, 1, 16, 14, 18, 19]",659.0,4.495558738708496
"[13, 15, 17, 0, 4, 5, 6, 7, 8, 9, 10, 11, 12, 3, 2, 1, 16, 14, 18, 19]",659.0,"[13, 15, 17, 0, 4, 5, 6, 7, 8, 9, 10, 11, 12, 3, 2, 1, 16, 14, 18, 19]",659.0,4.550534963607788
"[13, 15, 17, 0, 4, 5, 6, 7, 8, 9, 10, 11, 12, 3, 2, 1, 16, 14, 18, 19]",659.0,"[13, 15, 17, 0, 4, 5, 6, 7, 8, 9, 10, 11, 12, 3, 2, 1, 16, 14, 18, 19]",659.0,4.604516267776489
"[13, 15, 17, 0, 4, 5, 6, 7, 8, 9, 10, 11, 12, 3, 2, 1, 16, 14, 18, 19]",659.0,"[13, 15, 17, 0, 4, 5, 6, 7, 8, 9, 10, 11, 12, 3, 2, 1, 16, 14, 18, 19]",659.0,4.6605002880096436
"[13, 15, 17, 0, 4, 5, 6, 7, 8, 9, 10, 11, 12, 3, 2, 1, 16, 14, 18, 19]",659.0,"[13, 15, 17, 0, 4, 5, 6, 7, 8, 9, 10, 11, 12, 3, 2, 1, 16, 14, 18, 19]",659.0,4.714578151702881
"[13, 15, 17, 0, 4, 5, 6, 7, 8, 9, 10, 11, 12, 3, 2, 1, 16, 14, 18, 19]",659.0,"[13, 15, 17, 0, 4, 5, 6, 7, 8, 9, 10, 11, 12, 3, 2, 1, 16, 14, 18, 19]",659.0,4.768464088439941
"[13, 15, 17, 0, 4, 5, 6, 7, 8, 9, 10, 11, 12, 3, 2, 1, 16, 14, 18, 19]",659.0,"[13, 15, 17, 0, 4, 5, 6, 7, 8, 9, 10, 11, 12, 3, 2, 1, 16, 14, 18, 19]",659.0,4.823448657989502
"[13, 15, 17, 0, 4, 5, 6, 7, 8, 9, 10, 11, 12, 3, 2, 1, 16, 14, 18, 19]",659.0,"[13, 15, 17, 0, 4, 5, 6, 7, 8, 9, 10, 11, 12, 3, 2, 1, 16, 14, 18, 19]",659.0,4.878433704376221
"[13, 15, 17, 0, 4, 5, 6, 7, 8, 9, 10, 11, 12, 3, 2, 1, 16, 14, 18, 19]",659.0,"[13, 15, 17, 0, 4, 5, 6, 7, 8, 9, 10, 11, 12, 3, 2, 1, 16, 14, 18, 19]",659.0,4.931416273117065
"[13, 15, 17, 0, 4, 5, 6, 7, 8, 9, 10, 11, 12, 3, 2, 1, 16, 14, 18, 19]",659.0,"[13, 15, 17, 0, 4, 5, 6, 7, 8, 9, 10, 11, 12, 3, 2, 1, 16, 14, 18, 19]",659.0,4.986393213272095
"[13, 15, 17, 0, 4, 5, 6, 7, 8, 9, 10, 11, 12, 3, 2, 1, 16, 14, 18, 19]",659.0,"[13, 15, 17, 0, 4, 5, 6, 7, 8, 9, 10, 11, 12, 3, 2, 1, 16, 14, 18, 19]",659.0,5.067367315292358
"[13, 15, 17, 0, 4, 5, 6, 7, 8, 9, 10, 11, 12, 3, 2, 1, 16, 14, 18, 19]",659.0,"[13, 15, 17, 0, 4, 5, 6, 7, 8, 9, 10, 11, 12, 3, 2, 1, 16, 14, 18, 19]",659.0,5.121349573135376
"[13, 15, 17, 0, 4, 5, 6, 7, 8, 9, 10, 11, 12, 3, 2, 1, 16, 14, 18, 19]",659.0,"[13, 15, 17, 0, 4, 5, 6, 7, 8, 9, 10, 11, 12, 3, 2, 1, 16, 14, 18, 19]",659.0,5.177335977554321
"[13, 15, 17, 0, 4, 5, 6, 7, 8, 9, 10, 11, 12, 3, 2, 1, 16, 14, 18, 19]",659.0,"[13, 15, 17, 0, 4, 5, 6, 7, 8, 9, 10, 11, 12, 3, 2, 1, 16, 14, 18, 19]",659.0,5.233314037322998
"[13, 15, 17, 0, 4, 5, 6, 7, 8, 9, 10, 11, 12, 3, 2, 1, 16, 14, 18, 19]",659.0,"[13, 15, 17, 0, 4, 5, 6, 7, 8, 9, 10, 11, 12, 3, 2, 1, 16, 14, 18, 19]",659.0,5.28929328918457
"[13, 15, 17, 0, 4, 5, 6, 7, 8, 9, 10, 11, 12, 3, 2, 1, 16, 14, 18, 19]",659.0,"[13, 15, 17, 0, 4, 5, 6, 7, 8, 9, 10, 11, 12, 3, 2, 1, 16, 14, 18, 19]",659.0,5.3422791957855225
"[13, 15, 17, 0, 4, 5, 6, 7, 8, 9, 10, 11, 12, 3, 2, 1, 16, 14, 18, 19]",659.0,"[13, 15, 17, 0, 4, 5, 6, 7, 8, 9, 10, 11, 12, 3, 2, 1, 16, 14, 18, 19]",659.0,5.399256706237793
"[13, 15, 17, 0, 4, 5, 6, 7, 8, 9, 10, 11, 12, 3, 2, 1, 16, 14, 18, 19]",659.0,"[13, 15, 17, 0, 4, 5, 6, 7, 8, 9, 10, 11, 12, 3, 2, 1, 16, 14, 18, 19]",659.0,5.456241130828857
"[13, 15, 17, 0, 4, 5, 6, 7, 8, 9, 10, 11, 12, 3, 2, 1, 16, 14, 18, 19]",659.0,"[13, 15, 17, 0, 4, 5, 6, 7, 8, 9, 10, 11, 12, 3, 2, 1, 16, 14, 18, 19]",659.0,5.51322340965271
"[13, 15, 17, 0, 4, 5, 6, 7, 8, 9, 10, 11, 12, 3, 2, 1, 16, 14, 18, 19]",659.0,"[13, 15, 17, 0, 4, 5, 6, 7, 8, 9, 10, 11, 12, 3, 2, 1, 16, 14, 18, 19]",659.0,5.5692055225372314
"[13, 15, 17, 0, 4, 5, 6, 7, 8, 9, 10, 11, 12, 3, 2, 1, 16, 14, 18, 19]",659.0,"[13, 15, 17, 0, 4, 5, 6, 7, 8, 9, 10, 11, 12, 3, 2, 1, 16, 14, 18, 19]",659.0,5.620185613632202
"[13, 15, 17, 0, 4, 5, 6, 7, 8, 9, 10, 11, 12, 3, 2, 1, 16, 14, 18, 19]",659.0,"[13, 15, 17, 0, 4, 5, 6, 7, 8, 9, 10, 11, 12, 3, 2, 1, 16, 14, 18, 19]",659.0,5.6751708984375
"[13, 15, 17, 0, 4, 5, 6, 7, 8, 9, 10, 11, 12, 3, 2, 1, 16, 14, 18, 19]",659.0,"[13, 15, 17, 0, 4, 5, 6, 7, 8, 9, 10, 11, 12, 3, 2, 1, 16, 14, 18, 19]",659.0,5.73015022277832
"[13, 15, 17, 0, 4, 5, 6, 7, 8, 9, 10, 11, 12, 3, 2, 1, 16, 14, 18, 19]",659.0,"[13, 15, 17, 0, 4, 5, 6, 7, 8, 9, 10, 11, 12, 3, 2, 1, 16, 14, 18, 19]",659.0,5.784135818481445
"[13, 15, 17, 0, 4, 5, 6, 7, 8, 9, 10, 11, 12, 3, 2, 1, 16, 14, 18, 19]",659.0,"[13, 15, 17, 0, 4, 5, 6, 7, 8, 9, 10, 11, 12, 3, 2, 1, 16, 14, 18, 19]",659.0,5.8391172885894775
"[13, 15, 17, 0, 4, 5, 6, 7, 8, 9, 10, 11, 12, 3, 2, 1, 16, 14, 18, 19]",659.0,"[13, 15, 17, 0, 4, 5, 6, 7, 8, 9, 10, 11, 12, 3, 2, 1, 16, 14, 18, 19]",659.0,5.89409875869751
"[13, 15, 17, 0, 4, 5, 6, 7, 8, 9, 10, 11, 12, 3, 2, 1, 16, 14, 18, 19]",659.0,"[13, 15, 17, 0, 4, 5, 6, 7, 8, 9, 10, 11, 12, 3, 2, 1, 16, 14, 18, 19]",659.0,5.94707989692688
"[13, 15, 17, 0, 4, 5, 6, 7, 8, 9, 10, 11, 12, 3, 2, 1, 16, 14, 18, 19]",659.0,"[13, 15, 17, 0, 4, 5, 6, 7, 8, 9, 10, 11, 12, 3, 2, 1, 16, 14, 18, 19]",659.0,6.001066446304321
"[13, 15, 17, 0, 4, 5, 6, 7, 8, 9, 10, 11, 12, 3, 2, 1, 16, 14, 18, 19]",659.0,"[13, 15, 17, 0, 4, 5, 6, 7, 8, 9, 10, 11, 12, 3, 2, 1, 16, 14, 18, 19]",659.0,6.056047439575195
"[13, 15, 17, 0, 4, 5, 6, 7, 8, 9, 10, 11, 12, 3, 2, 1, 16, 14, 18, 19]",659.0,"[13, 15, 17, 0, 4, 5, 6, 7, 8, 9, 10, 11, 12, 3, 2, 1, 16, 14, 18, 19]",659.0,6.11302638053894
"[13, 15, 17, 0, 4, 5, 6, 7, 8, 9, 10, 11, 12, 3, 2, 1, 16, 14, 18, 19]",659.0,"[13, 15, 17, 0, 4, 5, 6, 7, 8, 9, 10, 11, 12, 3, 2, 1, 16, 14, 18, 19]",659.0,6.170006275177002
"[13, 15, 17, 0, 4, 5, 6, 7, 8, 9, 10, 11, 12, 3, 2, 1, 16, 14, 18, 19]",659.0,"[13, 15, 17, 0, 4, 5, 6, 7, 8, 9, 10, 11, 12, 3, 2, 1, 16, 14, 18, 19]",659.0,6.22698974609375
"[13, 15, 17, 0, 4, 5, 6, 7, 8, 9, 10, 11, 12, 3, 2, 1, 16, 14, 18, 19]",659.0,"[13, 15, 17, 0, 4, 5, 6, 7, 8, 9, 10, 11, 12, 3, 2, 1, 16, 14, 18, 19]",659.0,6.2859787940979
"[13, 15, 17, 0, 4, 5, 6, 7, 8, 9, 10, 11, 12, 3, 2, 1, 16, 14, 18, 19]",659.0,"[13, 15, 17, 0, 4, 5, 6, 7, 8, 9, 10, 11, 12, 3, 2, 1, 16, 14, 18, 19]",659.0,6.341952323913574
"[13, 15, 17, 0, 4, 5, 6, 7, 8, 9, 10, 11, 12, 3, 2, 1, 16, 14, 18, 19]",659.0,"[13, 15, 17, 0, 4, 5, 6, 7, 8, 9, 10, 11, 12, 3, 2, 1, 16, 14, 18, 19]",659.0,6.396936416625977
"[13, 15, 17, 0, 4, 5, 6, 7, 8, 9, 10, 11, 12, 3, 2, 1, 16, 14, 18, 19]",659.0,"[13, 15, 17, 0, 4, 5, 6, 7, 8, 9, 10, 11, 12, 3, 2, 1, 16, 14, 18, 19]",659.0,6.449920415878296
"[13, 15, 17, 0, 4, 5, 6, 7, 8, 9, 10, 11, 12, 3, 2, 1, 16, 14, 18, 19]",659.0,"[13, 15, 17, 0, 4, 5, 6, 7, 8, 9, 10, 11, 12, 3, 2, 1, 16, 14, 18, 19]",659.0,6.506897926330566
"[13, 15, 17, 0, 4, 5, 6, 7, 8, 9, 10, 11, 12, 3, 2, 1, 16, 14, 18, 19]",659.0,"[13, 15, 17, 0, 4, 5, 6, 7, 8, 9, 10, 11, 12, 3, 2, 1, 16, 14, 18, 19]",659.0,6.5628814697265625
"[13, 15, 17, 0, 4, 5, 6, 7, 8, 9, 10, 11, 12, 3, 2, 1, 16, 14, 18, 19]",659.0,"[13, 15, 17, 0, 4, 5, 6, 7, 8, 9, 10, 11, 12, 3, 2, 1, 16, 14, 18, 19]",659.0,6.617865085601807
"[13, 15, 17, 0, 4, 5, 6, 7, 8, 9, 10, 11, 12, 3, 2, 1, 16, 14, 18, 19]",659.0,"[13, 15, 17, 0, 4, 5, 6, 7, 8, 9, 10, 11, 12, 3, 2, 1, 16, 14, 18, 19]",659.0,6.67285418510437
"[13, 15, 17, 0, 4, 5, 6, 7, 8, 9, 10, 11, 12, 3, 2, 1, 16, 14, 18, 19]",659.0,"[13, 15, 17, 0, 4, 5, 6, 7, 8, 9, 10, 11, 12, 3, 2, 1, 16, 14, 18, 19]",659.0,6.728832244873047
"[13, 15, 17, 0, 4, 5, 6, 7, 8, 9, 10, 11, 12, 3, 2, 1, 16, 14, 18, 19]",659.0,"[13, 15, 17, 0, 4, 5, 6, 7, 8, 9, 10, 11, 12, 3, 2, 1, 16, 14, 18, 19]",659.0,6.78381872177124
"[13, 15, 17, 0, 4, 5, 6, 7, 8, 9, 10, 11, 12, 3, 2, 1, 16, 14, 18, 19]",659.0,"[13, 15, 17, 0, 4, 5, 6, 7, 8, 9, 10, 11, 12, 3, 2, 1, 16, 14, 18, 19]",659.0,6.83879542350769
"[13, 15, 17, 0, 4, 5, 6, 7, 8, 9, 10, 11, 12, 3, 2, 1, 16, 14, 18, 19]",659.0,"[13, 15, 17, 0, 4, 5, 6, 7, 8, 9, 10, 11, 12, 3, 2, 1, 16, 14, 18, 19]",659.0,6.898773908615112
"[13, 15, 17, 0, 4, 5, 6, 7, 8, 9, 10, 11, 12, 3, 2, 1, 16, 14, 18, 19]",659.0,"[13, 15, 17, 0, 4, 5, 6, 7, 8, 9, 10, 11, 12, 3, 2, 1, 16, 14, 18, 19]",659.0,6.954757452011108
"[13, 15, 17, 0, 4, 5, 6, 7, 8, 9, 10, 11, 12, 3, 2, 1, 16, 14, 18, 19]",659.0,"[13, 15, 17, 0, 4, 5, 6, 7, 8, 9, 10, 11, 12, 3, 2, 1, 16, 14, 18, 19]",659.0,7.009836912155151
"[13, 15, 17, 0, 4, 5, 6, 7, 8, 9, 10, 11, 12, 3, 2, 1, 16, 14, 18, 19]",659.0,"[13, 15, 17, 0, 4, 5, 6, 7, 8, 9, 10, 11, 12, 3, 2, 1, 16, 14, 18, 19]",659.0,7.065720558166504
"[13, 15, 17, 0, 4, 5, 6, 7, 8, 9, 10, 11, 12, 3, 2, 1, 16, 14, 18, 19]",659.0,"[13, 15, 17, 0, 4, 5, 6, 7, 8, 9, 10, 11, 12, 3, 2, 1, 16, 14, 18, 19]",659.0,7.121700286865234
"[13, 15, 17, 0, 4, 5, 6, 7, 8, 9, 10, 11, 12, 3, 2, 1, 16, 14, 18, 19]",659.0,"[13, 15, 17, 0, 4, 5, 6, 7, 8, 9, 10, 11, 12, 3, 2, 1, 16, 14, 18, 19]",659.0,7.174683094024658
"[13, 15, 17, 0, 4, 5, 6, 7, 8, 9, 10, 11, 12, 3, 2, 1, 16, 14, 18, 19]",659.0,"[13, 15, 17, 0, 4, 5, 6, 7, 8, 9, 10, 11, 12, 3, 2, 1, 16, 14, 18, 19]",659.0,7.229665756225586
"[13, 15, 17, 0, 4, 5, 6, 7, 8, 9, 10, 11, 18, 3, 2, 1, 16, 14, 12, 19]",658.5,"[13, 15, 17, 0, 4, 5, 6, 7, 8, 9, 10, 11, 18, 3, 2, 1, 16, 14, 12, 19]",658.5,7.285649299621582
"[13, 15, 17, 0, 4, 5, 6, 7, 8, 9, 10, 11, 18, 3, 2, 1, 16, 14, 12, 19]",658.5,"[13, 15, 17, 0, 4, 5, 6, 7, 8, 9, 10, 11, 18, 3, 2, 1, 16, 14, 12, 19]",658.5,7.339632034301758
"[13, 15, 17, 0, 4, 5, 6, 7, 8, 9, 10, 11, 18, 3, 2, 1, 16, 14, 12, 19]",658.5,"[13, 15, 17, 0, 4, 5, 6, 7, 8, 9, 10, 11, 18, 3, 2, 1, 16, 14, 12, 19]",658.5,7.393617391586304
"[13, 15, 17, 0, 4, 5, 6, 7, 8, 9, 10, 11, 18, 3, 2, 1, 16, 14, 12, 19]",658.5,"[13, 15, 17, 0, 4, 5, 6, 7, 8, 9, 10, 11, 18, 3, 2, 1, 16, 14, 12, 19]",658.5,7.449596166610718
"[13, 15, 17, 0, 4, 5, 6, 7, 8, 9, 10, 11, 18, 3, 2, 1, 16, 14, 12, 19]",658.5,"[13, 15, 17, 0, 4, 5, 6, 7, 8, 9, 10, 11, 18, 3, 2, 1, 16, 14, 12, 19]",658.5,7.504590034484863
"[13, 15, 17, 0, 4, 5, 6, 7, 8, 9, 10, 11, 18, 3, 2, 1, 16, 14, 12, 19]",658.5,"[13, 15, 17, 0, 4, 5, 6, 7, 8, 9, 10, 11, 18, 3, 2, 1, 16, 14, 12, 19]",658.5,7.559563398361206
"[13, 15, 17, 0, 4, 5, 6, 7, 8, 9, 10, 11, 18, 3, 2, 1, 16, 14, 12, 19]",658.5,"[13, 15, 17, 0, 4, 5, 6, 7, 8, 9, 10, 11, 18, 3, 2, 1, 16, 14, 12, 19]",658.5,7.615540266036987
"[13, 15, 17, 0, 4, 5, 6, 7, 8, 9, 10, 11, 18, 3, 2, 1, 16, 14, 12, 19]",658.5,"[13, 15, 17, 0, 4, 5, 6, 7, 8, 9, 10, 11, 18, 3, 2, 1, 16, 14, 12, 19]",658.5,7.671526908874512
"[13, 15, 17, 0, 4, 5, 6, 7, 8, 9, 10, 11, 18, 3, 2, 1, 16, 14, 12, 19]",658.5,"[13, 15, 17, 0, 4, 5, 6, 7, 8, 9, 10, 11, 18, 3, 2, 1, 16, 14, 12, 19]",658.5,7.727508306503296
"[13, 15, 17, 0, 4, 5, 6, 7, 8, 9, 10, 11, 18, 3, 2, 1, 16, 14, 12, 19]",658.5,"[13, 15, 17, 0, 4, 5, 6, 7, 8, 9, 10, 11, 18, 3, 2, 1, 16, 14, 12, 19]",658.5,7.781489849090576
"[13, 15, 17, 0, 4, 5, 6, 7, 8, 9, 10, 11, 18, 3, 2, 1, 16, 14, 12, 19]",658.5,"[13, 15, 17, 0, 4, 5, 6, 7, 8, 9, 10, 11, 18, 3, 2, 1, 16, 14, 12, 19]",658.5,7.837471961975098
"[13, 15, 17, 0, 4, 5, 6, 7, 8, 9, 10, 11, 18, 3, 2, 1, 16, 14, 12, 19]",658.5,"[13, 15, 17, 0, 4, 5, 6, 7, 8, 9, 10, 11, 18, 3, 2, 1, 16, 14, 12, 19]",658.5,7.892452001571655
"[13, 15, 17, 0, 4, 5, 6, 7, 8, 9, 10, 11, 18, 3, 2, 1, 16, 14, 12, 19]",658.5,"[13, 15, 17, 0, 4, 5, 6, 7, 8, 9, 10, 11, 18, 3, 2, 1, 16, 14, 12, 19]",658.5,7.950434684753418
"[13, 15, 17, 0, 4, 5, 6, 7, 8, 9, 10, 11, 18, 3, 2, 1, 16, 14, 12, 19]",658.5,"[13, 15, 17, 0, 4, 5, 6, 7, 8, 9, 10, 11, 18, 3, 2, 1, 16, 14, 12, 19]",658.5,8.006418466567993
"[13, 15, 17, 0, 4, 5, 6, 7, 8, 9, 10, 11, 18, 3, 2, 1, 16, 14, 12, 19]",658.5,"[13, 15, 17, 0, 4, 5, 6, 7, 8, 9, 10, 11, 18, 3, 2, 1, 16, 14, 12, 19]",658.5,8.062400579452515
"[13, 15, 17, 0, 4, 5, 6, 7, 8, 9, 10, 11, 18, 3, 2, 1, 16, 14, 12, 19]",658.5,"[13, 15, 17, 0, 4, 5, 6, 7, 8, 9, 10, 11, 18, 3, 2, 1, 16, 14, 12, 19]",658.5,8.11738109588623
"[13, 15, 17, 0, 4, 5, 6, 7, 8, 9, 10, 11, 18, 3, 2, 1, 16, 14, 12, 19]",658.5,"[13, 15, 17, 0, 4, 5, 6, 7, 8, 9, 10, 11, 18, 3, 2, 1, 16, 14, 12, 19]",658.5,8.172367095947266
"[13, 15, 17, 0, 4, 5, 6, 7, 8, 9, 10, 11, 18, 3, 2, 1, 16, 14, 12, 19]",658.5,"[13, 15, 17, 0, 4, 5, 6, 7, 8, 9, 10, 11, 18, 3, 2, 1, 16, 14, 12, 19]",658.5,8.228346109390259
"[13, 15, 17, 0, 4, 5, 6, 7, 8, 9, 10, 11, 18, 3, 2, 1, 16, 14, 12, 19]",658.5,"[13, 15, 17, 0, 4, 5, 6, 7, 8, 9, 10, 11, 18, 3, 2, 1, 16, 14, 12, 19]",658.5,8.283330202102661
"[13, 15, 17, 0, 4, 5, 6, 7, 8, 9, 10, 11, 18, 3, 2, 1, 16, 14, 12, 19]",658.5,"[13, 15, 17, 0, 4, 5, 6, 7, 8, 9, 10, 11, 18, 3, 2, 1, 16, 14, 12, 19]",658.5,8.342312335968018
"[13, 15, 17, 0, 4, 5, 6, 7, 8, 9, 10, 11, 18, 3, 2, 1, 16, 14, 12, 19]",658.5,"[13, 15, 17, 0, 4, 5, 6, 7, 8, 9, 10, 11, 18, 3, 2, 1, 16, 14, 12, 19]",658.5,8.39828896522522
"[13, 15, 17, 0, 4, 5, 6, 7, 8, 9, 10, 11, 18, 3, 2, 1, 16, 14, 12, 19]",658.5,"[13, 15, 17, 0, 4, 5, 6, 7, 8, 9, 10, 11, 18, 3, 2, 1, 16, 14, 12, 19]",658.5,8.453275680541992
"[13, 15, 17, 0, 4, 5, 6, 7, 8, 9, 10, 11, 18, 3, 2, 1, 16, 14, 12, 19]",658.5,"[13, 15, 17, 0, 4, 5, 6, 7, 8, 9, 10, 11, 18, 3, 2, 1, 16, 14, 12, 19]",658.5,8.509256362915039
"[13, 15, 17, 0, 4, 5, 6, 7, 8, 9, 10, 11, 18, 3, 2, 1, 16, 14, 12, 19]",658.5,"[13, 15, 17, 0, 4, 5, 6, 7, 8, 9, 10, 11, 18, 3, 2, 1, 16, 14, 12, 19]",658.5,8.565240383148193
"[13, 15, 17, 0, 4, 5, 6, 7, 8, 9, 10, 11, 18, 3, 2, 1, 16, 14, 12, 19]",658.5,"[13, 15, 17, 0, 4, 5, 6, 7, 8, 9, 10, 11, 18, 3, 2, 1, 16, 14, 12, 19]",658.5,8.622223615646362
"[13, 15, 17, 0, 4, 5, 6, 7, 8, 9, 10, 11, 18, 3, 2, 1, 16, 14, 12, 19]",658.5,"[13, 15, 17, 0, 4, 5, 6, 7, 8, 9, 10, 11, 18, 3, 2, 1, 16, 14, 12, 19]",658.5,8.678210020065308
"[13, 15, 17, 0, 4, 5, 6, 7, 8, 9, 10, 11, 18, 3, 2, 1, 16, 14, 12, 19]",658.5,"[13, 15, 17, 0, 4, 5, 6, 7, 8, 9, 10, 11, 18, 3, 2, 1, 16, 14, 12, 19]",658.5,8.734182119369507
"[13, 15, 17, 0, 4, 5, 6, 7, 8, 9, 10, 11, 18, 3, 2, 1, 16, 14, 12, 19]",658.5,"[13, 15, 17, 0, 4, 5, 6, 7, 8, 9, 10, 11, 18, 3, 2, 1, 16, 14, 12, 19]",658.5,8.814172983169556
"[13, 15, 17, 0, 4, 5, 6, 7, 8, 9, 10, 11, 18, 3, 2, 1, 16, 14, 12, 19]",658.5,"[13, 15, 17, 0, 4, 5, 6, 7, 8, 9, 10, 11, 18, 3, 2, 1, 16, 14, 12, 19]",658.5,8.871140003204346
"[13, 15, 17, 0, 4, 5, 6, 7, 8, 9, 10, 11, 18, 3, 2, 1, 16, 14, 12, 19]",658.5,"[13, 15, 17, 0, 4, 5, 6, 7, 8, 9, 10, 11, 18, 3, 2, 1, 16, 14, 12, 19]",658.5,8.927125692367554
"[13, 15, 17, 0, 4, 5, 6, 7, 8, 9, 10, 11, 18, 3, 2, 1, 16, 14, 12, 19]",658.5,"[13, 15, 17, 0, 4, 5, 6, 7, 8, 9, 10, 11, 18, 3, 2, 1, 16, 14, 12, 19]",658.5,8.981106042861938
"[13, 15, 17, 0, 4, 5, 6, 7, 8, 9, 10, 11, 18, 3, 2, 1, 16, 14, 12, 19]",658.5,"[13, 15, 17, 0, 4, 5, 6, 7, 8, 9, 10, 11, 18, 3, 2, 1, 16, 14, 12, 19]",658.5,9.036086320877075
"[13, 15, 17, 0, 4, 5, 6, 7, 8, 9, 10, 11, 18, 3, 2, 1, 16, 14, 12, 19]",658.5,"[13, 15, 17, 0, 4, 5, 6, 7, 8, 9, 10, 11, 18, 3, 2, 1, 16, 14, 12, 19]",658.5,9.09106993675232
"[13, 15, 17, 0, 4, 5, 6, 7, 8, 9, 10, 11, 18, 3, 2, 1, 16, 14, 12, 19]",658.5,"[13, 15, 17, 0, 4, 5, 6, 7, 8, 9, 10, 11, 18, 3, 2, 1, 16, 14, 12, 19]",658.5,9.146051406860352
"[13, 15, 17, 0, 4, 5, 6, 7, 8, 9, 10, 11, 18, 3, 2, 1, 16, 14, 12, 19]",658.5,"[13, 15, 17, 0, 4, 5, 6, 7, 8, 9, 10, 11, 18, 3, 2, 1, 16, 14, 12, 19]",658.5,9.203033208847046
"[13, 15, 17, 0, 4, 5, 6, 7, 8, 9, 10, 11, 18, 3, 2, 1, 16, 14, 12, 19]",658.5,"[13, 15, 17, 0, 4, 5, 6, 7, 8, 9, 10, 11, 18, 3, 2, 1, 16, 14, 12, 19]",658.5,9.259045839309692
"[13, 15, 17, 0, 4, 5, 6, 7, 8, 9, 10, 11, 18, 3, 2, 1, 16, 14, 12, 19]",658.5,"[13, 15, 17, 0, 4, 5, 6, 7, 8, 9, 10, 11, 18, 3, 2, 1, 16, 14, 12, 19]",658.5,9.315016508102417
"[13, 15, 17, 0, 4, 5, 6, 7, 8, 9, 10, 11, 18, 3, 2, 1, 16, 14, 12, 19]",658.5,"[13, 15, 17, 0, 4, 5, 6, 7, 8, 9, 10, 11, 18, 3, 2, 1, 16, 14, 12, 19]",658.5,9.370980501174927
"[13, 15, 17, 0, 4, 5, 6, 7, 8, 9, 10, 11, 18, 3, 2, 1, 16, 14, 12, 19]",658.5,"[13, 15, 17, 0, 4, 5, 6, 7, 8, 9, 10, 11, 18, 3, 2, 1, 16, 14, 12, 19]",658.5,9.425966262817383
"[13, 15, 17, 0, 4, 5, 6, 7, 8, 9, 10, 11, 18, 3, 2, 1, 16, 14, 12, 19]",658.5,"[13, 15, 17, 0, 4, 5, 6, 7, 8, 9, 10, 11, 18, 3, 2, 1, 16, 14, 12, 19]",658.5,9.482947587966919
"[13, 15, 17, 0, 4, 5, 6, 7, 8, 9, 10, 11, 18, 3, 2, 1, 16, 14, 12, 19]",658.5,"[13, 15, 17, 0, 4, 5, 6, 7, 8, 9, 10, 11, 18, 3, 2, 1, 16, 14, 12, 19]",658.5,9.541932344436646
"[13, 15, 17, 0, 4, 5, 6, 7, 8, 9, 10, 11, 18, 3, 2, 1, 16, 14, 12, 19]",658.5,"[13, 15, 17, 0, 4, 5, 6, 7, 8, 9, 10, 11, 18, 3, 2, 1, 16, 14, 12, 19]",658.5,9.597910404205322
"[13, 15, 17, 0, 4, 5, 6, 7, 8, 9, 10, 11, 18, 3, 2, 1, 16, 14, 12, 19]",658.5,"[13, 15, 17, 0, 4, 5, 6, 7, 8, 9, 10, 11, 18, 3, 2, 1, 16, 14, 12, 19]",658.5,9.652892827987671
"[13, 15, 17, 0, 4, 5, 6, 7, 8, 9, 10, 11, 18, 3, 2, 1, 16, 14, 12, 19]",658.5,"[13, 15, 17, 0, 4, 5, 6, 7, 8, 9, 10, 11, 18, 3, 2, 1, 16, 14, 12, 19]",658.5,9.70687460899353
"[13, 15, 17, 0, 4, 5, 6, 7, 8, 9, 10, 11, 18, 3, 2, 1, 16, 14, 12, 19]",658.5,"[13, 15, 17, 0, 4, 5, 6, 7, 8, 9, 10, 11, 18, 3, 2, 1, 16, 14, 12, 19]",658.5,9.761866092681885
"[13, 15, 17, 0, 4, 5, 6, 7, 8, 9, 10, 11, 18, 3, 2, 1, 16, 14, 12, 19]",658.5,"[13, 15, 17, 0, 4, 5, 6, 7, 8, 9, 10, 11, 18, 3, 2, 1, 16, 14, 12, 19]",658.5,9.817840814590454
"[13, 15, 17, 0, 4, 5, 6, 7, 8, 9, 10, 11, 18, 3, 2, 1, 16, 14, 12, 19]",658.5,"[13, 15, 17, 0, 4, 5, 6, 7, 8, 9, 10, 11, 18, 3, 2, 1, 16, 14, 12, 19]",658.5,9.874826192855835
"[13, 15, 17, 0, 4, 5, 6, 7, 8, 9, 10, 11, 18, 3, 2, 1, 16, 14, 12, 19]",658.5,"[13, 15, 17, 0, 4, 5, 6, 7, 8, 9, 10, 11, 18, 3, 2, 1, 16, 14, 12, 19]",658.5,9.93179988861084
"[13, 15, 17, 0, 4, 5, 6, 7, 8, 9, 10, 11, 18, 3, 2, 1, 16, 14, 12, 19]",658.5,"[13, 15, 17, 0, 4, 5, 6, 7, 8, 9, 10, 11, 18, 3, 2, 1, 16, 14, 12, 19]",658.5,9.987782716751099
"[13, 15, 17, 0, 4, 5, 6, 7, 8, 9, 10, 11, 18, 3, 2, 1, 16, 14, 12, 19]",658.5,"[13, 15, 17, 0, 4, 5, 6, 7, 8, 9, 10, 11, 18, 3, 2, 1, 16, 14, 12, 19]",658.5,10.043765306472778
"[13, 15, 17, 0, 4, 5, 6, 7, 8, 9, 10, 11, 18, 3, 2, 1, 16, 14, 12, 19]",658.5,"[13, 15, 17, 0, 4, 5, 6, 7, 8, 9, 10, 11, 18, 3, 2, 1, 16, 14, 12, 19]",658.5,10.099747657775879
"[13, 15, 17, 0, 4, 5, 6, 7, 8, 9, 10, 11, 18, 3, 2, 1, 16, 14, 12, 19]",658.5,"[13, 15, 17, 0, 4, 5, 6, 7, 8, 9, 10, 11, 18, 3, 2, 1, 16, 14, 12, 19]",658.5,10.155730962753296
"[13, 15, 17, 0, 4, 5, 6, 7, 8, 9, 10, 11, 18, 3, 2, 1, 16, 14, 12, 19]",658.5,"[13, 15, 17, 0, 4, 5, 6, 7, 8, 9, 10, 11, 18, 3, 2, 1, 16, 14, 12, 19]",658.5,10.211716890335083
"[13, 15, 17, 0, 4, 5, 6, 7, 8, 9, 10, 11, 18, 3, 2, 1, 16, 14, 12, 19]",658.5,"[13, 15, 17, 0, 4, 5, 6, 7, 8, 9, 10, 11, 18, 3, 2, 1, 16, 14, 12, 19]",658.5,10.268694400787354
"[13, 15, 17, 0, 4, 5, 6, 7, 8, 9, 10, 11, 18, 3, 2, 1, 16, 14, 12, 19]",658.5,"[13, 15, 17, 0, 4, 5, 6, 7, 8, 9, 10, 11, 18, 3, 2, 1, 16, 14, 12, 19]",658.5,10.325676202774048
"[13, 15, 17, 0, 4, 5, 6, 7, 8, 9, 10, 11, 18, 3, 2, 1, 16, 14, 12, 19]",658.5,"[13, 15, 17, 0, 4, 5, 6, 7, 8, 9, 10, 11, 18, 3, 2, 1, 16, 14, 12, 19]",658.5,10.381658792495728
"[13, 15, 17, 0, 4, 5, 6, 7, 8, 9, 10, 11, 18, 3, 2, 1, 16, 14, 12, 19]",658.5,"[13, 15, 17, 0, 4, 5, 6, 7, 8, 9, 10, 11, 18, 3, 2, 1, 16, 14, 12, 19]",658.5,10.437657594680786
"[13, 15, 17, 0, 4, 5, 6, 7, 8, 9, 10, 11, 18, 3, 2, 1, 16, 14, 12, 19]",658.5,"[13, 15, 17, 0, 4, 5, 6, 7, 8, 9, 10, 11, 18, 3, 2, 1, 16, 14, 12, 19]",658.5,10.49263310432434
"[13, 15, 17, 0, 4, 5, 6, 7, 8, 9, 10, 11, 18, 3, 2, 1, 16, 14, 12, 19]",658.5,"[13, 15, 17, 0, 4, 5, 6, 7, 8, 9, 10, 11, 18, 3, 2, 1, 16, 14, 12, 19]",658.5,10.547626733779907
"[13, 15, 17, 0, 4, 5, 6, 7, 8, 9, 10, 11, 18, 3, 2, 1, 16, 14, 12, 19]",658.5,"[13, 15, 17, 0, 4, 5, 6, 7, 8, 9, 10, 11, 18, 3, 2, 1, 16, 14, 12, 19]",658.5,10.603589534759521
"[13, 15, 17, 0, 4, 5, 6, 7, 8, 9, 10, 11, 18, 3, 2, 1, 16, 14, 12, 19]",658.5,"[13, 15, 17, 0, 4, 5, 6, 7, 8, 9, 10, 11, 18, 3, 2, 1, 16, 14, 12, 19]",658.5,10.658570766448975
"[13, 15, 17, 0, 4, 5, 6, 7, 8, 9, 10, 11, 18, 3, 2, 1, 16, 14, 12, 19]",658.5,"[13, 15, 17, 0, 4, 5, 6, 7, 8, 9, 10, 11, 18, 3, 2, 1, 16, 14, 12, 19]",658.5,10.713553667068481
"[13, 15, 17, 0, 4, 5, 6, 7, 8, 9, 10, 11, 18, 3, 2, 1, 16, 14, 12, 19]",658.5,"[13, 15, 17, 0, 4, 5, 6, 7, 8, 9, 10, 11, 18, 3, 2, 1, 16, 14, 12, 19]",658.5,10.767549514770508
"[13, 15, 17, 0, 4, 5, 6, 7, 8, 9, 10, 11, 18, 3, 2, 1, 16, 14, 12, 19]",658.5,"[13, 15, 17, 0, 4, 5, 6, 7, 8, 9, 10, 11, 18, 3, 2, 1, 16, 14, 12, 19]",658.5,10.822519779205322
"[13, 15, 17, 0, 4, 5, 6, 7, 8, 9, 10, 11, 18, 3, 2, 1, 16, 14, 12, 19]",658.5,"[13, 15, 17, 0, 4, 5, 6, 7, 8, 9, 10, 11, 18, 3, 2, 1, 16, 14, 12, 19]",658.5,10.878499269485474
"[13, 15, 17, 0, 4, 5, 6, 7, 8, 9, 10, 11, 18, 3, 2, 1, 16, 14, 12, 19]",658.5,"[13, 15, 17, 0, 4, 5, 6, 7, 8, 9, 10, 11, 18, 3, 2, 1, 16, 14, 12, 19]",658.5,10.9344801902771
"[13, 15, 17, 0, 4, 5, 6, 7, 8, 9, 10, 11, 18, 3, 2, 1, 16, 14, 12, 19]",658.5,"[13, 15, 17, 0, 4, 5, 6, 7, 8, 9, 10, 11, 18, 3, 2, 1, 16, 14, 12, 19]",658.5,10.989466428756714
"[13, 15, 17, 0, 4, 5, 6, 7, 8, 9, 10, 11, 18, 3, 2, 1, 16, 14, 12, 19]",658.5,"[13, 15, 17, 0, 4, 5, 6, 7, 8, 9, 10, 11, 18, 3, 2, 1, 16, 14, 12, 19]",658.5,11.044450283050537
"[13, 15, 17, 0, 4, 5, 6, 7, 8, 9, 10, 11, 18, 3, 2, 1, 16, 14, 12, 19]",658.5,"[13, 15, 17, 0, 4, 5, 6, 7, 8, 9, 10, 11, 18, 3, 2, 1, 16, 14, 12, 19]",658.5,11.099430322647095
"[13, 15, 17, 0, 4, 5, 6, 7, 8, 9, 10, 11, 18, 3, 2, 1, 16, 14, 12, 19]",658.5,"[13, 15, 17, 0, 4, 5, 6, 7, 8, 9, 10, 11, 18, 3, 2, 1, 16, 14, 12, 19]",658.5,11.154413223266602
"[13, 15, 17, 0, 4, 5, 6, 7, 8, 9, 10, 11, 18, 3, 2, 1, 16, 14, 12, 19]",658.5,"[13, 15, 17, 0, 4, 5, 6, 7, 8, 9, 10, 11, 18, 3, 2, 1, 16, 14, 12, 19]",658.5,11.21039628982544
