Sequence,Fitness,Best_sequence,Best_fitness,Time
"[0, 1, 2, 3, 4, 5, 6, 7, 8, 9, 10, 11, 12, 13, 14, 15, 16, 17, 18, 19]",1531.0,"[0, 1, 2, 3, 4, 5, 6, 7, 8, 9, 10, 11, 12, 13, 14, 15, 16, 17, 18, 19]",1531.0,0.0
"[0, 1, 2, 3, 4, 5, 6, 7, 8, 9, 10, 11, 12, 13, 14, 15, 16, 17, 18, 19]",1531.0,"[0, 1, 2, 3, 4, 5, 6, 7, 8, 9, 10, 11, 12, 13, 14, 15, 16, 17, 18, 19]",1531.0,0.0629732608795166
"[0, 1, 2, 3, 4, 5, 6, 7, 8, 9, 10, 11, 12, 13, 14, 15, 16, 17, 18, 19]",1531.0,"[0, 1, 2, 3, 4, 5, 6, 7, 8, 9, 10, 11, 12, 13, 14, 15, 16, 17, 18, 19]",1531.0,0.12497448921203613
"[0, 1, 2, 3, 4, 5, 6, 7, 8, 9, 10, 11, 12, 13, 14, 15, 16, 17, 18, 19]",1531.0,"[0, 1, 2, 3, 4, 5, 6, 7, 8, 9, 10, 11, 12, 13, 14, 15, 16, 17, 18, 19]",1531.0,0.19296884536743164
"[0, 1, 2, 3, 4, 5, 6, 7, 8, 9, 10, 11, 12, 13, 14, 15, 16, 17, 18, 19]",1531.0,"[0, 1, 2, 3, 4, 5, 6, 7, 8, 9, 10, 11, 12, 13, 14, 15, 16, 17, 18, 19]",1531.0,0.2579929828643799
"[0, 1, 2, 3, 4, 5, 6, 7, 8, 9, 10, 11, 12, 13, 14, 15, 16, 17, 18, 19]",1531.0,"[0, 1, 2, 3, 4, 5, 6, 7, 8, 9, 10, 11, 12, 13, 14, 15, 16, 17, 18, 19]",1531.0,0.3249943256378174
"[0, 11, 2, 3, 4, 5, 6, 7, 8, 9, 10, 1, 12, 13, 14, 15, 16, 17, 18, 19]",1516.0,"[0, 11, 2, 3, 4, 5, 6, 7, 8, 9, 10, 1, 12, 13, 14, 15, 16, 17, 18, 19]",1516.0,0.3939938545227051
"[0, 11, 2, 3, 4, 5, 6, 7, 8, 9, 10, 1, 12, 13, 14, 15, 16, 17, 18, 19]",1516.0,"[0, 11, 2, 3, 4, 5, 6, 7, 8, 9, 10, 1, 12, 13, 14, 15, 16, 17, 18, 19]",1516.0,0.4629936218261719
"[0, 11, 2, 3, 4, 5, 6, 7, 8, 9, 10, 1, 12, 13, 14, 15, 16, 17, 18, 19]",1516.0,"[0, 11, 2, 3, 4, 5, 6, 7, 8, 9, 10, 1, 12, 13, 14, 15, 16, 17, 18, 19]",1516.0,0.5329980850219727
"[0, 11, 2, 3, 14, 5, 6, 7, 8, 9, 10, 1, 12, 13, 4, 15, 16, 17, 18, 19]",1501.5,"[0, 11, 2, 3, 14, 5, 6, 7, 8, 9, 10, 1, 12, 13, 4, 15, 16, 17, 18, 19]",1501.5,0.5959928035736084
"[0, 11, 2, 3, 14, 5, 6, 7, 8, 9, 10, 1, 12, 13, 4, 15, 16, 17, 18, 19]",1501.5,"[0, 11, 2, 3, 14, 5, 6, 7, 8, 9, 10, 1, 12, 13, 4, 15, 16, 17, 18, 19]",1501.5,0.6679933071136475
"[0, 11, 2, 3, 14, 5, 6, 7, 8, 9, 10, 1, 12, 13, 4, 15, 16, 17, 18, 19]",1501.5,"[0, 11, 2, 3, 14, 5, 6, 7, 8, 9, 10, 1, 12, 13, 4, 15, 16, 17, 18, 19]",1501.5,0.7432019710540771
"[0, 11, 2, 3, 14, 5, 6, 7, 8, 9, 10, 1, 12, 13, 4, 15, 16, 17, 18, 19]",1501.5,"[0, 11, 2, 3, 14, 5, 6, 7, 8, 9, 10, 1, 12, 13, 4, 15, 16, 17, 18, 19]",1501.5,0.8211948871612549
"[0, 11, 2, 3, 14, 5, 6, 7, 8, 9, 10, 1, 12, 13, 4, 15, 16, 17, 18, 19]",1501.5,"[0, 11, 2, 3, 14, 5, 6, 7, 8, 9, 10, 1, 12, 13, 4, 15, 16, 17, 18, 19]",1501.5,0.8991994857788086
"[0, 11, 2, 3, 14, 5, 6, 7, 8, 9, 10, 1, 12, 13, 4, 15, 16, 17, 18, 19]",1501.5,"[0, 11, 2, 3, 14, 5, 6, 7, 8, 9, 10, 1, 12, 13, 4, 15, 16, 17, 18, 19]",1501.5,0.9739863872528076
"[0, 11, 2, 3, 14, 5, 6, 7, 8, 9, 10, 1, 12, 13, 4, 15, 16, 17, 18, 19]",1501.5,"[0, 11, 2, 3, 14, 5, 6, 7, 8, 9, 10, 1, 12, 13, 4, 15, 16, 17, 18, 19]",1501.5,1.041987657546997
"[0, 11, 2, 3, 14, 5, 6, 7, 8, 9, 10, 1, 12, 13, 4, 15, 16, 17, 18, 19]",1501.5,"[0, 11, 2, 3, 14, 5, 6, 7, 8, 9, 10, 1, 12, 13, 4, 15, 16, 17, 18, 19]",1501.5,1.1119866371154785
"[0, 11, 2, 3, 14, 5, 6, 7, 8, 9, 10, 1, 12, 13, 4, 15, 16, 17, 18, 19]",1501.5,"[0, 11, 2, 3, 14, 5, 6, 7, 8, 9, 10, 1, 12, 13, 4, 15, 16, 17, 18, 19]",1501.5,1.179983377456665
"[0, 11, 2, 3, 14, 5, 6, 7, 8, 9, 10, 1, 12, 13, 4, 15, 16, 17, 18, 19]",1501.5,"[0, 11, 2, 3, 14, 5, 6, 7, 8, 9, 10, 1, 12, 13, 4, 15, 16, 17, 18, 19]",1501.5,1.2469947338104248
"[0, 11, 2, 3, 14, 5, 6, 7, 8, 9, 10, 1, 12, 13, 4, 15, 16, 17, 18, 19]",1501.5,"[0, 11, 2, 3, 14, 5, 6, 7, 8, 9, 10, 1, 12, 13, 4, 15, 16, 17, 18, 19]",1501.5,1.3119897842407227
"[0, 11, 2, 3, 14, 5, 6, 7, 8, 9, 10, 1, 12, 13, 4, 15, 16, 17, 18, 19]",1501.5,"[0, 11, 2, 3, 14, 5, 6, 7, 8, 9, 10, 1, 12, 13, 4, 15, 16, 17, 18, 19]",1501.5,1.378983736038208
"[0, 11, 2, 3, 14, 5, 6, 7, 8, 9, 10, 1, 12, 13, 4, 15, 16, 17, 18, 19]",1501.5,"[0, 11, 2, 3, 14, 5, 6, 7, 8, 9, 10, 1, 12, 13, 4, 15, 16, 17, 18, 19]",1501.5,1.4449779987335205
"[0, 11, 2, 3, 14, 5, 10, 7, 8, 9, 6, 1, 12, 13, 4, 15, 16, 17, 18, 19]",1486.5,"[0, 11, 2, 3, 14, 5, 10, 7, 8, 9, 6, 1, 12, 13, 4, 15, 16, 17, 18, 19]",1486.5,1.511979579925537
"[0, 11, 2, 3, 14, 5, 10, 7, 8, 9, 6, 1, 12, 13, 4, 15, 16, 17, 18, 19]",1486.5,"[0, 11, 2, 3, 14, 5, 10, 7, 8, 9, 6, 1, 12, 13, 4, 15, 16, 17, 18, 19]",1486.5,1.5819778442382812
"[0, 11, 2, 3, 14, 5, 10, 7, 8, 9, 6, 1, 12, 13, 4, 15, 16, 17, 18, 19]",1486.5,"[0, 11, 2, 3, 14, 5, 10, 7, 8, 9, 6, 1, 12, 13, 4, 15, 16, 17, 18, 19]",1486.5,1.6539804935455322
"[0, 11, 2, 18, 14, 5, 10, 7, 8, 9, 6, 1, 12, 13, 4, 15, 16, 17, 3, 19]",1439.5,"[0, 11, 2, 18, 14, 5, 10, 7, 8, 9, 6, 1, 12, 13, 4, 15, 16, 17, 3, 19]",1439.5,1.7189855575561523
"[0, 11, 2, 18, 14, 5, 10, 7, 8, 9, 6, 1, 12, 13, 4, 15, 16, 17, 3, 19]",1439.5,"[0, 11, 2, 18, 14, 5, 10, 7, 8, 9, 6, 1, 12, 13, 4, 15, 16, 17, 3, 19]",1439.5,1.7829844951629639
"[0, 11, 2, 18, 14, 5, 10, 7, 8, 9, 6, 1, 12, 13, 4, 15, 16, 17, 3, 19]",1439.5,"[0, 11, 2, 18, 14, 5, 10, 7, 8, 9, 6, 1, 12, 13, 4, 15, 16, 17, 3, 19]",1439.5,1.8499836921691895
"[0, 11, 2, 7, 14, 5, 10, 18, 8, 9, 6, 1, 12, 13, 4, 15, 16, 17, 3, 19]",1432.0,"[0, 11, 2, 7, 14, 5, 10, 18, 8, 9, 6, 1, 12, 13, 4, 15, 16, 17, 3, 19]",1432.0,1.9149770736694336
"[0, 11, 2, 7, 14, 5, 10, 18, 8, 9, 6, 1, 12, 13, 4, 15, 16, 17, 3, 19]",1432.0,"[0, 11, 2, 7, 14, 5, 10, 18, 8, 9, 6, 1, 12, 13, 4, 15, 16, 17, 3, 19]",1432.0,1.980975866317749
"[0, 11, 2, 7, 14, 5, 10, 18, 8, 9, 6, 1, 12, 13, 4, 15, 16, 17, 3, 19]",1432.0,"[0, 11, 2, 7, 14, 5, 10, 18, 8, 9, 6, 1, 12, 13, 4, 15, 16, 17, 3, 19]",1432.0,2.043978452682495
"[0, 11, 2, 7, 14, 5, 10, 18, 8, 9, 6, 1, 12, 13, 4, 15, 16, 17, 3, 19]",1432.0,"[0, 11, 2, 7, 14, 5, 10, 18, 8, 9, 6, 1, 12, 13, 4, 15, 16, 17, 3, 19]",1432.0,2.1089746952056885
"[0, 15, 2, 7, 14, 5, 10, 18, 8, 9, 6, 1, 12, 13, 4, 11, 16, 17, 3, 19]",1407.5,"[0, 15, 2, 7, 14, 5, 10, 18, 8, 9, 6, 1, 12, 13, 4, 11, 16, 17, 3, 19]",1407.5,2.1739747524261475
"[0, 15, 2, 7, 14, 5, 10, 18, 8, 9, 6, 1, 12, 13, 4, 11, 16, 17, 3, 19]",1407.5,"[0, 15, 2, 7, 14, 5, 10, 18, 8, 9, 6, 1, 12, 13, 4, 11, 16, 17, 3, 19]",1407.5,2.23697829246521
"[0, 15, 2, 7, 14, 5, 10, 18, 8, 9, 6, 1, 12, 13, 4, 11, 16, 17, 3, 19]",1407.5,"[0, 15, 2, 7, 14, 5, 10, 18, 8, 9, 6, 1, 12, 13, 4, 11, 16, 17, 3, 19]",1407.5,2.300175428390503
"[0, 15, 2, 7, 14, 5, 10, 18, 8, 9, 6, 1, 12, 13, 4, 11, 16, 17, 3, 19]",1407.5,"[0, 15, 2, 7, 14, 5, 10, 18, 8, 9, 6, 1, 12, 13, 4, 11, 16, 17, 3, 19]",1407.5,2.3659746646881104
"[0, 15, 2, 7, 14, 5, 10, 18, 8, 9, 6, 1, 12, 13, 4, 11, 16, 17, 3, 19]",1407.5,"[0, 15, 2, 7, 14, 5, 10, 18, 8, 9, 6, 1, 12, 13, 4, 11, 16, 17, 3, 19]",1407.5,2.42897367477417
"[0, 15, 2, 7, 14, 5, 10, 18, 8, 9, 6, 1, 12, 13, 4, 11, 16, 17, 3, 19]",1407.5,"[0, 15, 2, 7, 14, 5, 10, 18, 8, 9, 6, 1, 12, 13, 4, 11, 16, 17, 3, 19]",1407.5,2.4939746856689453
"[0, 9, 2, 7, 14, 5, 10, 18, 8, 15, 6, 1, 12, 13, 4, 11, 16, 17, 3, 19]",1389.5,"[0, 9, 2, 7, 14, 5, 10, 18, 8, 15, 6, 1, 12, 13, 4, 11, 16, 17, 3, 19]",1389.5,2.55997371673584
"[0, 9, 2, 7, 14, 5, 10, 18, 8, 15, 6, 1, 12, 13, 4, 11, 16, 17, 3, 19]",1389.5,"[0, 9, 2, 7, 14, 5, 10, 18, 8, 15, 6, 1, 12, 13, 4, 11, 16, 17, 3, 19]",1389.5,2.6219704151153564
"[0, 9, 2, 7, 14, 5, 10, 18, 8, 15, 6, 1, 12, 13, 4, 11, 16, 17, 3, 19]",1389.5,"[0, 9, 2, 7, 14, 5, 10, 18, 8, 15, 6, 1, 12, 13, 4, 11, 16, 17, 3, 19]",1389.5,2.6919920444488525
"[0, 9, 2, 7, 14, 5, 10, 18, 8, 15, 6, 1, 12, 13, 4, 11, 16, 17, 3, 19]",1389.5,"[0, 9, 2, 7, 14, 5, 10, 18, 8, 15, 6, 1, 12, 13, 4, 11, 16, 17, 3, 19]",1389.5,2.760970115661621
"[0, 9, 2, 4, 14, 5, 10, 18, 8, 15, 6, 1, 12, 13, 7, 11, 16, 17, 3, 19]",1368.5,"[0, 9, 2, 4, 14, 5, 10, 18, 8, 15, 6, 1, 12, 13, 7, 11, 16, 17, 3, 19]",1368.5,2.8229706287384033
"[0, 9, 2, 4, 14, 5, 10, 18, 8, 15, 6, 1, 12, 13, 7, 11, 16, 17, 3, 19]",1368.5,"[0, 9, 2, 4, 14, 5, 10, 18, 8, 15, 6, 1, 12, 13, 7, 11, 16, 17, 3, 19]",1368.5,2.8869717121124268
"[0, 9, 2, 4, 14, 5, 10, 18, 8, 15, 6, 1, 12, 13, 7, 11, 16, 17, 3, 19]",1368.5,"[0, 9, 2, 4, 14, 5, 10, 18, 8, 15, 6, 1, 12, 13, 7, 11, 16, 17, 3, 19]",1368.5,2.9499709606170654
"[0, 9, 2, 4, 14, 5, 10, 18, 8, 15, 6, 1, 12, 13, 7, 11, 16, 17, 3, 19]",1368.5,"[0, 9, 2, 4, 14, 5, 10, 18, 8, 15, 6, 1, 12, 13, 7, 11, 16, 17, 3, 19]",1368.5,3.0119731426239014
"[0, 9, 2, 4, 14, 5, 10, 18, 8, 15, 6, 1, 12, 13, 7, 3, 16, 17, 11, 19]",1362.5,"[0, 9, 2, 4, 14, 5, 10, 18, 8, 15, 6, 1, 12, 13, 7, 3, 16, 17, 11, 19]",1362.5,3.074965715408325
"[0, 9, 2, 4, 14, 5, 10, 18, 8, 15, 6, 1, 12, 13, 7, 3, 16, 17, 11, 19]",1362.5,"[0, 9, 2, 4, 14, 5, 10, 18, 8, 15, 6, 1, 12, 13, 7, 3, 16, 17, 11, 19]",1362.5,3.137965202331543
"[0, 9, 2, 4, 14, 5, 10, 18, 8, 15, 6, 1, 12, 13, 7, 3, 16, 17, 11, 19]",1362.5,"[0, 9, 2, 4, 14, 5, 10, 18, 8, 15, 6, 1, 12, 13, 7, 3, 16, 17, 11, 19]",1362.5,3.2049643993377686
"[0, 9, 2, 4, 14, 5, 10, 18, 8, 15, 6, 1, 12, 13, 7, 3, 16, 17, 11, 19]",1362.5,"[0, 9, 2, 4, 14, 5, 10, 18, 8, 15, 6, 1, 12, 13, 7, 3, 16, 17, 11, 19]",1362.5,3.267965793609619
"[0, 9, 2, 4, 14, 5, 10, 18, 8, 15, 6, 1, 12, 13, 7, 3, 16, 17, 11, 19]",1362.5,"[0, 9, 2, 4, 14, 5, 10, 18, 8, 15, 6, 1, 12, 13, 7, 3, 16, 17, 11, 19]",1362.5,3.3309638500213623
"[0, 9, 2, 4, 14, 5, 10, 18, 8, 15, 6, 1, 12, 13, 7, 3, 16, 17, 11, 19]",1362.5,"[0, 9, 2, 4, 14, 5, 10, 18, 8, 15, 6, 1, 12, 13, 7, 3, 16, 17, 11, 19]",1362.5,3.4009640216827393
"[0, 9, 2, 4, 14, 5, 10, 18, 8, 15, 6, 1, 12, 13, 7, 3, 16, 17, 11, 19]",1362.5,"[0, 9, 2, 4, 14, 5, 10, 18, 8, 15, 6, 1, 12, 13, 7, 3, 16, 17, 11, 19]",1362.5,3.4629626274108887
"[0, 9, 2, 4, 14, 5, 10, 18, 8, 15, 6, 1, 12, 13, 7, 3, 16, 17, 11, 19]",1362.5,"[0, 9, 2, 4, 14, 5, 10, 18, 8, 15, 6, 1, 12, 13, 7, 3, 16, 17, 11, 19]",1362.5,3.5259623527526855
"[0, 9, 2, 4, 14, 5, 10, 18, 8, 15, 6, 1, 12, 13, 7, 3, 16, 17, 11, 19]",1362.5,"[0, 9, 2, 4, 14, 5, 10, 18, 8, 15, 6, 1, 12, 13, 7, 3, 16, 17, 11, 19]",1362.5,3.5889627933502197
"[0, 9, 2, 4, 14, 5, 10, 18, 8, 15, 6, 1, 12, 13, 7, 3, 16, 17, 11, 19]",1362.5,"[0, 9, 2, 4, 14, 5, 10, 18, 8, 15, 6, 1, 12, 13, 7, 3, 16, 17, 11, 19]",1362.5,3.6509642601013184
"[0, 9, 2, 4, 14, 5, 10, 18, 8, 15, 6, 1, 12, 13, 7, 3, 16, 17, 11, 19]",1362.5,"[0, 9, 2, 4, 14, 5, 10, 18, 8, 15, 6, 1, 12, 13, 7, 3, 16, 17, 11, 19]",1362.5,3.7139601707458496
"[0, 9, 2, 4, 14, 5, 10, 18, 8, 15, 6, 1, 12, 13, 7, 3, 16, 17, 11, 19]",1362.5,"[0, 9, 2, 4, 14, 5, 10, 18, 8, 15, 6, 1, 12, 13, 7, 3, 16, 17, 11, 19]",1362.5,3.8010969161987305
"[0, 9, 2, 4, 14, 5, 10, 18, 8, 15, 6, 1, 12, 13, 7, 3, 16, 17, 11, 19]",1362.5,"[0, 9, 2, 4, 14, 5, 10, 18, 8, 15, 6, 1, 12, 13, 7, 3, 16, 17, 11, 19]",1362.5,3.8629605770111084
"[0, 9, 2, 4, 14, 5, 10, 18, 8, 15, 6, 1, 12, 13, 7, 3, 16, 17, 11, 19]",1362.5,"[0, 9, 2, 4, 14, 5, 10, 18, 8, 15, 6, 1, 12, 13, 7, 3, 16, 17, 11, 19]",1362.5,3.9299628734588623
"[0, 9, 2, 4, 14, 5, 10, 18, 8, 15, 6, 1, 12, 13, 7, 3, 16, 17, 11, 19]",1362.5,"[0, 9, 2, 4, 14, 5, 10, 18, 8, 15, 6, 1, 12, 13, 7, 3, 16, 17, 11, 19]",1362.5,3.9909636974334717
"[0, 9, 2, 4, 14, 5, 10, 18, 8, 15, 6, 1, 12, 13, 7, 3, 16, 17, 11, 19]",1362.5,"[0, 9, 2, 4, 14, 5, 10, 18, 8, 15, 6, 1, 12, 13, 7, 3, 16, 17, 11, 19]",1362.5,4.052961587905884
"[0, 9, 2, 4, 14, 5, 10, 18, 8, 15, 6, 1, 12, 13, 7, 3, 16, 17, 11, 19]",1362.5,"[0, 9, 2, 4, 14, 5, 10, 18, 8, 15, 6, 1, 12, 13, 7, 3, 16, 17, 11, 19]",1362.5,4.115957021713257
"[0, 9, 2, 4, 14, 5, 10, 18, 8, 15, 6, 1, 12, 13, 7, 3, 16, 17, 11, 19]",1362.5,"[0, 9, 2, 4, 14, 5, 10, 18, 8, 15, 6, 1, 12, 13, 7, 3, 16, 17, 11, 19]",1362.5,4.180954694747925
"[0, 9, 2, 4, 14, 5, 10, 18, 8, 15, 6, 1, 12, 13, 7, 3, 16, 17, 11, 19]",1362.5,"[0, 9, 2, 4, 14, 5, 10, 18, 8, 15, 6, 1, 12, 13, 7, 3, 16, 17, 11, 19]",1362.5,4.243959665298462
"[0, 9, 2, 4, 14, 5, 10, 18, 8, 15, 6, 1, 12, 13, 7, 3, 16, 17, 11, 19]",1362.5,"[0, 9, 2, 4, 14, 5, 10, 18, 8, 15, 6, 1, 12, 13, 7, 3, 16, 17, 11, 19]",1362.5,4.305953502655029
"[0, 9, 2, 4, 14, 5, 10, 18, 8, 15, 6, 1, 12, 13, 7, 3, 16, 17, 11, 19]",1362.5,"[0, 9, 2, 4, 14, 5, 10, 18, 8, 15, 6, 1, 12, 13, 7, 3, 16, 17, 11, 19]",1362.5,4.3700549602508545
"[0, 9, 2, 4, 14, 5, 10, 18, 8, 15, 6, 1, 12, 13, 7, 3, 16, 17, 11, 19]",1362.5,"[0, 9, 2, 4, 14, 5, 10, 18, 8, 15, 6, 1, 12, 13, 7, 3, 16, 17, 11, 19]",1362.5,4.435953855514526
"[0, 9, 2, 4, 14, 5, 10, 18, 8, 15, 6, 1, 12, 13, 7, 3, 16, 17, 11, 19]",1362.5,"[0, 9, 2, 4, 14, 5, 10, 18, 8, 15, 6, 1, 12, 13, 7, 3, 16, 17, 11, 19]",1362.5,4.497956037521362
"[0, 9, 2, 4, 14, 5, 10, 18, 8, 15, 6, 1, 12, 13, 7, 3, 16, 17, 11, 19]",1362.5,"[0, 9, 2, 4, 14, 5, 10, 18, 8, 15, 6, 1, 12, 13, 7, 3, 16, 17, 11, 19]",1362.5,4.560952425003052
"[0, 9, 2, 4, 14, 5, 10, 18, 8, 15, 6, 1, 12, 13, 7, 3, 16, 17, 11, 19]",1362.5,"[0, 9, 2, 4, 14, 5, 10, 18, 8, 15, 6, 1, 12, 13, 7, 3, 16, 17, 11, 19]",1362.5,4.628973722457886
"[0, 9, 2, 4, 14, 5, 10, 18, 8, 15, 6, 1, 12, 13, 7, 3, 16, 17, 11, 19]",1362.5,"[0, 9, 2, 4, 14, 5, 10, 18, 8, 15, 6, 1, 12, 13, 7, 3, 16, 17, 11, 19]",1362.5,4.692971229553223
"[0, 9, 2, 4, 14, 5, 10, 18, 8, 15, 6, 1, 12, 13, 7, 3, 16, 17, 11, 19]",1362.5,"[0, 9, 2, 4, 14, 5, 10, 18, 8, 15, 6, 1, 12, 13, 7, 3, 16, 17, 11, 19]",1362.5,4.758951425552368
"[0, 9, 2, 4, 14, 5, 10, 18, 8, 15, 6, 1, 12, 13, 7, 3, 16, 17, 11, 19]",1362.5,"[0, 9, 2, 4, 14, 5, 10, 18, 8, 15, 6, 1, 12, 13, 7, 3, 16, 17, 11, 19]",1362.5,4.821965456008911
"[0, 9, 2, 4, 14, 5, 10, 18, 8, 15, 6, 1, 12, 13, 7, 3, 16, 17, 11, 19]",1362.5,"[0, 9, 2, 4, 14, 5, 10, 18, 8, 15, 6, 1, 12, 13, 7, 3, 16, 17, 11, 19]",1362.5,4.886951923370361
"[0, 9, 2, 4, 14, 5, 10, 18, 8, 15, 6, 1, 12, 13, 7, 3, 16, 17, 11, 19]",1362.5,"[0, 9, 2, 4, 14, 5, 10, 18, 8, 15, 6, 1, 12, 13, 7, 3, 16, 17, 11, 19]",1362.5,4.9539475440979
"[0, 9, 2, 4, 14, 5, 10, 18, 8, 15, 6, 1, 12, 13, 7, 3, 16, 17, 11, 19]",1362.5,"[0, 9, 2, 4, 14, 5, 10, 18, 8, 15, 6, 1, 12, 13, 7, 3, 16, 17, 11, 19]",1362.5,5.017949819564819
"[0, 9, 2, 4, 14, 5, 10, 18, 8, 15, 6, 1, 12, 13, 7, 3, 16, 17, 11, 19]",1362.5,"[0, 9, 2, 4, 14, 5, 10, 18, 8, 15, 6, 1, 12, 13, 7, 3, 16, 17, 11, 19]",1362.5,5.085951328277588
"[0, 9, 2, 4, 14, 5, 10, 18, 8, 15, 6, 1, 12, 13, 7, 3, 16, 17, 11, 19]",1362.5,"[0, 9, 2, 4, 14, 5, 10, 18, 8, 15, 6, 1, 12, 13, 7, 3, 16, 17, 11, 19]",1362.5,5.148947477340698
"[0, 9, 2, 4, 14, 5, 10, 18, 8, 15, 6, 1, 12, 13, 7, 3, 16, 17, 11, 19]",1362.5,"[0, 9, 2, 4, 14, 5, 10, 18, 8, 15, 6, 1, 12, 13, 7, 3, 16, 17, 11, 19]",1362.5,5.216944694519043
"[0, 9, 2, 4, 14, 5, 10, 18, 8, 15, 6, 1, 12, 13, 7, 3, 16, 17, 11, 19]",1362.5,"[0, 9, 2, 4, 14, 5, 10, 18, 8, 15, 6, 1, 12, 13, 7, 3, 16, 17, 11, 19]",1362.5,5.278953313827515
"[0, 9, 2, 4, 14, 5, 10, 18, 8, 15, 6, 1, 12, 13, 7, 3, 16, 17, 11, 19]",1362.5,"[0, 9, 2, 4, 14, 5, 10, 18, 8, 15, 6, 1, 12, 13, 7, 3, 16, 17, 11, 19]",1362.5,5.3409435749053955
"[0, 9, 2, 4, 14, 5, 10, 18, 8, 15, 6, 1, 12, 13, 7, 3, 16, 17, 11, 19]",1362.5,"[0, 9, 2, 4, 14, 5, 10, 18, 8, 15, 6, 1, 12, 13, 7, 3, 16, 17, 11, 19]",1362.5,5.402966022491455
"[0, 9, 2, 4, 14, 5, 10, 18, 8, 15, 6, 1, 12, 13, 7, 3, 16, 17, 11, 19]",1362.5,"[0, 9, 2, 4, 14, 5, 10, 18, 8, 15, 6, 1, 12, 13, 7, 3, 16, 17, 11, 19]",1362.5,5.465947866439819
"[0, 9, 2, 4, 14, 5, 10, 18, 8, 15, 6, 1, 12, 13, 7, 3, 16, 17, 11, 19]",1362.5,"[0, 9, 2, 4, 14, 5, 10, 18, 8, 15, 6, 1, 12, 13, 7, 3, 16, 17, 11, 19]",1362.5,5.526944398880005
"[0, 9, 2, 4, 14, 5, 10, 18, 8, 15, 6, 1, 12, 13, 7, 3, 16, 17, 11, 19]",1362.5,"[0, 9, 2, 4, 14, 5, 10, 18, 8, 15, 6, 1, 12, 13, 7, 3, 16, 17, 11, 19]",1362.5,5.589941740036011
"[0, 9, 2, 4, 14, 5, 10, 18, 8, 15, 6, 1, 12, 13, 7, 3, 16, 17, 11, 19]",1362.5,"[0, 9, 2, 4, 14, 5, 10, 18, 8, 15, 6, 1, 12, 13, 7, 3, 16, 17, 11, 19]",1362.5,5.65398383140564
"[0, 9, 2, 4, 14, 5, 10, 18, 8, 15, 6, 1, 12, 13, 7, 3, 16, 17, 11, 19]",1362.5,"[0, 9, 2, 4, 14, 5, 10, 18, 8, 15, 6, 1, 12, 13, 7, 3, 16, 17, 11, 19]",1362.5,5.721954584121704
"[0, 9, 2, 4, 14, 5, 10, 18, 8, 15, 6, 1, 12, 13, 7, 3, 16, 17, 11, 19]",1362.5,"[0, 9, 2, 4, 14, 5, 10, 18, 8, 15, 6, 1, 12, 13, 7, 3, 16, 17, 11, 19]",1362.5,5.785946846008301
"[0, 9, 2, 4, 14, 5, 10, 18, 8, 15, 6, 1, 12, 13, 7, 3, 16, 17, 11, 19]",1362.5,"[0, 9, 2, 4, 14, 5, 10, 18, 8, 15, 6, 1, 12, 13, 7, 3, 16, 17, 11, 19]",1362.5,5.847942352294922
"[0, 9, 2, 4, 14, 5, 10, 18, 8, 15, 6, 1, 12, 13, 7, 3, 16, 17, 11, 19]",1362.5,"[0, 9, 2, 4, 14, 5, 10, 18, 8, 15, 6, 1, 12, 13, 7, 3, 16, 17, 11, 19]",1362.5,5.911956071853638
"[0, 9, 2, 4, 14, 5, 10, 18, 8, 15, 6, 1, 12, 13, 7, 3, 16, 17, 11, 19]",1362.5,"[0, 9, 2, 4, 14, 5, 10, 18, 8, 15, 6, 1, 12, 13, 7, 3, 16, 17, 11, 19]",1362.5,5.978939533233643
"[0, 9, 2, 4, 14, 5, 10, 18, 8, 15, 6, 1, 12, 13, 7, 3, 16, 17, 11, 19]",1362.5,"[0, 9, 2, 4, 14, 5, 10, 18, 8, 15, 6, 1, 12, 13, 7, 3, 16, 17, 11, 19]",1362.5,6.04094123840332
"[0, 9, 2, 4, 14, 5, 10, 18, 8, 15, 6, 1, 12, 13, 7, 3, 16, 17, 11, 19]",1362.5,"[0, 9, 2, 4, 14, 5, 10, 18, 8, 15, 6, 1, 12, 13, 7, 3, 16, 17, 11, 19]",1362.5,6.105938673019409
"[0, 9, 2, 4, 14, 5, 10, 18, 8, 15, 6, 1, 12, 13, 7, 3, 16, 17, 11, 19]",1362.5,"[0, 9, 2, 4, 14, 5, 10, 18, 8, 15, 6, 1, 12, 13, 7, 3, 16, 17, 11, 19]",1362.5,6.174938917160034
"[0, 9, 2, 4, 14, 5, 10, 18, 8, 15, 6, 1, 12, 13, 7, 3, 16, 17, 11, 19]",1362.5,"[0, 9, 2, 4, 14, 5, 10, 18, 8, 15, 6, 1, 12, 13, 7, 3, 16, 17, 11, 19]",1362.5,6.2399375438690186
"[0, 9, 2, 4, 14, 5, 10, 18, 8, 15, 6, 1, 12, 13, 7, 3, 16, 17, 11, 19]",1362.5,"[0, 9, 2, 4, 14, 5, 10, 18, 8, 15, 6, 1, 12, 13, 7, 3, 16, 17, 11, 19]",1362.5,6.302934408187866
"[0, 9, 2, 4, 14, 5, 10, 18, 8, 15, 6, 1, 12, 13, 7, 3, 16, 17, 11, 19]",1362.5,"[0, 9, 2, 4, 14, 5, 10, 18, 8, 15, 6, 1, 12, 13, 7, 3, 16, 17, 11, 19]",1362.5,6.36594557762146
"[0, 9, 2, 4, 14, 5, 10, 18, 8, 15, 6, 1, 12, 13, 7, 3, 16, 17, 11, 19]",1362.5,"[0, 9, 2, 4, 14, 5, 10, 18, 8, 15, 6, 1, 12, 13, 7, 3, 16, 17, 11, 19]",1362.5,6.428959369659424
"[0, 9, 2, 4, 14, 5, 10, 18, 8, 15, 6, 1, 12, 13, 7, 3, 16, 17, 11, 19]",1362.5,"[0, 9, 2, 4, 14, 5, 10, 18, 8, 15, 6, 1, 12, 13, 7, 3, 16, 17, 11, 19]",1362.5,6.494936466217041
"[0, 9, 2, 4, 14, 5, 10, 18, 8, 15, 6, 1, 12, 13, 7, 3, 16, 17, 11, 19]",1362.5,"[0, 9, 2, 4, 14, 5, 10, 18, 8, 15, 6, 1, 12, 13, 7, 3, 16, 17, 11, 19]",1362.5,6.561938524246216
"[0, 9, 2, 4, 14, 5, 10, 18, 8, 15, 6, 1, 12, 13, 7, 3, 16, 17, 11, 19]",1362.5,"[0, 9, 2, 4, 14, 5, 10, 18, 8, 15, 6, 1, 12, 13, 7, 3, 16, 17, 11, 19]",1362.5,6.627932786941528
"[0, 9, 2, 4, 14, 5, 10, 18, 8, 15, 6, 1, 12, 13, 7, 3, 16, 17, 11, 19]",1362.5,"[0, 9, 2, 4, 14, 5, 10, 18, 8, 15, 6, 1, 12, 13, 7, 3, 16, 17, 11, 19]",1362.5,6.692933559417725
"[0, 9, 2, 4, 14, 5, 10, 18, 8, 15, 6, 1, 12, 13, 7, 3, 16, 17, 11, 19]",1362.5,"[0, 9, 2, 4, 14, 5, 10, 18, 8, 15, 6, 1, 12, 13, 7, 3, 16, 17, 11, 19]",1362.5,6.772930145263672
"[0, 9, 2, 4, 14, 5, 10, 18, 8, 15, 6, 1, 12, 13, 7, 3, 16, 17, 11, 19]",1362.5,"[0, 9, 2, 4, 14, 5, 10, 18, 8, 15, 6, 1, 12, 13, 7, 3, 16, 17, 11, 19]",1362.5,6.967930316925049
"[0, 9, 2, 4, 14, 5, 10, 18, 8, 15, 6, 1, 12, 13, 7, 3, 16, 17, 11, 19]",1362.5,"[0, 9, 2, 4, 14, 5, 10, 18, 8, 15, 6, 1, 12, 13, 7, 3, 16, 17, 11, 19]",1362.5,7.046926975250244
"[0, 9, 2, 4, 14, 5, 10, 18, 8, 15, 6, 1, 12, 13, 7, 3, 16, 17, 11, 19]",1362.5,"[0, 9, 2, 4, 14, 5, 10, 18, 8, 15, 6, 1, 12, 13, 7, 3, 16, 17, 11, 19]",1362.5,7.110927104949951
"[0, 9, 2, 4, 14, 5, 10, 18, 8, 15, 6, 1, 12, 13, 7, 3, 16, 17, 11, 19]",1362.5,"[0, 9, 2, 4, 14, 5, 10, 18, 8, 15, 6, 1, 12, 13, 7, 3, 16, 17, 11, 19]",1362.5,7.173932075500488
"[0, 9, 2, 4, 14, 5, 10, 18, 8, 15, 6, 1, 12, 13, 7, 3, 16, 17, 11, 19]",1362.5,"[0, 9, 2, 4, 14, 5, 10, 18, 8, 15, 6, 1, 12, 13, 7, 3, 16, 17, 11, 19]",1362.5,7.2399256229400635
"[0, 9, 2, 4, 14, 5, 10, 18, 8, 15, 6, 1, 12, 13, 7, 3, 16, 17, 11, 19]",1362.5,"[0, 9, 2, 4, 14, 5, 10, 18, 8, 15, 6, 1, 12, 13, 7, 3, 16, 17, 11, 19]",1362.5,7.303925514221191
"[0, 9, 2, 4, 14, 5, 10, 18, 8, 15, 6, 1, 12, 13, 7, 3, 16, 17, 11, 19]",1362.5,"[0, 9, 2, 4, 14, 5, 10, 18, 8, 15, 6, 1, 12, 13, 7, 3, 16, 17, 11, 19]",1362.5,7.369924306869507
"[0, 9, 2, 4, 14, 5, 10, 18, 8, 15, 6, 1, 12, 13, 7, 3, 16, 17, 11, 19]",1362.5,"[0, 9, 2, 4, 14, 5, 10, 18, 8, 15, 6, 1, 12, 13, 7, 3, 16, 17, 11, 19]",1362.5,7.461923599243164
"[0, 9, 2, 4, 14, 5, 10, 18, 8, 15, 6, 1, 12, 13, 7, 3, 16, 17, 11, 19]",1362.5,"[0, 9, 2, 4, 14, 5, 10, 18, 8, 15, 6, 1, 12, 13, 7, 3, 16, 17, 11, 19]",1362.5,7.527925252914429
"[0, 9, 2, 4, 14, 5, 10, 18, 8, 15, 6, 1, 12, 13, 7, 3, 16, 17, 11, 19]",1362.5,"[0, 9, 2, 4, 14, 5, 10, 18, 8, 15, 6, 1, 12, 13, 7, 3, 16, 17, 11, 19]",1362.5,7.591927528381348
"[0, 9, 2, 4, 14, 5, 10, 18, 8, 15, 6, 1, 12, 13, 7, 3, 16, 17, 11, 19]",1362.5,"[0, 9, 2, 4, 14, 5, 10, 18, 8, 15, 6, 1, 12, 13, 7, 3, 16, 17, 11, 19]",1362.5,7.658927917480469
"[0, 9, 2, 4, 14, 5, 10, 18, 8, 15, 6, 1, 12, 13, 7, 3, 16, 17, 11, 19]",1362.5,"[0, 9, 2, 4, 14, 5, 10, 18, 8, 15, 6, 1, 12, 13, 7, 3, 16, 17, 11, 19]",1362.5,7.724921464920044
"[0, 9, 2, 4, 14, 5, 10, 18, 8, 15, 6, 1, 12, 13, 7, 3, 16, 17, 11, 19]",1362.5,"[0, 9, 2, 4, 14, 5, 10, 18, 8, 15, 6, 1, 12, 13, 7, 3, 16, 17, 11, 19]",1362.5,7.789926528930664
"[0, 9, 2, 4, 14, 5, 10, 18, 8, 15, 6, 1, 12, 13, 7, 3, 16, 17, 11, 19]",1362.5,"[0, 9, 2, 4, 14, 5, 10, 18, 8, 15, 6, 1, 12, 13, 7, 3, 16, 17, 11, 19]",1362.5,7.855919122695923
"[0, 9, 2, 4, 14, 5, 10, 18, 8, 15, 6, 1, 12, 13, 7, 3, 16, 17, 11, 19]",1362.5,"[0, 9, 2, 4, 14, 5, 10, 18, 8, 15, 6, 1, 12, 13, 7, 3, 16, 17, 11, 19]",1362.5,7.924919605255127
"[0, 9, 2, 4, 14, 5, 10, 18, 8, 15, 6, 1, 12, 13, 7, 3, 16, 17, 11, 19]",1362.5,"[0, 9, 2, 4, 14, 5, 10, 18, 8, 15, 6, 1, 12, 13, 7, 3, 16, 17, 11, 19]",1362.5,7.9919257164001465
"[0, 9, 2, 4, 14, 5, 10, 18, 8, 15, 6, 1, 12, 13, 7, 3, 16, 17, 11, 19]",1362.5,"[0, 9, 2, 4, 14, 5, 10, 18, 8, 15, 6, 1, 12, 13, 7, 3, 16, 17, 11, 19]",1362.5,8.054923057556152
"[0, 9, 2, 4, 14, 5, 10, 18, 8, 15, 6, 1, 12, 13, 7, 3, 16, 17, 11, 19]",1362.5,"[0, 9, 2, 4, 14, 5, 10, 18, 8, 15, 6, 1, 12, 13, 7, 3, 16, 17, 11, 19]",1362.5,8.11992597579956
"[0, 9, 2, 4, 14, 5, 10, 18, 8, 15, 6, 1, 12, 13, 7, 3, 16, 17, 11, 19]",1362.5,"[0, 9, 2, 4, 14, 5, 10, 18, 8, 15, 6, 1, 12, 13, 7, 3, 16, 17, 11, 19]",1362.5,8.18391752243042
"[0, 9, 2, 4, 14, 5, 10, 18, 8, 15, 6, 1, 12, 13, 7, 3, 16, 17, 11, 19]",1362.5,"[0, 9, 2, 4, 14, 5, 10, 18, 8, 15, 6, 1, 12, 13, 7, 3, 16, 17, 11, 19]",1362.5,8.248916625976562
"[0, 9, 2, 4, 14, 5, 10, 18, 8, 15, 6, 1, 12, 13, 7, 3, 16, 17, 11, 19]",1362.5,"[0, 9, 2, 4, 14, 5, 10, 18, 8, 15, 6, 1, 12, 13, 7, 3, 16, 17, 11, 19]",1362.5,8.312915325164795
"[0, 9, 2, 4, 14, 5, 10, 18, 8, 15, 6, 1, 12, 13, 7, 3, 16, 17, 11, 19]",1362.5,"[0, 9, 2, 4, 14, 5, 10, 18, 8, 15, 6, 1, 12, 13, 7, 3, 16, 17, 11, 19]",1362.5,8.376920938491821
"[0, 9, 2, 4, 14, 5, 10, 18, 8, 15, 6, 1, 12, 13, 7, 3, 16, 17, 11, 19]",1362.5,"[0, 9, 2, 4, 14, 5, 10, 18, 8, 15, 6, 1, 12, 13, 7, 3, 16, 17, 11, 19]",1362.5,8.446914196014404
"[0, 9, 2, 4, 14, 5, 10, 18, 8, 15, 6, 1, 12, 13, 7, 3, 16, 17, 11, 19]",1362.5,"[0, 9, 2, 4, 14, 5, 10, 18, 8, 15, 6, 1, 12, 13, 7, 3, 16, 17, 11, 19]",1362.5,8.509912967681885
"[0, 9, 2, 4, 14, 5, 10, 18, 8, 15, 6, 1, 12, 13, 7, 3, 16, 17, 11, 19]",1362.5,"[0, 9, 2, 4, 14, 5, 10, 18, 8, 15, 6, 1, 12, 13, 7, 3, 16, 17, 11, 19]",1362.5,8.573919296264648
"[0, 9, 2, 4, 14, 5, 10, 18, 8, 15, 6, 1, 12, 13, 7, 3, 16, 17, 11, 19]",1362.5,"[0, 9, 2, 4, 14, 5, 10, 18, 8, 15, 6, 1, 12, 13, 7, 3, 16, 17, 11, 19]",1362.5,8.63691234588623
"[0, 9, 2, 4, 14, 5, 10, 18, 8, 15, 6, 1, 12, 13, 7, 3, 16, 17, 11, 19]",1362.5,"[0, 9, 2, 4, 14, 5, 10, 18, 8, 15, 6, 1, 12, 13, 7, 3, 16, 17, 11, 19]",1362.5,8.698912620544434
"[0, 9, 2, 4, 14, 5, 10, 18, 8, 15, 6, 1, 12, 13, 7, 3, 16, 17, 11, 19]",1362.5,"[0, 9, 2, 4, 14, 5, 10, 18, 8, 15, 6, 1, 12, 13, 7, 3, 16, 17, 11, 19]",1362.5,8.762916564941406
"[0, 9, 2, 4, 14, 5, 10, 18, 8, 15, 6, 1, 12, 13, 7, 3, 16, 17, 11, 19]",1362.5,"[0, 9, 2, 4, 14, 5, 10, 18, 8, 15, 6, 1, 12, 13, 7, 3, 16, 17, 11, 19]",1362.5,8.826947689056396
"[0, 9, 2, 4, 14, 5, 10, 18, 8, 15, 6, 1, 12, 13, 7, 3, 16, 17, 11, 19]",1362.5,"[0, 9, 2, 4, 14, 5, 10, 18, 8, 15, 6, 1, 12, 13, 7, 3, 16, 17, 11, 19]",1362.5,8.891944646835327
"[0, 9, 2, 4, 14, 5, 10, 18, 8, 15, 6, 1, 12, 13, 7, 3, 16, 17, 11, 19]",1362.5,"[0, 9, 2, 4, 14, 5, 10, 18, 8, 15, 6, 1, 12, 13, 7, 3, 16, 17, 11, 19]",1362.5,8.955910682678223
"[0, 9, 2, 4, 14, 5, 10, 18, 8, 15, 6, 1, 12, 13, 7, 3, 16, 17, 11, 19]",1362.5,"[0, 9, 2, 4, 14, 5, 10, 18, 8, 15, 6, 1, 12, 13, 7, 3, 16, 17, 11, 19]",1362.5,9.018915891647339
"[0, 9, 2, 4, 14, 5, 10, 18, 8, 15, 6, 1, 12, 13, 7, 3, 16, 17, 19, 11]",1352.5,"[0, 9, 2, 4, 14, 5, 10, 18, 8, 15, 6, 1, 12, 13, 7, 3, 16, 17, 19, 11]",1352.5,9.083906650543213
"[0, 9, 2, 4, 14, 5, 10, 18, 8, 15, 6, 1, 12, 13, 7, 3, 16, 17, 19, 11]",1352.5,"[0, 9, 2, 4, 14, 5, 10, 18, 8, 15, 6, 1, 12, 13, 7, 3, 16, 17, 19, 11]",1352.5,9.150912761688232
"[0, 9, 2, 4, 14, 5, 10, 18, 8, 15, 6, 1, 12, 13, 7, 3, 16, 17, 19, 11]",1352.5,"[0, 9, 2, 4, 14, 5, 10, 18, 8, 15, 6, 1, 12, 13, 7, 3, 16, 17, 19, 11]",1352.5,9.21490740776062
"[9, 0, 2, 4, 14, 5, 10, 18, 8, 15, 6, 1, 12, 13, 7, 3, 16, 17, 19, 11]",1349.5,"[9, 0, 2, 4, 14, 5, 10, 18, 8, 15, 6, 1, 12, 13, 7, 3, 16, 17, 19, 11]",1349.5,9.279913425445557
"[9, 0, 2, 4, 14, 5, 10, 18, 8, 15, 6, 1, 12, 13, 7, 3, 16, 17, 19, 11]",1349.5,"[9, 0, 2, 4, 14, 5, 10, 18, 8, 15, 6, 1, 12, 13, 7, 3, 16, 17, 19, 11]",1349.5,9.361907005310059
"[9, 0, 2, 4, 14, 5, 10, 18, 8, 15, 6, 1, 12, 13, 7, 3, 16, 17, 19, 11]",1349.5,"[9, 0, 2, 4, 14, 5, 10, 18, 8, 15, 6, 1, 12, 13, 7, 3, 16, 17, 19, 11]",1349.5,9.454911947250366
"[9, 0, 2, 4, 14, 5, 10, 18, 8, 15, 6, 1, 12, 13, 7, 3, 16, 17, 19, 11]",1349.5,"[9, 0, 2, 4, 14, 5, 10, 18, 8, 15, 6, 1, 12, 13, 7, 3, 16, 17, 19, 11]",1349.5,9.517909288406372
"[9, 0, 2, 4, 14, 5, 10, 18, 8, 15, 6, 1, 12, 13, 7, 3, 16, 17, 19, 11]",1349.5,"[9, 0, 2, 4, 14, 5, 10, 18, 8, 15, 6, 1, 12, 13, 7, 3, 16, 17, 19, 11]",1349.5,9.583903551101685
"[9, 0, 2, 4, 14, 5, 10, 18, 8, 15, 6, 1, 12, 13, 7, 3, 16, 17, 19, 11]",1349.5,"[9, 0, 2, 4, 14, 5, 10, 18, 8, 15, 6, 1, 12, 13, 7, 3, 16, 17, 19, 11]",1349.5,9.64590048789978
"[9, 0, 2, 4, 14, 5, 10, 18, 8, 15, 6, 1, 12, 13, 7, 3, 16, 17, 19, 11]",1349.5,"[9, 0, 2, 4, 14, 5, 10, 18, 8, 15, 6, 1, 12, 13, 7, 3, 16, 17, 19, 11]",1349.5,9.707902669906616
"[9, 0, 2, 4, 14, 5, 10, 18, 8, 15, 6, 1, 12, 13, 7, 3, 16, 17, 19, 11]",1349.5,"[9, 0, 2, 4, 14, 5, 10, 18, 8, 15, 6, 1, 12, 13, 7, 3, 16, 17, 19, 11]",1349.5,9.768903970718384
"[9, 0, 2, 4, 14, 5, 10, 18, 8, 15, 6, 1, 12, 13, 7, 3, 16, 17, 19, 11]",1349.5,"[9, 0, 2, 4, 14, 5, 10, 18, 8, 15, 6, 1, 12, 13, 7, 3, 16, 17, 19, 11]",1349.5,9.83590030670166
"[9, 0, 2, 4, 14, 5, 10, 18, 8, 15, 6, 1, 12, 13, 7, 3, 16, 17, 19, 11]",1349.5,"[9, 0, 2, 4, 14, 5, 10, 18, 8, 15, 6, 1, 12, 13, 7, 3, 16, 17, 19, 11]",1349.5,9.898902416229248
"[9, 0, 2, 4, 14, 5, 10, 18, 8, 15, 6, 1, 12, 13, 7, 3, 16, 17, 19, 11]",1349.5,"[9, 0, 2, 4, 14, 5, 10, 18, 8, 15, 6, 1, 12, 13, 7, 3, 16, 17, 19, 11]",1349.5,9.962899208068848
"[9, 0, 2, 4, 14, 5, 10, 18, 8, 15, 6, 1, 12, 13, 7, 3, 16, 17, 19, 11]",1349.5,"[9, 0, 2, 4, 14, 5, 10, 18, 8, 15, 6, 1, 12, 13, 7, 3, 16, 17, 19, 11]",1349.5,10.025906801223755
"[9, 0, 2, 4, 14, 5, 10, 18, 8, 15, 6, 1, 12, 13, 7, 3, 16, 17, 19, 11]",1349.5,"[9, 0, 2, 4, 14, 5, 10, 18, 8, 15, 6, 1, 12, 13, 7, 3, 16, 17, 19, 11]",1349.5,10.088899612426758
"[9, 0, 2, 4, 14, 5, 10, 18, 8, 15, 6, 1, 12, 13, 7, 3, 16, 17, 19, 11]",1349.5,"[9, 0, 2, 4, 14, 5, 10, 18, 8, 15, 6, 1, 12, 13, 7, 3, 16, 17, 19, 11]",1349.5,10.150899410247803
"[9, 0, 2, 4, 14, 5, 10, 18, 8, 15, 6, 1, 12, 13, 7, 3, 16, 17, 19, 11]",1349.5,"[9, 0, 2, 4, 14, 5, 10, 18, 8, 15, 6, 1, 12, 13, 7, 3, 16, 17, 19, 11]",1349.5,10.214898824691772
"[9, 0, 2, 4, 14, 5, 10, 18, 8, 15, 6, 1, 12, 13, 7, 3, 16, 17, 19, 11]",1349.5,"[9, 0, 2, 4, 14, 5, 10, 18, 8, 15, 6, 1, 12, 13, 7, 3, 16, 17, 19, 11]",1349.5,10.282897710800171
"[9, 0, 2, 4, 14, 5, 10, 18, 8, 15, 6, 1, 12, 13, 7, 3, 16, 17, 19, 11]",1349.5,"[9, 0, 2, 4, 14, 5, 10, 18, 8, 15, 6, 1, 12, 13, 7, 3, 16, 17, 19, 11]",1349.5,10.34689712524414
"[9, 0, 2, 4, 14, 5, 10, 18, 8, 15, 6, 1, 12, 13, 7, 3, 16, 17, 19, 11]",1349.5,"[9, 0, 2, 4, 14, 5, 10, 18, 8, 15, 6, 1, 12, 13, 7, 3, 16, 17, 19, 11]",1349.5,10.409895896911621
"[9, 0, 2, 4, 14, 5, 10, 18, 8, 15, 6, 1, 12, 13, 7, 3, 16, 17, 19, 11]",1349.5,"[9, 0, 2, 4, 14, 5, 10, 18, 8, 15, 6, 1, 12, 13, 7, 3, 16, 17, 19, 11]",1349.5,10.476902484893799
"[9, 0, 2, 4, 14, 5, 10, 18, 8, 15, 6, 1, 12, 13, 7, 3, 16, 17, 19, 11]",1349.5,"[9, 0, 2, 4, 14, 5, 10, 18, 8, 15, 6, 1, 12, 13, 7, 3, 16, 17, 19, 11]",1349.5,10.540899991989136
"[9, 0, 2, 4, 14, 5, 10, 18, 8, 15, 6, 1, 12, 13, 7, 3, 16, 17, 19, 11]",1349.5,"[9, 0, 2, 4, 14, 5, 10, 18, 8, 15, 6, 1, 12, 13, 7, 3, 16, 17, 19, 11]",1349.5,10.603927850723267
"[9, 0, 2, 4, 14, 5, 10, 18, 8, 15, 6, 1, 12, 13, 7, 3, 16, 17, 19, 11]",1349.5,"[9, 0, 2, 4, 14, 5, 10, 18, 8, 15, 6, 1, 12, 13, 7, 3, 16, 17, 19, 11]",1349.5,10.66789698600769
"[9, 0, 2, 4, 14, 5, 10, 18, 8, 15, 6, 1, 12, 13, 7, 3, 16, 17, 19, 11]",1349.5,"[9, 0, 2, 4, 14, 5, 10, 18, 8, 15, 6, 1, 12, 13, 7, 3, 16, 17, 19, 11]",1349.5,10.730896949768066
"[9, 0, 2, 4, 14, 5, 10, 18, 8, 15, 6, 1, 12, 13, 7, 3, 16, 17, 19, 11]",1349.5,"[9, 0, 2, 4, 14, 5, 10, 18, 8, 15, 6, 1, 12, 13, 7, 3, 16, 17, 19, 11]",1349.5,10.793893098831177
"[9, 0, 2, 4, 14, 5, 10, 18, 8, 15, 6, 1, 12, 13, 7, 3, 16, 17, 19, 11]",1349.5,"[9, 0, 2, 4, 14, 5, 10, 18, 8, 15, 6, 1, 12, 13, 7, 3, 16, 17, 19, 11]",1349.5,10.856894493103027
"[9, 0, 2, 4, 14, 5, 10, 18, 8, 15, 6, 1, 12, 13, 7, 3, 16, 17, 19, 11]",1349.5,"[9, 0, 2, 4, 14, 5, 10, 18, 8, 15, 6, 1, 12, 13, 7, 3, 16, 17, 19, 11]",1349.5,10.922893047332764
"[9, 0, 2, 4, 14, 5, 10, 18, 8, 15, 6, 1, 12, 13, 7, 3, 16, 17, 19, 11]",1349.5,"[9, 0, 2, 4, 14, 5, 10, 18, 8, 15, 6, 1, 12, 13, 7, 3, 16, 17, 19, 11]",1349.5,10.986893892288208
"[9, 0, 2, 4, 14, 5, 10, 18, 8, 15, 6, 1, 12, 13, 7, 3, 16, 17, 19, 11]",1349.5,"[9, 0, 2, 4, 14, 5, 10, 18, 8, 15, 6, 1, 12, 13, 7, 3, 16, 17, 19, 11]",1349.5,11.049926280975342
"[9, 0, 2, 4, 14, 5, 10, 18, 8, 15, 6, 1, 12, 13, 7, 3, 16, 17, 19, 11]",1349.5,"[9, 0, 2, 4, 14, 5, 10, 18, 8, 15, 6, 1, 12, 13, 7, 3, 16, 17, 19, 11]",1349.5,11.114890336990356
"[9, 0, 2, 4, 14, 5, 10, 18, 8, 15, 6, 1, 12, 13, 7, 3, 16, 17, 19, 11]",1349.5,"[9, 0, 2, 4, 14, 5, 10, 18, 8, 15, 6, 1, 12, 13, 7, 3, 16, 17, 19, 11]",1349.5,11.181889057159424
"[9, 0, 2, 4, 14, 5, 10, 18, 8, 15, 6, 1, 12, 13, 7, 3, 16, 17, 19, 11]",1349.5,"[9, 0, 2, 4, 14, 5, 10, 18, 8, 15, 6, 1, 12, 13, 7, 3, 16, 17, 19, 11]",1349.5,11.24688982963562
"[9, 0, 2, 4, 14, 5, 7, 18, 8, 15, 6, 1, 12, 13, 10, 3, 16, 17, 19, 11]",1330.5,"[9, 0, 2, 4, 14, 5, 7, 18, 8, 15, 6, 1, 12, 13, 10, 3, 16, 17, 19, 11]",1330.5,11.31489109992981
"[9, 0, 2, 4, 14, 5, 7, 18, 8, 15, 6, 1, 12, 13, 10, 3, 16, 17, 19, 11]",1330.5,"[9, 0, 2, 4, 14, 5, 7, 18, 8, 15, 6, 1, 12, 13, 10, 3, 16, 17, 19, 11]",1330.5,11.381890058517456
"[9, 0, 2, 4, 14, 5, 7, 18, 8, 15, 6, 1, 12, 13, 10, 3, 16, 17, 19, 11]",1330.5,"[9, 0, 2, 4, 14, 5, 7, 18, 8, 15, 6, 1, 12, 13, 10, 3, 16, 17, 19, 11]",1330.5,11.445884943008423
"[9, 0, 2, 4, 14, 5, 7, 18, 8, 15, 6, 1, 12, 13, 10, 3, 16, 17, 19, 11]",1330.5,"[9, 0, 2, 4, 14, 5, 7, 18, 8, 15, 6, 1, 12, 13, 10, 3, 16, 17, 19, 11]",1330.5,11.509888648986816
"[9, 0, 2, 4, 14, 5, 7, 18, 8, 15, 6, 1, 12, 13, 10, 3, 16, 17, 19, 11]",1330.5,"[9, 0, 2, 4, 14, 5, 7, 18, 8, 15, 6, 1, 12, 13, 10, 3, 16, 17, 19, 11]",1330.5,11.573891878128052
"[9, 0, 2, 4, 14, 5, 7, 18, 8, 15, 6, 1, 12, 13, 10, 3, 16, 17, 19, 11]",1330.5,"[9, 0, 2, 4, 14, 5, 7, 18, 8, 15, 6, 1, 12, 13, 10, 3, 16, 17, 19, 11]",1330.5,11.637884855270386
"[9, 0, 2, 4, 14, 5, 7, 18, 8, 15, 6, 1, 12, 13, 10, 3, 16, 17, 19, 11]",1330.5,"[9, 0, 2, 4, 14, 5, 7, 18, 8, 15, 6, 1, 12, 13, 10, 3, 16, 17, 19, 11]",1330.5,11.702887535095215
"[9, 0, 2, 4, 14, 5, 7, 18, 8, 15, 6, 1, 12, 13, 10, 3, 16, 17, 19, 11]",1330.5,"[9, 0, 2, 4, 14, 5, 7, 18, 8, 15, 6, 1, 12, 13, 10, 3, 16, 17, 19, 11]",1330.5,11.765930891036987
"[9, 0, 2, 4, 14, 5, 7, 18, 8, 15, 6, 1, 12, 13, 10, 3, 16, 17, 19, 11]",1330.5,"[9, 0, 2, 4, 14, 5, 7, 18, 8, 15, 6, 1, 12, 13, 10, 3, 16, 17, 19, 11]",1330.5,11.833884239196777
"[9, 0, 2, 4, 14, 5, 7, 18, 8, 15, 6, 1, 12, 13, 10, 3, 16, 17, 19, 11]",1330.5,"[9, 0, 2, 4, 14, 5, 7, 18, 8, 15, 6, 1, 12, 13, 10, 3, 16, 17, 19, 11]",1330.5,11.900886535644531
"[9, 0, 2, 4, 14, 5, 7, 18, 8, 15, 6, 1, 12, 13, 10, 3, 16, 17, 19, 11]",1330.5,"[9, 0, 2, 4, 14, 5, 7, 18, 8, 15, 6, 1, 12, 13, 10, 3, 16, 17, 19, 11]",1330.5,11.962884664535522
"[9, 0, 2, 4, 14, 5, 7, 18, 8, 15, 6, 1, 12, 13, 10, 3, 16, 17, 19, 11]",1330.5,"[9, 0, 2, 4, 14, 5, 7, 18, 8, 15, 6, 1, 12, 13, 10, 3, 16, 17, 19, 11]",1330.5,12.027880668640137
"[9, 0, 2, 4, 14, 5, 7, 18, 8, 15, 6, 1, 12, 13, 10, 3, 16, 17, 19, 11]",1330.5,"[9, 0, 2, 4, 14, 5, 7, 18, 8, 15, 6, 1, 12, 13, 10, 3, 16, 17, 19, 11]",1330.5,12.093881607055664
"[9, 0, 2, 4, 14, 5, 7, 18, 8, 15, 6, 1, 12, 13, 10, 3, 16, 17, 19, 11]",1330.5,"[9, 0, 2, 4, 14, 5, 7, 18, 8, 15, 6, 1, 12, 13, 10, 3, 16, 17, 19, 11]",1330.5,12.159885168075562
"[9, 0, 2, 4, 14, 5, 7, 18, 8, 15, 6, 1, 12, 13, 10, 3, 16, 17, 19, 11]",1330.5,"[9, 0, 2, 4, 14, 5, 7, 18, 8, 15, 6, 1, 12, 13, 10, 3, 16, 17, 19, 11]",1330.5,12.22288179397583
"[9, 0, 2, 4, 14, 5, 7, 18, 8, 15, 6, 1, 12, 13, 10, 3, 16, 17, 19, 11]",1330.5,"[9, 0, 2, 4, 14, 5, 7, 18, 8, 15, 6, 1, 12, 13, 10, 3, 16, 17, 19, 11]",1330.5,12.285881280899048
"[9, 0, 2, 4, 14, 5, 7, 18, 8, 15, 6, 1, 12, 13, 10, 3, 16, 17, 19, 11]",1330.5,"[9, 0, 2, 4, 14, 5, 7, 18, 8, 15, 6, 1, 12, 13, 10, 3, 16, 17, 19, 11]",1330.5,12.350919485092163
"[9, 0, 2, 4, 14, 5, 7, 18, 8, 15, 6, 1, 12, 13, 10, 3, 16, 17, 19, 11]",1330.5,"[9, 0, 2, 4, 14, 5, 7, 18, 8, 15, 6, 1, 12, 13, 10, 3, 16, 17, 19, 11]",1330.5,12.415881395339966
"[9, 0, 2, 4, 14, 5, 7, 18, 8, 15, 6, 1, 12, 13, 10, 3, 16, 17, 19, 11]",1330.5,"[9, 0, 2, 4, 14, 5, 7, 18, 8, 15, 6, 1, 12, 13, 10, 3, 16, 17, 19, 11]",1330.5,12.480879068374634
"[9, 0, 2, 4, 14, 5, 7, 18, 8, 15, 6, 1, 12, 13, 10, 3, 16, 17, 19, 11]",1330.5,"[9, 0, 2, 4, 14, 5, 7, 18, 8, 15, 6, 1, 12, 13, 10, 3, 16, 17, 19, 11]",1330.5,12.54588007926941
"[9, 0, 2, 4, 14, 5, 7, 18, 8, 15, 6, 1, 12, 13, 10, 3, 16, 17, 19, 11]",1330.5,"[9, 0, 2, 4, 14, 5, 7, 18, 8, 15, 6, 1, 12, 13, 10, 3, 16, 17, 19, 11]",1330.5,12.609874963760376
"[9, 0, 2, 4, 14, 5, 7, 18, 8, 15, 6, 1, 12, 13, 10, 3, 16, 17, 19, 11]",1330.5,"[9, 0, 2, 4, 14, 5, 7, 18, 8, 15, 6, 1, 12, 13, 10, 3, 16, 17, 19, 11]",1330.5,12.67587661743164
"[9, 0, 2, 4, 14, 5, 7, 18, 8, 15, 6, 1, 12, 13, 10, 3, 16, 17, 19, 11]",1330.5,"[9, 0, 2, 4, 14, 5, 7, 18, 8, 15, 6, 1, 12, 13, 10, 3, 16, 17, 19, 11]",1330.5,12.738875150680542
"[9, 0, 2, 4, 14, 5, 7, 18, 8, 15, 6, 1, 12, 13, 10, 3, 16, 17, 19, 11]",1330.5,"[9, 0, 2, 4, 14, 5, 7, 18, 8, 15, 6, 1, 12, 13, 10, 3, 16, 17, 19, 11]",1330.5,12.801876068115234
"[9, 0, 2, 4, 14, 5, 7, 18, 8, 15, 6, 1, 12, 13, 10, 3, 16, 17, 19, 11]",1330.5,"[9, 0, 2, 4, 14, 5, 7, 18, 8, 15, 6, 1, 12, 13, 10, 3, 16, 17, 19, 11]",1330.5,12.863877534866333
"[9, 0, 2, 4, 14, 5, 7, 18, 8, 15, 6, 1, 12, 13, 10, 3, 16, 17, 19, 11]",1330.5,"[9, 0, 2, 4, 14, 5, 7, 18, 8, 15, 6, 1, 12, 13, 10, 3, 16, 17, 19, 11]",1330.5,12.926877498626709
"[9, 0, 2, 4, 14, 5, 7, 18, 8, 15, 6, 1, 12, 13, 10, 3, 16, 17, 19, 11]",1330.5,"[9, 0, 2, 4, 14, 5, 7, 18, 8, 15, 6, 1, 12, 13, 10, 3, 16, 17, 19, 11]",1330.5,12.991081237792969
"[9, 0, 2, 4, 14, 5, 7, 18, 8, 15, 6, 1, 12, 13, 10, 3, 16, 17, 19, 11]",1330.5,"[9, 0, 2, 4, 14, 5, 7, 18, 8, 15, 6, 1, 12, 13, 10, 3, 16, 17, 19, 11]",1330.5,13.062872171401978
"[9, 0, 2, 4, 14, 5, 7, 18, 8, 15, 6, 1, 12, 13, 10, 3, 16, 17, 19, 11]",1330.5,"[9, 0, 2, 4, 14, 5, 7, 18, 8, 15, 6, 1, 12, 13, 10, 3, 16, 17, 19, 11]",1330.5,13.126871824264526
"[9, 0, 2, 4, 14, 5, 7, 18, 8, 15, 6, 1, 12, 13, 10, 3, 16, 17, 19, 11]",1330.5,"[9, 0, 2, 4, 14, 5, 7, 18, 8, 15, 6, 1, 12, 13, 10, 3, 16, 17, 19, 11]",1330.5,13.188872814178467
"[9, 0, 2, 4, 14, 5, 7, 18, 8, 15, 6, 1, 12, 13, 10, 3, 16, 17, 19, 11]",1330.5,"[9, 0, 2, 4, 14, 5, 7, 18, 8, 15, 6, 1, 12, 13, 10, 3, 16, 17, 19, 11]",1330.5,13.250874757766724
