Sequence,Fitness,Best_sequence,Best_fitness,Time
"[0, 1, 2, 3, 4, 5, 6, 7, 8, 9, 10, 11, 12, 13, 14, 15, 16, 17, 18, 19]",971.5,"[0, 1, 2, 3, 4, 5, 6, 7, 8, 9, 10, 11, 12, 13, 14, 15, 16, 17, 18, 19]",971.5,0.0
"[0, 1, 2, 3, 4, 5, 6, 7, 8, 9, 10, 11, 12, 13, 14, 15, 16, 17, 18, 19]",971.5,"[0, 1, 2, 3, 4, 5, 6, 7, 8, 9, 10, 11, 12, 13, 14, 15, 16, 17, 18, 19]",971.5,0.06299829483032227
"[0, 1, 2, 3, 4, 5, 6, 7, 8, 9, 10, 11, 12, 13, 14, 15, 16, 17, 18, 19]",971.5,"[0, 1, 2, 3, 4, 5, 6, 7, 8, 9, 10, 11, 12, 13, 14, 15, 16, 17, 18, 19]",971.5,0.12600326538085938
"[0, 1, 2, 3, 4, 5, 6, 7, 8, 9, 10, 11, 12, 13, 14, 15, 16, 17, 18, 19]",971.5,"[0, 1, 2, 3, 4, 5, 6, 7, 8, 9, 10, 11, 12, 13, 14, 15, 16, 17, 18, 19]",971.5,0.18900489807128906
"[0, 1, 2, 3, 4, 5, 6, 7, 8, 9, 10, 11, 12, 13, 14, 15, 16, 17, 18, 19]",971.5,"[0, 1, 2, 3, 4, 5, 6, 7, 8, 9, 10, 11, 12, 13, 14, 15, 16, 17, 18, 19]",971.5,0.2500112056732178
"[0, 1, 2, 3, 4, 5, 6, 7, 8, 9, 10, 11, 12, 13, 14, 15, 16, 17, 18, 19]",971.5,"[0, 1, 2, 3, 4, 5, 6, 7, 8, 9, 10, 11, 12, 13, 14, 15, 16, 17, 18, 19]",971.5,0.3120100498199463
"[0, 1, 2, 3, 4, 5, 6, 7, 8, 9, 10, 11, 12, 13, 14, 15, 16, 17, 18, 19]",971.5,"[0, 1, 2, 3, 4, 5, 6, 7, 8, 9, 10, 11, 12, 13, 14, 15, 16, 17, 18, 19]",971.5,0.377016544342041
"[0, 1, 2, 3, 4, 5, 6, 7, 8, 9, 10, 11, 12, 13, 14, 15, 16, 17, 18, 19]",971.5,"[0, 1, 2, 3, 4, 5, 6, 7, 8, 9, 10, 11, 12, 13, 14, 15, 16, 17, 18, 19]",971.5,0.4400155544281006
"[0, 1, 2, 3, 4, 5, 6, 7, 8, 9, 10, 11, 12, 13, 14, 15, 16, 17, 18, 19]",971.5,"[0, 1, 2, 3, 4, 5, 6, 7, 8, 9, 10, 11, 12, 13, 14, 15, 16, 17, 18, 19]",971.5,0.5010123252868652
"[0, 1, 2, 10, 4, 5, 6, 7, 8, 9, 3, 11, 12, 13, 14, 15, 16, 17, 18, 19]",968.0,"[0, 1, 2, 10, 4, 5, 6, 7, 8, 9, 3, 11, 12, 13, 14, 15, 16, 17, 18, 19]",968.0,0.5610172748565674
"[0, 1, 2, 10, 4, 5, 6, 7, 8, 9, 3, 11, 12, 13, 14, 15, 16, 17, 18, 19]",968.0,"[0, 1, 2, 10, 4, 5, 6, 7, 8, 9, 3, 11, 12, 13, 14, 15, 16, 17, 18, 19]",968.0,0.6240167617797852
"[0, 1, 2, 10, 4, 5, 6, 7, 8, 9, 3, 11, 12, 13, 14, 15, 16, 17, 18, 19]",968.0,"[0, 1, 2, 10, 4, 5, 6, 7, 8, 9, 3, 11, 12, 13, 14, 15, 16, 17, 18, 19]",968.0,0.6880192756652832
"[0, 1, 14, 10, 4, 5, 6, 7, 8, 9, 3, 11, 12, 13, 2, 15, 16, 17, 18, 19]",945.0,"[0, 1, 14, 10, 4, 5, 6, 7, 8, 9, 3, 11, 12, 13, 2, 15, 16, 17, 18, 19]",945.0,0.7510597705841064
"[0, 1, 14, 10, 4, 5, 6, 7, 8, 9, 3, 11, 12, 13, 2, 15, 16, 17, 18, 19]",945.0,"[0, 1, 14, 10, 4, 5, 6, 7, 8, 9, 3, 11, 12, 13, 2, 15, 16, 17, 18, 19]",945.0,0.8150234222412109
"[0, 1, 14, 10, 4, 5, 6, 7, 8, 9, 3, 11, 12, 13, 2, 15, 16, 17, 18, 19]",945.0,"[0, 1, 14, 10, 4, 5, 6, 7, 8, 9, 3, 11, 12, 13, 2, 15, 16, 17, 18, 19]",945.0,0.8760397434234619
"[0, 1, 14, 10, 4, 5, 6, 7, 8, 9, 3, 11, 12, 13, 2, 15, 16, 17, 18, 19]",945.0,"[0, 1, 14, 10, 4, 5, 6, 7, 8, 9, 3, 11, 12, 13, 2, 15, 16, 17, 18, 19]",945.0,0.9400227069854736
"[0, 1, 14, 10, 4, 5, 6, 7, 8, 9, 13, 11, 12, 3, 2, 15, 16, 17, 18, 19]",932.0,"[0, 1, 14, 10, 4, 5, 6, 7, 8, 9, 13, 11, 12, 3, 2, 15, 16, 17, 18, 19]",932.0,1.0020265579223633
"[0, 1, 14, 10, 4, 5, 6, 7, 8, 9, 13, 11, 12, 3, 2, 15, 16, 17, 18, 19]",932.0,"[0, 1, 14, 10, 4, 5, 6, 7, 8, 9, 13, 11, 12, 3, 2, 15, 16, 17, 18, 19]",932.0,1.064025640487671
"[0, 1, 14, 10, 4, 5, 6, 7, 8, 9, 13, 11, 12, 3, 2, 15, 16, 17, 18, 19]",932.0,"[0, 1, 14, 10, 4, 5, 6, 7, 8, 9, 13, 11, 12, 3, 2, 15, 16, 17, 18, 19]",932.0,1.125030517578125
"[0, 1, 14, 10, 4, 5, 6, 7, 8, 9, 13, 11, 12, 3, 2, 15, 16, 17, 18, 19]",932.0,"[0, 1, 14, 10, 4, 5, 6, 7, 8, 9, 13, 11, 12, 3, 2, 15, 16, 17, 18, 19]",932.0,1.1880497932434082
"[0, 1, 14, 10, 4, 5, 6, 7, 8, 9, 13, 11, 12, 3, 2, 15, 16, 17, 18, 19]",932.0,"[0, 1, 14, 10, 4, 5, 6, 7, 8, 9, 13, 11, 12, 3, 2, 15, 16, 17, 18, 19]",932.0,1.2500357627868652
"[0, 1, 14, 10, 4, 5, 6, 7, 8, 9, 13, 11, 12, 3, 2, 15, 16, 17, 18, 19]",932.0,"[0, 1, 14, 10, 4, 5, 6, 7, 8, 9, 13, 11, 12, 3, 2, 15, 16, 17, 18, 19]",932.0,1.311051368713379
"[0, 1, 14, 10, 4, 5, 6, 7, 8, 9, 13, 11, 12, 3, 2, 15, 17, 16, 18, 19]",922.0,"[0, 1, 14, 10, 4, 5, 6, 7, 8, 9, 13, 11, 12, 3, 2, 15, 17, 16, 18, 19]",922.0,1.3720345497131348
"[0, 1, 14, 10, 4, 5, 6, 7, 8, 9, 13, 11, 12, 3, 2, 15, 17, 16, 18, 19]",922.0,"[0, 1, 14, 10, 4, 5, 6, 7, 8, 9, 13, 11, 12, 3, 2, 15, 17, 16, 18, 19]",922.0,1.4340336322784424
"[0, 1, 14, 10, 4, 5, 6, 7, 8, 9, 13, 11, 18, 3, 2, 15, 17, 16, 12, 19]",903.0,"[0, 1, 14, 10, 4, 5, 6, 7, 8, 9, 13, 11, 18, 3, 2, 15, 17, 16, 12, 19]",903.0,1.49904203414917
"[0, 1, 14, 11, 4, 5, 6, 7, 8, 9, 13, 10, 18, 3, 2, 15, 17, 16, 12, 19]",895.5,"[0, 1, 14, 11, 4, 5, 6, 7, 8, 9, 13, 10, 18, 3, 2, 15, 17, 16, 12, 19]",895.5,1.5650391578674316
"[0, 1, 14, 11, 4, 5, 12, 7, 8, 9, 13, 10, 18, 3, 2, 15, 17, 16, 6, 19]",820.0,"[0, 1, 14, 11, 4, 5, 12, 7, 8, 9, 13, 10, 18, 3, 2, 15, 17, 16, 6, 19]",820.0,1.649038314819336
"[0, 1, 14, 11, 4, 5, 12, 7, 8, 9, 13, 10, 18, 3, 2, 15, 17, 16, 6, 19]",820.0,"[0, 1, 14, 11, 4, 5, 12, 7, 8, 9, 13, 10, 18, 3, 2, 15, 17, 16, 6, 19]",820.0,1.7120590209960938
"[0, 1, 14, 11, 4, 5, 12, 7, 8, 9, 13, 10, 18, 3, 2, 15, 17, 16, 6, 19]",820.0,"[0, 1, 14, 11, 4, 5, 12, 7, 8, 9, 13, 10, 18, 3, 2, 15, 17, 16, 6, 19]",820.0,1.77604341506958
"[0, 1, 14, 11, 4, 5, 12, 7, 8, 9, 13, 10, 18, 3, 2, 15, 17, 16, 6, 19]",820.0,"[0, 1, 14, 11, 4, 5, 12, 7, 8, 9, 13, 10, 18, 3, 2, 15, 17, 16, 6, 19]",820.0,1.8410451412200928
"[0, 1, 14, 11, 4, 5, 12, 7, 8, 9, 13, 10, 18, 3, 2, 15, 17, 16, 6, 19]",820.0,"[0, 1, 14, 11, 4, 5, 12, 7, 8, 9, 13, 10, 18, 3, 2, 15, 17, 16, 6, 19]",820.0,1.9090473651885986
"[0, 1, 14, 11, 4, 5, 12, 7, 8, 9, 13, 10, 18, 3, 2, 15, 17, 16, 6, 19]",820.0,"[0, 1, 14, 11, 4, 5, 12, 7, 8, 9, 13, 10, 18, 3, 2, 15, 17, 16, 6, 19]",820.0,1.9760513305664062
"[0, 1, 14, 11, 4, 5, 12, 7, 8, 9, 13, 10, 18, 3, 2, 15, 17, 16, 6, 19]",820.0,"[0, 1, 14, 11, 4, 5, 12, 7, 8, 9, 13, 10, 18, 3, 2, 15, 17, 16, 6, 19]",820.0,2.0392918586730957
"[0, 1, 14, 11, 4, 5, 12, 7, 8, 9, 13, 10, 18, 3, 2, 15, 17, 16, 6, 19]",820.0,"[0, 1, 14, 11, 4, 5, 12, 7, 8, 9, 13, 10, 18, 3, 2, 15, 17, 16, 6, 19]",820.0,2.103050708770752
"[0, 1, 14, 11, 4, 5, 12, 7, 8, 9, 13, 10, 18, 3, 2, 15, 17, 16, 6, 19]",820.0,"[0, 1, 14, 11, 4, 5, 12, 7, 8, 9, 13, 10, 18, 3, 2, 15, 17, 16, 6, 19]",820.0,2.1680519580841064
"[0, 1, 14, 11, 4, 5, 12, 7, 8, 9, 13, 10, 18, 3, 2, 15, 17, 16, 6, 19]",820.0,"[0, 1, 14, 11, 4, 5, 12, 7, 8, 9, 13, 10, 18, 3, 2, 15, 17, 16, 6, 19]",820.0,2.2320525646209717
"[0, 1, 14, 11, 4, 5, 12, 7, 8, 9, 13, 10, 18, 3, 2, 15, 17, 16, 6, 19]",820.0,"[0, 1, 14, 11, 4, 5, 12, 7, 8, 9, 13, 10, 18, 3, 2, 15, 17, 16, 6, 19]",820.0,2.2980520725250244
"[0, 1, 14, 11, 4, 5, 12, 7, 8, 9, 13, 10, 18, 3, 2, 15, 17, 16, 6, 19]",820.0,"[0, 1, 14, 11, 4, 5, 12, 7, 8, 9, 13, 10, 18, 3, 2, 15, 17, 16, 6, 19]",820.0,2.361055374145508
"[0, 1, 14, 11, 4, 5, 12, 7, 8, 9, 13, 10, 18, 3, 2, 15, 17, 16, 6, 19]",820.0,"[0, 1, 14, 11, 4, 5, 12, 7, 8, 9, 13, 10, 18, 3, 2, 15, 17, 16, 6, 19]",820.0,2.424058675765991
"[0, 1, 14, 11, 4, 5, 12, 7, 8, 9, 13, 10, 18, 3, 2, 15, 17, 16, 6, 19]",820.0,"[0, 1, 14, 11, 4, 5, 12, 7, 8, 9, 13, 10, 18, 3, 2, 15, 17, 16, 6, 19]",820.0,2.4850573539733887
"[0, 1, 14, 11, 4, 5, 12, 7, 8, 9, 13, 10, 18, 3, 2, 15, 17, 16, 6, 19]",820.0,"[0, 1, 14, 11, 4, 5, 12, 7, 8, 9, 13, 10, 18, 3, 2, 15, 17, 16, 6, 19]",820.0,2.5480797290802
"[0, 1, 14, 11, 4, 5, 12, 7, 8, 9, 13, 10, 18, 3, 2, 15, 17, 16, 6, 19]",820.0,"[0, 1, 14, 11, 4, 5, 12, 7, 8, 9, 13, 10, 18, 3, 2, 15, 17, 16, 6, 19]",820.0,2.6130638122558594
"[0, 1, 14, 11, 4, 5, 12, 7, 8, 9, 13, 10, 18, 3, 2, 15, 17, 16, 6, 19]",820.0,"[0, 1, 14, 11, 4, 5, 12, 7, 8, 9, 13, 10, 18, 3, 2, 15, 17, 16, 6, 19]",820.0,2.675060987472534
"[0, 1, 14, 11, 4, 5, 12, 7, 8, 9, 13, 10, 18, 3, 2, 15, 17, 16, 6, 19]",820.0,"[0, 1, 14, 11, 4, 5, 12, 7, 8, 9, 13, 10, 18, 3, 2, 15, 17, 16, 6, 19]",820.0,2.738133192062378
"[0, 1, 14, 11, 4, 5, 12, 7, 8, 9, 13, 10, 18, 3, 2, 15, 17, 16, 6, 19]",820.0,"[0, 1, 14, 11, 4, 5, 12, 7, 8, 9, 13, 10, 18, 3, 2, 15, 17, 16, 6, 19]",820.0,2.8020663261413574
"[0, 1, 14, 11, 4, 5, 12, 7, 8, 9, 13, 10, 18, 3, 2, 15, 17, 16, 6, 19]",820.0,"[0, 1, 14, 11, 4, 5, 12, 7, 8, 9, 13, 10, 18, 3, 2, 15, 17, 16, 6, 19]",820.0,2.8650732040405273
"[0, 1, 14, 11, 4, 5, 12, 7, 8, 9, 13, 10, 18, 3, 2, 15, 17, 16, 6, 19]",820.0,"[0, 1, 14, 11, 4, 5, 12, 7, 8, 9, 13, 10, 18, 3, 2, 15, 17, 16, 6, 19]",820.0,2.928067207336426
"[0, 1, 14, 11, 4, 5, 12, 7, 8, 9, 13, 10, 18, 3, 2, 15, 17, 16, 6, 19]",820.0,"[0, 1, 14, 11, 4, 5, 12, 7, 8, 9, 13, 10, 18, 3, 2, 15, 17, 16, 6, 19]",820.0,2.993072986602783
"[0, 1, 14, 11, 4, 5, 12, 7, 8, 9, 13, 10, 18, 3, 2, 15, 17, 16, 6, 19]",820.0,"[0, 1, 14, 11, 4, 5, 12, 7, 8, 9, 13, 10, 18, 3, 2, 15, 17, 16, 6, 19]",820.0,3.055084466934204
"[0, 1, 14, 11, 4, 5, 12, 7, 8, 9, 13, 10, 18, 3, 2, 15, 17, 16, 6, 19]",820.0,"[0, 1, 14, 11, 4, 5, 12, 7, 8, 9, 13, 10, 18, 3, 2, 15, 17, 16, 6, 19]",820.0,3.1180739402770996
"[0, 1, 14, 11, 4, 5, 12, 7, 8, 9, 13, 10, 18, 3, 2, 15, 17, 16, 6, 19]",820.0,"[0, 1, 14, 11, 4, 5, 12, 7, 8, 9, 13, 10, 18, 3, 2, 15, 17, 16, 6, 19]",820.0,3.1840860843658447
"[0, 1, 14, 11, 4, 5, 12, 7, 8, 9, 13, 10, 18, 3, 2, 15, 17, 16, 6, 19]",820.0,"[0, 1, 14, 11, 4, 5, 12, 7, 8, 9, 13, 10, 18, 3, 2, 15, 17, 16, 6, 19]",820.0,3.249077320098877
"[0, 1, 14, 11, 4, 5, 12, 7, 8, 9, 13, 10, 18, 3, 2, 15, 17, 16, 6, 19]",820.0,"[0, 1, 14, 11, 4, 5, 12, 7, 8, 9, 13, 10, 18, 3, 2, 15, 17, 16, 6, 19]",820.0,3.3150815963745117
"[0, 1, 14, 11, 4, 5, 12, 7, 8, 9, 13, 10, 18, 3, 2, 15, 17, 16, 6, 19]",820.0,"[0, 1, 14, 11, 4, 5, 12, 7, 8, 9, 13, 10, 18, 3, 2, 15, 17, 16, 6, 19]",820.0,3.376082181930542
"[0, 1, 14, 11, 4, 5, 12, 7, 8, 9, 13, 10, 18, 3, 2, 15, 17, 16, 6, 19]",820.0,"[0, 1, 14, 11, 4, 5, 12, 7, 8, 9, 13, 10, 18, 3, 2, 15, 17, 16, 6, 19]",820.0,3.442121744155884
"[0, 1, 14, 11, 4, 5, 12, 7, 8, 9, 13, 10, 18, 3, 2, 15, 17, 16, 6, 19]",820.0,"[0, 1, 14, 11, 4, 5, 12, 7, 8, 9, 13, 10, 18, 3, 2, 15, 17, 16, 6, 19]",820.0,3.504084587097168
"[0, 1, 14, 11, 4, 5, 12, 7, 8, 9, 13, 10, 18, 3, 2, 15, 17, 16, 6, 19]",820.0,"[0, 1, 14, 11, 4, 5, 12, 7, 8, 9, 13, 10, 18, 3, 2, 15, 17, 16, 6, 19]",820.0,3.5680832862854004
"[0, 1, 14, 11, 4, 5, 12, 7, 8, 9, 13, 10, 18, 3, 2, 15, 17, 16, 6, 19]",820.0,"[0, 1, 14, 11, 4, 5, 12, 7, 8, 9, 13, 10, 18, 3, 2, 15, 17, 16, 6, 19]",820.0,3.6330819129943848
"[0, 1, 14, 11, 4, 5, 12, 7, 8, 9, 13, 10, 18, 3, 2, 15, 17, 16, 6, 19]",820.0,"[0, 1, 14, 11, 4, 5, 12, 7, 8, 9, 13, 10, 18, 3, 2, 15, 17, 16, 6, 19]",820.0,3.6950836181640625
"[0, 1, 14, 11, 4, 5, 12, 7, 8, 9, 13, 10, 18, 3, 2, 15, 17, 16, 6, 19]",820.0,"[0, 1, 14, 11, 4, 5, 12, 7, 8, 9, 13, 10, 18, 3, 2, 15, 17, 16, 6, 19]",820.0,3.7590906620025635
"[0, 1, 14, 11, 4, 5, 12, 7, 8, 9, 13, 10, 18, 3, 2, 15, 17, 16, 6, 19]",820.0,"[0, 1, 14, 11, 4, 5, 12, 7, 8, 9, 13, 10, 18, 3, 2, 15, 17, 16, 6, 19]",820.0,3.822089433670044
"[0, 1, 14, 11, 4, 5, 12, 7, 8, 9, 13, 10, 18, 3, 2, 15, 17, 16, 6, 19]",820.0,"[0, 1, 14, 11, 4, 5, 12, 7, 8, 9, 13, 10, 18, 3, 2, 15, 17, 16, 6, 19]",820.0,3.884089231491089
"[0, 1, 14, 11, 4, 5, 12, 7, 8, 9, 13, 10, 18, 3, 2, 15, 17, 16, 6, 19]",820.0,"[0, 1, 14, 11, 4, 5, 12, 7, 8, 9, 13, 10, 18, 3, 2, 15, 17, 16, 6, 19]",820.0,3.9460906982421875
"[0, 1, 14, 11, 4, 5, 12, 7, 8, 9, 13, 10, 18, 3, 2, 15, 17, 16, 6, 19]",820.0,"[0, 1, 14, 11, 4, 5, 12, 7, 8, 9, 13, 10, 18, 3, 2, 15, 17, 16, 6, 19]",820.0,4.01310133934021
"[0, 1, 14, 11, 4, 5, 12, 7, 8, 9, 13, 10, 18, 3, 2, 15, 17, 16, 6, 19]",820.0,"[0, 1, 14, 11, 4, 5, 12, 7, 8, 9, 13, 10, 18, 3, 2, 15, 17, 16, 6, 19]",820.0,4.099095821380615
"[0, 1, 14, 11, 4, 5, 12, 7, 8, 9, 13, 10, 18, 3, 2, 15, 17, 16, 6, 19]",820.0,"[0, 1, 14, 11, 4, 5, 12, 7, 8, 9, 13, 10, 18, 3, 2, 15, 17, 16, 6, 19]",820.0,4.1630988121032715
"[0, 1, 14, 11, 4, 5, 12, 7, 8, 9, 13, 10, 18, 3, 2, 15, 17, 16, 6, 19]",820.0,"[0, 1, 14, 11, 4, 5, 12, 7, 8, 9, 13, 10, 18, 3, 2, 15, 17, 16, 6, 19]",820.0,4.229097604751587
"[0, 1, 14, 11, 4, 5, 12, 7, 8, 9, 13, 10, 18, 3, 2, 15, 17, 16, 6, 19]",820.0,"[0, 1, 14, 11, 4, 5, 12, 7, 8, 9, 13, 10, 18, 3, 2, 15, 17, 16, 6, 19]",820.0,4.2891035079956055
"[0, 1, 14, 11, 4, 5, 12, 7, 8, 9, 13, 10, 18, 3, 2, 15, 17, 16, 6, 19]",820.0,"[0, 1, 14, 11, 4, 5, 12, 7, 8, 9, 13, 10, 18, 3, 2, 15, 17, 16, 6, 19]",820.0,4.350099802017212
"[0, 1, 14, 11, 4, 5, 12, 7, 8, 9, 13, 10, 18, 3, 2, 15, 17, 16, 6, 19]",820.0,"[0, 1, 14, 11, 4, 5, 12, 7, 8, 9, 13, 10, 18, 3, 2, 15, 17, 16, 6, 19]",820.0,4.413102626800537
"[0, 1, 14, 11, 4, 5, 12, 7, 8, 9, 13, 10, 18, 3, 2, 15, 17, 16, 6, 19]",820.0,"[0, 1, 14, 11, 4, 5, 12, 7, 8, 9, 13, 10, 18, 3, 2, 15, 17, 16, 6, 19]",820.0,4.476103067398071
"[0, 1, 14, 11, 4, 5, 12, 7, 8, 9, 13, 10, 18, 3, 2, 15, 17, 16, 6, 19]",820.0,"[0, 1, 14, 11, 4, 5, 12, 7, 8, 9, 13, 10, 18, 3, 2, 15, 17, 16, 6, 19]",820.0,4.538102865219116
"[0, 1, 14, 11, 4, 5, 12, 7, 8, 9, 13, 10, 18, 3, 2, 15, 17, 16, 6, 19]",820.0,"[0, 1, 14, 11, 4, 5, 12, 7, 8, 9, 13, 10, 18, 3, 2, 15, 17, 16, 6, 19]",820.0,4.600104331970215
"[0, 1, 14, 11, 4, 5, 12, 7, 8, 9, 13, 10, 18, 3, 2, 15, 17, 16, 6, 19]",820.0,"[0, 1, 14, 11, 4, 5, 12, 7, 8, 9, 13, 10, 18, 3, 2, 15, 17, 16, 6, 19]",820.0,4.662111520767212
"[0, 1, 14, 11, 4, 5, 12, 7, 8, 9, 13, 10, 18, 3, 2, 15, 17, 16, 6, 19]",820.0,"[0, 1, 14, 11, 4, 5, 12, 7, 8, 9, 13, 10, 18, 3, 2, 15, 17, 16, 6, 19]",820.0,4.726109266281128
"[0, 1, 14, 11, 4, 5, 12, 7, 8, 9, 13, 10, 18, 3, 2, 15, 17, 16, 6, 19]",820.0,"[0, 1, 14, 11, 4, 5, 12, 7, 8, 9, 13, 10, 18, 3, 2, 15, 17, 16, 6, 19]",820.0,4.7931084632873535
"[0, 1, 14, 11, 4, 5, 12, 7, 8, 9, 13, 10, 18, 3, 2, 15, 17, 16, 6, 19]",820.0,"[0, 1, 14, 11, 4, 5, 12, 7, 8, 9, 13, 10, 18, 3, 2, 15, 17, 16, 6, 19]",820.0,4.857112407684326
"[0, 1, 14, 11, 4, 5, 12, 7, 8, 9, 13, 10, 18, 3, 2, 15, 17, 16, 6, 19]",820.0,"[0, 1, 14, 11, 4, 5, 12, 7, 8, 9, 13, 10, 18, 3, 2, 15, 17, 16, 6, 19]",820.0,4.925111532211304
"[0, 1, 14, 11, 4, 5, 12, 7, 8, 9, 13, 10, 18, 3, 2, 15, 17, 16, 6, 19]",820.0,"[0, 1, 14, 11, 4, 5, 12, 7, 8, 9, 13, 10, 18, 3, 2, 15, 17, 16, 6, 19]",820.0,4.990124225616455
"[0, 1, 14, 11, 4, 5, 12, 7, 8, 9, 13, 10, 18, 3, 2, 15, 17, 16, 6, 19]",820.0,"[0, 1, 14, 11, 4, 5, 12, 7, 8, 9, 13, 10, 18, 3, 2, 15, 17, 16, 6, 19]",820.0,5.060126066207886
"[0, 1, 14, 11, 4, 5, 12, 7, 8, 9, 13, 10, 18, 3, 2, 15, 17, 16, 6, 19]",820.0,"[0, 1, 14, 11, 4, 5, 12, 7, 8, 9, 13, 10, 18, 3, 2, 15, 17, 16, 6, 19]",820.0,5.124121189117432
"[0, 1, 14, 11, 4, 5, 12, 7, 8, 9, 13, 10, 18, 3, 2, 15, 17, 16, 6, 19]",820.0,"[0, 1, 14, 11, 4, 5, 12, 7, 8, 9, 13, 10, 18, 3, 2, 15, 17, 16, 6, 19]",820.0,5.188119411468506
"[0, 1, 14, 11, 4, 5, 12, 7, 8, 9, 13, 10, 18, 3, 2, 15, 17, 16, 6, 19]",820.0,"[0, 1, 14, 11, 4, 5, 12, 7, 8, 9, 13, 10, 18, 3, 2, 15, 17, 16, 6, 19]",820.0,5.251123905181885
"[0, 1, 14, 11, 4, 5, 12, 7, 8, 9, 13, 10, 18, 3, 2, 15, 17, 16, 6, 19]",820.0,"[0, 1, 14, 11, 4, 5, 12, 7, 8, 9, 13, 10, 18, 3, 2, 15, 17, 16, 6, 19]",820.0,5.313120126724243
"[0, 1, 14, 11, 4, 5, 12, 7, 8, 9, 13, 10, 18, 3, 2, 15, 17, 16, 6, 19]",820.0,"[0, 1, 14, 11, 4, 5, 12, 7, 8, 9, 13, 10, 18, 3, 2, 15, 17, 16, 6, 19]",820.0,5.375126361846924
"[0, 1, 14, 11, 4, 5, 12, 7, 8, 9, 13, 10, 18, 3, 2, 15, 17, 16, 6, 19]",820.0,"[0, 1, 14, 11, 4, 5, 12, 7, 8, 9, 13, 10, 18, 3, 2, 15, 17, 16, 6, 19]",820.0,5.4371256828308105
"[0, 1, 14, 11, 4, 5, 12, 7, 8, 9, 13, 10, 18, 3, 2, 15, 17, 16, 6, 19]",820.0,"[0, 1, 14, 11, 4, 5, 12, 7, 8, 9, 13, 10, 18, 3, 2, 15, 17, 16, 6, 19]",820.0,5.498126268386841
"[0, 1, 14, 11, 4, 5, 12, 7, 8, 9, 13, 10, 18, 3, 2, 15, 17, 16, 6, 19]",820.0,"[0, 1, 14, 11, 4, 5, 12, 7, 8, 9, 13, 10, 18, 3, 2, 15, 17, 16, 6, 19]",820.0,5.559126853942871
"[0, 1, 14, 11, 4, 5, 12, 7, 8, 9, 13, 10, 18, 3, 2, 15, 17, 16, 6, 19]",820.0,"[0, 1, 14, 11, 4, 5, 12, 7, 8, 9, 13, 10, 18, 3, 2, 15, 17, 16, 6, 19]",820.0,5.621126651763916
"[0, 1, 14, 11, 4, 5, 12, 7, 8, 9, 13, 10, 18, 3, 2, 15, 17, 16, 6, 19]",820.0,"[0, 1, 14, 11, 4, 5, 12, 7, 8, 9, 13, 10, 18, 3, 2, 15, 17, 16, 6, 19]",820.0,5.68313193321228
"[0, 1, 14, 11, 4, 5, 12, 7, 8, 9, 13, 10, 18, 3, 2, 15, 17, 16, 6, 19]",820.0,"[0, 1, 14, 11, 4, 5, 12, 7, 8, 9, 13, 10, 18, 3, 2, 15, 17, 16, 6, 19]",820.0,5.744129419326782
"[0, 1, 14, 11, 4, 5, 12, 7, 8, 9, 13, 10, 18, 3, 2, 15, 17, 16, 6, 19]",820.0,"[0, 1, 14, 11, 4, 5, 12, 7, 8, 9, 13, 10, 18, 3, 2, 15, 17, 16, 6, 19]",820.0,5.807132959365845
"[0, 1, 14, 11, 4, 5, 12, 7, 8, 9, 13, 10, 18, 3, 2, 15, 17, 16, 6, 19]",820.0,"[0, 1, 14, 11, 4, 5, 12, 7, 8, 9, 13, 10, 18, 3, 2, 15, 17, 16, 6, 19]",820.0,5.87213659286499
"[0, 1, 14, 11, 4, 5, 12, 7, 8, 9, 13, 10, 18, 3, 2, 15, 17, 16, 6, 19]",820.0,"[0, 1, 14, 11, 4, 5, 12, 7, 8, 9, 13, 10, 18, 3, 2, 15, 17, 16, 6, 19]",820.0,5.9351372718811035
"[0, 1, 14, 11, 4, 5, 12, 7, 8, 9, 13, 10, 18, 3, 2, 15, 17, 16, 6, 19]",820.0,"[0, 1, 14, 11, 4, 5, 12, 7, 8, 9, 13, 10, 18, 3, 2, 15, 17, 16, 6, 19]",820.0,5.997142791748047
"[0, 1, 14, 11, 4, 5, 12, 7, 8, 9, 13, 10, 18, 3, 2, 15, 17, 16, 6, 19]",820.0,"[0, 1, 14, 11, 4, 5, 12, 7, 8, 9, 13, 10, 18, 3, 2, 15, 17, 16, 6, 19]",820.0,6.05914306640625
"[0, 1, 14, 11, 4, 5, 12, 7, 8, 9, 13, 10, 18, 3, 2, 15, 17, 16, 6, 19]",820.0,"[0, 1, 14, 11, 4, 5, 12, 7, 8, 9, 13, 10, 18, 3, 2, 15, 17, 16, 6, 19]",820.0,6.123142957687378
"[0, 1, 14, 11, 4, 5, 12, 7, 8, 9, 13, 10, 18, 3, 2, 15, 17, 16, 6, 19]",820.0,"[0, 1, 14, 11, 4, 5, 12, 7, 8, 9, 13, 10, 18, 3, 2, 15, 17, 16, 6, 19]",820.0,6.18615198135376
"[0, 1, 14, 11, 4, 5, 12, 7, 8, 9, 13, 10, 18, 3, 2, 15, 17, 16, 6, 19]",820.0,"[0, 1, 14, 11, 4, 5, 12, 7, 8, 9, 13, 10, 18, 3, 2, 15, 17, 16, 6, 19]",820.0,6.2501444816589355
"[0, 1, 14, 11, 4, 5, 12, 7, 8, 9, 13, 10, 18, 3, 2, 15, 17, 16, 6, 19]",820.0,"[0, 1, 14, 11, 4, 5, 12, 7, 8, 9, 13, 10, 18, 3, 2, 15, 17, 16, 6, 19]",820.0,6.31814432144165
"[0, 1, 14, 11, 4, 5, 12, 7, 8, 9, 13, 10, 18, 3, 2, 15, 17, 16, 6, 19]",820.0,"[0, 1, 14, 11, 4, 5, 12, 7, 8, 9, 13, 10, 18, 3, 2, 15, 17, 16, 6, 19]",820.0,6.384144306182861
"[0, 1, 14, 11, 4, 5, 12, 7, 8, 9, 13, 10, 18, 3, 2, 15, 17, 16, 6, 19]",820.0,"[0, 1, 14, 11, 4, 5, 12, 7, 8, 9, 13, 10, 18, 3, 2, 15, 17, 16, 6, 19]",820.0,6.448146820068359
"[0, 1, 14, 11, 4, 5, 12, 7, 8, 9, 13, 10, 18, 3, 2, 15, 17, 16, 6, 19]",820.0,"[0, 1, 14, 11, 4, 5, 12, 7, 8, 9, 13, 10, 18, 3, 2, 15, 17, 16, 6, 19]",820.0,6.51414680480957
"[0, 1, 14, 11, 4, 5, 12, 7, 8, 9, 13, 10, 18, 3, 2, 15, 17, 16, 6, 19]",820.0,"[0, 1, 14, 11, 4, 5, 12, 7, 8, 9, 13, 10, 18, 3, 2, 15, 17, 16, 6, 19]",820.0,6.575148582458496
"[0, 1, 14, 11, 4, 5, 12, 7, 8, 9, 13, 10, 18, 3, 2, 15, 17, 16, 6, 19]",820.0,"[0, 1, 14, 11, 4, 5, 12, 7, 8, 9, 13, 10, 18, 3, 2, 15, 17, 16, 6, 19]",820.0,6.639148950576782
"[0, 1, 14, 11, 4, 5, 12, 7, 8, 9, 13, 10, 18, 3, 2, 15, 17, 16, 6, 19]",820.0,"[0, 1, 14, 11, 4, 5, 12, 7, 8, 9, 13, 10, 18, 3, 2, 15, 17, 16, 6, 19]",820.0,6.7031519412994385
"[0, 1, 14, 11, 4, 5, 12, 7, 8, 9, 13, 10, 18, 3, 2, 15, 17, 16, 6, 19]",820.0,"[0, 1, 14, 11, 4, 5, 12, 7, 8, 9, 13, 10, 18, 3, 2, 15, 17, 16, 6, 19]",820.0,6.766158580780029
"[0, 1, 14, 11, 4, 5, 12, 7, 8, 9, 13, 10, 18, 3, 2, 15, 17, 16, 6, 19]",820.0,"[0, 1, 14, 11, 4, 5, 12, 7, 8, 9, 13, 10, 18, 3, 2, 15, 17, 16, 6, 19]",820.0,6.828152418136597
"[0, 1, 14, 11, 4, 5, 12, 7, 8, 9, 13, 10, 18, 3, 2, 15, 17, 16, 6, 19]",820.0,"[0, 1, 14, 11, 4, 5, 12, 7, 8, 9, 13, 10, 18, 3, 2, 15, 17, 16, 6, 19]",820.0,6.892160654067993
"[0, 1, 14, 11, 4, 5, 12, 7, 8, 9, 13, 10, 18, 3, 2, 15, 17, 16, 6, 19]",820.0,"[0, 1, 14, 11, 4, 5, 12, 7, 8, 9, 13, 10, 18, 3, 2, 15, 17, 16, 6, 19]",820.0,6.955156087875366
"[0, 1, 14, 11, 4, 5, 12, 7, 8, 9, 13, 10, 18, 3, 2, 15, 17, 16, 6, 19]",820.0,"[0, 1, 14, 11, 4, 5, 12, 7, 8, 9, 13, 10, 18, 3, 2, 15, 17, 16, 6, 19]",820.0,7.019160032272339
"[0, 1, 14, 11, 4, 5, 12, 7, 8, 9, 13, 10, 18, 3, 2, 15, 17, 16, 6, 19]",820.0,"[0, 1, 14, 11, 4, 5, 12, 7, 8, 9, 13, 10, 18, 3, 2, 15, 17, 16, 6, 19]",820.0,7.08016300201416
"[0, 1, 14, 11, 4, 5, 12, 7, 8, 9, 13, 10, 18, 3, 2, 15, 17, 16, 6, 19]",820.0,"[0, 1, 14, 11, 4, 5, 12, 7, 8, 9, 13, 10, 18, 3, 2, 15, 17, 16, 6, 19]",820.0,7.1421613693237305
"[0, 1, 14, 11, 4, 5, 12, 7, 8, 9, 13, 10, 18, 3, 2, 15, 17, 16, 6, 19]",820.0,"[0, 1, 14, 11, 4, 5, 12, 7, 8, 9, 13, 10, 18, 3, 2, 15, 17, 16, 6, 19]",820.0,7.205160856246948
"[0, 1, 14, 11, 4, 5, 12, 7, 8, 9, 13, 10, 18, 3, 2, 15, 17, 16, 6, 19]",820.0,"[0, 1, 14, 11, 4, 5, 12, 7, 8, 9, 13, 10, 18, 3, 2, 15, 17, 16, 6, 19]",820.0,7.268165111541748
"[0, 1, 14, 11, 4, 5, 12, 7, 8, 9, 13, 10, 18, 3, 2, 15, 17, 16, 6, 19]",820.0,"[0, 1, 14, 11, 4, 5, 12, 7, 8, 9, 13, 10, 18, 3, 2, 15, 17, 16, 6, 19]",820.0,7.3291709423065186
"[0, 1, 14, 11, 4, 5, 12, 7, 8, 9, 13, 10, 18, 3, 2, 15, 17, 16, 6, 19]",820.0,"[0, 1, 14, 11, 4, 5, 12, 7, 8, 9, 13, 10, 18, 3, 2, 15, 17, 16, 6, 19]",820.0,7.391165494918823
"[0, 1, 14, 11, 4, 5, 12, 7, 8, 9, 13, 10, 18, 3, 2, 15, 17, 16, 6, 19]",820.0,"[0, 1, 14, 11, 4, 5, 12, 7, 8, 9, 13, 10, 18, 3, 2, 15, 17, 16, 6, 19]",820.0,7.451189994812012
"[0, 1, 14, 11, 4, 5, 12, 7, 8, 9, 13, 10, 18, 3, 2, 15, 17, 16, 6, 19]",820.0,"[0, 1, 14, 11, 4, 5, 12, 7, 8, 9, 13, 10, 18, 3, 2, 15, 17, 16, 6, 19]",820.0,7.516170263290405
"[0, 1, 14, 11, 4, 5, 12, 7, 8, 9, 13, 10, 18, 3, 2, 15, 17, 16, 6, 19]",820.0,"[0, 1, 14, 11, 4, 5, 12, 7, 8, 9, 13, 10, 18, 3, 2, 15, 17, 16, 6, 19]",820.0,7.580168962478638
"[0, 1, 14, 11, 4, 5, 12, 7, 8, 9, 13, 10, 18, 3, 2, 15, 17, 16, 6, 19]",820.0,"[0, 1, 14, 11, 4, 5, 12, 7, 8, 9, 13, 10, 18, 3, 2, 15, 17, 16, 6, 19]",820.0,7.6401917934417725
"[0, 1, 14, 11, 4, 5, 12, 7, 8, 9, 13, 10, 18, 3, 2, 15, 17, 16, 6, 19]",820.0,"[0, 1, 14, 11, 4, 5, 12, 7, 8, 9, 13, 10, 18, 3, 2, 15, 17, 16, 6, 19]",820.0,7.702171802520752
"[0, 1, 14, 11, 4, 5, 12, 7, 8, 9, 13, 10, 18, 3, 2, 15, 17, 16, 6, 19]",820.0,"[0, 1, 14, 11, 4, 5, 12, 7, 8, 9, 13, 10, 18, 3, 2, 15, 17, 16, 6, 19]",820.0,7.766177177429199
"[0, 1, 14, 11, 4, 5, 12, 7, 8, 9, 13, 10, 18, 3, 2, 15, 17, 16, 6, 19]",820.0,"[0, 1, 14, 11, 4, 5, 12, 7, 8, 9, 13, 10, 18, 3, 2, 15, 17, 16, 6, 19]",820.0,7.829180002212524
"[0, 1, 14, 11, 4, 5, 12, 7, 8, 9, 13, 10, 18, 3, 2, 15, 17, 16, 6, 19]",820.0,"[0, 1, 14, 11, 4, 5, 12, 7, 8, 9, 13, 10, 18, 3, 2, 15, 17, 16, 6, 19]",820.0,7.892176628112793
"[0, 1, 14, 11, 4, 5, 12, 7, 8, 9, 13, 10, 18, 3, 2, 15, 17, 16, 6, 19]",820.0,"[0, 1, 14, 11, 4, 5, 12, 7, 8, 9, 13, 10, 18, 3, 2, 15, 17, 16, 6, 19]",820.0,7.956188678741455
"[0, 1, 14, 11, 4, 5, 12, 7, 8, 9, 13, 10, 18, 3, 2, 15, 17, 16, 6, 19]",820.0,"[0, 1, 14, 11, 4, 5, 12, 7, 8, 9, 13, 10, 18, 3, 2, 15, 17, 16, 6, 19]",820.0,8.02318000793457
"[0, 1, 14, 11, 4, 5, 12, 7, 8, 9, 13, 10, 18, 3, 2, 15, 17, 16, 6, 19]",820.0,"[0, 1, 14, 11, 4, 5, 12, 7, 8, 9, 13, 10, 18, 3, 2, 15, 17, 16, 6, 19]",820.0,8.088183403015137
"[0, 1, 14, 11, 4, 5, 12, 7, 8, 9, 13, 10, 18, 3, 2, 15, 17, 16, 6, 19]",820.0,"[0, 1, 14, 11, 4, 5, 12, 7, 8, 9, 13, 10, 18, 3, 2, 15, 17, 16, 6, 19]",820.0,8.153183221817017
"[0, 1, 14, 11, 4, 5, 12, 7, 8, 9, 13, 10, 18, 3, 2, 15, 17, 16, 6, 19]",820.0,"[0, 1, 14, 11, 4, 5, 12, 7, 8, 9, 13, 10, 18, 3, 2, 15, 17, 16, 6, 19]",820.0,8.21619462966919
"[0, 1, 14, 11, 4, 5, 12, 7, 8, 9, 13, 10, 18, 3, 2, 15, 17, 16, 6, 19]",820.0,"[0, 1, 14, 11, 4, 5, 12, 7, 8, 9, 13, 10, 18, 3, 2, 15, 17, 16, 6, 19]",820.0,8.28219199180603
"[0, 1, 14, 11, 4, 5, 12, 7, 8, 9, 13, 10, 18, 3, 2, 15, 17, 16, 6, 19]",820.0,"[0, 1, 14, 11, 4, 5, 12, 7, 8, 9, 13, 10, 18, 3, 2, 15, 17, 16, 6, 19]",820.0,8.346189260482788
"[0, 1, 14, 11, 4, 5, 12, 7, 8, 9, 13, 10, 18, 3, 2, 15, 17, 16, 6, 19]",820.0,"[0, 1, 14, 11, 4, 5, 12, 7, 8, 9, 13, 10, 18, 3, 2, 15, 17, 16, 6, 19]",820.0,8.408193349838257
"[0, 1, 14, 11, 4, 5, 12, 7, 8, 9, 13, 10, 18, 3, 2, 15, 17, 16, 6, 19]",820.0,"[0, 1, 14, 11, 4, 5, 12, 7, 8, 9, 13, 10, 18, 3, 2, 15, 17, 16, 6, 19]",820.0,8.471193075180054
"[0, 1, 14, 11, 4, 5, 12, 7, 8, 9, 13, 10, 18, 3, 2, 15, 17, 16, 6, 19]",820.0,"[0, 1, 14, 11, 4, 5, 12, 7, 8, 9, 13, 10, 18, 3, 2, 15, 17, 16, 6, 19]",820.0,8.533191204071045
"[0, 1, 14, 11, 4, 5, 12, 7, 8, 9, 13, 10, 18, 3, 2, 15, 17, 16, 6, 19]",820.0,"[0, 1, 14, 11, 4, 5, 12, 7, 8, 9, 13, 10, 18, 3, 2, 15, 17, 16, 6, 19]",820.0,8.595192432403564
"[0, 1, 14, 11, 4, 5, 12, 7, 8, 9, 13, 10, 18, 3, 2, 15, 17, 16, 6, 19]",820.0,"[0, 1, 14, 11, 4, 5, 12, 7, 8, 9, 13, 10, 18, 3, 2, 15, 17, 16, 6, 19]",820.0,8.66019582748413
"[0, 1, 14, 11, 4, 5, 12, 7, 8, 9, 13, 10, 18, 3, 2, 15, 17, 16, 6, 19]",820.0,"[0, 1, 14, 11, 4, 5, 12, 7, 8, 9, 13, 10, 18, 3, 2, 15, 17, 16, 6, 19]",820.0,8.724196672439575
"[0, 1, 14, 11, 4, 5, 12, 7, 8, 9, 13, 10, 18, 3, 2, 15, 17, 16, 6, 19]",820.0,"[0, 1, 14, 11, 4, 5, 12, 7, 8, 9, 13, 10, 18, 3, 2, 15, 17, 16, 6, 19]",820.0,8.78919506072998
"[0, 1, 14, 11, 4, 5, 12, 7, 8, 9, 13, 10, 18, 3, 2, 15, 17, 16, 6, 19]",820.0,"[0, 1, 14, 11, 4, 5, 12, 7, 8, 9, 13, 10, 18, 3, 2, 15, 17, 16, 6, 19]",820.0,8.852201700210571
"[0, 1, 14, 11, 4, 5, 12, 7, 8, 9, 13, 10, 18, 3, 2, 15, 17, 16, 6, 19]",820.0,"[0, 1, 14, 11, 4, 5, 12, 7, 8, 9, 13, 10, 18, 3, 2, 15, 17, 16, 6, 19]",820.0,8.914202690124512
"[0, 1, 14, 11, 4, 5, 12, 7, 8, 9, 13, 10, 18, 3, 2, 15, 17, 16, 6, 19]",820.0,"[0, 1, 14, 11, 4, 5, 12, 7, 8, 9, 13, 10, 18, 3, 2, 15, 17, 16, 6, 19]",820.0,8.97620439529419
"[0, 1, 14, 11, 4, 5, 12, 7, 8, 9, 13, 10, 18, 3, 2, 15, 17, 16, 6, 19]",820.0,"[0, 1, 14, 11, 4, 5, 12, 7, 8, 9, 13, 10, 18, 3, 2, 15, 17, 16, 6, 19]",820.0,9.03720211982727
"[0, 1, 14, 11, 4, 5, 12, 7, 8, 9, 13, 10, 18, 3, 2, 15, 17, 16, 6, 19]",820.0,"[0, 1, 14, 11, 4, 5, 12, 7, 8, 9, 13, 10, 18, 3, 2, 15, 17, 16, 6, 19]",820.0,9.100207805633545
"[0, 1, 14, 11, 4, 5, 12, 7, 8, 9, 13, 10, 18, 3, 2, 15, 17, 16, 6, 19]",820.0,"[0, 1, 14, 11, 4, 5, 12, 7, 8, 9, 13, 10, 18, 3, 2, 15, 17, 16, 6, 19]",820.0,9.163206338882446
"[0, 1, 14, 11, 4, 5, 12, 7, 8, 9, 13, 10, 18, 3, 2, 15, 17, 16, 6, 19]",820.0,"[0, 1, 14, 11, 4, 5, 12, 7, 8, 9, 13, 10, 18, 3, 2, 15, 17, 16, 6, 19]",820.0,9.225209951400757
"[0, 1, 14, 11, 4, 5, 12, 7, 8, 9, 13, 10, 18, 3, 2, 15, 17, 16, 6, 19]",820.0,"[0, 1, 14, 11, 4, 5, 12, 7, 8, 9, 13, 10, 18, 3, 2, 15, 17, 16, 6, 19]",820.0,9.29320740699768
"[0, 1, 14, 11, 4, 5, 12, 7, 8, 9, 13, 10, 18, 3, 2, 15, 17, 16, 6, 19]",820.0,"[0, 1, 14, 11, 4, 5, 12, 7, 8, 9, 13, 10, 18, 3, 2, 15, 17, 16, 6, 19]",820.0,9.359209299087524
"[0, 1, 14, 11, 4, 5, 12, 7, 8, 9, 13, 10, 18, 3, 2, 15, 17, 16, 6, 19]",820.0,"[0, 1, 14, 11, 4, 5, 12, 7, 8, 9, 13, 10, 18, 3, 2, 15, 17, 16, 6, 19]",820.0,9.423449277877808
"[0, 1, 14, 11, 4, 5, 12, 7, 8, 9, 13, 10, 18, 3, 2, 15, 17, 16, 6, 19]",820.0,"[0, 1, 14, 11, 4, 5, 12, 7, 8, 9, 13, 10, 18, 3, 2, 15, 17, 16, 6, 19]",820.0,9.489212036132812
"[0, 1, 14, 11, 4, 5, 12, 7, 8, 9, 13, 10, 18, 3, 2, 15, 17, 16, 6, 19]",820.0,"[0, 1, 14, 11, 4, 5, 12, 7, 8, 9, 13, 10, 18, 3, 2, 15, 17, 16, 6, 19]",820.0,9.554216861724854
"[0, 1, 14, 11, 4, 5, 12, 7, 8, 9, 13, 10, 18, 3, 2, 15, 17, 16, 6, 19]",820.0,"[0, 1, 14, 11, 4, 5, 12, 7, 8, 9, 13, 10, 18, 3, 2, 15, 17, 16, 6, 19]",820.0,9.617218971252441
"[0, 1, 14, 11, 4, 5, 12, 7, 8, 9, 13, 10, 18, 3, 2, 15, 17, 16, 6, 19]",820.0,"[0, 1, 14, 11, 4, 5, 12, 7, 8, 9, 13, 10, 18, 3, 2, 15, 17, 16, 6, 19]",820.0,9.682215452194214
"[0, 1, 14, 11, 4, 5, 12, 7, 8, 9, 13, 10, 18, 3, 2, 15, 17, 16, 6, 19]",820.0,"[0, 1, 14, 11, 4, 5, 12, 7, 8, 9, 13, 10, 18, 3, 2, 15, 17, 16, 6, 19]",820.0,9.74721908569336
"[0, 1, 14, 11, 4, 5, 12, 7, 8, 9, 13, 10, 18, 3, 2, 15, 17, 16, 6, 19]",820.0,"[0, 1, 14, 11, 4, 5, 12, 7, 8, 9, 13, 10, 18, 3, 2, 15, 17, 16, 6, 19]",820.0,9.811255931854248
"[0, 1, 14, 11, 4, 5, 12, 7, 8, 9, 13, 10, 18, 3, 2, 15, 17, 16, 6, 19]",820.0,"[0, 1, 14, 11, 4, 5, 12, 7, 8, 9, 13, 10, 18, 3, 2, 15, 17, 16, 6, 19]",820.0,9.872217178344727
"[0, 1, 14, 11, 4, 5, 12, 7, 8, 9, 13, 10, 18, 3, 2, 15, 17, 16, 6, 19]",820.0,"[0, 1, 14, 11, 4, 5, 12, 7, 8, 9, 13, 10, 18, 3, 2, 15, 17, 16, 6, 19]",820.0,9.942219257354736
"[0, 1, 14, 11, 4, 5, 12, 7, 8, 9, 13, 10, 18, 3, 2, 15, 17, 16, 6, 19]",820.0,"[0, 1, 14, 11, 4, 5, 12, 7, 8, 9, 13, 10, 18, 3, 2, 15, 17, 16, 6, 19]",820.0,10.006225109100342
"[0, 1, 14, 11, 4, 5, 12, 7, 8, 9, 13, 10, 18, 3, 2, 15, 17, 16, 6, 19]",820.0,"[0, 1, 14, 11, 4, 5, 12, 7, 8, 9, 13, 10, 18, 3, 2, 15, 17, 16, 6, 19]",820.0,10.070231676101685
"[0, 1, 14, 11, 4, 5, 12, 7, 8, 9, 13, 10, 18, 3, 2, 15, 17, 16, 6, 19]",820.0,"[0, 1, 14, 11, 4, 5, 12, 7, 8, 9, 13, 10, 18, 3, 2, 15, 17, 16, 6, 19]",820.0,10.134225368499756
"[0, 1, 14, 11, 4, 5, 12, 7, 8, 9, 13, 10, 18, 3, 2, 15, 17, 16, 6, 19]",820.0,"[0, 1, 14, 11, 4, 5, 12, 7, 8, 9, 13, 10, 18, 3, 2, 15, 17, 16, 6, 19]",820.0,10.197227001190186
"[0, 1, 14, 11, 4, 5, 12, 7, 8, 9, 13, 10, 18, 3, 2, 15, 17, 16, 6, 19]",820.0,"[0, 1, 14, 11, 4, 5, 12, 7, 8, 9, 13, 10, 18, 3, 2, 15, 17, 16, 6, 19]",820.0,10.260228872299194
"[0, 1, 14, 11, 4, 5, 12, 7, 8, 9, 13, 10, 18, 3, 2, 15, 17, 16, 6, 19]",820.0,"[0, 1, 14, 11, 4, 5, 12, 7, 8, 9, 13, 10, 18, 3, 2, 15, 17, 16, 6, 19]",820.0,10.326239585876465
"[1, 0, 14, 11, 4, 5, 12, 7, 8, 9, 13, 10, 18, 3, 2, 15, 17, 16, 6, 19]",818.5,"[1, 0, 14, 11, 4, 5, 12, 7, 8, 9, 13, 10, 18, 3, 2, 15, 17, 16, 6, 19]",818.5,10.38923692703247
"[1, 0, 14, 11, 4, 5, 12, 7, 8, 9, 13, 10, 18, 3, 2, 15, 17, 16, 6, 19]",818.5,"[1, 0, 14, 11, 4, 5, 12, 7, 8, 9, 13, 10, 18, 3, 2, 15, 17, 16, 6, 19]",818.5,10.451240062713623
"[1, 0, 14, 11, 4, 5, 12, 7, 8, 9, 13, 10, 18, 3, 2, 15, 17, 16, 6, 19]",818.5,"[1, 0, 14, 11, 4, 5, 12, 7, 8, 9, 13, 10, 18, 3, 2, 15, 17, 16, 6, 19]",818.5,10.515235185623169
"[1, 0, 14, 11, 4, 5, 12, 7, 8, 9, 13, 10, 18, 3, 2, 15, 17, 16, 6, 19]",818.5,"[1, 0, 14, 11, 4, 5, 12, 7, 8, 9, 13, 10, 18, 3, 2, 15, 17, 16, 6, 19]",818.5,10.576232433319092
"[1, 0, 14, 11, 4, 5, 12, 7, 8, 9, 13, 10, 18, 3, 2, 15, 17, 16, 6, 19]",818.5,"[1, 0, 14, 11, 4, 5, 12, 7, 8, 9, 13, 10, 18, 3, 2, 15, 17, 16, 6, 19]",818.5,10.640239000320435
"[1, 0, 14, 11, 4, 5, 12, 7, 8, 9, 13, 10, 18, 3, 2, 15, 17, 16, 6, 19]",818.5,"[1, 0, 14, 11, 4, 5, 12, 7, 8, 9, 13, 10, 18, 3, 2, 15, 17, 16, 6, 19]",818.5,10.70323896408081
"[1, 0, 14, 11, 4, 5, 12, 7, 8, 9, 13, 10, 18, 3, 2, 15, 17, 16, 6, 19]",818.5,"[1, 0, 14, 11, 4, 5, 12, 7, 8, 9, 13, 10, 18, 3, 2, 15, 17, 16, 6, 19]",818.5,10.765239238739014
"[1, 0, 14, 11, 4, 5, 12, 7, 8, 9, 13, 10, 18, 3, 2, 15, 17, 16, 6, 19]",818.5,"[1, 0, 14, 11, 4, 5, 12, 7, 8, 9, 13, 10, 18, 3, 2, 15, 17, 16, 6, 19]",818.5,10.829240560531616
"[1, 0, 14, 11, 4, 5, 12, 7, 8, 9, 13, 10, 18, 3, 2, 15, 17, 16, 6, 19]",818.5,"[1, 0, 14, 11, 4, 5, 12, 7, 8, 9, 13, 10, 18, 3, 2, 15, 17, 16, 6, 19]",818.5,10.893245220184326
"[1, 0, 14, 11, 4, 5, 12, 7, 8, 9, 13, 10, 18, 3, 2, 15, 17, 16, 6, 19]",818.5,"[1, 0, 14, 11, 4, 5, 12, 7, 8, 9, 13, 10, 18, 3, 2, 15, 17, 16, 6, 19]",818.5,10.959246158599854
"[1, 0, 14, 11, 4, 5, 12, 7, 8, 9, 13, 10, 18, 3, 2, 15, 17, 16, 6, 19]",818.5,"[1, 0, 14, 11, 4, 5, 12, 7, 8, 9, 13, 10, 18, 3, 2, 15, 17, 16, 6, 19]",818.5,11.048249244689941
"[1, 0, 14, 11, 4, 5, 12, 7, 8, 9, 13, 10, 18, 3, 2, 15, 17, 16, 6, 19]",818.5,"[1, 0, 14, 11, 4, 5, 12, 7, 8, 9, 13, 10, 18, 3, 2, 15, 17, 16, 6, 19]",818.5,11.112247943878174
"[1, 0, 14, 11, 4, 5, 12, 7, 8, 9, 13, 10, 18, 3, 2, 15, 17, 16, 6, 19]",818.5,"[1, 0, 14, 11, 4, 5, 12, 7, 8, 9, 13, 10, 18, 3, 2, 15, 17, 16, 6, 19]",818.5,11.174250364303589
"[1, 0, 14, 11, 4, 5, 12, 7, 8, 9, 13, 10, 18, 3, 2, 15, 17, 16, 6, 19]",818.5,"[1, 0, 14, 11, 4, 5, 12, 7, 8, 9, 13, 10, 18, 3, 2, 15, 17, 16, 6, 19]",818.5,11.239249467849731
"[1, 0, 14, 11, 4, 5, 12, 7, 8, 9, 13, 10, 18, 3, 2, 15, 17, 16, 6, 19]",818.5,"[1, 0, 14, 11, 4, 5, 12, 7, 8, 9, 13, 10, 18, 3, 2, 15, 17, 16, 6, 19]",818.5,11.303259372711182
"[1, 0, 14, 11, 4, 5, 12, 7, 8, 9, 13, 10, 18, 3, 2, 15, 17, 16, 6, 19]",818.5,"[1, 0, 14, 11, 4, 5, 12, 7, 8, 9, 13, 10, 18, 3, 2, 15, 17, 16, 6, 19]",818.5,11.367254734039307
"[1, 0, 14, 11, 4, 5, 12, 7, 8, 9, 13, 10, 18, 3, 2, 15, 17, 16, 6, 19]",818.5,"[1, 0, 14, 11, 4, 5, 12, 7, 8, 9, 13, 10, 18, 3, 2, 15, 17, 16, 6, 19]",818.5,11.430259704589844
"[1, 0, 14, 11, 4, 5, 12, 7, 8, 9, 13, 10, 18, 3, 2, 15, 17, 16, 6, 19]",818.5,"[1, 0, 14, 11, 4, 5, 12, 7, 8, 9, 13, 10, 18, 3, 2, 15, 17, 16, 6, 19]",818.5,11.493258237838745
"[1, 0, 14, 11, 4, 5, 12, 7, 8, 9, 13, 10, 18, 3, 2, 15, 17, 16, 6, 19]",818.5,"[1, 0, 14, 11, 4, 5, 12, 7, 8, 9, 13, 10, 18, 3, 2, 15, 17, 16, 6, 19]",818.5,11.5542573928833
"[1, 0, 14, 11, 4, 5, 12, 7, 8, 9, 13, 10, 18, 3, 2, 15, 17, 16, 6, 19]",818.5,"[1, 0, 14, 11, 4, 5, 12, 7, 8, 9, 13, 10, 18, 3, 2, 15, 17, 16, 6, 19]",818.5,11.61725902557373
"[1, 0, 14, 11, 4, 5, 12, 7, 8, 9, 13, 10, 18, 3, 2, 15, 17, 16, 6, 19]",818.5,"[1, 0, 14, 11, 4, 5, 12, 7, 8, 9, 13, 10, 18, 3, 2, 15, 17, 16, 6, 19]",818.5,11.679260492324829
"[1, 0, 14, 11, 4, 5, 12, 7, 8, 9, 13, 10, 18, 3, 2, 15, 17, 16, 6, 19]",818.5,"[1, 0, 14, 11, 4, 5, 12, 7, 8, 9, 13, 10, 18, 3, 2, 15, 17, 16, 6, 19]",818.5,11.743263483047485
"[1, 0, 14, 11, 4, 5, 12, 7, 8, 9, 13, 10, 18, 3, 2, 15, 17, 16, 6, 19]",818.5,"[1, 0, 14, 11, 4, 5, 12, 7, 8, 9, 13, 10, 18, 3, 2, 15, 17, 16, 6, 19]",818.5,11.808265924453735
"[1, 0, 14, 11, 4, 5, 12, 7, 8, 9, 13, 10, 18, 3, 2, 15, 17, 16, 6, 19]",818.5,"[1, 0, 14, 11, 4, 5, 12, 7, 8, 9, 13, 10, 18, 3, 2, 15, 17, 16, 6, 19]",818.5,11.871270179748535
"[1, 0, 14, 11, 4, 5, 12, 7, 8, 9, 13, 10, 18, 3, 2, 15, 17, 16, 6, 19]",818.5,"[1, 0, 14, 11, 4, 5, 12, 7, 8, 9, 13, 10, 18, 3, 2, 15, 17, 16, 6, 19]",818.5,11.932269096374512
"[1, 0, 14, 11, 4, 5, 12, 7, 8, 9, 13, 10, 18, 3, 2, 15, 17, 16, 6, 19]",818.5,"[1, 0, 14, 11, 4, 5, 12, 7, 8, 9, 13, 10, 18, 3, 2, 15, 17, 16, 6, 19]",818.5,11.993266105651855
"[1, 0, 14, 11, 4, 5, 12, 7, 8, 9, 13, 10, 18, 3, 2, 15, 17, 16, 6, 19]",818.5,"[1, 0, 14, 11, 4, 5, 12, 7, 8, 9, 13, 10, 18, 3, 2, 15, 17, 16, 6, 19]",818.5,12.054295778274536
"[1, 0, 14, 11, 4, 5, 12, 7, 8, 9, 13, 10, 18, 3, 2, 15, 17, 16, 6, 19]",818.5,"[1, 0, 14, 11, 4, 5, 12, 7, 8, 9, 13, 10, 18, 3, 2, 15, 17, 16, 6, 19]",818.5,12.116268873214722
"[1, 0, 14, 11, 4, 5, 12, 7, 8, 9, 13, 10, 18, 3, 2, 15, 17, 16, 6, 19]",818.5,"[1, 0, 14, 11, 4, 5, 12, 7, 8, 9, 13, 10, 18, 3, 2, 15, 17, 16, 6, 19]",818.5,12.177272319793701
"[1, 0, 14, 11, 4, 5, 12, 7, 8, 9, 13, 10, 18, 3, 2, 15, 17, 16, 6, 19]",818.5,"[1, 0, 14, 11, 4, 5, 12, 7, 8, 9, 13, 10, 18, 3, 2, 15, 17, 16, 6, 19]",818.5,12.239273309707642
"[1, 0, 14, 11, 4, 5, 12, 7, 8, 9, 13, 10, 18, 3, 2, 15, 17, 16, 6, 19]",818.5,"[1, 0, 14, 11, 4, 5, 12, 7, 8, 9, 13, 10, 18, 3, 2, 15, 17, 16, 6, 19]",818.5,12.302273750305176
"[1, 0, 14, 11, 4, 5, 12, 7, 8, 9, 13, 10, 18, 3, 2, 15, 17, 16, 6, 19]",818.5,"[1, 0, 14, 11, 4, 5, 12, 7, 8, 9, 13, 10, 18, 3, 2, 15, 17, 16, 6, 19]",818.5,12.366273641586304
"[1, 0, 14, 11, 4, 5, 12, 7, 8, 9, 13, 10, 18, 3, 2, 15, 17, 16, 6, 19]",818.5,"[1, 0, 14, 11, 4, 5, 12, 7, 8, 9, 13, 10, 18, 3, 2, 15, 17, 16, 6, 19]",818.5,12.42727780342102
"[1, 0, 14, 11, 4, 5, 12, 7, 8, 9, 13, 10, 18, 3, 2, 15, 17, 16, 6, 19]",818.5,"[1, 0, 14, 11, 4, 5, 12, 7, 8, 9, 13, 10, 18, 3, 2, 15, 17, 16, 6, 19]",818.5,12.491280317306519
"[1, 0, 14, 11, 4, 5, 12, 7, 8, 9, 13, 10, 18, 3, 2, 15, 17, 16, 6, 19]",818.5,"[1, 0, 14, 11, 4, 5, 12, 7, 8, 9, 13, 10, 18, 3, 2, 15, 17, 16, 6, 19]",818.5,12.556287050247192
"[1, 0, 14, 11, 4, 5, 12, 7, 8, 9, 13, 10, 18, 3, 2, 15, 17, 16, 6, 19]",818.5,"[1, 0, 14, 11, 4, 5, 12, 7, 8, 9, 13, 10, 18, 3, 2, 15, 17, 16, 6, 19]",818.5,12.621279954910278
"[1, 0, 14, 11, 4, 5, 12, 7, 8, 9, 13, 10, 18, 3, 2, 15, 17, 16, 6, 19]",818.5,"[1, 0, 14, 11, 4, 5, 12, 7, 8, 9, 13, 10, 18, 3, 2, 15, 17, 16, 6, 19]",818.5,12.68428087234497
"[1, 0, 14, 11, 4, 5, 12, 7, 8, 9, 13, 10, 18, 3, 2, 15, 17, 16, 6, 19]",818.5,"[1, 0, 14, 11, 4, 5, 12, 7, 8, 9, 13, 10, 18, 3, 2, 15, 17, 16, 6, 19]",818.5,12.747284412384033
