Sequence,Fitness,Best_sequence,Best_fitness,Time
"[14, 2, 1, 17, 4, 16, 6, 7, 15, 12, 9, 11, 19, 18, 13, 5, 0, 8, 3, 10]",968.5,"[14, 2, 1, 17, 4, 16, 6, 7, 15, 12, 9, 11, 19, 18, 13, 5, 0, 8, 3, 10]",968.5,0.0
"[14, 2, 1, 17, 4, 16, 6, 7, 15, 12, 9, 11, 19, 18, 13, 5, 0, 8, 3, 10]",968.5,"[14, 2, 1, 17, 4, 16, 6, 7, 15, 12, 9, 11, 19, 18, 13, 5, 0, 8, 3, 10]",968.5,0.06697702407836914
"[14, 2, 1, 17, 4, 16, 6, 7, 15, 12, 9, 11, 19, 18, 8, 5, 0, 13, 3, 10]",958.5,"[14, 2, 1, 17, 4, 16, 6, 7, 15, 12, 9, 11, 19, 18, 8, 5, 0, 13, 3, 10]",958.5,0.13297796249389648
"[14, 2, 1, 17, 4, 16, 6, 7, 15, 12, 9, 11, 19, 18, 8, 5, 0, 13, 3, 10]",958.5,"[14, 2, 1, 17, 4, 16, 6, 7, 15, 12, 9, 11, 19, 18, 8, 5, 0, 13, 3, 10]",958.5,0.19697976112365723
"[14, 10, 1, 17, 4, 16, 6, 7, 15, 12, 9, 11, 19, 18, 8, 5, 0, 13, 3, 2]",956.0,"[14, 10, 1, 17, 4, 16, 6, 7, 15, 12, 9, 11, 19, 18, 8, 5, 0, 13, 3, 2]",956.0,0.26198387145996094
"[14, 10, 1, 17, 4, 15, 6, 7, 16, 12, 9, 11, 19, 18, 8, 5, 0, 13, 3, 2]",942.0,"[14, 10, 1, 17, 4, 15, 6, 7, 16, 12, 9, 11, 19, 18, 8, 5, 0, 13, 3, 2]",942.0,0.3280222415924072
"[14, 8, 1, 17, 4, 15, 6, 7, 16, 12, 9, 11, 19, 18, 10, 5, 0, 13, 3, 2]",906.5,"[14, 8, 1, 17, 4, 15, 6, 7, 16, 12, 9, 11, 19, 18, 10, 5, 0, 13, 3, 2]",906.5,0.3910214900970459
"[14, 8, 1, 17, 4, 15, 6, 9, 16, 12, 7, 11, 19, 18, 10, 5, 0, 13, 3, 2]",888.5,"[14, 8, 1, 17, 4, 15, 6, 9, 16, 12, 7, 11, 19, 18, 10, 5, 0, 13, 3, 2]",888.5,0.46001720428466797
"[14, 8, 1, 17, 4, 15, 6, 9, 16, 12, 7, 11, 19, 18, 10, 5, 0, 13, 3, 2]",888.5,"[14, 8, 1, 17, 4, 15, 6, 9, 16, 12, 7, 11, 19, 18, 10, 5, 0, 13, 3, 2]",888.5,0.5270185470581055
"[14, 8, 1, 17, 4, 15, 6, 9, 16, 12, 7, 11, 19, 18, 10, 5, 0, 13, 3, 2]",888.5,"[14, 8, 1, 17, 4, 15, 6, 9, 16, 12, 7, 11, 19, 18, 10, 5, 0, 13, 3, 2]",888.5,0.5940196514129639
"[14, 8, 1, 17, 4, 15, 6, 9, 16, 12, 7, 11, 19, 18, 10, 5, 0, 13, 3, 2]",888.5,"[14, 8, 1, 17, 4, 15, 6, 9, 16, 12, 7, 11, 19, 18, 10, 5, 0, 13, 3, 2]",888.5,0.6590204238891602
"[14, 8, 1, 17, 4, 15, 6, 9, 16, 12, 7, 11, 19, 18, 10, 5, 0, 13, 3, 2]",888.5,"[14, 8, 1, 17, 4, 15, 6, 9, 16, 12, 7, 11, 19, 18, 10, 5, 0, 13, 3, 2]",888.5,0.7230207920074463
"[14, 8, 1, 17, 4, 15, 6, 9, 16, 12, 7, 11, 19, 18, 10, 5, 0, 13, 3, 2]",888.5,"[14, 8, 1, 17, 4, 15, 6, 9, 16, 12, 7, 11, 19, 18, 10, 5, 0, 13, 3, 2]",888.5,0.7900216579437256
"[14, 8, 1, 17, 4, 15, 6, 9, 16, 12, 7, 11, 19, 18, 10, 5, 0, 13, 3, 2]",888.5,"[14, 8, 1, 17, 4, 15, 6, 9, 16, 12, 7, 11, 19, 18, 10, 5, 0, 13, 3, 2]",888.5,0.8510265350341797
"[14, 8, 1, 17, 4, 9, 6, 15, 16, 12, 7, 11, 19, 18, 10, 5, 0, 13, 3, 2]",878.5,"[14, 8, 1, 17, 4, 9, 6, 15, 16, 12, 7, 11, 19, 18, 10, 5, 0, 13, 3, 2]",878.5,0.9120323657989502
"[14, 8, 1, 17, 4, 9, 6, 15, 16, 12, 7, 11, 19, 18, 10, 5, 0, 13, 3, 2]",878.5,"[14, 8, 1, 17, 4, 9, 6, 15, 16, 12, 7, 11, 19, 18, 10, 5, 0, 13, 3, 2]",878.5,0.9780237674713135
"[14, 8, 1, 17, 4, 9, 6, 15, 16, 12, 7, 11, 19, 18, 10, 5, 0, 13, 3, 2]",878.5,"[14, 8, 1, 17, 4, 9, 6, 15, 16, 12, 7, 11, 19, 18, 10, 5, 0, 13, 3, 2]",878.5,1.0410237312316895
"[14, 8, 1, 17, 4, 9, 6, 15, 16, 12, 7, 11, 19, 18, 10, 5, 0, 13, 3, 2]",878.5,"[14, 8, 1, 17, 4, 9, 6, 15, 16, 12, 7, 11, 19, 18, 10, 5, 0, 13, 3, 2]",878.5,1.1040380001068115
"[14, 8, 1, 17, 4, 9, 6, 15, 16, 12, 7, 11, 19, 18, 10, 5, 0, 13, 3, 2]",878.5,"[14, 8, 1, 17, 4, 9, 6, 15, 16, 12, 7, 11, 19, 18, 10, 5, 0, 13, 3, 2]",878.5,1.1650280952453613
"[14, 8, 1, 17, 4, 9, 6, 15, 16, 12, 7, 11, 19, 18, 10, 5, 0, 13, 3, 2]",878.5,"[14, 8, 1, 17, 4, 9, 6, 15, 16, 12, 7, 11, 19, 18, 10, 5, 0, 13, 3, 2]",878.5,1.2260308265686035
"[0, 8, 1, 17, 4, 9, 6, 15, 16, 12, 7, 11, 19, 18, 10, 5, 14, 13, 3, 2]",864.0,"[0, 8, 1, 17, 4, 9, 6, 15, 16, 12, 7, 11, 19, 18, 10, 5, 14, 13, 3, 2]",864.0,1.2870309352874756
"[0, 8, 1, 17, 4, 9, 6, 15, 16, 12, 7, 11, 19, 18, 10, 5, 14, 13, 3, 2]",864.0,"[0, 8, 1, 17, 4, 9, 6, 15, 16, 12, 7, 11, 19, 18, 10, 5, 14, 13, 3, 2]",864.0,1.3480572700500488
"[0, 8, 1, 17, 4, 9, 6, 15, 16, 12, 7, 11, 19, 18, 10, 5, 14, 13, 3, 2]",864.0,"[0, 8, 1, 17, 4, 9, 6, 15, 16, 12, 7, 11, 19, 18, 10, 5, 14, 13, 3, 2]",864.0,1.4130520820617676
"[0, 8, 1, 17, 4, 9, 6, 15, 16, 12, 7, 11, 19, 18, 10, 5, 14, 13, 3, 2]",864.0,"[0, 8, 1, 17, 4, 9, 6, 15, 16, 12, 7, 11, 19, 18, 10, 5, 14, 13, 3, 2]",864.0,1.4750542640686035
"[0, 8, 1, 17, 4, 9, 6, 15, 16, 12, 7, 11, 19, 18, 10, 5, 14, 13, 3, 2]",864.0,"[0, 8, 1, 17, 4, 9, 6, 15, 16, 12, 7, 11, 19, 18, 10, 5, 14, 13, 3, 2]",864.0,1.5360567569732666
"[0, 8, 1, 17, 4, 9, 6, 15, 16, 12, 7, 11, 19, 18, 10, 5, 14, 13, 3, 2]",864.0,"[0, 8, 1, 17, 4, 9, 6, 15, 16, 12, 7, 11, 19, 18, 10, 5, 14, 13, 3, 2]",864.0,1.5970547199249268
"[0, 8, 4, 17, 1, 9, 6, 15, 16, 12, 7, 11, 19, 18, 10, 5, 14, 13, 3, 2]",861.0,"[0, 8, 4, 17, 1, 9, 6, 15, 16, 12, 7, 11, 19, 18, 10, 5, 14, 13, 3, 2]",861.0,1.657057523727417
"[0, 8, 4, 17, 1, 9, 6, 15, 16, 12, 7, 11, 19, 18, 10, 5, 14, 13, 3, 2]",861.0,"[0, 8, 4, 17, 1, 9, 6, 15, 16, 12, 7, 11, 19, 18, 10, 5, 14, 13, 3, 2]",861.0,1.7170608043670654
"[0, 8, 4, 17, 1, 9, 6, 15, 16, 12, 14, 11, 19, 18, 10, 5, 7, 13, 3, 2]",857.5,"[0, 8, 4, 17, 1, 9, 6, 15, 16, 12, 14, 11, 19, 18, 10, 5, 7, 13, 3, 2]",857.5,1.778059482574463
"[0, 8, 4, 17, 1, 9, 6, 15, 16, 12, 14, 11, 19, 18, 10, 5, 7, 13, 3, 2]",857.5,"[0, 8, 4, 17, 1, 9, 6, 15, 16, 12, 14, 11, 19, 18, 10, 5, 7, 13, 3, 2]",857.5,1.8380582332611084
"[0, 8, 4, 17, 1, 9, 6, 15, 16, 12, 14, 11, 19, 18, 10, 5, 7, 13, 3, 2]",857.5,"[0, 8, 4, 17, 1, 9, 6, 15, 16, 12, 14, 11, 19, 18, 10, 5, 7, 13, 3, 2]",857.5,1.8980624675750732
"[0, 8, 4, 17, 1, 9, 6, 15, 16, 12, 14, 11, 19, 18, 10, 5, 7, 13, 3, 2]",857.5,"[0, 8, 4, 17, 1, 9, 6, 15, 16, 12, 14, 11, 19, 18, 10, 5, 7, 13, 3, 2]",857.5,1.9590647220611572
"[0, 8, 4, 17, 1, 9, 6, 15, 16, 12, 14, 11, 19, 18, 10, 5, 7, 13, 3, 2]",857.5,"[0, 8, 4, 17, 1, 9, 6, 15, 16, 12, 14, 11, 19, 18, 10, 5, 7, 13, 3, 2]",857.5,2.0290703773498535
"[0, 8, 4, 17, 1, 9, 6, 15, 16, 12, 14, 11, 19, 18, 10, 5, 7, 13, 3, 2]",857.5,"[0, 8, 4, 17, 1, 9, 6, 15, 16, 12, 14, 11, 19, 18, 10, 5, 7, 13, 3, 2]",857.5,2.1000638008117676
"[0, 8, 4, 17, 1, 9, 6, 15, 16, 12, 14, 11, 19, 18, 10, 5, 7, 13, 3, 2]",857.5,"[0, 8, 4, 17, 1, 9, 6, 15, 16, 12, 14, 11, 19, 18, 10, 5, 7, 13, 3, 2]",857.5,2.165065050125122
"[0, 8, 4, 17, 1, 9, 6, 15, 16, 12, 14, 11, 19, 18, 10, 5, 7, 13, 3, 2]",857.5,"[0, 8, 4, 17, 1, 9, 6, 15, 16, 12, 14, 11, 19, 18, 10, 5, 7, 13, 3, 2]",857.5,2.2250709533691406
"[0, 8, 4, 17, 1, 9, 6, 15, 16, 12, 14, 11, 19, 18, 10, 5, 7, 13, 3, 2]",857.5,"[0, 8, 4, 17, 1, 9, 6, 15, 16, 12, 14, 11, 19, 18, 10, 5, 7, 13, 3, 2]",857.5,2.288062810897827
"[0, 8, 4, 17, 1, 9, 6, 15, 16, 12, 14, 11, 19, 18, 10, 5, 7, 13, 3, 2]",857.5,"[0, 8, 4, 17, 1, 9, 6, 15, 16, 12, 14, 11, 19, 18, 10, 5, 7, 13, 3, 2]",857.5,2.34806752204895
"[0, 8, 4, 17, 1, 9, 6, 15, 16, 12, 14, 11, 19, 18, 10, 5, 7, 13, 3, 2]",857.5,"[0, 8, 4, 17, 1, 9, 6, 15, 16, 12, 14, 11, 19, 18, 10, 5, 7, 13, 3, 2]",857.5,2.408066987991333
"[0, 8, 4, 17, 1, 9, 6, 15, 16, 12, 14, 11, 19, 18, 10, 5, 7, 13, 3, 2]",857.5,"[0, 8, 4, 17, 1, 9, 6, 15, 16, 12, 14, 11, 19, 18, 10, 5, 7, 13, 3, 2]",857.5,2.473066568374634
"[0, 8, 4, 17, 1, 9, 6, 15, 16, 12, 14, 11, 19, 18, 10, 5, 7, 13, 3, 2]",857.5,"[0, 8, 4, 17, 1, 9, 6, 15, 16, 12, 14, 11, 19, 18, 10, 5, 7, 13, 3, 2]",857.5,2.535067319869995
"[0, 8, 4, 17, 1, 9, 6, 15, 16, 12, 14, 11, 19, 18, 10, 5, 7, 13, 3, 2]",857.5,"[0, 8, 4, 17, 1, 9, 6, 15, 16, 12, 14, 11, 19, 18, 10, 5, 7, 13, 3, 2]",857.5,2.5980682373046875
"[0, 8, 4, 17, 1, 9, 6, 15, 16, 12, 14, 11, 19, 18, 10, 5, 7, 13, 3, 2]",857.5,"[0, 8, 4, 17, 1, 9, 6, 15, 16, 12, 14, 11, 19, 18, 10, 5, 7, 13, 3, 2]",857.5,2.6640677452087402
"[0, 8, 4, 17, 1, 9, 6, 15, 16, 12, 14, 11, 19, 18, 10, 5, 7, 13, 3, 2]",857.5,"[0, 8, 4, 17, 1, 9, 6, 15, 16, 12, 14, 11, 19, 18, 10, 5, 7, 13, 3, 2]",857.5,2.7270729541778564
"[0, 8, 4, 17, 1, 9, 6, 15, 16, 12, 14, 11, 19, 18, 10, 5, 7, 13, 3, 2]",857.5,"[0, 8, 4, 17, 1, 9, 6, 15, 16, 12, 14, 11, 19, 18, 10, 5, 7, 13, 3, 2]",857.5,2.791071891784668
"[0, 8, 4, 17, 1, 9, 6, 15, 16, 12, 14, 13, 19, 18, 10, 5, 7, 11, 3, 2]",855.0,"[0, 8, 4, 17, 1, 9, 6, 15, 16, 12, 14, 13, 19, 18, 10, 5, 7, 11, 3, 2]",855.0,2.8560731410980225
"[0, 8, 4, 17, 1, 9, 6, 15, 16, 12, 14, 13, 19, 18, 10, 5, 7, 11, 3, 2]",855.0,"[0, 8, 4, 17, 1, 9, 6, 15, 16, 12, 14, 13, 19, 18, 10, 5, 7, 11, 3, 2]",855.0,2.9236581325531006
"[0, 8, 4, 17, 1, 9, 6, 15, 16, 12, 14, 13, 19, 18, 10, 5, 7, 11, 3, 2]",855.0,"[0, 8, 4, 17, 1, 9, 6, 15, 16, 12, 14, 13, 19, 18, 10, 5, 7, 11, 3, 2]",855.0,2.986659049987793
"[0, 8, 4, 17, 1, 9, 6, 15, 16, 12, 14, 13, 19, 18, 10, 5, 7, 11, 3, 2]",855.0,"[0, 8, 4, 17, 1, 9, 6, 15, 16, 12, 14, 13, 19, 18, 10, 5, 7, 11, 3, 2]",855.0,3.0506680011749268
"[0, 8, 4, 17, 1, 9, 6, 15, 16, 12, 14, 13, 19, 18, 10, 5, 7, 11, 3, 2]",855.0,"[0, 8, 4, 17, 1, 9, 6, 15, 16, 12, 14, 13, 19, 18, 10, 5, 7, 11, 3, 2]",855.0,3.1172704696655273
"[0, 8, 4, 17, 1, 9, 6, 15, 16, 12, 14, 13, 19, 18, 10, 5, 7, 11, 3, 2]",855.0,"[0, 8, 4, 17, 1, 9, 6, 15, 16, 12, 14, 13, 19, 18, 10, 5, 7, 11, 3, 2]",855.0,3.186272621154785
"[0, 8, 4, 17, 1, 9, 6, 15, 16, 12, 14, 13, 19, 18, 10, 5, 7, 11, 3, 2]",855.0,"[0, 8, 4, 17, 1, 9, 6, 15, 16, 12, 14, 13, 19, 18, 10, 5, 7, 11, 3, 2]",855.0,3.2492711544036865
"[0, 8, 4, 17, 1, 9, 6, 15, 16, 12, 14, 13, 19, 18, 10, 5, 7, 11, 3, 2]",855.0,"[0, 8, 4, 17, 1, 9, 6, 15, 16, 12, 14, 13, 19, 18, 10, 5, 7, 11, 3, 2]",855.0,3.3112759590148926
"[0, 8, 4, 17, 1, 9, 6, 15, 16, 12, 14, 13, 19, 18, 10, 5, 7, 11, 3, 2]",855.0,"[0, 8, 4, 17, 1, 9, 6, 15, 16, 12, 14, 13, 19, 18, 10, 5, 7, 11, 3, 2]",855.0,3.3722736835479736
"[0, 8, 4, 17, 1, 9, 6, 15, 16, 12, 14, 13, 19, 18, 10, 5, 7, 11, 3, 2]",855.0,"[0, 8, 4, 17, 1, 9, 6, 15, 16, 12, 14, 13, 19, 18, 10, 5, 7, 11, 3, 2]",855.0,3.434279680252075
"[0, 8, 4, 17, 1, 9, 6, 15, 16, 12, 14, 13, 19, 18, 10, 5, 7, 11, 3, 2]",855.0,"[0, 8, 4, 17, 1, 9, 6, 15, 16, 12, 14, 13, 19, 18, 10, 5, 7, 11, 3, 2]",855.0,3.497274160385132
"[0, 8, 4, 17, 1, 9, 6, 15, 16, 12, 14, 13, 19, 18, 10, 5, 7, 11, 3, 2]",855.0,"[0, 8, 4, 17, 1, 9, 6, 15, 16, 12, 14, 13, 19, 18, 10, 5, 7, 11, 3, 2]",855.0,3.5602807998657227
"[0, 8, 4, 17, 1, 9, 6, 15, 16, 12, 14, 13, 19, 18, 10, 5, 7, 11, 3, 2]",855.0,"[0, 8, 4, 17, 1, 9, 6, 15, 16, 12, 14, 13, 19, 18, 10, 5, 7, 11, 3, 2]",855.0,3.622281551361084
"[0, 8, 4, 17, 1, 9, 6, 15, 16, 12, 14, 13, 19, 18, 10, 5, 7, 11, 3, 2]",855.0,"[0, 8, 4, 17, 1, 9, 6, 15, 16, 12, 14, 13, 19, 18, 10, 5, 7, 11, 3, 2]",855.0,3.6842803955078125
"[0, 8, 4, 17, 1, 9, 6, 15, 16, 12, 14, 13, 19, 18, 10, 5, 7, 11, 3, 2]",855.0,"[0, 8, 4, 17, 1, 9, 6, 15, 16, 12, 14, 13, 19, 18, 10, 5, 7, 11, 3, 2]",855.0,3.746281623840332
"[0, 8, 4, 17, 1, 9, 6, 15, 16, 12, 14, 13, 19, 18, 10, 5, 7, 11, 3, 2]",855.0,"[0, 8, 4, 17, 1, 9, 6, 15, 16, 12, 14, 13, 19, 18, 10, 5, 7, 11, 3, 2]",855.0,3.8112823963165283
"[8, 0, 4, 17, 1, 9, 6, 15, 16, 12, 14, 13, 19, 18, 10, 5, 7, 11, 3, 2]",854.5,"[8, 0, 4, 17, 1, 9, 6, 15, 16, 12, 14, 13, 19, 18, 10, 5, 7, 11, 3, 2]",854.5,3.875293254852295
"[8, 0, 4, 17, 1, 9, 6, 15, 16, 12, 14, 13, 19, 18, 10, 5, 7, 11, 3, 2]",854.5,"[8, 0, 4, 17, 1, 9, 6, 15, 16, 12, 14, 13, 19, 18, 10, 5, 7, 11, 3, 2]",854.5,3.9372856616973877
"[8, 0, 4, 17, 1, 9, 6, 15, 16, 12, 14, 13, 19, 18, 10, 5, 7, 11, 3, 2]",854.5,"[8, 0, 4, 17, 1, 9, 6, 15, 16, 12, 14, 13, 19, 18, 10, 5, 7, 11, 3, 2]",854.5,3.9982879161834717
"[8, 0, 4, 17, 1, 9, 6, 15, 16, 12, 14, 13, 19, 18, 10, 5, 7, 11, 3, 2]",854.5,"[8, 0, 4, 17, 1, 9, 6, 15, 16, 12, 14, 13, 19, 18, 10, 5, 7, 11, 3, 2]",854.5,4.064283847808838
"[8, 0, 4, 17, 1, 9, 6, 15, 16, 12, 14, 13, 19, 18, 10, 5, 7, 11, 3, 2]",854.5,"[8, 0, 4, 17, 1, 9, 6, 15, 16, 12, 14, 13, 19, 18, 10, 5, 7, 11, 3, 2]",854.5,4.128286123275757
"[8, 0, 4, 17, 1, 9, 6, 15, 16, 12, 14, 13, 19, 18, 10, 5, 7, 11, 3, 2]",854.5,"[8, 0, 4, 17, 1, 9, 6, 15, 16, 12, 14, 13, 19, 18, 10, 5, 7, 11, 3, 2]",854.5,4.218289375305176
"[8, 0, 4, 17, 1, 9, 6, 15, 16, 12, 14, 13, 19, 18, 10, 5, 7, 11, 3, 2]",854.5,"[8, 0, 4, 17, 1, 9, 6, 15, 16, 12, 14, 13, 19, 18, 10, 5, 7, 11, 3, 2]",854.5,4.282287120819092
"[8, 0, 4, 17, 1, 9, 6, 15, 16, 12, 14, 13, 19, 18, 10, 5, 7, 11, 3, 2]",854.5,"[8, 0, 4, 17, 1, 9, 6, 15, 16, 12, 14, 13, 19, 18, 10, 5, 7, 11, 3, 2]",854.5,4.347296953201294
"[8, 0, 4, 17, 1, 9, 6, 15, 16, 12, 14, 13, 19, 18, 10, 5, 7, 11, 3, 2]",854.5,"[8, 0, 4, 17, 1, 9, 6, 15, 16, 12, 14, 13, 19, 18, 10, 5, 7, 11, 3, 2]",854.5,4.413288354873657
"[8, 0, 4, 17, 1, 9, 6, 15, 16, 12, 14, 13, 19, 18, 10, 5, 7, 11, 3, 2]",854.5,"[8, 0, 4, 17, 1, 9, 6, 15, 16, 12, 14, 13, 19, 18, 10, 5, 7, 11, 3, 2]",854.5,4.477289199829102
"[8, 0, 4, 17, 1, 9, 6, 15, 16, 12, 14, 13, 19, 18, 10, 5, 7, 11, 3, 2]",854.5,"[8, 0, 4, 17, 1, 9, 6, 15, 16, 12, 14, 13, 19, 18, 10, 5, 7, 11, 3, 2]",854.5,4.540287971496582
"[8, 0, 4, 17, 1, 9, 6, 15, 16, 12, 14, 13, 19, 18, 10, 5, 7, 11, 3, 2]",854.5,"[8, 0, 4, 17, 1, 9, 6, 15, 16, 12, 14, 13, 19, 18, 10, 5, 7, 11, 3, 2]",854.5,4.605291366577148
"[8, 0, 4, 17, 1, 9, 6, 15, 16, 12, 14, 13, 19, 18, 10, 5, 7, 11, 3, 2]",854.5,"[8, 0, 4, 17, 1, 9, 6, 15, 16, 12, 14, 13, 19, 18, 10, 5, 7, 11, 3, 2]",854.5,4.669291019439697
"[8, 0, 4, 17, 1, 9, 6, 15, 16, 12, 14, 13, 19, 18, 10, 5, 7, 11, 3, 2]",854.5,"[8, 0, 4, 17, 1, 9, 6, 15, 16, 12, 14, 13, 19, 18, 10, 5, 7, 11, 3, 2]",854.5,4.735296964645386
"[8, 0, 4, 17, 1, 9, 6, 15, 16, 12, 14, 13, 19, 18, 10, 5, 7, 11, 3, 2]",854.5,"[8, 0, 4, 17, 1, 9, 6, 15, 16, 12, 14, 13, 19, 18, 10, 5, 7, 11, 3, 2]",854.5,4.801304578781128
"[8, 0, 4, 17, 1, 9, 6, 15, 16, 12, 14, 13, 19, 18, 10, 5, 7, 11, 3, 2]",854.5,"[8, 0, 4, 17, 1, 9, 6, 15, 16, 12, 14, 13, 19, 18, 10, 5, 7, 11, 3, 2]",854.5,4.863297700881958
"[8, 0, 4, 17, 1, 9, 6, 15, 16, 12, 14, 13, 19, 18, 10, 5, 7, 11, 3, 2]",854.5,"[8, 0, 4, 17, 1, 9, 6, 15, 16, 12, 14, 13, 19, 18, 10, 5, 7, 11, 3, 2]",854.5,4.9272966384887695
"[8, 0, 4, 17, 1, 9, 6, 15, 16, 12, 14, 13, 19, 18, 10, 5, 7, 11, 3, 2]",854.5,"[8, 0, 4, 17, 1, 9, 6, 15, 16, 12, 14, 13, 19, 18, 10, 5, 7, 11, 3, 2]",854.5,4.994293689727783
"[8, 0, 4, 17, 1, 9, 6, 15, 16, 12, 14, 13, 19, 18, 10, 5, 7, 11, 3, 2]",854.5,"[8, 0, 4, 17, 1, 9, 6, 15, 16, 12, 14, 13, 19, 18, 10, 5, 7, 11, 3, 2]",854.5,5.062297582626343
"[8, 0, 4, 17, 1, 9, 6, 15, 16, 12, 14, 13, 19, 18, 10, 5, 7, 11, 3, 2]",854.5,"[8, 0, 4, 17, 1, 9, 6, 15, 16, 12, 14, 13, 19, 18, 10, 5, 7, 11, 3, 2]",854.5,5.126302003860474
"[8, 0, 4, 17, 1, 9, 6, 13, 16, 12, 14, 15, 19, 18, 10, 5, 7, 11, 3, 2]",852.0,"[8, 0, 4, 17, 1, 9, 6, 13, 16, 12, 14, 15, 19, 18, 10, 5, 7, 11, 3, 2]",852.0,5.1913001537323
"[8, 0, 4, 17, 1, 9, 6, 13, 16, 12, 14, 15, 19, 18, 10, 5, 7, 11, 3, 2]",852.0,"[8, 0, 4, 17, 1, 9, 6, 13, 16, 12, 14, 15, 19, 18, 10, 5, 7, 11, 3, 2]",852.0,5.263300180435181
"[8, 0, 4, 17, 1, 9, 6, 13, 16, 12, 14, 15, 19, 18, 10, 5, 7, 11, 3, 2]",852.0,"[8, 0, 4, 17, 1, 9, 6, 13, 16, 12, 14, 15, 19, 18, 10, 5, 7, 11, 3, 2]",852.0,5.32729959487915
"[8, 0, 4, 17, 1, 9, 6, 13, 16, 12, 14, 15, 19, 18, 10, 5, 7, 11, 3, 2]",852.0,"[8, 0, 4, 17, 1, 9, 6, 13, 16, 12, 14, 15, 19, 18, 10, 5, 7, 11, 3, 2]",852.0,5.388309478759766
"[8, 0, 4, 17, 1, 9, 6, 13, 16, 12, 14, 15, 19, 18, 10, 5, 7, 11, 3, 2]",852.0,"[8, 0, 4, 17, 1, 9, 6, 13, 16, 12, 14, 15, 19, 18, 10, 5, 7, 11, 3, 2]",852.0,5.455315589904785
"[8, 0, 4, 17, 1, 9, 6, 13, 16, 12, 14, 15, 19, 18, 10, 5, 7, 11, 3, 2]",852.0,"[8, 0, 4, 17, 1, 9, 6, 13, 16, 12, 14, 15, 19, 18, 10, 5, 7, 11, 3, 2]",852.0,5.519304037094116
"[8, 0, 4, 17, 1, 9, 6, 13, 16, 12, 14, 15, 19, 18, 10, 5, 7, 11, 3, 2]",852.0,"[8, 0, 4, 17, 1, 9, 6, 13, 16, 12, 14, 15, 19, 18, 10, 5, 7, 11, 3, 2]",852.0,5.581303358078003
"[8, 0, 4, 17, 1, 9, 6, 13, 16, 12, 14, 15, 19, 18, 10, 5, 7, 11, 3, 2]",852.0,"[8, 0, 4, 17, 1, 9, 6, 13, 16, 12, 14, 15, 19, 18, 10, 5, 7, 11, 3, 2]",852.0,5.645318031311035
"[8, 0, 4, 17, 1, 9, 6, 13, 16, 12, 14, 15, 19, 18, 10, 5, 7, 11, 3, 2]",852.0,"[8, 0, 4, 17, 1, 9, 6, 13, 16, 12, 14, 15, 19, 18, 10, 5, 7, 11, 3, 2]",852.0,5.710298538208008
"[8, 0, 4, 17, 1, 9, 6, 13, 16, 12, 14, 15, 19, 18, 10, 5, 7, 11, 3, 2]",852.0,"[8, 0, 4, 17, 1, 9, 6, 13, 16, 12, 14, 15, 19, 18, 10, 5, 7, 11, 3, 2]",852.0,5.775314569473267
"[8, 0, 4, 17, 1, 9, 6, 13, 16, 12, 14, 15, 19, 18, 10, 5, 7, 11, 3, 2]",852.0,"[8, 0, 4, 17, 1, 9, 6, 13, 16, 12, 14, 15, 19, 18, 10, 5, 7, 11, 3, 2]",852.0,5.840358018875122
"[8, 0, 4, 17, 1, 9, 6, 13, 16, 12, 14, 15, 19, 18, 10, 5, 7, 11, 3, 2]",852.0,"[8, 0, 4, 17, 1, 9, 6, 13, 16, 12, 14, 15, 19, 18, 10, 5, 7, 11, 3, 2]",852.0,5.907308340072632
"[8, 0, 4, 17, 1, 9, 6, 13, 16, 12, 14, 15, 19, 18, 10, 5, 7, 11, 3, 2]",852.0,"[8, 0, 4, 17, 1, 9, 6, 13, 16, 12, 14, 15, 19, 18, 10, 5, 7, 11, 3, 2]",852.0,5.97132420539856
"[8, 0, 4, 17, 1, 9, 6, 13, 16, 12, 14, 15, 19, 18, 10, 5, 7, 11, 3, 2]",852.0,"[8, 0, 4, 17, 1, 9, 6, 13, 16, 12, 14, 15, 19, 18, 10, 5, 7, 11, 3, 2]",852.0,6.039312839508057
"[8, 0, 4, 17, 1, 9, 6, 13, 16, 12, 14, 15, 19, 18, 10, 5, 7, 11, 3, 2]",852.0,"[8, 0, 4, 17, 1, 9, 6, 13, 16, 12, 14, 15, 19, 18, 10, 5, 7, 11, 3, 2]",852.0,6.107311964035034
"[8, 0, 4, 17, 1, 9, 6, 13, 16, 12, 14, 15, 19, 18, 10, 5, 7, 11, 3, 2]",852.0,"[8, 0, 4, 17, 1, 9, 6, 13, 16, 12, 14, 15, 19, 18, 10, 5, 7, 11, 3, 2]",852.0,6.170311212539673
"[8, 0, 4, 17, 1, 9, 6, 13, 16, 12, 14, 15, 19, 18, 10, 5, 7, 11, 3, 2]",852.0,"[8, 0, 4, 17, 1, 9, 6, 13, 16, 12, 14, 15, 19, 18, 10, 5, 7, 11, 3, 2]",852.0,6.236311912536621
"[8, 0, 4, 17, 1, 9, 6, 13, 16, 12, 14, 15, 19, 18, 10, 5, 7, 11, 3, 2]",852.0,"[8, 0, 4, 17, 1, 9, 6, 13, 16, 12, 14, 15, 19, 18, 10, 5, 7, 11, 3, 2]",852.0,6.299313068389893
"[8, 0, 4, 17, 1, 9, 6, 13, 16, 12, 14, 15, 19, 18, 10, 5, 7, 11, 3, 2]",852.0,"[8, 0, 4, 17, 1, 9, 6, 13, 16, 12, 14, 15, 19, 18, 10, 5, 7, 11, 3, 2]",852.0,6.363314151763916
"[8, 0, 4, 17, 1, 9, 6, 13, 16, 12, 14, 15, 19, 18, 10, 5, 7, 11, 3, 2]",852.0,"[8, 0, 4, 17, 1, 9, 6, 13, 16, 12, 14, 15, 19, 18, 10, 5, 7, 11, 3, 2]",852.0,6.426315546035767
"[8, 0, 4, 17, 1, 9, 6, 13, 16, 12, 14, 15, 19, 18, 10, 5, 7, 11, 3, 2]",852.0,"[8, 0, 4, 17, 1, 9, 6, 13, 16, 12, 14, 15, 19, 18, 10, 5, 7, 11, 3, 2]",852.0,6.4933249950408936
"[8, 0, 4, 17, 1, 9, 6, 13, 16, 12, 14, 15, 19, 18, 10, 5, 7, 11, 3, 2]",852.0,"[8, 0, 4, 17, 1, 9, 6, 13, 16, 12, 14, 15, 19, 18, 10, 5, 7, 11, 3, 2]",852.0,6.563889026641846
"[8, 0, 4, 17, 1, 9, 6, 13, 16, 12, 14, 15, 19, 18, 10, 5, 7, 11, 3, 2]",852.0,"[8, 0, 4, 17, 1, 9, 6, 13, 16, 12, 14, 15, 19, 18, 10, 5, 7, 11, 3, 2]",852.0,6.629316329956055
"[8, 0, 4, 17, 1, 9, 6, 13, 16, 12, 14, 15, 19, 18, 10, 5, 7, 11, 3, 2]",852.0,"[8, 0, 4, 17, 1, 9, 6, 13, 16, 12, 14, 15, 19, 18, 10, 5, 7, 11, 3, 2]",852.0,6.6973206996917725
"[8, 0, 4, 17, 1, 9, 6, 13, 16, 12, 14, 15, 19, 18, 10, 5, 7, 11, 3, 2]",852.0,"[8, 0, 4, 17, 1, 9, 6, 13, 16, 12, 14, 15, 19, 18, 10, 5, 7, 11, 3, 2]",852.0,6.764400482177734
"[8, 0, 4, 17, 1, 9, 6, 13, 16, 12, 14, 15, 19, 18, 10, 5, 7, 11, 3, 2]",852.0,"[8, 0, 4, 17, 1, 9, 6, 13, 16, 12, 14, 15, 19, 18, 10, 5, 7, 11, 3, 2]",852.0,6.829318046569824
"[8, 0, 4, 17, 1, 9, 6, 13, 16, 12, 14, 15, 19, 18, 10, 5, 7, 11, 3, 2]",852.0,"[8, 0, 4, 17, 1, 9, 6, 13, 16, 12, 14, 15, 19, 18, 10, 5, 7, 11, 3, 2]",852.0,6.893319129943848
"[8, 0, 4, 17, 1, 9, 6, 13, 16, 12, 14, 15, 19, 18, 10, 5, 7, 11, 3, 2]",852.0,"[8, 0, 4, 17, 1, 9, 6, 13, 16, 12, 14, 15, 19, 18, 10, 5, 7, 11, 3, 2]",852.0,6.958316802978516
"[8, 0, 4, 17, 1, 9, 6, 13, 16, 12, 14, 15, 19, 18, 10, 5, 7, 11, 3, 2]",852.0,"[8, 0, 4, 17, 1, 9, 6, 13, 16, 12, 14, 15, 19, 18, 10, 5, 7, 11, 3, 2]",852.0,7.0253212451934814
"[8, 0, 4, 17, 1, 9, 6, 13, 16, 12, 14, 15, 19, 18, 10, 5, 7, 11, 3, 2]",852.0,"[8, 0, 4, 17, 1, 9, 6, 13, 16, 12, 14, 15, 19, 18, 10, 5, 7, 11, 3, 2]",852.0,7.093322277069092
"[8, 0, 4, 17, 1, 9, 6, 13, 16, 12, 14, 15, 19, 18, 10, 5, 7, 11, 3, 2]",852.0,"[8, 0, 4, 17, 1, 9, 6, 13, 16, 12, 14, 15, 19, 18, 10, 5, 7, 11, 3, 2]",852.0,7.1643218994140625
"[8, 0, 4, 17, 1, 9, 6, 13, 16, 12, 14, 15, 19, 18, 10, 5, 7, 11, 3, 2]",852.0,"[8, 0, 4, 17, 1, 9, 6, 13, 16, 12, 14, 15, 19, 18, 10, 5, 7, 11, 3, 2]",852.0,7.228326082229614
"[8, 0, 4, 17, 1, 9, 6, 13, 16, 12, 14, 15, 19, 18, 10, 5, 7, 11, 3, 2]",852.0,"[8, 0, 4, 17, 1, 9, 6, 13, 16, 12, 14, 15, 19, 18, 10, 5, 7, 11, 3, 2]",852.0,7.292325496673584
"[8, 0, 4, 17, 1, 9, 6, 13, 16, 12, 14, 15, 19, 18, 10, 5, 7, 11, 3, 2]",852.0,"[8, 0, 4, 17, 1, 9, 6, 13, 16, 12, 14, 15, 19, 18, 10, 5, 7, 11, 3, 2]",852.0,7.357324123382568
"[8, 0, 4, 17, 1, 9, 6, 13, 16, 12, 14, 15, 19, 18, 10, 5, 7, 11, 3, 2]",852.0,"[8, 0, 4, 17, 1, 9, 6, 13, 16, 12, 14, 15, 19, 18, 10, 5, 7, 11, 3, 2]",852.0,7.421325445175171
"[8, 0, 4, 17, 1, 9, 6, 13, 16, 12, 14, 15, 19, 18, 10, 5, 7, 11, 3, 2]",852.0,"[8, 0, 4, 17, 1, 9, 6, 13, 16, 12, 14, 15, 19, 18, 10, 5, 7, 11, 3, 2]",852.0,7.487330913543701
"[8, 0, 4, 17, 1, 9, 6, 13, 16, 12, 14, 15, 19, 18, 10, 5, 7, 11, 3, 2]",852.0,"[8, 0, 4, 17, 1, 9, 6, 13, 16, 12, 14, 15, 19, 18, 10, 5, 7, 11, 3, 2]",852.0,7.551329612731934
"[8, 0, 4, 17, 1, 9, 6, 13, 16, 12, 14, 15, 19, 18, 10, 5, 7, 11, 3, 2]",852.0,"[8, 0, 4, 17, 1, 9, 6, 13, 16, 12, 14, 15, 19, 18, 10, 5, 7, 11, 3, 2]",852.0,7.615348815917969
"[8, 0, 4, 17, 1, 9, 6, 13, 16, 12, 14, 15, 19, 18, 10, 5, 7, 11, 3, 2]",852.0,"[8, 0, 4, 17, 1, 9, 6, 13, 16, 12, 14, 15, 19, 18, 10, 5, 7, 11, 3, 2]",852.0,7.678330183029175
"[8, 0, 4, 17, 1, 9, 6, 13, 16, 12, 14, 15, 19, 18, 10, 5, 7, 11, 3, 2]",852.0,"[8, 0, 4, 17, 1, 9, 6, 13, 16, 12, 14, 15, 19, 18, 10, 5, 7, 11, 3, 2]",852.0,7.741328001022339
"[8, 0, 4, 17, 1, 9, 6, 13, 16, 12, 14, 15, 19, 18, 10, 5, 7, 11, 3, 2]",852.0,"[8, 0, 4, 17, 1, 9, 6, 13, 16, 12, 14, 15, 19, 18, 10, 5, 7, 11, 3, 2]",852.0,7.806334733963013
"[8, 0, 4, 17, 1, 9, 6, 13, 16, 12, 14, 15, 19, 18, 10, 5, 7, 11, 3, 2]",852.0,"[8, 0, 4, 17, 1, 9, 6, 13, 16, 12, 14, 15, 19, 18, 10, 5, 7, 11, 3, 2]",852.0,7.8703320026397705
"[8, 0, 4, 17, 1, 9, 6, 13, 16, 12, 14, 15, 19, 18, 10, 5, 7, 11, 3, 2]",852.0,"[8, 0, 4, 17, 1, 9, 6, 13, 16, 12, 14, 15, 19, 18, 10, 5, 7, 11, 3, 2]",852.0,7.933326959609985
"[8, 0, 4, 17, 1, 9, 6, 13, 16, 12, 14, 15, 19, 18, 10, 5, 7, 11, 3, 2]",852.0,"[8, 0, 4, 17, 1, 9, 6, 13, 16, 12, 14, 15, 19, 18, 10, 5, 7, 11, 3, 2]",852.0,7.999344110488892
"[8, 0, 4, 17, 13, 9, 6, 1, 16, 12, 14, 15, 19, 18, 10, 5, 7, 11, 3, 2]",843.0,"[8, 0, 4, 17, 13, 9, 6, 1, 16, 12, 14, 15, 19, 18, 10, 5, 7, 11, 3, 2]",843.0,8.064334630966187
"[8, 0, 4, 17, 13, 9, 6, 1, 16, 12, 14, 15, 19, 18, 10, 5, 7, 11, 3, 2]",843.0,"[8, 0, 4, 17, 13, 9, 6, 1, 16, 12, 14, 15, 19, 18, 10, 5, 7, 11, 3, 2]",843.0,8.12735104560852
"[8, 0, 4, 17, 13, 9, 6, 1, 16, 12, 14, 15, 19, 18, 10, 5, 7, 11, 3, 2]",843.0,"[8, 0, 4, 17, 13, 9, 6, 1, 16, 12, 14, 15, 19, 18, 10, 5, 7, 11, 3, 2]",843.0,8.188336610794067
"[8, 0, 4, 17, 13, 9, 6, 1, 16, 12, 14, 15, 19, 18, 10, 5, 7, 11, 3, 2]",843.0,"[8, 0, 4, 17, 13, 9, 6, 1, 16, 12, 14, 15, 19, 18, 10, 5, 7, 11, 3, 2]",843.0,8.252355813980103
"[8, 0, 4, 17, 13, 9, 6, 1, 16, 12, 14, 15, 19, 18, 10, 5, 7, 11, 3, 2]",843.0,"[8, 0, 4, 17, 13, 9, 6, 1, 16, 12, 14, 15, 19, 18, 10, 5, 7, 11, 3, 2]",843.0,8.316339254379272
"[8, 0, 4, 17, 13, 9, 6, 1, 16, 12, 14, 15, 19, 18, 10, 5, 7, 11, 3, 2]",843.0,"[8, 0, 4, 17, 13, 9, 6, 1, 16, 12, 14, 15, 19, 18, 10, 5, 7, 11, 3, 2]",843.0,8.380337476730347
"[8, 0, 4, 17, 13, 9, 6, 1, 16, 12, 14, 15, 19, 18, 10, 5, 7, 11, 3, 2]",843.0,"[8, 0, 4, 17, 13, 9, 6, 1, 16, 12, 14, 15, 19, 18, 10, 5, 7, 11, 3, 2]",843.0,8.442339420318604
"[8, 0, 4, 17, 13, 9, 6, 1, 16, 12, 14, 15, 19, 18, 10, 5, 7, 11, 3, 2]",843.0,"[8, 0, 4, 17, 13, 9, 6, 1, 16, 12, 14, 15, 19, 18, 10, 5, 7, 11, 3, 2]",843.0,8.508339166641235
"[8, 0, 4, 17, 13, 9, 6, 1, 16, 12, 14, 15, 19, 18, 10, 5, 7, 11, 3, 2]",843.0,"[8, 0, 4, 17, 13, 9, 6, 1, 16, 12, 14, 15, 19, 18, 10, 5, 7, 11, 3, 2]",843.0,8.570341110229492
"[8, 0, 4, 17, 13, 9, 6, 1, 16, 12, 14, 15, 19, 18, 10, 5, 7, 11, 3, 2]",843.0,"[8, 0, 4, 17, 13, 9, 6, 1, 16, 12, 14, 15, 19, 18, 10, 5, 7, 11, 3, 2]",843.0,8.635339260101318
"[8, 0, 4, 17, 13, 9, 6, 1, 16, 12, 14, 15, 19, 18, 10, 5, 7, 11, 3, 2]",843.0,"[8, 0, 4, 17, 13, 9, 6, 1, 16, 12, 14, 15, 19, 18, 10, 5, 7, 11, 3, 2]",843.0,8.70134162902832
"[8, 0, 4, 17, 13, 9, 6, 1, 16, 12, 14, 15, 19, 18, 10, 5, 7, 11, 3, 2]",843.0,"[8, 0, 4, 17, 13, 9, 6, 1, 16, 12, 14, 15, 19, 18, 10, 5, 7, 11, 3, 2]",843.0,8.765341997146606
"[8, 0, 4, 17, 13, 9, 6, 1, 16, 12, 14, 15, 19, 18, 10, 5, 7, 11, 3, 2]",843.0,"[8, 0, 4, 17, 13, 9, 6, 1, 16, 12, 14, 15, 19, 18, 10, 5, 7, 11, 3, 2]",843.0,8.832347393035889
"[8, 0, 4, 17, 13, 9, 6, 1, 16, 12, 14, 15, 19, 18, 10, 5, 7, 11, 3, 2]",843.0,"[8, 0, 4, 17, 13, 9, 6, 1, 16, 12, 14, 15, 19, 18, 10, 5, 7, 11, 3, 2]",843.0,8.89834213256836
"[8, 0, 4, 17, 13, 9, 6, 1, 16, 12, 14, 15, 19, 18, 10, 5, 7, 11, 3, 2]",843.0,"[8, 0, 4, 17, 13, 9, 6, 1, 16, 12, 14, 15, 19, 18, 10, 5, 7, 11, 3, 2]",843.0,8.986342668533325
"[8, 0, 4, 17, 13, 9, 6, 1, 16, 12, 14, 15, 19, 18, 10, 5, 7, 11, 3, 2]",843.0,"[8, 0, 4, 17, 13, 9, 6, 1, 16, 12, 14, 15, 19, 18, 10, 5, 7, 11, 3, 2]",843.0,9.055347681045532
"[8, 0, 4, 17, 13, 9, 6, 1, 16, 12, 14, 15, 19, 18, 10, 5, 7, 11, 3, 2]",843.0,"[8, 0, 4, 17, 13, 9, 6, 1, 16, 12, 14, 15, 19, 18, 10, 5, 7, 11, 3, 2]",843.0,9.12034797668457
"[8, 0, 4, 17, 13, 9, 6, 1, 16, 12, 14, 15, 19, 18, 10, 5, 7, 11, 3, 2]",843.0,"[8, 0, 4, 17, 13, 9, 6, 1, 16, 12, 14, 15, 19, 18, 10, 5, 7, 11, 3, 2]",843.0,9.184345960617065
"[8, 0, 4, 17, 13, 9, 7, 1, 16, 12, 14, 15, 19, 18, 10, 5, 6, 11, 3, 2]",822.5,"[8, 0, 4, 17, 13, 9, 7, 1, 16, 12, 14, 15, 19, 18, 10, 5, 6, 11, 3, 2]",822.5,9.24834680557251
"[8, 0, 4, 17, 13, 9, 7, 1, 16, 12, 14, 15, 19, 18, 10, 5, 6, 11, 3, 2]",822.5,"[8, 0, 4, 17, 13, 9, 7, 1, 16, 12, 14, 15, 19, 18, 10, 5, 6, 11, 3, 2]",822.5,9.312352895736694
"[8, 0, 4, 17, 13, 9, 7, 1, 16, 12, 14, 15, 19, 18, 10, 5, 6, 11, 3, 2]",822.5,"[8, 0, 4, 17, 13, 9, 7, 1, 16, 12, 14, 15, 19, 18, 10, 5, 6, 11, 3, 2]",822.5,9.37535285949707
"[8, 0, 4, 17, 13, 9, 7, 1, 16, 12, 14, 15, 19, 18, 10, 5, 6, 11, 3, 2]",822.5,"[8, 0, 4, 17, 13, 9, 7, 1, 16, 12, 14, 15, 19, 18, 10, 5, 6, 11, 3, 2]",822.5,9.438353538513184
"[8, 0, 4, 17, 13, 9, 7, 1, 16, 12, 14, 15, 19, 18, 10, 5, 6, 11, 3, 2]",822.5,"[8, 0, 4, 17, 13, 9, 7, 1, 16, 12, 14, 15, 19, 18, 10, 5, 6, 11, 3, 2]",822.5,9.502353429794312
"[8, 0, 4, 17, 13, 9, 7, 1, 16, 12, 14, 15, 19, 18, 10, 5, 6, 11, 3, 2]",822.5,"[8, 0, 4, 17, 13, 9, 7, 1, 16, 12, 14, 15, 19, 18, 10, 5, 6, 11, 3, 2]",822.5,9.563373565673828
"[8, 0, 4, 17, 13, 9, 7, 1, 16, 12, 14, 15, 19, 18, 10, 5, 6, 11, 3, 2]",822.5,"[8, 0, 4, 17, 13, 9, 7, 1, 16, 12, 14, 15, 19, 18, 10, 5, 6, 11, 3, 2]",822.5,9.626351594924927
"[8, 0, 4, 17, 13, 9, 7, 1, 16, 12, 14, 15, 19, 18, 10, 5, 6, 11, 3, 2]",822.5,"[8, 0, 4, 17, 13, 9, 7, 1, 16, 12, 14, 15, 19, 18, 10, 5, 6, 11, 3, 2]",822.5,9.690355777740479
"[8, 0, 4, 17, 13, 9, 7, 1, 16, 12, 14, 15, 19, 18, 10, 5, 6, 11, 3, 2]",822.5,"[8, 0, 4, 17, 13, 9, 7, 1, 16, 12, 14, 15, 19, 18, 10, 5, 6, 11, 3, 2]",822.5,9.755356073379517
"[8, 0, 4, 17, 13, 9, 7, 1, 16, 12, 14, 15, 19, 18, 10, 5, 6, 11, 3, 2]",822.5,"[8, 0, 4, 17, 13, 9, 7, 1, 16, 12, 14, 15, 19, 18, 10, 5, 6, 11, 3, 2]",822.5,9.820353031158447
"[8, 0, 4, 17, 13, 9, 7, 1, 16, 12, 14, 15, 19, 18, 10, 5, 6, 11, 3, 2]",822.5,"[8, 0, 4, 17, 13, 9, 7, 1, 16, 12, 14, 15, 19, 18, 10, 5, 6, 11, 3, 2]",822.5,9.883355140686035
"[8, 0, 4, 17, 13, 9, 7, 1, 16, 12, 14, 15, 19, 18, 10, 5, 6, 11, 3, 2]",822.5,"[8, 0, 4, 17, 13, 9, 7, 1, 16, 12, 14, 15, 19, 18, 10, 5, 6, 11, 3, 2]",822.5,9.946357727050781
"[8, 0, 4, 17, 13, 10, 7, 1, 16, 12, 14, 15, 19, 18, 9, 5, 6, 11, 3, 2]",818.5,"[8, 0, 4, 17, 13, 10, 7, 1, 16, 12, 14, 15, 19, 18, 9, 5, 6, 11, 3, 2]",818.5,10.008358478546143
"[8, 0, 4, 17, 13, 10, 7, 1, 16, 12, 14, 15, 19, 18, 9, 5, 6, 11, 3, 2]",818.5,"[8, 0, 4, 17, 13, 10, 7, 1, 16, 12, 14, 15, 19, 18, 9, 5, 6, 11, 3, 2]",818.5,10.068359851837158
"[8, 0, 4, 17, 13, 10, 7, 1, 16, 12, 14, 15, 19, 18, 9, 5, 6, 11, 3, 2]",818.5,"[8, 0, 4, 17, 13, 10, 7, 1, 16, 12, 14, 15, 19, 18, 9, 5, 6, 11, 3, 2]",818.5,10.132359504699707
"[8, 0, 4, 17, 13, 10, 7, 1, 16, 12, 14, 15, 19, 18, 9, 5, 6, 11, 3, 2]",818.5,"[8, 0, 4, 17, 13, 10, 7, 1, 16, 12, 14, 15, 19, 18, 9, 5, 6, 11, 3, 2]",818.5,10.196360349655151
"[8, 0, 4, 17, 13, 10, 7, 1, 16, 12, 14, 15, 19, 18, 9, 5, 6, 11, 3, 2]",818.5,"[8, 0, 4, 17, 13, 10, 7, 1, 16, 12, 14, 15, 19, 18, 9, 5, 6, 11, 3, 2]",818.5,10.260359525680542
"[8, 0, 4, 17, 13, 10, 7, 1, 16, 12, 14, 15, 19, 18, 9, 5, 6, 11, 3, 2]",818.5,"[8, 0, 4, 17, 13, 10, 7, 1, 16, 12, 14, 15, 19, 18, 9, 5, 6, 11, 3, 2]",818.5,10.321359872817993
"[8, 0, 4, 17, 13, 10, 7, 1, 16, 12, 14, 15, 19, 18, 9, 5, 6, 11, 3, 2]",818.5,"[8, 0, 4, 17, 13, 10, 7, 1, 16, 12, 14, 15, 19, 18, 9, 5, 6, 11, 3, 2]",818.5,10.382365942001343
"[8, 0, 4, 17, 13, 10, 7, 1, 16, 12, 14, 15, 19, 18, 9, 5, 6, 11, 3, 2]",818.5,"[8, 0, 4, 17, 13, 10, 7, 1, 16, 12, 14, 15, 19, 18, 9, 5, 6, 11, 3, 2]",818.5,10.444358587265015
"[8, 0, 4, 17, 13, 10, 7, 1, 16, 12, 14, 15, 19, 18, 9, 5, 6, 11, 3, 2]",818.5,"[8, 0, 4, 17, 13, 10, 7, 1, 16, 12, 14, 15, 19, 18, 9, 5, 6, 11, 3, 2]",818.5,10.509363889694214
"[8, 0, 4, 17, 13, 10, 7, 1, 16, 12, 14, 15, 19, 18, 9, 5, 6, 11, 3, 2]",818.5,"[8, 0, 4, 17, 13, 10, 7, 1, 16, 12, 14, 15, 19, 18, 9, 5, 6, 11, 3, 2]",818.5,10.571386098861694
"[8, 0, 4, 17, 13, 10, 7, 1, 16, 12, 14, 15, 19, 18, 9, 5, 6, 11, 3, 2]",818.5,"[8, 0, 4, 17, 13, 10, 7, 1, 16, 12, 14, 15, 19, 18, 9, 5, 6, 11, 3, 2]",818.5,10.636375427246094
"[8, 0, 4, 17, 13, 10, 7, 1, 16, 12, 14, 15, 19, 18, 9, 5, 6, 11, 3, 2]",818.5,"[8, 0, 4, 17, 13, 10, 7, 1, 16, 12, 14, 15, 19, 18, 9, 5, 6, 11, 3, 2]",818.5,10.699375867843628
"[8, 0, 4, 17, 13, 10, 7, 1, 16, 12, 14, 15, 19, 18, 9, 5, 6, 11, 3, 2]",818.5,"[8, 0, 4, 17, 13, 10, 7, 1, 16, 12, 14, 15, 19, 18, 9, 5, 6, 11, 3, 2]",818.5,10.7633695602417
"[8, 0, 4, 17, 13, 10, 7, 1, 16, 12, 14, 15, 19, 18, 9, 5, 6, 11, 3, 2]",818.5,"[8, 0, 4, 17, 13, 10, 7, 1, 16, 12, 14, 15, 19, 18, 9, 5, 6, 11, 3, 2]",818.5,10.825366020202637
"[8, 0, 4, 17, 13, 10, 7, 1, 16, 12, 14, 15, 19, 18, 9, 5, 6, 11, 3, 2]",818.5,"[8, 0, 4, 17, 13, 10, 7, 1, 16, 12, 14, 15, 19, 18, 9, 5, 6, 11, 3, 2]",818.5,10.888372421264648
"[8, 0, 4, 17, 13, 10, 7, 1, 16, 12, 14, 15, 19, 18, 9, 5, 6, 11, 3, 2]",818.5,"[8, 0, 4, 17, 13, 10, 7, 1, 16, 12, 14, 15, 19, 18, 9, 5, 6, 11, 3, 2]",818.5,10.951371669769287
"[8, 0, 4, 17, 13, 10, 7, 1, 16, 12, 14, 15, 19, 18, 9, 5, 6, 11, 3, 2]",818.5,"[8, 0, 4, 17, 13, 10, 7, 1, 16, 12, 14, 15, 19, 18, 9, 5, 6, 11, 3, 2]",818.5,11.015374660491943
"[8, 0, 4, 17, 13, 10, 7, 1, 16, 12, 14, 15, 19, 18, 9, 5, 6, 11, 3, 2]",818.5,"[8, 0, 4, 17, 13, 10, 7, 1, 16, 12, 14, 15, 19, 18, 9, 5, 6, 11, 3, 2]",818.5,11.07737112045288
"[8, 0, 4, 17, 13, 10, 7, 1, 16, 12, 14, 15, 19, 18, 9, 5, 6, 11, 3, 2]",818.5,"[8, 0, 4, 17, 13, 10, 7, 1, 16, 12, 14, 15, 19, 18, 9, 5, 6, 11, 3, 2]",818.5,11.141377925872803
"[8, 0, 4, 17, 13, 10, 7, 1, 16, 12, 14, 15, 19, 18, 9, 5, 6, 11, 3, 2]",818.5,"[8, 0, 4, 17, 13, 10, 7, 1, 16, 12, 14, 15, 19, 18, 9, 5, 6, 11, 3, 2]",818.5,11.203456401824951
"[8, 0, 4, 17, 13, 10, 7, 1, 16, 12, 14, 15, 19, 18, 9, 5, 6, 11, 3, 2]",818.5,"[8, 0, 4, 17, 13, 10, 7, 1, 16, 12, 14, 15, 19, 18, 9, 5, 6, 11, 3, 2]",818.5,11.266373634338379
"[8, 0, 4, 17, 13, 10, 7, 1, 16, 12, 14, 15, 19, 18, 9, 5, 6, 11, 3, 2]",818.5,"[8, 0, 4, 17, 13, 10, 7, 1, 16, 12, 14, 15, 19, 18, 9, 5, 6, 11, 3, 2]",818.5,11.330376625061035
"[8, 0, 4, 17, 13, 10, 7, 1, 16, 12, 14, 15, 19, 18, 9, 5, 6, 11, 3, 2]",818.5,"[8, 0, 4, 17, 13, 10, 7, 1, 16, 12, 14, 15, 19, 18, 9, 5, 6, 11, 3, 2]",818.5,11.391383171081543
"[8, 0, 4, 17, 13, 10, 7, 1, 16, 12, 14, 15, 19, 18, 9, 5, 6, 11, 3, 2]",818.5,"[8, 0, 4, 17, 13, 10, 7, 1, 16, 12, 14, 15, 19, 18, 9, 5, 6, 11, 3, 2]",818.5,11.454377889633179
"[8, 0, 4, 17, 13, 10, 7, 1, 16, 12, 14, 15, 19, 18, 9, 5, 6, 11, 3, 2]",818.5,"[8, 0, 4, 17, 13, 10, 7, 1, 16, 12, 14, 15, 19, 18, 9, 5, 6, 11, 3, 2]",818.5,11.520376920700073
"[8, 0, 4, 17, 13, 10, 7, 1, 16, 12, 14, 15, 19, 18, 9, 5, 6, 11, 3, 2]",818.5,"[8, 0, 4, 17, 13, 10, 7, 1, 16, 12, 14, 15, 19, 18, 9, 5, 6, 11, 3, 2]",818.5,11.584375858306885
"[8, 0, 4, 17, 13, 10, 7, 1, 16, 12, 14, 15, 19, 18, 9, 5, 6, 11, 3, 2]",818.5,"[8, 0, 4, 17, 13, 10, 7, 1, 16, 12, 14, 15, 19, 18, 9, 5, 6, 11, 3, 2]",818.5,11.646442890167236
"[8, 0, 4, 17, 13, 10, 7, 1, 16, 12, 14, 15, 19, 18, 9, 5, 6, 11, 3, 2]",818.5,"[8, 0, 4, 17, 13, 10, 7, 1, 16, 12, 14, 15, 19, 18, 9, 5, 6, 11, 3, 2]",818.5,11.711376905441284
"[8, 0, 4, 17, 13, 10, 7, 1, 16, 12, 14, 15, 19, 18, 9, 5, 6, 11, 3, 2]",818.5,"[8, 0, 4, 17, 13, 10, 7, 1, 16, 12, 14, 15, 19, 18, 9, 5, 6, 11, 3, 2]",818.5,11.775393724441528
"[8, 0, 4, 17, 13, 10, 7, 1, 16, 12, 14, 15, 19, 18, 9, 5, 6, 11, 3, 2]",818.5,"[8, 0, 4, 17, 13, 10, 7, 1, 16, 12, 14, 15, 19, 18, 9, 5, 6, 11, 3, 2]",818.5,11.838383436203003
"[8, 0, 4, 17, 13, 10, 7, 1, 16, 12, 14, 15, 19, 18, 9, 5, 6, 11, 3, 2]",818.5,"[8, 0, 4, 17, 13, 10, 7, 1, 16, 12, 14, 15, 19, 18, 9, 5, 6, 11, 3, 2]",818.5,11.899389743804932
"[8, 0, 4, 17, 13, 10, 7, 1, 16, 12, 14, 15, 19, 18, 9, 5, 6, 11, 3, 2]",818.5,"[8, 0, 4, 17, 13, 10, 7, 1, 16, 12, 14, 15, 19, 18, 9, 5, 6, 11, 3, 2]",818.5,11.964382886886597
"[8, 0, 4, 17, 13, 10, 7, 1, 16, 12, 14, 15, 19, 18, 9, 5, 6, 11, 3, 2]",818.5,"[8, 0, 4, 17, 13, 10, 7, 1, 16, 12, 14, 15, 19, 18, 9, 5, 6, 11, 3, 2]",818.5,12.028382301330566
"[8, 0, 4, 17, 13, 10, 7, 1, 16, 12, 14, 15, 19, 18, 9, 5, 6, 11, 3, 2]",818.5,"[8, 0, 4, 17, 13, 10, 7, 1, 16, 12, 14, 15, 19, 18, 9, 5, 6, 11, 3, 2]",818.5,12.091384887695312
"[8, 0, 4, 17, 13, 10, 7, 1, 16, 12, 14, 15, 19, 18, 9, 5, 6, 11, 3, 2]",818.5,"[8, 0, 4, 17, 13, 10, 7, 1, 16, 12, 14, 15, 19, 18, 9, 5, 6, 11, 3, 2]",818.5,12.153391361236572
"[8, 0, 4, 17, 13, 10, 7, 1, 16, 12, 14, 15, 19, 18, 9, 5, 6, 11, 3, 2]",818.5,"[8, 0, 4, 17, 13, 10, 7, 1, 16, 12, 14, 15, 19, 18, 9, 5, 6, 11, 3, 2]",818.5,12.216387510299683
"[8, 0, 4, 17, 13, 10, 7, 1, 16, 12, 14, 15, 19, 18, 9, 5, 6, 11, 3, 2]",818.5,"[8, 0, 4, 17, 13, 10, 7, 1, 16, 12, 14, 15, 19, 18, 9, 5, 6, 11, 3, 2]",818.5,12.282390594482422
"[8, 0, 4, 17, 13, 10, 7, 1, 16, 12, 14, 15, 19, 18, 9, 5, 6, 11, 3, 2]",818.5,"[8, 0, 4, 17, 13, 10, 7, 1, 16, 12, 14, 15, 19, 18, 9, 5, 6, 11, 3, 2]",818.5,12.346388578414917
"[8, 0, 4, 17, 13, 10, 7, 1, 16, 12, 14, 15, 19, 18, 9, 5, 6, 11, 3, 2]",818.5,"[8, 0, 4, 17, 13, 10, 7, 1, 16, 12, 14, 15, 19, 18, 9, 5, 6, 11, 3, 2]",818.5,12.409389972686768
"[8, 0, 4, 17, 13, 10, 7, 1, 16, 12, 14, 15, 19, 18, 9, 5, 6, 11, 3, 2]",818.5,"[8, 0, 4, 17, 13, 10, 7, 1, 16, 12, 14, 15, 19, 18, 9, 5, 6, 11, 3, 2]",818.5,12.473401308059692
"[8, 0, 4, 17, 13, 10, 7, 1, 16, 12, 14, 15, 19, 18, 9, 5, 6, 11, 3, 2]",818.5,"[8, 0, 4, 17, 13, 10, 7, 1, 16, 12, 14, 15, 19, 18, 9, 5, 6, 11, 3, 2]",818.5,12.535399913787842
"[8, 0, 4, 17, 13, 10, 7, 1, 16, 12, 14, 15, 19, 18, 9, 5, 6, 11, 3, 2]",818.5,"[8, 0, 4, 17, 13, 10, 7, 1, 16, 12, 14, 15, 19, 18, 9, 5, 6, 11, 3, 2]",818.5,12.598391056060791
"[8, 0, 4, 17, 13, 10, 7, 18, 16, 12, 14, 15, 19, 1, 9, 5, 6, 11, 3, 2]",816.5,"[8, 0, 4, 17, 13, 10, 7, 18, 16, 12, 14, 15, 19, 1, 9, 5, 6, 11, 3, 2]",816.5,12.664391994476318
"[8, 0, 4, 17, 13, 10, 7, 18, 16, 12, 14, 15, 19, 1, 9, 5, 6, 11, 3, 2]",816.5,"[8, 0, 4, 17, 13, 10, 7, 18, 16, 12, 14, 15, 19, 1, 9, 5, 6, 11, 3, 2]",816.5,12.727400541305542
"[8, 0, 4, 17, 13, 10, 7, 18, 16, 12, 14, 15, 19, 1, 9, 5, 6, 11, 3, 2]",816.5,"[8, 0, 4, 17, 13, 10, 7, 18, 16, 12, 14, 15, 19, 1, 9, 5, 6, 11, 3, 2]",816.5,12.790406942367554
"[8, 0, 4, 17, 13, 10, 7, 18, 16, 12, 14, 15, 19, 1, 9, 5, 6, 11, 3, 2]",816.5,"[8, 0, 4, 17, 13, 10, 7, 18, 16, 12, 14, 15, 19, 1, 9, 5, 6, 11, 3, 2]",816.5,12.85339641571045
