Sequence,Fitness,Best_sequence,Best_fitness,Time
"[12, 4, 18, 0, 9, 5, 3, 10, 1, 17, 7, 16, 14, 2, 11, 6, 19, 13, 15, 8]",756.5,"[12, 4, 18, 0, 9, 5, 3, 10, 1, 17, 7, 16, 14, 2, 11, 6, 19, 13, 15, 8]",756.5,0.0
"[12, 4, 18, 0, 9, 5, 3, 10, 1, 17, 7, 16, 14, 2, 11, 6, 19, 13, 15, 8]",756.5,"[12, 4, 18, 0, 9, 5, 3, 10, 1, 17, 7, 16, 14, 2, 11, 6, 19, 13, 15, 8]",756.5,0.06096935272216797
"[12, 4, 18, 0, 9, 5, 3, 10, 1, 17, 7, 16, 14, 2, 11, 6, 19, 13, 15, 8]",756.5,"[12, 4, 18, 0, 9, 5, 3, 10, 1, 17, 7, 16, 14, 2, 11, 6, 19, 13, 15, 8]",756.5,0.11796903610229492
"[12, 4, 18, 0, 9, 5, 3, 10, 1, 17, 7, 16, 14, 2, 11, 6, 19, 13, 15, 8]",756.5,"[12, 4, 18, 0, 9, 5, 3, 10, 1, 17, 7, 16, 14, 2, 11, 6, 19, 13, 15, 8]",756.5,0.17797303199768066
"[12, 4, 18, 0, 9, 5, 3, 10, 1, 17, 7, 16, 14, 2, 11, 6, 19, 13, 15, 8]",756.5,"[12, 4, 18, 0, 9, 5, 3, 10, 1, 17, 7, 16, 14, 2, 11, 6, 19, 13, 15, 8]",756.5,0.23397302627563477
"[12, 4, 18, 0, 9, 5, 3, 10, 1, 17, 7, 8, 14, 2, 11, 6, 19, 13, 15, 16]",721.0,"[12, 4, 18, 0, 9, 5, 3, 10, 1, 17, 7, 8, 14, 2, 11, 6, 19, 13, 15, 16]",721.0,0.29197263717651367
"[12, 4, 18, 0, 9, 5, 3, 10, 1, 17, 7, 8, 14, 2, 11, 6, 19, 13, 15, 16]",721.0,"[12, 4, 18, 0, 9, 5, 3, 10, 1, 17, 7, 8, 14, 2, 11, 6, 19, 13, 15, 16]",721.0,0.34999680519104004
"[12, 4, 18, 0, 9, 5, 3, 10, 1, 17, 7, 8, 14, 2, 11, 6, 19, 13, 15, 16]",721.0,"[12, 4, 18, 0, 9, 5, 3, 10, 1, 17, 7, 8, 14, 2, 11, 6, 19, 13, 15, 16]",721.0,0.41097521781921387
"[12, 4, 18, 0, 9, 5, 3, 10, 1, 17, 7, 8, 14, 2, 11, 6, 19, 13, 15, 16]",721.0,"[12, 4, 18, 0, 9, 5, 3, 10, 1, 17, 7, 8, 14, 2, 11, 6, 19, 13, 15, 16]",721.0,0.46998143196105957
"[12, 4, 18, 0, 11, 5, 3, 10, 1, 17, 7, 8, 14, 2, 9, 6, 19, 13, 15, 16]",705.0,"[12, 4, 18, 0, 11, 5, 3, 10, 1, 17, 7, 8, 14, 2, 9, 6, 19, 13, 15, 16]",705.0,0.549978494644165
"[12, 4, 18, 0, 11, 5, 3, 10, 1, 17, 7, 8, 14, 2, 9, 6, 19, 13, 15, 16]",705.0,"[12, 4, 18, 0, 11, 5, 3, 10, 1, 17, 7, 8, 14, 2, 9, 6, 19, 13, 15, 16]",705.0,0.6079812049865723
"[12, 4, 18, 0, 11, 5, 3, 10, 1, 17, 7, 8, 14, 2, 9, 6, 19, 13, 15, 16]",705.0,"[12, 4, 18, 0, 11, 5, 3, 10, 1, 17, 7, 8, 14, 2, 9, 6, 19, 13, 15, 16]",705.0,0.6629796028137207
"[12, 4, 18, 0, 11, 5, 3, 10, 1, 17, 7, 8, 14, 2, 9, 6, 19, 13, 15, 16]",705.0,"[12, 4, 18, 0, 11, 5, 3, 10, 1, 17, 7, 8, 14, 2, 9, 6, 19, 13, 15, 16]",705.0,0.7189798355102539
"[12, 4, 18, 0, 15, 5, 3, 10, 1, 17, 7, 8, 14, 2, 9, 6, 19, 13, 11, 16]",702.0,"[12, 4, 18, 0, 15, 5, 3, 10, 1, 17, 7, 8, 14, 2, 9, 6, 19, 13, 11, 16]",702.0,0.7749783992767334
"[12, 4, 18, 0, 15, 5, 3, 10, 1, 17, 7, 8, 14, 2, 9, 6, 19, 13, 11, 16]",702.0,"[12, 4, 18, 0, 15, 5, 3, 10, 1, 17, 7, 8, 14, 2, 9, 6, 19, 13, 11, 16]",702.0,0.832982063293457
"[12, 4, 18, 0, 15, 5, 3, 10, 1, 17, 7, 8, 14, 2, 9, 6, 19, 13, 11, 16]",702.0,"[12, 4, 18, 0, 15, 5, 3, 10, 1, 17, 7, 8, 14, 2, 9, 6, 19, 13, 11, 16]",702.0,0.8879790306091309
"[12, 4, 18, 0, 15, 5, 3, 10, 11, 17, 7, 8, 14, 2, 9, 6, 19, 13, 1, 16]",676.0,"[12, 4, 18, 0, 15, 5, 3, 10, 11, 17, 7, 8, 14, 2, 9, 6, 19, 13, 1, 16]",676.0,0.9439835548400879
"[12, 4, 18, 0, 15, 5, 3, 10, 11, 17, 7, 8, 14, 2, 9, 6, 19, 13, 1, 16]",676.0,"[12, 4, 18, 0, 15, 5, 3, 10, 11, 17, 7, 8, 14, 2, 9, 6, 19, 13, 1, 16]",676.0,0.9999802112579346
"[12, 4, 18, 0, 15, 5, 3, 10, 11, 17, 7, 8, 14, 2, 9, 6, 19, 13, 1, 16]",676.0,"[12, 4, 18, 0, 15, 5, 3, 10, 11, 17, 7, 8, 14, 2, 9, 6, 19, 13, 1, 16]",676.0,1.055985927581787
"[12, 4, 18, 0, 15, 5, 3, 10, 11, 17, 7, 8, 14, 2, 9, 6, 19, 13, 1, 16]",676.0,"[12, 4, 18, 0, 15, 5, 3, 10, 11, 17, 7, 8, 14, 2, 9, 6, 19, 13, 1, 16]",676.0,1.110980749130249
"[12, 4, 18, 0, 15, 5, 3, 10, 11, 17, 7, 8, 14, 2, 9, 6, 19, 13, 1, 16]",676.0,"[12, 4, 18, 0, 15, 5, 3, 10, 11, 17, 7, 8, 14, 2, 9, 6, 19, 13, 1, 16]",676.0,1.1679863929748535
"[12, 4, 18, 0, 15, 5, 3, 10, 11, 17, 7, 8, 14, 2, 9, 6, 19, 13, 1, 16]",676.0,"[12, 4, 18, 0, 15, 5, 3, 10, 11, 17, 7, 8, 14, 2, 9, 6, 19, 13, 1, 16]",676.0,1.2249865531921387
"[12, 4, 18, 0, 15, 5, 3, 10, 11, 17, 7, 8, 14, 2, 9, 6, 19, 13, 1, 16]",676.0,"[12, 4, 18, 0, 15, 5, 3, 10, 11, 17, 7, 8, 14, 2, 9, 6, 19, 13, 1, 16]",676.0,1.2809839248657227
"[12, 4, 18, 0, 15, 5, 3, 10, 11, 17, 7, 8, 14, 2, 9, 6, 19, 13, 1, 16]",676.0,"[12, 4, 18, 0, 15, 5, 3, 10, 11, 17, 7, 8, 14, 2, 9, 6, 19, 13, 1, 16]",676.0,1.3369882106781006
"[12, 4, 18, 0, 15, 5, 3, 10, 11, 17, 7, 8, 14, 2, 9, 6, 19, 13, 1, 16]",676.0,"[12, 4, 18, 0, 15, 5, 3, 10, 11, 17, 7, 8, 14, 2, 9, 6, 19, 13, 1, 16]",676.0,1.3929879665374756
"[12, 4, 18, 0, 15, 5, 3, 10, 11, 17, 7, 8, 14, 2, 9, 6, 19, 13, 1, 16]",676.0,"[12, 4, 18, 0, 15, 5, 3, 10, 11, 17, 7, 8, 14, 2, 9, 6, 19, 13, 1, 16]",676.0,1.448988914489746
"[12, 4, 18, 0, 15, 5, 3, 10, 11, 17, 7, 8, 14, 2, 9, 6, 19, 13, 1, 16]",676.0,"[12, 4, 18, 0, 15, 5, 3, 10, 11, 17, 7, 8, 14, 2, 9, 6, 19, 13, 1, 16]",676.0,1.5089879035949707
"[12, 4, 18, 0, 15, 5, 3, 10, 11, 17, 7, 8, 14, 2, 9, 6, 19, 13, 1, 16]",676.0,"[12, 4, 18, 0, 15, 5, 3, 10, 11, 17, 7, 8, 14, 2, 9, 6, 19, 13, 1, 16]",676.0,1.565986156463623
"[12, 4, 18, 0, 15, 5, 3, 10, 11, 17, 7, 8, 14, 2, 9, 6, 19, 13, 1, 16]",676.0,"[12, 4, 18, 0, 15, 5, 3, 10, 11, 17, 7, 8, 14, 2, 9, 6, 19, 13, 1, 16]",676.0,1.6230616569519043
"[12, 4, 18, 0, 15, 5, 3, 10, 11, 17, 7, 8, 14, 2, 9, 6, 19, 13, 1, 16]",676.0,"[12, 4, 18, 0, 15, 5, 3, 10, 11, 17, 7, 8, 14, 2, 9, 6, 19, 13, 1, 16]",676.0,1.6789875030517578
"[12, 4, 18, 0, 15, 5, 3, 10, 11, 17, 7, 8, 14, 2, 9, 6, 19, 13, 1, 16]",676.0,"[12, 4, 18, 0, 15, 5, 3, 10, 11, 17, 7, 8, 14, 2, 9, 6, 19, 13, 1, 16]",676.0,1.7379891872406006
"[12, 4, 18, 0, 15, 5, 13, 10, 11, 17, 7, 8, 14, 2, 9, 6, 19, 3, 1, 16]",660.5,"[12, 4, 18, 0, 15, 5, 13, 10, 11, 17, 7, 8, 14, 2, 9, 6, 19, 3, 1, 16]",660.5,1.7959895133972168
"[12, 4, 18, 0, 15, 5, 13, 10, 11, 17, 7, 8, 14, 2, 9, 6, 19, 3, 1, 16]",660.5,"[12, 4, 18, 0, 15, 5, 13, 10, 11, 17, 7, 8, 14, 2, 9, 6, 19, 3, 1, 16]",660.5,1.8539903163909912
"[12, 4, 18, 0, 15, 5, 13, 10, 11, 17, 7, 8, 14, 2, 9, 6, 19, 3, 1, 16]",660.5,"[12, 4, 18, 0, 15, 5, 13, 10, 11, 17, 7, 8, 14, 2, 9, 6, 19, 3, 1, 16]",660.5,1.9099922180175781
"[12, 4, 18, 0, 15, 5, 13, 10, 11, 17, 7, 8, 14, 2, 9, 6, 19, 3, 1, 16]",660.5,"[12, 4, 18, 0, 15, 5, 13, 10, 11, 17, 7, 8, 14, 2, 9, 6, 19, 3, 1, 16]",660.5,1.9669947624206543
"[12, 4, 18, 0, 15, 5, 13, 10, 11, 17, 7, 8, 14, 2, 9, 6, 19, 3, 1, 16]",660.5,"[12, 4, 18, 0, 15, 5, 13, 10, 11, 17, 7, 8, 14, 2, 9, 6, 19, 3, 1, 16]",660.5,2.0229978561401367
"[12, 4, 18, 0, 15, 5, 13, 10, 11, 17, 7, 8, 14, 2, 9, 6, 19, 3, 1, 16]",660.5,"[12, 4, 18, 0, 15, 5, 13, 10, 11, 17, 7, 8, 14, 2, 9, 6, 19, 3, 1, 16]",660.5,2.078993082046509
"[12, 4, 18, 0, 15, 5, 13, 10, 11, 17, 7, 8, 14, 2, 9, 6, 19, 3, 1, 16]",660.5,"[12, 4, 18, 0, 15, 5, 13, 10, 11, 17, 7, 8, 14, 2, 9, 6, 19, 3, 1, 16]",660.5,2.1339938640594482
"[12, 4, 18, 0, 15, 5, 13, 10, 11, 17, 7, 8, 14, 2, 9, 6, 19, 3, 1, 16]",660.5,"[12, 4, 18, 0, 15, 5, 13, 10, 11, 17, 7, 8, 14, 2, 9, 6, 19, 3, 1, 16]",660.5,2.189992904663086
"[12, 4, 18, 0, 15, 5, 13, 10, 11, 17, 7, 8, 14, 2, 9, 6, 19, 3, 1, 16]",660.5,"[12, 4, 18, 0, 15, 5, 13, 10, 11, 17, 7, 8, 14, 2, 9, 6, 19, 3, 1, 16]",660.5,2.245997905731201
"[12, 4, 18, 0, 15, 5, 13, 10, 11, 17, 7, 8, 14, 2, 9, 6, 19, 3, 1, 16]",660.5,"[12, 4, 18, 0, 15, 5, 13, 10, 11, 17, 7, 8, 14, 2, 9, 6, 19, 3, 1, 16]",660.5,2.3039987087249756
"[12, 4, 18, 0, 15, 5, 13, 10, 11, 17, 7, 8, 14, 2, 9, 6, 19, 3, 1, 16]",660.5,"[12, 4, 18, 0, 15, 5, 13, 10, 11, 17, 7, 8, 14, 2, 9, 6, 19, 3, 1, 16]",660.5,2.3609941005706787
"[12, 4, 18, 0, 15, 5, 13, 10, 11, 17, 7, 8, 14, 2, 9, 6, 19, 3, 1, 16]",660.5,"[12, 4, 18, 0, 15, 5, 13, 10, 11, 17, 7, 8, 14, 2, 9, 6, 19, 3, 1, 16]",660.5,2.418017864227295
"[12, 4, 18, 0, 15, 5, 13, 10, 11, 17, 7, 8, 14, 2, 9, 6, 19, 16, 1, 3]",660.0,"[12, 4, 18, 0, 15, 5, 13, 10, 11, 17, 7, 8, 14, 2, 9, 6, 19, 16, 1, 3]",660.0,2.4780020713806152
"[12, 4, 18, 0, 15, 5, 13, 10, 11, 17, 7, 8, 14, 2, 9, 6, 19, 16, 1, 3]",660.0,"[12, 4, 18, 0, 15, 5, 13, 10, 11, 17, 7, 8, 14, 2, 9, 6, 19, 16, 1, 3]",660.0,2.5369977951049805
"[12, 4, 18, 0, 15, 5, 13, 10, 11, 17, 7, 8, 14, 2, 9, 6, 19, 16, 1, 3]",660.0,"[12, 4, 18, 0, 15, 5, 13, 10, 11, 17, 7, 8, 14, 2, 9, 6, 19, 16, 1, 3]",660.0,2.594998836517334
"[12, 4, 18, 0, 15, 5, 13, 10, 11, 17, 7, 8, 14, 2, 9, 6, 19, 16, 1, 3]",660.0,"[12, 4, 18, 0, 15, 5, 13, 10, 11, 17, 7, 8, 14, 2, 9, 6, 19, 16, 1, 3]",660.0,2.653000593185425
"[12, 4, 18, 0, 15, 5, 13, 10, 11, 17, 7, 8, 14, 2, 9, 6, 19, 16, 1, 3]",660.0,"[12, 4, 18, 0, 15, 5, 13, 10, 11, 17, 7, 8, 14, 2, 9, 6, 19, 16, 1, 3]",660.0,2.711002826690674
"[12, 4, 18, 0, 15, 5, 13, 10, 11, 17, 7, 8, 14, 2, 9, 6, 19, 16, 1, 3]",660.0,"[12, 4, 18, 0, 15, 5, 13, 10, 11, 17, 7, 8, 14, 2, 9, 6, 19, 16, 1, 3]",660.0,2.7679989337921143
"[12, 4, 18, 0, 15, 5, 13, 10, 11, 17, 7, 8, 14, 2, 9, 6, 19, 16, 1, 3]",660.0,"[12, 4, 18, 0, 15, 5, 13, 10, 11, 17, 7, 8, 14, 2, 9, 6, 19, 16, 1, 3]",660.0,2.8240041732788086
"[12, 4, 18, 0, 15, 5, 13, 10, 11, 17, 7, 8, 14, 2, 9, 6, 19, 16, 1, 3]",660.0,"[12, 4, 18, 0, 15, 5, 13, 10, 11, 17, 7, 8, 14, 2, 9, 6, 19, 16, 1, 3]",660.0,2.879002332687378
"[12, 4, 18, 0, 15, 5, 13, 10, 11, 17, 7, 8, 14, 2, 9, 6, 19, 16, 1, 3]",660.0,"[12, 4, 18, 0, 15, 5, 13, 10, 11, 17, 7, 8, 14, 2, 9, 6, 19, 16, 1, 3]",660.0,2.9360005855560303
"[12, 4, 18, 0, 15, 5, 13, 10, 11, 17, 7, 8, 14, 2, 9, 6, 19, 16, 1, 3]",660.0,"[12, 4, 18, 0, 15, 5, 13, 10, 11, 17, 7, 8, 14, 2, 9, 6, 19, 16, 1, 3]",660.0,2.991006374359131
"[12, 4, 18, 0, 15, 5, 13, 10, 11, 17, 7, 8, 14, 2, 9, 6, 19, 16, 1, 3]",660.0,"[12, 4, 18, 0, 15, 5, 13, 10, 11, 17, 7, 8, 14, 2, 9, 6, 19, 16, 1, 3]",660.0,3.048001527786255
"[12, 4, 18, 0, 15, 5, 13, 10, 11, 17, 7, 8, 14, 2, 9, 6, 19, 16, 1, 3]",660.0,"[12, 4, 18, 0, 15, 5, 13, 10, 11, 17, 7, 8, 14, 2, 9, 6, 19, 16, 1, 3]",660.0,3.106041669845581
"[12, 4, 18, 0, 15, 5, 13, 10, 11, 17, 7, 8, 14, 2, 9, 6, 19, 16, 1, 3]",660.0,"[12, 4, 18, 0, 15, 5, 13, 10, 11, 17, 7, 8, 14, 2, 9, 6, 19, 16, 1, 3]",660.0,3.16501522064209
"[12, 4, 18, 0, 15, 5, 13, 10, 11, 17, 7, 8, 14, 2, 9, 6, 19, 16, 1, 3]",660.0,"[12, 4, 18, 0, 15, 5, 13, 10, 11, 17, 7, 8, 14, 2, 9, 6, 19, 16, 1, 3]",660.0,3.2240071296691895
"[12, 4, 18, 0, 15, 5, 13, 10, 11, 17, 7, 8, 14, 2, 9, 6, 19, 16, 1, 3]",660.0,"[12, 4, 18, 0, 15, 5, 13, 10, 11, 17, 7, 8, 14, 2, 9, 6, 19, 16, 1, 3]",660.0,3.2830076217651367
"[12, 4, 18, 0, 15, 5, 13, 10, 11, 17, 7, 8, 14, 2, 9, 6, 19, 16, 1, 3]",660.0,"[12, 4, 18, 0, 15, 5, 13, 10, 11, 17, 7, 8, 14, 2, 9, 6, 19, 16, 1, 3]",660.0,3.3390204906463623
"[12, 4, 18, 0, 15, 5, 13, 10, 11, 17, 7, 8, 14, 2, 9, 6, 19, 16, 1, 3]",660.0,"[12, 4, 18, 0, 15, 5, 13, 10, 11, 17, 7, 8, 14, 2, 9, 6, 19, 16, 1, 3]",660.0,3.396015167236328
"[12, 4, 18, 0, 15, 5, 13, 10, 11, 17, 7, 8, 14, 2, 9, 6, 19, 16, 1, 3]",660.0,"[12, 4, 18, 0, 15, 5, 13, 10, 11, 17, 7, 8, 14, 2, 9, 6, 19, 16, 1, 3]",660.0,3.454014539718628
"[12, 4, 18, 0, 15, 5, 13, 10, 11, 17, 7, 8, 14, 2, 9, 6, 19, 16, 1, 3]",660.0,"[12, 4, 18, 0, 15, 5, 13, 10, 11, 17, 7, 8, 14, 2, 9, 6, 19, 16, 1, 3]",660.0,3.5130109786987305
"[12, 4, 18, 0, 15, 5, 13, 10, 11, 17, 7, 8, 14, 2, 9, 6, 19, 16, 1, 3]",660.0,"[12, 4, 18, 0, 15, 5, 13, 10, 11, 17, 7, 8, 14, 2, 9, 6, 19, 16, 1, 3]",660.0,3.5730111598968506
"[12, 4, 18, 0, 15, 5, 13, 10, 11, 17, 7, 8, 14, 2, 9, 6, 19, 16, 1, 3]",660.0,"[12, 4, 18, 0, 15, 5, 13, 10, 11, 17, 7, 8, 14, 2, 9, 6, 19, 16, 1, 3]",660.0,3.6330108642578125
"[12, 4, 18, 0, 15, 5, 13, 10, 11, 17, 7, 8, 14, 2, 9, 6, 19, 16, 1, 3]",660.0,"[12, 4, 18, 0, 15, 5, 13, 10, 11, 17, 7, 8, 14, 2, 9, 6, 19, 16, 1, 3]",660.0,3.692012071609497
"[12, 4, 18, 0, 15, 5, 13, 10, 11, 17, 7, 8, 14, 2, 9, 6, 19, 16, 1, 3]",660.0,"[12, 4, 18, 0, 15, 5, 13, 10, 11, 17, 7, 8, 14, 2, 9, 6, 19, 16, 1, 3]",660.0,3.7550127506256104
"[12, 4, 18, 0, 15, 5, 13, 10, 11, 17, 7, 8, 14, 2, 9, 6, 19, 16, 1, 3]",660.0,"[12, 4, 18, 0, 15, 5, 13, 10, 11, 17, 7, 8, 14, 2, 9, 6, 19, 16, 1, 3]",660.0,3.815012216567993
"[12, 4, 18, 0, 15, 5, 13, 10, 11, 17, 7, 8, 14, 2, 9, 6, 19, 16, 1, 3]",660.0,"[12, 4, 18, 0, 15, 5, 13, 10, 11, 17, 7, 8, 14, 2, 9, 6, 19, 16, 1, 3]",660.0,3.875007390975952
"[12, 4, 18, 0, 15, 5, 13, 10, 11, 17, 7, 8, 14, 2, 9, 6, 19, 16, 1, 3]",660.0,"[12, 4, 18, 0, 15, 5, 13, 10, 11, 17, 7, 8, 14, 2, 9, 6, 19, 16, 1, 3]",660.0,3.9330103397369385
"[12, 4, 18, 0, 15, 5, 13, 10, 11, 17, 7, 8, 14, 2, 9, 6, 19, 16, 1, 3]",660.0,"[12, 4, 18, 0, 15, 5, 13, 10, 11, 17, 7, 8, 14, 2, 9, 6, 19, 16, 1, 3]",660.0,3.991010904312134
"[12, 4, 18, 0, 15, 5, 13, 10, 11, 17, 7, 8, 14, 2, 9, 6, 19, 16, 1, 3]",660.0,"[12, 4, 18, 0, 15, 5, 13, 10, 11, 17, 7, 8, 14, 2, 9, 6, 19, 16, 1, 3]",660.0,4.04801344871521
"[12, 4, 18, 0, 15, 5, 13, 10, 11, 17, 7, 8, 14, 2, 9, 6, 19, 16, 1, 3]",660.0,"[12, 4, 18, 0, 15, 5, 13, 10, 11, 17, 7, 8, 14, 2, 9, 6, 19, 16, 1, 3]",660.0,4.106014013290405
"[12, 4, 18, 0, 15, 5, 13, 10, 11, 17, 7, 8, 14, 2, 9, 6, 19, 16, 1, 3]",660.0,"[12, 4, 18, 0, 15, 5, 13, 10, 11, 17, 7, 8, 14, 2, 9, 6, 19, 16, 1, 3]",660.0,4.165014982223511
"[12, 4, 18, 0, 15, 5, 13, 10, 11, 17, 7, 8, 14, 2, 9, 6, 19, 16, 1, 3]",660.0,"[12, 4, 18, 0, 15, 5, 13, 10, 11, 17, 7, 8, 14, 2, 9, 6, 19, 16, 1, 3]",660.0,4.220016002655029
"[12, 4, 18, 0, 15, 5, 13, 10, 11, 17, 7, 8, 14, 2, 9, 6, 19, 16, 1, 3]",660.0,"[12, 4, 18, 0, 15, 5, 13, 10, 11, 17, 7, 8, 14, 2, 9, 6, 19, 16, 1, 3]",660.0,4.276013612747192
"[12, 4, 18, 0, 15, 5, 13, 10, 11, 17, 7, 8, 14, 2, 9, 6, 19, 16, 1, 3]",660.0,"[12, 4, 18, 0, 15, 5, 13, 10, 11, 17, 7, 8, 14, 2, 9, 6, 19, 16, 1, 3]",660.0,4.332014322280884
"[12, 4, 18, 0, 15, 5, 13, 10, 11, 17, 7, 8, 14, 2, 9, 6, 19, 16, 1, 3]",660.0,"[12, 4, 18, 0, 15, 5, 13, 10, 11, 17, 7, 8, 14, 2, 9, 6, 19, 16, 1, 3]",660.0,4.388015270233154
"[12, 4, 18, 0, 15, 5, 13, 10, 11, 17, 7, 8, 14, 2, 9, 6, 19, 16, 1, 3]",660.0,"[12, 4, 18, 0, 15, 5, 13, 10, 11, 17, 7, 8, 14, 2, 9, 6, 19, 16, 1, 3]",660.0,4.444045066833496
"[12, 4, 18, 0, 15, 5, 13, 10, 11, 17, 7, 8, 14, 2, 9, 6, 19, 16, 1, 3]",660.0,"[12, 4, 18, 0, 15, 5, 13, 10, 11, 17, 7, 8, 14, 2, 9, 6, 19, 16, 1, 3]",660.0,4.500016689300537
"[12, 4, 18, 0, 15, 5, 13, 10, 11, 17, 7, 8, 14, 2, 9, 6, 19, 16, 1, 3]",660.0,"[12, 4, 18, 0, 15, 5, 13, 10, 11, 17, 7, 8, 14, 2, 9, 6, 19, 16, 1, 3]",660.0,4.555022716522217
"[12, 4, 18, 0, 15, 5, 13, 10, 11, 17, 7, 8, 14, 2, 9, 6, 19, 16, 1, 3]",660.0,"[12, 4, 18, 0, 15, 5, 13, 10, 11, 17, 7, 8, 14, 2, 9, 6, 19, 16, 1, 3]",660.0,4.610020399093628
"[12, 4, 18, 0, 15, 5, 13, 10, 11, 17, 7, 8, 14, 2, 9, 6, 19, 16, 1, 3]",660.0,"[12, 4, 18, 0, 15, 5, 13, 10, 11, 17, 7, 8, 14, 2, 9, 6, 19, 16, 1, 3]",660.0,4.667020797729492
"[12, 4, 18, 0, 15, 5, 13, 10, 11, 17, 7, 8, 14, 2, 9, 6, 19, 16, 1, 3]",660.0,"[12, 4, 18, 0, 15, 5, 13, 10, 11, 17, 7, 8, 14, 2, 9, 6, 19, 16, 1, 3]",660.0,4.72402548789978
"[12, 4, 18, 0, 15, 5, 13, 10, 11, 17, 7, 8, 14, 2, 9, 6, 19, 16, 1, 3]",660.0,"[12, 4, 18, 0, 15, 5, 13, 10, 11, 17, 7, 8, 14, 2, 9, 6, 19, 16, 1, 3]",660.0,4.78201961517334
"[12, 4, 18, 0, 15, 5, 13, 10, 11, 17, 7, 8, 14, 2, 9, 6, 19, 16, 1, 3]",660.0,"[12, 4, 18, 0, 15, 5, 13, 10, 11, 17, 7, 8, 14, 2, 9, 6, 19, 16, 1, 3]",660.0,4.839024543762207
"[12, 4, 18, 0, 15, 5, 13, 10, 11, 17, 7, 8, 14, 2, 9, 6, 19, 16, 1, 3]",660.0,"[12, 4, 18, 0, 15, 5, 13, 10, 11, 17, 7, 8, 14, 2, 9, 6, 19, 16, 1, 3]",660.0,4.900028705596924
"[12, 4, 18, 0, 15, 5, 13, 10, 11, 17, 7, 8, 14, 2, 9, 6, 19, 16, 1, 3]",660.0,"[12, 4, 18, 0, 15, 5, 13, 10, 11, 17, 7, 8, 14, 2, 9, 6, 19, 16, 1, 3]",660.0,4.963025331497192
"[12, 4, 18, 0, 15, 5, 13, 10, 11, 17, 7, 8, 14, 2, 9, 6, 19, 16, 1, 3]",660.0,"[12, 4, 18, 0, 15, 5, 13, 10, 11, 17, 7, 8, 14, 2, 9, 6, 19, 16, 1, 3]",660.0,5.025021076202393
"[12, 4, 18, 0, 15, 5, 13, 10, 11, 17, 7, 8, 14, 2, 9, 6, 19, 16, 1, 3]",660.0,"[12, 4, 18, 0, 15, 5, 13, 10, 11, 17, 7, 8, 14, 2, 9, 6, 19, 16, 1, 3]",660.0,5.086024761199951
"[12, 4, 18, 0, 15, 5, 13, 10, 11, 17, 7, 8, 14, 2, 9, 6, 19, 16, 1, 3]",660.0,"[12, 4, 18, 0, 15, 5, 13, 10, 11, 17, 7, 8, 14, 2, 9, 6, 19, 16, 1, 3]",660.0,5.149024963378906
"[12, 4, 18, 0, 15, 5, 13, 10, 11, 17, 7, 8, 14, 2, 9, 6, 19, 16, 1, 3]",660.0,"[12, 4, 18, 0, 15, 5, 13, 10, 11, 17, 7, 8, 14, 2, 9, 6, 19, 16, 1, 3]",660.0,5.209027528762817
"[12, 4, 18, 0, 15, 5, 13, 10, 11, 17, 7, 8, 14, 2, 9, 6, 19, 16, 1, 3]",660.0,"[12, 4, 18, 0, 15, 5, 13, 10, 11, 17, 7, 8, 14, 2, 9, 6, 19, 16, 1, 3]",660.0,5.26802396774292
"[12, 4, 18, 0, 15, 5, 13, 10, 11, 17, 7, 8, 14, 2, 9, 6, 19, 16, 1, 3]",660.0,"[12, 4, 18, 0, 15, 5, 13, 10, 11, 17, 7, 8, 14, 2, 9, 6, 19, 16, 1, 3]",660.0,5.330030918121338
"[12, 4, 18, 0, 15, 5, 13, 10, 11, 17, 7, 8, 14, 2, 9, 6, 19, 16, 1, 3]",660.0,"[12, 4, 18, 0, 15, 5, 13, 10, 11, 17, 7, 8, 14, 2, 9, 6, 19, 16, 1, 3]",660.0,5.388023138046265
"[12, 4, 18, 0, 15, 5, 13, 10, 11, 17, 7, 8, 14, 2, 9, 6, 19, 16, 1, 3]",660.0,"[12, 4, 18, 0, 15, 5, 13, 10, 11, 17, 7, 8, 14, 2, 9, 6, 19, 16, 1, 3]",660.0,5.444026231765747
"[12, 4, 18, 0, 15, 5, 13, 10, 11, 17, 7, 8, 14, 2, 9, 6, 19, 16, 1, 3]",660.0,"[12, 4, 18, 0, 15, 5, 13, 10, 11, 17, 7, 8, 14, 2, 9, 6, 19, 16, 1, 3]",660.0,5.500030279159546
"[12, 4, 18, 0, 15, 5, 13, 10, 11, 17, 7, 8, 14, 2, 9, 6, 19, 16, 1, 3]",660.0,"[12, 4, 18, 0, 15, 5, 13, 10, 11, 17, 7, 8, 14, 2, 9, 6, 19, 16, 1, 3]",660.0,5.555033922195435
"[12, 4, 18, 0, 15, 5, 13, 10, 11, 17, 7, 8, 14, 2, 9, 6, 19, 16, 1, 3]",660.0,"[12, 4, 18, 0, 15, 5, 13, 10, 11, 17, 7, 8, 14, 2, 9, 6, 19, 16, 1, 3]",660.0,5.611032724380493
"[12, 4, 18, 0, 15, 5, 13, 10, 11, 17, 7, 8, 14, 2, 9, 6, 19, 16, 1, 3]",660.0,"[12, 4, 18, 0, 15, 5, 13, 10, 11, 17, 7, 8, 14, 2, 9, 6, 19, 16, 1, 3]",660.0,5.667032718658447
"[12, 4, 18, 0, 15, 5, 13, 10, 11, 17, 7, 8, 14, 2, 9, 6, 19, 16, 1, 3]",660.0,"[12, 4, 18, 0, 15, 5, 13, 10, 11, 17, 7, 8, 14, 2, 9, 6, 19, 16, 1, 3]",660.0,5.724032402038574
"[12, 4, 18, 0, 15, 5, 13, 10, 11, 17, 7, 8, 14, 2, 9, 6, 19, 16, 1, 3]",660.0,"[12, 4, 18, 0, 15, 5, 13, 10, 11, 17, 7, 8, 14, 2, 9, 6, 19, 16, 1, 3]",660.0,5.780029773712158
"[12, 4, 18, 0, 15, 5, 13, 10, 11, 17, 7, 8, 14, 2, 9, 6, 19, 16, 1, 3]",660.0,"[12, 4, 18, 0, 15, 5, 13, 10, 11, 17, 7, 8, 14, 2, 9, 6, 19, 16, 1, 3]",660.0,5.836032152175903
"[12, 4, 18, 0, 15, 5, 13, 10, 11, 17, 7, 8, 14, 2, 9, 6, 19, 16, 1, 3]",660.0,"[12, 4, 18, 0, 15, 5, 13, 10, 11, 17, 7, 8, 14, 2, 9, 6, 19, 16, 1, 3]",660.0,5.894035816192627
"[12, 4, 18, 0, 15, 5, 13, 10, 11, 17, 7, 8, 14, 2, 9, 6, 19, 16, 1, 3]",660.0,"[12, 4, 18, 0, 15, 5, 13, 10, 11, 17, 7, 8, 14, 2, 9, 6, 19, 16, 1, 3]",660.0,5.9520323276519775
"[12, 4, 18, 0, 15, 5, 13, 10, 11, 17, 7, 8, 14, 2, 9, 6, 19, 16, 1, 3]",660.0,"[12, 4, 18, 0, 15, 5, 13, 10, 11, 17, 7, 8, 14, 2, 9, 6, 19, 16, 1, 3]",660.0,6.008033752441406
"[12, 4, 18, 0, 15, 5, 13, 10, 11, 17, 7, 8, 14, 2, 9, 6, 19, 16, 1, 3]",660.0,"[12, 4, 18, 0, 15, 5, 13, 10, 11, 17, 7, 8, 14, 2, 9, 6, 19, 16, 1, 3]",660.0,6.067032337188721
"[12, 4, 18, 0, 15, 5, 13, 10, 11, 17, 7, 8, 14, 2, 9, 6, 19, 16, 1, 3]",660.0,"[12, 4, 18, 0, 15, 5, 13, 10, 11, 17, 7, 8, 14, 2, 9, 6, 19, 16, 1, 3]",660.0,6.126033306121826
"[12, 4, 18, 0, 15, 5, 13, 10, 11, 17, 7, 8, 14, 2, 9, 6, 19, 16, 1, 3]",660.0,"[12, 4, 18, 0, 15, 5, 13, 10, 11, 17, 7, 8, 14, 2, 9, 6, 19, 16, 1, 3]",660.0,6.183037281036377
"[12, 4, 18, 0, 15, 5, 13, 10, 11, 17, 7, 8, 14, 2, 9, 6, 19, 16, 1, 3]",660.0,"[12, 4, 18, 0, 15, 5, 13, 10, 11, 17, 7, 8, 14, 2, 9, 6, 19, 16, 1, 3]",660.0,6.23903489112854
"[12, 4, 18, 0, 15, 5, 13, 10, 11, 17, 7, 8, 14, 2, 9, 6, 19, 16, 1, 3]",660.0,"[12, 4, 18, 0, 15, 5, 13, 10, 11, 17, 7, 8, 14, 2, 9, 6, 19, 16, 1, 3]",660.0,6.296046733856201
"[12, 4, 18, 0, 15, 5, 13, 10, 11, 17, 7, 8, 14, 2, 9, 6, 19, 16, 1, 3]",660.0,"[12, 4, 18, 0, 15, 5, 13, 10, 11, 17, 7, 8, 14, 2, 9, 6, 19, 16, 1, 3]",660.0,6.3530402183532715
"[12, 4, 18, 0, 15, 5, 13, 10, 11, 17, 7, 8, 14, 2, 9, 6, 19, 16, 1, 3]",660.0,"[12, 4, 18, 0, 15, 5, 13, 10, 11, 17, 7, 8, 14, 2, 9, 6, 19, 16, 1, 3]",660.0,6.4140403270721436
"[12, 4, 18, 0, 15, 5, 13, 10, 11, 17, 7, 8, 14, 2, 9, 6, 19, 16, 1, 3]",660.0,"[12, 4, 18, 0, 15, 5, 13, 10, 11, 17, 7, 8, 14, 2, 9, 6, 19, 16, 1, 3]",660.0,6.47404146194458
"[12, 4, 18, 0, 15, 5, 13, 10, 11, 17, 7, 8, 14, 2, 9, 6, 19, 16, 1, 3]",660.0,"[12, 4, 18, 0, 15, 5, 13, 10, 11, 17, 7, 8, 14, 2, 9, 6, 19, 16, 1, 3]",660.0,6.5340375900268555
"[12, 4, 18, 0, 15, 5, 13, 10, 11, 17, 7, 8, 14, 2, 9, 6, 19, 16, 1, 3]",660.0,"[12, 4, 18, 0, 15, 5, 13, 10, 11, 17, 7, 8, 14, 2, 9, 6, 19, 16, 1, 3]",660.0,6.597042798995972
"[12, 4, 18, 0, 15, 5, 13, 10, 11, 17, 7, 8, 14, 2, 9, 6, 19, 16, 1, 3]",660.0,"[12, 4, 18, 0, 15, 5, 13, 10, 11, 17, 7, 8, 14, 2, 9, 6, 19, 16, 1, 3]",660.0,6.659092664718628
"[12, 4, 18, 0, 15, 5, 13, 10, 11, 17, 7, 8, 14, 2, 9, 6, 19, 16, 1, 3]",660.0,"[12, 4, 18, 0, 15, 5, 13, 10, 11, 17, 7, 8, 14, 2, 9, 6, 19, 16, 1, 3]",660.0,6.722091436386108
"[12, 4, 18, 0, 15, 5, 13, 10, 11, 17, 7, 8, 14, 2, 9, 6, 19, 16, 1, 3]",660.0,"[12, 4, 18, 0, 15, 5, 13, 10, 11, 17, 7, 8, 14, 2, 9, 6, 19, 16, 1, 3]",660.0,6.787041425704956
"[12, 4, 18, 0, 15, 5, 13, 10, 11, 17, 7, 8, 14, 2, 9, 6, 19, 16, 1, 3]",660.0,"[12, 4, 18, 0, 15, 5, 13, 10, 11, 17, 7, 8, 14, 2, 9, 6, 19, 16, 1, 3]",660.0,6.8470940589904785
"[12, 4, 18, 0, 15, 5, 13, 10, 11, 17, 7, 8, 14, 2, 9, 6, 19, 16, 1, 3]",660.0,"[12, 4, 18, 0, 15, 5, 13, 10, 11, 17, 7, 8, 14, 2, 9, 6, 19, 16, 1, 3]",660.0,6.9100940227508545
"[12, 4, 18, 0, 15, 5, 13, 10, 11, 17, 7, 8, 14, 2, 9, 6, 19, 16, 1, 3]",660.0,"[12, 4, 18, 0, 15, 5, 13, 10, 11, 17, 7, 8, 14, 2, 9, 6, 19, 16, 1, 3]",660.0,6.975093841552734
"[12, 4, 18, 0, 15, 5, 13, 10, 11, 17, 7, 8, 14, 2, 9, 6, 19, 16, 1, 3]",660.0,"[12, 4, 18, 0, 15, 5, 13, 10, 11, 17, 7, 8, 14, 2, 9, 6, 19, 16, 1, 3]",660.0,7.041107416152954
"[12, 4, 18, 0, 15, 5, 13, 10, 11, 17, 7, 8, 14, 2, 9, 6, 19, 16, 1, 3]",660.0,"[12, 4, 18, 0, 15, 5, 13, 10, 11, 17, 7, 8, 14, 2, 9, 6, 19, 16, 1, 3]",660.0,7.104046583175659
"[12, 4, 18, 0, 15, 5, 13, 10, 11, 17, 7, 8, 14, 2, 9, 6, 19, 16, 1, 3]",660.0,"[12, 4, 18, 0, 15, 5, 13, 10, 11, 17, 7, 8, 14, 2, 9, 6, 19, 16, 1, 3]",660.0,7.162046194076538
"[12, 4, 18, 0, 15, 5, 13, 10, 11, 17, 7, 8, 14, 2, 9, 6, 19, 16, 1, 3]",660.0,"[12, 4, 18, 0, 15, 5, 13, 10, 11, 17, 7, 8, 14, 2, 9, 6, 19, 16, 1, 3]",660.0,7.218047618865967
"[12, 4, 18, 0, 15, 5, 13, 10, 11, 17, 7, 8, 14, 2, 9, 6, 19, 16, 1, 3]",660.0,"[12, 4, 18, 0, 15, 5, 13, 10, 11, 17, 7, 8, 14, 2, 9, 6, 19, 16, 1, 3]",660.0,7.274048089981079
"[12, 4, 18, 0, 15, 5, 13, 10, 11, 17, 7, 8, 14, 2, 9, 6, 19, 16, 1, 3]",660.0,"[12, 4, 18, 0, 15, 5, 13, 10, 11, 17, 7, 8, 14, 2, 9, 6, 19, 16, 1, 3]",660.0,7.331047773361206
"[12, 4, 18, 0, 15, 5, 13, 10, 11, 17, 7, 8, 14, 2, 9, 6, 19, 16, 1, 3]",660.0,"[12, 4, 18, 0, 15, 5, 13, 10, 11, 17, 7, 8, 14, 2, 9, 6, 19, 16, 1, 3]",660.0,7.391049385070801
"[12, 4, 18, 0, 15, 5, 13, 10, 11, 17, 7, 8, 14, 2, 9, 6, 19, 16, 1, 3]",660.0,"[12, 4, 18, 0, 15, 5, 13, 10, 11, 17, 7, 8, 14, 2, 9, 6, 19, 16, 1, 3]",660.0,7.478049278259277
"[12, 18, 4, 0, 15, 5, 13, 10, 11, 17, 7, 8, 14, 2, 9, 6, 19, 16, 1, 3]",658.5,"[12, 18, 4, 0, 15, 5, 13, 10, 11, 17, 7, 8, 14, 2, 9, 6, 19, 16, 1, 3]",658.5,7.570048093795776
"[12, 18, 4, 0, 15, 5, 13, 10, 11, 17, 7, 8, 14, 2, 9, 6, 19, 16, 1, 3]",658.5,"[12, 18, 4, 0, 15, 5, 13, 10, 11, 17, 7, 8, 14, 2, 9, 6, 19, 16, 1, 3]",658.5,7.632052659988403
"[12, 18, 4, 0, 15, 5, 13, 10, 11, 17, 7, 8, 14, 2, 9, 6, 19, 16, 1, 3]",658.5,"[12, 18, 4, 0, 15, 5, 13, 10, 11, 17, 7, 8, 14, 2, 9, 6, 19, 16, 1, 3]",658.5,7.6950507164001465
"[12, 18, 4, 0, 15, 5, 13, 10, 11, 17, 7, 8, 14, 2, 9, 6, 19, 16, 1, 3]",658.5,"[12, 18, 4, 0, 15, 5, 13, 10, 11, 17, 7, 8, 14, 2, 9, 6, 19, 16, 1, 3]",658.5,7.753051996231079
"[12, 18, 4, 0, 15, 5, 13, 10, 11, 17, 7, 8, 14, 2, 9, 6, 19, 16, 1, 3]",658.5,"[12, 18, 4, 0, 15, 5, 13, 10, 11, 17, 7, 8, 14, 2, 9, 6, 19, 16, 1, 3]",658.5,7.813052177429199
"[12, 18, 4, 0, 15, 5, 13, 10, 11, 17, 7, 8, 14, 2, 9, 6, 19, 16, 1, 3]",658.5,"[12, 18, 4, 0, 15, 5, 13, 10, 11, 17, 7, 8, 14, 2, 9, 6, 19, 16, 1, 3]",658.5,7.869052171707153
"[12, 18, 4, 0, 15, 5, 13, 10, 11, 17, 7, 8, 14, 2, 9, 6, 19, 16, 1, 3]",658.5,"[12, 18, 4, 0, 15, 5, 13, 10, 11, 17, 7, 8, 14, 2, 9, 6, 19, 16, 1, 3]",658.5,7.925052881240845
"[12, 18, 4, 0, 15, 5, 13, 10, 11, 17, 7, 8, 14, 2, 9, 6, 19, 16, 1, 3]",658.5,"[12, 18, 4, 0, 15, 5, 13, 10, 11, 17, 7, 8, 14, 2, 9, 6, 19, 16, 1, 3]",658.5,7.982053995132446
"[12, 18, 4, 0, 15, 5, 13, 10, 11, 17, 7, 8, 14, 2, 9, 6, 19, 16, 1, 3]",658.5,"[12, 18, 4, 0, 15, 5, 13, 10, 11, 17, 7, 8, 14, 2, 9, 6, 19, 16, 1, 3]",658.5,8.040106773376465
"[12, 18, 4, 0, 15, 5, 13, 10, 11, 17, 7, 8, 14, 2, 9, 6, 19, 16, 1, 3]",658.5,"[12, 18, 4, 0, 15, 5, 13, 10, 11, 17, 7, 8, 14, 2, 9, 6, 19, 16, 1, 3]",658.5,8.107056140899658
"[12, 18, 4, 0, 15, 5, 13, 10, 11, 17, 7, 8, 14, 2, 9, 6, 19, 16, 1, 3]",658.5,"[12, 18, 4, 0, 15, 5, 13, 10, 11, 17, 7, 8, 14, 2, 9, 6, 19, 16, 1, 3]",658.5,8.164058208465576
"[12, 18, 4, 0, 15, 5, 13, 10, 11, 17, 7, 8, 14, 2, 9, 6, 19, 16, 1, 3]",658.5,"[12, 18, 4, 0, 15, 5, 13, 10, 11, 17, 7, 8, 14, 2, 9, 6, 19, 16, 1, 3]",658.5,8.222057342529297
"[12, 18, 4, 0, 15, 5, 13, 10, 11, 17, 7, 8, 14, 2, 9, 6, 19, 16, 1, 3]",658.5,"[12, 18, 4, 0, 15, 5, 13, 10, 11, 17, 7, 8, 14, 2, 9, 6, 19, 16, 1, 3]",658.5,8.278085470199585
"[12, 18, 4, 0, 15, 5, 13, 10, 11, 17, 7, 8, 14, 2, 9, 6, 19, 16, 1, 3]",658.5,"[12, 18, 4, 0, 15, 5, 13, 10, 11, 17, 7, 8, 14, 2, 9, 6, 19, 16, 1, 3]",658.5,8.334056615829468
"[12, 18, 4, 0, 15, 5, 13, 10, 11, 17, 7, 8, 14, 2, 9, 6, 19, 16, 1, 3]",658.5,"[12, 18, 4, 0, 15, 5, 13, 10, 11, 17, 7, 8, 14, 2, 9, 6, 19, 16, 1, 3]",658.5,8.39105749130249
"[12, 18, 4, 0, 15, 5, 13, 10, 11, 17, 7, 8, 14, 2, 9, 6, 19, 16, 1, 3]",658.5,"[12, 18, 4, 0, 15, 5, 13, 10, 11, 17, 7, 8, 14, 2, 9, 6, 19, 16, 1, 3]",658.5,8.45006251335144
"[12, 18, 4, 0, 15, 5, 13, 10, 11, 17, 7, 8, 14, 2, 9, 6, 19, 16, 1, 3]",658.5,"[12, 18, 4, 0, 15, 5, 13, 10, 11, 17, 7, 8, 14, 2, 9, 6, 19, 16, 1, 3]",658.5,8.506062030792236
"[12, 18, 4, 0, 15, 5, 13, 10, 11, 17, 7, 8, 14, 2, 9, 6, 19, 16, 1, 3]",658.5,"[12, 18, 4, 0, 15, 5, 13, 10, 11, 17, 7, 8, 14, 2, 9, 6, 19, 16, 1, 3]",658.5,8.562064170837402
"[12, 18, 4, 0, 15, 5, 13, 10, 11, 17, 7, 8, 14, 2, 9, 6, 19, 16, 1, 3]",658.5,"[12, 18, 4, 0, 15, 5, 13, 10, 11, 17, 7, 8, 14, 2, 9, 6, 19, 16, 1, 3]",658.5,8.619064569473267
"[12, 18, 4, 0, 15, 5, 13, 10, 11, 17, 7, 8, 14, 2, 9, 6, 19, 16, 1, 3]",658.5,"[12, 18, 4, 0, 15, 5, 13, 10, 11, 17, 7, 8, 14, 2, 9, 6, 19, 16, 1, 3]",658.5,8.674060821533203
"[12, 18, 4, 0, 15, 5, 13, 10, 11, 17, 7, 8, 14, 2, 9, 6, 19, 16, 1, 3]",658.5,"[12, 18, 4, 0, 15, 5, 13, 10, 11, 17, 7, 8, 14, 2, 9, 6, 19, 16, 1, 3]",658.5,8.731082916259766
"[12, 18, 4, 0, 15, 5, 13, 10, 11, 17, 7, 8, 14, 2, 9, 6, 19, 16, 1, 3]",658.5,"[12, 18, 4, 0, 15, 5, 13, 10, 11, 17, 7, 8, 14, 2, 9, 6, 19, 16, 1, 3]",658.5,8.789064645767212
"[12, 18, 4, 0, 15, 5, 13, 10, 11, 17, 7, 8, 14, 2, 9, 6, 19, 16, 1, 3]",658.5,"[12, 18, 4, 0, 15, 5, 13, 10, 11, 17, 7, 8, 14, 2, 9, 6, 19, 16, 1, 3]",658.5,8.846064567565918
"[12, 18, 4, 0, 15, 5, 13, 10, 11, 17, 7, 8, 14, 2, 9, 6, 19, 16, 1, 3]",658.5,"[12, 18, 4, 0, 15, 5, 13, 10, 11, 17, 7, 8, 14, 2, 9, 6, 19, 16, 1, 3]",658.5,8.902066230773926
"[12, 18, 4, 0, 15, 5, 13, 10, 11, 17, 7, 8, 14, 2, 9, 6, 19, 16, 1, 3]",658.5,"[12, 18, 4, 0, 15, 5, 13, 10, 11, 17, 7, 8, 14, 2, 9, 6, 19, 16, 1, 3]",658.5,8.958082437515259
"[12, 18, 4, 0, 15, 5, 13, 10, 11, 17, 7, 8, 14, 2, 9, 6, 19, 16, 1, 3]",658.5,"[12, 18, 4, 0, 15, 5, 13, 10, 11, 17, 7, 8, 14, 2, 9, 6, 19, 16, 1, 3]",658.5,9.015065670013428
"[12, 18, 4, 0, 15, 5, 13, 10, 11, 17, 7, 8, 14, 2, 9, 6, 19, 16, 1, 3]",658.5,"[12, 18, 4, 0, 15, 5, 13, 10, 11, 17, 7, 8, 14, 2, 9, 6, 19, 16, 1, 3]",658.5,9.071065664291382
"[12, 18, 4, 0, 15, 5, 13, 10, 11, 17, 7, 8, 14, 2, 9, 6, 19, 16, 1, 3]",658.5,"[12, 18, 4, 0, 15, 5, 13, 10, 11, 17, 7, 8, 14, 2, 9, 6, 19, 16, 1, 3]",658.5,9.127070426940918
"[12, 18, 4, 0, 15, 5, 13, 10, 11, 17, 7, 8, 14, 2, 9, 6, 19, 16, 1, 3]",658.5,"[12, 18, 4, 0, 15, 5, 13, 10, 11, 17, 7, 8, 14, 2, 9, 6, 19, 16, 1, 3]",658.5,9.1830735206604
"[12, 18, 4, 0, 15, 5, 13, 10, 11, 17, 7, 8, 14, 2, 9, 6, 19, 16, 1, 3]",658.5,"[12, 18, 4, 0, 15, 5, 13, 10, 11, 17, 7, 8, 14, 2, 9, 6, 19, 16, 1, 3]",658.5,9.241068840026855
"[12, 18, 4, 0, 15, 5, 13, 10, 11, 17, 7, 8, 14, 2, 9, 6, 19, 16, 1, 3]",658.5,"[12, 18, 4, 0, 15, 5, 13, 10, 11, 17, 7, 8, 14, 2, 9, 6, 19, 16, 1, 3]",658.5,9.296071529388428
"[12, 18, 4, 0, 15, 5, 13, 10, 11, 17, 7, 8, 14, 2, 9, 6, 19, 16, 1, 3]",658.5,"[12, 18, 4, 0, 15, 5, 13, 10, 11, 17, 7, 8, 14, 2, 9, 6, 19, 16, 1, 3]",658.5,9.352068185806274
"[12, 18, 4, 0, 15, 5, 13, 10, 11, 17, 7, 8, 14, 2, 9, 6, 19, 16, 1, 3]",658.5,"[12, 18, 4, 0, 15, 5, 13, 10, 11, 17, 7, 8, 14, 2, 9, 6, 19, 16, 1, 3]",658.5,9.408071279525757
"[12, 18, 4, 0, 15, 5, 13, 10, 11, 17, 7, 8, 14, 2, 9, 6, 19, 16, 1, 3]",658.5,"[12, 18, 4, 0, 15, 5, 13, 10, 11, 17, 7, 8, 14, 2, 9, 6, 19, 16, 1, 3]",658.5,9.464073419570923
"[12, 18, 4, 0, 15, 5, 13, 10, 11, 17, 7, 8, 14, 2, 9, 6, 19, 16, 1, 3]",658.5,"[12, 18, 4, 0, 15, 5, 13, 10, 11, 17, 7, 8, 14, 2, 9, 6, 19, 16, 1, 3]",658.5,9.520073175430298
"[12, 18, 4, 0, 15, 5, 13, 10, 11, 17, 7, 8, 14, 2, 9, 6, 19, 16, 1, 3]",658.5,"[12, 18, 4, 0, 15, 5, 13, 10, 11, 17, 7, 8, 14, 2, 9, 6, 19, 16, 1, 3]",658.5,9.579075336456299
"[12, 18, 4, 0, 15, 5, 13, 10, 11, 17, 7, 8, 14, 2, 9, 6, 19, 16, 1, 3]",658.5,"[12, 18, 4, 0, 15, 5, 13, 10, 11, 17, 7, 8, 14, 2, 9, 6, 19, 16, 1, 3]",658.5,9.636075019836426
"[12, 18, 4, 0, 15, 5, 13, 10, 11, 17, 7, 8, 14, 2, 9, 6, 19, 16, 1, 3]",658.5,"[12, 18, 4, 0, 15, 5, 13, 10, 11, 17, 7, 8, 14, 2, 9, 6, 19, 16, 1, 3]",658.5,9.692073583602905
"[12, 18, 4, 0, 15, 5, 13, 10, 11, 17, 7, 8, 14, 2, 9, 6, 19, 16, 1, 3]",658.5,"[12, 18, 4, 0, 15, 5, 13, 10, 11, 17, 7, 8, 14, 2, 9, 6, 19, 16, 1, 3]",658.5,9.750070810317993
"[12, 18, 4, 0, 15, 5, 13, 10, 11, 17, 7, 8, 14, 2, 9, 6, 19, 16, 1, 3]",658.5,"[12, 18, 4, 0, 15, 5, 13, 10, 11, 17, 7, 8, 14, 2, 9, 6, 19, 16, 1, 3]",658.5,9.806077480316162
"[12, 18, 4, 0, 15, 5, 13, 10, 11, 17, 7, 8, 14, 2, 9, 6, 19, 16, 1, 3]",658.5,"[12, 18, 4, 0, 15, 5, 13, 10, 11, 17, 7, 8, 14, 2, 9, 6, 19, 16, 1, 3]",658.5,9.862076044082642
"[12, 18, 4, 0, 15, 5, 13, 10, 11, 17, 7, 8, 14, 2, 9, 6, 19, 16, 1, 3]",658.5,"[12, 18, 4, 0, 15, 5, 13, 10, 11, 17, 7, 8, 14, 2, 9, 6, 19, 16, 1, 3]",658.5,9.918075561523438
"[12, 18, 4, 0, 15, 5, 13, 10, 11, 17, 7, 8, 14, 2, 9, 6, 19, 16, 1, 3]",658.5,"[12, 18, 4, 0, 15, 5, 13, 10, 11, 17, 7, 8, 14, 2, 9, 6, 19, 16, 1, 3]",658.5,9.977078676223755
"[12, 18, 4, 0, 15, 5, 13, 10, 11, 17, 7, 8, 14, 2, 9, 6, 19, 16, 1, 3]",658.5,"[12, 18, 4, 0, 15, 5, 13, 10, 11, 17, 7, 8, 14, 2, 9, 6, 19, 16, 1, 3]",658.5,10.035075426101685
"[12, 18, 4, 0, 15, 5, 13, 10, 11, 17, 7, 8, 14, 2, 9, 6, 19, 16, 1, 3]",658.5,"[12, 18, 4, 0, 15, 5, 13, 10, 11, 17, 7, 8, 14, 2, 9, 6, 19, 16, 1, 3]",658.5,10.09107780456543
"[12, 18, 4, 0, 15, 5, 13, 10, 11, 17, 7, 8, 14, 2, 9, 6, 19, 16, 1, 3]",658.5,"[12, 18, 4, 0, 15, 5, 13, 10, 11, 17, 7, 8, 14, 2, 9, 6, 19, 16, 1, 3]",658.5,10.14707899093628
"[12, 18, 4, 0, 15, 5, 13, 10, 11, 17, 7, 8, 14, 2, 9, 6, 19, 16, 1, 3]",658.5,"[12, 18, 4, 0, 15, 5, 13, 10, 11, 17, 7, 8, 14, 2, 9, 6, 19, 16, 1, 3]",658.5,10.204079151153564
"[12, 18, 4, 0, 15, 5, 13, 10, 11, 17, 7, 8, 14, 2, 9, 6, 19, 16, 1, 3]",658.5,"[12, 18, 4, 0, 15, 5, 13, 10, 11, 17, 7, 8, 14, 2, 9, 6, 19, 16, 1, 3]",658.5,10.259077787399292
"[12, 18, 4, 0, 15, 5, 13, 10, 11, 17, 7, 8, 14, 2, 9, 6, 19, 16, 1, 3]",658.5,"[12, 18, 4, 0, 15, 5, 13, 10, 11, 17, 7, 8, 14, 2, 9, 6, 19, 16, 1, 3]",658.5,10.31508207321167
"[12, 18, 4, 0, 15, 5, 13, 10, 11, 17, 7, 8, 14, 2, 9, 6, 19, 16, 1, 3]",658.5,"[12, 18, 4, 0, 15, 5, 13, 10, 11, 17, 7, 8, 14, 2, 9, 6, 19, 16, 1, 3]",658.5,10.37108302116394
"[12, 18, 4, 0, 15, 5, 13, 10, 11, 17, 7, 8, 14, 2, 9, 6, 19, 16, 1, 3]",658.5,"[12, 18, 4, 0, 15, 5, 13, 10, 11, 17, 7, 8, 14, 2, 9, 6, 19, 16, 1, 3]",658.5,10.431084394454956
"[12, 18, 4, 0, 15, 5, 13, 10, 11, 17, 7, 8, 14, 2, 9, 6, 19, 16, 1, 3]",658.5,"[12, 18, 4, 0, 15, 5, 13, 10, 11, 17, 7, 8, 14, 2, 9, 6, 19, 16, 1, 3]",658.5,10.489081144332886
"[12, 18, 4, 0, 15, 5, 13, 10, 11, 17, 7, 8, 14, 2, 9, 6, 19, 16, 1, 3]",658.5,"[12, 18, 4, 0, 15, 5, 13, 10, 11, 17, 7, 8, 14, 2, 9, 6, 19, 16, 1, 3]",658.5,10.54708218574524
"[12, 18, 4, 0, 15, 5, 13, 10, 11, 17, 7, 8, 14, 2, 9, 6, 19, 16, 1, 3]",658.5,"[12, 18, 4, 0, 15, 5, 13, 10, 11, 17, 7, 8, 14, 2, 9, 6, 19, 16, 1, 3]",658.5,10.604083776473999
"[12, 18, 4, 0, 15, 5, 13, 10, 11, 17, 7, 8, 14, 2, 9, 6, 19, 16, 1, 3]",658.5,"[12, 18, 4, 0, 15, 5, 13, 10, 11, 17, 7, 8, 14, 2, 9, 6, 19, 16, 1, 3]",658.5,10.661096572875977
"[12, 18, 4, 0, 15, 5, 13, 10, 11, 17, 7, 8, 14, 2, 9, 6, 19, 16, 1, 3]",658.5,"[12, 18, 4, 0, 15, 5, 13, 10, 11, 17, 7, 8, 14, 2, 9, 6, 19, 16, 1, 3]",658.5,10.71808648109436
"[12, 18, 4, 0, 15, 5, 13, 10, 11, 17, 7, 8, 14, 2, 9, 6, 19, 16, 1, 3]",658.5,"[12, 18, 4, 0, 15, 5, 13, 10, 11, 17, 7, 8, 14, 2, 9, 6, 19, 16, 1, 3]",658.5,10.778126001358032
"[12, 18, 4, 0, 15, 5, 13, 10, 11, 17, 7, 8, 14, 2, 9, 6, 19, 16, 1, 3]",658.5,"[12, 18, 4, 0, 15, 5, 13, 10, 11, 17, 7, 8, 14, 2, 9, 6, 19, 16, 1, 3]",658.5,10.834087133407593
"[12, 18, 4, 0, 15, 5, 13, 10, 11, 17, 7, 8, 14, 2, 9, 6, 19, 16, 1, 3]",658.5,"[12, 18, 4, 0, 15, 5, 13, 10, 11, 17, 7, 8, 14, 2, 9, 6, 19, 16, 1, 3]",658.5,10.891088008880615
"[12, 18, 4, 0, 15, 5, 13, 10, 11, 17, 7, 8, 14, 2, 9, 6, 19, 16, 1, 3]",658.5,"[12, 18, 4, 0, 15, 5, 13, 10, 11, 17, 7, 8, 14, 2, 9, 6, 19, 16, 1, 3]",658.5,10.94808840751648
"[12, 18, 4, 0, 15, 5, 13, 10, 11, 17, 7, 8, 14, 2, 9, 6, 19, 16, 1, 3]",658.5,"[12, 18, 4, 0, 15, 5, 13, 10, 11, 17, 7, 8, 14, 2, 9, 6, 19, 16, 1, 3]",658.5,11.007102251052856
"[12, 18, 4, 0, 15, 5, 13, 10, 11, 17, 7, 8, 14, 2, 9, 6, 19, 16, 1, 3]",658.5,"[12, 18, 4, 0, 15, 5, 13, 10, 11, 17, 7, 8, 14, 2, 9, 6, 19, 16, 1, 3]",658.5,11.072089195251465
"[12, 18, 4, 0, 15, 5, 13, 10, 11, 17, 7, 8, 14, 2, 9, 6, 19, 16, 1, 3]",658.5,"[12, 18, 4, 0, 15, 5, 13, 10, 11, 17, 7, 8, 14, 2, 9, 6, 19, 16, 1, 3]",658.5,11.131089448928833
"[12, 18, 4, 0, 15, 5, 13, 10, 11, 17, 7, 8, 14, 2, 9, 6, 19, 16, 1, 3]",658.5,"[12, 18, 4, 0, 15, 5, 13, 10, 11, 17, 7, 8, 14, 2, 9, 6, 19, 16, 1, 3]",658.5,11.187086343765259
"[12, 18, 4, 0, 15, 5, 13, 10, 11, 17, 7, 8, 14, 2, 9, 6, 19, 16, 1, 3]",658.5,"[12, 18, 4, 0, 15, 5, 13, 10, 11, 17, 7, 8, 14, 2, 9, 6, 19, 16, 1, 3]",658.5,11.244089365005493
"[12, 18, 4, 0, 15, 5, 13, 10, 11, 17, 7, 8, 14, 2, 9, 6, 19, 16, 1, 3]",658.5,"[12, 18, 4, 0, 15, 5, 13, 10, 11, 17, 7, 8, 14, 2, 9, 6, 19, 16, 1, 3]",658.5,11.301093339920044
"[12, 18, 4, 0, 15, 5, 13, 10, 11, 17, 7, 8, 14, 2, 9, 6, 19, 16, 1, 3]",658.5,"[12, 18, 4, 0, 15, 5, 13, 10, 11, 17, 7, 8, 14, 2, 9, 6, 19, 16, 1, 3]",658.5,11.363091468811035
"[12, 18, 4, 0, 15, 5, 13, 10, 11, 17, 7, 8, 14, 2, 9, 6, 19, 16, 1, 3]",658.5,"[12, 18, 4, 0, 15, 5, 13, 10, 11, 17, 7, 8, 14, 2, 9, 6, 19, 16, 1, 3]",658.5,11.421093225479126
"[12, 18, 4, 0, 15, 5, 13, 10, 11, 17, 7, 8, 14, 2, 9, 6, 19, 16, 1, 3]",658.5,"[12, 18, 4, 0, 15, 5, 13, 10, 11, 17, 7, 8, 14, 2, 9, 6, 19, 16, 1, 3]",658.5,11.481090068817139
"[12, 18, 4, 0, 15, 5, 13, 10, 11, 17, 7, 8, 14, 2, 9, 6, 19, 16, 1, 3]",658.5,"[12, 18, 4, 0, 15, 5, 13, 10, 11, 17, 7, 8, 14, 2, 9, 6, 19, 16, 1, 3]",658.5,11.540091037750244
"[12, 18, 4, 0, 15, 5, 13, 10, 11, 17, 7, 8, 14, 2, 9, 6, 19, 16, 1, 3]",658.5,"[12, 18, 4, 0, 15, 5, 13, 10, 11, 17, 7, 8, 14, 2, 9, 6, 19, 16, 1, 3]",658.5,11.597094058990479
"[12, 18, 4, 0, 15, 5, 13, 10, 11, 17, 7, 8, 14, 2, 9, 6, 19, 16, 1, 3]",658.5,"[12, 18, 4, 0, 15, 5, 13, 10, 11, 17, 7, 8, 14, 2, 9, 6, 19, 16, 1, 3]",658.5,11.655092000961304
