Sequence,Fitness,Best_sequence,Best_fitness,Time
"[3, 6, 7, 5, 16, 15, 2, 4, 9, 10, 18, 11, 14, 0, 12, 13, 19, 17, 8, 1]",727.5,"[3, 6, 7, 5, 16, 15, 2, 4, 9, 10, 18, 11, 14, 0, 12, 13, 19, 17, 8, 1]",727.5,0.0010743141174316406
"[3, 6, 7, 5, 16, 15, 2, 4, 9, 10, 18, 11, 14, 0, 12, 13, 19, 17, 8, 1]",727.5,"[3, 6, 7, 5, 16, 15, 2, 4, 9, 10, 18, 11, 14, 0, 12, 13, 19, 17, 8, 1]",727.5,0.06600356101989746
"[3, 6, 7, 5, 16, 15, 2, 4, 9, 10, 18, 11, 14, 0, 12, 13, 19, 17, 8, 1]",727.5,"[3, 6, 7, 5, 16, 15, 2, 4, 9, 10, 18, 11, 14, 0, 12, 13, 19, 17, 8, 1]",727.5,0.13700389862060547
"[3, 6, 7, 5, 16, 15, 2, 4, 9, 10, 18, 11, 14, 0, 12, 13, 19, 17, 8, 1]",727.5,"[3, 6, 7, 5, 16, 15, 2, 4, 9, 10, 18, 11, 14, 0, 12, 13, 19, 17, 8, 1]",727.5,0.21011829376220703
"[3, 6, 7, 5, 16, 15, 2, 4, 9, 10, 18, 11, 14, 0, 12, 13, 19, 17, 8, 1]",727.5,"[3, 6, 7, 5, 16, 15, 2, 4, 9, 10, 18, 11, 14, 0, 12, 13, 19, 17, 8, 1]",727.5,0.2810075283050537
"[3, 6, 7, 5, 16, 15, 2, 4, 9, 10, 18, 11, 14, 0, 12, 13, 19, 17, 8, 1]",727.5,"[3, 6, 7, 5, 16, 15, 2, 4, 9, 10, 18, 11, 14, 0, 12, 13, 19, 17, 8, 1]",727.5,0.34900617599487305
"[3, 6, 7, 5, 16, 15, 2, 4, 9, 10, 18, 11, 8, 0, 12, 13, 19, 17, 14, 1]",726.5,"[3, 6, 7, 5, 16, 15, 2, 4, 9, 10, 18, 11, 8, 0, 12, 13, 19, 17, 14, 1]",726.5,0.4170093536376953
"[3, 6, 7, 5, 16, 15, 2, 4, 9, 10, 18, 11, 8, 0, 12, 13, 19, 17, 14, 1]",726.5,"[3, 6, 7, 5, 16, 15, 2, 4, 9, 10, 18, 11, 8, 0, 12, 13, 19, 17, 14, 1]",726.5,0.4910123348236084
"[3, 6, 7, 5, 16, 15, 2, 4, 9, 10, 18, 11, 8, 0, 12, 13, 19, 17, 14, 1]",726.5,"[3, 6, 7, 5, 16, 15, 2, 4, 9, 10, 18, 11, 8, 0, 12, 13, 19, 17, 14, 1]",726.5,0.5570530891418457
"[3, 6, 7, 5, 16, 15, 2, 4, 9, 10, 18, 11, 8, 0, 12, 13, 19, 17, 14, 1]",726.5,"[3, 6, 7, 5, 16, 15, 2, 4, 9, 10, 18, 11, 8, 0, 12, 13, 19, 17, 14, 1]",726.5,0.624009370803833
"[3, 6, 7, 5, 16, 15, 2, 4, 9, 10, 18, 11, 8, 0, 12, 13, 19, 17, 14, 1]",726.5,"[3, 6, 7, 5, 16, 15, 2, 4, 9, 10, 18, 11, 8, 0, 12, 13, 19, 17, 14, 1]",726.5,0.6880083084106445
"[3, 6, 7, 5, 16, 15, 2, 4, 9, 10, 18, 11, 8, 0, 12, 13, 19, 17, 14, 1]",726.5,"[3, 6, 7, 5, 16, 15, 2, 4, 9, 10, 18, 11, 8, 0, 12, 13, 19, 17, 14, 1]",726.5,0.7530133724212646
"[3, 6, 7, 5, 16, 15, 2, 4, 9, 10, 18, 11, 8, 0, 12, 13, 19, 17, 14, 1]",726.5,"[3, 6, 7, 5, 16, 15, 2, 4, 9, 10, 18, 11, 8, 0, 12, 13, 19, 17, 14, 1]",726.5,0.8200123310089111
"[3, 6, 7, 5, 16, 15, 2, 4, 9, 10, 18, 11, 8, 0, 12, 13, 19, 17, 14, 1]",726.5,"[3, 6, 7, 5, 16, 15, 2, 4, 9, 10, 18, 11, 8, 0, 12, 13, 19, 17, 14, 1]",726.5,0.8870086669921875
"[3, 6, 7, 5, 16, 15, 2, 4, 9, 10, 18, 11, 8, 0, 12, 13, 19, 17, 14, 1]",726.5,"[3, 6, 7, 5, 16, 15, 2, 4, 9, 10, 18, 11, 8, 0, 12, 13, 19, 17, 14, 1]",726.5,0.9540114402770996
"[3, 6, 7, 5, 16, 15, 2, 4, 9, 10, 18, 11, 8, 0, 12, 13, 19, 17, 14, 1]",726.5,"[3, 6, 7, 5, 16, 15, 2, 4, 9, 10, 18, 11, 8, 0, 12, 13, 19, 17, 14, 1]",726.5,1.0240092277526855
"[3, 6, 7, 5, 16, 15, 2, 4, 9, 10, 18, 11, 8, 0, 12, 13, 19, 17, 14, 1]",726.5,"[3, 6, 7, 5, 16, 15, 2, 4, 9, 10, 18, 11, 8, 0, 12, 13, 19, 17, 14, 1]",726.5,1.0920190811157227
"[3, 6, 7, 5, 16, 15, 2, 14, 9, 10, 18, 11, 8, 0, 12, 13, 19, 17, 4, 1]",709.5,"[3, 6, 7, 5, 16, 15, 2, 14, 9, 10, 18, 11, 8, 0, 12, 13, 19, 17, 4, 1]",709.5,1.1590123176574707
"[3, 6, 7, 5, 16, 15, 2, 14, 9, 10, 18, 11, 8, 0, 12, 13, 19, 17, 4, 1]",709.5,"[3, 6, 7, 5, 16, 15, 2, 14, 9, 10, 18, 11, 8, 0, 12, 13, 19, 17, 4, 1]",709.5,1.228013038635254
"[3, 6, 7, 5, 16, 15, 2, 14, 9, 10, 18, 11, 8, 0, 12, 13, 19, 17, 4, 1]",709.5,"[3, 6, 7, 5, 16, 15, 2, 14, 9, 10, 18, 11, 8, 0, 12, 13, 19, 17, 4, 1]",709.5,1.3020143508911133
"[3, 6, 7, 5, 16, 15, 2, 14, 9, 10, 18, 11, 8, 0, 12, 13, 19, 17, 4, 1]",709.5,"[3, 6, 7, 5, 16, 15, 2, 14, 9, 10, 18, 11, 8, 0, 12, 13, 19, 17, 4, 1]",709.5,1.3690142631530762
"[3, 6, 7, 5, 16, 15, 2, 14, 9, 10, 18, 11, 8, 0, 12, 13, 19, 17, 4, 1]",709.5,"[3, 6, 7, 5, 16, 15, 2, 14, 9, 10, 18, 11, 8, 0, 12, 13, 19, 17, 4, 1]",709.5,1.437992811203003
"[3, 6, 7, 5, 16, 15, 2, 14, 9, 10, 18, 11, 8, 0, 12, 13, 19, 17, 4, 1]",709.5,"[3, 6, 7, 5, 16, 15, 2, 14, 9, 10, 18, 11, 8, 0, 12, 13, 19, 17, 4, 1]",709.5,1.5170176029205322
"[3, 6, 7, 5, 16, 15, 2, 14, 9, 10, 18, 11, 8, 0, 12, 13, 19, 17, 4, 1]",709.5,"[3, 6, 7, 5, 16, 15, 2, 14, 9, 10, 18, 11, 8, 0, 12, 13, 19, 17, 4, 1]",709.5,1.590017557144165
"[3, 6, 7, 5, 16, 15, 2, 14, 9, 10, 18, 11, 8, 0, 12, 13, 19, 17, 4, 1]",709.5,"[3, 6, 7, 5, 16, 15, 2, 14, 9, 10, 18, 11, 8, 0, 12, 13, 19, 17, 4, 1]",709.5,1.6650190353393555
"[3, 6, 7, 5, 16, 15, 2, 14, 9, 10, 18, 11, 8, 0, 12, 13, 19, 17, 4, 1]",709.5,"[3, 6, 7, 5, 16, 15, 2, 14, 9, 10, 18, 11, 8, 0, 12, 13, 19, 17, 4, 1]",709.5,1.7340216636657715
"[7, 6, 3, 5, 16, 15, 2, 14, 9, 10, 18, 11, 8, 0, 12, 13, 19, 17, 4, 1]",709.0,"[7, 6, 3, 5, 16, 15, 2, 14, 9, 10, 18, 11, 8, 0, 12, 13, 19, 17, 4, 1]",709.0,1.8020191192626953
"[7, 6, 3, 5, 16, 15, 2, 14, 9, 10, 18, 11, 8, 0, 12, 13, 19, 17, 4, 1]",709.0,"[7, 6, 3, 5, 16, 15, 2, 14, 9, 10, 18, 11, 8, 0, 12, 13, 19, 17, 4, 1]",709.0,1.8690252304077148
"[7, 6, 3, 5, 16, 15, 2, 14, 9, 10, 19, 11, 8, 0, 12, 13, 18, 17, 4, 1]",707.0,"[7, 6, 3, 5, 16, 15, 2, 14, 9, 10, 19, 11, 8, 0, 12, 13, 18, 17, 4, 1]",707.0,1.9390223026275635
"[7, 6, 3, 5, 16, 15, 2, 14, 9, 10, 19, 11, 8, 0, 12, 13, 18, 17, 4, 1]",707.0,"[7, 6, 3, 5, 16, 15, 2, 14, 9, 10, 19, 11, 8, 0, 12, 13, 18, 17, 4, 1]",707.0,2.0070250034332275
"[7, 6, 3, 5, 16, 15, 2, 14, 9, 10, 19, 11, 8, 0, 12, 13, 18, 17, 4, 1]",707.0,"[7, 6, 3, 5, 16, 15, 2, 14, 9, 10, 19, 11, 8, 0, 12, 13, 18, 17, 4, 1]",707.0,2.07204008102417
"[7, 6, 3, 5, 16, 15, 2, 14, 9, 10, 19, 11, 8, 0, 12, 13, 18, 17, 4, 1]",707.0,"[7, 6, 3, 5, 16, 15, 2, 14, 9, 10, 19, 11, 8, 0, 12, 13, 18, 17, 4, 1]",707.0,2.141028642654419
"[7, 6, 3, 5, 16, 15, 2, 14, 9, 10, 19, 11, 8, 0, 12, 13, 18, 17, 4, 1]",707.0,"[7, 6, 3, 5, 16, 15, 2, 14, 9, 10, 19, 11, 8, 0, 12, 13, 18, 17, 4, 1]",707.0,2.2080323696136475
"[7, 6, 3, 5, 16, 15, 2, 14, 9, 10, 19, 11, 8, 0, 12, 13, 18, 17, 4, 1]",707.0,"[7, 6, 3, 5, 16, 15, 2, 14, 9, 10, 19, 11, 8, 0, 12, 13, 18, 17, 4, 1]",707.0,2.277625560760498
"[7, 6, 3, 5, 16, 15, 2, 14, 9, 10, 19, 11, 8, 0, 12, 13, 18, 17, 4, 1]",707.0,"[7, 6, 3, 5, 16, 15, 2, 14, 9, 10, 19, 11, 8, 0, 12, 13, 18, 17, 4, 1]",707.0,2.349628210067749
"[7, 6, 3, 5, 16, 15, 2, 14, 9, 10, 19, 11, 8, 0, 12, 13, 18, 17, 4, 1]",707.0,"[7, 6, 3, 5, 16, 15, 2, 14, 9, 10, 19, 11, 8, 0, 12, 13, 18, 17, 4, 1]",707.0,2.418653726577759
"[7, 6, 3, 5, 16, 15, 2, 14, 9, 10, 19, 11, 8, 0, 12, 13, 18, 17, 4, 1]",707.0,"[7, 6, 3, 5, 16, 15, 2, 14, 9, 10, 19, 11, 8, 0, 12, 13, 18, 17, 4, 1]",707.0,2.4935646057128906
"[7, 6, 3, 5, 16, 15, 2, 14, 9, 10, 19, 11, 18, 0, 12, 13, 8, 17, 4, 1]",706.0,"[7, 6, 3, 5, 16, 15, 2, 14, 9, 10, 19, 11, 18, 0, 12, 13, 8, 17, 4, 1]",706.0,2.563594102859497
"[7, 6, 3, 5, 16, 15, 2, 14, 9, 10, 19, 11, 18, 0, 12, 13, 8, 17, 4, 1]",706.0,"[7, 6, 3, 5, 16, 15, 2, 14, 9, 10, 19, 11, 18, 0, 12, 13, 8, 17, 4, 1]",706.0,2.6315417289733887
"[7, 6, 10, 5, 16, 15, 2, 14, 9, 3, 19, 11, 18, 0, 12, 13, 8, 17, 4, 1]",704.5,"[7, 6, 10, 5, 16, 15, 2, 14, 9, 3, 19, 11, 18, 0, 12, 13, 8, 17, 4, 1]",704.5,2.706540822982788
"[7, 6, 10, 5, 16, 15, 2, 14, 9, 3, 19, 11, 18, 0, 12, 13, 8, 17, 4, 1]",704.5,"[7, 6, 10, 5, 16, 15, 2, 14, 9, 3, 19, 11, 18, 0, 12, 13, 8, 17, 4, 1]",704.5,2.770676851272583
"[7, 6, 10, 5, 16, 15, 2, 14, 9, 3, 19, 11, 18, 0, 12, 13, 8, 17, 4, 1]",704.5,"[7, 6, 10, 5, 16, 15, 2, 14, 9, 3, 19, 11, 18, 0, 12, 13, 8, 17, 4, 1]",704.5,2.836545944213867
"[7, 6, 10, 5, 16, 15, 2, 14, 9, 3, 19, 11, 18, 0, 12, 13, 8, 17, 4, 1]",704.5,"[7, 6, 10, 5, 16, 15, 2, 14, 9, 3, 19, 11, 18, 0, 12, 13, 8, 17, 4, 1]",704.5,2.9025442600250244
"[7, 6, 10, 5, 16, 15, 2, 14, 9, 3, 19, 11, 18, 0, 12, 13, 8, 17, 4, 1]",704.5,"[7, 6, 10, 5, 16, 15, 2, 14, 9, 3, 19, 11, 18, 0, 12, 13, 8, 17, 4, 1]",704.5,2.9735567569732666
"[7, 6, 10, 5, 16, 15, 2, 14, 9, 3, 19, 11, 18, 0, 12, 13, 8, 17, 4, 1]",704.5,"[7, 6, 10, 5, 16, 15, 2, 14, 9, 3, 19, 11, 18, 0, 12, 13, 8, 17, 4, 1]",704.5,3.039548397064209
"[7, 6, 10, 5, 16, 15, 2, 14, 9, 3, 19, 11, 18, 0, 12, 13, 8, 17, 4, 1]",704.5,"[7, 6, 10, 5, 16, 15, 2, 14, 9, 3, 19, 11, 18, 0, 12, 13, 8, 17, 4, 1]",704.5,3.1105458736419678
"[7, 6, 10, 5, 16, 15, 2, 14, 9, 3, 19, 11, 18, 0, 12, 13, 8, 17, 4, 1]",704.5,"[7, 6, 10, 5, 16, 15, 2, 14, 9, 3, 19, 11, 18, 0, 12, 13, 8, 17, 4, 1]",704.5,3.1795413494110107
"[7, 6, 10, 5, 16, 15, 2, 17, 9, 3, 19, 11, 18, 0, 12, 13, 8, 14, 4, 1]",703.5,"[7, 6, 10, 5, 16, 15, 2, 17, 9, 3, 19, 11, 18, 0, 12, 13, 8, 14, 4, 1]",703.5,3.248548984527588
"[7, 6, 10, 5, 16, 15, 2, 17, 9, 3, 19, 11, 18, 0, 12, 13, 8, 14, 4, 1]",703.5,"[7, 6, 10, 5, 16, 15, 2, 17, 9, 3, 19, 11, 18, 0, 12, 13, 8, 14, 4, 1]",703.5,3.3205490112304688
"[7, 6, 10, 5, 16, 15, 2, 17, 9, 3, 19, 11, 18, 0, 12, 13, 8, 14, 4, 1]",703.5,"[7, 6, 10, 5, 16, 15, 2, 17, 9, 3, 19, 11, 18, 0, 12, 13, 8, 14, 4, 1]",703.5,3.3865532875061035
"[7, 6, 10, 5, 16, 15, 2, 17, 9, 3, 19, 11, 18, 0, 12, 13, 8, 14, 4, 1]",703.5,"[7, 6, 10, 5, 16, 15, 2, 17, 9, 3, 19, 11, 18, 0, 12, 13, 8, 14, 4, 1]",703.5,3.4580562114715576
"[7, 6, 10, 5, 16, 15, 2, 17, 9, 3, 19, 11, 18, 0, 12, 13, 8, 14, 4, 1]",703.5,"[7, 6, 10, 5, 16, 15, 2, 17, 9, 3, 19, 11, 18, 0, 12, 13, 8, 14, 4, 1]",703.5,3.530552387237549
"[7, 6, 10, 5, 16, 15, 2, 17, 9, 3, 19, 11, 18, 0, 12, 13, 8, 14, 4, 1]",703.5,"[7, 6, 10, 5, 16, 15, 2, 17, 9, 3, 19, 11, 18, 0, 12, 13, 8, 14, 4, 1]",703.5,3.599550247192383
"[7, 6, 10, 5, 16, 15, 2, 17, 9, 3, 19, 11, 18, 0, 12, 13, 8, 14, 4, 1]",703.5,"[7, 6, 10, 5, 16, 15, 2, 17, 9, 3, 19, 11, 18, 0, 12, 13, 8, 14, 4, 1]",703.5,3.6985549926757812
"[7, 6, 10, 5, 16, 15, 2, 17, 9, 3, 19, 11, 18, 0, 12, 13, 8, 14, 4, 1]",703.5,"[7, 6, 10, 5, 16, 15, 2, 17, 9, 3, 19, 11, 18, 0, 12, 13, 8, 14, 4, 1]",703.5,3.7637431621551514
"[7, 6, 10, 5, 16, 15, 2, 17, 9, 3, 19, 11, 18, 0, 12, 13, 8, 14, 4, 1]",703.5,"[7, 6, 10, 5, 16, 15, 2, 17, 9, 3, 19, 11, 18, 0, 12, 13, 8, 14, 4, 1]",703.5,3.832559585571289
"[7, 6, 10, 5, 16, 15, 2, 17, 9, 3, 19, 11, 18, 0, 12, 13, 8, 14, 4, 1]",703.5,"[7, 6, 10, 5, 16, 15, 2, 17, 9, 3, 19, 11, 18, 0, 12, 13, 8, 14, 4, 1]",703.5,3.89656138420105
"[7, 6, 10, 5, 16, 15, 2, 17, 9, 3, 19, 11, 18, 0, 12, 13, 8, 14, 4, 1]",703.5,"[7, 6, 10, 5, 16, 15, 2, 17, 9, 3, 19, 11, 18, 0, 12, 13, 8, 14, 4, 1]",703.5,3.9625604152679443
"[7, 6, 10, 5, 16, 15, 2, 17, 9, 3, 19, 11, 18, 0, 12, 13, 8, 14, 4, 1]",703.5,"[7, 6, 10, 5, 16, 15, 2, 17, 9, 3, 19, 11, 18, 0, 12, 13, 8, 14, 4, 1]",703.5,4.028565883636475
"[7, 6, 10, 5, 16, 15, 2, 17, 9, 3, 19, 11, 18, 0, 12, 13, 8, 14, 4, 1]",703.5,"[7, 6, 10, 5, 16, 15, 2, 17, 9, 3, 19, 11, 18, 0, 12, 13, 8, 14, 4, 1]",703.5,4.096560955047607
"[7, 6, 10, 5, 16, 15, 2, 17, 9, 3, 19, 11, 18, 0, 12, 13, 8, 14, 4, 1]",703.5,"[7, 6, 10, 5, 16, 15, 2, 17, 9, 3, 19, 11, 18, 0, 12, 13, 8, 14, 4, 1]",703.5,4.161560297012329
"[7, 6, 10, 5, 16, 15, 2, 17, 9, 3, 19, 11, 18, 0, 12, 13, 8, 14, 4, 1]",703.5,"[7, 6, 10, 5, 16, 15, 2, 17, 9, 3, 19, 11, 18, 0, 12, 13, 8, 14, 4, 1]",703.5,4.229560375213623
"[7, 6, 10, 5, 16, 15, 2, 17, 9, 3, 19, 11, 18, 0, 12, 13, 8, 14, 4, 1]",703.5,"[7, 6, 10, 5, 16, 15, 2, 17, 9, 3, 19, 11, 18, 0, 12, 13, 8, 14, 4, 1]",703.5,4.290566921234131
"[7, 6, 10, 5, 16, 15, 2, 17, 9, 3, 19, 11, 18, 0, 12, 13, 8, 14, 4, 1]",703.5,"[7, 6, 10, 5, 16, 15, 2, 17, 9, 3, 19, 11, 18, 0, 12, 13, 8, 14, 4, 1]",703.5,4.352563142776489
"[7, 6, 10, 5, 16, 15, 2, 17, 9, 3, 19, 11, 18, 0, 12, 13, 8, 14, 4, 1]",703.5,"[7, 6, 10, 5, 16, 15, 2, 17, 9, 3, 19, 11, 18, 0, 12, 13, 8, 14, 4, 1]",703.5,4.422578573226929
"[7, 6, 10, 5, 16, 15, 2, 17, 9, 3, 19, 11, 18, 0, 12, 13, 8, 14, 4, 1]",703.5,"[7, 6, 10, 5, 16, 15, 2, 17, 9, 3, 19, 11, 18, 0, 12, 13, 8, 14, 4, 1]",703.5,4.494567394256592
"[7, 6, 10, 5, 16, 15, 2, 17, 9, 3, 19, 11, 18, 0, 12, 13, 8, 14, 4, 1]",703.5,"[7, 6, 10, 5, 16, 15, 2, 17, 9, 3, 19, 11, 18, 0, 12, 13, 8, 14, 4, 1]",703.5,4.566565752029419
"[7, 6, 10, 5, 16, 15, 2, 17, 9, 3, 19, 11, 18, 0, 12, 13, 8, 14, 4, 1]",703.5,"[7, 6, 10, 5, 16, 15, 2, 17, 9, 3, 19, 11, 18, 0, 12, 13, 8, 14, 4, 1]",703.5,4.6335649490356445
"[7, 6, 10, 5, 16, 15, 2, 17, 9, 3, 19, 11, 18, 0, 12, 13, 8, 14, 4, 1]",703.5,"[7, 6, 10, 5, 16, 15, 2, 17, 9, 3, 19, 11, 18, 0, 12, 13, 8, 14, 4, 1]",703.5,4.705568552017212
"[7, 6, 10, 5, 16, 15, 2, 17, 9, 3, 19, 11, 18, 0, 12, 13, 8, 14, 4, 1]",703.5,"[7, 6, 10, 5, 16, 15, 2, 17, 9, 3, 19, 11, 18, 0, 12, 13, 8, 14, 4, 1]",703.5,4.778567314147949
"[7, 6, 10, 5, 16, 15, 2, 17, 9, 3, 19, 11, 18, 0, 12, 13, 8, 14, 4, 1]",703.5,"[7, 6, 10, 5, 16, 15, 2, 17, 9, 3, 19, 11, 18, 0, 12, 13, 8, 14, 4, 1]",703.5,4.847570419311523
"[7, 6, 10, 5, 16, 15, 2, 17, 9, 3, 19, 11, 18, 0, 12, 13, 8, 14, 4, 1]",703.5,"[7, 6, 10, 5, 16, 15, 2, 17, 9, 3, 19, 11, 18, 0, 12, 13, 8, 14, 4, 1]",703.5,4.913568735122681
"[7, 6, 10, 5, 16, 15, 2, 17, 9, 3, 19, 11, 18, 0, 12, 13, 8, 14, 4, 1]",703.5,"[7, 6, 10, 5, 16, 15, 2, 17, 9, 3, 19, 11, 18, 0, 12, 13, 8, 14, 4, 1]",703.5,4.986629486083984
"[7, 6, 10, 5, 16, 15, 2, 17, 9, 3, 19, 11, 18, 0, 12, 13, 8, 14, 4, 1]",703.5,"[7, 6, 10, 5, 16, 15, 2, 17, 9, 3, 19, 11, 18, 0, 12, 13, 8, 14, 4, 1]",703.5,5.051573991775513
"[7, 6, 10, 5, 16, 15, 2, 17, 9, 3, 19, 11, 18, 0, 12, 13, 8, 14, 4, 1]",703.5,"[7, 6, 10, 5, 16, 15, 2, 17, 9, 3, 19, 11, 18, 0, 12, 13, 8, 14, 4, 1]",703.5,5.11557149887085
"[7, 6, 10, 5, 16, 15, 2, 17, 9, 3, 19, 11, 18, 0, 12, 13, 8, 14, 4, 1]",703.5,"[7, 6, 10, 5, 16, 15, 2, 17, 9, 3, 19, 11, 18, 0, 12, 13, 8, 14, 4, 1]",703.5,5.1830735206604
"[7, 6, 10, 5, 16, 15, 2, 17, 9, 3, 19, 11, 18, 0, 12, 13, 8, 14, 4, 1]",703.5,"[7, 6, 10, 5, 16, 15, 2, 17, 9, 3, 19, 11, 18, 0, 12, 13, 8, 14, 4, 1]",703.5,5.255573511123657
"[7, 6, 10, 5, 16, 15, 2, 17, 9, 3, 19, 11, 18, 0, 12, 13, 8, 14, 4, 1]",703.5,"[7, 6, 10, 5, 16, 15, 2, 17, 9, 3, 19, 11, 18, 0, 12, 13, 8, 14, 4, 1]",703.5,5.329577207565308
"[7, 6, 10, 5, 16, 15, 2, 17, 9, 3, 19, 11, 18, 0, 12, 13, 8, 14, 4, 1]",703.5,"[7, 6, 10, 5, 16, 15, 2, 17, 9, 3, 19, 11, 18, 0, 12, 13, 8, 14, 4, 1]",703.5,5.3955748081207275
"[7, 6, 10, 5, 16, 15, 2, 17, 9, 3, 19, 11, 18, 0, 12, 13, 8, 14, 4, 1]",703.5,"[7, 6, 10, 5, 16, 15, 2, 17, 9, 3, 19, 11, 18, 0, 12, 13, 8, 14, 4, 1]",703.5,5.46068000793457
"[7, 6, 10, 5, 16, 15, 2, 17, 9, 3, 19, 11, 18, 0, 12, 13, 8, 14, 4, 1]",703.5,"[7, 6, 10, 5, 16, 15, 2, 17, 9, 3, 19, 11, 18, 0, 12, 13, 8, 14, 4, 1]",703.5,5.5305821895599365
"[7, 6, 10, 5, 16, 15, 2, 17, 9, 3, 19, 11, 18, 0, 12, 13, 8, 14, 4, 1]",703.5,"[7, 6, 10, 5, 16, 15, 2, 17, 9, 3, 19, 11, 18, 0, 12, 13, 8, 14, 4, 1]",703.5,5.597581386566162
"[7, 6, 10, 5, 16, 15, 2, 17, 9, 3, 19, 11, 18, 0, 12, 13, 8, 14, 4, 1]",703.5,"[7, 6, 10, 5, 16, 15, 2, 17, 9, 3, 19, 11, 18, 0, 12, 13, 8, 14, 4, 1]",703.5,5.663599729537964
"[7, 6, 10, 5, 16, 15, 2, 17, 9, 3, 19, 11, 18, 0, 12, 13, 8, 14, 4, 1]",703.5,"[7, 6, 10, 5, 16, 15, 2, 17, 9, 3, 19, 11, 18, 0, 12, 13, 8, 14, 4, 1]",703.5,5.726578712463379
"[7, 6, 10, 5, 16, 15, 2, 17, 9, 3, 19, 11, 18, 0, 12, 13, 8, 14, 4, 1]",703.5,"[7, 6, 10, 5, 16, 15, 2, 17, 9, 3, 19, 11, 18, 0, 12, 13, 8, 14, 4, 1]",703.5,5.791579008102417
"[7, 6, 10, 5, 16, 15, 2, 17, 9, 3, 19, 11, 18, 0, 12, 13, 8, 14, 4, 1]",703.5,"[7, 6, 10, 5, 16, 15, 2, 17, 9, 3, 19, 11, 18, 0, 12, 13, 8, 14, 4, 1]",703.5,5.857578992843628
"[7, 6, 10, 5, 16, 15, 2, 17, 9, 3, 19, 11, 18, 0, 12, 13, 8, 14, 4, 1]",703.5,"[7, 6, 10, 5, 16, 15, 2, 17, 9, 3, 19, 11, 18, 0, 12, 13, 8, 14, 4, 1]",703.5,5.923586368560791
"[7, 6, 10, 5, 16, 15, 2, 17, 9, 3, 19, 11, 18, 0, 12, 13, 8, 14, 4, 1]",703.5,"[7, 6, 10, 5, 16, 15, 2, 17, 9, 3, 19, 11, 18, 0, 12, 13, 8, 14, 4, 1]",703.5,5.989580392837524
"[7, 6, 10, 5, 16, 15, 2, 17, 9, 3, 19, 11, 18, 0, 12, 13, 8, 14, 4, 1]",703.5,"[7, 6, 10, 5, 16, 15, 2, 17, 9, 3, 19, 11, 18, 0, 12, 13, 8, 14, 4, 1]",703.5,6.057585954666138
"[7, 6, 10, 5, 16, 15, 2, 17, 9, 3, 19, 11, 18, 0, 12, 13, 8, 14, 4, 1]",703.5,"[7, 6, 10, 5, 16, 15, 2, 17, 9, 3, 19, 11, 18, 0, 12, 13, 8, 14, 4, 1]",703.5,6.128583192825317
"[7, 6, 10, 5, 16, 15, 2, 17, 9, 3, 19, 11, 18, 0, 12, 13, 8, 14, 4, 1]",703.5,"[7, 6, 10, 5, 16, 15, 2, 17, 9, 3, 19, 11, 18, 0, 12, 13, 8, 14, 4, 1]",703.5,6.197587013244629
"[7, 6, 10, 5, 16, 15, 2, 17, 9, 3, 19, 11, 18, 0, 12, 13, 8, 14, 4, 1]",703.5,"[7, 6, 10, 5, 16, 15, 2, 17, 9, 3, 19, 11, 18, 0, 12, 13, 8, 14, 4, 1]",703.5,6.2675886154174805
"[7, 6, 10, 5, 16, 15, 2, 17, 9, 3, 19, 11, 18, 0, 12, 13, 8, 14, 4, 1]",703.5,"[7, 6, 10, 5, 16, 15, 2, 17, 9, 3, 19, 11, 18, 0, 12, 13, 8, 14, 4, 1]",703.5,6.33558464050293
"[7, 6, 10, 5, 16, 15, 2, 17, 9, 3, 19, 11, 18, 0, 12, 13, 8, 14, 4, 1]",703.5,"[7, 6, 10, 5, 16, 15, 2, 17, 9, 3, 19, 11, 18, 0, 12, 13, 8, 14, 4, 1]",703.5,6.402590274810791
"[7, 6, 10, 5, 16, 15, 2, 17, 9, 3, 19, 11, 18, 0, 12, 13, 8, 14, 4, 1]",703.5,"[7, 6, 10, 5, 16, 15, 2, 17, 9, 3, 19, 11, 18, 0, 12, 13, 8, 14, 4, 1]",703.5,6.4685869216918945
"[7, 6, 10, 5, 16, 15, 2, 17, 9, 3, 19, 11, 18, 0, 12, 13, 8, 14, 4, 1]",703.5,"[7, 6, 10, 5, 16, 15, 2, 17, 9, 3, 19, 11, 18, 0, 12, 13, 8, 14, 4, 1]",703.5,6.540600776672363
"[7, 6, 10, 5, 16, 15, 2, 17, 9, 3, 19, 11, 18, 0, 12, 13, 8, 14, 4, 1]",703.5,"[7, 6, 10, 5, 16, 15, 2, 17, 9, 3, 19, 11, 18, 0, 12, 13, 8, 14, 4, 1]",703.5,6.616588592529297
"[7, 6, 10, 5, 16, 15, 2, 17, 9, 3, 19, 11, 18, 0, 12, 13, 8, 14, 4, 1]",703.5,"[7, 6, 10, 5, 16, 15, 2, 17, 9, 3, 19, 11, 18, 0, 12, 13, 8, 14, 4, 1]",703.5,6.696594476699829
"[7, 6, 10, 5, 16, 15, 2, 17, 9, 3, 19, 11, 18, 0, 12, 13, 8, 14, 4, 1]",703.5,"[7, 6, 10, 5, 16, 15, 2, 17, 9, 3, 19, 11, 18, 0, 12, 13, 8, 14, 4, 1]",703.5,6.760596752166748
"[7, 6, 10, 5, 16, 15, 2, 17, 9, 3, 19, 11, 18, 0, 12, 13, 8, 14, 4, 1]",703.5,"[7, 6, 10, 5, 16, 15, 2, 17, 9, 3, 19, 11, 18, 0, 12, 13, 8, 14, 4, 1]",703.5,6.824639558792114
"[7, 6, 10, 5, 16, 15, 2, 17, 9, 3, 19, 11, 18, 0, 12, 13, 8, 14, 4, 1]",703.5,"[7, 6, 10, 5, 16, 15, 2, 17, 9, 3, 19, 11, 18, 0, 12, 13, 8, 14, 4, 1]",703.5,6.89166522026062
"[7, 6, 10, 5, 16, 15, 2, 17, 9, 3, 19, 11, 18, 0, 12, 13, 8, 14, 4, 1]",703.5,"[7, 6, 10, 5, 16, 15, 2, 17, 9, 3, 19, 11, 18, 0, 12, 13, 8, 14, 4, 1]",703.5,6.957592964172363
"[7, 6, 10, 5, 16, 15, 2, 17, 9, 3, 19, 11, 18, 0, 12, 13, 8, 14, 4, 1]",703.5,"[7, 6, 10, 5, 16, 15, 2, 17, 9, 3, 19, 11, 18, 0, 12, 13, 8, 14, 4, 1]",703.5,7.026596784591675
"[7, 6, 10, 5, 16, 15, 2, 17, 9, 3, 19, 11, 18, 0, 12, 13, 8, 14, 4, 1]",703.5,"[7, 6, 10, 5, 16, 15, 2, 17, 9, 3, 19, 11, 18, 0, 12, 13, 8, 14, 4, 1]",703.5,7.09260892868042
"[7, 6, 10, 5, 16, 15, 2, 17, 9, 3, 19, 11, 18, 0, 12, 13, 8, 14, 4, 1]",703.5,"[7, 6, 10, 5, 16, 15, 2, 17, 9, 3, 19, 11, 18, 0, 12, 13, 8, 14, 4, 1]",703.5,7.16365385055542
"[7, 6, 10, 5, 16, 15, 2, 17, 9, 3, 19, 11, 18, 0, 12, 13, 8, 14, 4, 1]",703.5,"[7, 6, 10, 5, 16, 15, 2, 17, 9, 3, 19, 11, 18, 0, 12, 13, 8, 14, 4, 1]",703.5,7.229600667953491
"[7, 6, 10, 5, 16, 15, 2, 17, 9, 3, 19, 11, 18, 0, 12, 13, 8, 14, 4, 1]",703.5,"[7, 6, 10, 5, 16, 15, 2, 17, 9, 3, 19, 11, 18, 0, 12, 13, 8, 14, 4, 1]",703.5,7.295598268508911
"[7, 6, 10, 5, 16, 15, 2, 17, 9, 3, 19, 11, 18, 0, 12, 13, 8, 14, 4, 1]",703.5,"[7, 6, 10, 5, 16, 15, 2, 17, 9, 3, 19, 11, 18, 0, 12, 13, 8, 14, 4, 1]",703.5,7.362604141235352
"[7, 6, 10, 5, 16, 15, 2, 17, 9, 3, 19, 11, 18, 0, 12, 13, 8, 14, 4, 1]",703.5,"[7, 6, 10, 5, 16, 15, 2, 17, 9, 3, 19, 11, 18, 0, 12, 13, 8, 14, 4, 1]",703.5,7.428601503372192
"[7, 6, 10, 5, 16, 15, 2, 17, 9, 3, 19, 11, 18, 0, 12, 13, 8, 14, 4, 1]",703.5,"[7, 6, 10, 5, 16, 15, 2, 17, 9, 3, 19, 11, 18, 0, 12, 13, 8, 14, 4, 1]",703.5,7.495598793029785
"[7, 6, 10, 5, 16, 15, 2, 17, 9, 3, 19, 11, 18, 0, 12, 13, 8, 14, 4, 1]",703.5,"[7, 6, 10, 5, 16, 15, 2, 17, 9, 3, 19, 11, 18, 0, 12, 13, 8, 14, 4, 1]",703.5,7.564602613449097
"[7, 6, 10, 5, 16, 15, 2, 17, 9, 3, 19, 11, 18, 0, 12, 13, 8, 14, 4, 1]",703.5,"[7, 6, 10, 5, 16, 15, 2, 17, 9, 3, 19, 11, 18, 0, 12, 13, 8, 14, 4, 1]",703.5,7.635604619979858
"[7, 6, 10, 5, 16, 15, 2, 17, 9, 3, 19, 11, 18, 0, 12, 13, 8, 14, 4, 1]",703.5,"[7, 6, 10, 5, 16, 15, 2, 17, 9, 3, 19, 11, 18, 0, 12, 13, 8, 14, 4, 1]",703.5,7.701602458953857
"[7, 6, 10, 5, 16, 15, 2, 17, 9, 3, 19, 11, 18, 0, 12, 13, 8, 14, 4, 1]",703.5,"[7, 6, 10, 5, 16, 15, 2, 17, 9, 3, 19, 11, 18, 0, 12, 13, 8, 14, 4, 1]",703.5,7.7706122398376465
"[7, 6, 10, 5, 16, 15, 2, 17, 9, 3, 19, 11, 18, 0, 12, 13, 8, 14, 4, 1]",703.5,"[7, 6, 10, 5, 16, 15, 2, 17, 9, 3, 19, 11, 18, 0, 12, 13, 8, 14, 4, 1]",703.5,7.837606191635132
"[7, 6, 10, 5, 16, 15, 2, 17, 9, 3, 19, 11, 18, 0, 12, 13, 8, 14, 4, 1]",703.5,"[7, 6, 10, 5, 16, 15, 2, 17, 9, 3, 19, 11, 18, 0, 12, 13, 8, 14, 4, 1]",703.5,7.9036054611206055
"[7, 6, 10, 5, 16, 15, 2, 17, 9, 3, 19, 11, 18, 0, 12, 13, 8, 14, 4, 1]",703.5,"[7, 6, 10, 5, 16, 15, 2, 17, 9, 3, 19, 11, 18, 0, 12, 13, 8, 14, 4, 1]",703.5,7.972606658935547
"[7, 6, 10, 5, 16, 15, 2, 17, 9, 3, 19, 11, 18, 0, 12, 13, 8, 14, 4, 1]",703.5,"[7, 6, 10, 5, 16, 15, 2, 17, 9, 3, 19, 11, 18, 0, 12, 13, 8, 14, 4, 1]",703.5,8.040607213973999
"[7, 6, 10, 5, 16, 15, 2, 17, 9, 3, 19, 11, 18, 0, 12, 13, 8, 14, 4, 1]",703.5,"[7, 6, 10, 5, 16, 15, 2, 17, 9, 3, 19, 11, 18, 0, 12, 13, 8, 14, 4, 1]",703.5,8.111608505249023
"[7, 6, 10, 5, 16, 15, 2, 17, 9, 3, 19, 11, 18, 0, 12, 13, 8, 14, 4, 1]",703.5,"[7, 6, 10, 5, 16, 15, 2, 17, 9, 3, 19, 11, 18, 0, 12, 13, 8, 14, 4, 1]",703.5,8.176611185073853
"[7, 6, 10, 5, 16, 15, 2, 17, 9, 3, 19, 11, 18, 0, 12, 13, 8, 14, 4, 1]",703.5,"[7, 6, 10, 5, 16, 15, 2, 17, 9, 3, 19, 11, 18, 0, 12, 13, 8, 14, 4, 1]",703.5,8.246614694595337
"[7, 6, 10, 5, 16, 15, 2, 17, 9, 3, 19, 11, 18, 0, 12, 13, 8, 14, 4, 1]",703.5,"[7, 6, 10, 5, 16, 15, 2, 17, 9, 3, 19, 11, 18, 0, 12, 13, 8, 14, 4, 1]",703.5,8.313610792160034
"[7, 6, 10, 5, 16, 15, 2, 17, 9, 3, 19, 11, 18, 0, 12, 13, 8, 14, 4, 1]",703.5,"[7, 6, 10, 5, 16, 15, 2, 17, 9, 3, 19, 11, 18, 0, 12, 13, 8, 14, 4, 1]",703.5,8.376614093780518
"[7, 6, 10, 5, 16, 15, 2, 17, 9, 3, 19, 11, 18, 0, 12, 13, 8, 14, 4, 1]",703.5,"[7, 6, 10, 5, 16, 15, 2, 17, 9, 3, 19, 11, 18, 0, 12, 13, 8, 14, 4, 1]",703.5,8.442612171173096
"[7, 6, 10, 5, 16, 15, 2, 17, 9, 3, 19, 11, 18, 0, 12, 13, 8, 14, 4, 1]",703.5,"[7, 6, 10, 5, 16, 15, 2, 17, 9, 3, 19, 11, 18, 0, 12, 13, 8, 14, 4, 1]",703.5,8.50560998916626
"[7, 6, 10, 5, 16, 15, 2, 17, 9, 3, 19, 11, 18, 0, 12, 13, 8, 14, 4, 1]",703.5,"[7, 6, 10, 5, 16, 15, 2, 17, 9, 3, 19, 11, 18, 0, 12, 13, 8, 14, 4, 1]",703.5,8.5706205368042
"[7, 6, 10, 5, 16, 15, 2, 17, 9, 3, 19, 11, 18, 0, 12, 13, 8, 14, 4, 1]",703.5,"[7, 6, 10, 5, 16, 15, 2, 17, 9, 3, 19, 11, 18, 0, 12, 13, 8, 14, 4, 1]",703.5,8.634620428085327
"[7, 6, 10, 5, 16, 15, 2, 17, 9, 3, 19, 11, 18, 0, 12, 13, 8, 14, 4, 1]",703.5,"[7, 6, 10, 5, 16, 15, 2, 17, 9, 3, 19, 11, 18, 0, 12, 13, 8, 14, 4, 1]",703.5,8.706615924835205
"[7, 6, 10, 5, 16, 15, 2, 17, 9, 3, 19, 11, 18, 0, 12, 13, 8, 14, 4, 1]",703.5,"[7, 6, 10, 5, 16, 15, 2, 17, 9, 3, 19, 11, 18, 0, 12, 13, 8, 14, 4, 1]",703.5,8.775611877441406
"[7, 6, 10, 5, 16, 15, 2, 17, 9, 3, 19, 11, 18, 0, 12, 13, 8, 14, 4, 1]",703.5,"[7, 6, 10, 5, 16, 15, 2, 17, 9, 3, 19, 11, 18, 0, 12, 13, 8, 14, 4, 1]",703.5,8.841614961624146
"[7, 6, 10, 5, 16, 15, 2, 17, 9, 3, 19, 11, 18, 0, 12, 13, 8, 14, 4, 1]",703.5,"[7, 6, 10, 5, 16, 15, 2, 17, 9, 3, 19, 11, 18, 0, 12, 13, 8, 14, 4, 1]",703.5,8.904619455337524
"[7, 6, 10, 5, 16, 15, 2, 17, 9, 3, 19, 11, 18, 0, 12, 13, 8, 14, 4, 1]",703.5,"[7, 6, 10, 5, 16, 15, 2, 17, 9, 3, 19, 11, 18, 0, 12, 13, 8, 14, 4, 1]",703.5,8.971619367599487
"[7, 6, 10, 5, 16, 15, 2, 17, 9, 3, 19, 11, 18, 0, 12, 13, 8, 14, 4, 1]",703.5,"[7, 6, 10, 5, 16, 15, 2, 17, 9, 3, 19, 11, 18, 0, 12, 13, 8, 14, 4, 1]",703.5,9.036659955978394
"[7, 6, 10, 5, 16, 15, 2, 17, 9, 3, 19, 11, 18, 0, 12, 13, 8, 14, 4, 1]",703.5,"[7, 6, 10, 5, 16, 15, 2, 17, 9, 3, 19, 11, 18, 0, 12, 13, 8, 14, 4, 1]",703.5,9.104618549346924
"[7, 6, 10, 5, 16, 15, 2, 17, 9, 3, 19, 11, 18, 0, 12, 13, 8, 14, 4, 1]",703.5,"[7, 6, 10, 5, 16, 15, 2, 17, 9, 3, 19, 11, 18, 0, 12, 13, 8, 14, 4, 1]",703.5,9.171621322631836
"[7, 6, 10, 5, 16, 15, 2, 17, 9, 3, 19, 11, 18, 0, 12, 13, 8, 14, 4, 1]",703.5,"[7, 6, 10, 5, 16, 15, 2, 17, 9, 3, 19, 11, 18, 0, 12, 13, 8, 14, 4, 1]",703.5,9.237621307373047
"[7, 6, 10, 5, 16, 15, 2, 17, 9, 3, 19, 11, 18, 0, 12, 13, 8, 14, 4, 1]",703.5,"[7, 6, 10, 5, 16, 15, 2, 17, 9, 3, 19, 11, 18, 0, 12, 13, 8, 14, 4, 1]",703.5,9.304621458053589
"[7, 6, 10, 5, 16, 15, 2, 17, 9, 3, 19, 11, 18, 0, 12, 13, 8, 14, 4, 1]",703.5,"[7, 6, 10, 5, 16, 15, 2, 17, 9, 3, 19, 11, 18, 0, 12, 13, 8, 14, 4, 1]",703.5,9.371619939804077
"[7, 6, 10, 5, 16, 15, 2, 17, 9, 3, 19, 11, 18, 0, 12, 13, 8, 14, 4, 1]",703.5,"[7, 6, 10, 5, 16, 15, 2, 17, 9, 3, 19, 11, 18, 0, 12, 13, 8, 14, 4, 1]",703.5,9.43762731552124
"[7, 6, 10, 5, 16, 15, 2, 17, 9, 3, 19, 11, 18, 0, 12, 13, 8, 14, 4, 1]",703.5,"[7, 6, 10, 5, 16, 15, 2, 17, 9, 3, 19, 11, 18, 0, 12, 13, 8, 14, 4, 1]",703.5,9.504623413085938
"[7, 6, 10, 5, 16, 15, 2, 17, 9, 3, 19, 11, 18, 0, 12, 13, 8, 14, 4, 1]",703.5,"[7, 6, 10, 5, 16, 15, 2, 17, 9, 3, 19, 11, 18, 0, 12, 13, 8, 14, 4, 1]",703.5,9.571626424789429
"[7, 6, 10, 5, 16, 15, 2, 17, 9, 3, 19, 11, 18, 0, 12, 13, 8, 14, 4, 1]",703.5,"[7, 6, 10, 5, 16, 15, 2, 17, 9, 3, 19, 11, 18, 0, 12, 13, 8, 14, 4, 1]",703.5,9.637639999389648
"[7, 6, 10, 5, 16, 15, 2, 17, 9, 3, 19, 11, 18, 0, 12, 13, 8, 14, 4, 1]",703.5,"[7, 6, 10, 5, 16, 15, 2, 17, 9, 3, 19, 11, 18, 0, 12, 13, 8, 14, 4, 1]",703.5,9.703631162643433
"[7, 6, 10, 5, 16, 15, 2, 17, 9, 3, 19, 11, 18, 0, 12, 13, 8, 14, 4, 1]",703.5,"[7, 6, 10, 5, 16, 15, 2, 17, 9, 3, 19, 11, 18, 0, 12, 13, 8, 14, 4, 1]",703.5,9.768629789352417
"[7, 6, 10, 5, 16, 15, 2, 17, 9, 3, 19, 11, 18, 0, 12, 13, 8, 14, 4, 1]",703.5,"[7, 6, 10, 5, 16, 15, 2, 17, 9, 3, 19, 11, 18, 0, 12, 13, 8, 14, 4, 1]",703.5,9.836628913879395
"[7, 6, 10, 5, 16, 15, 2, 17, 9, 3, 19, 11, 18, 0, 12, 13, 8, 14, 4, 1]",703.5,"[7, 6, 10, 5, 16, 15, 2, 17, 9, 3, 19, 11, 18, 0, 12, 13, 8, 14, 4, 1]",703.5,9.901626825332642
"[7, 6, 10, 5, 16, 15, 2, 17, 9, 3, 19, 11, 18, 0, 12, 13, 8, 14, 4, 1]",703.5,"[7, 6, 10, 5, 16, 15, 2, 17, 9, 3, 19, 11, 18, 0, 12, 13, 8, 14, 4, 1]",703.5,9.968628406524658
"[7, 6, 10, 5, 16, 15, 2, 17, 9, 3, 19, 11, 18, 0, 12, 13, 8, 14, 4, 1]",703.5,"[7, 6, 10, 5, 16, 15, 2, 17, 9, 3, 19, 11, 18, 0, 12, 13, 8, 14, 4, 1]",703.5,10.034632205963135
"[7, 6, 10, 5, 16, 15, 2, 17, 9, 3, 19, 11, 18, 0, 12, 13, 8, 14, 4, 1]",703.5,"[7, 6, 10, 5, 16, 15, 2, 17, 9, 3, 19, 11, 18, 0, 12, 13, 8, 14, 4, 1]",703.5,10.100654602050781
"[7, 6, 10, 5, 16, 15, 2, 17, 9, 3, 19, 11, 18, 0, 12, 13, 8, 14, 4, 1]",703.5,"[7, 6, 10, 5, 16, 15, 2, 17, 9, 3, 19, 11, 18, 0, 12, 13, 8, 14, 4, 1]",703.5,10.16863489151001
"[7, 6, 10, 5, 16, 15, 2, 17, 9, 3, 19, 11, 18, 0, 12, 13, 8, 14, 4, 1]",703.5,"[7, 6, 10, 5, 16, 15, 2, 17, 9, 3, 19, 11, 18, 0, 12, 13, 8, 14, 4, 1]",703.5,10.236635684967041
"[7, 6, 10, 5, 16, 15, 2, 17, 9, 3, 19, 11, 18, 0, 12, 13, 8, 14, 4, 1]",703.5,"[7, 6, 10, 5, 16, 15, 2, 17, 9, 3, 19, 11, 18, 0, 12, 13, 8, 14, 4, 1]",703.5,10.300639629364014
"[7, 6, 10, 5, 16, 15, 2, 17, 9, 3, 19, 11, 18, 0, 12, 13, 8, 14, 4, 1]",703.5,"[7, 6, 10, 5, 16, 15, 2, 17, 9, 3, 19, 11, 18, 0, 12, 13, 8, 14, 4, 1]",703.5,10.36664080619812
"[7, 6, 10, 5, 16, 15, 2, 17, 9, 3, 19, 11, 18, 0, 12, 13, 8, 14, 4, 1]",703.5,"[7, 6, 10, 5, 16, 15, 2, 17, 9, 3, 19, 11, 18, 0, 12, 13, 8, 14, 4, 1]",703.5,10.436656713485718
"[7, 6, 10, 5, 16, 15, 2, 17, 9, 3, 19, 11, 18, 0, 12, 13, 8, 14, 4, 1]",703.5,"[7, 6, 10, 5, 16, 15, 2, 17, 9, 3, 19, 11, 18, 0, 12, 13, 8, 14, 4, 1]",703.5,10.504635334014893
"[7, 6, 10, 5, 16, 15, 2, 17, 9, 3, 19, 11, 18, 0, 12, 13, 8, 14, 4, 1]",703.5,"[7, 6, 10, 5, 16, 15, 2, 17, 9, 3, 19, 11, 18, 0, 12, 13, 8, 14, 4, 1]",703.5,10.573635339736938
"[7, 6, 10, 5, 16, 15, 2, 17, 9, 3, 19, 11, 18, 0, 12, 13, 8, 14, 4, 1]",703.5,"[7, 6, 10, 5, 16, 15, 2, 17, 9, 3, 19, 11, 18, 0, 12, 13, 8, 14, 4, 1]",703.5,10.639638662338257
"[7, 6, 10, 5, 16, 15, 2, 17, 9, 3, 19, 11, 18, 0, 12, 13, 8, 14, 4, 1]",703.5,"[7, 6, 10, 5, 16, 15, 2, 17, 9, 3, 19, 11, 18, 0, 12, 13, 8, 14, 4, 1]",703.5,10.708637952804565
"[7, 6, 10, 5, 16, 15, 2, 17, 9, 3, 19, 11, 18, 0, 12, 13, 8, 14, 4, 1]",703.5,"[7, 6, 10, 5, 16, 15, 2, 17, 9, 3, 19, 11, 18, 0, 12, 13, 8, 14, 4, 1]",703.5,10.772645235061646
"[7, 6, 10, 5, 16, 15, 2, 17, 9, 3, 19, 11, 18, 0, 12, 13, 8, 14, 4, 1]",703.5,"[7, 6, 10, 5, 16, 15, 2, 17, 9, 3, 19, 11, 18, 0, 12, 13, 8, 14, 4, 1]",703.5,10.839641332626343
"[7, 6, 10, 5, 16, 15, 2, 17, 9, 3, 19, 11, 18, 0, 12, 13, 8, 14, 4, 1]",703.5,"[7, 6, 10, 5, 16, 15, 2, 17, 9, 3, 19, 11, 18, 0, 12, 13, 8, 14, 4, 1]",703.5,10.904639482498169
"[7, 6, 10, 5, 16, 15, 2, 17, 9, 3, 19, 11, 18, 0, 12, 13, 8, 14, 4, 1]",703.5,"[7, 6, 10, 5, 16, 15, 2, 17, 9, 3, 19, 11, 18, 0, 12, 13, 8, 14, 4, 1]",703.5,10.96866512298584
"[7, 6, 10, 5, 16, 15, 2, 17, 9, 3, 19, 11, 18, 0, 12, 13, 8, 14, 4, 1]",703.5,"[7, 6, 10, 5, 16, 15, 2, 17, 9, 3, 19, 11, 18, 0, 12, 13, 8, 14, 4, 1]",703.5,11.03164291381836
"[7, 6, 10, 5, 16, 15, 2, 17, 9, 3, 19, 11, 18, 0, 12, 13, 8, 14, 4, 1]",703.5,"[7, 6, 10, 5, 16, 15, 2, 17, 9, 3, 19, 11, 18, 0, 12, 13, 8, 14, 4, 1]",703.5,11.096646070480347
"[7, 6, 10, 5, 16, 15, 2, 17, 9, 3, 19, 11, 18, 0, 12, 13, 8, 14, 4, 1]",703.5,"[7, 6, 10, 5, 16, 15, 2, 17, 9, 3, 19, 11, 18, 0, 12, 13, 8, 14, 4, 1]",703.5,11.162647485733032
"[7, 6, 10, 5, 16, 15, 2, 17, 9, 3, 19, 11, 18, 0, 12, 13, 8, 14, 4, 1]",703.5,"[7, 6, 10, 5, 16, 15, 2, 17, 9, 3, 19, 11, 18, 0, 12, 13, 8, 14, 4, 1]",703.5,11.229643821716309
"[7, 6, 10, 5, 16, 15, 2, 17, 9, 3, 19, 11, 18, 0, 12, 13, 8, 14, 4, 1]",703.5,"[7, 6, 10, 5, 16, 15, 2, 17, 9, 3, 19, 11, 18, 0, 12, 13, 8, 14, 4, 1]",703.5,11.293651580810547
"[7, 6, 10, 5, 16, 15, 2, 17, 9, 3, 19, 11, 18, 0, 12, 13, 8, 14, 4, 1]",703.5,"[7, 6, 10, 5, 16, 15, 2, 17, 9, 3, 19, 11, 18, 0, 12, 13, 8, 14, 4, 1]",703.5,11.38964581489563
"[7, 6, 10, 5, 16, 15, 2, 17, 9, 3, 19, 11, 18, 0, 12, 13, 8, 14, 4, 1]",703.5,"[7, 6, 10, 5, 16, 15, 2, 17, 9, 3, 19, 11, 18, 0, 12, 13, 8, 14, 4, 1]",703.5,11.453650712966919
"[7, 6, 10, 5, 16, 15, 2, 17, 9, 3, 19, 11, 18, 0, 12, 13, 8, 14, 4, 1]",703.5,"[7, 6, 10, 5, 16, 15, 2, 17, 9, 3, 19, 11, 18, 0, 12, 13, 8, 14, 4, 1]",703.5,11.519652605056763
"[7, 6, 10, 5, 16, 15, 2, 17, 9, 3, 19, 11, 18, 0, 12, 13, 8, 14, 4, 1]",703.5,"[7, 6, 10, 5, 16, 15, 2, 17, 9, 3, 19, 11, 18, 0, 12, 13, 8, 14, 4, 1]",703.5,11.586660146713257
"[7, 6, 10, 5, 16, 15, 2, 17, 9, 3, 19, 11, 18, 0, 12, 13, 8, 14, 4, 1]",703.5,"[7, 6, 10, 5, 16, 15, 2, 17, 9, 3, 19, 11, 18, 0, 12, 13, 8, 14, 4, 1]",703.5,11.652668476104736
"[7, 6, 10, 5, 16, 15, 2, 17, 9, 3, 19, 11, 18, 0, 12, 13, 8, 14, 4, 1]",703.5,"[7, 6, 10, 5, 16, 15, 2, 17, 9, 3, 19, 11, 18, 0, 12, 13, 8, 14, 4, 1]",703.5,11.717652320861816
"[7, 6, 10, 5, 16, 15, 2, 17, 9, 3, 19, 11, 18, 0, 12, 13, 8, 14, 4, 1]",703.5,"[7, 6, 10, 5, 16, 15, 2, 17, 9, 3, 19, 11, 18, 0, 12, 13, 8, 14, 4, 1]",703.5,11.782753467559814
"[7, 15, 10, 5, 16, 6, 2, 17, 9, 3, 19, 11, 18, 0, 12, 13, 8, 14, 4, 1]",702.0,"[7, 15, 10, 5, 16, 6, 2, 17, 9, 3, 19, 11, 18, 0, 12, 13, 8, 14, 4, 1]",702.0,11.86965560913086
"[7, 15, 10, 5, 16, 6, 2, 17, 9, 3, 19, 11, 18, 0, 12, 13, 8, 14, 4, 1]",702.0,"[7, 15, 10, 5, 16, 6, 2, 17, 9, 3, 19, 11, 18, 0, 12, 13, 8, 14, 4, 1]",702.0,11.941656827926636
"[7, 15, 10, 5, 16, 6, 2, 17, 9, 3, 19, 11, 18, 0, 12, 13, 8, 14, 4, 1]",702.0,"[7, 15, 10, 5, 16, 6, 2, 17, 9, 3, 19, 11, 18, 0, 12, 13, 8, 14, 4, 1]",702.0,12.01613163948059
"[7, 15, 10, 5, 16, 6, 2, 17, 9, 3, 19, 11, 18, 0, 12, 13, 8, 14, 4, 1]",702.0,"[7, 15, 10, 5, 16, 6, 2, 17, 9, 3, 19, 11, 18, 0, 12, 13, 8, 14, 4, 1]",702.0,12.084660768508911
"[7, 15, 10, 5, 16, 6, 2, 17, 9, 3, 19, 11, 18, 0, 12, 13, 8, 14, 4, 1]",702.0,"[7, 15, 10, 5, 16, 6, 2, 17, 9, 3, 19, 11, 18, 0, 12, 13, 8, 14, 4, 1]",702.0,12.151662111282349
"[7, 15, 10, 5, 16, 6, 2, 17, 9, 3, 19, 11, 18, 0, 12, 13, 8, 14, 4, 1]",702.0,"[7, 15, 10, 5, 16, 6, 2, 17, 9, 3, 19, 11, 18, 0, 12, 13, 8, 14, 4, 1]",702.0,12.215660333633423
"[7, 15, 10, 5, 16, 6, 2, 17, 9, 3, 19, 11, 18, 0, 12, 13, 8, 14, 4, 1]",702.0,"[7, 15, 10, 5, 16, 6, 2, 17, 9, 3, 19, 11, 18, 0, 12, 13, 8, 14, 4, 1]",702.0,12.279660701751709
"[7, 15, 10, 5, 16, 6, 2, 17, 9, 3, 19, 11, 18, 0, 12, 13, 8, 14, 4, 1]",702.0,"[7, 15, 10, 5, 16, 6, 2, 17, 9, 3, 19, 11, 18, 0, 12, 13, 8, 14, 4, 1]",702.0,12.350663423538208
"[7, 15, 10, 5, 16, 6, 2, 17, 9, 3, 19, 11, 18, 0, 12, 13, 8, 14, 4, 1]",702.0,"[7, 15, 10, 5, 16, 6, 2, 17, 9, 3, 19, 11, 18, 0, 12, 13, 8, 14, 4, 1]",702.0,12.42266035079956
"[7, 15, 10, 5, 16, 6, 2, 17, 9, 3, 19, 11, 18, 0, 12, 13, 8, 14, 4, 1]",702.0,"[7, 15, 10, 5, 16, 6, 2, 17, 9, 3, 19, 11, 18, 0, 12, 13, 8, 14, 4, 1]",702.0,12.495677709579468
"[7, 15, 10, 5, 16, 6, 2, 17, 9, 3, 19, 11, 18, 0, 12, 13, 8, 14, 4, 1]",702.0,"[7, 15, 10, 5, 16, 6, 2, 17, 9, 3, 19, 11, 18, 0, 12, 13, 8, 14, 4, 1]",702.0,12.563664436340332
"[7, 15, 10, 5, 16, 6, 2, 17, 9, 3, 19, 11, 18, 0, 12, 13, 8, 14, 4, 1]",702.0,"[7, 15, 10, 5, 16, 6, 2, 17, 9, 3, 19, 11, 18, 0, 12, 13, 8, 14, 4, 1]",702.0,12.630662441253662
"[7, 15, 10, 5, 16, 6, 2, 17, 9, 3, 19, 11, 18, 0, 12, 13, 8, 14, 4, 1]",702.0,"[7, 15, 10, 5, 16, 6, 2, 17, 9, 3, 19, 11, 18, 0, 12, 13, 8, 14, 4, 1]",702.0,12.695672512054443
"[7, 15, 10, 5, 16, 6, 2, 17, 9, 3, 19, 11, 18, 0, 12, 13, 8, 14, 4, 1]",702.0,"[7, 15, 10, 5, 16, 6, 2, 17, 9, 3, 19, 11, 18, 0, 12, 13, 8, 14, 4, 1]",702.0,12.761667966842651
"[7, 15, 10, 5, 16, 6, 2, 17, 9, 3, 19, 11, 18, 0, 12, 13, 8, 14, 4, 1]",702.0,"[7, 15, 10, 5, 16, 6, 2, 17, 9, 3, 19, 11, 18, 0, 12, 13, 8, 14, 4, 1]",702.0,12.825668096542358
"[7, 15, 10, 5, 16, 6, 2, 17, 9, 3, 19, 11, 18, 0, 12, 13, 8, 14, 4, 1]",702.0,"[7, 15, 10, 5, 16, 6, 2, 17, 9, 3, 19, 11, 18, 0, 12, 13, 8, 14, 4, 1]",702.0,12.89266848564148
"[7, 15, 10, 5, 16, 6, 2, 17, 9, 3, 19, 11, 18, 0, 12, 13, 8, 14, 4, 1]",702.0,"[7, 15, 10, 5, 16, 6, 2, 17, 9, 3, 19, 11, 18, 0, 12, 13, 8, 14, 4, 1]",702.0,12.959664821624756
"[7, 15, 10, 5, 16, 6, 2, 17, 9, 3, 19, 11, 18, 0, 12, 13, 8, 14, 4, 1]",702.0,"[7, 15, 10, 5, 16, 6, 2, 17, 9, 3, 19, 11, 18, 0, 12, 13, 8, 14, 4, 1]",702.0,13.023666620254517
"[7, 15, 10, 5, 16, 6, 2, 17, 9, 3, 19, 11, 18, 0, 12, 13, 8, 14, 4, 1]",702.0,"[7, 15, 10, 5, 16, 6, 2, 17, 9, 3, 19, 11, 18, 0, 12, 13, 8, 14, 4, 1]",702.0,13.088671684265137
"[7, 15, 10, 5, 16, 6, 2, 17, 9, 3, 19, 11, 18, 0, 12, 13, 8, 14, 4, 1]",702.0,"[7, 15, 10, 5, 16, 6, 2, 17, 9, 3, 19, 11, 18, 0, 12, 13, 8, 14, 4, 1]",702.0,13.152681350708008
"[7, 15, 10, 5, 16, 6, 2, 17, 9, 3, 19, 11, 18, 0, 12, 13, 8, 14, 4, 1]",702.0,"[7, 15, 10, 5, 16, 6, 2, 17, 9, 3, 19, 11, 18, 0, 12, 13, 8, 14, 4, 1]",702.0,13.21767544746399
"[7, 15, 10, 5, 16, 6, 2, 17, 9, 3, 19, 11, 18, 0, 12, 13, 8, 14, 4, 1]",702.0,"[7, 15, 10, 5, 16, 6, 2, 17, 9, 3, 19, 11, 18, 0, 12, 13, 8, 14, 4, 1]",702.0,13.282692909240723
"[7, 15, 10, 5, 16, 6, 2, 17, 9, 3, 19, 11, 18, 0, 12, 13, 8, 14, 4, 1]",702.0,"[7, 15, 10, 5, 16, 6, 2, 17, 9, 3, 19, 11, 18, 0, 12, 13, 8, 14, 4, 1]",702.0,13.34967041015625
"[7, 15, 10, 5, 16, 6, 2, 17, 9, 3, 19, 11, 18, 0, 12, 13, 8, 14, 4, 1]",702.0,"[7, 15, 10, 5, 16, 6, 2, 17, 9, 3, 19, 11, 18, 0, 12, 13, 8, 14, 4, 1]",702.0,13.415671110153198
"[7, 15, 10, 5, 16, 6, 2, 17, 9, 3, 19, 11, 18, 0, 12, 13, 8, 14, 4, 1]",702.0,"[7, 15, 10, 5, 16, 6, 2, 17, 9, 3, 19, 11, 18, 0, 12, 13, 8, 14, 4, 1]",702.0,13.479677438735962
"[7, 15, 10, 5, 16, 6, 2, 17, 9, 3, 19, 11, 18, 0, 12, 13, 8, 14, 4, 1]",702.0,"[7, 15, 10, 5, 16, 6, 2, 17, 9, 3, 19, 11, 18, 0, 12, 13, 8, 14, 4, 1]",702.0,13.55180311203003
"[7, 15, 10, 5, 16, 6, 2, 17, 9, 3, 19, 11, 18, 0, 12, 13, 8, 14, 4, 1]",702.0,"[7, 15, 10, 5, 16, 6, 2, 17, 9, 3, 19, 11, 18, 0, 12, 13, 8, 14, 4, 1]",702.0,13.616674184799194
