Sequence,Fitness,Best_sequence,Best_fitness,Time
"[17, 7, 5, 6, 8, 2, 15, 14, 4, 11, 12, 1, 18, 0, 16, 13, 19, 3, 9, 10]",510.0,"[17, 7, 5, 6, 8, 2, 15, 14, 4, 11, 12, 1, 18, 0, 16, 13, 19, 3, 9, 10]",510.0,0.0009992122650146484
"[17, 7, 5, 6, 8, 2, 15, 14, 4, 11, 12, 1, 18, 0, 16, 13, 19, 3, 9, 10]",510.0,"[17, 7, 5, 6, 8, 2, 15, 14, 4, 11, 12, 1, 18, 0, 16, 13, 19, 3, 9, 10]",510.0,0.05999898910522461
"[17, 7, 5, 6, 8, 2, 15, 14, 4, 11, 12, 1, 18, 0, 16, 9, 19, 3, 13, 10]",485.5,"[17, 7, 5, 6, 8, 2, 15, 14, 4, 11, 12, 1, 18, 0, 16, 9, 19, 3, 13, 10]",485.5,0.11899948120117188
"[17, 7, 5, 6, 8, 2, 15, 14, 4, 11, 12, 1, 18, 0, 16, 9, 19, 3, 13, 10]",485.5,"[17, 7, 5, 6, 8, 2, 15, 14, 4, 11, 12, 1, 18, 0, 16, 9, 19, 3, 13, 10]",485.5,0.1759946346282959
"[17, 7, 5, 6, 8, 2, 15, 14, 4, 11, 12, 1, 18, 0, 16, 9, 19, 3, 13, 10]",485.5,"[17, 7, 5, 6, 8, 2, 15, 14, 4, 11, 12, 1, 18, 0, 16, 9, 19, 3, 13, 10]",485.5,0.23702239990234375
"[17, 7, 5, 6, 8, 2, 15, 14, 4, 11, 12, 1, 18, 0, 16, 9, 19, 3, 13, 10]",485.5,"[17, 7, 5, 6, 8, 2, 15, 14, 4, 11, 12, 1, 18, 0, 16, 9, 19, 3, 13, 10]",485.5,0.2980220317840576
"[17, 7, 5, 6, 8, 2, 15, 14, 4, 11, 12, 1, 18, 0, 16, 9, 19, 3, 13, 10]",485.5,"[17, 7, 5, 6, 8, 2, 15, 14, 4, 11, 12, 1, 18, 0, 16, 9, 19, 3, 13, 10]",485.5,0.3580186367034912
"[17, 7, 5, 6, 8, 2, 15, 14, 4, 11, 12, 1, 18, 0, 16, 9, 19, 3, 13, 10]",485.5,"[17, 7, 5, 6, 8, 2, 15, 14, 4, 11, 12, 1, 18, 0, 16, 9, 19, 3, 13, 10]",485.5,0.41701817512512207
"[17, 7, 5, 6, 8, 2, 15, 14, 4, 11, 12, 1, 18, 0, 16, 9, 19, 3, 13, 10]",485.5,"[17, 7, 5, 6, 8, 2, 15, 14, 4, 11, 12, 1, 18, 0, 16, 9, 19, 3, 13, 10]",485.5,0.4750220775604248
"[17, 7, 5, 6, 8, 2, 15, 14, 4, 11, 12, 1, 18, 0, 16, 9, 19, 3, 13, 10]",485.5,"[17, 7, 5, 6, 8, 2, 15, 14, 4, 11, 12, 1, 18, 0, 16, 9, 19, 3, 13, 10]",485.5,0.5330352783203125
"[17, 7, 5, 6, 8, 2, 15, 14, 4, 11, 12, 1, 18, 0, 16, 9, 19, 3, 13, 10]",485.5,"[17, 7, 5, 6, 8, 2, 15, 14, 4, 11, 12, 1, 18, 0, 16, 9, 19, 3, 13, 10]",485.5,0.5925600528717041
"[17, 7, 5, 6, 8, 2, 15, 14, 4, 11, 12, 1, 18, 0, 16, 9, 19, 3, 13, 10]",485.5,"[17, 7, 5, 6, 8, 2, 15, 14, 4, 11, 12, 1, 18, 0, 16, 9, 19, 3, 13, 10]",485.5,0.6750152111053467
"[17, 7, 5, 6, 8, 2, 15, 14, 4, 11, 12, 1, 18, 0, 16, 9, 19, 3, 13, 10]",485.5,"[17, 7, 5, 6, 8, 2, 15, 14, 4, 11, 12, 1, 18, 0, 16, 9, 19, 3, 13, 10]",485.5,0.7380130290985107
"[17, 1, 5, 6, 8, 2, 15, 14, 4, 11, 12, 7, 18, 0, 16, 9, 19, 3, 13, 10]",484.0,"[17, 1, 5, 6, 8, 2, 15, 14, 4, 11, 12, 7, 18, 0, 16, 9, 19, 3, 13, 10]",484.0,0.8030145168304443
"[17, 1, 5, 6, 8, 2, 15, 14, 4, 11, 12, 7, 18, 0, 16, 9, 19, 3, 13, 10]",484.0,"[17, 1, 5, 6, 8, 2, 15, 14, 4, 11, 12, 7, 18, 0, 16, 9, 19, 3, 13, 10]",484.0,0.8640308380126953
"[17, 1, 5, 6, 8, 2, 15, 14, 4, 11, 12, 7, 18, 0, 16, 9, 19, 3, 13, 10]",484.0,"[17, 1, 5, 6, 8, 2, 15, 14, 4, 11, 12, 7, 18, 0, 16, 9, 19, 3, 13, 10]",484.0,0.9270167350769043
"[17, 1, 5, 6, 8, 2, 15, 14, 4, 11, 12, 7, 18, 0, 16, 9, 19, 3, 13, 10]",484.0,"[17, 1, 5, 6, 8, 2, 15, 14, 4, 11, 12, 7, 18, 0, 16, 9, 19, 3, 13, 10]",484.0,0.991011381149292
"[17, 1, 5, 6, 8, 2, 15, 14, 4, 11, 12, 7, 18, 0, 16, 9, 19, 3, 13, 10]",484.0,"[17, 1, 5, 6, 8, 2, 15, 14, 4, 11, 12, 7, 18, 0, 16, 9, 19, 3, 13, 10]",484.0,1.0510103702545166
"[17, 1, 5, 6, 8, 2, 15, 14, 4, 11, 12, 7, 18, 0, 16, 9, 19, 3, 13, 10]",484.0,"[17, 1, 5, 6, 8, 2, 15, 14, 4, 11, 12, 7, 18, 0, 16, 9, 19, 3, 13, 10]",484.0,1.1120200157165527
"[17, 1, 5, 6, 8, 2, 15, 14, 4, 11, 12, 7, 18, 0, 16, 9, 19, 3, 13, 10]",484.0,"[17, 1, 5, 6, 8, 2, 15, 14, 4, 11, 12, 7, 18, 0, 16, 9, 19, 3, 13, 10]",484.0,1.1740097999572754
"[17, 1, 5, 6, 13, 2, 15, 14, 4, 11, 12, 7, 18, 0, 16, 9, 19, 3, 8, 10]",468.0,"[17, 1, 5, 6, 13, 2, 15, 14, 4, 11, 12, 7, 18, 0, 16, 9, 19, 3, 8, 10]",468.0,1.2400319576263428
"[17, 1, 5, 6, 13, 2, 15, 14, 4, 11, 12, 7, 18, 0, 16, 9, 19, 3, 8, 10]",468.0,"[17, 1, 5, 6, 13, 2, 15, 14, 4, 11, 12, 7, 18, 0, 16, 9, 19, 3, 8, 10]",468.0,1.3020548820495605
"[17, 1, 5, 6, 13, 2, 15, 14, 4, 11, 12, 7, 18, 0, 16, 9, 19, 3, 8, 10]",468.0,"[17, 1, 5, 6, 13, 2, 15, 14, 4, 11, 12, 7, 18, 0, 16, 9, 19, 3, 8, 10]",468.0,1.3650283813476562
"[17, 1, 5, 6, 13, 2, 15, 14, 4, 11, 12, 7, 18, 0, 16, 9, 19, 3, 8, 10]",468.0,"[17, 1, 5, 6, 13, 2, 15, 14, 4, 11, 12, 7, 18, 0, 16, 9, 19, 3, 8, 10]",468.0,1.4280295372009277
"[17, 1, 5, 6, 13, 2, 15, 14, 4, 11, 12, 7, 18, 0, 16, 9, 19, 3, 8, 10]",468.0,"[17, 1, 5, 6, 13, 2, 15, 14, 4, 11, 12, 7, 18, 0, 16, 9, 19, 3, 8, 10]",468.0,1.4890246391296387
"[17, 1, 5, 6, 13, 2, 15, 14, 4, 11, 12, 7, 18, 0, 16, 9, 19, 3, 8, 10]",468.0,"[17, 1, 5, 6, 13, 2, 15, 14, 4, 11, 12, 7, 18, 0, 16, 9, 19, 3, 8, 10]",468.0,1.55202317237854
"[17, 1, 5, 6, 13, 2, 15, 14, 4, 11, 12, 7, 18, 0, 16, 9, 19, 3, 8, 10]",468.0,"[17, 1, 5, 6, 13, 2, 15, 14, 4, 11, 12, 7, 18, 0, 16, 9, 19, 3, 8, 10]",468.0,1.6180341243743896
"[17, 1, 5, 6, 13, 2, 15, 14, 4, 11, 12, 7, 18, 0, 16, 9, 19, 3, 8, 10]",468.0,"[17, 1, 5, 6, 13, 2, 15, 14, 4, 11, 12, 7, 18, 0, 16, 9, 19, 3, 8, 10]",468.0,1.690025806427002
"[17, 1, 5, 6, 13, 2, 15, 14, 4, 11, 12, 7, 18, 0, 16, 9, 19, 3, 8, 10]",468.0,"[17, 1, 5, 6, 13, 2, 15, 14, 4, 11, 12, 7, 18, 0, 16, 9, 19, 3, 8, 10]",468.0,1.7550239562988281
"[17, 1, 5, 6, 13, 2, 15, 14, 4, 11, 12, 7, 18, 0, 16, 9, 19, 3, 8, 10]",468.0,"[17, 1, 5, 6, 13, 2, 15, 14, 4, 11, 12, 7, 18, 0, 16, 9, 19, 3, 8, 10]",468.0,1.8150238990783691
"[17, 1, 5, 6, 13, 2, 15, 14, 4, 11, 12, 7, 18, 0, 16, 9, 19, 3, 8, 10]",468.0,"[17, 1, 5, 6, 13, 2, 15, 14, 4, 11, 12, 7, 18, 0, 16, 9, 19, 3, 8, 10]",468.0,1.8770198822021484
"[17, 1, 5, 6, 13, 2, 15, 14, 4, 11, 12, 7, 18, 0, 16, 9, 19, 3, 8, 10]",468.0,"[17, 1, 5, 6, 13, 2, 15, 14, 4, 11, 12, 7, 18, 0, 16, 9, 19, 3, 8, 10]",468.0,1.9390268325805664
"[17, 1, 5, 6, 13, 2, 15, 14, 4, 11, 12, 7, 18, 0, 16, 9, 19, 3, 8, 10]",468.0,"[17, 1, 5, 6, 13, 2, 15, 14, 4, 11, 12, 7, 18, 0, 16, 9, 19, 3, 8, 10]",468.0,1.999058485031128
"[17, 1, 5, 6, 13, 2, 15, 14, 4, 11, 12, 7, 18, 0, 16, 9, 19, 3, 8, 10]",468.0,"[17, 1, 5, 6, 13, 2, 15, 14, 4, 11, 12, 7, 18, 0, 16, 9, 19, 3, 8, 10]",468.0,2.0600409507751465
"[17, 1, 5, 6, 13, 2, 15, 14, 4, 11, 12, 7, 18, 0, 16, 9, 19, 3, 8, 10]",468.0,"[17, 1, 5, 6, 13, 2, 15, 14, 4, 11, 12, 7, 18, 0, 16, 9, 19, 3, 8, 10]",468.0,2.1240296363830566
"[17, 1, 5, 6, 13, 2, 15, 14, 4, 11, 12, 7, 18, 0, 16, 9, 19, 3, 8, 10]",468.0,"[17, 1, 5, 6, 13, 2, 15, 14, 4, 11, 12, 7, 18, 0, 16, 9, 19, 3, 8, 10]",468.0,2.1870181560516357
"[17, 1, 5, 6, 13, 2, 15, 14, 4, 11, 12, 7, 18, 0, 16, 9, 19, 3, 8, 10]",468.0,"[17, 1, 5, 6, 13, 2, 15, 14, 4, 11, 12, 7, 18, 0, 16, 9, 19, 3, 8, 10]",468.0,2.2470180988311768
"[17, 1, 5, 6, 13, 2, 15, 14, 4, 11, 12, 7, 18, 0, 16, 9, 19, 3, 8, 10]",468.0,"[17, 1, 5, 6, 13, 2, 15, 14, 4, 11, 12, 7, 18, 0, 16, 9, 19, 3, 8, 10]",468.0,2.30802059173584
"[17, 1, 5, 6, 13, 2, 15, 14, 4, 11, 12, 7, 18, 0, 16, 9, 19, 3, 8, 10]",468.0,"[17, 1, 5, 6, 13, 2, 15, 14, 4, 11, 12, 7, 18, 0, 16, 9, 19, 3, 8, 10]",468.0,2.370027542114258
"[17, 1, 5, 6, 13, 2, 15, 14, 4, 11, 12, 7, 18, 0, 16, 9, 19, 3, 8, 10]",468.0,"[17, 1, 5, 6, 13, 2, 15, 14, 4, 11, 12, 7, 18, 0, 16, 9, 19, 3, 8, 10]",468.0,2.431014060974121
"[17, 1, 5, 6, 13, 2, 15, 14, 4, 11, 12, 7, 18, 0, 16, 9, 19, 3, 8, 10]",468.0,"[17, 1, 5, 6, 13, 2, 15, 14, 4, 11, 12, 7, 18, 0, 16, 9, 19, 3, 8, 10]",468.0,2.4920246601104736
"[17, 1, 5, 6, 13, 2, 15, 14, 4, 11, 12, 7, 18, 0, 16, 9, 19, 3, 8, 10]",468.0,"[17, 1, 5, 6, 13, 2, 15, 14, 4, 11, 12, 7, 18, 0, 16, 9, 19, 3, 8, 10]",468.0,2.5550339221954346
"[17, 1, 5, 6, 13, 2, 15, 14, 4, 11, 12, 7, 18, 0, 16, 9, 19, 3, 8, 10]",468.0,"[17, 1, 5, 6, 13, 2, 15, 14, 4, 11, 12, 7, 18, 0, 16, 9, 19, 3, 8, 10]",468.0,2.6180121898651123
"[17, 1, 5, 6, 13, 2, 15, 14, 4, 11, 12, 7, 18, 0, 16, 9, 19, 3, 8, 10]",468.0,"[17, 1, 5, 6, 13, 2, 15, 14, 4, 11, 12, 7, 18, 0, 16, 9, 19, 3, 8, 10]",468.0,2.6820361614227295
"[17, 1, 5, 6, 13, 2, 15, 14, 4, 11, 12, 7, 18, 0, 16, 9, 19, 3, 8, 10]",468.0,"[17, 1, 5, 6, 13, 2, 15, 14, 4, 11, 12, 7, 18, 0, 16, 9, 19, 3, 8, 10]",468.0,2.74601674079895
"[17, 1, 5, 6, 13, 2, 15, 14, 4, 11, 12, 7, 18, 0, 16, 9, 19, 3, 8, 10]",468.0,"[17, 1, 5, 6, 13, 2, 15, 14, 4, 11, 12, 7, 18, 0, 16, 9, 19, 3, 8, 10]",468.0,2.812007427215576
"[17, 1, 5, 6, 13, 2, 15, 14, 4, 11, 12, 7, 18, 0, 16, 9, 19, 3, 8, 10]",468.0,"[17, 1, 5, 6, 13, 2, 15, 14, 4, 11, 12, 7, 18, 0, 16, 9, 19, 3, 8, 10]",468.0,2.878035068511963
"[17, 1, 5, 6, 13, 2, 15, 14, 4, 11, 12, 7, 18, 0, 16, 9, 19, 3, 8, 10]",468.0,"[17, 1, 5, 6, 13, 2, 15, 14, 4, 11, 12, 7, 18, 0, 16, 9, 19, 3, 8, 10]",468.0,2.9420089721679688
"[17, 1, 5, 6, 13, 2, 15, 14, 4, 11, 12, 7, 18, 0, 16, 9, 19, 3, 8, 10]",468.0,"[17, 1, 5, 6, 13, 2, 15, 14, 4, 11, 12, 7, 18, 0, 16, 9, 19, 3, 8, 10]",468.0,3.004006862640381
"[17, 1, 5, 6, 13, 2, 15, 14, 4, 11, 12, 7, 18, 0, 16, 9, 19, 3, 8, 10]",468.0,"[17, 1, 5, 6, 13, 2, 15, 14, 4, 11, 12, 7, 18, 0, 16, 9, 19, 3, 8, 10]",468.0,3.066007614135742
"[17, 1, 5, 6, 13, 2, 15, 14, 4, 11, 12, 7, 18, 0, 16, 9, 19, 3, 8, 10]",468.0,"[17, 1, 5, 6, 13, 2, 15, 14, 4, 11, 12, 7, 18, 0, 16, 9, 19, 3, 8, 10]",468.0,3.130006790161133
"[17, 1, 5, 6, 13, 2, 15, 14, 4, 11, 12, 7, 18, 0, 16, 9, 19, 3, 8, 10]",468.0,"[17, 1, 5, 6, 13, 2, 15, 14, 4, 11, 12, 7, 18, 0, 16, 9, 19, 3, 8, 10]",468.0,3.1950066089630127
"[17, 1, 5, 6, 13, 2, 15, 14, 4, 11, 12, 7, 18, 0, 16, 9, 19, 3, 8, 10]",468.0,"[17, 1, 5, 6, 13, 2, 15, 14, 4, 11, 12, 7, 18, 0, 16, 9, 19, 3, 8, 10]",468.0,3.259007215499878
"[17, 1, 5, 6, 13, 2, 15, 14, 4, 11, 12, 7, 18, 0, 16, 9, 19, 3, 8, 10]",468.0,"[17, 1, 5, 6, 13, 2, 15, 14, 4, 11, 12, 7, 18, 0, 16, 9, 19, 3, 8, 10]",468.0,3.3220038414001465
"[17, 1, 5, 6, 13, 2, 15, 14, 4, 11, 12, 7, 18, 0, 16, 9, 19, 3, 8, 10]",468.0,"[17, 1, 5, 6, 13, 2, 15, 14, 4, 11, 12, 7, 18, 0, 16, 9, 19, 3, 8, 10]",468.0,3.3820035457611084
"[17, 1, 5, 6, 13, 2, 15, 14, 4, 11, 12, 7, 18, 0, 16, 9, 19, 3, 8, 10]",468.0,"[17, 1, 5, 6, 13, 2, 15, 14, 4, 11, 12, 7, 18, 0, 16, 9, 19, 3, 8, 10]",468.0,3.4430041313171387
"[17, 1, 5, 6, 13, 2, 15, 14, 4, 11, 12, 7, 18, 0, 16, 9, 19, 3, 8, 10]",468.0,"[17, 1, 5, 6, 13, 2, 15, 14, 4, 11, 12, 7, 18, 0, 16, 9, 19, 3, 8, 10]",468.0,3.5050034523010254
"[17, 1, 5, 6, 13, 2, 15, 14, 4, 11, 12, 7, 18, 0, 16, 9, 19, 3, 8, 10]",468.0,"[17, 1, 5, 6, 13, 2, 15, 14, 4, 11, 12, 7, 18, 0, 16, 9, 19, 3, 8, 10]",468.0,3.5660011768341064
"[17, 1, 5, 6, 13, 2, 15, 14, 4, 11, 12, 7, 18, 0, 16, 9, 19, 3, 8, 10]",468.0,"[17, 1, 5, 6, 13, 2, 15, 14, 4, 11, 12, 7, 18, 0, 16, 9, 19, 3, 8, 10]",468.0,3.627002239227295
"[17, 1, 5, 6, 13, 2, 15, 14, 4, 11, 12, 7, 18, 0, 16, 9, 19, 3, 8, 10]",468.0,"[17, 1, 5, 6, 13, 2, 15, 14, 4, 11, 12, 7, 18, 0, 16, 9, 19, 3, 8, 10]",468.0,3.688018321990967
"[17, 1, 5, 6, 13, 2, 15, 14, 4, 11, 12, 7, 18, 0, 16, 9, 19, 3, 8, 10]",468.0,"[17, 1, 5, 6, 13, 2, 15, 14, 4, 11, 12, 7, 18, 0, 16, 9, 19, 3, 8, 10]",468.0,3.749011278152466
"[17, 1, 5, 6, 13, 2, 15, 14, 4, 11, 12, 7, 18, 0, 16, 9, 19, 3, 8, 10]",468.0,"[17, 1, 5, 6, 13, 2, 15, 14, 4, 11, 12, 7, 18, 0, 16, 9, 19, 3, 8, 10]",468.0,3.8119964599609375
"[17, 1, 5, 6, 13, 2, 15, 14, 4, 11, 12, 7, 18, 0, 16, 9, 19, 3, 8, 10]",468.0,"[17, 1, 5, 6, 13, 2, 15, 14, 4, 11, 12, 7, 18, 0, 16, 9, 19, 3, 8, 10]",468.0,3.8739993572235107
"[17, 1, 5, 6, 13, 2, 15, 14, 4, 11, 12, 7, 18, 0, 16, 9, 19, 3, 8, 10]",468.0,"[17, 1, 5, 6, 13, 2, 15, 14, 4, 11, 12, 7, 18, 0, 16, 9, 19, 3, 8, 10]",468.0,3.9339959621429443
"[17, 1, 5, 6, 13, 2, 15, 14, 4, 11, 12, 7, 18, 0, 16, 9, 19, 3, 8, 10]",468.0,"[17, 1, 5, 6, 13, 2, 15, 14, 4, 11, 12, 7, 18, 0, 16, 9, 19, 3, 8, 10]",468.0,3.9949951171875
"[17, 1, 5, 6, 13, 2, 15, 14, 4, 11, 12, 7, 18, 0, 16, 9, 19, 3, 8, 10]",468.0,"[17, 1, 5, 6, 13, 2, 15, 14, 4, 11, 12, 7, 18, 0, 16, 9, 19, 3, 8, 10]",468.0,4.05599308013916
"[17, 1, 5, 6, 13, 2, 15, 14, 4, 11, 12, 7, 18, 0, 16, 9, 19, 3, 8, 10]",468.0,"[17, 1, 5, 6, 13, 2, 15, 14, 4, 11, 12, 7, 18, 0, 16, 9, 19, 3, 8, 10]",468.0,4.123993635177612
"[17, 1, 5, 6, 13, 2, 15, 14, 4, 11, 12, 7, 18, 0, 16, 9, 19, 3, 8, 10]",468.0,"[17, 1, 5, 6, 13, 2, 15, 14, 4, 11, 12, 7, 18, 0, 16, 9, 19, 3, 8, 10]",468.0,4.188002109527588
"[17, 1, 5, 6, 13, 2, 15, 14, 4, 11, 12, 7, 18, 0, 16, 9, 19, 3, 8, 10]",468.0,"[17, 1, 5, 6, 13, 2, 15, 14, 4, 11, 12, 7, 18, 0, 16, 9, 19, 3, 8, 10]",468.0,4.253992795944214
"[17, 1, 5, 6, 13, 2, 15, 14, 4, 11, 12, 7, 18, 0, 16, 9, 19, 3, 8, 10]",468.0,"[17, 1, 5, 6, 13, 2, 15, 14, 4, 11, 12, 7, 18, 0, 16, 9, 19, 3, 8, 10]",468.0,4.315992593765259
"[17, 1, 5, 6, 13, 2, 15, 14, 4, 11, 12, 7, 18, 0, 16, 9, 19, 3, 8, 10]",468.0,"[17, 1, 5, 6, 13, 2, 15, 14, 4, 11, 12, 7, 18, 0, 16, 9, 19, 3, 8, 10]",468.0,4.380995512008667
"[17, 1, 5, 6, 13, 2, 15, 14, 4, 11, 12, 7, 18, 0, 16, 9, 19, 3, 8, 10]",468.0,"[17, 1, 5, 6, 13, 2, 15, 14, 4, 11, 12, 7, 18, 0, 16, 9, 19, 3, 8, 10]",468.0,4.443989515304565
"[17, 1, 5, 6, 13, 2, 15, 14, 4, 11, 12, 7, 18, 0, 16, 9, 19, 3, 8, 10]",468.0,"[17, 1, 5, 6, 13, 2, 15, 14, 4, 11, 12, 7, 18, 0, 16, 9, 19, 3, 8, 10]",468.0,4.506989002227783
"[17, 1, 5, 6, 13, 2, 15, 14, 4, 11, 12, 7, 18, 0, 16, 9, 19, 3, 8, 10]",468.0,"[17, 1, 5, 6, 13, 2, 15, 14, 4, 11, 12, 7, 18, 0, 16, 9, 19, 3, 8, 10]",468.0,4.567988395690918
"[17, 1, 5, 6, 13, 2, 15, 14, 4, 11, 12, 7, 18, 0, 16, 9, 19, 3, 8, 10]",468.0,"[17, 1, 5, 6, 13, 2, 15, 14, 4, 11, 12, 7, 18, 0, 16, 9, 19, 3, 8, 10]",468.0,4.628989934921265
"[17, 1, 5, 6, 13, 2, 15, 14, 4, 11, 12, 7, 18, 0, 16, 9, 19, 3, 8, 10]",468.0,"[17, 1, 5, 6, 13, 2, 15, 14, 4, 11, 12, 7, 18, 0, 16, 9, 19, 3, 8, 10]",468.0,4.691984415054321
"[17, 1, 5, 6, 13, 2, 15, 14, 4, 11, 12, 7, 18, 0, 16, 9, 19, 3, 8, 10]",468.0,"[17, 1, 5, 6, 13, 2, 15, 14, 4, 11, 12, 7, 18, 0, 16, 9, 19, 3, 8, 10]",468.0,4.752986431121826
"[17, 1, 5, 6, 13, 2, 15, 14, 4, 11, 12, 7, 18, 0, 16, 9, 19, 3, 8, 10]",468.0,"[17, 1, 5, 6, 13, 2, 15, 14, 4, 11, 12, 7, 18, 0, 16, 9, 19, 3, 8, 10]",468.0,4.817983627319336
"[17, 1, 5, 6, 13, 2, 15, 14, 4, 11, 12, 7, 18, 0, 16, 9, 19, 3, 8, 10]",468.0,"[17, 1, 5, 6, 13, 2, 15, 14, 4, 11, 12, 7, 18, 0, 16, 9, 19, 3, 8, 10]",468.0,4.880986928939819
"[17, 1, 5, 6, 13, 2, 15, 14, 4, 11, 12, 7, 18, 0, 16, 9, 19, 3, 8, 10]",468.0,"[17, 1, 5, 6, 13, 2, 15, 14, 4, 11, 12, 7, 18, 0, 16, 9, 19, 3, 8, 10]",468.0,4.941983461380005
"[17, 1, 5, 6, 13, 2, 15, 14, 4, 11, 12, 7, 18, 0, 16, 9, 19, 3, 8, 10]",468.0,"[17, 1, 5, 6, 13, 2, 15, 14, 4, 11, 12, 7, 18, 0, 16, 9, 19, 3, 8, 10]",468.0,5.002982139587402
"[17, 1, 5, 6, 13, 2, 15, 14, 4, 11, 12, 7, 18, 0, 16, 9, 19, 3, 8, 10]",468.0,"[17, 1, 5, 6, 13, 2, 15, 14, 4, 11, 12, 7, 18, 0, 16, 9, 19, 3, 8, 10]",468.0,5.066986560821533
"[17, 1, 5, 6, 13, 2, 15, 14, 4, 11, 12, 7, 18, 0, 16, 9, 19, 3, 8, 10]",468.0,"[17, 1, 5, 6, 13, 2, 15, 14, 4, 11, 12, 7, 18, 0, 16, 9, 19, 3, 8, 10]",468.0,5.127979278564453
"[17, 1, 5, 6, 13, 2, 15, 14, 4, 11, 12, 7, 18, 0, 16, 9, 19, 3, 8, 10]",468.0,"[17, 1, 5, 6, 13, 2, 15, 14, 4, 11, 12, 7, 18, 0, 16, 9, 19, 3, 8, 10]",468.0,5.191978454589844
"[17, 1, 5, 6, 13, 2, 15, 14, 4, 11, 12, 7, 18, 0, 16, 9, 19, 3, 8, 10]",468.0,"[17, 1, 5, 6, 13, 2, 15, 14, 4, 11, 12, 7, 18, 0, 16, 9, 19, 3, 8, 10]",468.0,5.253977537155151
"[17, 1, 5, 6, 13, 2, 15, 14, 4, 11, 12, 7, 18, 0, 16, 9, 19, 3, 8, 10]",468.0,"[17, 1, 5, 6, 13, 2, 15, 14, 4, 11, 12, 7, 18, 0, 16, 9, 19, 3, 8, 10]",468.0,5.3179872035980225
"[17, 1, 5, 6, 13, 2, 15, 14, 4, 11, 12, 7, 18, 0, 16, 9, 19, 3, 8, 10]",468.0,"[17, 1, 5, 6, 13, 2, 15, 14, 4, 11, 12, 7, 18, 0, 16, 9, 19, 3, 8, 10]",468.0,5.378974914550781
"[17, 1, 5, 6, 13, 2, 15, 14, 4, 11, 12, 7, 18, 0, 16, 9, 19, 3, 8, 10]",468.0,"[17, 1, 5, 6, 13, 2, 15, 14, 4, 11, 12, 7, 18, 0, 16, 9, 19, 3, 8, 10]",468.0,5.440996170043945
"[17, 1, 5, 6, 13, 2, 15, 14, 4, 11, 12, 7, 18, 0, 16, 9, 19, 3, 8, 10]",468.0,"[17, 1, 5, 6, 13, 2, 15, 14, 4, 11, 12, 7, 18, 0, 16, 9, 19, 3, 8, 10]",468.0,5.503976821899414
"[17, 1, 5, 6, 13, 2, 15, 14, 4, 11, 12, 7, 18, 0, 16, 9, 19, 3, 8, 10]",468.0,"[17, 1, 5, 6, 13, 2, 15, 14, 4, 11, 12, 7, 18, 0, 16, 9, 19, 3, 8, 10]",468.0,5.565980911254883
"[17, 1, 5, 6, 13, 2, 15, 14, 4, 11, 12, 7, 18, 0, 16, 9, 19, 3, 8, 10]",468.0,"[17, 1, 5, 6, 13, 2, 15, 14, 4, 11, 12, 7, 18, 0, 16, 9, 19, 3, 8, 10]",468.0,5.6299779415130615
"[17, 1, 5, 6, 13, 2, 15, 14, 4, 11, 12, 7, 18, 0, 16, 9, 19, 3, 8, 10]",468.0,"[17, 1, 5, 6, 13, 2, 15, 14, 4, 11, 12, 7, 18, 0, 16, 9, 19, 3, 8, 10]",468.0,5.692974328994751
"[17, 1, 5, 6, 13, 2, 15, 14, 4, 11, 12, 7, 18, 0, 16, 9, 19, 3, 8, 10]",468.0,"[17, 1, 5, 6, 13, 2, 15, 14, 4, 11, 12, 7, 18, 0, 16, 9, 19, 3, 8, 10]",468.0,5.7519776821136475
"[17, 1, 5, 6, 13, 2, 15, 14, 4, 11, 12, 7, 18, 0, 16, 9, 19, 3, 8, 10]",468.0,"[17, 1, 5, 6, 13, 2, 15, 14, 4, 11, 12, 7, 18, 0, 16, 9, 19, 3, 8, 10]",468.0,5.814970970153809
"[17, 1, 5, 6, 13, 2, 15, 14, 4, 11, 12, 7, 18, 0, 16, 9, 19, 3, 8, 10]",468.0,"[17, 1, 5, 6, 13, 2, 15, 14, 4, 11, 12, 7, 18, 0, 16, 9, 19, 3, 8, 10]",468.0,5.877971649169922
"[17, 1, 5, 6, 13, 2, 15, 14, 4, 11, 12, 7, 18, 0, 16, 9, 19, 3, 8, 10]",468.0,"[17, 1, 5, 6, 13, 2, 15, 14, 4, 11, 12, 7, 18, 0, 16, 9, 19, 3, 8, 10]",468.0,5.942968368530273
"[17, 1, 5, 6, 13, 2, 15, 14, 4, 11, 12, 7, 18, 0, 16, 9, 19, 3, 8, 10]",468.0,"[17, 1, 5, 6, 13, 2, 15, 14, 4, 11, 12, 7, 18, 0, 16, 9, 19, 3, 8, 10]",468.0,6.006971120834351
"[17, 1, 5, 6, 13, 2, 15, 14, 4, 11, 12, 7, 18, 0, 16, 9, 19, 3, 8, 10]",468.0,"[17, 1, 5, 6, 13, 2, 15, 14, 4, 11, 12, 7, 18, 0, 16, 9, 19, 3, 8, 10]",468.0,6.070966958999634
"[17, 1, 5, 6, 13, 2, 15, 14, 4, 11, 12, 7, 18, 0, 16, 9, 19, 3, 8, 10]",468.0,"[17, 1, 5, 6, 13, 2, 15, 14, 4, 11, 12, 7, 18, 0, 16, 9, 19, 3, 8, 10]",468.0,6.131968021392822
"[17, 1, 5, 6, 13, 2, 15, 14, 4, 11, 12, 7, 18, 0, 16, 9, 19, 3, 8, 10]",468.0,"[17, 1, 5, 6, 13, 2, 15, 14, 4, 11, 12, 7, 18, 0, 16, 9, 19, 3, 8, 10]",468.0,6.194966077804565
"[17, 1, 5, 6, 13, 2, 15, 14, 4, 11, 12, 7, 18, 0, 16, 9, 19, 3, 8, 10]",468.0,"[17, 1, 5, 6, 13, 2, 15, 14, 4, 11, 12, 7, 18, 0, 16, 9, 19, 3, 8, 10]",468.0,6.2559661865234375
"[17, 1, 5, 6, 13, 2, 15, 14, 4, 11, 12, 7, 18, 0, 16, 9, 19, 3, 8, 10]",468.0,"[17, 1, 5, 6, 13, 2, 15, 14, 4, 11, 12, 7, 18, 0, 16, 9, 19, 3, 8, 10]",468.0,6.343968629837036
"[17, 1, 5, 6, 13, 2, 15, 14, 4, 11, 12, 7, 18, 0, 16, 9, 19, 3, 8, 10]",468.0,"[17, 1, 5, 6, 13, 2, 15, 14, 4, 11, 12, 7, 18, 0, 16, 9, 19, 3, 8, 10]",468.0,6.405963897705078
"[17, 1, 5, 6, 13, 2, 15, 14, 4, 11, 12, 7, 18, 0, 16, 9, 19, 3, 8, 10]",468.0,"[17, 1, 5, 6, 13, 2, 15, 14, 4, 11, 12, 7, 18, 0, 16, 9, 19, 3, 8, 10]",468.0,6.467961549758911
"[17, 1, 5, 6, 13, 2, 15, 14, 4, 11, 12, 7, 18, 0, 16, 9, 19, 3, 8, 10]",468.0,"[17, 1, 5, 6, 13, 2, 15, 14, 4, 11, 12, 7, 18, 0, 16, 9, 19, 3, 8, 10]",468.0,6.528960943222046
"[17, 1, 5, 6, 13, 2, 15, 14, 4, 11, 12, 7, 18, 0, 16, 9, 19, 3, 8, 10]",468.0,"[17, 1, 5, 6, 13, 2, 15, 14, 4, 11, 12, 7, 18, 0, 16, 9, 19, 3, 8, 10]",468.0,6.59097695350647
"[17, 1, 5, 6, 13, 2, 15, 14, 4, 11, 12, 7, 18, 0, 16, 9, 19, 3, 8, 10]",468.0,"[17, 1, 5, 6, 13, 2, 15, 14, 4, 11, 12, 7, 18, 0, 16, 9, 19, 3, 8, 10]",468.0,6.652960300445557
"[17, 1, 5, 6, 13, 2, 15, 14, 4, 11, 12, 7, 18, 0, 16, 9, 19, 3, 8, 10]",468.0,"[17, 1, 5, 6, 13, 2, 15, 14, 4, 11, 12, 7, 18, 0, 16, 9, 19, 3, 8, 10]",468.0,6.719959020614624
"[17, 1, 5, 6, 13, 2, 15, 14, 4, 11, 12, 7, 18, 0, 16, 9, 19, 3, 8, 10]",468.0,"[17, 1, 5, 6, 13, 2, 15, 14, 4, 11, 12, 7, 18, 0, 16, 9, 19, 3, 8, 10]",468.0,6.780955791473389
"[17, 1, 5, 6, 13, 2, 15, 14, 4, 11, 12, 7, 18, 0, 16, 9, 19, 3, 8, 10]",468.0,"[17, 1, 5, 6, 13, 2, 15, 14, 4, 11, 12, 7, 18, 0, 16, 9, 19, 3, 8, 10]",468.0,6.841961145401001
"[17, 1, 5, 6, 13, 2, 15, 14, 4, 11, 12, 7, 18, 0, 16, 9, 19, 3, 8, 10]",468.0,"[17, 1, 5, 6, 13, 2, 15, 14, 4, 11, 12, 7, 18, 0, 16, 9, 19, 3, 8, 10]",468.0,6.902960300445557
"[17, 1, 5, 6, 13, 2, 15, 14, 4, 11, 12, 7, 18, 0, 16, 9, 19, 3, 8, 10]",468.0,"[17, 1, 5, 6, 13, 2, 15, 14, 4, 11, 12, 7, 18, 0, 16, 9, 19, 3, 8, 10]",468.0,6.963958740234375
"[17, 1, 5, 6, 13, 2, 15, 14, 4, 11, 12, 7, 18, 0, 16, 9, 19, 3, 8, 10]",468.0,"[17, 1, 5, 6, 13, 2, 15, 14, 4, 11, 12, 7, 18, 0, 16, 9, 19, 3, 8, 10]",468.0,7.026964902877808
"[17, 1, 5, 6, 13, 2, 15, 14, 4, 11, 12, 7, 18, 0, 16, 9, 19, 3, 8, 10]",468.0,"[17, 1, 5, 6, 13, 2, 15, 14, 4, 11, 12, 7, 18, 0, 16, 9, 19, 3, 8, 10]",468.0,7.088958501815796
"[17, 1, 5, 6, 13, 2, 15, 14, 4, 11, 12, 7, 18, 0, 16, 9, 19, 3, 8, 10]",468.0,"[17, 1, 5, 6, 13, 2, 15, 14, 4, 11, 12, 7, 18, 0, 16, 9, 19, 3, 8, 10]",468.0,7.150956392288208
"[17, 1, 5, 6, 13, 2, 15, 14, 4, 11, 12, 7, 18, 0, 16, 9, 19, 3, 8, 10]",468.0,"[17, 1, 5, 6, 13, 2, 15, 14, 4, 11, 12, 7, 18, 0, 16, 9, 19, 3, 8, 10]",468.0,7.218955039978027
"[17, 1, 5, 6, 13, 2, 15, 14, 4, 11, 12, 7, 18, 0, 16, 9, 19, 3, 8, 10]",468.0,"[17, 1, 5, 6, 13, 2, 15, 14, 4, 11, 12, 7, 18, 0, 16, 9, 19, 3, 8, 10]",468.0,7.282954692840576
"[17, 1, 5, 6, 13, 2, 15, 14, 4, 11, 12, 7, 18, 0, 16, 9, 19, 3, 8, 10]",468.0,"[17, 1, 5, 6, 13, 2, 15, 14, 4, 11, 12, 7, 18, 0, 16, 9, 19, 3, 8, 10]",468.0,7.346951723098755
"[17, 1, 5, 6, 13, 2, 15, 14, 4, 11, 12, 7, 18, 0, 16, 9, 19, 3, 8, 10]",468.0,"[17, 1, 5, 6, 13, 2, 15, 14, 4, 11, 12, 7, 18, 0, 16, 9, 19, 3, 8, 10]",468.0,7.4089531898498535
"[17, 1, 5, 6, 13, 2, 15, 14, 4, 11, 12, 7, 18, 0, 16, 9, 19, 3, 8, 10]",468.0,"[17, 1, 5, 6, 13, 2, 15, 14, 4, 11, 12, 7, 18, 0, 16, 9, 19, 3, 8, 10]",468.0,7.470956087112427
"[17, 1, 5, 6, 13, 2, 15, 14, 4, 11, 12, 7, 18, 0, 16, 9, 19, 3, 8, 10]",468.0,"[17, 1, 5, 6, 13, 2, 15, 14, 4, 11, 12, 7, 18, 0, 16, 9, 19, 3, 8, 10]",468.0,7.531956911087036
"[17, 1, 5, 6, 13, 2, 15, 14, 4, 11, 12, 7, 18, 0, 16, 9, 19, 3, 8, 10]",468.0,"[17, 1, 5, 6, 13, 2, 15, 14, 4, 11, 12, 7, 18, 0, 16, 9, 19, 3, 8, 10]",468.0,7.592951059341431
"[17, 1, 5, 6, 13, 2, 15, 14, 4, 11, 12, 7, 18, 0, 16, 9, 19, 3, 8, 10]",468.0,"[17, 1, 5, 6, 13, 2, 15, 14, 4, 11, 12, 7, 18, 0, 16, 9, 19, 3, 8, 10]",468.0,7.655950546264648
"[17, 1, 5, 6, 13, 2, 15, 14, 4, 11, 12, 7, 18, 0, 16, 9, 19, 3, 8, 10]",468.0,"[17, 1, 5, 6, 13, 2, 15, 14, 4, 11, 12, 7, 18, 0, 16, 9, 19, 3, 8, 10]",468.0,7.715946435928345
"[17, 1, 5, 6, 13, 2, 15, 14, 4, 11, 12, 7, 18, 0, 16, 9, 19, 3, 8, 10]",468.0,"[17, 1, 5, 6, 13, 2, 15, 14, 4, 11, 12, 7, 18, 0, 16, 9, 19, 3, 8, 10]",468.0,7.778948783874512
"[17, 1, 5, 6, 13, 2, 15, 14, 4, 11, 12, 7, 18, 0, 16, 9, 19, 3, 8, 10]",468.0,"[17, 1, 5, 6, 13, 2, 15, 14, 4, 11, 12, 7, 18, 0, 16, 9, 19, 3, 8, 10]",468.0,7.84094500541687
"[17, 1, 5, 6, 13, 2, 15, 14, 4, 11, 12, 7, 18, 0, 16, 9, 19, 3, 8, 10]",468.0,"[17, 1, 5, 6, 13, 2, 15, 14, 4, 11, 12, 7, 18, 0, 16, 9, 19, 3, 8, 10]",468.0,7.902948617935181
"[17, 1, 5, 6, 13, 2, 15, 14, 4, 11, 12, 7, 18, 0, 16, 9, 19, 3, 8, 10]",468.0,"[17, 1, 5, 6, 13, 2, 15, 14, 4, 11, 12, 7, 18, 0, 16, 9, 19, 3, 8, 10]",468.0,7.9639434814453125
"[1, 17, 5, 6, 13, 2, 15, 14, 4, 11, 12, 7, 18, 0, 16, 9, 19, 3, 8, 10]",466.5,"[1, 17, 5, 6, 13, 2, 15, 14, 4, 11, 12, 7, 18, 0, 16, 9, 19, 3, 8, 10]",466.5,8.025943994522095
"[1, 17, 5, 6, 13, 2, 15, 14, 4, 11, 12, 7, 18, 0, 16, 9, 19, 3, 8, 10]",466.5,"[1, 17, 5, 6, 13, 2, 15, 14, 4, 11, 12, 7, 18, 0, 16, 9, 19, 3, 8, 10]",466.5,8.085941791534424
"[1, 17, 5, 6, 13, 2, 15, 14, 4, 11, 12, 7, 18, 0, 16, 9, 19, 3, 8, 10]",466.5,"[1, 17, 5, 6, 13, 2, 15, 14, 4, 11, 12, 7, 18, 0, 16, 9, 19, 3, 8, 10]",466.5,8.14794373512268
"[1, 17, 5, 6, 13, 2, 15, 14, 4, 11, 12, 7, 18, 0, 16, 9, 19, 3, 8, 10]",466.5,"[1, 17, 5, 6, 13, 2, 15, 14, 4, 11, 12, 7, 18, 0, 16, 9, 19, 3, 8, 10]",466.5,8.21294355392456
"[1, 17, 5, 6, 13, 2, 15, 14, 4, 11, 12, 7, 18, 0, 16, 9, 19, 3, 8, 10]",466.5,"[1, 17, 5, 6, 13, 2, 15, 14, 4, 11, 12, 7, 18, 0, 16, 9, 19, 3, 8, 10]",466.5,8.271947145462036
"[1, 17, 5, 6, 13, 2, 15, 14, 4, 11, 12, 7, 18, 0, 16, 9, 19, 3, 8, 10]",466.5,"[1, 17, 5, 6, 13, 2, 15, 14, 4, 11, 12, 7, 18, 0, 16, 9, 19, 3, 8, 10]",466.5,8.33094573020935
"[1, 17, 5, 6, 13, 2, 15, 14, 4, 11, 12, 7, 18, 0, 16, 9, 19, 3, 8, 10]",466.5,"[1, 17, 5, 6, 13, 2, 15, 14, 4, 11, 12, 7, 18, 0, 16, 9, 19, 3, 8, 10]",466.5,8.392938613891602
"[1, 17, 5, 6, 13, 2, 15, 14, 4, 11, 12, 7, 18, 0, 16, 9, 19, 3, 8, 10]",466.5,"[1, 17, 5, 6, 13, 2, 15, 14, 4, 11, 12, 7, 18, 0, 16, 9, 19, 3, 8, 10]",466.5,8.45393967628479
"[1, 17, 5, 6, 13, 2, 15, 14, 4, 11, 12, 7, 18, 0, 16, 9, 19, 3, 8, 10]",466.5,"[1, 17, 5, 6, 13, 2, 15, 14, 4, 11, 12, 7, 18, 0, 16, 9, 19, 3, 8, 10]",466.5,8.517938137054443
"[1, 17, 5, 6, 13, 2, 15, 14, 4, 11, 12, 7, 18, 0, 16, 9, 19, 3, 8, 10]",466.5,"[1, 17, 5, 6, 13, 2, 15, 14, 4, 11, 12, 7, 18, 0, 16, 9, 19, 3, 8, 10]",466.5,8.581941366195679
"[1, 17, 5, 6, 13, 2, 15, 14, 4, 11, 12, 7, 18, 0, 16, 9, 19, 3, 8, 10]",466.5,"[1, 17, 5, 6, 13, 2, 15, 14, 4, 11, 12, 7, 18, 0, 16, 9, 19, 3, 8, 10]",466.5,8.642940998077393
"[1, 17, 5, 6, 13, 2, 15, 14, 4, 11, 12, 7, 18, 0, 16, 9, 19, 3, 8, 10]",466.5,"[1, 17, 5, 6, 13, 2, 15, 14, 4, 11, 12, 7, 18, 0, 16, 9, 19, 3, 8, 10]",466.5,8.70693850517273
"[1, 17, 5, 6, 13, 2, 15, 14, 4, 11, 12, 7, 18, 0, 16, 9, 19, 3, 8, 10]",466.5,"[1, 17, 5, 6, 13, 2, 15, 14, 4, 11, 12, 7, 18, 0, 16, 9, 19, 3, 8, 10]",466.5,8.773295640945435
"[1, 17, 5, 6, 13, 2, 15, 14, 4, 11, 12, 7, 18, 0, 16, 9, 19, 3, 8, 10]",466.5,"[1, 17, 5, 6, 13, 2, 15, 14, 4, 11, 12, 7, 18, 0, 16, 9, 19, 3, 8, 10]",466.5,8.840933084487915
"[1, 17, 5, 6, 13, 2, 15, 14, 4, 11, 12, 7, 18, 0, 16, 9, 19, 3, 8, 10]",466.5,"[1, 17, 5, 6, 13, 2, 15, 14, 4, 11, 12, 7, 18, 0, 16, 9, 19, 3, 8, 10]",466.5,8.903933048248291
"[1, 17, 5, 6, 13, 2, 15, 14, 4, 11, 12, 7, 18, 0, 16, 9, 19, 3, 8, 10]",466.5,"[1, 17, 5, 6, 13, 2, 15, 14, 4, 11, 12, 7, 18, 0, 16, 9, 19, 3, 8, 10]",466.5,8.967932224273682
"[1, 17, 5, 6, 13, 2, 15, 14, 4, 11, 12, 7, 18, 0, 16, 9, 19, 3, 8, 10]",466.5,"[1, 17, 5, 6, 13, 2, 15, 14, 4, 11, 12, 7, 18, 0, 16, 9, 19, 3, 8, 10]",466.5,9.03493046760559
"[1, 17, 5, 6, 13, 2, 15, 14, 4, 11, 12, 7, 18, 0, 16, 9, 19, 3, 8, 10]",466.5,"[1, 17, 5, 6, 13, 2, 15, 14, 4, 11, 12, 7, 18, 0, 16, 9, 19, 3, 8, 10]",466.5,9.097942590713501
"[1, 17, 5, 6, 13, 2, 15, 14, 4, 11, 12, 7, 18, 0, 16, 9, 19, 3, 8, 10]",466.5,"[1, 17, 5, 6, 13, 2, 15, 14, 4, 11, 12, 7, 18, 0, 16, 9, 19, 3, 8, 10]",466.5,9.155928373336792
"[1, 17, 5, 6, 13, 2, 15, 14, 4, 11, 12, 7, 18, 0, 16, 9, 19, 3, 8, 10]",466.5,"[1, 17, 5, 6, 13, 2, 15, 14, 4, 11, 12, 7, 18, 0, 16, 9, 19, 3, 8, 10]",466.5,9.217930316925049
"[1, 17, 5, 6, 13, 2, 15, 14, 4, 11, 12, 7, 18, 0, 16, 9, 19, 3, 8, 10]",466.5,"[1, 17, 5, 6, 13, 2, 15, 14, 4, 11, 12, 7, 18, 0, 16, 9, 19, 3, 8, 10]",466.5,9.279927492141724
"[1, 17, 5, 6, 13, 2, 15, 14, 4, 11, 12, 7, 18, 0, 16, 9, 19, 3, 8, 10]",466.5,"[1, 17, 5, 6, 13, 2, 15, 14, 4, 11, 12, 7, 18, 0, 16, 9, 19, 3, 8, 10]",466.5,9.341931343078613
"[1, 17, 5, 6, 13, 2, 15, 14, 4, 11, 12, 7, 18, 0, 16, 9, 19, 3, 8, 10]",466.5,"[1, 17, 5, 6, 13, 2, 15, 14, 4, 11, 12, 7, 18, 0, 16, 9, 19, 3, 8, 10]",466.5,9.40392804145813
"[1, 17, 5, 6, 13, 2, 15, 14, 4, 11, 12, 7, 18, 0, 16, 9, 19, 3, 8, 10]",466.5,"[1, 17, 5, 6, 13, 2, 15, 14, 4, 11, 12, 7, 18, 0, 16, 9, 19, 3, 8, 10]",466.5,9.4649338722229
"[1, 17, 5, 6, 13, 2, 15, 14, 4, 11, 12, 7, 18, 0, 16, 9, 19, 3, 8, 10]",466.5,"[1, 17, 5, 6, 13, 2, 15, 14, 4, 11, 12, 7, 18, 0, 16, 9, 19, 3, 8, 10]",466.5,9.525924921035767
"[1, 17, 5, 6, 13, 2, 15, 14, 4, 11, 12, 7, 18, 0, 16, 9, 19, 3, 8, 10]",466.5,"[1, 17, 5, 6, 13, 2, 15, 14, 4, 11, 12, 7, 18, 0, 16, 9, 19, 3, 8, 10]",466.5,9.587924480438232
"[1, 17, 5, 6, 13, 2, 15, 14, 4, 11, 12, 7, 18, 0, 16, 9, 19, 3, 8, 10]",466.5,"[1, 17, 5, 6, 13, 2, 15, 14, 4, 11, 12, 7, 18, 0, 16, 9, 19, 3, 8, 10]",466.5,9.647925853729248
"[1, 17, 5, 6, 13, 2, 15, 14, 4, 11, 12, 7, 18, 0, 16, 9, 19, 3, 8, 10]",466.5,"[1, 17, 5, 6, 13, 2, 15, 14, 4, 11, 12, 7, 18, 0, 16, 9, 19, 3, 8, 10]",466.5,9.709922313690186
"[1, 17, 5, 6, 13, 2, 15, 14, 4, 11, 12, 7, 18, 0, 16, 9, 19, 3, 8, 10]",466.5,"[1, 17, 5, 6, 13, 2, 15, 14, 4, 11, 12, 7, 18, 0, 16, 9, 19, 3, 8, 10]",466.5,9.77193570137024
"[1, 17, 5, 6, 13, 2, 15, 14, 4, 11, 12, 7, 18, 0, 16, 9, 19, 3, 8, 10]",466.5,"[1, 17, 5, 6, 13, 2, 15, 14, 4, 11, 12, 7, 18, 0, 16, 9, 19, 3, 8, 10]",466.5,9.841922760009766
"[1, 17, 5, 6, 13, 2, 15, 14, 4, 11, 12, 7, 18, 0, 16, 9, 19, 3, 8, 10]",466.5,"[1, 17, 5, 6, 13, 2, 15, 14, 4, 11, 12, 7, 18, 0, 16, 9, 19, 3, 8, 10]",466.5,9.904923439025879
"[1, 17, 5, 6, 13, 2, 15, 14, 4, 11, 12, 7, 18, 0, 16, 9, 19, 3, 8, 10]",466.5,"[1, 17, 5, 6, 13, 2, 15, 14, 4, 11, 12, 7, 18, 0, 16, 9, 19, 3, 8, 10]",466.5,9.966922998428345
"[1, 17, 5, 6, 13, 2, 15, 14, 4, 11, 12, 7, 18, 0, 16, 9, 19, 3, 8, 10]",466.5,"[1, 17, 5, 6, 13, 2, 15, 14, 4, 11, 12, 7, 18, 0, 16, 9, 19, 3, 8, 10]",466.5,10.032920360565186
"[1, 17, 5, 6, 13, 2, 15, 14, 4, 11, 12, 7, 18, 0, 16, 9, 19, 3, 8, 10]",466.5,"[1, 17, 5, 6, 13, 2, 15, 14, 4, 11, 12, 7, 18, 0, 16, 9, 19, 3, 8, 10]",466.5,10.095922946929932
"[1, 17, 5, 6, 13, 2, 15, 14, 4, 11, 12, 7, 18, 0, 16, 9, 19, 3, 8, 10]",466.5,"[1, 17, 5, 6, 13, 2, 15, 14, 4, 11, 12, 7, 18, 0, 16, 9, 19, 3, 8, 10]",466.5,10.159931421279907
"[1, 17, 5, 6, 13, 2, 15, 14, 4, 11, 12, 7, 18, 0, 16, 9, 19, 3, 8, 10]",466.5,"[1, 17, 5, 6, 13, 2, 15, 14, 4, 11, 12, 7, 18, 0, 16, 9, 19, 3, 8, 10]",466.5,10.224918603897095
"[1, 17, 5, 6, 13, 2, 15, 14, 4, 11, 12, 7, 18, 0, 16, 9, 19, 3, 8, 10]",466.5,"[1, 17, 5, 6, 13, 2, 15, 14, 4, 11, 12, 7, 18, 0, 16, 9, 19, 3, 8, 10]",466.5,10.290914297103882
"[1, 17, 5, 6, 13, 2, 15, 14, 4, 11, 12, 7, 18, 0, 16, 9, 19, 3, 8, 10]",466.5,"[1, 17, 5, 6, 13, 2, 15, 14, 4, 11, 12, 7, 18, 0, 16, 9, 19, 3, 8, 10]",466.5,10.3559250831604
"[1, 17, 5, 6, 13, 2, 15, 14, 4, 11, 12, 7, 18, 0, 16, 9, 19, 3, 8, 10]",466.5,"[1, 17, 5, 6, 13, 2, 15, 14, 4, 11, 12, 7, 18, 0, 16, 9, 19, 3, 8, 10]",466.5,10.422917127609253
"[1, 17, 5, 6, 13, 2, 15, 14, 4, 11, 12, 7, 18, 0, 16, 9, 19, 3, 8, 10]",466.5,"[1, 17, 5, 6, 13, 2, 15, 14, 4, 11, 12, 7, 18, 0, 16, 9, 19, 3, 8, 10]",466.5,10.489914417266846
"[1, 17, 5, 6, 13, 2, 15, 14, 4, 11, 12, 7, 18, 0, 16, 9, 19, 3, 8, 10]",466.5,"[1, 17, 5, 6, 13, 2, 15, 14, 4, 11, 12, 7, 18, 0, 16, 9, 19, 3, 8, 10]",466.5,10.552915573120117
"[1, 17, 5, 6, 13, 2, 15, 14, 4, 11, 12, 7, 18, 0, 16, 9, 19, 3, 8, 10]",466.5,"[1, 17, 5, 6, 13, 2, 15, 14, 4, 11, 12, 7, 18, 0, 16, 9, 19, 3, 8, 10]",466.5,10.620916366577148
"[1, 17, 5, 6, 13, 2, 15, 14, 4, 11, 12, 7, 18, 0, 16, 9, 19, 3, 8, 10]",466.5,"[1, 17, 5, 6, 13, 2, 15, 14, 4, 11, 12, 7, 18, 0, 16, 9, 19, 3, 8, 10]",466.5,10.684912919998169
"[1, 17, 5, 6, 13, 2, 15, 14, 4, 11, 12, 7, 18, 0, 16, 9, 19, 3, 8, 10]",466.5,"[1, 17, 5, 6, 13, 2, 15, 14, 4, 11, 12, 7, 18, 0, 16, 9, 19, 3, 8, 10]",466.5,10.753916501998901
"[1, 17, 5, 6, 13, 2, 15, 14, 4, 11, 12, 7, 18, 0, 16, 9, 19, 3, 8, 10]",466.5,"[1, 17, 5, 6, 13, 2, 15, 14, 4, 11, 12, 7, 18, 0, 16, 9, 19, 3, 8, 10]",466.5,10.820908069610596
"[1, 17, 5, 6, 13, 2, 15, 14, 4, 11, 12, 7, 18, 0, 16, 9, 19, 3, 8, 10]",466.5,"[1, 17, 5, 6, 13, 2, 15, 14, 4, 11, 12, 7, 18, 0, 16, 9, 19, 3, 8, 10]",466.5,10.889906167984009
"[1, 17, 5, 6, 13, 2, 15, 14, 4, 11, 12, 7, 18, 0, 16, 9, 19, 3, 8, 10]",466.5,"[1, 17, 5, 6, 13, 2, 15, 14, 4, 11, 12, 7, 18, 0, 16, 9, 19, 3, 8, 10]",466.5,10.954912900924683
"[1, 17, 5, 6, 13, 2, 15, 14, 4, 11, 12, 7, 18, 0, 16, 9, 19, 3, 8, 10]",466.5,"[1, 17, 5, 6, 13, 2, 15, 14, 4, 11, 12, 7, 18, 0, 16, 9, 19, 3, 8, 10]",466.5,11.019905805587769
"[1, 17, 5, 6, 13, 2, 15, 14, 4, 11, 12, 7, 18, 0, 16, 9, 19, 3, 8, 10]",466.5,"[1, 17, 5, 6, 13, 2, 15, 14, 4, 11, 12, 7, 18, 0, 16, 9, 19, 3, 8, 10]",466.5,11.084919691085815
"[1, 17, 5, 6, 13, 2, 15, 14, 4, 11, 12, 7, 18, 0, 16, 9, 19, 3, 8, 10]",466.5,"[1, 17, 5, 6, 13, 2, 15, 14, 4, 11, 12, 7, 18, 0, 16, 9, 19, 3, 8, 10]",466.5,11.147907018661499
"[1, 17, 5, 6, 13, 2, 15, 14, 4, 11, 12, 7, 18, 0, 16, 9, 19, 3, 8, 10]",466.5,"[1, 17, 5, 6, 13, 2, 15, 14, 4, 11, 12, 7, 18, 0, 16, 9, 19, 3, 8, 10]",466.5,11.21390438079834
"[1, 17, 5, 6, 13, 2, 15, 14, 4, 11, 12, 7, 18, 0, 16, 9, 19, 3, 8, 10]",466.5,"[1, 17, 5, 6, 13, 2, 15, 14, 4, 11, 12, 7, 18, 0, 16, 9, 19, 3, 8, 10]",466.5,11.278911113739014
"[1, 17, 5, 6, 13, 2, 15, 14, 4, 11, 12, 7, 18, 0, 16, 9, 19, 3, 8, 10]",466.5,"[1, 17, 5, 6, 13, 2, 15, 14, 4, 11, 12, 7, 18, 0, 16, 9, 19, 3, 8, 10]",466.5,11.34890365600586
"[1, 17, 5, 6, 13, 2, 15, 14, 4, 11, 12, 7, 18, 0, 16, 9, 19, 3, 8, 10]",466.5,"[1, 17, 5, 6, 13, 2, 15, 14, 4, 11, 12, 7, 18, 0, 16, 9, 19, 3, 8, 10]",466.5,11.41390323638916
"[1, 17, 5, 6, 13, 2, 15, 14, 4, 11, 12, 7, 18, 0, 16, 9, 19, 3, 8, 10]",466.5,"[1, 17, 5, 6, 13, 2, 15, 14, 4, 11, 12, 7, 18, 0, 16, 9, 19, 3, 8, 10]",466.5,11.47890043258667
"[1, 17, 5, 6, 13, 2, 15, 14, 4, 11, 12, 7, 18, 0, 16, 9, 19, 3, 8, 10]",466.5,"[1, 17, 5, 6, 13, 2, 15, 14, 4, 11, 12, 7, 18, 0, 16, 9, 19, 3, 8, 10]",466.5,11.544899702072144
"[1, 17, 5, 6, 13, 2, 15, 14, 4, 11, 12, 7, 18, 0, 16, 9, 19, 3, 8, 10]",466.5,"[1, 17, 5, 6, 13, 2, 15, 14, 4, 11, 12, 7, 18, 0, 16, 9, 19, 3, 8, 10]",466.5,11.610898494720459
"[1, 17, 5, 6, 13, 2, 15, 14, 4, 11, 12, 7, 18, 0, 16, 9, 19, 3, 8, 10]",466.5,"[1, 17, 5, 6, 13, 2, 15, 14, 4, 11, 12, 7, 18, 0, 16, 9, 19, 3, 8, 10]",466.5,11.675898313522339
"[1, 17, 5, 6, 13, 2, 15, 14, 4, 11, 12, 7, 18, 0, 16, 9, 19, 3, 8, 10]",466.5,"[1, 17, 5, 6, 13, 2, 15, 14, 4, 11, 12, 7, 18, 0, 16, 9, 19, 3, 8, 10]",466.5,11.739902019500732
"[1, 17, 5, 6, 13, 2, 15, 14, 4, 11, 12, 7, 18, 0, 16, 9, 19, 3, 8, 10]",466.5,"[1, 17, 5, 6, 13, 2, 15, 14, 4, 11, 12, 7, 18, 0, 16, 9, 19, 3, 8, 10]",466.5,11.80389666557312
"[1, 17, 5, 6, 13, 2, 15, 14, 4, 11, 12, 7, 18, 0, 16, 9, 19, 3, 8, 10]",466.5,"[1, 17, 5, 6, 13, 2, 15, 14, 4, 11, 12, 7, 18, 0, 16, 9, 19, 3, 8, 10]",466.5,11.869900226593018
"[1, 17, 5, 6, 13, 2, 15, 14, 4, 11, 12, 7, 18, 0, 16, 9, 19, 3, 8, 10]",466.5,"[1, 17, 5, 6, 13, 2, 15, 14, 4, 11, 12, 7, 18, 0, 16, 9, 19, 3, 8, 10]",466.5,11.93589448928833
"[1, 17, 5, 6, 13, 2, 15, 14, 4, 11, 12, 7, 18, 0, 16, 9, 19, 3, 8, 10]",466.5,"[1, 17, 5, 6, 13, 2, 15, 14, 4, 11, 12, 7, 18, 0, 16, 9, 19, 3, 8, 10]",466.5,11.999901294708252
"[1, 17, 5, 6, 13, 2, 15, 14, 4, 11, 12, 7, 18, 0, 16, 9, 19, 3, 8, 10]",466.5,"[1, 17, 5, 6, 13, 2, 15, 14, 4, 11, 12, 7, 18, 0, 16, 9, 19, 3, 8, 10]",466.5,12.062893629074097
"[1, 17, 5, 6, 13, 2, 15, 14, 4, 11, 12, 7, 18, 0, 16, 9, 19, 3, 8, 10]",466.5,"[1, 17, 5, 6, 13, 2, 15, 14, 4, 11, 12, 7, 18, 0, 16, 9, 19, 3, 8, 10]",466.5,12.125898361206055
"[1, 17, 5, 6, 13, 2, 15, 14, 4, 11, 12, 7, 18, 0, 16, 9, 19, 3, 8, 10]",466.5,"[1, 17, 5, 6, 13, 2, 15, 14, 4, 11, 12, 7, 18, 0, 16, 9, 19, 3, 8, 10]",466.5,12.188891410827637
"[1, 17, 5, 6, 13, 2, 15, 14, 4, 11, 12, 7, 18, 0, 16, 9, 19, 3, 8, 10]",466.5,"[1, 17, 5, 6, 13, 2, 15, 14, 4, 11, 12, 7, 18, 0, 16, 9, 19, 3, 8, 10]",466.5,12.25089406967163
"[1, 17, 5, 6, 13, 2, 15, 14, 4, 11, 12, 7, 18, 0, 16, 9, 19, 3, 8, 10]",466.5,"[1, 17, 5, 6, 13, 2, 15, 14, 4, 11, 12, 7, 18, 0, 16, 9, 19, 3, 8, 10]",466.5,12.314892292022705
"[1, 17, 5, 6, 13, 2, 15, 14, 4, 11, 12, 7, 18, 0, 16, 9, 19, 3, 8, 10]",466.5,"[1, 17, 5, 6, 13, 2, 15, 14, 4, 11, 12, 7, 18, 0, 16, 9, 19, 3, 8, 10]",466.5,12.405887842178345
"[1, 17, 5, 6, 13, 2, 15, 14, 4, 11, 12, 7, 18, 0, 16, 9, 19, 3, 8, 10]",466.5,"[1, 17, 5, 6, 13, 2, 15, 14, 4, 11, 12, 7, 18, 0, 16, 9, 19, 3, 8, 10]",466.5,12.470895051956177
"[1, 17, 5, 6, 13, 2, 15, 14, 4, 11, 12, 7, 18, 0, 16, 9, 19, 3, 8, 10]",466.5,"[1, 17, 5, 6, 13, 2, 15, 14, 4, 11, 12, 7, 18, 0, 16, 9, 19, 3, 8, 10]",466.5,12.529918909072876
"[1, 17, 5, 6, 13, 2, 15, 14, 4, 11, 12, 7, 18, 0, 16, 9, 19, 3, 8, 10]",466.5,"[1, 17, 5, 6, 13, 2, 15, 14, 4, 11, 12, 7, 18, 0, 16, 9, 19, 3, 8, 10]",466.5,12.744884967803955
"[1, 17, 5, 6, 13, 2, 15, 14, 4, 11, 12, 7, 18, 0, 16, 9, 19, 3, 8, 10]",466.5,"[1, 17, 5, 6, 13, 2, 15, 14, 4, 11, 12, 7, 18, 0, 16, 9, 19, 3, 8, 10]",466.5,12.86188530921936
