Sequence,Fitness,Best_sequence,Best_fitness,Time
"[0, 1, 2, 3, 4, 5, 6, 7, 8, 9, 10, 11, 12, 13, 14, 15, 16, 17, 18, 19, 20, 21, 22, 23, 24, 25, 26, 27, 28, 29, 30, 31, 32, 33, 34, 35, 36, 37, 38, 39]",2285.5,"[0, 1, 2, 3, 4, 5, 6, 7, 8, 9, 10, 11, 12, 13, 14, 15, 16, 17, 18, 19, 20, 21, 22, 23, 24, 25, 26, 27, 28, 29, 30, 31, 32, 33, 34, 35, 36, 37, 38, 39]",2285.5,0.0
"[0, 1, 2, 3, 4, 5, 6, 7, 8, 9, 10, 11, 12, 13, 14, 15, 16, 17, 18, 19, 20, 21, 22, 23, 24, 25, 26, 27, 28, 29, 30, 31, 32, 33, 34, 35, 36, 37, 38, 39]",2285.5,"[0, 1, 2, 3, 4, 5, 6, 7, 8, 9, 10, 11, 12, 13, 14, 15, 16, 17, 18, 19, 20, 21, 22, 23, 24, 25, 26, 27, 28, 29, 30, 31, 32, 33, 34, 35, 36, 37, 38, 39]",2285.5,0.16600251197814941
"[0, 1, 2, 3, 4, 5, 6, 7, 8, 9, 10, 11, 12, 13, 14, 15, 16, 17, 18, 19, 20, 21, 22, 23, 24, 25, 26, 27, 28, 29, 30, 31, 32, 33, 34, 35, 36, 37, 38, 39]",2285.5,"[0, 1, 2, 3, 4, 5, 6, 7, 8, 9, 10, 11, 12, 13, 14, 15, 16, 17, 18, 19, 20, 21, 22, 23, 24, 25, 26, 27, 28, 29, 30, 31, 32, 33, 34, 35, 36, 37, 38, 39]",2285.5,0.3300027847290039
"[0, 1, 2, 3, 4, 5, 6, 7, 8, 9, 10, 11, 12, 13, 14, 15, 16, 17, 18, 19, 20, 21, 22, 23, 24, 25, 26, 27, 28, 29, 30, 31, 32, 33, 34, 35, 36, 37, 38, 39]",2285.5,"[0, 1, 2, 3, 4, 5, 6, 7, 8, 9, 10, 11, 12, 13, 14, 15, 16, 17, 18, 19, 20, 21, 22, 23, 24, 25, 26, 27, 28, 29, 30, 31, 32, 33, 34, 35, 36, 37, 38, 39]",2285.5,0.49300456047058105
"[0, 1, 2, 3, 4, 5, 6, 7, 8, 9, 10, 11, 12, 13, 14, 15, 16, 17, 18, 19, 20, 21, 22, 23, 24, 25, 26, 27, 28, 29, 30, 31, 32, 33, 34, 35, 36, 37, 38, 39]",2285.5,"[0, 1, 2, 3, 4, 5, 6, 7, 8, 9, 10, 11, 12, 13, 14, 15, 16, 17, 18, 19, 20, 21, 22, 23, 24, 25, 26, 27, 28, 29, 30, 31, 32, 33, 34, 35, 36, 37, 38, 39]",2285.5,0.655001163482666
"[15, 1, 2, 3, 4, 5, 6, 7, 8, 9, 10, 11, 12, 13, 14, 0, 16, 17, 18, 19, 20, 21, 22, 23, 24, 25, 26, 27, 28, 29, 30, 31, 32, 33, 34, 35, 36, 37, 38, 39]",2256.5,"[15, 1, 2, 3, 4, 5, 6, 7, 8, 9, 10, 11, 12, 13, 14, 0, 16, 17, 18, 19, 20, 21, 22, 23, 24, 25, 26, 27, 28, 29, 30, 31, 32, 33, 34, 35, 36, 37, 38, 39]",2256.5,0.8160066604614258
"[15, 1, 2, 3, 4, 5, 6, 7, 8, 9, 10, 11, 12, 13, 14, 0, 16, 17, 18, 19, 20, 21, 22, 23, 24, 25, 26, 27, 28, 29, 30, 31, 32, 33, 34, 35, 36, 37, 38, 39]",2256.5,"[15, 1, 2, 3, 4, 5, 6, 7, 8, 9, 10, 11, 12, 13, 14, 0, 16, 17, 18, 19, 20, 21, 22, 23, 24, 25, 26, 27, 28, 29, 30, 31, 32, 33, 34, 35, 36, 37, 38, 39]",2256.5,0.9820091724395752
"[15, 1, 2, 3, 4, 5, 6, 7, 8, 9, 10, 11, 12, 13, 14, 0, 16, 17, 18, 19, 20, 21, 22, 23, 24, 25, 26, 27, 28, 29, 30, 31, 32, 33, 34, 35, 36, 37, 38, 39]",2256.5,"[15, 1, 2, 3, 4, 5, 6, 7, 8, 9, 10, 11, 12, 13, 14, 0, 16, 17, 18, 19, 20, 21, 22, 23, 24, 25, 26, 27, 28, 29, 30, 31, 32, 33, 34, 35, 36, 37, 38, 39]",2256.5,1.144010066986084
"[15, 1, 2, 3, 4, 5, 6, 7, 8, 9, 10, 11, 12, 13, 14, 0, 16, 17, 18, 19, 20, 21, 22, 23, 24, 25, 26, 27, 28, 29, 30, 31, 32, 33, 34, 35, 36, 37, 38, 39]",2256.5,"[15, 1, 2, 3, 4, 5, 6, 7, 8, 9, 10, 11, 12, 13, 14, 0, 16, 17, 18, 19, 20, 21, 22, 23, 24, 25, 26, 27, 28, 29, 30, 31, 32, 33, 34, 35, 36, 37, 38, 39]",2256.5,1.380016565322876
"[15, 1, 2, 3, 4, 5, 6, 7, 8, 9, 10, 11, 12, 13, 14, 0, 16, 17, 18, 19, 37, 21, 22, 23, 24, 25, 26, 27, 28, 29, 30, 31, 32, 33, 34, 35, 36, 20, 38, 39]",2167.5,"[15, 1, 2, 3, 4, 5, 6, 7, 8, 9, 10, 11, 12, 13, 14, 0, 16, 17, 18, 19, 37, 21, 22, 23, 24, 25, 26, 27, 28, 29, 30, 31, 32, 33, 34, 35, 36, 20, 38, 39]",2167.5,1.5800142288208008
"[15, 1, 2, 3, 4, 5, 6, 7, 8, 9, 10, 11, 12, 13, 14, 0, 16, 17, 18, 19, 37, 21, 22, 23, 24, 25, 26, 27, 28, 29, 30, 31, 32, 33, 34, 35, 36, 20, 38, 39]",2167.5,"[15, 1, 2, 3, 4, 5, 6, 7, 8, 9, 10, 11, 12, 13, 14, 0, 16, 17, 18, 19, 37, 21, 22, 23, 24, 25, 26, 27, 28, 29, 30, 31, 32, 33, 34, 35, 36, 20, 38, 39]",2167.5,1.7515640258789062
"[15, 1, 2, 3, 4, 5, 6, 7, 8, 9, 10, 11, 12, 13, 14, 0, 16, 17, 18, 19, 37, 21, 22, 23, 24, 25, 26, 27, 28, 29, 30, 31, 32, 33, 34, 35, 36, 20, 38, 39]",2167.5,"[15, 1, 2, 3, 4, 5, 6, 7, 8, 9, 10, 11, 12, 13, 14, 0, 16, 17, 18, 19, 37, 21, 22, 23, 24, 25, 26, 27, 28, 29, 30, 31, 32, 33, 34, 35, 36, 20, 38, 39]",2167.5,1.9165701866149902
"[15, 1, 2, 3, 4, 5, 6, 7, 8, 9, 10, 11, 12, 13, 14, 0, 16, 17, 18, 19, 37, 21, 22, 23, 24, 25, 26, 27, 28, 29, 30, 31, 32, 33, 34, 35, 36, 20, 38, 39]",2167.5,"[15, 1, 2, 3, 4, 5, 6, 7, 8, 9, 10, 11, 12, 13, 14, 0, 16, 17, 18, 19, 37, 21, 22, 23, 24, 25, 26, 27, 28, 29, 30, 31, 32, 33, 34, 35, 36, 20, 38, 39]",2167.5,2.0755813121795654
"[15, 1, 2, 3, 4, 5, 6, 7, 8, 9, 10, 11, 12, 13, 14, 0, 16, 17, 18, 19, 37, 21, 22, 23, 24, 25, 26, 27, 28, 29, 30, 31, 32, 33, 34, 35, 36, 20, 38, 39]",2167.5,"[15, 1, 2, 3, 4, 5, 6, 7, 8, 9, 10, 11, 12, 13, 14, 0, 16, 17, 18, 19, 37, 21, 22, 23, 24, 25, 26, 27, 28, 29, 30, 31, 32, 33, 34, 35, 36, 20, 38, 39]",2167.5,2.242565870285034
"[15, 1, 2, 3, 4, 5, 6, 7, 8, 9, 10, 11, 12, 13, 14, 0, 16, 17, 18, 19, 37, 21, 22, 23, 24, 25, 26, 27, 28, 29, 30, 31, 32, 33, 34, 35, 36, 20, 38, 39]",2167.5,"[15, 1, 2, 3, 4, 5, 6, 7, 8, 9, 10, 11, 12, 13, 14, 0, 16, 17, 18, 19, 37, 21, 22, 23, 24, 25, 26, 27, 28, 29, 30, 31, 32, 33, 34, 35, 36, 20, 38, 39]",2167.5,2.405562400817871
"[15, 1, 2, 3, 4, 5, 6, 7, 8, 9, 10, 11, 12, 13, 14, 0, 16, 17, 18, 19, 37, 21, 32, 23, 24, 25, 26, 27, 28, 29, 30, 31, 22, 33, 34, 35, 36, 20, 38, 39]",2166.0,"[15, 1, 2, 3, 4, 5, 6, 7, 8, 9, 10, 11, 12, 13, 14, 0, 16, 17, 18, 19, 37, 21, 32, 23, 24, 25, 26, 27, 28, 29, 30, 31, 22, 33, 34, 35, 36, 20, 38, 39]",2166.0,2.5695674419403076
"[15, 1, 2, 3, 4, 5, 6, 7, 8, 9, 10, 11, 12, 13, 14, 0, 16, 17, 18, 19, 37, 21, 32, 23, 24, 25, 26, 27, 28, 29, 30, 31, 22, 33, 34, 35, 36, 20, 38, 39]",2166.0,"[15, 1, 2, 3, 4, 5, 6, 7, 8, 9, 10, 11, 12, 13, 14, 0, 16, 17, 18, 19, 37, 21, 32, 23, 24, 25, 26, 27, 28, 29, 30, 31, 22, 33, 34, 35, 36, 20, 38, 39]",2166.0,2.7325689792633057
"[15, 1, 2, 3, 4, 5, 6, 7, 8, 9, 10, 11, 12, 13, 14, 0, 16, 17, 18, 19, 37, 21, 32, 23, 24, 25, 26, 27, 28, 29, 30, 31, 22, 33, 34, 35, 36, 20, 38, 39]",2166.0,"[15, 1, 2, 3, 4, 5, 6, 7, 8, 9, 10, 11, 12, 13, 14, 0, 16, 17, 18, 19, 37, 21, 32, 23, 24, 25, 26, 27, 28, 29, 30, 31, 22, 33, 34, 35, 36, 20, 38, 39]",2166.0,2.8925869464874268
"[15, 1, 2, 3, 4, 5, 6, 7, 8, 9, 10, 11, 12, 13, 14, 0, 16, 17, 18, 19, 37, 21, 32, 23, 24, 25, 26, 27, 28, 29, 30, 31, 22, 33, 34, 35, 36, 20, 38, 39]",2166.0,"[15, 1, 2, 3, 4, 5, 6, 7, 8, 9, 10, 11, 12, 13, 14, 0, 16, 17, 18, 19, 37, 21, 32, 23, 24, 25, 26, 27, 28, 29, 30, 31, 22, 33, 34, 35, 36, 20, 38, 39]",2166.0,3.059572219848633
"[15, 1, 2, 3, 4, 5, 6, 7, 8, 9, 10, 11, 12, 13, 14, 0, 16, 17, 18, 19, 37, 21, 32, 23, 24, 25, 26, 27, 28, 29, 30, 31, 22, 33, 34, 35, 36, 20, 38, 39]",2166.0,"[15, 1, 2, 3, 4, 5, 6, 7, 8, 9, 10, 11, 12, 13, 14, 0, 16, 17, 18, 19, 37, 21, 32, 23, 24, 25, 26, 27, 28, 29, 30, 31, 22, 33, 34, 35, 36, 20, 38, 39]",2166.0,3.2265729904174805
"[15, 1, 2, 3, 4, 5, 6, 7, 8, 9, 10, 11, 12, 13, 14, 0, 16, 17, 18, 19, 37, 21, 32, 23, 24, 25, 26, 27, 28, 29, 30, 31, 22, 33, 34, 35, 36, 20, 38, 39]",2166.0,"[15, 1, 2, 3, 4, 5, 6, 7, 8, 9, 10, 11, 12, 13, 14, 0, 16, 17, 18, 19, 37, 21, 32, 23, 24, 25, 26, 27, 28, 29, 30, 31, 22, 33, 34, 35, 36, 20, 38, 39]",2166.0,3.3905751705169678
"[15, 1, 2, 3, 4, 5, 6, 7, 8, 9, 10, 11, 12, 13, 14, 0, 16, 17, 18, 19, 37, 21, 32, 23, 24, 25, 26, 27, 28, 29, 30, 31, 22, 33, 34, 35, 36, 20, 38, 39]",2166.0,"[15, 1, 2, 3, 4, 5, 6, 7, 8, 9, 10, 11, 12, 13, 14, 0, 16, 17, 18, 19, 37, 21, 32, 23, 24, 25, 26, 27, 28, 29, 30, 31, 22, 33, 34, 35, 36, 20, 38, 39]",2166.0,3.5545756816864014
"[15, 1, 2, 7, 4, 5, 6, 3, 8, 9, 10, 11, 12, 13, 14, 0, 16, 17, 18, 19, 37, 21, 32, 23, 24, 25, 26, 27, 28, 29, 30, 31, 22, 33, 34, 35, 36, 20, 38, 39]",2164.5,"[15, 1, 2, 7, 4, 5, 6, 3, 8, 9, 10, 11, 12, 13, 14, 0, 16, 17, 18, 19, 37, 21, 32, 23, 24, 25, 26, 27, 28, 29, 30, 31, 22, 33, 34, 35, 36, 20, 38, 39]",2164.5,3.709585428237915
"[15, 1, 2, 7, 4, 5, 6, 3, 8, 9, 10, 11, 12, 13, 14, 0, 16, 17, 18, 19, 37, 21, 32, 23, 24, 25, 26, 27, 28, 29, 30, 31, 22, 33, 34, 35, 36, 20, 38, 39]",2164.5,"[15, 1, 2, 7, 4, 5, 6, 3, 8, 9, 10, 11, 12, 13, 14, 0, 16, 17, 18, 19, 37, 21, 32, 23, 24, 25, 26, 27, 28, 29, 30, 31, 22, 33, 34, 35, 36, 20, 38, 39]",2164.5,3.8695828914642334
"[15, 1, 2, 7, 4, 5, 6, 3, 8, 9, 10, 11, 12, 13, 14, 0, 16, 17, 18, 19, 37, 21, 32, 23, 24, 25, 26, 27, 28, 29, 30, 31, 22, 33, 34, 35, 36, 20, 38, 39]",2164.5,"[15, 1, 2, 7, 4, 5, 6, 3, 8, 9, 10, 11, 12, 13, 14, 0, 16, 17, 18, 19, 37, 21, 32, 23, 24, 25, 26, 27, 28, 29, 30, 31, 22, 33, 34, 35, 36, 20, 38, 39]",2164.5,4.031582355499268
"[15, 1, 2, 7, 4, 5, 6, 3, 8, 9, 10, 11, 12, 13, 14, 0, 16, 17, 18, 19, 37, 21, 32, 23, 24, 25, 26, 27, 28, 29, 30, 31, 22, 33, 34, 35, 36, 20, 38, 39]",2164.5,"[15, 1, 2, 7, 4, 5, 6, 3, 8, 9, 10, 11, 12, 13, 14, 0, 16, 17, 18, 19, 37, 21, 32, 23, 24, 25, 26, 27, 28, 29, 30, 31, 22, 33, 34, 35, 36, 20, 38, 39]",2164.5,4.188584327697754
"[15, 1, 2, 7, 4, 5, 6, 3, 8, 9, 10, 11, 12, 13, 14, 0, 16, 17, 18, 19, 37, 21, 32, 23, 24, 25, 26, 27, 28, 29, 30, 31, 22, 33, 34, 35, 36, 20, 38, 39]",2164.5,"[15, 1, 2, 7, 4, 5, 6, 3, 8, 9, 10, 11, 12, 13, 14, 0, 16, 17, 18, 19, 37, 21, 32, 23, 24, 25, 26, 27, 28, 29, 30, 31, 22, 33, 34, 35, 36, 20, 38, 39]",2164.5,4.349584341049194
"[15, 1, 2, 7, 4, 5, 6, 3, 8, 9, 10, 11, 12, 13, 14, 0, 16, 17, 18, 19, 37, 21, 32, 23, 24, 25, 26, 27, 28, 29, 30, 31, 22, 33, 34, 35, 36, 20, 38, 39]",2164.5,"[15, 1, 2, 7, 4, 5, 6, 3, 8, 9, 10, 11, 12, 13, 14, 0, 16, 17, 18, 19, 37, 21, 32, 23, 24, 25, 26, 27, 28, 29, 30, 31, 22, 33, 34, 35, 36, 20, 38, 39]",2164.5,4.515599250793457
"[15, 1, 2, 7, 4, 5, 6, 3, 8, 9, 10, 11, 12, 13, 14, 0, 16, 17, 18, 19, 37, 21, 32, 23, 24, 25, 26, 27, 28, 29, 30, 31, 22, 33, 34, 35, 36, 20, 38, 39]",2164.5,"[15, 1, 2, 7, 4, 5, 6, 3, 8, 9, 10, 11, 12, 13, 14, 0, 16, 17, 18, 19, 37, 21, 32, 23, 24, 25, 26, 27, 28, 29, 30, 31, 22, 33, 34, 35, 36, 20, 38, 39]",2164.5,4.679600954055786
"[15, 1, 2, 7, 4, 5, 6, 3, 8, 9, 10, 11, 12, 13, 14, 0, 16, 17, 18, 19, 37, 21, 32, 23, 24, 25, 26, 27, 28, 29, 30, 31, 22, 33, 34, 35, 36, 20, 38, 39]",2164.5,"[15, 1, 2, 7, 4, 5, 6, 3, 8, 9, 10, 11, 12, 13, 14, 0, 16, 17, 18, 19, 37, 21, 32, 23, 24, 25, 26, 27, 28, 29, 30, 31, 22, 33, 34, 35, 36, 20, 38, 39]",2164.5,4.8425891399383545
"[15, 1, 2, 7, 4, 5, 6, 3, 8, 9, 10, 11, 12, 13, 14, 0, 16, 17, 18, 19, 37, 21, 32, 23, 24, 25, 26, 27, 28, 29, 30, 31, 22, 33, 34, 35, 36, 20, 38, 39]",2164.5,"[15, 1, 2, 7, 4, 5, 6, 3, 8, 9, 10, 11, 12, 13, 14, 0, 16, 17, 18, 19, 37, 21, 32, 23, 24, 25, 26, 27, 28, 29, 30, 31, 22, 33, 34, 35, 36, 20, 38, 39]",2164.5,5.006594657897949
"[15, 1, 2, 7, 4, 5, 6, 3, 8, 9, 10, 11, 12, 13, 14, 0, 16, 17, 18, 19, 37, 21, 32, 23, 24, 25, 26, 27, 28, 29, 30, 31, 22, 33, 34, 35, 36, 20, 38, 39]",2164.5,"[15, 1, 2, 7, 4, 5, 6, 3, 8, 9, 10, 11, 12, 13, 14, 0, 16, 17, 18, 19, 37, 21, 32, 23, 24, 25, 26, 27, 28, 29, 30, 31, 22, 33, 34, 35, 36, 20, 38, 39]",2164.5,5.1662867069244385
"[15, 1, 2, 7, 4, 5, 6, 3, 8, 9, 10, 11, 12, 13, 14, 0, 16, 17, 18, 19, 37, 21, 32, 23, 24, 25, 26, 27, 28, 29, 30, 31, 22, 33, 34, 35, 36, 20, 38, 39]",2164.5,"[15, 1, 2, 7, 4, 5, 6, 3, 8, 9, 10, 11, 12, 13, 14, 0, 16, 17, 18, 19, 37, 21, 32, 23, 24, 25, 26, 27, 28, 29, 30, 31, 22, 33, 34, 35, 36, 20, 38, 39]",2164.5,5.32259464263916
"[15, 1, 2, 7, 4, 5, 6, 3, 8, 9, 10, 11, 12, 13, 14, 0, 16, 17, 18, 19, 37, 21, 32, 23, 24, 25, 26, 27, 28, 29, 30, 31, 22, 33, 34, 35, 36, 20, 38, 39]",2164.5,"[15, 1, 2, 7, 4, 5, 6, 3, 8, 9, 10, 11, 12, 13, 14, 0, 16, 17, 18, 19, 37, 21, 32, 23, 24, 25, 26, 27, 28, 29, 30, 31, 22, 33, 34, 35, 36, 20, 38, 39]",2164.5,5.488595247268677
"[15, 1, 2, 7, 4, 5, 6, 3, 8, 9, 10, 11, 12, 13, 14, 0, 16, 17, 18, 19, 37, 21, 32, 36, 24, 25, 26, 27, 28, 29, 30, 31, 22, 33, 34, 35, 23, 20, 38, 39]",2115.5,"[15, 1, 2, 7, 4, 5, 6, 3, 8, 9, 10, 11, 12, 13, 14, 0, 16, 17, 18, 19, 37, 21, 32, 36, 24, 25, 26, 27, 28, 29, 30, 31, 22, 33, 34, 35, 23, 20, 38, 39]",2115.5,5.654597759246826
"[15, 1, 2, 7, 4, 5, 6, 3, 8, 9, 10, 11, 12, 13, 14, 0, 16, 17, 18, 19, 37, 21, 32, 36, 24, 25, 26, 27, 28, 29, 30, 31, 22, 33, 34, 35, 23, 20, 38, 39]",2115.5,"[15, 1, 2, 7, 4, 5, 6, 3, 8, 9, 10, 11, 12, 13, 14, 0, 16, 17, 18, 19, 37, 21, 32, 36, 24, 25, 26, 27, 28, 29, 30, 31, 22, 33, 34, 35, 23, 20, 38, 39]",2115.5,5.821597576141357
"[15, 1, 2, 7, 4, 5, 6, 3, 8, 9, 10, 11, 12, 13, 14, 0, 16, 17, 18, 19, 37, 21, 32, 36, 24, 25, 26, 27, 28, 29, 30, 31, 22, 33, 34, 35, 23, 20, 38, 39]",2115.5,"[15, 1, 2, 7, 4, 5, 6, 3, 8, 9, 10, 11, 12, 13, 14, 0, 16, 17, 18, 19, 37, 21, 32, 36, 24, 25, 26, 27, 28, 29, 30, 31, 22, 33, 34, 35, 23, 20, 38, 39]",2115.5,5.984615802764893
"[15, 1, 2, 7, 4, 5, 6, 3, 8, 9, 10, 11, 12, 13, 14, 0, 16, 17, 18, 19, 37, 21, 32, 36, 24, 25, 26, 27, 28, 29, 30, 31, 22, 33, 34, 35, 23, 20, 38, 39]",2115.5,"[15, 1, 2, 7, 4, 5, 6, 3, 8, 9, 10, 11, 12, 13, 14, 0, 16, 17, 18, 19, 37, 21, 32, 36, 24, 25, 26, 27, 28, 29, 30, 31, 22, 33, 34, 35, 23, 20, 38, 39]",2115.5,6.148608684539795
"[15, 1, 2, 7, 4, 5, 6, 3, 8, 9, 10, 11, 12, 13, 14, 0, 16, 17, 18, 19, 37, 21, 32, 36, 24, 25, 26, 27, 28, 29, 30, 31, 22, 33, 34, 35, 23, 20, 38, 39]",2115.5,"[15, 1, 2, 7, 4, 5, 6, 3, 8, 9, 10, 11, 12, 13, 14, 0, 16, 17, 18, 19, 37, 21, 32, 36, 24, 25, 26, 27, 28, 29, 30, 31, 22, 33, 34, 35, 23, 20, 38, 39]",2115.5,6.311604022979736
"[15, 1, 2, 7, 4, 5, 6, 3, 8, 9, 10, 11, 12, 13, 14, 0, 16, 17, 18, 19, 37, 21, 32, 36, 24, 25, 26, 27, 28, 29, 30, 31, 22, 33, 34, 35, 23, 20, 38, 39]",2115.5,"[15, 1, 2, 7, 4, 5, 6, 3, 8, 9, 10, 11, 12, 13, 14, 0, 16, 17, 18, 19, 37, 21, 32, 36, 24, 25, 26, 27, 28, 29, 30, 31, 22, 33, 34, 35, 23, 20, 38, 39]",2115.5,6.479606866836548
"[15, 1, 2, 7, 4, 5, 6, 3, 8, 9, 10, 11, 12, 13, 14, 0, 16, 17, 18, 19, 37, 21, 32, 36, 24, 25, 26, 27, 28, 29, 30, 31, 22, 33, 34, 35, 23, 20, 38, 39]",2115.5,"[15, 1, 2, 7, 4, 5, 6, 3, 8, 9, 10, 11, 12, 13, 14, 0, 16, 17, 18, 19, 37, 21, 32, 36, 24, 25, 26, 27, 28, 29, 30, 31, 22, 33, 34, 35, 23, 20, 38, 39]",2115.5,6.6506078243255615
"[15, 1, 2, 7, 4, 5, 6, 3, 8, 9, 10, 11, 12, 13, 14, 0, 16, 17, 18, 19, 37, 21, 32, 36, 24, 25, 26, 27, 28, 29, 30, 31, 22, 33, 34, 35, 23, 20, 38, 39]",2115.5,"[15, 1, 2, 7, 4, 5, 6, 3, 8, 9, 10, 11, 12, 13, 14, 0, 16, 17, 18, 19, 37, 21, 32, 36, 24, 25, 26, 27, 28, 29, 30, 31, 22, 33, 34, 35, 23, 20, 38, 39]",2115.5,6.813610076904297
"[15, 1, 2, 7, 4, 5, 6, 3, 8, 9, 10, 11, 12, 13, 14, 0, 16, 17, 18, 19, 37, 21, 32, 36, 24, 25, 26, 27, 28, 29, 30, 31, 22, 33, 34, 35, 23, 20, 38, 39]",2115.5,"[15, 1, 2, 7, 4, 5, 6, 3, 8, 9, 10, 11, 12, 13, 14, 0, 16, 17, 18, 19, 37, 21, 32, 36, 24, 25, 26, 27, 28, 29, 30, 31, 22, 33, 34, 35, 23, 20, 38, 39]",2115.5,6.974611759185791
"[15, 1, 2, 7, 4, 5, 6, 3, 8, 9, 10, 11, 12, 13, 14, 0, 16, 17, 18, 19, 37, 21, 32, 36, 24, 25, 26, 27, 28, 29, 30, 31, 22, 33, 34, 35, 23, 20, 38, 39]",2115.5,"[15, 1, 2, 7, 4, 5, 6, 3, 8, 9, 10, 11, 12, 13, 14, 0, 16, 17, 18, 19, 37, 21, 32, 36, 24, 25, 26, 27, 28, 29, 30, 31, 22, 33, 34, 35, 23, 20, 38, 39]",2115.5,7.133613348007202
"[15, 1, 2, 7, 4, 5, 6, 3, 8, 9, 10, 11, 12, 13, 14, 0, 16, 17, 18, 19, 37, 21, 32, 36, 24, 25, 26, 27, 28, 29, 30, 31, 22, 33, 34, 35, 23, 20, 38, 39]",2115.5,"[15, 1, 2, 7, 4, 5, 6, 3, 8, 9, 10, 11, 12, 13, 14, 0, 16, 17, 18, 19, 37, 21, 32, 36, 24, 25, 26, 27, 28, 29, 30, 31, 22, 33, 34, 35, 23, 20, 38, 39]",2115.5,7.322622776031494
"[15, 1, 2, 7, 4, 5, 6, 3, 8, 9, 10, 11, 12, 13, 14, 0, 16, 17, 18, 19, 37, 21, 32, 36, 24, 25, 26, 27, 28, 29, 30, 31, 22, 33, 34, 35, 23, 20, 38, 39]",2115.5,"[15, 1, 2, 7, 4, 5, 6, 3, 8, 9, 10, 11, 12, 13, 14, 0, 16, 17, 18, 19, 37, 21, 32, 36, 24, 25, 26, 27, 28, 29, 30, 31, 22, 33, 34, 35, 23, 20, 38, 39]",2115.5,7.484614610671997
"[15, 1, 2, 7, 4, 5, 6, 3, 8, 9, 10, 11, 12, 13, 14, 0, 16, 17, 18, 19, 37, 21, 32, 36, 24, 25, 26, 27, 28, 29, 30, 31, 22, 33, 34, 35, 23, 20, 38, 39]",2115.5,"[15, 1, 2, 7, 4, 5, 6, 3, 8, 9, 10, 11, 12, 13, 14, 0, 16, 17, 18, 19, 37, 21, 32, 36, 24, 25, 26, 27, 28, 29, 30, 31, 22, 33, 34, 35, 23, 20, 38, 39]",2115.5,7.645617961883545
"[15, 1, 2, 7, 4, 5, 6, 3, 8, 9, 10, 11, 12, 13, 14, 0, 16, 17, 18, 19, 37, 21, 32, 36, 24, 25, 26, 27, 28, 29, 30, 31, 22, 33, 34, 35, 23, 20, 38, 39]",2115.5,"[15, 1, 2, 7, 4, 5, 6, 3, 8, 9, 10, 11, 12, 13, 14, 0, 16, 17, 18, 19, 37, 21, 32, 36, 24, 25, 26, 27, 28, 29, 30, 31, 22, 33, 34, 35, 23, 20, 38, 39]",2115.5,7.814628601074219
"[15, 1, 2, 7, 4, 5, 6, 3, 8, 9, 10, 11, 12, 13, 14, 0, 16, 17, 18, 19, 37, 21, 32, 36, 24, 25, 26, 27, 28, 29, 30, 31, 22, 33, 34, 35, 23, 20, 38, 39]",2115.5,"[15, 1, 2, 7, 4, 5, 6, 3, 8, 9, 10, 11, 12, 13, 14, 0, 16, 17, 18, 19, 37, 21, 32, 36, 24, 25, 26, 27, 28, 29, 30, 31, 22, 33, 34, 35, 23, 20, 38, 39]",2115.5,7.97962760925293
"[15, 1, 2, 7, 4, 5, 6, 3, 8, 9, 10, 11, 12, 13, 14, 0, 16, 17, 18, 19, 37, 21, 32, 36, 24, 25, 26, 27, 28, 29, 30, 31, 22, 33, 34, 35, 23, 20, 38, 39]",2115.5,"[15, 1, 2, 7, 4, 5, 6, 3, 8, 9, 10, 11, 12, 13, 14, 0, 16, 17, 18, 19, 37, 21, 32, 36, 24, 25, 26, 27, 28, 29, 30, 31, 22, 33, 34, 35, 23, 20, 38, 39]",2115.5,8.142621040344238
"[15, 1, 2, 7, 4, 5, 6, 3, 8, 9, 10, 11, 12, 13, 14, 0, 16, 17, 18, 19, 37, 21, 32, 36, 24, 25, 26, 27, 28, 29, 30, 31, 22, 33, 34, 35, 23, 20, 38, 39]",2115.5,"[15, 1, 2, 7, 4, 5, 6, 3, 8, 9, 10, 11, 12, 13, 14, 0, 16, 17, 18, 19, 37, 21, 32, 36, 24, 25, 26, 27, 28, 29, 30, 31, 22, 33, 34, 35, 23, 20, 38, 39]",2115.5,8.305628061294556
"[15, 1, 2, 7, 4, 5, 6, 3, 8, 9, 10, 11, 12, 13, 14, 0, 16, 17, 18, 19, 37, 21, 32, 36, 24, 25, 26, 27, 28, 29, 30, 31, 22, 33, 34, 35, 23, 20, 38, 39]",2115.5,"[15, 1, 2, 7, 4, 5, 6, 3, 8, 9, 10, 11, 12, 13, 14, 0, 16, 17, 18, 19, 37, 21, 32, 36, 24, 25, 26, 27, 28, 29, 30, 31, 22, 33, 34, 35, 23, 20, 38, 39]",2115.5,8.466627836227417
"[15, 1, 2, 7, 4, 5, 6, 3, 8, 9, 10, 11, 12, 13, 14, 0, 16, 17, 18, 19, 37, 21, 32, 36, 24, 25, 26, 27, 28, 29, 30, 31, 22, 33, 34, 35, 23, 20, 38, 39]",2115.5,"[15, 1, 2, 7, 4, 5, 6, 3, 8, 9, 10, 11, 12, 13, 14, 0, 16, 17, 18, 19, 37, 21, 32, 36, 24, 25, 26, 27, 28, 29, 30, 31, 22, 33, 34, 35, 23, 20, 38, 39]",2115.5,8.627633810043335
"[15, 1, 2, 7, 4, 5, 6, 3, 8, 9, 10, 11, 12, 13, 14, 0, 16, 17, 18, 19, 37, 21, 32, 36, 24, 25, 26, 27, 28, 29, 30, 31, 22, 33, 34, 35, 23, 20, 38, 39]",2115.5,"[15, 1, 2, 7, 4, 5, 6, 3, 8, 9, 10, 11, 12, 13, 14, 0, 16, 17, 18, 19, 37, 21, 32, 36, 24, 25, 26, 27, 28, 29, 30, 31, 22, 33, 34, 35, 23, 20, 38, 39]",2115.5,8.792633295059204
"[15, 1, 2, 7, 4, 5, 6, 3, 8, 9, 10, 11, 12, 13, 14, 0, 16, 17, 18, 19, 37, 21, 32, 36, 24, 25, 26, 27, 28, 29, 30, 31, 22, 33, 34, 35, 23, 20, 38, 39]",2115.5,"[15, 1, 2, 7, 4, 5, 6, 3, 8, 9, 10, 11, 12, 13, 14, 0, 16, 17, 18, 19, 37, 21, 32, 36, 24, 25, 26, 27, 28, 29, 30, 31, 22, 33, 34, 35, 23, 20, 38, 39]",2115.5,8.952632665634155
"[15, 1, 2, 7, 4, 5, 6, 3, 8, 9, 10, 11, 12, 13, 14, 0, 16, 17, 18, 19, 37, 21, 32, 36, 24, 25, 26, 27, 28, 29, 30, 31, 22, 33, 34, 35, 23, 20, 38, 39]",2115.5,"[15, 1, 2, 7, 4, 5, 6, 3, 8, 9, 10, 11, 12, 13, 14, 0, 16, 17, 18, 19, 37, 21, 32, 36, 24, 25, 26, 27, 28, 29, 30, 31, 22, 33, 34, 35, 23, 20, 38, 39]",2115.5,9.114660024642944
"[15, 1, 2, 7, 4, 5, 6, 3, 8, 9, 10, 11, 12, 13, 14, 0, 16, 17, 18, 19, 37, 21, 32, 36, 24, 25, 26, 27, 28, 29, 30, 31, 22, 33, 34, 35, 23, 20, 38, 39]",2115.5,"[15, 1, 2, 7, 4, 5, 6, 3, 8, 9, 10, 11, 12, 13, 14, 0, 16, 17, 18, 19, 37, 21, 32, 36, 24, 25, 26, 27, 28, 29, 30, 31, 22, 33, 34, 35, 23, 20, 38, 39]",2115.5,9.278640031814575
"[15, 1, 2, 7, 4, 5, 6, 3, 8, 9, 10, 11, 12, 13, 14, 0, 16, 17, 18, 19, 37, 21, 32, 36, 24, 25, 26, 27, 28, 29, 30, 31, 22, 33, 34, 35, 23, 20, 38, 39]",2115.5,"[15, 1, 2, 7, 4, 5, 6, 3, 8, 9, 10, 11, 12, 13, 14, 0, 16, 17, 18, 19, 37, 21, 32, 36, 24, 25, 26, 27, 28, 29, 30, 31, 22, 33, 34, 35, 23, 20, 38, 39]",2115.5,9.442636966705322
"[15, 1, 2, 7, 4, 5, 6, 3, 8, 9, 10, 11, 12, 13, 14, 0, 16, 17, 18, 19, 37, 21, 32, 36, 24, 25, 26, 27, 28, 29, 30, 31, 22, 33, 34, 35, 23, 20, 38, 39]",2115.5,"[15, 1, 2, 7, 4, 5, 6, 3, 8, 9, 10, 11, 12, 13, 14, 0, 16, 17, 18, 19, 37, 21, 32, 36, 24, 25, 26, 27, 28, 29, 30, 31, 22, 33, 34, 35, 23, 20, 38, 39]",2115.5,9.616644620895386
"[15, 1, 2, 7, 4, 5, 6, 3, 8, 9, 10, 11, 12, 13, 14, 0, 16, 17, 18, 19, 37, 21, 32, 36, 24, 25, 26, 27, 28, 29, 30, 31, 22, 33, 34, 35, 23, 20, 38, 39]",2115.5,"[15, 1, 2, 7, 4, 5, 6, 3, 8, 9, 10, 11, 12, 13, 14, 0, 16, 17, 18, 19, 37, 21, 32, 36, 24, 25, 26, 27, 28, 29, 30, 31, 22, 33, 34, 35, 23, 20, 38, 39]",2115.5,9.776641845703125
"[15, 1, 2, 7, 4, 5, 6, 3, 8, 9, 10, 11, 12, 13, 14, 0, 16, 17, 18, 19, 37, 21, 32, 36, 24, 25, 26, 27, 28, 29, 30, 31, 22, 33, 34, 35, 23, 20, 38, 39]",2115.5,"[15, 1, 2, 7, 4, 5, 6, 3, 8, 9, 10, 11, 12, 13, 14, 0, 16, 17, 18, 19, 37, 21, 32, 36, 24, 25, 26, 27, 28, 29, 30, 31, 22, 33, 34, 35, 23, 20, 38, 39]",2115.5,9.937651872634888
"[15, 1, 2, 7, 4, 5, 6, 3, 8, 9, 10, 11, 12, 13, 14, 0, 16, 17, 18, 19, 37, 21, 32, 36, 24, 25, 26, 27, 28, 29, 30, 31, 22, 33, 34, 35, 23, 20, 38, 39]",2115.5,"[15, 1, 2, 7, 4, 5, 6, 3, 8, 9, 10, 11, 12, 13, 14, 0, 16, 17, 18, 19, 37, 21, 32, 36, 24, 25, 26, 27, 28, 29, 30, 31, 22, 33, 34, 35, 23, 20, 38, 39]",2115.5,10.096642255783081
"[15, 1, 2, 7, 4, 5, 6, 3, 8, 9, 10, 11, 12, 13, 14, 0, 16, 17, 18, 19, 37, 21, 32, 36, 24, 25, 26, 27, 28, 29, 30, 31, 22, 33, 34, 35, 23, 20, 38, 39]",2115.5,"[15, 1, 2, 7, 4, 5, 6, 3, 8, 9, 10, 11, 12, 13, 14, 0, 16, 17, 18, 19, 37, 21, 32, 36, 24, 25, 26, 27, 28, 29, 30, 31, 22, 33, 34, 35, 23, 20, 38, 39]",2115.5,10.257648944854736
"[15, 1, 2, 7, 4, 5, 6, 3, 8, 9, 10, 11, 12, 13, 14, 0, 16, 17, 18, 19, 37, 21, 32, 36, 24, 25, 26, 27, 28, 29, 30, 31, 22, 33, 34, 35, 23, 20, 38, 39]",2115.5,"[15, 1, 2, 7, 4, 5, 6, 3, 8, 9, 10, 11, 12, 13, 14, 0, 16, 17, 18, 19, 37, 21, 32, 36, 24, 25, 26, 27, 28, 29, 30, 31, 22, 33, 34, 35, 23, 20, 38, 39]",2115.5,10.42265248298645
"[15, 1, 2, 7, 4, 5, 6, 3, 8, 9, 10, 11, 12, 13, 14, 0, 16, 17, 18, 19, 37, 21, 32, 36, 24, 25, 26, 27, 28, 29, 30, 31, 22, 33, 34, 35, 23, 20, 38, 39]",2115.5,"[15, 1, 2, 7, 4, 5, 6, 3, 8, 9, 10, 11, 12, 13, 14, 0, 16, 17, 18, 19, 37, 21, 32, 36, 24, 25, 26, 27, 28, 29, 30, 31, 22, 33, 34, 35, 23, 20, 38, 39]",2115.5,10.58464789390564
"[15, 1, 2, 7, 4, 5, 6, 3, 8, 9, 10, 11, 12, 13, 14, 0, 16, 17, 18, 19, 37, 21, 32, 36, 24, 25, 26, 27, 28, 29, 30, 31, 22, 33, 34, 35, 23, 20, 38, 39]",2115.5,"[15, 1, 2, 7, 4, 5, 6, 3, 8, 9, 10, 11, 12, 13, 14, 0, 16, 17, 18, 19, 37, 21, 32, 36, 24, 25, 26, 27, 28, 29, 30, 31, 22, 33, 34, 35, 23, 20, 38, 39]",2115.5,10.748652458190918
"[15, 1, 2, 7, 4, 5, 6, 3, 8, 9, 10, 11, 12, 13, 14, 0, 16, 17, 18, 19, 37, 21, 32, 36, 24, 25, 26, 27, 28, 29, 30, 31, 22, 33, 39, 35, 23, 20, 38, 34]",2115.0,"[15, 1, 2, 7, 4, 5, 6, 3, 8, 9, 10, 11, 12, 13, 14, 0, 16, 17, 18, 19, 37, 21, 32, 36, 24, 25, 26, 27, 28, 29, 30, 31, 22, 33, 39, 35, 23, 20, 38, 34]",2115.0,10.912668228149414
"[15, 1, 2, 7, 4, 5, 6, 3, 8, 9, 10, 11, 12, 13, 14, 0, 16, 17, 18, 19, 37, 21, 32, 36, 24, 25, 26, 27, 28, 29, 30, 31, 22, 33, 39, 35, 23, 20, 38, 34]",2115.0,"[15, 1, 2, 7, 4, 5, 6, 3, 8, 9, 10, 11, 12, 13, 14, 0, 16, 17, 18, 19, 37, 21, 32, 36, 24, 25, 26, 27, 28, 29, 30, 31, 22, 33, 39, 35, 23, 20, 38, 34]",2115.0,11.072670221328735
"[15, 1, 2, 7, 4, 5, 6, 3, 8, 9, 10, 11, 12, 13, 14, 0, 16, 17, 18, 19, 37, 21, 32, 36, 24, 25, 26, 27, 28, 29, 30, 31, 22, 33, 39, 35, 23, 20, 38, 34]",2115.0,"[15, 1, 2, 7, 4, 5, 6, 3, 8, 9, 10, 11, 12, 13, 14, 0, 16, 17, 18, 19, 37, 21, 32, 36, 24, 25, 26, 27, 28, 29, 30, 31, 22, 33, 39, 35, 23, 20, 38, 34]",2115.0,11.234657287597656
"[15, 1, 2, 7, 4, 5, 6, 3, 8, 9, 10, 11, 12, 13, 14, 0, 16, 17, 18, 19, 37, 21, 32, 36, 24, 25, 26, 27, 28, 29, 30, 31, 22, 33, 39, 35, 23, 20, 38, 34]",2115.0,"[15, 1, 2, 7, 4, 5, 6, 3, 8, 9, 10, 11, 12, 13, 14, 0, 16, 17, 18, 19, 37, 21, 32, 36, 24, 25, 26, 27, 28, 29, 30, 31, 22, 33, 39, 35, 23, 20, 38, 34]",2115.0,11.393654346466064
"[15, 1, 2, 7, 4, 5, 6, 3, 8, 9, 10, 11, 12, 13, 14, 0, 16, 17, 18, 19, 37, 21, 32, 36, 24, 25, 26, 27, 28, 29, 30, 31, 22, 33, 39, 35, 23, 20, 38, 34]",2115.0,"[15, 1, 2, 7, 4, 5, 6, 3, 8, 9, 10, 11, 12, 13, 14, 0, 16, 17, 18, 19, 37, 21, 32, 36, 24, 25, 26, 27, 28, 29, 30, 31, 22, 33, 39, 35, 23, 20, 38, 34]",2115.0,11.553656101226807
"[15, 1, 2, 7, 4, 0, 6, 3, 8, 9, 10, 11, 12, 13, 14, 5, 16, 17, 18, 19, 37, 21, 32, 36, 24, 25, 26, 27, 28, 29, 30, 31, 22, 33, 39, 35, 23, 20, 38, 34]",2085.0,"[15, 1, 2, 7, 4, 0, 6, 3, 8, 9, 10, 11, 12, 13, 14, 5, 16, 17, 18, 19, 37, 21, 32, 36, 24, 25, 26, 27, 28, 29, 30, 31, 22, 33, 39, 35, 23, 20, 38, 34]",2085.0,11.715657234191895
"[15, 1, 2, 7, 4, 0, 6, 3, 8, 9, 10, 11, 12, 13, 14, 5, 16, 17, 18, 19, 37, 21, 32, 36, 24, 25, 26, 27, 28, 29, 30, 31, 22, 33, 39, 35, 23, 20, 38, 34]",2085.0,"[15, 1, 2, 7, 4, 0, 6, 3, 8, 9, 10, 11, 12, 13, 14, 5, 16, 17, 18, 19, 37, 21, 32, 36, 24, 25, 26, 27, 28, 29, 30, 31, 22, 33, 39, 35, 23, 20, 38, 34]",2085.0,11.878660917282104
"[15, 1, 2, 7, 4, 0, 6, 3, 8, 9, 10, 11, 12, 13, 14, 5, 16, 17, 18, 19, 37, 21, 32, 36, 24, 25, 26, 27, 28, 29, 30, 31, 22, 33, 39, 35, 23, 20, 38, 34]",2085.0,"[15, 1, 2, 7, 4, 0, 6, 3, 8, 9, 10, 11, 12, 13, 14, 5, 16, 17, 18, 19, 37, 21, 32, 36, 24, 25, 26, 27, 28, 29, 30, 31, 22, 33, 39, 35, 23, 20, 38, 34]",2085.0,12.042674541473389
"[15, 1, 2, 7, 4, 0, 6, 3, 8, 9, 10, 11, 12, 13, 14, 5, 16, 17, 18, 19, 37, 21, 32, 36, 24, 25, 26, 27, 28, 29, 30, 31, 22, 33, 39, 35, 23, 20, 38, 34]",2085.0,"[15, 1, 2, 7, 4, 0, 6, 3, 8, 9, 10, 11, 12, 13, 14, 5, 16, 17, 18, 19, 37, 21, 32, 36, 24, 25, 26, 27, 28, 29, 30, 31, 22, 33, 39, 35, 23, 20, 38, 34]",2085.0,12.205674648284912
"[15, 1, 2, 7, 4, 0, 6, 3, 8, 9, 10, 11, 12, 13, 14, 5, 16, 17, 18, 19, 37, 21, 32, 36, 24, 25, 26, 27, 28, 29, 30, 31, 22, 33, 39, 35, 23, 20, 38, 34]",2085.0,"[15, 1, 2, 7, 4, 0, 6, 3, 8, 9, 10, 11, 12, 13, 14, 5, 16, 17, 18, 19, 37, 21, 32, 36, 24, 25, 26, 27, 28, 29, 30, 31, 22, 33, 39, 35, 23, 20, 38, 34]",2085.0,12.37067174911499
"[15, 1, 2, 7, 4, 0, 6, 3, 8, 9, 10, 11, 12, 13, 14, 5, 16, 17, 18, 19, 37, 21, 32, 36, 24, 25, 26, 27, 28, 29, 30, 31, 22, 33, 39, 35, 23, 20, 38, 34]",2085.0,"[15, 1, 2, 7, 4, 0, 6, 3, 8, 9, 10, 11, 12, 13, 14, 5, 16, 17, 18, 19, 37, 21, 32, 36, 24, 25, 26, 27, 28, 29, 30, 31, 22, 33, 39, 35, 23, 20, 38, 34]",2085.0,12.536670923233032
"[15, 1, 2, 7, 4, 0, 6, 3, 8, 9, 10, 11, 12, 13, 14, 5, 16, 17, 18, 19, 37, 21, 32, 36, 24, 25, 26, 27, 28, 29, 30, 31, 22, 33, 39, 35, 23, 20, 38, 34]",2085.0,"[15, 1, 2, 7, 4, 0, 6, 3, 8, 9, 10, 11, 12, 13, 14, 5, 16, 17, 18, 19, 37, 21, 32, 36, 24, 25, 26, 27, 28, 29, 30, 31, 22, 33, 39, 35, 23, 20, 38, 34]",2085.0,12.69767141342163
"[15, 1, 2, 7, 4, 0, 6, 3, 8, 9, 10, 11, 12, 13, 14, 5, 16, 17, 18, 19, 37, 21, 32, 36, 24, 25, 26, 27, 28, 29, 30, 31, 22, 33, 39, 35, 23, 20, 38, 34]",2085.0,"[15, 1, 2, 7, 4, 0, 6, 3, 8, 9, 10, 11, 12, 13, 14, 5, 16, 17, 18, 19, 37, 21, 32, 36, 24, 25, 26, 27, 28, 29, 30, 31, 22, 33, 39, 35, 23, 20, 38, 34]",2085.0,12.860695123672485
"[15, 1, 2, 7, 4, 0, 6, 3, 8, 9, 10, 11, 12, 13, 14, 5, 16, 17, 18, 19, 37, 21, 32, 36, 24, 25, 26, 27, 28, 29, 30, 31, 22, 33, 39, 35, 23, 20, 38, 34]",2085.0,"[15, 1, 2, 7, 4, 0, 6, 3, 8, 9, 10, 11, 12, 13, 14, 5, 16, 17, 18, 19, 37, 21, 32, 36, 24, 25, 26, 27, 28, 29, 30, 31, 22, 33, 39, 35, 23, 20, 38, 34]",2085.0,13.017672777175903
"[15, 1, 2, 7, 4, 0, 6, 3, 8, 9, 10, 11, 12, 13, 14, 5, 16, 17, 18, 19, 37, 21, 32, 36, 24, 25, 26, 27, 28, 29, 30, 31, 22, 33, 39, 35, 23, 20, 38, 34]",2085.0,"[15, 1, 2, 7, 4, 0, 6, 3, 8, 9, 10, 11, 12, 13, 14, 5, 16, 17, 18, 19, 37, 21, 32, 36, 24, 25, 26, 27, 28, 29, 30, 31, 22, 33, 39, 35, 23, 20, 38, 34]",2085.0,13.181674480438232
"[15, 1, 2, 7, 4, 0, 6, 3, 8, 9, 10, 11, 12, 13, 14, 5, 16, 17, 18, 19, 37, 21, 32, 36, 24, 25, 26, 27, 28, 29, 30, 31, 22, 33, 39, 35, 23, 20, 38, 34]",2085.0,"[15, 1, 2, 7, 4, 0, 6, 3, 8, 9, 10, 11, 12, 13, 14, 5, 16, 17, 18, 19, 37, 21, 32, 36, 24, 25, 26, 27, 28, 29, 30, 31, 22, 33, 39, 35, 23, 20, 38, 34]",2085.0,13.34267783164978
"[15, 1, 2, 7, 4, 0, 6, 3, 8, 9, 10, 11, 12, 13, 14, 5, 16, 17, 18, 19, 37, 21, 32, 36, 24, 25, 26, 27, 28, 29, 30, 31, 22, 33, 39, 35, 23, 20, 38, 34]",2085.0,"[15, 1, 2, 7, 4, 0, 6, 3, 8, 9, 10, 11, 12, 13, 14, 5, 16, 17, 18, 19, 37, 21, 32, 36, 24, 25, 26, 27, 28, 29, 30, 31, 22, 33, 39, 35, 23, 20, 38, 34]",2085.0,13.506683349609375
"[15, 1, 2, 7, 4, 0, 6, 3, 8, 9, 10, 11, 12, 13, 14, 5, 16, 17, 18, 19, 37, 21, 32, 36, 24, 25, 26, 27, 28, 29, 30, 31, 22, 33, 39, 35, 23, 20, 38, 34]",2085.0,"[15, 1, 2, 7, 4, 0, 6, 3, 8, 9, 10, 11, 12, 13, 14, 5, 16, 17, 18, 19, 37, 21, 32, 36, 24, 25, 26, 27, 28, 29, 30, 31, 22, 33, 39, 35, 23, 20, 38, 34]",2085.0,13.669682502746582
"[15, 1, 2, 7, 4, 0, 6, 3, 8, 9, 10, 11, 12, 13, 14, 5, 16, 17, 18, 19, 37, 21, 32, 36, 24, 25, 26, 27, 28, 29, 30, 31, 22, 33, 39, 35, 23, 20, 38, 34]",2085.0,"[15, 1, 2, 7, 4, 0, 6, 3, 8, 9, 10, 11, 12, 13, 14, 5, 16, 17, 18, 19, 37, 21, 32, 36, 24, 25, 26, 27, 28, 29, 30, 31, 22, 33, 39, 35, 23, 20, 38, 34]",2085.0,13.833693265914917
"[15, 1, 2, 7, 4, 0, 6, 3, 8, 9, 10, 11, 12, 13, 14, 5, 16, 17, 18, 19, 37, 21, 32, 36, 24, 25, 26, 27, 28, 29, 30, 31, 22, 33, 39, 35, 23, 20, 38, 34]",2085.0,"[15, 1, 2, 7, 4, 0, 6, 3, 8, 9, 10, 11, 12, 13, 14, 5, 16, 17, 18, 19, 37, 21, 32, 36, 24, 25, 26, 27, 28, 29, 30, 31, 22, 33, 39, 35, 23, 20, 38, 34]",2085.0,13.994689464569092
"[15, 1, 2, 7, 4, 0, 6, 3, 8, 9, 10, 11, 12, 13, 14, 5, 16, 17, 18, 19, 37, 21, 32, 36, 24, 25, 26, 27, 28, 29, 30, 31, 22, 33, 39, 35, 23, 20, 38, 34]",2085.0,"[15, 1, 2, 7, 4, 0, 6, 3, 8, 9, 10, 11, 12, 13, 14, 5, 16, 17, 18, 19, 37, 21, 32, 36, 24, 25, 26, 27, 28, 29, 30, 31, 22, 33, 39, 35, 23, 20, 38, 34]",2085.0,14.153687715530396
"[15, 1, 2, 7, 4, 0, 6, 3, 8, 9, 10, 11, 12, 13, 14, 5, 16, 17, 18, 19, 37, 21, 32, 36, 24, 25, 26, 27, 28, 29, 30, 31, 22, 33, 39, 35, 23, 20, 38, 34]",2085.0,"[15, 1, 2, 7, 4, 0, 6, 3, 8, 9, 10, 11, 12, 13, 14, 5, 16, 17, 18, 19, 37, 21, 32, 36, 24, 25, 26, 27, 28, 29, 30, 31, 22, 33, 39, 35, 23, 20, 38, 34]",2085.0,14.313687562942505
"[15, 1, 2, 7, 4, 0, 6, 3, 8, 9, 10, 11, 12, 13, 14, 5, 16, 17, 18, 19, 37, 21, 32, 36, 24, 25, 26, 27, 28, 29, 30, 31, 22, 33, 39, 35, 23, 20, 38, 34]",2085.0,"[15, 1, 2, 7, 4, 0, 6, 3, 8, 9, 10, 11, 12, 13, 14, 5, 16, 17, 18, 19, 37, 21, 32, 36, 24, 25, 26, 27, 28, 29, 30, 31, 22, 33, 39, 35, 23, 20, 38, 34]",2085.0,14.474689483642578
"[15, 1, 2, 7, 4, 0, 6, 3, 8, 9, 10, 11, 12, 13, 14, 5, 16, 17, 18, 19, 37, 21, 32, 36, 24, 25, 26, 27, 28, 29, 30, 31, 22, 33, 39, 35, 23, 20, 38, 34]",2085.0,"[15, 1, 2, 7, 4, 0, 6, 3, 8, 9, 10, 11, 12, 13, 14, 5, 16, 17, 18, 19, 37, 21, 32, 36, 24, 25, 26, 27, 28, 29, 30, 31, 22, 33, 39, 35, 23, 20, 38, 34]",2085.0,14.654691219329834
"[15, 1, 2, 7, 4, 0, 6, 3, 8, 9, 10, 11, 12, 13, 14, 5, 16, 17, 18, 19, 37, 21, 32, 36, 24, 25, 26, 27, 28, 29, 30, 31, 22, 33, 39, 35, 23, 20, 38, 34]",2085.0,"[15, 1, 2, 7, 4, 0, 6, 3, 8, 9, 10, 11, 12, 13, 14, 5, 16, 17, 18, 19, 37, 21, 32, 36, 24, 25, 26, 27, 28, 29, 30, 31, 22, 33, 39, 35, 23, 20, 38, 34]",2085.0,14.820398092269897
"[15, 1, 2, 7, 4, 0, 6, 3, 8, 9, 10, 11, 12, 13, 14, 5, 16, 17, 18, 19, 37, 21, 32, 36, 24, 25, 26, 27, 28, 29, 30, 31, 22, 33, 39, 35, 23, 20, 38, 34]",2085.0,"[15, 1, 2, 7, 4, 0, 6, 3, 8, 9, 10, 11, 12, 13, 14, 5, 16, 17, 18, 19, 37, 21, 32, 36, 24, 25, 26, 27, 28, 29, 30, 31, 22, 33, 39, 35, 23, 20, 38, 34]",2085.0,14.987713098526001
"[15, 1, 2, 7, 4, 0, 6, 3, 8, 9, 10, 11, 12, 13, 14, 5, 16, 17, 18, 19, 37, 21, 32, 36, 24, 25, 26, 27, 28, 29, 30, 31, 22, 33, 39, 35, 23, 20, 38, 34]",2085.0,"[15, 1, 2, 7, 4, 0, 6, 3, 8, 9, 10, 11, 12, 13, 14, 5, 16, 17, 18, 19, 37, 21, 32, 36, 24, 25, 26, 27, 28, 29, 30, 31, 22, 33, 39, 35, 23, 20, 38, 34]",2085.0,15.150694131851196
"[15, 1, 2, 7, 4, 0, 6, 3, 8, 9, 10, 11, 12, 13, 14, 5, 16, 17, 18, 19, 37, 21, 32, 36, 24, 25, 26, 27, 28, 29, 30, 31, 22, 33, 39, 35, 23, 20, 38, 34]",2085.0,"[15, 1, 2, 7, 4, 0, 6, 3, 8, 9, 10, 11, 12, 13, 14, 5, 16, 17, 18, 19, 37, 21, 32, 36, 24, 25, 26, 27, 28, 29, 30, 31, 22, 33, 39, 35, 23, 20, 38, 34]",2085.0,15.319697856903076
"[15, 1, 2, 7, 4, 0, 6, 3, 8, 9, 10, 11, 12, 13, 14, 5, 16, 17, 18, 19, 37, 21, 32, 36, 24, 25, 26, 27, 28, 29, 30, 31, 22, 33, 39, 35, 23, 20, 38, 34]",2085.0,"[15, 1, 2, 7, 4, 0, 6, 3, 8, 9, 10, 11, 12, 13, 14, 5, 16, 17, 18, 19, 37, 21, 32, 36, 24, 25, 26, 27, 28, 29, 30, 31, 22, 33, 39, 35, 23, 20, 38, 34]",2085.0,15.483699321746826
"[15, 1, 2, 7, 4, 0, 6, 3, 8, 9, 10, 11, 12, 13, 14, 5, 16, 17, 18, 19, 37, 21, 32, 36, 24, 25, 26, 27, 28, 29, 30, 31, 22, 33, 39, 35, 23, 20, 38, 34]",2085.0,"[15, 1, 2, 7, 4, 0, 6, 3, 8, 9, 10, 11, 12, 13, 14, 5, 16, 17, 18, 19, 37, 21, 32, 36, 24, 25, 26, 27, 28, 29, 30, 31, 22, 33, 39, 35, 23, 20, 38, 34]",2085.0,15.64670443534851
"[15, 1, 2, 7, 4, 0, 6, 3, 8, 9, 10, 11, 12, 13, 14, 5, 16, 17, 18, 19, 37, 21, 32, 36, 24, 25, 26, 27, 28, 29, 30, 31, 22, 33, 39, 35, 23, 20, 38, 34]",2085.0,"[15, 1, 2, 7, 4, 0, 6, 3, 8, 9, 10, 11, 12, 13, 14, 5, 16, 17, 18, 19, 37, 21, 32, 36, 24, 25, 26, 27, 28, 29, 30, 31, 22, 33, 39, 35, 23, 20, 38, 34]",2085.0,15.803701877593994
"[15, 1, 2, 7, 4, 0, 6, 3, 8, 9, 10, 11, 12, 13, 14, 5, 16, 17, 18, 19, 37, 21, 32, 36, 24, 25, 26, 27, 28, 29, 30, 31, 22, 33, 39, 35, 23, 20, 38, 34]",2085.0,"[15, 1, 2, 7, 4, 0, 6, 3, 8, 9, 10, 11, 12, 13, 14, 5, 16, 17, 18, 19, 37, 21, 32, 36, 24, 25, 26, 27, 28, 29, 30, 31, 22, 33, 39, 35, 23, 20, 38, 34]",2085.0,15.965702295303345
"[15, 1, 2, 7, 4, 0, 6, 3, 8, 9, 10, 11, 12, 13, 14, 5, 16, 17, 18, 19, 37, 21, 32, 36, 24, 25, 26, 27, 28, 29, 30, 31, 22, 33, 39, 35, 23, 20, 38, 34]",2085.0,"[15, 1, 2, 7, 4, 0, 6, 3, 8, 9, 10, 11, 12, 13, 14, 5, 16, 17, 18, 19, 37, 21, 32, 36, 24, 25, 26, 27, 28, 29, 30, 31, 22, 33, 39, 35, 23, 20, 38, 34]",2085.0,16.125725746154785
"[15, 1, 2, 7, 4, 0, 6, 3, 8, 9, 10, 11, 12, 13, 14, 5, 16, 17, 18, 19, 37, 21, 32, 36, 24, 25, 26, 27, 28, 29, 30, 31, 22, 33, 39, 35, 23, 20, 38, 34]",2085.0,"[15, 1, 2, 7, 4, 0, 6, 3, 8, 9, 10, 11, 12, 13, 14, 5, 16, 17, 18, 19, 37, 21, 32, 36, 24, 25, 26, 27, 28, 29, 30, 31, 22, 33, 39, 35, 23, 20, 38, 34]",2085.0,16.283708810806274
"[15, 1, 2, 7, 4, 0, 6, 3, 8, 9, 10, 11, 12, 13, 14, 5, 16, 17, 18, 19, 37, 21, 32, 36, 24, 25, 26, 27, 28, 29, 30, 31, 22, 33, 39, 35, 23, 20, 38, 34]",2085.0,"[15, 1, 2, 7, 4, 0, 6, 3, 8, 9, 10, 11, 12, 13, 14, 5, 16, 17, 18, 19, 37, 21, 32, 36, 24, 25, 26, 27, 28, 29, 30, 31, 22, 33, 39, 35, 23, 20, 38, 34]",2085.0,16.444710969924927
