Sequence,Fitness,Best_sequence,Best_fitness,Time
"[3, 16, 6, 10, 2, 14, 4, 17, 7, 1, 13, 0, 19, 18, 9, 15, 8, 12, 11, 5]",1259.5,"[3, 16, 6, 10, 2, 14, 4, 17, 7, 1, 13, 0, 19, 18, 9, 15, 8, 12, 11, 5]",1259.5,0.0
"[3, 16, 6, 10, 2, 14, 4, 17, 7, 1, 13, 0, 19, 18, 9, 15, 8, 12, 11, 5]",1259.5,"[3, 16, 6, 10, 2, 14, 4, 17, 7, 1, 13, 0, 19, 18, 9, 15, 8, 12, 11, 5]",1259.5,0.0800013542175293
"[3, 16, 6, 10, 2, 14, 4, 17, 7, 1, 13, 0, 19, 18, 9, 15, 8, 12, 11, 5]",1259.5,"[3, 16, 6, 10, 2, 14, 4, 17, 7, 1, 13, 0, 19, 18, 9, 15, 8, 12, 11, 5]",1259.5,0.15800261497497559
"[3, 16, 6, 10, 2, 14, 4, 17, 7, 1, 13, 0, 19, 18, 9, 15, 8, 12, 11, 5]",1259.5,"[3, 16, 6, 10, 2, 14, 4, 17, 7, 1, 13, 0, 19, 18, 9, 15, 8, 12, 11, 5]",1259.5,0.23902273178100586
"[3, 16, 6, 10, 11, 14, 4, 17, 7, 1, 13, 0, 19, 18, 9, 15, 8, 12, 2, 5]",1257.0,"[3, 16, 6, 10, 11, 14, 4, 17, 7, 1, 13, 0, 19, 18, 9, 15, 8, 12, 2, 5]",1257.0,0.3240058422088623
"[3, 16, 6, 10, 11, 14, 4, 17, 7, 1, 13, 0, 19, 18, 9, 15, 8, 12, 2, 5]",1257.0,"[3, 16, 6, 10, 11, 14, 4, 17, 7, 1, 13, 0, 19, 18, 9, 15, 8, 12, 2, 5]",1257.0,0.39758777618408203
"[18, 16, 6, 10, 11, 14, 4, 17, 7, 1, 13, 0, 19, 3, 9, 15, 8, 12, 2, 5]",1252.5,"[18, 16, 6, 10, 11, 14, 4, 17, 7, 1, 13, 0, 19, 3, 9, 15, 8, 12, 2, 5]",1252.5,0.4715862274169922
"[18, 16, 6, 10, 11, 14, 4, 17, 7, 1, 13, 0, 19, 3, 9, 15, 8, 12, 2, 5]",1252.5,"[18, 16, 6, 10, 11, 14, 4, 17, 7, 1, 13, 0, 19, 3, 9, 15, 8, 12, 2, 5]",1252.5,0.5455877780914307
"[18, 17, 6, 10, 11, 14, 4, 16, 7, 1, 13, 0, 19, 3, 9, 15, 8, 12, 2, 5]",1230.0,"[18, 17, 6, 10, 11, 14, 4, 16, 7, 1, 13, 0, 19, 3, 9, 15, 8, 12, 2, 5]",1230.0,0.6225881576538086
"[18, 17, 6, 10, 11, 14, 4, 16, 7, 1, 13, 0, 19, 3, 9, 15, 8, 12, 2, 5]",1230.0,"[18, 17, 6, 10, 11, 14, 4, 16, 7, 1, 13, 0, 19, 3, 9, 15, 8, 12, 2, 5]",1230.0,0.6965889930725098
"[18, 17, 6, 10, 11, 14, 4, 16, 7, 1, 13, 0, 19, 3, 9, 15, 8, 12, 2, 5]",1230.0,"[18, 17, 6, 10, 11, 14, 4, 16, 7, 1, 13, 0, 19, 3, 9, 15, 8, 12, 2, 5]",1230.0,0.7725906372070312
"[18, 17, 6, 10, 11, 14, 4, 16, 7, 1, 13, 0, 19, 3, 9, 15, 8, 12, 2, 5]",1230.0,"[18, 17, 6, 10, 11, 14, 4, 16, 7, 1, 13, 0, 19, 3, 9, 15, 8, 12, 2, 5]",1230.0,0.8465919494628906
"[18, 17, 6, 10, 11, 14, 4, 16, 7, 1, 13, 0, 19, 3, 9, 15, 8, 12, 2, 5]",1230.0,"[18, 17, 6, 10, 11, 14, 4, 16, 7, 1, 13, 0, 19, 3, 9, 15, 8, 12, 2, 5]",1230.0,0.9235939979553223
"[18, 17, 6, 10, 11, 14, 4, 16, 7, 1, 13, 0, 19, 3, 9, 15, 8, 12, 2, 5]",1230.0,"[18, 17, 6, 10, 11, 14, 4, 16, 7, 1, 13, 0, 19, 3, 9, 15, 8, 12, 2, 5]",1230.0,0.9985954761505127
"[18, 17, 6, 10, 11, 14, 4, 16, 7, 1, 13, 0, 19, 3, 9, 15, 8, 12, 2, 5]",1230.0,"[18, 17, 6, 10, 11, 14, 4, 16, 7, 1, 13, 0, 19, 3, 9, 15, 8, 12, 2, 5]",1230.0,1.0735938549041748
"[18, 17, 6, 10, 11, 14, 4, 16, 7, 1, 13, 0, 19, 3, 9, 15, 8, 12, 2, 5]",1230.0,"[18, 17, 6, 10, 11, 14, 4, 16, 7, 1, 13, 0, 19, 3, 9, 15, 8, 12, 2, 5]",1230.0,1.1485962867736816
"[18, 17, 6, 10, 11, 14, 4, 16, 7, 1, 13, 0, 19, 3, 9, 15, 8, 12, 2, 5]",1230.0,"[18, 17, 6, 10, 11, 14, 4, 16, 7, 1, 13, 0, 19, 3, 9, 15, 8, 12, 2, 5]",1230.0,1.2225987911224365
"[18, 17, 6, 10, 11, 14, 4, 16, 7, 1, 13, 0, 19, 3, 9, 15, 8, 12, 2, 5]",1230.0,"[18, 17, 6, 10, 11, 14, 4, 16, 7, 1, 13, 0, 19, 3, 9, 15, 8, 12, 2, 5]",1230.0,1.2976131439208984
"[18, 17, 6, 10, 11, 14, 4, 16, 7, 1, 13, 0, 19, 3, 9, 15, 8, 12, 2, 5]",1230.0,"[18, 17, 6, 10, 11, 14, 4, 16, 7, 1, 13, 0, 19, 3, 9, 15, 8, 12, 2, 5]",1230.0,1.372626781463623
"[18, 17, 6, 10, 11, 14, 4, 16, 7, 1, 13, 0, 19, 3, 9, 15, 8, 12, 2, 5]",1230.0,"[18, 17, 6, 10, 11, 14, 4, 16, 7, 1, 13, 0, 19, 3, 9, 15, 8, 12, 2, 5]",1230.0,1.4486291408538818
"[18, 17, 6, 10, 11, 14, 4, 16, 7, 1, 13, 0, 19, 3, 9, 15, 8, 12, 2, 5]",1230.0,"[18, 17, 6, 10, 11, 14, 4, 16, 7, 1, 13, 0, 19, 3, 9, 15, 8, 12, 2, 5]",1230.0,1.5246303081512451
"[18, 17, 6, 10, 11, 14, 4, 16, 7, 1, 13, 0, 19, 3, 9, 15, 8, 12, 2, 5]",1230.0,"[18, 17, 6, 10, 11, 14, 4, 16, 7, 1, 13, 0, 19, 3, 9, 15, 8, 12, 2, 5]",1230.0,1.5976312160491943
"[18, 17, 6, 10, 11, 14, 4, 16, 7, 1, 13, 0, 19, 3, 9, 15, 8, 12, 2, 5]",1230.0,"[18, 17, 6, 10, 11, 14, 4, 16, 7, 1, 13, 0, 19, 3, 9, 15, 8, 12, 2, 5]",1230.0,1.6726326942443848
"[18, 17, 6, 10, 11, 14, 4, 16, 1, 7, 13, 0, 19, 3, 9, 15, 8, 12, 2, 5]",1215.0,"[18, 17, 6, 10, 11, 14, 4, 16, 1, 7, 13, 0, 19, 3, 9, 15, 8, 12, 2, 5]",1215.0,1.747633695602417
"[18, 17, 6, 10, 11, 14, 4, 16, 1, 7, 13, 0, 19, 3, 9, 15, 8, 12, 2, 5]",1215.0,"[18, 17, 6, 10, 11, 14, 4, 16, 1, 7, 13, 0, 19, 3, 9, 15, 8, 12, 2, 5]",1215.0,1.8226287364959717
"[18, 17, 6, 10, 11, 14, 4, 16, 1, 7, 13, 0, 19, 3, 9, 15, 8, 12, 2, 5]",1215.0,"[18, 17, 6, 10, 11, 14, 4, 16, 1, 7, 13, 0, 19, 3, 9, 15, 8, 12, 2, 5]",1215.0,1.8996329307556152
"[18, 17, 6, 10, 11, 14, 5, 16, 1, 7, 13, 0, 19, 3, 9, 15, 8, 12, 2, 4]",1210.0,"[18, 17, 6, 10, 11, 14, 5, 16, 1, 7, 13, 0, 19, 3, 9, 15, 8, 12, 2, 4]",1210.0,1.9746370315551758
"[18, 17, 6, 10, 11, 14, 5, 16, 1, 7, 13, 0, 19, 3, 9, 15, 8, 12, 2, 4]",1210.0,"[18, 17, 6, 10, 11, 14, 5, 16, 1, 7, 13, 0, 19, 3, 9, 15, 8, 12, 2, 4]",1210.0,2.0456390380859375
"[18, 17, 6, 10, 11, 14, 5, 16, 1, 7, 13, 0, 19, 3, 9, 15, 8, 12, 2, 4]",1210.0,"[18, 17, 6, 10, 11, 14, 5, 16, 1, 7, 13, 0, 19, 3, 9, 15, 8, 12, 2, 4]",1210.0,2.1206390857696533
"[18, 17, 6, 10, 11, 14, 5, 16, 1, 7, 13, 0, 19, 3, 9, 15, 8, 12, 2, 4]",1210.0,"[18, 17, 6, 10, 11, 14, 5, 16, 1, 7, 13, 0, 19, 3, 9, 15, 8, 12, 2, 4]",1210.0,2.1956403255462646
"[18, 17, 6, 10, 11, 14, 5, 4, 1, 7, 13, 0, 19, 3, 9, 15, 8, 12, 2, 16]",1200.0,"[18, 17, 6, 10, 11, 14, 5, 4, 1, 7, 13, 0, 19, 3, 9, 15, 8, 12, 2, 16]",1200.0,2.273638963699341
"[18, 17, 6, 10, 11, 14, 5, 4, 1, 7, 13, 0, 19, 3, 9, 15, 8, 12, 2, 16]",1200.0,"[18, 17, 6, 10, 11, 14, 5, 4, 1, 7, 13, 0, 19, 3, 9, 15, 8, 12, 2, 16]",1200.0,2.3496451377868652
"[17, 18, 6, 10, 11, 14, 5, 4, 1, 7, 13, 0, 19, 3, 9, 15, 8, 12, 2, 16]",1195.5,"[17, 18, 6, 10, 11, 14, 5, 4, 1, 7, 13, 0, 19, 3, 9, 15, 8, 12, 2, 16]",1195.5,2.4246466159820557
"[17, 18, 6, 10, 11, 14, 5, 4, 1, 7, 13, 0, 19, 3, 9, 15, 8, 12, 2, 16]",1195.5,"[17, 18, 6, 10, 11, 14, 5, 4, 1, 7, 13, 0, 19, 3, 9, 15, 8, 12, 2, 16]",1195.5,2.499645233154297
"[17, 18, 6, 10, 11, 14, 5, 4, 1, 7, 13, 0, 19, 3, 9, 15, 8, 12, 2, 16]",1195.5,"[17, 18, 6, 10, 11, 14, 5, 4, 1, 7, 13, 0, 19, 3, 9, 15, 8, 12, 2, 16]",1195.5,2.576646327972412
"[17, 18, 6, 10, 11, 14, 5, 4, 1, 7, 13, 0, 19, 3, 9, 15, 8, 12, 2, 16]",1195.5,"[17, 18, 6, 10, 11, 14, 5, 4, 1, 7, 13, 0, 19, 3, 9, 15, 8, 12, 2, 16]",1195.5,2.652647018432617
"[17, 18, 6, 10, 11, 14, 5, 4, 1, 7, 13, 0, 19, 3, 9, 15, 8, 12, 2, 16]",1195.5,"[17, 18, 6, 10, 11, 14, 5, 4, 1, 7, 13, 0, 19, 3, 9, 15, 8, 12, 2, 16]",1195.5,2.7546520233154297
"[17, 18, 6, 10, 11, 14, 5, 4, 1, 7, 13, 0, 19, 3, 9, 15, 8, 12, 2, 16]",1195.5,"[17, 18, 6, 10, 11, 14, 5, 4, 1, 7, 13, 0, 19, 3, 9, 15, 8, 12, 2, 16]",1195.5,2.8286547660827637
"[17, 18, 6, 10, 11, 14, 5, 4, 1, 7, 13, 0, 19, 3, 9, 15, 8, 12, 2, 16]",1195.5,"[17, 18, 6, 10, 11, 14, 5, 4, 1, 7, 13, 0, 19, 3, 9, 15, 8, 12, 2, 16]",1195.5,2.9056525230407715
"[17, 18, 6, 10, 11, 14, 5, 4, 1, 7, 13, 0, 19, 3, 9, 15, 8, 12, 2, 16]",1195.5,"[17, 18, 6, 10, 11, 14, 5, 4, 1, 7, 13, 0, 19, 3, 9, 15, 8, 12, 2, 16]",1195.5,2.981654405593872
"[17, 18, 6, 10, 11, 14, 5, 4, 1, 7, 13, 0, 19, 3, 9, 15, 8, 12, 2, 16]",1195.5,"[17, 18, 6, 10, 11, 14, 5, 4, 1, 7, 13, 0, 19, 3, 9, 15, 8, 12, 2, 16]",1195.5,3.058655023574829
"[17, 18, 6, 10, 11, 14, 5, 4, 1, 7, 13, 0, 19, 3, 9, 15, 8, 12, 2, 16]",1195.5,"[17, 18, 6, 10, 11, 14, 5, 4, 1, 7, 13, 0, 19, 3, 9, 15, 8, 12, 2, 16]",1195.5,3.133655071258545
"[17, 18, 6, 10, 11, 14, 5, 4, 1, 7, 13, 0, 19, 3, 9, 15, 8, 12, 2, 16]",1195.5,"[17, 18, 6, 10, 11, 14, 5, 4, 1, 7, 13, 0, 19, 3, 9, 15, 8, 12, 2, 16]",1195.5,3.2096567153930664
"[17, 18, 6, 10, 8, 14, 5, 4, 1, 7, 13, 0, 19, 3, 9, 15, 11, 12, 2, 16]",1149.0,"[17, 18, 6, 10, 8, 14, 5, 4, 1, 7, 13, 0, 19, 3, 9, 15, 11, 12, 2, 16]",1149.0,3.2856605052948
"[17, 18, 6, 10, 8, 14, 5, 4, 1, 7, 13, 0, 19, 3, 9, 15, 11, 12, 2, 16]",1149.0,"[17, 18, 6, 10, 8, 14, 5, 4, 1, 7, 13, 0, 19, 3, 9, 15, 11, 12, 2, 16]",1149.0,3.3616602420806885
"[17, 18, 6, 10, 8, 14, 5, 4, 1, 7, 13, 0, 19, 3, 9, 15, 11, 12, 2, 16]",1149.0,"[17, 18, 6, 10, 8, 14, 5, 4, 1, 7, 13, 0, 19, 3, 9, 15, 11, 12, 2, 16]",1149.0,3.4366614818573
"[17, 18, 6, 10, 8, 14, 5, 4, 1, 7, 13, 0, 19, 3, 9, 15, 11, 12, 2, 16]",1149.0,"[17, 18, 6, 10, 8, 14, 5, 4, 1, 7, 13, 0, 19, 3, 9, 15, 11, 12, 2, 16]",1149.0,3.5086653232574463
"[17, 18, 6, 10, 8, 14, 5, 4, 1, 7, 13, 0, 19, 3, 9, 15, 11, 12, 2, 16]",1149.0,"[17, 18, 6, 10, 8, 14, 5, 4, 1, 7, 13, 0, 19, 3, 9, 15, 11, 12, 2, 16]",1149.0,3.5826666355133057
"[17, 18, 6, 10, 8, 14, 5, 4, 1, 7, 13, 0, 19, 3, 9, 15, 11, 12, 2, 16]",1149.0,"[17, 18, 6, 10, 8, 14, 5, 4, 1, 7, 13, 0, 19, 3, 9, 15, 11, 12, 2, 16]",1149.0,3.6616642475128174
"[17, 18, 6, 10, 8, 14, 5, 4, 1, 7, 13, 0, 19, 3, 9, 15, 11, 12, 2, 16]",1149.0,"[17, 18, 6, 10, 8, 14, 5, 4, 1, 7, 13, 0, 19, 3, 9, 15, 11, 12, 2, 16]",1149.0,3.737663745880127
"[17, 18, 6, 10, 8, 14, 5, 4, 1, 7, 13, 0, 19, 3, 9, 15, 11, 12, 2, 16]",1149.0,"[17, 18, 6, 10, 8, 14, 5, 4, 1, 7, 13, 0, 19, 3, 9, 15, 11, 12, 2, 16]",1149.0,3.8126678466796875
"[17, 18, 6, 10, 8, 14, 5, 4, 1, 7, 13, 0, 19, 3, 9, 15, 11, 12, 2, 16]",1149.0,"[17, 18, 6, 10, 8, 14, 5, 4, 1, 7, 13, 0, 19, 3, 9, 15, 11, 12, 2, 16]",1149.0,3.885669231414795
"[17, 18, 6, 10, 8, 14, 5, 4, 1, 7, 13, 0, 19, 3, 9, 15, 11, 12, 2, 16]",1149.0,"[17, 18, 6, 10, 8, 14, 5, 4, 1, 7, 13, 0, 19, 3, 9, 15, 11, 12, 2, 16]",1149.0,3.956667423248291
"[17, 18, 6, 10, 8, 14, 5, 4, 1, 7, 13, 0, 19, 3, 9, 15, 11, 12, 2, 16]",1149.0,"[17, 18, 6, 10, 8, 14, 5, 4, 1, 7, 13, 0, 19, 3, 9, 15, 11, 12, 2, 16]",1149.0,4.034732103347778
"[17, 18, 6, 10, 8, 14, 5, 4, 1, 7, 13, 0, 19, 3, 9, 15, 11, 12, 2, 16]",1149.0,"[17, 18, 6, 10, 8, 14, 5, 4, 1, 7, 13, 0, 19, 3, 9, 15, 11, 12, 2, 16]",1149.0,4.109669208526611
"[17, 18, 6, 10, 8, 14, 5, 4, 1, 7, 13, 0, 19, 3, 9, 15, 11, 12, 2, 16]",1149.0,"[17, 18, 6, 10, 8, 14, 5, 4, 1, 7, 13, 0, 19, 3, 9, 15, 11, 12, 2, 16]",1149.0,4.18367075920105
"[17, 18, 6, 10, 8, 14, 5, 4, 1, 7, 13, 0, 19, 3, 9, 15, 11, 12, 2, 16]",1149.0,"[17, 18, 6, 10, 8, 14, 5, 4, 1, 7, 13, 0, 19, 3, 9, 15, 11, 12, 2, 16]",1149.0,4.256680965423584
"[17, 18, 6, 10, 8, 14, 5, 4, 1, 7, 13, 0, 19, 3, 9, 15, 11, 12, 2, 16]",1149.0,"[17, 18, 6, 10, 8, 14, 5, 4, 1, 7, 13, 0, 19, 3, 9, 15, 11, 12, 2, 16]",1149.0,4.329712152481079
"[17, 18, 6, 10, 8, 12, 5, 4, 1, 7, 13, 0, 19, 3, 9, 15, 11, 14, 2, 16]",1130.0,"[17, 18, 6, 10, 8, 12, 5, 4, 1, 7, 13, 0, 19, 3, 9, 15, 11, 14, 2, 16]",1130.0,4.403684139251709
"[17, 18, 6, 10, 8, 12, 5, 4, 1, 7, 11, 0, 19, 3, 9, 15, 13, 14, 2, 16]",1097.5,"[17, 18, 6, 10, 8, 12, 5, 4, 1, 7, 11, 0, 19, 3, 9, 15, 13, 14, 2, 16]",1097.5,4.4776833057403564
"[17, 18, 6, 10, 8, 3, 5, 4, 1, 7, 11, 0, 19, 12, 9, 15, 13, 14, 2, 16]",1088.0,"[17, 18, 6, 10, 8, 3, 5, 4, 1, 7, 11, 0, 19, 12, 9, 15, 13, 14, 2, 16]",1088.0,4.55468487739563
"[17, 18, 6, 10, 8, 3, 5, 4, 1, 7, 11, 0, 19, 12, 9, 15, 13, 14, 2, 16]",1088.0,"[17, 18, 6, 10, 8, 3, 5, 4, 1, 7, 11, 0, 19, 12, 9, 15, 13, 14, 2, 16]",1088.0,4.632680177688599
"[17, 18, 6, 10, 8, 3, 5, 4, 1, 7, 11, 0, 19, 12, 9, 15, 13, 14, 2, 16]",1088.0,"[17, 18, 6, 10, 8, 3, 5, 4, 1, 7, 11, 0, 19, 12, 9, 15, 13, 14, 2, 16]",1088.0,4.708681106567383
"[17, 18, 6, 10, 8, 3, 5, 4, 1, 7, 11, 0, 19, 12, 9, 15, 13, 14, 2, 16]",1088.0,"[17, 18, 6, 10, 8, 3, 5, 4, 1, 7, 11, 0, 19, 12, 9, 15, 13, 14, 2, 16]",1088.0,4.780686140060425
"[17, 18, 6, 10, 8, 3, 5, 4, 1, 7, 11, 0, 19, 12, 9, 15, 13, 14, 2, 16]",1088.0,"[17, 18, 6, 10, 8, 3, 5, 4, 1, 7, 11, 0, 19, 12, 9, 15, 13, 14, 2, 16]",1088.0,4.855685472488403
"[17, 18, 6, 10, 8, 3, 5, 4, 1, 7, 11, 0, 19, 12, 9, 15, 13, 14, 2, 16]",1088.0,"[17, 18, 6, 10, 8, 3, 5, 4, 1, 7, 11, 0, 19, 12, 9, 15, 13, 14, 2, 16]",1088.0,4.929687023162842
"[17, 18, 6, 10, 8, 3, 5, 4, 1, 7, 11, 0, 19, 12, 9, 15, 13, 14, 2, 16]",1088.0,"[17, 18, 6, 10, 8, 3, 5, 4, 1, 7, 11, 0, 19, 12, 9, 15, 13, 14, 2, 16]",1088.0,5.0056867599487305
"[17, 18, 6, 10, 8, 3, 5, 4, 1, 7, 11, 0, 19, 12, 9, 15, 13, 14, 2, 16]",1088.0,"[17, 18, 6, 10, 8, 3, 5, 4, 1, 7, 11, 0, 19, 12, 9, 15, 13, 14, 2, 16]",1088.0,5.0816850662231445
"[17, 18, 6, 10, 8, 3, 5, 4, 1, 15, 11, 0, 19, 12, 9, 7, 13, 14, 2, 16]",1087.5,"[17, 18, 6, 10, 8, 3, 5, 4, 1, 15, 11, 0, 19, 12, 9, 7, 13, 14, 2, 16]",1087.5,5.159686803817749
"[17, 18, 6, 10, 8, 3, 5, 4, 1, 15, 11, 0, 19, 12, 9, 7, 13, 14, 2, 16]",1087.5,"[17, 18, 6, 10, 8, 3, 5, 4, 1, 15, 11, 0, 19, 12, 9, 7, 13, 14, 2, 16]",1087.5,5.23669171333313
"[17, 18, 6, 10, 8, 3, 5, 4, 1, 15, 11, 0, 19, 12, 9, 7, 13, 14, 2, 16]",1087.5,"[17, 18, 6, 10, 8, 3, 5, 4, 1, 15, 11, 0, 19, 12, 9, 7, 13, 14, 2, 16]",1087.5,5.311693906784058
"[17, 18, 6, 10, 8, 3, 5, 4, 1, 15, 11, 0, 19, 12, 9, 7, 13, 14, 2, 16]",1087.5,"[17, 18, 6, 10, 8, 3, 5, 4, 1, 15, 11, 0, 19, 12, 9, 7, 13, 14, 2, 16]",1087.5,5.386690139770508
"[17, 18, 6, 10, 8, 3, 5, 4, 1, 15, 11, 0, 19, 12, 9, 7, 13, 14, 2, 16]",1087.5,"[17, 18, 6, 10, 8, 3, 5, 4, 1, 15, 11, 0, 19, 12, 9, 7, 13, 14, 2, 16]",1087.5,5.4626946449279785
"[17, 18, 6, 10, 8, 3, 5, 4, 1, 15, 11, 0, 19, 12, 9, 7, 13, 14, 2, 16]",1087.5,"[17, 18, 6, 10, 8, 3, 5, 4, 1, 15, 11, 0, 19, 12, 9, 7, 13, 14, 2, 16]",1087.5,5.538695812225342
"[17, 18, 6, 10, 8, 3, 5, 4, 1, 15, 11, 0, 19, 12, 9, 7, 13, 14, 2, 16]",1087.5,"[17, 18, 6, 10, 8, 3, 5, 4, 1, 15, 11, 0, 19, 12, 9, 7, 13, 14, 2, 16]",1087.5,5.615699768066406
"[17, 18, 6, 10, 8, 3, 5, 4, 1, 15, 11, 0, 19, 12, 9, 7, 13, 14, 2, 16]",1087.5,"[17, 18, 6, 10, 8, 3, 5, 4, 1, 15, 11, 0, 19, 12, 9, 7, 13, 14, 2, 16]",1087.5,5.690882682800293
"[17, 18, 6, 10, 8, 3, 5, 4, 1, 15, 11, 0, 19, 12, 9, 7, 13, 14, 2, 16]",1087.5,"[17, 18, 6, 10, 8, 3, 5, 4, 1, 15, 11, 0, 19, 12, 9, 7, 13, 14, 2, 16]",1087.5,5.765700340270996
"[17, 18, 6, 12, 8, 3, 5, 4, 1, 15, 11, 0, 19, 10, 9, 7, 13, 14, 2, 16]",1087.0,"[17, 18, 6, 12, 8, 3, 5, 4, 1, 15, 11, 0, 19, 10, 9, 7, 13, 14, 2, 16]",1087.0,5.850700378417969
"[17, 18, 6, 12, 8, 3, 5, 4, 1, 15, 11, 0, 19, 10, 9, 7, 13, 14, 2, 16]",1087.0,"[17, 18, 6, 12, 8, 3, 5, 4, 1, 15, 11, 0, 19, 10, 9, 7, 13, 14, 2, 16]",1087.0,5.927701473236084
"[17, 18, 6, 12, 8, 3, 5, 4, 1, 15, 11, 0, 19, 10, 9, 7, 13, 14, 2, 16]",1087.0,"[17, 18, 6, 12, 8, 3, 5, 4, 1, 15, 11, 0, 19, 10, 9, 7, 13, 14, 2, 16]",1087.0,6.0017030239105225
"[17, 18, 6, 12, 8, 3, 5, 4, 1, 15, 11, 0, 19, 10, 9, 7, 13, 14, 2, 16]",1087.0,"[17, 18, 6, 12, 8, 3, 5, 4, 1, 15, 11, 0, 19, 10, 9, 7, 13, 14, 2, 16]",1087.0,6.078704118728638
"[17, 18, 6, 12, 8, 3, 5, 4, 1, 15, 11, 0, 19, 10, 9, 7, 13, 14, 2, 16]",1087.0,"[17, 18, 6, 12, 8, 3, 5, 4, 1, 15, 11, 0, 19, 10, 9, 7, 13, 14, 2, 16]",1087.0,6.154706954956055
"[17, 18, 6, 12, 8, 3, 5, 4, 1, 15, 11, 0, 19, 10, 9, 7, 13, 14, 2, 16]",1087.0,"[17, 18, 6, 12, 8, 3, 5, 4, 1, 15, 11, 0, 19, 10, 9, 7, 13, 14, 2, 16]",1087.0,6.228705167770386
"[17, 18, 6, 12, 8, 3, 5, 4, 1, 15, 11, 0, 19, 10, 9, 7, 13, 14, 2, 16]",1087.0,"[17, 18, 6, 12, 8, 3, 5, 4, 1, 15, 11, 0, 19, 10, 9, 7, 13, 14, 2, 16]",1087.0,6.306718587875366
"[17, 18, 6, 12, 8, 3, 5, 4, 1, 15, 11, 0, 19, 10, 9, 7, 13, 14, 2, 16]",1087.0,"[17, 18, 6, 12, 8, 3, 5, 4, 1, 15, 11, 0, 19, 10, 9, 7, 13, 14, 2, 16]",1087.0,6.385709047317505
"[17, 18, 6, 12, 8, 3, 5, 4, 1, 15, 11, 0, 19, 10, 9, 7, 13, 14, 2, 16]",1087.0,"[17, 18, 6, 12, 8, 3, 5, 4, 1, 15, 11, 0, 19, 10, 9, 7, 13, 14, 2, 16]",1087.0,6.461710214614868
"[17, 18, 6, 12, 8, 3, 5, 4, 1, 15, 11, 0, 19, 10, 9, 7, 13, 14, 2, 16]",1087.0,"[17, 18, 6, 12, 8, 3, 5, 4, 1, 15, 11, 0, 19, 10, 9, 7, 13, 14, 2, 16]",1087.0,6.538711786270142
"[17, 18, 6, 12, 8, 3, 5, 4, 1, 15, 11, 0, 19, 2, 9, 7, 13, 14, 10, 16]",1086.0,"[17, 18, 6, 12, 8, 3, 5, 4, 1, 15, 11, 0, 19, 2, 9, 7, 13, 14, 10, 16]",1086.0,6.6147167682647705
"[17, 18, 6, 12, 8, 3, 5, 4, 1, 15, 11, 0, 19, 2, 9, 7, 13, 14, 10, 16]",1086.0,"[17, 18, 6, 12, 8, 3, 5, 4, 1, 15, 11, 0, 19, 2, 9, 7, 13, 14, 10, 16]",1086.0,6.696713924407959
"[17, 18, 6, 12, 8, 3, 5, 4, 1, 15, 11, 0, 19, 2, 9, 7, 13, 14, 10, 16]",1086.0,"[17, 18, 6, 12, 8, 3, 5, 4, 1, 15, 11, 0, 19, 2, 9, 7, 13, 14, 10, 16]",1086.0,6.7777392864227295
"[17, 18, 6, 12, 8, 3, 5, 4, 1, 15, 11, 0, 19, 2, 9, 7, 13, 14, 10, 16]",1086.0,"[17, 18, 6, 12, 8, 3, 5, 4, 1, 15, 11, 0, 19, 2, 9, 7, 13, 14, 10, 16]",1086.0,6.856716871261597
"[17, 18, 6, 12, 8, 3, 5, 4, 1, 15, 11, 0, 19, 2, 9, 7, 13, 14, 10, 16]",1086.0,"[17, 18, 6, 12, 8, 3, 5, 4, 1, 15, 11, 0, 19, 2, 9, 7, 13, 14, 10, 16]",1086.0,6.935718536376953
"[17, 18, 6, 12, 8, 3, 5, 4, 1, 15, 11, 0, 19, 2, 9, 7, 13, 14, 10, 16]",1086.0,"[17, 18, 6, 12, 8, 3, 5, 4, 1, 15, 11, 0, 19, 2, 9, 7, 13, 14, 10, 16]",1086.0,7.012715816497803
"[17, 18, 6, 12, 8, 3, 5, 4, 1, 15, 11, 0, 19, 2, 9, 7, 13, 14, 10, 16]",1086.0,"[17, 18, 6, 12, 8, 3, 5, 4, 1, 15, 11, 0, 19, 2, 9, 7, 13, 14, 10, 16]",1086.0,7.087717294692993
"[17, 18, 6, 12, 8, 3, 5, 4, 1, 15, 11, 0, 19, 2, 9, 7, 13, 14, 10, 16]",1086.0,"[17, 18, 6, 12, 8, 3, 5, 4, 1, 15, 11, 0, 19, 2, 9, 7, 13, 14, 10, 16]",1086.0,7.165722608566284
"[17, 18, 6, 12, 8, 3, 5, 4, 1, 15, 11, 0, 19, 2, 9, 7, 13, 14, 10, 16]",1086.0,"[17, 18, 6, 12, 8, 3, 5, 4, 1, 15, 11, 0, 19, 2, 9, 7, 13, 14, 10, 16]",1086.0,7.24972128868103
"[17, 18, 6, 12, 8, 3, 5, 4, 1, 15, 11, 0, 19, 2, 9, 7, 13, 14, 10, 16]",1086.0,"[17, 18, 6, 12, 8, 3, 5, 4, 1, 15, 11, 0, 19, 2, 9, 7, 13, 14, 10, 16]",1086.0,7.326723575592041
"[17, 18, 6, 12, 8, 3, 5, 4, 1, 15, 11, 0, 19, 2, 9, 7, 13, 14, 10, 16]",1086.0,"[17, 18, 6, 12, 8, 3, 5, 4, 1, 15, 11, 0, 19, 2, 9, 7, 13, 14, 10, 16]",1086.0,7.401724815368652
"[17, 18, 6, 12, 8, 3, 5, 4, 1, 15, 11, 0, 19, 2, 9, 7, 13, 14, 10, 16]",1086.0,"[17, 18, 6, 12, 8, 3, 5, 4, 1, 15, 11, 0, 19, 2, 9, 7, 13, 14, 10, 16]",1086.0,7.47372579574585
"[17, 18, 6, 12, 8, 3, 5, 4, 1, 15, 11, 0, 19, 2, 9, 7, 13, 14, 10, 16]",1086.0,"[17, 18, 6, 12, 8, 3, 5, 4, 1, 15, 11, 0, 19, 2, 9, 7, 13, 14, 10, 16]",1086.0,7.54872727394104
"[17, 18, 6, 12, 8, 3, 5, 4, 1, 15, 11, 0, 19, 2, 9, 7, 13, 14, 10, 16]",1086.0,"[17, 18, 6, 12, 8, 3, 5, 4, 1, 15, 11, 0, 19, 2, 9, 7, 13, 14, 10, 16]",1086.0,7.625728368759155
"[17, 18, 6, 12, 8, 3, 5, 4, 1, 15, 11, 0, 19, 2, 9, 7, 13, 14, 10, 16]",1086.0,"[17, 18, 6, 12, 8, 3, 5, 4, 1, 15, 11, 0, 19, 2, 9, 7, 13, 14, 10, 16]",1086.0,7.70272970199585
"[17, 18, 6, 12, 8, 3, 5, 4, 1, 15, 11, 0, 19, 2, 9, 7, 13, 14, 10, 16]",1086.0,"[17, 18, 6, 12, 8, 3, 5, 4, 1, 15, 11, 0, 19, 2, 9, 7, 13, 14, 10, 16]",1086.0,7.778731107711792
"[17, 18, 6, 12, 8, 3, 5, 4, 1, 15, 11, 0, 19, 2, 9, 7, 13, 14, 10, 16]",1086.0,"[17, 18, 6, 12, 8, 3, 5, 4, 1, 15, 11, 0, 19, 2, 9, 7, 13, 14, 10, 16]",1086.0,7.85578727722168
"[17, 18, 6, 12, 8, 3, 5, 4, 1, 15, 11, 0, 19, 2, 9, 7, 13, 14, 10, 16]",1086.0,"[17, 18, 6, 12, 8, 3, 5, 4, 1, 15, 11, 0, 19, 2, 9, 7, 13, 14, 10, 16]",1086.0,7.9347429275512695
"[17, 18, 6, 12, 8, 3, 5, 4, 1, 15, 11, 0, 19, 2, 9, 7, 13, 14, 10, 16]",1086.0,"[17, 18, 6, 12, 8, 3, 5, 4, 1, 15, 11, 0, 19, 2, 9, 7, 13, 14, 10, 16]",1086.0,8.011738300323486
"[17, 18, 6, 12, 8, 3, 5, 4, 1, 15, 11, 0, 19, 2, 9, 7, 13, 14, 10, 16]",1086.0,"[17, 18, 6, 12, 8, 3, 5, 4, 1, 15, 11, 0, 19, 2, 9, 7, 13, 14, 10, 16]",1086.0,8.094038009643555
"[17, 18, 6, 12, 8, 3, 5, 4, 1, 15, 11, 0, 19, 2, 9, 7, 13, 14, 10, 16]",1086.0,"[17, 18, 6, 12, 8, 3, 5, 4, 1, 15, 11, 0, 19, 2, 9, 7, 13, 14, 10, 16]",1086.0,8.178039789199829
"[17, 18, 6, 12, 8, 3, 5, 4, 1, 15, 11, 0, 19, 2, 9, 7, 13, 14, 10, 16]",1086.0,"[17, 18, 6, 12, 8, 3, 5, 4, 1, 15, 11, 0, 19, 2, 9, 7, 13, 14, 10, 16]",1086.0,8.260749578475952
"[17, 18, 6, 12, 8, 3, 5, 4, 1, 15, 11, 0, 19, 2, 9, 7, 13, 14, 10, 16]",1086.0,"[17, 18, 6, 12, 8, 3, 5, 4, 1, 15, 11, 0, 19, 2, 9, 7, 13, 14, 10, 16]",1086.0,8.364741086959839
"[17, 18, 6, 12, 8, 3, 5, 4, 1, 15, 11, 0, 19, 2, 9, 7, 13, 14, 10, 16]",1086.0,"[17, 18, 6, 12, 8, 3, 5, 4, 1, 15, 11, 0, 19, 2, 9, 7, 13, 14, 10, 16]",1086.0,8.441742420196533
"[17, 18, 6, 12, 8, 3, 5, 4, 1, 15, 11, 0, 19, 2, 9, 7, 13, 14, 10, 16]",1086.0,"[17, 18, 6, 12, 8, 3, 5, 4, 1, 15, 11, 0, 19, 2, 9, 7, 13, 14, 10, 16]",1086.0,8.52273941040039
"[17, 18, 6, 12, 8, 3, 5, 4, 1, 15, 11, 0, 19, 2, 9, 7, 13, 14, 10, 16]",1086.0,"[17, 18, 6, 12, 8, 3, 5, 4, 1, 15, 11, 0, 19, 2, 9, 7, 13, 14, 10, 16]",1086.0,8.59873914718628
"[17, 18, 6, 12, 8, 3, 5, 4, 1, 15, 11, 0, 19, 2, 9, 7, 13, 14, 10, 16]",1086.0,"[17, 18, 6, 12, 8, 3, 5, 4, 1, 15, 11, 0, 19, 2, 9, 7, 13, 14, 10, 16]",1086.0,8.674751281738281
"[17, 18, 6, 12, 8, 3, 5, 4, 1, 15, 11, 0, 19, 2, 9, 7, 13, 14, 10, 16]",1086.0,"[17, 18, 6, 12, 8, 3, 5, 4, 1, 15, 11, 0, 19, 2, 9, 7, 13, 14, 10, 16]",1086.0,8.750750303268433
"[17, 18, 6, 12, 8, 3, 5, 4, 1, 15, 11, 0, 19, 2, 9, 7, 13, 14, 10, 16]",1086.0,"[17, 18, 6, 12, 8, 3, 5, 4, 1, 15, 11, 0, 19, 2, 9, 7, 13, 14, 10, 16]",1086.0,8.82575249671936
"[17, 18, 6, 12, 8, 3, 5, 4, 1, 15, 11, 0, 19, 2, 9, 7, 13, 14, 10, 16]",1086.0,"[17, 18, 6, 12, 8, 3, 5, 4, 1, 15, 11, 0, 19, 2, 9, 7, 13, 14, 10, 16]",1086.0,8.900749206542969
"[17, 18, 6, 12, 8, 3, 5, 4, 1, 15, 11, 0, 19, 2, 9, 7, 13, 14, 10, 16]",1086.0,"[17, 18, 6, 12, 8, 3, 5, 4, 1, 15, 11, 0, 19, 2, 9, 7, 13, 14, 10, 16]",1086.0,8.978750467300415
"[17, 18, 6, 12, 8, 3, 5, 4, 1, 15, 11, 0, 19, 2, 9, 7, 13, 14, 10, 16]",1086.0,"[17, 18, 6, 12, 8, 3, 5, 4, 1, 15, 11, 0, 19, 2, 9, 7, 13, 14, 10, 16]",1086.0,9.05575180053711
"[17, 18, 6, 12, 8, 3, 5, 4, 1, 15, 11, 0, 19, 2, 9, 7, 13, 14, 10, 16]",1086.0,"[17, 18, 6, 12, 8, 3, 5, 4, 1, 15, 11, 0, 19, 2, 9, 7, 13, 14, 10, 16]",1086.0,9.133750915527344
"[17, 18, 6, 12, 8, 3, 5, 4, 1, 15, 11, 0, 19, 2, 9, 7, 13, 14, 10, 16]",1086.0,"[17, 18, 6, 12, 8, 3, 5, 4, 1, 15, 11, 0, 19, 2, 9, 7, 13, 14, 10, 16]",1086.0,9.210772275924683
"[17, 18, 6, 12, 8, 3, 5, 4, 1, 15, 11, 0, 19, 2, 9, 7, 13, 14, 10, 16]",1086.0,"[17, 18, 6, 12, 8, 3, 5, 4, 1, 15, 11, 0, 19, 2, 9, 7, 13, 14, 10, 16]",1086.0,9.28675389289856
"[17, 18, 6, 12, 8, 3, 5, 4, 1, 15, 11, 0, 19, 2, 9, 7, 13, 14, 10, 16]",1086.0,"[17, 18, 6, 12, 8, 3, 5, 4, 1, 15, 11, 0, 19, 2, 9, 7, 13, 14, 10, 16]",1086.0,9.36176586151123
"[17, 18, 6, 12, 8, 3, 5, 4, 1, 15, 11, 0, 19, 2, 9, 7, 13, 14, 10, 16]",1086.0,"[17, 18, 6, 12, 8, 3, 5, 4, 1, 15, 11, 0, 19, 2, 9, 7, 13, 14, 10, 16]",1086.0,9.43876028060913
"[17, 18, 6, 12, 8, 3, 5, 4, 1, 15, 11, 0, 19, 2, 9, 7, 13, 14, 10, 16]",1086.0,"[17, 18, 6, 12, 8, 3, 5, 4, 1, 15, 11, 0, 19, 2, 9, 7, 13, 14, 10, 16]",1086.0,9.514760255813599
"[17, 18, 6, 12, 8, 3, 5, 4, 1, 15, 11, 0, 19, 2, 9, 7, 13, 14, 10, 16]",1086.0,"[17, 18, 6, 12, 8, 3, 5, 4, 1, 15, 11, 0, 19, 2, 9, 7, 13, 14, 10, 16]",1086.0,9.590760469436646
"[17, 18, 6, 12, 8, 3, 5, 4, 1, 15, 11, 0, 19, 2, 9, 7, 13, 14, 10, 16]",1086.0,"[17, 18, 6, 12, 8, 3, 5, 4, 1, 15, 11, 0, 19, 2, 9, 7, 13, 14, 10, 16]",1086.0,9.668783903121948
"[17, 18, 6, 12, 8, 3, 5, 4, 1, 15, 11, 0, 19, 2, 9, 7, 13, 14, 10, 16]",1086.0,"[17, 18, 6, 12, 8, 3, 5, 4, 1, 15, 11, 0, 19, 2, 9, 7, 13, 14, 10, 16]",1086.0,9.746766328811646
"[17, 18, 6, 12, 8, 3, 5, 4, 1, 15, 11, 0, 19, 2, 9, 7, 13, 14, 10, 16]",1086.0,"[17, 18, 6, 12, 8, 3, 5, 4, 1, 15, 11, 0, 19, 2, 9, 7, 13, 14, 10, 16]",1086.0,9.82276201248169
"[17, 18, 6, 12, 8, 3, 5, 4, 1, 15, 11, 0, 19, 2, 9, 7, 13, 14, 10, 16]",1086.0,"[17, 18, 6, 12, 8, 3, 5, 4, 1, 15, 11, 0, 19, 2, 9, 7, 13, 14, 10, 16]",1086.0,9.899780750274658
"[17, 18, 6, 12, 8, 3, 5, 4, 1, 15, 11, 0, 19, 2, 9, 7, 13, 14, 10, 16]",1086.0,"[17, 18, 6, 12, 8, 3, 5, 4, 1, 15, 11, 0, 19, 2, 9, 7, 13, 14, 10, 16]",1086.0,9.977768182754517
"[17, 18, 6, 12, 8, 3, 5, 4, 1, 15, 11, 0, 19, 2, 9, 7, 13, 14, 10, 16]",1086.0,"[17, 18, 6, 12, 8, 3, 5, 4, 1, 15, 11, 0, 19, 2, 9, 7, 13, 14, 10, 16]",1086.0,10.055768728256226
"[17, 18, 6, 12, 8, 3, 5, 4, 1, 15, 11, 0, 19, 2, 9, 7, 13, 14, 10, 16]",1086.0,"[17, 18, 6, 12, 8, 3, 5, 4, 1, 15, 11, 0, 19, 2, 9, 7, 13, 14, 10, 16]",1086.0,10.131771564483643
"[17, 18, 6, 12, 8, 3, 5, 4, 1, 15, 11, 0, 19, 2, 9, 7, 13, 14, 10, 16]",1086.0,"[17, 18, 6, 12, 8, 3, 5, 4, 1, 15, 11, 0, 19, 2, 9, 7, 13, 14, 10, 16]",1086.0,10.207770586013794
"[17, 18, 6, 12, 8, 3, 5, 4, 1, 15, 11, 0, 19, 2, 9, 7, 13, 14, 10, 16]",1086.0,"[17, 18, 6, 12, 8, 3, 5, 4, 1, 15, 11, 0, 19, 2, 9, 7, 13, 14, 10, 16]",1086.0,10.282771825790405
"[17, 18, 6, 12, 8, 3, 5, 4, 1, 15, 11, 0, 19, 2, 9, 7, 13, 14, 10, 16]",1086.0,"[17, 18, 6, 12, 8, 3, 5, 4, 1, 15, 11, 0, 19, 2, 9, 7, 13, 14, 10, 16]",1086.0,10.3597731590271
"[17, 18, 6, 12, 8, 3, 5, 4, 1, 15, 11, 0, 19, 2, 9, 7, 13, 14, 10, 16]",1086.0,"[17, 18, 6, 12, 8, 3, 5, 4, 1, 15, 11, 0, 19, 2, 9, 7, 13, 14, 10, 16]",1086.0,10.435775756835938
"[17, 18, 6, 12, 8, 3, 5, 4, 1, 15, 11, 0, 19, 2, 9, 7, 13, 14, 10, 16]",1086.0,"[17, 18, 6, 12, 8, 3, 5, 4, 1, 15, 11, 0, 19, 2, 9, 7, 13, 14, 10, 16]",1086.0,10.50977611541748
"[17, 18, 6, 12, 8, 3, 5, 4, 1, 15, 11, 0, 19, 2, 9, 7, 13, 14, 10, 16]",1086.0,"[17, 18, 6, 12, 8, 3, 5, 4, 1, 15, 11, 0, 19, 2, 9, 7, 13, 14, 10, 16]",1086.0,10.583778142929077
"[17, 18, 6, 12, 8, 3, 5, 4, 1, 15, 11, 0, 19, 2, 9, 7, 13, 14, 10, 16]",1086.0,"[17, 18, 6, 12, 8, 3, 5, 4, 1, 15, 11, 0, 19, 2, 9, 7, 13, 14, 10, 16]",1086.0,10.660775661468506
"[17, 18, 6, 12, 8, 3, 5, 4, 1, 15, 11, 0, 19, 2, 9, 7, 13, 14, 10, 16]",1086.0,"[17, 18, 6, 12, 8, 3, 5, 4, 1, 15, 11, 0, 19, 2, 9, 7, 13, 14, 10, 16]",1086.0,10.736777067184448
"[17, 18, 6, 12, 8, 3, 5, 4, 1, 15, 11, 0, 19, 2, 9, 7, 13, 14, 10, 16]",1086.0,"[17, 18, 6, 12, 8, 3, 5, 4, 1, 15, 11, 0, 19, 2, 9, 7, 13, 14, 10, 16]",1086.0,10.811782121658325
"[17, 18, 6, 12, 8, 3, 5, 4, 1, 15, 11, 0, 19, 2, 9, 7, 13, 14, 10, 16]",1086.0,"[17, 18, 6, 12, 8, 3, 5, 4, 1, 15, 11, 0, 19, 2, 9, 7, 13, 14, 10, 16]",1086.0,10.88778018951416
"[17, 18, 6, 12, 8, 3, 5, 4, 1, 15, 11, 0, 19, 2, 9, 7, 13, 14, 10, 16]",1086.0,"[17, 18, 6, 12, 8, 3, 5, 4, 1, 15, 11, 0, 19, 2, 9, 7, 13, 14, 10, 16]",1086.0,10.964076519012451
"[17, 18, 6, 12, 8, 3, 5, 4, 1, 15, 11, 0, 19, 2, 9, 7, 13, 14, 10, 16]",1086.0,"[17, 18, 6, 12, 8, 3, 5, 4, 1, 15, 11, 0, 19, 2, 9, 7, 13, 14, 10, 16]",1086.0,11.041784286499023
"[17, 18, 6, 12, 8, 3, 5, 4, 1, 15, 11, 0, 19, 2, 9, 7, 13, 14, 10, 16]",1086.0,"[17, 18, 6, 12, 8, 3, 5, 4, 1, 15, 11, 0, 19, 2, 9, 7, 13, 14, 10, 16]",1086.0,11.117782354354858
"[17, 18, 6, 12, 8, 3, 5, 4, 1, 15, 11, 0, 19, 2, 9, 7, 13, 14, 10, 16]",1086.0,"[17, 18, 6, 12, 8, 3, 5, 4, 1, 15, 11, 0, 19, 2, 9, 7, 13, 14, 10, 16]",1086.0,11.193789720535278
"[17, 18, 6, 12, 8, 3, 5, 4, 1, 15, 11, 0, 19, 2, 9, 7, 13, 14, 10, 16]",1086.0,"[17, 18, 6, 12, 8, 3, 5, 4, 1, 15, 11, 0, 19, 2, 9, 7, 13, 14, 10, 16]",1086.0,11.26878571510315
"[17, 18, 6, 12, 8, 3, 5, 4, 1, 15, 11, 0, 19, 2, 9, 7, 13, 14, 10, 16]",1086.0,"[17, 18, 6, 12, 8, 3, 5, 4, 1, 15, 11, 0, 19, 2, 9, 7, 13, 14, 10, 16]",1086.0,11.34579086303711
"[17, 18, 6, 12, 8, 3, 5, 4, 1, 15, 11, 0, 19, 2, 9, 7, 13, 14, 10, 16]",1086.0,"[17, 18, 6, 12, 8, 3, 5, 4, 1, 15, 11, 0, 19, 2, 9, 7, 13, 14, 10, 16]",1086.0,11.420789241790771
"[17, 18, 6, 12, 8, 3, 5, 4, 1, 15, 11, 0, 19, 2, 9, 7, 13, 14, 10, 16]",1086.0,"[17, 18, 6, 12, 8, 3, 5, 4, 1, 15, 11, 0, 19, 2, 9, 7, 13, 14, 10, 16]",1086.0,11.494792461395264
"[17, 18, 6, 12, 8, 3, 5, 4, 1, 15, 11, 0, 19, 2, 9, 7, 13, 14, 10, 16]",1086.0,"[17, 18, 6, 12, 8, 3, 5, 4, 1, 15, 11, 0, 19, 2, 9, 7, 13, 14, 10, 16]",1086.0,11.570793867111206
"[17, 18, 6, 12, 8, 3, 5, 4, 1, 15, 11, 0, 19, 2, 9, 7, 13, 14, 10, 16]",1086.0,"[17, 18, 6, 12, 8, 3, 5, 4, 1, 15, 11, 0, 19, 2, 9, 7, 13, 14, 10, 16]",1086.0,11.643794775009155
"[17, 18, 6, 12, 8, 3, 5, 4, 1, 15, 11, 0, 19, 2, 9, 7, 13, 14, 10, 16]",1086.0,"[17, 18, 6, 12, 8, 3, 5, 4, 1, 15, 11, 0, 19, 2, 9, 7, 13, 14, 10, 16]",1086.0,11.720795392990112
"[17, 18, 6, 12, 8, 3, 5, 4, 1, 15, 11, 0, 19, 2, 9, 7, 13, 14, 10, 16]",1086.0,"[17, 18, 6, 12, 8, 3, 5, 4, 1, 15, 11, 0, 19, 2, 9, 7, 13, 14, 10, 16]",1086.0,11.79779839515686
"[17, 18, 6, 12, 8, 3, 5, 4, 1, 15, 11, 0, 19, 2, 9, 7, 13, 14, 10, 16]",1086.0,"[17, 18, 6, 12, 8, 3, 5, 4, 1, 15, 11, 0, 19, 2, 9, 7, 13, 14, 10, 16]",1086.0,11.875797510147095
"[17, 18, 6, 12, 8, 3, 5, 4, 1, 15, 11, 0, 19, 2, 9, 7, 13, 14, 10, 16]",1086.0,"[17, 18, 6, 12, 8, 3, 5, 4, 1, 15, 11, 0, 19, 2, 9, 7, 13, 14, 10, 16]",1086.0,11.952798843383789
"[17, 18, 6, 12, 8, 3, 5, 4, 1, 15, 11, 0, 19, 2, 9, 7, 13, 14, 10, 16]",1086.0,"[17, 18, 6, 12, 8, 3, 5, 4, 1, 15, 11, 0, 19, 2, 9, 7, 13, 14, 10, 16]",1086.0,12.039824724197388
"[17, 18, 6, 12, 8, 3, 5, 4, 1, 15, 11, 0, 19, 2, 9, 7, 13, 14, 10, 16]",1086.0,"[17, 18, 6, 12, 8, 3, 5, 4, 1, 15, 11, 0, 19, 2, 9, 7, 13, 14, 10, 16]",1086.0,12.11880111694336
"[17, 18, 6, 12, 8, 3, 5, 4, 1, 15, 11, 0, 19, 2, 9, 7, 13, 14, 10, 16]",1086.0,"[17, 18, 6, 12, 8, 3, 5, 4, 1, 15, 11, 0, 19, 2, 9, 7, 13, 14, 10, 16]",1086.0,12.195799350738525
"[17, 18, 6, 12, 8, 3, 5, 4, 1, 15, 11, 0, 19, 2, 9, 7, 13, 14, 10, 16]",1086.0,"[17, 18, 6, 12, 8, 3, 5, 4, 1, 15, 11, 0, 19, 2, 9, 7, 13, 14, 10, 16]",1086.0,12.271816968917847
"[17, 18, 6, 12, 8, 3, 5, 4, 1, 15, 11, 0, 19, 2, 9, 7, 13, 14, 10, 16]",1086.0,"[17, 18, 6, 12, 8, 3, 5, 4, 1, 15, 11, 0, 19, 2, 9, 7, 13, 14, 10, 16]",1086.0,12.349803447723389
"[17, 18, 6, 12, 8, 3, 5, 4, 1, 15, 11, 0, 19, 2, 9, 7, 13, 14, 10, 16]",1086.0,"[17, 18, 6, 12, 8, 3, 5, 4, 1, 15, 11, 0, 19, 2, 9, 7, 13, 14, 10, 16]",1086.0,12.423804759979248
"[17, 18, 6, 12, 8, 3, 5, 4, 1, 15, 11, 0, 19, 2, 9, 7, 13, 14, 10, 16]",1086.0,"[17, 18, 6, 12, 8, 3, 5, 4, 1, 15, 11, 0, 19, 2, 9, 7, 13, 14, 10, 16]",1086.0,12.49980902671814
"[17, 18, 6, 12, 8, 3, 5, 4, 1, 15, 11, 0, 19, 2, 9, 7, 13, 14, 10, 16]",1086.0,"[17, 18, 6, 12, 8, 3, 5, 4, 1, 15, 11, 0, 19, 2, 9, 7, 13, 14, 10, 16]",1086.0,12.578807353973389
"[17, 18, 6, 12, 8, 3, 5, 4, 1, 15, 11, 0, 19, 2, 9, 7, 13, 14, 10, 16]",1086.0,"[17, 18, 6, 12, 8, 3, 5, 4, 1, 15, 11, 0, 19, 2, 9, 7, 13, 14, 10, 16]",1086.0,12.653807878494263
"[17, 18, 6, 12, 8, 3, 5, 4, 1, 15, 11, 0, 19, 2, 9, 7, 13, 14, 10, 16]",1086.0,"[17, 18, 6, 12, 8, 3, 5, 4, 1, 15, 11, 0, 19, 2, 9, 7, 13, 14, 10, 16]",1086.0,12.731820583343506
"[17, 18, 6, 12, 8, 3, 5, 4, 1, 15, 11, 0, 19, 2, 9, 7, 13, 14, 10, 16]",1086.0,"[17, 18, 6, 12, 8, 3, 5, 4, 1, 15, 11, 0, 19, 2, 9, 7, 13, 14, 10, 16]",1086.0,12.80781078338623
"[17, 18, 6, 12, 8, 3, 5, 4, 1, 15, 11, 0, 19, 2, 9, 7, 13, 14, 10, 16]",1086.0,"[17, 18, 6, 12, 8, 3, 5, 4, 1, 15, 11, 0, 19, 2, 9, 7, 13, 14, 10, 16]",1086.0,12.884820699691772
"[17, 18, 6, 12, 8, 3, 5, 4, 1, 15, 11, 0, 19, 2, 9, 7, 13, 14, 10, 16]",1086.0,"[17, 18, 6, 12, 8, 3, 5, 4, 1, 15, 11, 0, 19, 2, 9, 7, 13, 14, 10, 16]",1086.0,12.960821390151978
"[17, 18, 6, 12, 8, 3, 5, 4, 1, 15, 11, 0, 19, 2, 9, 7, 13, 14, 10, 16]",1086.0,"[17, 18, 6, 12, 8, 3, 5, 4, 1, 15, 11, 0, 19, 2, 9, 7, 13, 14, 10, 16]",1086.0,13.037816524505615
"[17, 18, 6, 12, 8, 3, 5, 4, 1, 15, 11, 0, 19, 2, 9, 7, 13, 14, 10, 16]",1086.0,"[17, 18, 6, 12, 8, 3, 5, 4, 1, 15, 11, 0, 19, 2, 9, 7, 13, 14, 10, 16]",1086.0,13.118820905685425
"[17, 18, 6, 12, 8, 3, 5, 4, 1, 15, 11, 0, 19, 2, 9, 7, 13, 14, 10, 16]",1086.0,"[17, 18, 6, 12, 8, 3, 5, 4, 1, 15, 11, 0, 19, 2, 9, 7, 13, 14, 10, 16]",1086.0,13.192817449569702
"[17, 18, 6, 12, 8, 3, 5, 4, 1, 15, 11, 0, 19, 2, 9, 7, 13, 14, 10, 16]",1086.0,"[17, 18, 6, 12, 8, 3, 5, 4, 1, 15, 11, 0, 19, 2, 9, 7, 13, 14, 10, 16]",1086.0,13.270819902420044
"[17, 18, 6, 12, 8, 3, 5, 4, 1, 15, 11, 0, 19, 2, 9, 7, 13, 14, 10, 16]",1086.0,"[17, 18, 6, 12, 8, 3, 5, 4, 1, 15, 11, 0, 19, 2, 9, 7, 13, 14, 10, 16]",1086.0,13.34782075881958
"[17, 18, 6, 12, 8, 3, 5, 4, 1, 15, 11, 0, 19, 2, 9, 7, 13, 14, 10, 16]",1086.0,"[17, 18, 6, 12, 8, 3, 5, 4, 1, 15, 11, 0, 19, 2, 9, 7, 13, 14, 10, 16]",1086.0,13.423822164535522
"[17, 18, 6, 12, 8, 3, 5, 4, 1, 15, 11, 0, 19, 2, 9, 7, 13, 14, 10, 16]",1086.0,"[17, 18, 6, 12, 8, 3, 5, 4, 1, 15, 11, 0, 19, 2, 9, 7, 13, 14, 10, 16]",1086.0,13.499826431274414
"[17, 18, 6, 12, 8, 3, 5, 4, 1, 15, 11, 0, 19, 2, 9, 7, 13, 14, 10, 16]",1086.0,"[17, 18, 6, 12, 8, 3, 5, 4, 1, 15, 11, 0, 19, 2, 9, 7, 13, 14, 10, 16]",1086.0,13.57786750793457
"[17, 18, 6, 12, 8, 3, 5, 4, 1, 15, 11, 0, 19, 2, 9, 7, 13, 14, 10, 16]",1086.0,"[17, 18, 6, 12, 8, 3, 5, 4, 1, 15, 11, 0, 19, 2, 9, 7, 13, 14, 10, 16]",1086.0,13.655824184417725
"[17, 18, 6, 12, 8, 3, 5, 4, 1, 15, 11, 0, 19, 2, 9, 7, 13, 14, 10, 16]",1086.0,"[17, 18, 6, 12, 8, 3, 5, 4, 1, 15, 11, 0, 19, 2, 9, 7, 13, 14, 10, 16]",1086.0,13.730827331542969
"[17, 18, 6, 12, 8, 3, 5, 4, 1, 15, 11, 0, 19, 2, 10, 7, 13, 14, 9, 16]",1085.5,"[17, 18, 6, 12, 8, 3, 5, 4, 1, 15, 11, 0, 19, 2, 10, 7, 13, 14, 9, 16]",1085.5,13.808850049972534
"[17, 18, 6, 12, 8, 3, 5, 4, 1, 15, 11, 0, 19, 2, 10, 7, 13, 14, 9, 16]",1085.5,"[17, 18, 6, 12, 8, 3, 5, 4, 1, 15, 11, 0, 19, 2, 10, 7, 13, 14, 9, 16]",1085.5,13.88683009147644
"[17, 18, 6, 12, 8, 3, 5, 4, 1, 15, 11, 0, 19, 2, 10, 7, 13, 14, 9, 16]",1085.5,"[17, 18, 6, 12, 8, 3, 5, 4, 1, 15, 11, 0, 19, 2, 10, 7, 13, 14, 9, 16]",1085.5,13.965831756591797
"[17, 18, 6, 12, 8, 3, 5, 4, 1, 15, 11, 0, 19, 2, 10, 7, 13, 14, 9, 16]",1085.5,"[17, 18, 6, 12, 8, 3, 5, 4, 1, 15, 11, 0, 19, 2, 10, 7, 13, 14, 9, 16]",1085.5,14.042832851409912
"[17, 18, 6, 12, 8, 3, 5, 4, 1, 15, 11, 0, 19, 2, 10, 7, 13, 14, 9, 16]",1085.5,"[17, 18, 6, 12, 8, 3, 5, 4, 1, 15, 11, 0, 19, 2, 10, 7, 13, 14, 9, 16]",1085.5,14.117846012115479
"[17, 18, 6, 12, 8, 3, 5, 4, 1, 15, 11, 0, 19, 2, 10, 7, 13, 14, 9, 16]",1085.5,"[17, 18, 6, 12, 8, 3, 5, 4, 1, 15, 11, 0, 19, 2, 10, 7, 13, 14, 9, 16]",1085.5,14.193837881088257
"[17, 18, 6, 12, 8, 3, 5, 4, 1, 15, 11, 0, 19, 2, 10, 7, 13, 14, 9, 16]",1085.5,"[17, 18, 6, 12, 8, 3, 5, 4, 1, 15, 11, 0, 19, 2, 10, 7, 13, 14, 9, 16]",1085.5,14.268840551376343
"[17, 18, 6, 12, 8, 3, 5, 4, 1, 15, 11, 0, 19, 2, 10, 7, 13, 14, 9, 16]",1085.5,"[17, 18, 6, 12, 8, 3, 5, 4, 1, 15, 11, 0, 19, 2, 10, 7, 13, 14, 9, 16]",1085.5,14.347836017608643
"[17, 18, 6, 12, 8, 3, 5, 4, 1, 15, 11, 0, 19, 2, 10, 7, 13, 14, 9, 16]",1085.5,"[17, 18, 6, 12, 8, 3, 5, 4, 1, 15, 11, 0, 19, 2, 10, 7, 13, 14, 9, 16]",1085.5,14.423839330673218
"[17, 18, 6, 12, 8, 3, 5, 4, 1, 15, 11, 0, 19, 2, 10, 7, 13, 14, 9, 16]",1085.5,"[17, 18, 6, 12, 8, 3, 5, 4, 1, 15, 11, 0, 19, 2, 10, 7, 13, 14, 9, 16]",1085.5,14.500840425491333
"[17, 18, 6, 12, 8, 3, 5, 4, 1, 15, 11, 0, 19, 2, 10, 7, 13, 14, 9, 16]",1085.5,"[17, 18, 6, 12, 8, 3, 5, 4, 1, 15, 11, 0, 19, 2, 10, 7, 13, 14, 9, 16]",1085.5,14.57984185218811
"[17, 18, 6, 12, 8, 3, 5, 4, 1, 15, 11, 0, 19, 2, 10, 7, 13, 14, 9, 16]",1085.5,"[17, 18, 6, 12, 8, 3, 5, 4, 1, 15, 11, 0, 19, 2, 10, 7, 13, 14, 9, 16]",1085.5,14.656842708587646
"[17, 18, 6, 12, 8, 3, 5, 4, 1, 15, 11, 0, 19, 2, 10, 7, 13, 14, 9, 16]",1085.5,"[17, 18, 6, 12, 8, 3, 5, 4, 1, 15, 11, 0, 19, 2, 10, 7, 13, 14, 9, 16]",1085.5,14.734844207763672
"[17, 18, 6, 12, 8, 3, 5, 4, 1, 15, 11, 0, 19, 2, 10, 7, 13, 14, 9, 16]",1085.5,"[17, 18, 6, 12, 8, 3, 5, 4, 1, 15, 11, 0, 19, 2, 10, 7, 13, 14, 9, 16]",1085.5,14.810845136642456
"[17, 18, 6, 12, 8, 3, 5, 4, 1, 15, 11, 0, 19, 2, 10, 7, 13, 14, 9, 16]",1085.5,"[17, 18, 6, 12, 8, 3, 5, 4, 1, 15, 11, 0, 19, 2, 10, 7, 13, 14, 9, 16]",1085.5,14.88684606552124
"[17, 18, 6, 12, 8, 3, 5, 4, 1, 15, 11, 0, 19, 2, 10, 7, 13, 14, 9, 16]",1085.5,"[17, 18, 6, 12, 8, 3, 5, 4, 1, 15, 11, 0, 19, 2, 10, 7, 13, 14, 9, 16]",1085.5,14.962849140167236
"[17, 18, 6, 12, 8, 3, 5, 4, 1, 15, 11, 0, 19, 2, 10, 7, 13, 14, 9, 16]",1085.5,"[17, 18, 6, 12, 8, 3, 5, 4, 1, 15, 11, 0, 19, 2, 10, 7, 13, 14, 9, 16]",1085.5,15.041852474212646
"[17, 18, 6, 12, 8, 3, 5, 4, 1, 15, 11, 0, 19, 2, 10, 7, 13, 14, 9, 16]",1085.5,"[17, 18, 6, 12, 8, 3, 5, 4, 1, 15, 11, 0, 19, 2, 10, 7, 13, 14, 9, 16]",1085.5,15.118858098983765
"[17, 18, 6, 12, 8, 3, 5, 4, 1, 15, 11, 0, 19, 2, 10, 7, 13, 14, 9, 16]",1085.5,"[17, 18, 6, 12, 8, 3, 5, 4, 1, 15, 11, 0, 19, 2, 10, 7, 13, 14, 9, 16]",1085.5,15.195851564407349
"[17, 18, 6, 12, 8, 3, 5, 4, 1, 15, 11, 0, 19, 2, 10, 7, 13, 14, 9, 16]",1085.5,"[17, 18, 6, 12, 8, 3, 5, 4, 1, 15, 11, 0, 19, 2, 10, 7, 13, 14, 9, 16]",1085.5,15.272853374481201
"[17, 18, 6, 12, 8, 3, 5, 4, 1, 15, 11, 0, 19, 2, 10, 7, 13, 14, 9, 16]",1085.5,"[17, 18, 6, 12, 8, 3, 5, 4, 1, 15, 11, 0, 19, 2, 10, 7, 13, 14, 9, 16]",1085.5,15.35085415840149
