Sequence,Fitness,Best_sequence,Best_fitness,Time
"[19, 3, 18, 6, 13, 4, 0, 17, 12, 11, 15, 10, 9, 2, 16, 7, 8, 1, 5, 14]",765.0,"[19, 3, 18, 6, 13, 4, 0, 17, 12, 11, 15, 10, 9, 2, 16, 7, 8, 1, 5, 14]",765.0,0.0
"[19, 3, 18, 6, 13, 4, 0, 17, 12, 11, 15, 10, 9, 2, 16, 7, 8, 1, 5, 14]",765.0,"[19, 3, 18, 6, 13, 4, 0, 17, 12, 11, 15, 10, 9, 2, 16, 7, 8, 1, 5, 14]",765.0,0.06299805641174316
"[19, 3, 18, 15, 13, 4, 0, 17, 12, 11, 6, 10, 9, 2, 16, 7, 8, 1, 5, 14]",759.0,"[19, 3, 18, 15, 13, 4, 0, 17, 12, 11, 6, 10, 9, 2, 16, 7, 8, 1, 5, 14]",759.0,0.1250009536743164
"[19, 3, 18, 15, 13, 4, 0, 17, 12, 11, 6, 10, 9, 2, 16, 7, 8, 1, 5, 14]",759.0,"[19, 3, 18, 15, 13, 4, 0, 17, 12, 11, 6, 10, 9, 2, 16, 7, 8, 1, 5, 14]",759.0,0.18900179862976074
"[19, 3, 18, 15, 13, 4, 0, 17, 12, 11, 6, 10, 9, 2, 16, 7, 8, 1, 5, 14]",759.0,"[19, 3, 18, 15, 13, 4, 0, 17, 12, 11, 6, 10, 9, 2, 16, 7, 8, 1, 5, 14]",759.0,0.25000429153442383
"[19, 3, 18, 15, 13, 4, 0, 17, 12, 11, 6, 10, 9, 2, 16, 7, 8, 1, 5, 14]",759.0,"[19, 3, 18, 15, 13, 4, 0, 17, 12, 11, 6, 10, 9, 2, 16, 7, 8, 1, 5, 14]",759.0,0.3130013942718506
"[19, 3, 18, 15, 13, 4, 0, 17, 12, 11, 6, 10, 9, 2, 16, 7, 8, 1, 5, 14]",759.0,"[19, 3, 18, 15, 13, 4, 0, 17, 12, 11, 6, 10, 9, 2, 16, 7, 8, 1, 5, 14]",759.0,0.3770029544830322
"[19, 3, 18, 15, 13, 4, 0, 17, 12, 11, 6, 10, 9, 2, 16, 7, 8, 1, 5, 14]",759.0,"[19, 3, 18, 15, 13, 4, 0, 17, 12, 11, 6, 10, 9, 2, 16, 7, 8, 1, 5, 14]",759.0,0.4380052089691162
"[19, 3, 18, 15, 13, 4, 0, 17, 12, 11, 6, 10, 9, 2, 16, 7, 8, 1, 5, 14]",759.0,"[19, 3, 18, 15, 13, 4, 0, 17, 12, 11, 6, 10, 9, 2, 16, 7, 8, 1, 5, 14]",759.0,0.5040073394775391
"[19, 3, 18, 15, 13, 4, 0, 17, 12, 11, 6, 10, 9, 2, 16, 7, 8, 1, 5, 14]",759.0,"[19, 3, 18, 15, 13, 4, 0, 17, 12, 11, 6, 10, 9, 2, 16, 7, 8, 1, 5, 14]",759.0,0.5690081119537354
"[19, 3, 18, 15, 13, 4, 0, 17, 12, 11, 6, 10, 9, 2, 16, 7, 8, 1, 5, 14]",759.0,"[19, 3, 18, 15, 13, 4, 0, 17, 12, 11, 6, 10, 9, 2, 16, 7, 8, 1, 5, 14]",759.0,0.6350095272064209
"[19, 3, 18, 15, 13, 4, 0, 17, 12, 11, 6, 10, 9, 2, 16, 7, 8, 1, 5, 14]",759.0,"[19, 3, 18, 15, 13, 4, 0, 17, 12, 11, 6, 10, 9, 2, 16, 7, 8, 1, 5, 14]",759.0,0.6980078220367432
"[19, 3, 18, 15, 13, 4, 0, 17, 12, 11, 6, 10, 9, 2, 16, 7, 8, 1, 5, 14]",759.0,"[19, 3, 18, 15, 13, 4, 0, 17, 12, 11, 6, 10, 9, 2, 16, 7, 8, 1, 5, 14]",759.0,0.760009765625
"[19, 3, 18, 15, 13, 4, 0, 17, 12, 11, 6, 10, 9, 2, 16, 7, 8, 1, 5, 14]",759.0,"[19, 3, 18, 15, 13, 4, 0, 17, 12, 11, 6, 10, 9, 2, 16, 7, 8, 1, 5, 14]",759.0,0.8230102062225342
"[19, 3, 18, 15, 13, 4, 0, 17, 12, 11, 6, 10, 9, 2, 16, 7, 8, 5, 1, 14]",750.5,"[19, 3, 18, 15, 13, 4, 0, 17, 12, 11, 6, 10, 9, 2, 16, 7, 8, 5, 1, 14]",750.5,0.8860187530517578
"[19, 3, 18, 15, 13, 4, 0, 17, 12, 11, 6, 10, 9, 2, 16, 7, 8, 5, 1, 14]",750.5,"[19, 3, 18, 15, 13, 4, 0, 17, 12, 11, 6, 10, 9, 2, 16, 7, 8, 5, 1, 14]",750.5,0.9520180225372314
"[19, 3, 18, 15, 13, 4, 0, 17, 12, 11, 6, 10, 9, 2, 16, 7, 8, 5, 1, 14]",750.5,"[19, 3, 18, 15, 13, 4, 0, 17, 12, 11, 6, 10, 9, 2, 16, 7, 8, 5, 1, 14]",750.5,1.0180180072784424
"[19, 3, 18, 15, 13, 4, 0, 17, 12, 11, 6, 10, 9, 2, 16, 7, 8, 5, 1, 14]",750.5,"[19, 3, 18, 15, 13, 4, 0, 17, 12, 11, 6, 10, 9, 2, 16, 7, 8, 5, 1, 14]",750.5,1.0850214958190918
"[19, 3, 18, 15, 13, 4, 0, 17, 12, 11, 6, 10, 9, 2, 16, 7, 8, 5, 1, 14]",750.5,"[19, 3, 18, 15, 13, 4, 0, 17, 12, 11, 6, 10, 9, 2, 16, 7, 8, 5, 1, 14]",750.5,1.1470344066619873
"[19, 3, 18, 15, 13, 4, 0, 17, 12, 11, 6, 10, 9, 2, 16, 7, 8, 5, 1, 14]",750.5,"[19, 3, 18, 15, 13, 4, 0, 17, 12, 11, 6, 10, 9, 2, 16, 7, 8, 5, 1, 14]",750.5,1.2170195579528809
"[19, 3, 18, 15, 13, 4, 0, 17, 12, 11, 6, 10, 9, 2, 16, 7, 8, 5, 1, 14]",750.5,"[19, 3, 18, 15, 13, 4, 0, 17, 12, 11, 6, 10, 9, 2, 16, 7, 8, 5, 1, 14]",750.5,1.286020278930664
"[19, 3, 18, 15, 13, 4, 0, 17, 12, 11, 6, 10, 9, 2, 16, 7, 8, 5, 1, 14]",750.5,"[19, 3, 18, 15, 13, 4, 0, 17, 12, 11, 6, 10, 9, 2, 16, 7, 8, 5, 1, 14]",750.5,1.350022315979004
"[19, 3, 18, 15, 13, 4, 0, 17, 12, 11, 6, 10, 9, 2, 16, 7, 8, 5, 1, 14]",750.5,"[19, 3, 18, 15, 13, 4, 0, 17, 12, 11, 6, 10, 9, 2, 16, 7, 8, 5, 1, 14]",750.5,1.414060115814209
"[19, 3, 18, 15, 13, 4, 0, 17, 12, 11, 6, 10, 9, 2, 16, 7, 8, 5, 1, 14]",750.5,"[19, 3, 18, 15, 13, 4, 0, 17, 12, 11, 6, 10, 9, 2, 16, 7, 8, 5, 1, 14]",750.5,1.4790527820587158
"[19, 3, 18, 15, 13, 4, 0, 17, 12, 11, 6, 10, 9, 2, 16, 7, 8, 5, 1, 14]",750.5,"[19, 3, 18, 15, 13, 4, 0, 17, 12, 11, 6, 10, 9, 2, 16, 7, 8, 5, 1, 14]",750.5,1.5460567474365234
"[19, 3, 18, 15, 13, 4, 0, 17, 12, 11, 6, 14, 9, 2, 16, 7, 8, 5, 1, 10]",740.5,"[19, 3, 18, 15, 13, 4, 0, 17, 12, 11, 6, 14, 9, 2, 16, 7, 8, 5, 1, 10]",740.5,1.6190602779388428
"[19, 3, 18, 15, 13, 12, 0, 17, 4, 11, 6, 14, 9, 2, 16, 7, 8, 5, 1, 10]",738.5,"[19, 3, 18, 15, 13, 12, 0, 17, 4, 11, 6, 14, 9, 2, 16, 7, 8, 5, 1, 10]",738.5,1.685058355331421
"[19, 3, 18, 15, 13, 12, 0, 17, 4, 11, 6, 14, 9, 2, 16, 7, 8, 5, 1, 10]",738.5,"[19, 3, 18, 15, 13, 12, 0, 17, 4, 11, 6, 14, 9, 2, 16, 7, 8, 5, 1, 10]",738.5,1.7500624656677246
"[13, 3, 18, 15, 19, 12, 0, 17, 4, 11, 6, 14, 9, 2, 16, 7, 8, 5, 1, 10]",737.5,"[13, 3, 18, 15, 19, 12, 0, 17, 4, 11, 6, 14, 9, 2, 16, 7, 8, 5, 1, 10]",737.5,1.8150644302368164
"[13, 3, 18, 15, 19, 12, 0, 17, 4, 11, 6, 14, 9, 2, 16, 7, 8, 5, 1, 10]",737.5,"[13, 3, 18, 15, 19, 12, 0, 17, 4, 11, 6, 14, 9, 2, 16, 7, 8, 5, 1, 10]",737.5,1.8786320686340332
"[13, 3, 18, 15, 19, 12, 0, 17, 4, 11, 6, 14, 9, 2, 16, 7, 8, 5, 1, 10]",737.5,"[13, 3, 18, 15, 19, 12, 0, 17, 4, 11, 6, 14, 9, 2, 16, 7, 8, 5, 1, 10]",737.5,1.941629409790039
"[13, 3, 18, 15, 19, 12, 0, 17, 4, 11, 6, 14, 9, 2, 16, 7, 8, 5, 1, 10]",737.5,"[13, 3, 18, 15, 19, 12, 0, 17, 4, 11, 6, 14, 9, 2, 16, 7, 8, 5, 1, 10]",737.5,2.005634069442749
"[13, 3, 18, 15, 19, 12, 0, 17, 4, 11, 6, 14, 9, 2, 16, 7, 8, 5, 1, 10]",737.5,"[13, 3, 18, 15, 19, 12, 0, 17, 4, 11, 6, 14, 9, 2, 16, 7, 8, 5, 1, 10]",737.5,2.0706353187561035
"[13, 3, 18, 15, 19, 12, 0, 17, 4, 11, 6, 14, 9, 2, 16, 7, 8, 5, 1, 10]",737.5,"[13, 3, 18, 15, 19, 12, 0, 17, 4, 11, 6, 14, 9, 2, 16, 7, 8, 5, 1, 10]",737.5,2.1346404552459717
"[13, 3, 18, 15, 19, 12, 0, 17, 4, 11, 6, 14, 9, 2, 16, 7, 8, 5, 1, 10]",737.5,"[13, 3, 18, 15, 19, 12, 0, 17, 4, 11, 6, 14, 9, 2, 16, 7, 8, 5, 1, 10]",737.5,2.197638988494873
"[13, 3, 18, 15, 19, 12, 0, 17, 4, 11, 6, 14, 9, 2, 16, 7, 8, 5, 1, 10]",737.5,"[13, 3, 18, 15, 19, 12, 0, 17, 4, 11, 6, 14, 9, 2, 16, 7, 8, 5, 1, 10]",737.5,2.261651039123535
"[15, 3, 18, 13, 19, 12, 0, 17, 4, 11, 6, 14, 9, 2, 16, 7, 8, 5, 1, 10]",737.0,"[15, 3, 18, 13, 19, 12, 0, 17, 4, 11, 6, 14, 9, 2, 16, 7, 8, 5, 1, 10]",737.0,2.326637029647827
"[15, 3, 18, 13, 19, 12, 0, 17, 4, 11, 6, 14, 9, 2, 16, 7, 8, 5, 1, 10]",737.0,"[15, 3, 18, 13, 19, 12, 0, 17, 4, 11, 6, 14, 9, 2, 16, 7, 8, 5, 1, 10]",737.0,2.3906431198120117
"[15, 3, 18, 13, 19, 12, 0, 17, 4, 11, 5, 14, 9, 2, 16, 7, 8, 6, 1, 10]",733.0,"[15, 3, 18, 13, 19, 12, 0, 17, 4, 11, 5, 14, 9, 2, 16, 7, 8, 6, 1, 10]",733.0,2.4536430835723877
"[15, 3, 18, 13, 19, 12, 0, 17, 4, 11, 5, 14, 9, 2, 16, 7, 8, 6, 1, 10]",733.0,"[15, 3, 18, 13, 19, 12, 0, 17, 4, 11, 5, 14, 9, 2, 16, 7, 8, 6, 1, 10]",733.0,2.51664137840271
"[15, 3, 18, 13, 19, 12, 0, 17, 4, 11, 5, 14, 9, 2, 16, 7, 8, 6, 1, 10]",733.0,"[15, 3, 18, 13, 19, 12, 0, 17, 4, 11, 5, 14, 9, 2, 16, 7, 8, 6, 1, 10]",733.0,2.5866429805755615
"[15, 3, 18, 13, 19, 12, 0, 17, 4, 11, 5, 14, 9, 2, 16, 7, 8, 6, 1, 10]",733.0,"[15, 3, 18, 13, 19, 12, 0, 17, 4, 11, 5, 14, 9, 2, 16, 7, 8, 6, 1, 10]",733.0,2.6506423950195312
"[15, 3, 18, 13, 19, 12, 0, 17, 4, 11, 5, 14, 9, 2, 16, 7, 8, 6, 1, 10]",733.0,"[15, 3, 18, 13, 19, 12, 0, 17, 4, 11, 5, 14, 9, 2, 16, 7, 8, 6, 1, 10]",733.0,2.7146451473236084
"[15, 3, 18, 13, 19, 12, 7, 17, 4, 11, 5, 14, 9, 2, 16, 0, 8, 6, 1, 10]",721.0,"[15, 3, 18, 13, 19, 12, 7, 17, 4, 11, 5, 14, 9, 2, 16, 0, 8, 6, 1, 10]",721.0,2.7816693782806396
"[15, 3, 18, 13, 19, 12, 7, 17, 4, 11, 5, 14, 9, 2, 16, 0, 8, 6, 1, 10]",721.0,"[15, 3, 18, 13, 19, 12, 7, 17, 4, 11, 5, 14, 9, 2, 16, 0, 8, 6, 1, 10]",721.0,2.8436665534973145
"[15, 3, 18, 13, 19, 12, 7, 17, 4, 11, 5, 14, 9, 2, 16, 0, 8, 6, 1, 10]",721.0,"[15, 3, 18, 13, 19, 12, 7, 17, 4, 11, 5, 14, 9, 2, 16, 0, 8, 6, 1, 10]",721.0,2.9086484909057617
"[15, 3, 18, 13, 19, 12, 7, 17, 4, 11, 5, 14, 9, 2, 16, 0, 8, 6, 1, 10]",721.0,"[15, 3, 18, 13, 19, 12, 7, 17, 4, 11, 5, 14, 9, 2, 16, 0, 8, 6, 1, 10]",721.0,2.971653938293457
"[15, 3, 18, 13, 19, 12, 7, 17, 4, 11, 5, 14, 9, 2, 16, 0, 8, 6, 1, 10]",721.0,"[15, 3, 18, 13, 19, 12, 7, 17, 4, 11, 5, 14, 9, 2, 16, 0, 8, 6, 1, 10]",721.0,3.0346505641937256
"[15, 3, 18, 13, 19, 12, 7, 17, 4, 11, 5, 14, 9, 2, 16, 0, 8, 6, 1, 10]",721.0,"[15, 3, 18, 13, 19, 12, 7, 17, 4, 11, 5, 14, 9, 2, 16, 0, 8, 6, 1, 10]",721.0,3.0996623039245605
"[15, 3, 18, 13, 19, 12, 7, 17, 4, 11, 5, 14, 9, 2, 16, 0, 8, 6, 1, 10]",721.0,"[15, 3, 18, 13, 19, 12, 7, 17, 4, 11, 5, 14, 9, 2, 16, 0, 8, 6, 1, 10]",721.0,3.16365647315979
"[15, 3, 18, 13, 19, 12, 7, 17, 4, 11, 5, 14, 9, 2, 16, 0, 8, 6, 1, 10]",721.0,"[15, 3, 18, 13, 19, 12, 7, 17, 4, 11, 5, 14, 9, 2, 16, 0, 8, 6, 1, 10]",721.0,3.2296581268310547
"[15, 3, 18, 13, 19, 12, 7, 17, 4, 11, 5, 14, 9, 2, 16, 0, 8, 6, 1, 10]",721.0,"[15, 3, 18, 13, 19, 12, 7, 17, 4, 11, 5, 14, 9, 2, 16, 0, 8, 6, 1, 10]",721.0,3.293661117553711
"[15, 3, 18, 13, 19, 12, 7, 17, 4, 0, 5, 14, 9, 2, 16, 11, 8, 6, 1, 10]",717.5,"[15, 3, 18, 13, 19, 12, 7, 17, 4, 0, 5, 14, 9, 2, 16, 11, 8, 6, 1, 10]",717.5,3.358665704727173
"[15, 3, 18, 13, 19, 12, 7, 17, 4, 0, 5, 14, 9, 2, 16, 11, 8, 6, 1, 10]",717.5,"[15, 3, 18, 13, 19, 12, 7, 17, 4, 0, 5, 14, 9, 2, 16, 11, 8, 6, 1, 10]",717.5,3.42465877532959
"[15, 3, 18, 13, 19, 12, 7, 17, 4, 0, 5, 14, 9, 2, 16, 11, 8, 6, 1, 10]",717.5,"[15, 3, 18, 13, 19, 12, 7, 17, 4, 0, 5, 14, 9, 2, 16, 11, 8, 6, 1, 10]",717.5,3.4886627197265625
"[15, 3, 18, 13, 19, 12, 7, 17, 4, 0, 5, 14, 9, 2, 16, 11, 8, 6, 1, 10]",717.5,"[15, 3, 18, 13, 19, 12, 7, 17, 4, 0, 5, 14, 9, 2, 16, 11, 8, 6, 1, 10]",717.5,3.551664113998413
"[15, 3, 18, 13, 19, 12, 7, 17, 4, 0, 5, 14, 9, 2, 16, 11, 8, 6, 1, 10]",717.5,"[15, 3, 18, 13, 19, 12, 7, 17, 4, 0, 5, 14, 9, 2, 16, 11, 8, 6, 1, 10]",717.5,3.6156728267669678
"[15, 3, 18, 13, 19, 12, 7, 17, 4, 0, 5, 14, 9, 2, 16, 11, 8, 6, 1, 10]",717.5,"[15, 3, 18, 13, 19, 12, 7, 17, 4, 0, 5, 14, 9, 2, 16, 11, 8, 6, 1, 10]",717.5,3.6776633262634277
"[15, 3, 18, 13, 19, 12, 7, 17, 4, 0, 5, 14, 9, 2, 16, 11, 8, 6, 1, 10]",717.5,"[15, 3, 18, 13, 19, 12, 7, 17, 4, 0, 5, 14, 9, 2, 16, 11, 8, 6, 1, 10]",717.5,3.7416651248931885
"[15, 3, 18, 13, 19, 17, 7, 12, 4, 0, 5, 14, 9, 2, 16, 11, 8, 6, 1, 10]",713.5,"[15, 3, 18, 13, 19, 17, 7, 12, 4, 0, 5, 14, 9, 2, 16, 11, 8, 6, 1, 10]",713.5,3.8046724796295166
"[15, 3, 18, 13, 19, 17, 7, 12, 4, 0, 5, 14, 9, 2, 16, 11, 8, 6, 1, 10]",713.5,"[15, 3, 18, 13, 19, 17, 7, 12, 4, 0, 5, 14, 9, 2, 16, 11, 8, 6, 1, 10]",713.5,3.867672920227051
"[15, 3, 18, 13, 19, 17, 7, 12, 4, 0, 5, 14, 9, 2, 16, 11, 8, 6, 1, 10]",713.5,"[15, 3, 18, 13, 19, 17, 7, 12, 4, 0, 5, 14, 9, 2, 16, 11, 8, 6, 1, 10]",713.5,3.933668375015259
"[15, 3, 18, 13, 19, 17, 7, 12, 4, 0, 5, 14, 9, 2, 16, 11, 8, 6, 1, 10]",713.5,"[15, 3, 18, 13, 19, 17, 7, 12, 4, 0, 5, 14, 9, 2, 16, 11, 8, 6, 1, 10]",713.5,3.9976704120635986
"[15, 3, 18, 13, 19, 17, 7, 12, 4, 0, 5, 14, 9, 2, 16, 11, 10, 6, 1, 8]",709.0,"[15, 3, 18, 13, 19, 17, 7, 12, 4, 0, 5, 14, 9, 2, 16, 11, 10, 6, 1, 8]",709.0,4.058671712875366
"[15, 3, 18, 13, 19, 17, 7, 12, 4, 0, 5, 14, 9, 2, 16, 11, 10, 6, 1, 8]",709.0,"[15, 3, 18, 13, 19, 17, 7, 12, 4, 0, 5, 14, 9, 2, 16, 11, 10, 6, 1, 8]",709.0,4.12267279624939
"[15, 3, 18, 13, 19, 17, 7, 12, 4, 0, 5, 14, 9, 2, 16, 11, 10, 6, 1, 8]",709.0,"[15, 3, 18, 13, 19, 17, 7, 12, 4, 0, 5, 14, 9, 2, 16, 11, 10, 6, 1, 8]",709.0,4.18867301940918
"[15, 3, 18, 13, 19, 17, 7, 12, 4, 0, 5, 14, 9, 2, 16, 11, 10, 6, 1, 8]",709.0,"[15, 3, 18, 13, 19, 17, 7, 12, 4, 0, 5, 14, 9, 2, 16, 11, 10, 6, 1, 8]",709.0,4.254676818847656
"[15, 3, 18, 13, 19, 17, 7, 12, 4, 0, 5, 14, 9, 2, 16, 11, 10, 6, 1, 8]",709.0,"[15, 3, 18, 13, 19, 17, 7, 12, 4, 0, 5, 14, 9, 2, 16, 11, 10, 6, 1, 8]",709.0,4.320677042007446
"[15, 3, 18, 13, 19, 17, 7, 12, 4, 0, 5, 14, 9, 2, 16, 8, 10, 6, 1, 11]",705.0,"[15, 3, 18, 13, 19, 17, 7, 12, 4, 0, 5, 14, 9, 2, 16, 8, 10, 6, 1, 11]",705.0,4.3886802196502686
"[15, 3, 18, 13, 19, 17, 7, 12, 4, 0, 5, 14, 9, 2, 16, 8, 10, 6, 1, 11]",705.0,"[15, 3, 18, 13, 19, 17, 7, 12, 4, 0, 5, 14, 9, 2, 16, 8, 10, 6, 1, 11]",705.0,4.453680515289307
"[15, 3, 18, 13, 19, 17, 7, 12, 4, 0, 5, 14, 9, 2, 16, 8, 10, 6, 1, 11]",705.0,"[15, 3, 18, 13, 19, 17, 7, 12, 4, 0, 5, 14, 9, 2, 16, 8, 10, 6, 1, 11]",705.0,4.517679691314697
"[15, 3, 18, 13, 19, 17, 7, 12, 4, 0, 5, 14, 9, 2, 16, 8, 10, 6, 1, 11]",705.0,"[15, 3, 18, 13, 19, 17, 7, 12, 4, 0, 5, 14, 9, 2, 16, 8, 10, 6, 1, 11]",705.0,4.582679748535156
"[15, 3, 18, 13, 19, 17, 7, 12, 4, 0, 5, 14, 9, 2, 16, 8, 10, 6, 1, 11]",705.0,"[15, 3, 18, 13, 19, 17, 7, 12, 4, 0, 5, 14, 9, 2, 16, 8, 10, 6, 1, 11]",705.0,4.647684574127197
"[15, 3, 18, 13, 19, 17, 7, 12, 4, 0, 5, 14, 9, 2, 16, 8, 10, 6, 1, 11]",705.0,"[15, 3, 18, 13, 19, 17, 7, 12, 4, 0, 5, 14, 9, 2, 16, 8, 10, 6, 1, 11]",705.0,4.7116827964782715
"[15, 3, 18, 13, 19, 17, 7, 12, 4, 0, 5, 14, 9, 2, 16, 8, 10, 6, 1, 11]",705.0,"[15, 3, 18, 13, 19, 17, 7, 12, 4, 0, 5, 14, 9, 2, 16, 8, 10, 6, 1, 11]",705.0,4.775689125061035
"[15, 3, 18, 13, 19, 17, 7, 12, 4, 0, 5, 14, 9, 2, 16, 8, 10, 6, 1, 11]",705.0,"[15, 3, 18, 13, 19, 17, 7, 12, 4, 0, 5, 14, 9, 2, 16, 8, 10, 6, 1, 11]",705.0,4.838689565658569
"[15, 3, 18, 13, 19, 17, 7, 12, 4, 0, 5, 14, 9, 2, 16, 8, 10, 6, 1, 11]",705.0,"[15, 3, 18, 13, 19, 17, 7, 12, 4, 0, 5, 14, 9, 2, 16, 8, 10, 6, 1, 11]",705.0,4.902687311172485
"[15, 3, 18, 13, 19, 17, 7, 12, 4, 0, 5, 14, 9, 2, 16, 8, 10, 6, 1, 11]",705.0,"[15, 3, 18, 13, 19, 17, 7, 12, 4, 0, 5, 14, 9, 2, 16, 8, 10, 6, 1, 11]",705.0,4.969688653945923
"[15, 3, 18, 13, 19, 17, 7, 12, 4, 0, 5, 14, 9, 2, 16, 8, 10, 6, 1, 11]",705.0,"[15, 3, 18, 13, 19, 17, 7, 12, 4, 0, 5, 14, 9, 2, 16, 8, 10, 6, 1, 11]",705.0,5.031720399856567
"[15, 3, 18, 13, 19, 17, 7, 12, 4, 0, 5, 14, 9, 2, 16, 8, 10, 6, 1, 11]",705.0,"[15, 3, 18, 13, 19, 17, 7, 12, 4, 0, 5, 14, 9, 2, 16, 8, 10, 6, 1, 11]",705.0,5.098692893981934
"[15, 3, 18, 13, 19, 17, 7, 12, 4, 0, 5, 14, 9, 2, 16, 8, 10, 6, 1, 11]",705.0,"[15, 3, 18, 13, 19, 17, 7, 12, 4, 0, 5, 14, 9, 2, 16, 8, 10, 6, 1, 11]",705.0,5.160698175430298
"[15, 3, 18, 13, 19, 17, 7, 12, 4, 0, 5, 14, 9, 2, 16, 8, 10, 6, 1, 11]",705.0,"[15, 3, 18, 13, 19, 17, 7, 12, 4, 0, 5, 14, 9, 2, 16, 8, 10, 6, 1, 11]",705.0,5.229698419570923
"[15, 3, 18, 13, 19, 17, 7, 12, 4, 0, 5, 14, 9, 2, 16, 8, 10, 6, 1, 11]",705.0,"[15, 3, 18, 13, 19, 17, 7, 12, 4, 0, 5, 14, 9, 2, 16, 8, 10, 6, 1, 11]",705.0,5.2916975021362305
"[15, 3, 18, 13, 19, 17, 7, 12, 4, 0, 5, 14, 9, 2, 16, 8, 10, 6, 1, 11]",705.0,"[15, 3, 18, 13, 19, 17, 7, 12, 4, 0, 5, 14, 9, 2, 16, 8, 10, 6, 1, 11]",705.0,5.355706214904785
"[15, 3, 18, 13, 19, 17, 7, 12, 4, 0, 5, 14, 9, 2, 16, 8, 10, 6, 1, 11]",705.0,"[15, 3, 18, 13, 19, 17, 7, 12, 4, 0, 5, 14, 9, 2, 16, 8, 10, 6, 1, 11]",705.0,5.418700218200684
"[15, 3, 18, 13, 19, 17, 7, 12, 4, 0, 5, 14, 9, 2, 16, 8, 10, 6, 1, 11]",705.0,"[15, 3, 18, 13, 19, 17, 7, 12, 4, 0, 5, 14, 9, 2, 16, 8, 10, 6, 1, 11]",705.0,5.480700492858887
"[15, 3, 18, 13, 19, 17, 7, 12, 4, 0, 5, 14, 9, 2, 16, 8, 10, 6, 1, 11]",705.0,"[15, 3, 18, 13, 19, 17, 7, 12, 4, 0, 5, 14, 9, 2, 16, 8, 10, 6, 1, 11]",705.0,5.546700954437256
"[15, 3, 18, 13, 19, 17, 7, 12, 4, 0, 5, 14, 9, 2, 16, 8, 10, 6, 1, 11]",705.0,"[15, 3, 18, 13, 19, 17, 7, 12, 4, 0, 5, 14, 9, 2, 16, 8, 10, 6, 1, 11]",705.0,5.612703084945679
"[15, 3, 18, 13, 19, 17, 7, 12, 4, 0, 5, 14, 9, 2, 16, 8, 10, 6, 1, 11]",705.0,"[15, 3, 18, 13, 19, 17, 7, 12, 4, 0, 5, 14, 9, 2, 16, 8, 10, 6, 1, 11]",705.0,5.677704811096191
"[15, 3, 18, 13, 19, 17, 7, 12, 4, 0, 5, 14, 9, 2, 16, 8, 10, 6, 1, 11]",705.0,"[15, 3, 18, 13, 19, 17, 7, 12, 4, 0, 5, 14, 9, 2, 16, 8, 10, 6, 1, 11]",705.0,5.741705656051636
"[15, 3, 18, 13, 19, 17, 7, 12, 4, 0, 5, 14, 9, 2, 16, 8, 10, 6, 1, 11]",705.0,"[15, 3, 18, 13, 19, 17, 7, 12, 4, 0, 5, 14, 9, 2, 16, 8, 10, 6, 1, 11]",705.0,5.806708335876465
"[15, 3, 18, 13, 19, 17, 7, 12, 4, 0, 5, 14, 9, 2, 16, 8, 10, 6, 1, 11]",705.0,"[15, 3, 18, 13, 19, 17, 7, 12, 4, 0, 5, 14, 9, 2, 16, 8, 10, 6, 1, 11]",705.0,5.8997087478637695
"[15, 3, 18, 13, 19, 17, 7, 12, 4, 0, 5, 14, 9, 2, 16, 8, 10, 6, 1, 11]",705.0,"[15, 3, 18, 13, 19, 17, 7, 12, 4, 0, 5, 14, 9, 2, 16, 8, 10, 6, 1, 11]",705.0,5.964709997177124
"[15, 3, 18, 13, 19, 17, 7, 12, 4, 0, 5, 14, 9, 2, 16, 8, 10, 6, 1, 11]",705.0,"[15, 3, 18, 13, 19, 17, 7, 12, 4, 0, 5, 14, 9, 2, 16, 8, 10, 6, 1, 11]",705.0,6.033709764480591
"[15, 3, 18, 13, 19, 17, 7, 12, 4, 0, 5, 14, 9, 2, 16, 8, 10, 6, 1, 11]",705.0,"[15, 3, 18, 13, 19, 17, 7, 12, 4, 0, 5, 14, 9, 2, 16, 8, 10, 6, 1, 11]",705.0,6.100715637207031
"[15, 3, 18, 13, 19, 17, 7, 12, 4, 0, 5, 14, 9, 2, 16, 8, 10, 6, 1, 11]",705.0,"[15, 3, 18, 13, 19, 17, 7, 12, 4, 0, 5, 14, 9, 2, 16, 8, 10, 6, 1, 11]",705.0,6.164716482162476
"[15, 3, 18, 13, 19, 17, 7, 12, 4, 0, 5, 14, 9, 2, 16, 8, 10, 6, 1, 11]",705.0,"[15, 3, 18, 13, 19, 17, 7, 12, 4, 0, 5, 14, 9, 2, 16, 8, 10, 6, 1, 11]",705.0,6.228712320327759
"[15, 3, 18, 13, 19, 17, 7, 12, 4, 0, 5, 14, 9, 2, 16, 8, 10, 6, 1, 11]",705.0,"[15, 3, 18, 13, 19, 17, 7, 12, 4, 0, 5, 14, 9, 2, 16, 8, 10, 6, 1, 11]",705.0,6.290713548660278
"[15, 3, 18, 13, 19, 17, 7, 12, 4, 0, 5, 14, 9, 2, 16, 8, 10, 6, 1, 11]",705.0,"[15, 3, 18, 13, 19, 17, 7, 12, 4, 0, 5, 14, 9, 2, 16, 8, 10, 6, 1, 11]",705.0,6.353718996047974
"[15, 3, 18, 13, 19, 17, 7, 12, 4, 0, 5, 14, 9, 2, 16, 8, 10, 6, 1, 11]",705.0,"[15, 3, 18, 13, 19, 17, 7, 12, 4, 0, 5, 14, 9, 2, 16, 8, 10, 6, 1, 11]",705.0,6.416719675064087
"[15, 3, 18, 13, 19, 17, 7, 12, 4, 0, 5, 14, 9, 2, 16, 8, 10, 6, 1, 11]",705.0,"[15, 3, 18, 13, 19, 17, 7, 12, 4, 0, 5, 14, 9, 2, 16, 8, 10, 6, 1, 11]",705.0,6.482725620269775
"[15, 3, 18, 13, 19, 17, 7, 12, 4, 0, 5, 14, 9, 2, 16, 8, 10, 6, 1, 11]",705.0,"[15, 3, 18, 13, 19, 17, 7, 12, 4, 0, 5, 14, 9, 2, 16, 8, 10, 6, 1, 11]",705.0,6.543730735778809
"[15, 3, 18, 13, 19, 17, 7, 12, 4, 0, 5, 14, 9, 2, 16, 8, 10, 6, 1, 11]",705.0,"[15, 3, 18, 13, 19, 17, 7, 12, 4, 0, 5, 14, 9, 2, 16, 8, 10, 6, 1, 11]",705.0,6.605722904205322
"[15, 3, 18, 13, 19, 17, 7, 12, 4, 0, 5, 14, 9, 2, 16, 8, 10, 6, 1, 11]",705.0,"[15, 3, 18, 13, 19, 17, 7, 12, 4, 0, 5, 14, 9, 2, 16, 8, 10, 6, 1, 11]",705.0,6.6688807010650635
"[15, 3, 18, 13, 19, 17, 7, 12, 4, 0, 5, 14, 9, 2, 16, 8, 10, 6, 1, 11]",705.0,"[15, 3, 18, 13, 19, 17, 7, 12, 4, 0, 5, 14, 9, 2, 16, 8, 10, 6, 1, 11]",705.0,6.732724905014038
"[15, 3, 18, 13, 19, 17, 7, 12, 4, 0, 5, 14, 9, 2, 16, 8, 10, 6, 1, 11]",705.0,"[15, 3, 18, 13, 19, 17, 7, 12, 4, 0, 5, 14, 9, 2, 16, 8, 10, 6, 1, 11]",705.0,6.796726226806641
"[15, 3, 18, 13, 19, 17, 7, 12, 4, 0, 5, 14, 9, 2, 16, 8, 10, 6, 1, 11]",705.0,"[15, 3, 18, 13, 19, 17, 7, 12, 4, 0, 5, 14, 9, 2, 16, 8, 10, 6, 1, 11]",705.0,6.8627424240112305
"[15, 3, 18, 13, 19, 17, 7, 12, 4, 0, 5, 14, 9, 2, 16, 8, 10, 6, 1, 11]",705.0,"[15, 3, 18, 13, 19, 17, 7, 12, 4, 0, 5, 14, 9, 2, 16, 8, 10, 6, 1, 11]",705.0,6.925725936889648
"[15, 3, 18, 13, 19, 17, 7, 12, 4, 0, 5, 14, 9, 2, 16, 8, 10, 6, 1, 11]",705.0,"[15, 3, 18, 13, 19, 17, 7, 12, 4, 0, 5, 14, 9, 2, 16, 8, 10, 6, 1, 11]",705.0,6.992727756500244
"[15, 3, 18, 13, 19, 17, 7, 12, 4, 0, 5, 14, 9, 2, 16, 8, 10, 6, 1, 11]",705.0,"[15, 3, 18, 13, 19, 17, 7, 12, 4, 0, 5, 14, 9, 2, 16, 8, 10, 6, 1, 11]",705.0,7.057733535766602
"[15, 3, 18, 13, 19, 17, 7, 12, 4, 0, 5, 14, 9, 2, 16, 8, 10, 6, 1, 11]",705.0,"[15, 3, 18, 13, 19, 17, 7, 12, 4, 0, 5, 14, 9, 2, 16, 8, 10, 6, 1, 11]",705.0,7.118731737136841
"[15, 3, 18, 13, 19, 17, 7, 12, 4, 0, 5, 14, 9, 2, 16, 8, 10, 6, 1, 11]",705.0,"[15, 3, 18, 13, 19, 17, 7, 12, 4, 0, 5, 14, 9, 2, 16, 8, 10, 6, 1, 11]",705.0,7.184733629226685
"[15, 3, 18, 13, 19, 17, 7, 12, 4, 0, 5, 14, 9, 2, 16, 8, 10, 6, 1, 11]",705.0,"[15, 3, 18, 13, 19, 17, 7, 12, 4, 0, 5, 14, 9, 2, 16, 8, 10, 6, 1, 11]",705.0,7.248735666275024
"[15, 3, 18, 13, 19, 17, 7, 12, 4, 0, 5, 14, 9, 2, 16, 8, 10, 6, 1, 11]",705.0,"[15, 3, 18, 13, 19, 17, 7, 12, 4, 0, 5, 14, 9, 2, 16, 8, 10, 6, 1, 11]",705.0,7.313734769821167
"[15, 3, 18, 13, 19, 17, 7, 12, 4, 0, 5, 14, 9, 2, 16, 8, 10, 6, 1, 11]",705.0,"[15, 3, 18, 13, 19, 17, 7, 12, 4, 0, 5, 14, 9, 2, 16, 8, 10, 6, 1, 11]",705.0,7.378734588623047
"[15, 3, 18, 13, 19, 17, 7, 12, 4, 0, 5, 14, 9, 2, 16, 8, 10, 6, 1, 11]",705.0,"[15, 3, 18, 13, 19, 17, 7, 12, 4, 0, 5, 14, 9, 2, 16, 8, 10, 6, 1, 11]",705.0,7.44274115562439
"[15, 3, 18, 13, 19, 17, 7, 12, 4, 0, 5, 14, 9, 2, 16, 8, 10, 6, 1, 11]",705.0,"[15, 3, 18, 13, 19, 17, 7, 12, 4, 0, 5, 14, 9, 2, 16, 8, 10, 6, 1, 11]",705.0,7.506736993789673
"[15, 3, 18, 13, 19, 17, 7, 12, 4, 0, 5, 14, 9, 2, 16, 8, 10, 6, 1, 11]",705.0,"[15, 3, 18, 13, 19, 17, 7, 12, 4, 0, 5, 14, 9, 2, 16, 8, 10, 6, 1, 11]",705.0,7.571739912033081
"[15, 3, 18, 13, 19, 17, 7, 12, 4, 0, 5, 14, 9, 2, 16, 8, 10, 6, 1, 11]",705.0,"[15, 3, 18, 13, 19, 17, 7, 12, 4, 0, 5, 14, 9, 2, 16, 8, 10, 6, 1, 11]",705.0,7.63974404335022
"[15, 3, 18, 13, 19, 17, 7, 12, 4, 0, 5, 14, 9, 2, 16, 8, 10, 6, 1, 11]",705.0,"[15, 3, 18, 13, 19, 17, 7, 12, 4, 0, 5, 14, 9, 2, 16, 8, 10, 6, 1, 11]",705.0,7.7037436962127686
"[15, 3, 18, 13, 19, 17, 7, 12, 4, 0, 5, 14, 9, 2, 16, 8, 10, 6, 1, 11]",705.0,"[15, 3, 18, 13, 19, 17, 7, 12, 4, 0, 5, 14, 9, 2, 16, 8, 10, 6, 1, 11]",705.0,7.762743234634399
"[15, 3, 18, 13, 19, 17, 7, 12, 4, 0, 5, 14, 9, 2, 16, 8, 10, 6, 1, 11]",705.0,"[15, 3, 18, 13, 19, 17, 7, 12, 4, 0, 5, 14, 9, 2, 16, 8, 10, 6, 1, 11]",705.0,7.827743768692017
"[15, 3, 18, 13, 19, 17, 7, 12, 4, 0, 5, 14, 9, 2, 16, 8, 10, 6, 1, 11]",705.0,"[15, 3, 18, 13, 19, 17, 7, 12, 4, 0, 5, 14, 9, 2, 16, 8, 10, 6, 1, 11]",705.0,7.889747619628906
"[15, 3, 18, 13, 19, 17, 7, 12, 4, 0, 5, 14, 9, 2, 16, 8, 10, 6, 1, 11]",705.0,"[15, 3, 18, 13, 19, 17, 7, 12, 4, 0, 5, 14, 9, 2, 16, 8, 10, 6, 1, 11]",705.0,7.95474648475647
"[15, 3, 18, 13, 19, 17, 7, 12, 4, 0, 5, 14, 9, 2, 16, 8, 10, 6, 1, 11]",705.0,"[15, 3, 18, 13, 19, 17, 7, 12, 4, 0, 5, 14, 9, 2, 16, 8, 10, 6, 1, 11]",705.0,8.019752740859985
"[15, 3, 18, 13, 19, 17, 7, 12, 4, 0, 5, 14, 9, 2, 16, 8, 10, 6, 1, 11]",705.0,"[15, 3, 18, 13, 19, 17, 7, 12, 4, 0, 5, 14, 9, 2, 16, 8, 10, 6, 1, 11]",705.0,8.083748579025269
"[15, 3, 18, 13, 19, 17, 7, 12, 4, 0, 5, 14, 9, 2, 16, 8, 10, 6, 1, 11]",705.0,"[15, 3, 18, 13, 19, 17, 7, 12, 4, 0, 5, 14, 9, 2, 16, 8, 10, 6, 1, 11]",705.0,8.143749237060547
"[15, 3, 18, 13, 19, 17, 7, 12, 4, 0, 5, 14, 9, 2, 16, 8, 10, 6, 1, 11]",705.0,"[15, 3, 18, 13, 19, 17, 7, 12, 4, 0, 5, 14, 9, 2, 16, 8, 10, 6, 1, 11]",705.0,8.205750703811646
"[15, 3, 18, 13, 19, 17, 7, 12, 4, 0, 5, 14, 9, 2, 16, 8, 10, 6, 1, 11]",705.0,"[15, 3, 18, 13, 19, 17, 7, 12, 4, 0, 5, 14, 9, 2, 16, 8, 10, 6, 1, 11]",705.0,8.273756265640259
"[15, 3, 18, 13, 19, 17, 7, 12, 4, 0, 5, 14, 9, 2, 16, 8, 10, 6, 1, 11]",705.0,"[15, 3, 18, 13, 19, 17, 7, 12, 4, 0, 5, 14, 9, 2, 16, 8, 10, 6, 1, 11]",705.0,8.340751647949219
"[15, 3, 18, 13, 19, 17, 7, 12, 4, 0, 5, 14, 9, 2, 16, 8, 10, 6, 1, 11]",705.0,"[15, 3, 18, 13, 19, 17, 7, 12, 4, 0, 5, 14, 9, 2, 16, 8, 10, 6, 1, 11]",705.0,8.40475583076477
"[15, 3, 18, 13, 19, 17, 7, 12, 4, 0, 5, 14, 9, 2, 16, 8, 10, 6, 1, 11]",705.0,"[15, 3, 18, 13, 19, 17, 7, 12, 4, 0, 5, 14, 9, 2, 16, 8, 10, 6, 1, 11]",705.0,8.46776032447815
"[15, 3, 18, 13, 19, 17, 7, 12, 4, 0, 5, 14, 9, 2, 16, 8, 10, 6, 1, 11]",705.0,"[15, 3, 18, 13, 19, 17, 7, 12, 4, 0, 5, 14, 9, 2, 16, 8, 10, 6, 1, 11]",705.0,8.530759334564209
"[15, 3, 18, 13, 19, 17, 7, 12, 4, 0, 5, 14, 9, 2, 16, 8, 10, 6, 1, 11]",705.0,"[15, 3, 18, 13, 19, 17, 7, 12, 4, 0, 5, 14, 9, 2, 16, 8, 10, 6, 1, 11]",705.0,8.596766710281372
"[15, 3, 18, 13, 19, 17, 7, 12, 4, 0, 5, 14, 9, 2, 16, 8, 10, 6, 1, 11]",705.0,"[15, 3, 18, 13, 19, 17, 7, 12, 4, 0, 5, 14, 9, 2, 16, 8, 10, 6, 1, 11]",705.0,8.659769535064697
"[15, 3, 18, 13, 19, 17, 7, 12, 4, 0, 5, 14, 9, 2, 16, 8, 10, 6, 1, 11]",705.0,"[15, 3, 18, 13, 19, 17, 7, 12, 4, 0, 5, 14, 9, 2, 16, 8, 10, 6, 1, 11]",705.0,8.726760387420654
"[15, 3, 18, 13, 19, 17, 7, 12, 4, 0, 5, 14, 9, 2, 16, 8, 10, 6, 1, 11]",705.0,"[15, 3, 18, 13, 19, 17, 7, 12, 4, 0, 5, 14, 9, 2, 16, 8, 10, 6, 1, 11]",705.0,8.790764093399048
"[15, 3, 18, 13, 19, 17, 7, 12, 4, 0, 5, 14, 9, 2, 16, 8, 10, 6, 1, 11]",705.0,"[15, 3, 18, 13, 19, 17, 7, 12, 4, 0, 5, 14, 9, 2, 16, 8, 10, 6, 1, 11]",705.0,8.856766700744629
"[15, 3, 18, 13, 19, 17, 7, 12, 4, 0, 5, 14, 9, 2, 16, 8, 10, 6, 1, 11]",705.0,"[15, 3, 18, 13, 19, 17, 7, 12, 4, 0, 5, 14, 9, 2, 16, 8, 10, 6, 1, 11]",705.0,8.924768686294556
"[15, 3, 18, 13, 19, 17, 7, 12, 4, 0, 5, 14, 9, 2, 16, 8, 10, 6, 1, 11]",705.0,"[15, 3, 18, 13, 19, 17, 7, 12, 4, 0, 5, 14, 9, 2, 16, 8, 10, 6, 1, 11]",705.0,8.99190378189087
"[15, 3, 18, 13, 19, 17, 7, 12, 4, 0, 5, 14, 9, 2, 16, 8, 10, 6, 1, 11]",705.0,"[15, 3, 18, 13, 19, 17, 7, 12, 4, 0, 5, 14, 9, 2, 16, 8, 10, 6, 1, 11]",705.0,9.057767391204834
"[15, 3, 18, 13, 19, 17, 7, 12, 4, 0, 5, 14, 9, 2, 16, 8, 10, 6, 1, 11]",705.0,"[15, 3, 18, 13, 19, 17, 7, 12, 4, 0, 5, 14, 9, 2, 16, 8, 10, 6, 1, 11]",705.0,9.121769666671753
"[15, 3, 18, 13, 19, 17, 7, 12, 4, 0, 5, 14, 9, 2, 16, 8, 10, 6, 1, 11]",705.0,"[15, 3, 18, 13, 19, 17, 7, 12, 4, 0, 5, 14, 9, 2, 16, 8, 10, 6, 1, 11]",705.0,9.18977975845337
"[15, 3, 18, 13, 19, 17, 7, 12, 4, 0, 5, 14, 9, 2, 16, 8, 10, 6, 1, 11]",705.0,"[15, 3, 18, 13, 19, 17, 7, 12, 4, 0, 5, 14, 9, 2, 16, 8, 10, 6, 1, 11]",705.0,9.253776550292969
"[15, 3, 18, 13, 19, 17, 7, 12, 4, 0, 5, 14, 9, 2, 16, 8, 10, 6, 1, 11]",705.0,"[15, 3, 18, 13, 19, 17, 7, 12, 4, 0, 5, 14, 9, 2, 16, 8, 10, 6, 1, 11]",705.0,9.317795038223267
"[15, 3, 18, 13, 19, 17, 7, 12, 4, 0, 5, 14, 9, 2, 16, 8, 10, 6, 1, 11]",705.0,"[15, 3, 18, 13, 19, 17, 7, 12, 4, 0, 5, 14, 9, 2, 16, 8, 10, 6, 1, 11]",705.0,9.381774425506592
"[15, 3, 18, 13, 19, 17, 7, 12, 4, 0, 5, 14, 9, 2, 16, 8, 10, 6, 1, 11]",705.0,"[15, 3, 18, 13, 19, 17, 7, 12, 4, 0, 5, 14, 9, 2, 16, 8, 10, 6, 1, 11]",705.0,9.444781064987183
"[15, 3, 18, 13, 19, 17, 7, 12, 4, 0, 5, 14, 9, 2, 16, 8, 10, 6, 1, 11]",705.0,"[15, 3, 18, 13, 19, 17, 7, 12, 4, 0, 5, 14, 9, 2, 16, 8, 10, 6, 1, 11]",705.0,9.509783506393433
"[15, 3, 18, 13, 19, 17, 7, 12, 4, 0, 5, 14, 9, 2, 16, 8, 10, 6, 1, 11]",705.0,"[15, 3, 18, 13, 19, 17, 7, 12, 4, 0, 5, 14, 9, 2, 16, 8, 10, 6, 1, 11]",705.0,9.571799278259277
"[15, 3, 18, 13, 19, 17, 7, 12, 4, 0, 5, 14, 9, 2, 16, 8, 10, 6, 1, 11]",705.0,"[15, 3, 18, 13, 19, 17, 7, 12, 4, 0, 5, 14, 9, 2, 16, 8, 10, 6, 1, 11]",705.0,9.633778810501099
"[15, 3, 18, 13, 19, 17, 7, 12, 4, 0, 5, 14, 9, 2, 16, 8, 10, 6, 1, 11]",705.0,"[15, 3, 18, 13, 19, 17, 7, 12, 4, 0, 5, 14, 9, 2, 16, 8, 10, 6, 1, 11]",705.0,9.697784185409546
"[15, 3, 18, 13, 19, 17, 7, 12, 4, 0, 5, 14, 9, 2, 16, 8, 10, 6, 1, 11]",705.0,"[15, 3, 18, 13, 19, 17, 7, 12, 4, 0, 5, 14, 9, 2, 16, 8, 10, 6, 1, 11]",705.0,9.764874696731567
"[15, 3, 18, 13, 19, 17, 7, 12, 4, 0, 5, 14, 9, 2, 16, 8, 10, 6, 1, 11]",705.0,"[15, 3, 18, 13, 19, 17, 7, 12, 4, 0, 5, 14, 9, 2, 16, 8, 10, 6, 1, 11]",705.0,9.827786207199097
"[15, 3, 18, 13, 19, 17, 7, 12, 4, 0, 5, 14, 9, 2, 16, 8, 10, 6, 1, 11]",705.0,"[15, 3, 18, 13, 19, 17, 7, 12, 4, 0, 5, 14, 9, 2, 16, 8, 10, 6, 1, 11]",705.0,9.890784978866577
"[15, 3, 18, 13, 19, 17, 7, 12, 4, 0, 5, 14, 9, 2, 16, 8, 10, 6, 1, 11]",705.0,"[15, 3, 18, 13, 19, 17, 7, 12, 4, 0, 5, 14, 9, 2, 16, 8, 10, 6, 1, 11]",705.0,9.954785346984863
"[15, 3, 18, 13, 19, 17, 7, 12, 4, 0, 5, 14, 9, 2, 16, 8, 10, 6, 1, 11]",705.0,"[15, 3, 18, 13, 19, 17, 7, 12, 4, 0, 5, 14, 9, 2, 16, 8, 10, 6, 1, 11]",705.0,10.017786264419556
"[3, 15, 18, 13, 19, 17, 7, 12, 4, 0, 5, 14, 9, 2, 16, 8, 10, 6, 1, 11]",702.0,"[3, 15, 18, 13, 19, 17, 7, 12, 4, 0, 5, 14, 9, 2, 16, 8, 10, 6, 1, 11]",702.0,10.083792924880981
"[3, 15, 18, 13, 19, 17, 7, 12, 4, 0, 5, 14, 9, 2, 16, 8, 10, 6, 1, 11]",702.0,"[3, 15, 18, 13, 19, 17, 7, 12, 4, 0, 5, 14, 9, 2, 16, 8, 10, 6, 1, 11]",702.0,10.149794816970825
"[3, 15, 18, 13, 19, 17, 7, 12, 4, 0, 5, 14, 9, 2, 16, 8, 10, 6, 1, 11]",702.0,"[3, 15, 18, 13, 19, 17, 7, 12, 4, 0, 5, 14, 9, 2, 16, 8, 10, 6, 1, 11]",702.0,10.215791702270508
"[3, 15, 18, 13, 19, 17, 7, 12, 4, 0, 5, 14, 9, 2, 16, 8, 10, 6, 1, 11]",702.0,"[3, 15, 18, 13, 19, 17, 7, 12, 4, 0, 5, 14, 9, 2, 16, 8, 10, 6, 1, 11]",702.0,10.285792827606201
"[3, 15, 18, 13, 19, 17, 7, 12, 4, 0, 5, 14, 9, 2, 16, 8, 10, 6, 1, 11]",702.0,"[3, 15, 18, 13, 19, 17, 7, 12, 4, 0, 5, 14, 9, 2, 16, 8, 10, 6, 1, 11]",702.0,10.35379409790039
"[3, 15, 18, 13, 19, 17, 7, 12, 4, 0, 5, 14, 9, 2, 16, 8, 10, 6, 1, 11]",702.0,"[3, 15, 18, 13, 19, 17, 7, 12, 4, 0, 5, 14, 9, 2, 16, 8, 10, 6, 1, 11]",702.0,10.423916101455688
"[3, 15, 18, 13, 19, 17, 7, 12, 4, 0, 5, 14, 9, 2, 16, 8, 10, 6, 1, 11]",702.0,"[3, 15, 18, 13, 19, 17, 7, 12, 4, 0, 5, 14, 9, 2, 16, 8, 10, 6, 1, 11]",702.0,10.49779725074768
"[3, 15, 18, 13, 19, 17, 7, 12, 4, 0, 5, 14, 9, 2, 16, 8, 10, 6, 1, 11]",702.0,"[3, 15, 18, 13, 19, 17, 7, 12, 4, 0, 5, 14, 9, 2, 16, 8, 10, 6, 1, 11]",702.0,10.569463968276978
"[3, 15, 18, 13, 19, 17, 7, 12, 4, 0, 5, 14, 9, 2, 16, 8, 10, 6, 1, 11]",702.0,"[3, 15, 18, 13, 19, 17, 7, 12, 4, 0, 5, 14, 9, 2, 16, 8, 10, 6, 1, 11]",702.0,10.643799066543579
"[3, 15, 18, 13, 19, 17, 7, 12, 4, 0, 5, 14, 9, 2, 16, 8, 10, 6, 1, 11]",702.0,"[3, 15, 18, 13, 19, 17, 7, 12, 4, 0, 5, 14, 9, 2, 16, 8, 10, 6, 1, 11]",702.0,10.705798864364624
"[3, 15, 18, 13, 19, 17, 7, 12, 4, 0, 5, 14, 9, 2, 16, 8, 10, 6, 1, 11]",702.0,"[3, 15, 18, 13, 19, 17, 7, 12, 4, 0, 5, 14, 9, 2, 16, 8, 10, 6, 1, 11]",702.0,10.769806861877441
"[3, 15, 18, 13, 19, 17, 7, 12, 4, 0, 5, 14, 9, 2, 16, 8, 10, 6, 1, 11]",702.0,"[3, 15, 18, 13, 19, 17, 7, 12, 4, 0, 5, 14, 9, 2, 16, 8, 10, 6, 1, 11]",702.0,10.835801601409912
"[3, 15, 18, 13, 19, 17, 7, 12, 4, 0, 5, 14, 9, 2, 16, 8, 10, 6, 1, 11]",702.0,"[3, 15, 18, 13, 19, 17, 7, 12, 4, 0, 5, 14, 9, 2, 16, 8, 10, 6, 1, 11]",702.0,10.898812770843506
"[3, 15, 18, 13, 19, 17, 7, 12, 4, 0, 5, 14, 9, 2, 16, 8, 10, 6, 1, 11]",702.0,"[3, 15, 18, 13, 19, 17, 7, 12, 4, 0, 5, 14, 9, 2, 16, 8, 10, 6, 1, 11]",702.0,10.96580696105957
"[3, 15, 18, 13, 19, 17, 7, 12, 4, 0, 5, 14, 9, 2, 16, 8, 10, 6, 1, 11]",702.0,"[3, 15, 18, 13, 19, 17, 7, 12, 4, 0, 5, 14, 9, 2, 16, 8, 10, 6, 1, 11]",702.0,11.030812740325928
"[3, 15, 18, 13, 19, 17, 7, 12, 4, 0, 5, 14, 9, 2, 16, 8, 10, 6, 1, 11]",702.0,"[3, 15, 18, 13, 19, 17, 7, 12, 4, 0, 5, 14, 9, 2, 16, 8, 10, 6, 1, 11]",702.0,11.096810340881348
"[3, 15, 18, 13, 19, 17, 7, 12, 4, 0, 5, 14, 9, 2, 16, 8, 10, 6, 1, 11]",702.0,"[3, 15, 18, 13, 19, 17, 7, 12, 4, 0, 5, 14, 9, 2, 16, 8, 10, 6, 1, 11]",702.0,11.160807847976685
"[3, 15, 18, 13, 19, 17, 7, 12, 4, 0, 5, 14, 9, 2, 16, 8, 10, 6, 1, 11]",702.0,"[3, 15, 18, 13, 19, 17, 7, 12, 4, 0, 5, 14, 9, 2, 16, 8, 10, 6, 1, 11]",702.0,11.222810745239258
"[3, 15, 18, 13, 19, 17, 7, 12, 4, 0, 5, 14, 9, 2, 16, 8, 10, 6, 1, 11]",702.0,"[3, 15, 18, 13, 19, 17, 7, 12, 4, 0, 5, 14, 9, 2, 16, 8, 10, 6, 1, 11]",702.0,11.286810159683228
"[3, 15, 18, 13, 19, 17, 7, 12, 4, 0, 5, 14, 9, 2, 16, 8, 10, 6, 1, 11]",702.0,"[3, 15, 18, 13, 19, 17, 7, 12, 4, 0, 5, 14, 9, 2, 16, 8, 10, 6, 1, 11]",702.0,11.35181975364685
"[3, 15, 18, 13, 19, 17, 7, 12, 4, 0, 5, 14, 9, 2, 16, 8, 10, 6, 1, 11]",702.0,"[3, 15, 18, 13, 19, 17, 7, 12, 4, 0, 5, 14, 9, 2, 16, 8, 10, 6, 1, 11]",702.0,11.415812253952026
"[3, 15, 18, 13, 19, 17, 7, 12, 4, 0, 5, 14, 9, 2, 16, 8, 10, 6, 1, 11]",702.0,"[3, 15, 18, 13, 19, 17, 7, 12, 4, 0, 5, 14, 9, 2, 16, 8, 10, 6, 1, 11]",702.0,11.479817628860474
"[3, 15, 18, 13, 19, 17, 7, 12, 4, 0, 5, 14, 9, 2, 16, 8, 10, 6, 1, 11]",702.0,"[3, 15, 18, 13, 19, 17, 7, 12, 4, 0, 5, 14, 9, 2, 16, 8, 10, 6, 1, 11]",702.0,11.54392671585083
"[3, 15, 18, 13, 19, 17, 7, 12, 4, 0, 5, 14, 9, 2, 16, 8, 10, 6, 1, 11]",702.0,"[3, 15, 18, 13, 19, 17, 7, 12, 4, 0, 5, 14, 9, 2, 16, 8, 10, 6, 1, 11]",702.0,11.607819080352783
"[3, 15, 18, 13, 19, 17, 7, 12, 4, 0, 5, 14, 9, 2, 16, 8, 10, 6, 1, 11]",702.0,"[3, 15, 18, 13, 19, 17, 7, 12, 4, 0, 5, 14, 9, 2, 16, 8, 10, 6, 1, 11]",702.0,11.669822216033936
"[3, 15, 18, 13, 19, 17, 7, 12, 4, 0, 5, 14, 9, 2, 16, 8, 10, 6, 1, 11]",702.0,"[3, 15, 18, 13, 19, 17, 7, 12, 4, 0, 5, 14, 9, 2, 16, 8, 10, 6, 1, 11]",702.0,11.735862493515015
"[3, 15, 18, 13, 19, 17, 7, 12, 4, 0, 5, 14, 9, 2, 16, 8, 10, 6, 1, 11]",702.0,"[3, 15, 18, 13, 19, 17, 7, 12, 4, 0, 5, 14, 9, 2, 16, 8, 10, 6, 1, 11]",702.0,11.804820537567139
"[3, 15, 18, 13, 19, 17, 7, 12, 4, 0, 5, 14, 9, 2, 16, 8, 10, 6, 1, 11]",702.0,"[3, 15, 18, 13, 19, 17, 7, 12, 4, 0, 5, 14, 9, 2, 16, 8, 10, 6, 1, 11]",702.0,11.866823434829712
"[3, 15, 18, 13, 19, 17, 7, 12, 4, 0, 5, 14, 9, 2, 16, 8, 10, 6, 1, 11]",702.0,"[3, 15, 18, 13, 19, 17, 7, 12, 4, 0, 5, 14, 9, 2, 16, 8, 10, 6, 1, 11]",702.0,11.929831981658936
"[3, 15, 18, 13, 19, 17, 7, 12, 4, 0, 5, 14, 9, 2, 16, 8, 10, 6, 1, 11]",702.0,"[3, 15, 18, 13, 19, 17, 7, 12, 4, 0, 5, 14, 9, 2, 16, 8, 10, 6, 1, 11]",702.0,11.998826265335083
"[3, 15, 18, 13, 19, 17, 7, 12, 4, 0, 5, 14, 9, 2, 16, 8, 10, 6, 1, 11]",702.0,"[3, 15, 18, 13, 19, 17, 7, 12, 4, 0, 5, 14, 9, 2, 16, 8, 10, 6, 1, 11]",702.0,12.06482744216919
"[3, 15, 18, 13, 19, 17, 7, 12, 4, 0, 5, 14, 9, 2, 16, 8, 10, 6, 1, 11]",702.0,"[3, 15, 18, 13, 19, 17, 7, 12, 4, 0, 5, 14, 9, 2, 16, 8, 10, 6, 1, 11]",702.0,12.131826162338257
"[3, 15, 18, 13, 19, 17, 7, 12, 4, 0, 5, 14, 9, 2, 16, 8, 10, 6, 1, 11]",702.0,"[3, 15, 18, 13, 19, 17, 7, 12, 4, 0, 5, 14, 9, 2, 16, 8, 10, 6, 1, 11]",702.0,12.200831174850464
"[3, 15, 18, 13, 19, 17, 7, 12, 4, 0, 5, 14, 9, 2, 16, 8, 10, 6, 1, 11]",702.0,"[3, 15, 18, 13, 19, 17, 7, 12, 4, 0, 5, 14, 9, 2, 16, 8, 10, 6, 1, 11]",702.0,12.265829086303711
"[3, 15, 18, 13, 19, 17, 7, 12, 4, 0, 5, 14, 9, 2, 16, 8, 10, 6, 1, 11]",702.0,"[3, 15, 18, 13, 19, 17, 7, 12, 4, 0, 5, 14, 9, 2, 16, 8, 10, 6, 1, 11]",702.0,12.32983922958374
"[3, 15, 18, 13, 19, 17, 7, 12, 4, 0, 5, 14, 9, 2, 16, 8, 10, 6, 1, 11]",702.0,"[3, 15, 18, 13, 19, 17, 7, 12, 4, 0, 5, 14, 9, 2, 16, 8, 10, 6, 1, 11]",702.0,12.395834684371948
"[3, 15, 18, 13, 19, 17, 7, 12, 4, 0, 5, 14, 9, 2, 16, 8, 10, 6, 1, 11]",702.0,"[3, 15, 18, 13, 19, 17, 7, 12, 4, 0, 5, 14, 9, 2, 16, 8, 10, 6, 1, 11]",702.0,12.460839986801147
"[3, 15, 18, 13, 19, 17, 7, 12, 4, 0, 5, 14, 9, 2, 16, 8, 10, 6, 1, 11]",702.0,"[3, 15, 18, 13, 19, 17, 7, 12, 4, 0, 5, 14, 9, 2, 16, 8, 10, 6, 1, 11]",702.0,12.523839473724365
"[3, 15, 18, 13, 19, 17, 7, 12, 4, 0, 5, 14, 9, 2, 16, 8, 10, 6, 1, 11]",702.0,"[3, 15, 18, 13, 19, 17, 7, 12, 4, 0, 5, 14, 9, 2, 16, 8, 10, 6, 1, 11]",702.0,12.587838172912598
"[3, 15, 18, 13, 19, 17, 7, 12, 4, 0, 5, 14, 9, 2, 16, 8, 10, 6, 1, 11]",702.0,"[3, 15, 18, 13, 19, 17, 7, 12, 4, 0, 5, 14, 9, 2, 16, 8, 10, 6, 1, 11]",702.0,12.653876066207886
"[3, 15, 18, 13, 19, 17, 7, 12, 4, 0, 5, 14, 9, 2, 16, 8, 10, 6, 1, 11]",702.0,"[3, 15, 18, 13, 19, 17, 7, 12, 4, 0, 5, 14, 9, 2, 16, 8, 10, 6, 1, 11]",702.0,12.71985149383545
"[3, 15, 18, 13, 19, 17, 7, 12, 4, 0, 5, 14, 9, 2, 16, 8, 10, 6, 1, 11]",702.0,"[3, 15, 18, 13, 19, 17, 7, 12, 4, 0, 5, 14, 9, 2, 16, 8, 10, 6, 1, 11]",702.0,12.780840158462524
"[3, 15, 18, 13, 19, 17, 7, 12, 4, 0, 5, 14, 9, 2, 16, 8, 10, 6, 1, 11]",702.0,"[3, 15, 18, 13, 19, 17, 7, 12, 4, 0, 5, 14, 9, 2, 16, 8, 10, 6, 1, 11]",702.0,12.845843076705933
"[3, 15, 18, 13, 19, 17, 7, 12, 4, 0, 5, 14, 9, 2, 16, 8, 10, 6, 1, 11]",702.0,"[3, 15, 18, 13, 19, 17, 7, 12, 4, 0, 5, 14, 9, 2, 16, 8, 10, 6, 1, 11]",702.0,12.91284441947937
"[3, 15, 18, 13, 19, 17, 7, 12, 4, 0, 5, 14, 9, 2, 16, 8, 10, 6, 1, 11]",702.0,"[3, 15, 18, 13, 19, 17, 7, 12, 4, 0, 5, 14, 9, 2, 16, 8, 10, 6, 1, 11]",702.0,12.977845191955566
