Sequence,Fitness,Best_sequence,Best_fitness,Time
"[7, 10, 5, 6, 3, 18, 13, 2, 14, 8, 17, 16, 19, 12, 11, 1, 0, 15, 4, 9]",726.0,"[7, 10, 5, 6, 3, 18, 13, 2, 14, 8, 17, 16, 19, 12, 11, 1, 0, 15, 4, 9]",726.0,0.0
"[7, 10, 5, 6, 3, 18, 13, 2, 14, 8, 17, 16, 19, 12, 11, 1, 0, 15, 4, 9]",726.0,"[7, 10, 5, 6, 3, 18, 13, 2, 14, 8, 17, 16, 19, 12, 11, 1, 0, 15, 4, 9]",726.0,0.0709989070892334
"[7, 10, 5, 6, 3, 18, 13, 2, 14, 8, 17, 16, 19, 12, 11, 1, 0, 15, 4, 9]",726.0,"[7, 10, 5, 6, 3, 18, 13, 2, 14, 8, 17, 16, 19, 12, 11, 1, 0, 15, 4, 9]",726.0,0.1419987678527832
"[7, 10, 5, 6, 3, 18, 13, 2, 14, 8, 17, 16, 19, 12, 11, 1, 0, 15, 4, 9]",726.0,"[7, 10, 5, 6, 3, 18, 13, 2, 14, 8, 17, 16, 19, 12, 11, 1, 0, 15, 4, 9]",726.0,0.21500420570373535
"[7, 10, 5, 6, 3, 18, 13, 2, 14, 8, 17, 16, 19, 12, 11, 1, 0, 15, 4, 9]",726.0,"[7, 10, 5, 6, 3, 18, 13, 2, 14, 8, 17, 16, 19, 12, 11, 1, 0, 15, 4, 9]",726.0,0.2850074768066406
"[7, 10, 5, 6, 3, 18, 13, 2, 14, 8, 17, 16, 19, 12, 11, 1, 0, 15, 4, 9]",726.0,"[7, 10, 5, 6, 3, 18, 13, 2, 14, 8, 17, 16, 19, 12, 11, 1, 0, 15, 4, 9]",726.0,0.3540017604827881
"[7, 10, 5, 6, 3, 18, 13, 2, 14, 8, 17, 16, 19, 12, 11, 1, 0, 15, 4, 9]",726.0,"[7, 10, 5, 6, 3, 18, 13, 2, 14, 8, 17, 16, 19, 12, 11, 1, 0, 15, 4, 9]",726.0,0.41901063919067383
"[7, 10, 5, 6, 3, 18, 13, 2, 14, 8, 17, 16, 19, 12, 11, 1, 0, 15, 4, 9]",726.0,"[7, 10, 5, 6, 3, 18, 13, 2, 14, 8, 17, 16, 19, 12, 11, 1, 0, 15, 4, 9]",726.0,0.4900014400482178
"[7, 10, 5, 6, 3, 18, 13, 2, 14, 8, 17, 16, 19, 12, 11, 1, 0, 15, 4, 9]",726.0,"[7, 10, 5, 6, 3, 18, 13, 2, 14, 8, 17, 16, 19, 12, 11, 1, 0, 15, 4, 9]",726.0,0.5630133152008057
"[7, 10, 5, 6, 3, 18, 13, 2, 14, 8, 17, 16, 19, 12, 11, 1, 0, 15, 4, 9]",726.0,"[7, 10, 5, 6, 3, 18, 13, 2, 14, 8, 17, 16, 19, 12, 11, 1, 0, 15, 4, 9]",726.0,0.6310081481933594
"[7, 10, 5, 6, 3, 18, 13, 2, 14, 8, 17, 16, 19, 12, 11, 1, 0, 15, 4, 9]",726.0,"[7, 10, 5, 6, 3, 18, 13, 2, 14, 8, 17, 16, 19, 12, 11, 1, 0, 15, 4, 9]",726.0,0.6990053653717041
"[7, 10, 5, 6, 3, 18, 13, 2, 14, 8, 17, 16, 19, 12, 11, 1, 0, 15, 4, 9]",726.0,"[7, 10, 5, 6, 3, 18, 13, 2, 14, 8, 17, 16, 19, 12, 11, 1, 0, 15, 4, 9]",726.0,0.767005443572998
"[7, 10, 5, 6, 3, 18, 13, 2, 14, 8, 17, 16, 19, 12, 11, 1, 0, 15, 4, 9]",726.0,"[7, 10, 5, 6, 3, 18, 13, 2, 14, 8, 17, 16, 19, 12, 11, 1, 0, 15, 4, 9]",726.0,0.8360064029693604
"[7, 10, 5, 6, 3, 18, 13, 2, 14, 8, 17, 16, 19, 12, 11, 1, 0, 15, 4, 9]",726.0,"[7, 10, 5, 6, 3, 18, 13, 2, 14, 8, 17, 16, 19, 12, 11, 1, 0, 15, 4, 9]",726.0,0.9050061702728271
"[7, 10, 5, 6, 3, 18, 13, 2, 14, 8, 17, 16, 19, 12, 11, 1, 0, 15, 4, 9]",726.0,"[7, 10, 5, 6, 3, 18, 13, 2, 14, 8, 17, 16, 19, 12, 11, 1, 0, 15, 4, 9]",726.0,0.9770073890686035
"[7, 10, 5, 6, 3, 18, 13, 2, 14, 8, 17, 16, 19, 12, 15, 1, 0, 11, 4, 9]",719.0,"[7, 10, 5, 6, 3, 18, 13, 2, 14, 8, 17, 16, 19, 12, 15, 1, 0, 11, 4, 9]",719.0,1.0480060577392578
"[7, 10, 5, 6, 3, 18, 13, 2, 14, 8, 17, 16, 19, 12, 15, 1, 0, 11, 4, 9]",719.0,"[7, 10, 5, 6, 3, 18, 13, 2, 14, 8, 17, 16, 19, 12, 15, 1, 0, 11, 4, 9]",719.0,1.1180076599121094
"[7, 10, 5, 6, 3, 18, 13, 2, 14, 8, 17, 16, 19, 12, 15, 1, 0, 11, 4, 9]",719.0,"[7, 10, 5, 6, 3, 18, 13, 2, 14, 8, 17, 16, 19, 12, 15, 1, 0, 11, 4, 9]",719.0,1.1890077590942383
"[7, 10, 5, 6, 3, 18, 13, 2, 14, 8, 17, 16, 19, 12, 15, 1, 0, 11, 4, 9]",719.0,"[7, 10, 5, 6, 3, 18, 13, 2, 14, 8, 17, 16, 19, 12, 15, 1, 0, 11, 4, 9]",719.0,1.2580127716064453
"[7, 10, 5, 6, 2, 18, 13, 3, 14, 8, 17, 16, 19, 12, 15, 1, 0, 11, 4, 9]",718.0,"[7, 10, 5, 6, 2, 18, 13, 3, 14, 8, 17, 16, 19, 12, 15, 1, 0, 11, 4, 9]",718.0,1.3280091285705566
"[7, 10, 5, 6, 2, 18, 13, 3, 14, 8, 17, 16, 19, 12, 15, 1, 0, 11, 4, 9]",718.0,"[7, 10, 5, 6, 2, 18, 13, 3, 14, 8, 17, 16, 19, 12, 15, 1, 0, 11, 4, 9]",718.0,1.3970136642456055
"[7, 10, 14, 6, 2, 18, 13, 3, 5, 8, 17, 16, 19, 12, 15, 1, 0, 11, 4, 9]",716.5,"[7, 10, 14, 6, 2, 18, 13, 3, 5, 8, 17, 16, 19, 12, 15, 1, 0, 11, 4, 9]",716.5,1.4630217552185059
"[7, 10, 14, 6, 2, 18, 13, 3, 5, 8, 17, 16, 19, 12, 15, 1, 0, 11, 4, 9]",716.5,"[7, 10, 14, 6, 2, 18, 13, 3, 5, 8, 17, 16, 19, 12, 15, 1, 0, 11, 4, 9]",716.5,1.5290107727050781
"[7, 10, 14, 6, 2, 18, 13, 3, 5, 8, 17, 16, 19, 12, 15, 1, 0, 11, 4, 9]",716.5,"[7, 10, 14, 6, 2, 18, 13, 3, 5, 8, 17, 16, 19, 12, 15, 1, 0, 11, 4, 9]",716.5,1.6040124893188477
"[7, 10, 14, 6, 2, 18, 13, 3, 5, 8, 17, 16, 19, 12, 15, 1, 0, 11, 4, 9]",716.5,"[7, 10, 14, 6, 2, 18, 13, 3, 5, 8, 17, 16, 19, 12, 15, 1, 0, 11, 4, 9]",716.5,1.6800110340118408
"[7, 10, 14, 6, 2, 18, 13, 3, 5, 8, 17, 16, 19, 12, 15, 1, 0, 11, 4, 9]",716.5,"[7, 10, 14, 6, 2, 18, 13, 3, 5, 8, 17, 16, 19, 12, 15, 1, 0, 11, 4, 9]",716.5,1.745016098022461
"[7, 10, 14, 6, 2, 18, 13, 3, 5, 8, 17, 16, 19, 12, 15, 1, 0, 11, 4, 9]",716.5,"[7, 10, 14, 6, 2, 18, 13, 3, 5, 8, 17, 16, 19, 12, 15, 1, 0, 11, 4, 9]",716.5,1.8160192966461182
"[7, 10, 14, 6, 2, 18, 13, 3, 5, 8, 17, 16, 19, 12, 15, 1, 0, 11, 4, 9]",716.5,"[7, 10, 14, 6, 2, 18, 13, 3, 5, 8, 17, 16, 19, 12, 15, 1, 0, 11, 4, 9]",716.5,1.8830151557922363
"[7, 10, 14, 6, 2, 18, 13, 3, 5, 8, 17, 16, 19, 12, 15, 1, 0, 11, 4, 9]",716.5,"[7, 10, 14, 6, 2, 18, 13, 3, 5, 8, 17, 16, 19, 12, 15, 1, 0, 11, 4, 9]",716.5,1.9530158042907715
"[7, 10, 14, 6, 2, 18, 13, 3, 5, 8, 17, 16, 19, 12, 15, 1, 0, 11, 4, 9]",716.5,"[7, 10, 14, 6, 2, 18, 13, 3, 5, 8, 17, 16, 19, 12, 15, 1, 0, 11, 4, 9]",716.5,2.0210180282592773
"[7, 10, 14, 6, 2, 18, 13, 3, 5, 8, 17, 16, 19, 12, 15, 1, 0, 11, 4, 9]",716.5,"[7, 10, 14, 6, 2, 18, 13, 3, 5, 8, 17, 16, 19, 12, 15, 1, 0, 11, 4, 9]",716.5,2.0900166034698486
"[7, 10, 14, 6, 2, 18, 13, 3, 5, 8, 17, 16, 19, 12, 15, 1, 0, 11, 4, 9]",716.5,"[7, 10, 14, 6, 2, 18, 13, 3, 5, 8, 17, 16, 19, 12, 15, 1, 0, 11, 4, 9]",716.5,2.15902042388916
"[7, 10, 14, 6, 2, 18, 13, 3, 5, 8, 17, 16, 19, 12, 15, 1, 0, 11, 4, 9]",716.5,"[7, 10, 14, 6, 2, 18, 13, 3, 5, 8, 17, 16, 19, 12, 15, 1, 0, 11, 4, 9]",716.5,2.2320244312286377
"[7, 10, 14, 6, 2, 18, 13, 3, 5, 8, 17, 16, 19, 12, 15, 1, 0, 11, 4, 9]",716.5,"[7, 10, 14, 6, 2, 18, 13, 3, 5, 8, 17, 16, 19, 12, 15, 1, 0, 11, 4, 9]",716.5,2.300020694732666
"[7, 10, 14, 6, 2, 18, 13, 3, 5, 8, 17, 16, 19, 12, 15, 1, 0, 11, 4, 9]",716.5,"[7, 10, 14, 6, 2, 18, 13, 3, 5, 8, 17, 16, 19, 12, 15, 1, 0, 11, 4, 9]",716.5,2.370023488998413
"[7, 10, 14, 6, 2, 18, 13, 3, 5, 8, 17, 16, 19, 12, 15, 1, 0, 11, 4, 9]",716.5,"[7, 10, 14, 6, 2, 18, 13, 3, 5, 8, 17, 16, 19, 12, 15, 1, 0, 11, 4, 9]",716.5,2.4350244998931885
"[7, 10, 14, 6, 2, 18, 13, 3, 5, 8, 17, 16, 19, 12, 15, 1, 0, 11, 4, 9]",716.5,"[7, 10, 14, 6, 2, 18, 13, 3, 5, 8, 17, 16, 19, 12, 15, 1, 0, 11, 4, 9]",716.5,2.5010247230529785
"[7, 10, 14, 6, 2, 18, 13, 3, 5, 8, 17, 16, 19, 12, 15, 1, 0, 11, 4, 9]",716.5,"[7, 10, 14, 6, 2, 18, 13, 3, 5, 8, 17, 16, 19, 12, 15, 1, 0, 11, 4, 9]",716.5,2.5690248012542725
"[7, 10, 14, 6, 2, 18, 13, 3, 5, 8, 17, 16, 19, 12, 15, 1, 0, 11, 4, 9]",716.5,"[7, 10, 14, 6, 2, 18, 13, 3, 5, 8, 17, 16, 19, 12, 15, 1, 0, 11, 4, 9]",716.5,2.636021375656128
"[7, 10, 14, 6, 2, 18, 13, 3, 5, 8, 17, 16, 19, 12, 15, 1, 0, 11, 4, 9]",716.5,"[7, 10, 14, 6, 2, 18, 13, 3, 5, 8, 17, 16, 19, 12, 15, 1, 0, 11, 4, 9]",716.5,2.7060229778289795
"[7, 10, 14, 6, 2, 18, 13, 3, 5, 8, 17, 16, 19, 12, 15, 1, 0, 11, 4, 9]",716.5,"[7, 10, 14, 6, 2, 18, 13, 3, 5, 8, 17, 16, 19, 12, 15, 1, 0, 11, 4, 9]",716.5,2.770029067993164
"[7, 10, 14, 6, 2, 18, 13, 3, 5, 8, 17, 16, 19, 12, 15, 1, 0, 11, 4, 9]",716.5,"[7, 10, 14, 6, 2, 18, 13, 3, 5, 8, 17, 16, 19, 12, 15, 1, 0, 11, 4, 9]",716.5,2.839024066925049
"[7, 10, 14, 6, 2, 18, 13, 3, 5, 0, 17, 16, 19, 12, 15, 1, 8, 11, 4, 9]",714.5,"[7, 10, 14, 6, 2, 18, 13, 3, 5, 0, 17, 16, 19, 12, 15, 1, 8, 11, 4, 9]",714.5,2.907028913497925
"[7, 10, 14, 6, 2, 18, 13, 3, 5, 0, 17, 16, 19, 12, 15, 1, 8, 11, 4, 9]",714.5,"[7, 10, 14, 6, 2, 18, 13, 3, 5, 0, 17, 16, 19, 12, 15, 1, 8, 11, 4, 9]",714.5,2.977023124694824
"[7, 10, 14, 6, 2, 18, 13, 3, 5, 0, 17, 16, 19, 12, 15, 1, 8, 11, 4, 9]",714.5,"[7, 10, 14, 6, 2, 18, 13, 3, 5, 0, 17, 16, 19, 12, 15, 1, 8, 11, 4, 9]",714.5,3.047027587890625
"[7, 10, 14, 6, 2, 18, 13, 3, 5, 0, 17, 16, 19, 12, 15, 1, 8, 11, 4, 9]",714.5,"[7, 10, 14, 6, 2, 18, 13, 3, 5, 0, 17, 16, 19, 12, 15, 1, 8, 11, 4, 9]",714.5,3.116034507751465
"[18, 10, 14, 6, 2, 7, 13, 3, 5, 0, 17, 16, 19, 12, 15, 1, 8, 11, 4, 9]",708.0,"[18, 10, 14, 6, 2, 7, 13, 3, 5, 0, 17, 16, 19, 12, 15, 1, 8, 11, 4, 9]",708.0,3.18203067779541
"[18, 10, 14, 6, 2, 7, 13, 3, 5, 0, 17, 16, 19, 12, 15, 1, 8, 11, 4, 9]",708.0,"[18, 10, 14, 6, 2, 7, 13, 3, 5, 0, 17, 16, 19, 12, 15, 1, 8, 11, 4, 9]",708.0,3.2510323524475098
"[18, 10, 14, 6, 2, 7, 13, 3, 5, 0, 17, 16, 19, 12, 15, 1, 8, 11, 4, 9]",708.0,"[18, 10, 14, 6, 2, 7, 13, 3, 5, 0, 17, 16, 19, 12, 15, 1, 8, 11, 4, 9]",708.0,3.322028398513794
"[18, 10, 6, 14, 2, 7, 13, 3, 5, 0, 17, 16, 19, 12, 15, 1, 8, 11, 4, 9]",707.0,"[18, 10, 6, 14, 2, 7, 13, 3, 5, 0, 17, 16, 19, 12, 15, 1, 8, 11, 4, 9]",707.0,3.3890328407287598
"[18, 10, 6, 14, 2, 7, 13, 3, 5, 0, 17, 16, 19, 12, 15, 1, 8, 11, 4, 9]",707.0,"[18, 10, 6, 14, 2, 7, 13, 3, 5, 0, 17, 16, 19, 12, 15, 1, 8, 11, 4, 9]",707.0,3.4570348262786865
"[18, 10, 6, 14, 2, 7, 13, 3, 5, 0, 17, 16, 19, 12, 15, 1, 8, 11, 4, 9]",707.0,"[18, 10, 6, 14, 2, 7, 13, 3, 5, 0, 17, 16, 19, 12, 15, 1, 8, 11, 4, 9]",707.0,3.5280327796936035
"[18, 10, 6, 14, 2, 7, 13, 3, 5, 0, 17, 16, 19, 12, 15, 1, 8, 11, 4, 9]",707.0,"[18, 10, 6, 14, 2, 7, 13, 3, 5, 0, 17, 16, 19, 12, 15, 1, 8, 11, 4, 9]",707.0,3.604031562805176
"[18, 10, 6, 14, 2, 7, 13, 3, 5, 0, 17, 16, 19, 12, 15, 1, 8, 11, 4, 9]",707.0,"[18, 10, 6, 14, 2, 7, 13, 3, 5, 0, 17, 16, 19, 12, 15, 1, 8, 11, 4, 9]",707.0,3.673041820526123
"[18, 10, 6, 14, 2, 7, 13, 3, 5, 0, 17, 16, 19, 12, 15, 1, 8, 11, 4, 9]",707.0,"[18, 10, 6, 14, 2, 7, 13, 3, 5, 0, 17, 16, 19, 12, 15, 1, 8, 11, 4, 9]",707.0,3.741037130355835
"[18, 10, 6, 14, 2, 7, 13, 3, 5, 0, 17, 16, 19, 12, 15, 1, 8, 11, 4, 9]",707.0,"[18, 10, 6, 14, 2, 7, 13, 3, 5, 0, 17, 16, 19, 12, 15, 1, 8, 11, 4, 9]",707.0,3.8100380897521973
"[18, 10, 6, 14, 2, 7, 13, 3, 5, 0, 17, 16, 19, 12, 15, 1, 8, 11, 4, 9]",707.0,"[18, 10, 6, 14, 2, 7, 13, 3, 5, 0, 17, 16, 19, 12, 15, 1, 8, 11, 4, 9]",707.0,3.87907338142395
"[18, 10, 6, 14, 2, 7, 13, 3, 5, 0, 17, 16, 19, 12, 15, 1, 8, 11, 4, 9]",707.0,"[18, 10, 6, 14, 2, 7, 13, 3, 5, 0, 17, 16, 19, 12, 15, 1, 8, 11, 4, 9]",707.0,3.9460487365722656
"[18, 10, 6, 14, 2, 7, 13, 3, 5, 0, 17, 16, 19, 12, 15, 1, 8, 11, 4, 9]",707.0,"[18, 10, 6, 14, 2, 7, 13, 3, 5, 0, 17, 16, 19, 12, 15, 1, 8, 11, 4, 9]",707.0,4.014039039611816
"[18, 10, 6, 14, 2, 7, 13, 3, 5, 0, 17, 16, 19, 12, 15, 1, 8, 11, 4, 9]",707.0,"[18, 10, 6, 14, 2, 7, 13, 3, 5, 0, 17, 16, 19, 12, 15, 1, 8, 11, 4, 9]",707.0,4.0810394287109375
"[18, 10, 6, 14, 2, 7, 13, 3, 5, 0, 17, 16, 19, 12, 15, 1, 8, 11, 4, 9]",707.0,"[18, 10, 6, 14, 2, 7, 13, 3, 5, 0, 17, 16, 19, 12, 15, 1, 8, 11, 4, 9]",707.0,4.148037672042847
"[18, 10, 6, 14, 2, 7, 13, 3, 5, 0, 17, 16, 19, 12, 15, 1, 8, 11, 4, 9]",707.0,"[18, 10, 6, 14, 2, 7, 13, 3, 5, 0, 17, 16, 19, 12, 15, 1, 8, 11, 4, 9]",707.0,4.244038105010986
"[18, 10, 6, 14, 2, 7, 13, 3, 5, 0, 17, 16, 19, 12, 15, 1, 8, 11, 4, 9]",707.0,"[18, 10, 6, 14, 2, 7, 13, 3, 5, 0, 17, 16, 19, 12, 15, 1, 8, 11, 4, 9]",707.0,4.311042547225952
"[18, 10, 6, 14, 2, 7, 13, 3, 5, 0, 17, 16, 19, 12, 15, 1, 8, 11, 4, 9]",707.0,"[18, 10, 6, 14, 2, 7, 13, 3, 5, 0, 17, 16, 19, 12, 15, 1, 8, 11, 4, 9]",707.0,4.376044750213623
"[18, 10, 6, 14, 2, 7, 13, 3, 5, 0, 17, 16, 19, 12, 15, 1, 8, 11, 4, 9]",707.0,"[18, 10, 6, 14, 2, 7, 13, 3, 5, 0, 17, 16, 19, 12, 15, 1, 8, 11, 4, 9]",707.0,4.44404411315918
"[18, 10, 6, 14, 2, 7, 13, 3, 5, 0, 17, 16, 19, 12, 15, 1, 8, 11, 4, 9]",707.0,"[18, 10, 6, 14, 2, 7, 13, 3, 5, 0, 17, 16, 19, 12, 15, 1, 8, 11, 4, 9]",707.0,4.511078119277954
"[18, 10, 6, 14, 2, 7, 13, 3, 5, 0, 17, 16, 19, 12, 15, 1, 8, 11, 4, 9]",707.0,"[18, 10, 6, 14, 2, 7, 13, 3, 5, 0, 17, 16, 19, 12, 15, 1, 8, 11, 4, 9]",707.0,4.578063249588013
"[18, 10, 6, 14, 2, 7, 13, 3, 5, 0, 17, 16, 19, 12, 15, 1, 8, 11, 4, 9]",707.0,"[18, 10, 6, 14, 2, 7, 13, 3, 5, 0, 17, 16, 19, 12, 15, 1, 8, 11, 4, 9]",707.0,4.648043870925903
"[18, 10, 6, 14, 2, 7, 13, 3, 5, 0, 17, 16, 19, 12, 15, 1, 8, 11, 4, 9]",707.0,"[18, 10, 6, 14, 2, 7, 13, 3, 5, 0, 17, 16, 19, 12, 15, 1, 8, 11, 4, 9]",707.0,4.7170422077178955
"[18, 10, 6, 14, 2, 7, 13, 3, 5, 0, 17, 16, 19, 12, 15, 1, 8, 11, 4, 9]",707.0,"[18, 10, 6, 14, 2, 7, 13, 3, 5, 0, 17, 16, 19, 12, 15, 1, 8, 11, 4, 9]",707.0,4.788066387176514
"[18, 10, 6, 14, 2, 7, 13, 3, 5, 0, 17, 16, 19, 12, 15, 1, 8, 11, 4, 9]",707.0,"[18, 10, 6, 14, 2, 7, 13, 3, 5, 0, 17, 16, 19, 12, 15, 1, 8, 11, 4, 9]",707.0,4.859045743942261
"[18, 10, 6, 14, 2, 7, 13, 3, 5, 0, 17, 16, 19, 12, 15, 1, 8, 11, 4, 9]",707.0,"[18, 10, 6, 14, 2, 7, 13, 3, 5, 0, 17, 16, 19, 12, 15, 1, 8, 11, 4, 9]",707.0,4.924046516418457
"[18, 10, 6, 14, 2, 7, 13, 3, 5, 0, 17, 16, 19, 12, 15, 1, 8, 11, 4, 9]",707.0,"[18, 10, 6, 14, 2, 7, 13, 3, 5, 0, 17, 16, 19, 12, 15, 1, 8, 11, 4, 9]",707.0,4.991044998168945
"[18, 10, 6, 14, 2, 7, 13, 3, 5, 0, 17, 16, 19, 12, 15, 1, 8, 11, 4, 9]",707.0,"[18, 10, 6, 14, 2, 7, 13, 3, 5, 0, 17, 16, 19, 12, 15, 1, 8, 11, 4, 9]",707.0,5.059056758880615
"[18, 10, 6, 14, 2, 7, 13, 3, 5, 0, 17, 16, 19, 12, 15, 1, 8, 11, 4, 9]",707.0,"[18, 10, 6, 14, 2, 7, 13, 3, 5, 0, 17, 16, 19, 12, 15, 1, 8, 11, 4, 9]",707.0,5.1270530223846436
"[18, 10, 6, 14, 2, 16, 13, 3, 5, 0, 17, 7, 19, 12, 15, 1, 8, 11, 4, 9]",706.0,"[18, 10, 6, 14, 2, 16, 13, 3, 5, 0, 17, 7, 19, 12, 15, 1, 8, 11, 4, 9]",706.0,5.195049047470093
"[18, 10, 6, 14, 2, 16, 13, 3, 5, 0, 17, 7, 19, 12, 15, 1, 8, 11, 4, 9]",706.0,"[18, 10, 6, 14, 2, 16, 13, 3, 5, 0, 17, 7, 19, 12, 15, 1, 8, 11, 4, 9]",706.0,5.262050151824951
"[18, 10, 6, 14, 2, 16, 13, 3, 5, 0, 17, 7, 19, 12, 15, 1, 8, 11, 4, 9]",706.0,"[18, 10, 6, 14, 2, 16, 13, 3, 5, 0, 17, 7, 19, 12, 15, 1, 8, 11, 4, 9]",706.0,5.329050302505493
"[18, 10, 6, 14, 2, 16, 13, 3, 5, 0, 17, 7, 19, 12, 15, 1, 8, 11, 4, 9]",706.0,"[18, 10, 6, 14, 2, 16, 13, 3, 5, 0, 17, 7, 19, 12, 15, 1, 8, 11, 4, 9]",706.0,5.398050308227539
"[18, 10, 6, 14, 2, 16, 13, 3, 5, 0, 17, 7, 19, 12, 15, 1, 8, 11, 4, 9]",706.0,"[18, 10, 6, 14, 2, 16, 13, 3, 5, 0, 17, 7, 19, 12, 15, 1, 8, 11, 4, 9]",706.0,5.464054346084595
"[18, 10, 6, 14, 2, 16, 13, 3, 5, 0, 17, 7, 19, 12, 15, 1, 8, 11, 4, 9]",706.0,"[18, 10, 6, 14, 2, 16, 13, 3, 5, 0, 17, 7, 19, 12, 15, 1, 8, 11, 4, 9]",706.0,5.532053232192993
"[18, 10, 6, 14, 2, 16, 13, 3, 5, 0, 17, 7, 19, 12, 15, 1, 8, 11, 4, 9]",706.0,"[18, 10, 6, 14, 2, 16, 13, 3, 5, 0, 17, 7, 19, 12, 15, 1, 8, 11, 4, 9]",706.0,5.597051620483398
"[18, 10, 6, 14, 2, 16, 13, 3, 5, 0, 17, 7, 19, 12, 15, 1, 8, 11, 4, 9]",706.0,"[18, 10, 6, 14, 2, 16, 13, 3, 5, 0, 17, 7, 19, 12, 15, 1, 8, 11, 4, 9]",706.0,5.6640543937683105
"[18, 10, 6, 14, 2, 16, 13, 3, 5, 0, 17, 7, 19, 12, 15, 1, 8, 11, 4, 9]",706.0,"[18, 10, 6, 14, 2, 16, 13, 3, 5, 0, 17, 7, 19, 12, 15, 1, 8, 11, 4, 9]",706.0,5.731056213378906
"[18, 10, 6, 14, 2, 16, 13, 3, 5, 0, 17, 7, 19, 12, 15, 1, 8, 11, 4, 9]",706.0,"[18, 10, 6, 14, 2, 16, 13, 3, 5, 0, 17, 7, 19, 12, 15, 1, 8, 11, 4, 9]",706.0,5.798055648803711
"[18, 10, 6, 14, 2, 16, 13, 3, 5, 0, 17, 7, 19, 12, 15, 1, 8, 11, 4, 9]",706.0,"[18, 10, 6, 14, 2, 16, 13, 3, 5, 0, 17, 7, 19, 12, 15, 1, 8, 11, 4, 9]",706.0,5.8630547523498535
"[18, 10, 6, 14, 2, 16, 13, 3, 5, 0, 17, 7, 19, 12, 15, 1, 8, 11, 4, 9]",706.0,"[18, 10, 6, 14, 2, 16, 13, 3, 5, 0, 17, 7, 19, 12, 15, 1, 8, 11, 4, 9]",706.0,5.931053638458252
"[18, 10, 6, 14, 2, 16, 19, 3, 5, 0, 17, 7, 13, 12, 15, 1, 8, 11, 4, 9]",704.0,"[18, 10, 6, 14, 2, 16, 19, 3, 5, 0, 17, 7, 13, 12, 15, 1, 8, 11, 4, 9]",704.0,5.996057987213135
"[18, 10, 6, 14, 2, 16, 19, 3, 5, 0, 17, 7, 13, 12, 15, 1, 8, 11, 4, 9]",704.0,"[18, 10, 6, 14, 2, 16, 19, 3, 5, 0, 17, 7, 13, 12, 15, 1, 8, 11, 4, 9]",704.0,6.064056396484375
"[18, 10, 6, 14, 2, 16, 19, 3, 5, 0, 17, 7, 13, 12, 15, 1, 8, 11, 4, 9]",704.0,"[18, 10, 6, 14, 2, 16, 19, 3, 5, 0, 17, 7, 13, 12, 15, 1, 8, 11, 4, 9]",704.0,6.1330602169036865
"[18, 10, 6, 14, 2, 16, 19, 3, 5, 0, 17, 7, 13, 12, 15, 1, 8, 11, 4, 9]",704.0,"[18, 10, 6, 14, 2, 16, 19, 3, 5, 0, 17, 7, 13, 12, 15, 1, 8, 11, 4, 9]",704.0,6.200057506561279
"[18, 10, 6, 14, 2, 16, 19, 3, 5, 0, 17, 7, 13, 12, 15, 1, 8, 11, 4, 9]",704.0,"[18, 10, 6, 14, 2, 16, 19, 3, 5, 0, 17, 7, 13, 12, 15, 1, 8, 11, 4, 9]",704.0,6.272059917449951
"[18, 10, 6, 14, 2, 16, 19, 3, 5, 0, 17, 7, 13, 12, 15, 1, 8, 11, 4, 9]",704.0,"[18, 10, 6, 14, 2, 16, 19, 3, 5, 0, 17, 7, 13, 12, 15, 1, 8, 11, 4, 9]",704.0,6.341061115264893
"[18, 10, 6, 14, 2, 16, 19, 3, 5, 0, 17, 7, 13, 12, 15, 1, 8, 11, 4, 9]",704.0,"[18, 10, 6, 14, 2, 16, 19, 3, 5, 0, 17, 7, 13, 12, 15, 1, 8, 11, 4, 9]",704.0,6.411065340042114
"[18, 10, 6, 14, 2, 16, 19, 3, 5, 0, 17, 7, 13, 12, 15, 1, 8, 11, 4, 9]",704.0,"[18, 10, 6, 14, 2, 16, 19, 3, 5, 0, 17, 7, 13, 12, 15, 1, 8, 11, 4, 9]",704.0,6.480061292648315
"[18, 10, 6, 14, 2, 16, 19, 3, 5, 0, 17, 7, 13, 12, 15, 1, 8, 11, 4, 9]",704.0,"[18, 10, 6, 14, 2, 16, 19, 3, 5, 0, 17, 7, 13, 12, 15, 1, 8, 11, 4, 9]",704.0,6.5460615158081055
"[18, 10, 6, 14, 2, 16, 19, 3, 5, 0, 17, 7, 13, 12, 15, 1, 8, 11, 4, 9]",704.0,"[18, 10, 6, 14, 2, 16, 19, 3, 5, 0, 17, 7, 13, 12, 15, 1, 8, 11, 4, 9]",704.0,6.616061687469482
"[18, 10, 6, 14, 2, 16, 19, 7, 5, 0, 17, 3, 13, 12, 15, 1, 8, 11, 4, 9]",703.5,"[18, 10, 6, 14, 2, 16, 19, 7, 5, 0, 17, 3, 13, 12, 15, 1, 8, 11, 4, 9]",703.5,6.684063196182251
"[18, 10, 6, 14, 2, 16, 19, 7, 5, 0, 17, 3, 13, 12, 15, 1, 8, 11, 4, 9]",703.5,"[18, 10, 6, 14, 2, 16, 19, 7, 5, 0, 17, 3, 13, 12, 15, 1, 8, 11, 4, 9]",703.5,6.748064756393433
"[18, 10, 6, 14, 2, 16, 19, 7, 5, 0, 17, 3, 13, 12, 15, 1, 8, 11, 4, 9]",703.5,"[18, 10, 6, 14, 2, 16, 19, 7, 5, 0, 17, 3, 13, 12, 15, 1, 8, 11, 4, 9]",703.5,6.814068555831909
"[18, 10, 6, 14, 2, 16, 19, 7, 5, 0, 17, 3, 13, 12, 15, 1, 8, 11, 4, 9]",703.5,"[18, 10, 6, 14, 2, 16, 19, 7, 5, 0, 17, 3, 13, 12, 15, 1, 8, 11, 4, 9]",703.5,6.881071090698242
"[18, 10, 6, 14, 2, 16, 19, 7, 5, 0, 17, 3, 13, 12, 15, 1, 8, 11, 4, 9]",703.5,"[18, 10, 6, 14, 2, 16, 19, 7, 5, 0, 17, 3, 13, 12, 15, 1, 8, 11, 4, 9]",703.5,6.947065114974976
"[18, 10, 6, 14, 2, 16, 19, 7, 5, 0, 17, 3, 13, 12, 15, 1, 8, 11, 4, 9]",703.5,"[18, 10, 6, 14, 2, 16, 19, 7, 5, 0, 17, 3, 13, 12, 15, 1, 8, 11, 4, 9]",703.5,7.012064695358276
"[18, 10, 6, 14, 2, 16, 19, 7, 5, 0, 17, 3, 13, 12, 15, 1, 8, 11, 4, 9]",703.5,"[18, 10, 6, 14, 2, 16, 19, 7, 5, 0, 17, 3, 13, 12, 15, 1, 8, 11, 4, 9]",703.5,7.080066919326782
"[18, 10, 6, 14, 2, 16, 19, 7, 5, 0, 17, 3, 13, 12, 15, 1, 8, 11, 4, 9]",703.5,"[18, 10, 6, 14, 2, 16, 19, 7, 5, 0, 17, 3, 13, 12, 15, 1, 8, 11, 4, 9]",703.5,7.1460700035095215
"[18, 10, 6, 14, 2, 16, 19, 7, 5, 0, 17, 3, 13, 12, 15, 1, 8, 11, 4, 9]",703.5,"[18, 10, 6, 14, 2, 16, 19, 7, 5, 0, 17, 3, 13, 12, 15, 1, 8, 11, 4, 9]",703.5,7.217073678970337
"[18, 10, 6, 14, 2, 16, 19, 7, 5, 0, 17, 3, 13, 12, 15, 1, 8, 11, 4, 9]",703.5,"[18, 10, 6, 14, 2, 16, 19, 7, 5, 0, 17, 3, 13, 12, 15, 1, 8, 11, 4, 9]",703.5,7.286069869995117
"[18, 10, 6, 14, 2, 16, 19, 7, 5, 0, 17, 3, 13, 12, 15, 1, 8, 11, 4, 9]",703.5,"[18, 10, 6, 14, 2, 16, 19, 7, 5, 0, 17, 3, 13, 12, 15, 1, 8, 11, 4, 9]",703.5,7.35407018661499
"[18, 10, 6, 14, 2, 16, 19, 7, 5, 0, 17, 3, 13, 12, 15, 1, 8, 11, 4, 9]",703.5,"[18, 10, 6, 14, 2, 16, 19, 7, 5, 0, 17, 3, 13, 12, 15, 1, 8, 11, 4, 9]",703.5,7.421073913574219
"[18, 10, 6, 14, 2, 16, 19, 7, 5, 0, 17, 3, 13, 12, 15, 1, 8, 11, 4, 9]",703.5,"[18, 10, 6, 14, 2, 16, 19, 7, 5, 0, 17, 3, 13, 12, 15, 1, 8, 11, 4, 9]",703.5,7.48907470703125
"[18, 10, 6, 14, 2, 16, 19, 7, 5, 0, 17, 3, 13, 12, 15, 1, 8, 11, 4, 9]",703.5,"[18, 10, 6, 14, 2, 16, 19, 7, 5, 0, 17, 3, 13, 12, 15, 1, 8, 11, 4, 9]",703.5,7.55707573890686
"[18, 10, 6, 14, 2, 16, 19, 7, 5, 0, 17, 3, 13, 12, 15, 1, 8, 11, 4, 9]",703.5,"[18, 10, 6, 14, 2, 16, 19, 7, 5, 0, 17, 3, 13, 12, 15, 1, 8, 11, 4, 9]",703.5,7.625074148178101
"[18, 10, 6, 14, 2, 16, 19, 7, 5, 0, 17, 3, 13, 12, 15, 1, 8, 11, 4, 9]",703.5,"[18, 10, 6, 14, 2, 16, 19, 7, 5, 0, 17, 3, 13, 12, 15, 1, 8, 11, 4, 9]",703.5,7.696080684661865
"[18, 10, 6, 14, 2, 16, 19, 7, 5, 0, 17, 3, 13, 12, 15, 1, 8, 11, 4, 9]",703.5,"[18, 10, 6, 14, 2, 16, 19, 7, 5, 0, 17, 3, 13, 12, 15, 1, 8, 11, 4, 9]",703.5,7.765072584152222
"[18, 10, 6, 14, 2, 16, 19, 7, 5, 0, 17, 3, 13, 12, 15, 1, 8, 11, 4, 9]",703.5,"[18, 10, 6, 14, 2, 16, 19, 7, 5, 0, 17, 3, 13, 12, 15, 1, 8, 11, 4, 9]",703.5,7.834076881408691
"[18, 10, 6, 14, 2, 16, 19, 7, 5, 0, 17, 3, 13, 12, 15, 1, 8, 11, 4, 9]",703.5,"[18, 10, 6, 14, 2, 16, 19, 7, 5, 0, 17, 3, 13, 12, 15, 1, 8, 11, 4, 9]",703.5,7.903075933456421
"[18, 10, 6, 14, 2, 16, 19, 7, 5, 0, 17, 3, 13, 12, 15, 1, 8, 11, 4, 9]",703.5,"[18, 10, 6, 14, 2, 16, 19, 7, 5, 0, 17, 3, 13, 12, 15, 1, 8, 11, 4, 9]",703.5,7.971078872680664
"[18, 10, 6, 14, 2, 16, 19, 7, 5, 0, 17, 3, 13, 12, 15, 1, 8, 11, 4, 9]",703.5,"[18, 10, 6, 14, 2, 16, 19, 7, 5, 0, 17, 3, 13, 12, 15, 1, 8, 11, 4, 9]",703.5,8.043083906173706
"[18, 10, 6, 14, 2, 16, 19, 7, 5, 0, 17, 3, 13, 12, 15, 1, 8, 11, 4, 9]",703.5,"[18, 10, 6, 14, 2, 16, 19, 7, 5, 0, 17, 3, 13, 12, 15, 1, 8, 11, 4, 9]",703.5,8.117079734802246
"[18, 10, 6, 14, 2, 16, 19, 7, 5, 0, 17, 3, 13, 12, 15, 1, 8, 11, 4, 9]",703.5,"[18, 10, 6, 14, 2, 16, 19, 7, 5, 0, 17, 3, 13, 12, 15, 1, 8, 11, 4, 9]",703.5,8.186080694198608
"[18, 10, 6, 14, 2, 16, 19, 7, 5, 0, 17, 3, 13, 12, 15, 1, 8, 11, 4, 9]",703.5,"[18, 10, 6, 14, 2, 16, 19, 7, 5, 0, 17, 3, 13, 12, 15, 1, 8, 11, 4, 9]",703.5,8.255080938339233
"[18, 10, 6, 14, 2, 16, 19, 7, 5, 0, 17, 3, 13, 12, 15, 1, 8, 11, 4, 9]",703.5,"[18, 10, 6, 14, 2, 16, 19, 7, 5, 0, 17, 3, 13, 12, 15, 1, 8, 11, 4, 9]",703.5,8.321080923080444
"[18, 10, 6, 14, 2, 16, 19, 7, 5, 0, 17, 3, 13, 12, 15, 1, 8, 11, 4, 9]",703.5,"[18, 10, 6, 14, 2, 16, 19, 7, 5, 0, 17, 3, 13, 12, 15, 1, 8, 11, 4, 9]",703.5,8.390101432800293
"[18, 10, 6, 14, 2, 16, 19, 7, 5, 0, 17, 3, 13, 12, 15, 1, 8, 11, 4, 9]",703.5,"[18, 10, 6, 14, 2, 16, 19, 7, 5, 0, 17, 3, 13, 12, 15, 1, 8, 11, 4, 9]",703.5,8.459080934524536
"[18, 10, 6, 14, 2, 16, 19, 7, 5, 0, 17, 3, 13, 12, 15, 1, 8, 11, 4, 9]",703.5,"[18, 10, 6, 14, 2, 16, 19, 7, 5, 0, 17, 3, 13, 12, 15, 1, 8, 11, 4, 9]",703.5,8.52308464050293
"[18, 10, 6, 14, 2, 16, 19, 7, 5, 0, 17, 3, 13, 12, 15, 1, 8, 11, 4, 9]",703.5,"[18, 10, 6, 14, 2, 16, 19, 7, 5, 0, 17, 3, 13, 12, 15, 1, 8, 11, 4, 9]",703.5,8.590080976486206
"[18, 10, 6, 14, 2, 16, 19, 7, 5, 0, 17, 3, 13, 12, 15, 1, 8, 11, 4, 9]",703.5,"[18, 10, 6, 14, 2, 16, 19, 7, 5, 0, 17, 3, 13, 12, 15, 1, 8, 11, 4, 9]",703.5,8.654085397720337
"[18, 10, 6, 14, 2, 16, 19, 7, 5, 0, 17, 3, 13, 12, 15, 1, 8, 11, 4, 9]",703.5,"[18, 10, 6, 14, 2, 16, 19, 7, 5, 0, 17, 3, 13, 12, 15, 1, 8, 11, 4, 9]",703.5,8.724085330963135
"[18, 10, 6, 14, 2, 16, 19, 7, 5, 0, 17, 3, 13, 12, 15, 1, 8, 11, 4, 9]",703.5,"[18, 10, 6, 14, 2, 16, 19, 7, 5, 0, 17, 3, 13, 12, 15, 1, 8, 11, 4, 9]",703.5,8.792083978652954
"[18, 10, 6, 14, 2, 16, 19, 7, 5, 0, 17, 3, 13, 12, 15, 1, 8, 11, 4, 9]",703.5,"[18, 10, 6, 14, 2, 16, 19, 7, 5, 0, 17, 3, 13, 12, 15, 1, 8, 11, 4, 9]",703.5,8.860086441040039
"[18, 10, 6, 14, 2, 16, 19, 7, 5, 0, 17, 3, 13, 12, 15, 1, 8, 11, 4, 9]",703.5,"[18, 10, 6, 14, 2, 16, 19, 7, 5, 0, 17, 3, 13, 12, 15, 1, 8, 11, 4, 9]",703.5,8.929086923599243
"[18, 10, 6, 14, 2, 16, 19, 7, 5, 0, 17, 3, 13, 12, 15, 1, 8, 11, 4, 9]",703.5,"[18, 10, 6, 14, 2, 16, 19, 7, 5, 0, 17, 3, 13, 12, 15, 1, 8, 11, 4, 9]",703.5,8.996088027954102
"[18, 10, 6, 14, 2, 16, 19, 7, 5, 0, 17, 3, 13, 12, 15, 1, 8, 11, 4, 9]",703.5,"[18, 10, 6, 14, 2, 16, 19, 7, 5, 0, 17, 3, 13, 12, 15, 1, 8, 11, 4, 9]",703.5,9.063081979751587
"[18, 10, 6, 14, 2, 16, 19, 7, 5, 0, 17, 3, 13, 12, 15, 1, 8, 11, 4, 9]",703.5,"[18, 10, 6, 14, 2, 16, 19, 7, 5, 0, 17, 3, 13, 12, 15, 1, 8, 11, 4, 9]",703.5,9.13008737564087
"[18, 10, 6, 14, 2, 16, 19, 7, 5, 0, 17, 3, 13, 12, 15, 1, 8, 11, 4, 9]",703.5,"[18, 10, 6, 14, 2, 16, 19, 7, 5, 0, 17, 3, 13, 12, 15, 1, 8, 11, 4, 9]",703.5,9.20108699798584
"[18, 10, 6, 14, 2, 16, 19, 7, 5, 0, 17, 3, 13, 12, 15, 1, 8, 11, 4, 9]",703.5,"[18, 10, 6, 14, 2, 16, 19, 7, 5, 0, 17, 3, 13, 12, 15, 1, 8, 11, 4, 9]",703.5,9.2700936794281
"[18, 10, 6, 14, 2, 16, 19, 7, 5, 0, 17, 3, 13, 12, 15, 1, 8, 11, 4, 9]",703.5,"[18, 10, 6, 14, 2, 16, 19, 7, 5, 0, 17, 3, 13, 12, 15, 1, 8, 11, 4, 9]",703.5,9.335093975067139
"[18, 10, 6, 14, 2, 16, 19, 7, 5, 0, 17, 3, 13, 12, 15, 1, 8, 11, 4, 9]",703.5,"[18, 10, 6, 14, 2, 16, 19, 7, 5, 0, 17, 3, 13, 12, 15, 1, 8, 11, 4, 9]",703.5,9.404090642929077
"[18, 10, 6, 14, 2, 16, 19, 7, 5, 0, 17, 3, 13, 12, 15, 1, 8, 11, 4, 9]",703.5,"[18, 10, 6, 14, 2, 16, 19, 7, 5, 0, 17, 3, 13, 12, 15, 1, 8, 11, 4, 9]",703.5,9.472095727920532
"[18, 10, 6, 14, 2, 16, 19, 7, 5, 0, 17, 3, 13, 12, 15, 1, 8, 11, 4, 9]",703.5,"[18, 10, 6, 14, 2, 16, 19, 7, 5, 0, 17, 3, 13, 12, 15, 1, 8, 11, 4, 9]",703.5,9.540094375610352
"[18, 10, 6, 14, 2, 16, 19, 7, 5, 0, 17, 3, 13, 12, 15, 1, 8, 11, 4, 9]",703.5,"[18, 10, 6, 14, 2, 16, 19, 7, 5, 0, 17, 3, 13, 12, 15, 1, 8, 11, 4, 9]",703.5,9.607091188430786
"[18, 10, 6, 14, 2, 16, 19, 7, 5, 0, 17, 3, 13, 12, 15, 1, 8, 11, 4, 9]",703.5,"[18, 10, 6, 14, 2, 16, 19, 7, 5, 0, 17, 3, 13, 12, 15, 1, 8, 11, 4, 9]",703.5,9.675101518630981
"[18, 10, 6, 14, 2, 16, 19, 7, 5, 0, 17, 3, 13, 12, 15, 1, 8, 11, 4, 9]",703.5,"[18, 10, 6, 14, 2, 16, 19, 7, 5, 0, 17, 3, 13, 12, 15, 1, 8, 11, 4, 9]",703.5,9.743097305297852
"[18, 10, 6, 14, 2, 16, 19, 7, 5, 0, 17, 3, 13, 12, 15, 1, 8, 11, 4, 9]",703.5,"[18, 10, 6, 14, 2, 16, 19, 7, 5, 0, 17, 3, 13, 12, 15, 1, 8, 11, 4, 9]",703.5,9.806096076965332
"[18, 10, 6, 14, 2, 16, 19, 7, 5, 0, 17, 3, 13, 12, 15, 1, 8, 11, 4, 9]",703.5,"[18, 10, 6, 14, 2, 16, 19, 7, 5, 0, 17, 3, 13, 12, 15, 1, 8, 11, 4, 9]",703.5,9.872116804122925
"[18, 10, 6, 14, 2, 16, 19, 7, 5, 0, 17, 3, 13, 12, 15, 1, 8, 11, 4, 9]",703.5,"[18, 10, 6, 14, 2, 16, 19, 7, 5, 0, 17, 3, 13, 12, 15, 1, 8, 11, 4, 9]",703.5,9.940095663070679
"[18, 10, 6, 14, 2, 16, 19, 7, 5, 0, 17, 3, 13, 12, 15, 1, 8, 11, 4, 9]",703.5,"[18, 10, 6, 14, 2, 16, 19, 7, 5, 0, 17, 3, 13, 12, 15, 1, 8, 11, 4, 9]",703.5,10.006103754043579
"[18, 10, 6, 14, 2, 16, 19, 7, 5, 0, 17, 3, 13, 12, 15, 1, 8, 11, 4, 9]",703.5,"[18, 10, 6, 14, 2, 16, 19, 7, 5, 0, 17, 3, 13, 12, 15, 1, 8, 11, 4, 9]",703.5,10.0720956325531
"[18, 10, 6, 14, 2, 16, 19, 7, 5, 0, 17, 3, 13, 12, 15, 1, 8, 11, 4, 9]",703.5,"[18, 10, 6, 14, 2, 16, 19, 7, 5, 0, 17, 3, 13, 12, 15, 1, 8, 11, 4, 9]",703.5,10.139101266860962
"[18, 10, 6, 14, 2, 16, 19, 7, 5, 0, 17, 3, 13, 12, 15, 1, 8, 11, 4, 9]",703.5,"[18, 10, 6, 14, 2, 16, 19, 7, 5, 0, 17, 3, 13, 12, 15, 1, 8, 11, 4, 9]",703.5,10.206099271774292
"[18, 10, 6, 14, 2, 16, 19, 7, 5, 0, 17, 3, 13, 12, 15, 1, 8, 11, 4, 9]",703.5,"[18, 10, 6, 14, 2, 16, 19, 7, 5, 0, 17, 3, 13, 12, 15, 1, 8, 11, 4, 9]",703.5,10.274202585220337
"[18, 10, 6, 14, 2, 16, 19, 7, 5, 0, 17, 3, 13, 12, 15, 1, 8, 11, 4, 9]",703.5,"[18, 10, 6, 14, 2, 16, 19, 7, 5, 0, 17, 3, 13, 12, 15, 1, 8, 11, 4, 9]",703.5,10.34109878540039
"[18, 10, 6, 14, 2, 16, 19, 7, 5, 0, 17, 3, 13, 12, 15, 1, 8, 11, 4, 9]",703.5,"[18, 10, 6, 14, 2, 16, 19, 7, 5, 0, 17, 3, 13, 12, 15, 1, 8, 11, 4, 9]",703.5,10.405102014541626
"[18, 10, 6, 14, 2, 16, 19, 7, 5, 0, 17, 3, 13, 12, 15, 1, 8, 11, 4, 9]",703.5,"[18, 10, 6, 14, 2, 16, 19, 7, 5, 0, 17, 3, 13, 12, 15, 1, 8, 11, 4, 9]",703.5,10.473105192184448
"[18, 10, 6, 14, 2, 16, 19, 7, 5, 0, 17, 3, 13, 12, 15, 1, 8, 11, 4, 9]",703.5,"[18, 10, 6, 14, 2, 16, 19, 7, 5, 0, 17, 3, 13, 12, 15, 1, 8, 11, 4, 9]",703.5,10.543103218078613
"[18, 10, 6, 14, 2, 16, 19, 7, 5, 0, 17, 3, 13, 12, 15, 1, 8, 11, 4, 9]",703.5,"[18, 10, 6, 14, 2, 16, 19, 7, 5, 0, 17, 3, 13, 12, 15, 1, 8, 11, 4, 9]",703.5,10.611106395721436
"[18, 10, 6, 14, 2, 16, 19, 7, 5, 0, 17, 3, 13, 12, 15, 1, 8, 11, 4, 9]",703.5,"[18, 10, 6, 14, 2, 16, 19, 7, 5, 0, 17, 3, 13, 12, 15, 1, 8, 11, 4, 9]",703.5,10.678106784820557
"[18, 17, 6, 14, 2, 16, 19, 7, 5, 0, 10, 3, 13, 12, 15, 1, 8, 11, 4, 9]",702.0,"[18, 17, 6, 14, 2, 16, 19, 7, 5, 0, 10, 3, 13, 12, 15, 1, 8, 11, 4, 9]",702.0,10.74710464477539
"[18, 17, 6, 14, 2, 16, 19, 7, 5, 0, 10, 3, 13, 12, 15, 1, 8, 11, 4, 9]",702.0,"[18, 17, 6, 14, 2, 16, 19, 7, 5, 0, 10, 3, 13, 12, 15, 1, 8, 11, 4, 9]",702.0,10.815107107162476
"[18, 17, 6, 14, 2, 16, 19, 7, 5, 0, 10, 3, 13, 12, 15, 1, 8, 11, 4, 9]",702.0,"[18, 17, 6, 14, 2, 16, 19, 7, 5, 0, 10, 3, 13, 12, 15, 1, 8, 11, 4, 9]",702.0,10.882106304168701
"[18, 17, 6, 14, 2, 16, 19, 7, 5, 0, 10, 3, 13, 12, 15, 1, 8, 11, 4, 9]",702.0,"[18, 17, 6, 14, 2, 16, 19, 7, 5, 0, 10, 3, 13, 12, 15, 1, 8, 11, 4, 9]",702.0,10.948108434677124
"[18, 17, 6, 14, 2, 16, 19, 7, 5, 0, 10, 3, 13, 12, 15, 1, 8, 11, 4, 9]",702.0,"[18, 17, 6, 14, 2, 16, 19, 7, 5, 0, 10, 3, 13, 12, 15, 1, 8, 11, 4, 9]",702.0,11.01612639427185
"[18, 17, 6, 14, 2, 16, 19, 7, 5, 0, 10, 3, 13, 12, 15, 1, 8, 11, 4, 9]",702.0,"[18, 17, 6, 14, 2, 16, 19, 7, 5, 0, 10, 3, 13, 12, 15, 1, 8, 11, 4, 9]",702.0,11.086109399795532
"[18, 17, 6, 14, 2, 16, 19, 7, 5, 0, 10, 3, 13, 12, 15, 1, 8, 11, 4, 9]",702.0,"[18, 17, 6, 14, 2, 16, 19, 7, 5, 0, 10, 3, 13, 12, 15, 1, 8, 11, 4, 9]",702.0,11.152107000350952
"[18, 17, 6, 14, 2, 16, 19, 7, 5, 0, 10, 3, 13, 12, 15, 1, 8, 11, 4, 9]",702.0,"[18, 17, 6, 14, 2, 16, 19, 7, 5, 0, 10, 3, 13, 12, 15, 1, 8, 11, 4, 9]",702.0,11.22111201286316
"[18, 17, 6, 14, 2, 16, 19, 7, 5, 0, 10, 3, 13, 12, 15, 1, 8, 11, 4, 9]",702.0,"[18, 17, 6, 14, 2, 16, 19, 7, 5, 0, 10, 3, 13, 12, 15, 1, 8, 11, 4, 9]",702.0,11.287108182907104
"[18, 17, 6, 14, 2, 16, 19, 7, 5, 0, 10, 3, 13, 12, 15, 1, 8, 11, 4, 9]",702.0,"[18, 17, 6, 14, 2, 16, 19, 7, 5, 0, 10, 3, 13, 12, 15, 1, 8, 11, 4, 9]",702.0,11.359110355377197
"[18, 17, 6, 14, 2, 16, 19, 7, 5, 0, 10, 3, 13, 12, 15, 1, 8, 11, 4, 9]",702.0,"[18, 17, 6, 14, 2, 16, 19, 7, 5, 0, 10, 3, 13, 12, 15, 1, 8, 11, 4, 9]",702.0,11.426113605499268
"[18, 17, 6, 14, 2, 16, 19, 7, 5, 0, 10, 3, 13, 12, 15, 1, 8, 11, 4, 9]",702.0,"[18, 17, 6, 14, 2, 16, 19, 7, 5, 0, 10, 3, 13, 12, 15, 1, 8, 11, 4, 9]",702.0,11.493112325668335
"[18, 17, 6, 14, 2, 16, 19, 7, 5, 0, 10, 3, 13, 12, 15, 1, 8, 11, 4, 9]",702.0,"[18, 17, 6, 14, 2, 16, 19, 7, 5, 0, 10, 3, 13, 12, 15, 1, 8, 11, 4, 9]",702.0,11.559114456176758
"[18, 17, 6, 14, 2, 16, 19, 7, 5, 0, 10, 3, 13, 12, 15, 1, 8, 11, 4, 9]",702.0,"[18, 17, 6, 14, 2, 16, 19, 7, 5, 0, 10, 3, 13, 12, 15, 1, 8, 11, 4, 9]",702.0,11.624114513397217
"[18, 17, 6, 14, 2, 16, 19, 7, 5, 0, 10, 3, 13, 12, 15, 1, 8, 11, 4, 9]",702.0,"[18, 17, 6, 14, 2, 16, 19, 7, 5, 0, 10, 3, 13, 12, 15, 1, 8, 11, 4, 9]",702.0,11.691150188446045
"[18, 17, 6, 14, 2, 16, 19, 7, 5, 0, 10, 3, 13, 12, 15, 1, 8, 11, 4, 9]",702.0,"[18, 17, 6, 14, 2, 16, 19, 7, 5, 0, 10, 3, 13, 12, 15, 1, 8, 11, 4, 9]",702.0,11.758119106292725
"[18, 17, 6, 14, 2, 16, 19, 7, 5, 0, 10, 3, 13, 12, 15, 1, 8, 11, 4, 9]",702.0,"[18, 17, 6, 14, 2, 16, 19, 7, 5, 0, 10, 3, 13, 12, 15, 1, 8, 11, 4, 9]",702.0,11.826115369796753
"[18, 17, 6, 14, 2, 16, 19, 7, 5, 0, 10, 3, 13, 12, 15, 1, 8, 11, 4, 9]",702.0,"[18, 17, 6, 14, 2, 16, 19, 7, 5, 0, 10, 3, 13, 12, 15, 1, 8, 11, 4, 9]",702.0,11.892117738723755
"[18, 17, 6, 14, 2, 16, 19, 7, 5, 0, 10, 3, 13, 12, 15, 1, 8, 11, 4, 9]",702.0,"[18, 17, 6, 14, 2, 16, 19, 7, 5, 0, 10, 3, 13, 12, 15, 1, 8, 11, 4, 9]",702.0,11.957117080688477
"[18, 17, 6, 14, 2, 16, 19, 7, 5, 0, 10, 3, 13, 12, 15, 1, 8, 11, 4, 9]",702.0,"[18, 17, 6, 14, 2, 16, 19, 7, 5, 0, 10, 3, 13, 12, 15, 1, 8, 11, 4, 9]",702.0,12.024117708206177
"[18, 17, 6, 14, 2, 16, 19, 7, 5, 0, 10, 3, 13, 12, 15, 1, 8, 11, 4, 9]",702.0,"[18, 17, 6, 14, 2, 16, 19, 7, 5, 0, 10, 3, 13, 12, 15, 1, 8, 11, 4, 9]",702.0,12.093133687973022
"[18, 17, 6, 14, 2, 16, 19, 7, 5, 0, 10, 3, 13, 12, 15, 1, 8, 11, 4, 9]",702.0,"[18, 17, 6, 14, 2, 16, 19, 7, 5, 0, 10, 3, 13, 12, 15, 1, 8, 11, 4, 9]",702.0,12.16211748123169
"[18, 17, 6, 14, 2, 16, 19, 7, 5, 0, 10, 3, 13, 12, 15, 1, 8, 11, 4, 9]",702.0,"[18, 17, 6, 14, 2, 16, 19, 7, 5, 0, 10, 3, 13, 12, 15, 1, 8, 11, 4, 9]",702.0,12.226123094558716
"[18, 17, 6, 14, 2, 16, 19, 7, 5, 0, 10, 3, 13, 12, 15, 1, 8, 11, 4, 9]",702.0,"[18, 17, 6, 14, 2, 16, 19, 7, 5, 0, 10, 3, 13, 12, 15, 1, 8, 11, 4, 9]",702.0,12.29412031173706
"[18, 17, 6, 14, 2, 16, 19, 7, 5, 0, 10, 3, 13, 12, 15, 1, 8, 11, 4, 9]",702.0,"[18, 17, 6, 14, 2, 16, 19, 7, 5, 0, 10, 3, 13, 12, 15, 1, 8, 11, 4, 9]",702.0,12.389121055603027
"[18, 17, 6, 14, 2, 16, 19, 7, 5, 0, 10, 3, 13, 12, 15, 1, 8, 11, 4, 9]",702.0,"[18, 17, 6, 14, 2, 16, 19, 7, 5, 0, 10, 3, 13, 12, 15, 1, 8, 11, 4, 9]",702.0,12.458121061325073
"[18, 17, 6, 14, 2, 16, 19, 7, 5, 0, 10, 3, 13, 12, 15, 1, 8, 11, 4, 9]",702.0,"[18, 17, 6, 14, 2, 16, 19, 7, 5, 0, 10, 3, 13, 12, 15, 1, 8, 11, 4, 9]",702.0,12.527127981185913
"[18, 17, 6, 14, 2, 16, 19, 7, 5, 0, 10, 3, 13, 12, 15, 1, 8, 11, 4, 9]",702.0,"[18, 17, 6, 14, 2, 16, 19, 7, 5, 0, 10, 3, 13, 12, 15, 1, 8, 11, 4, 9]",702.0,12.59212327003479
"[18, 17, 6, 14, 2, 16, 19, 7, 5, 0, 10, 3, 13, 12, 15, 1, 8, 11, 4, 9]",702.0,"[18, 17, 6, 14, 2, 16, 19, 7, 5, 0, 10, 3, 13, 12, 15, 1, 8, 11, 4, 9]",702.0,12.659136772155762
"[18, 17, 6, 14, 2, 16, 19, 7, 5, 0, 10, 3, 13, 12, 15, 1, 8, 11, 4, 9]",702.0,"[18, 17, 6, 14, 2, 16, 19, 7, 5, 0, 10, 3, 13, 12, 15, 1, 8, 11, 4, 9]",702.0,12.723124980926514
"[18, 17, 6, 14, 2, 16, 19, 7, 5, 0, 10, 3, 13, 12, 15, 1, 8, 11, 4, 9]",702.0,"[18, 17, 6, 14, 2, 16, 19, 7, 5, 0, 10, 3, 13, 12, 15, 1, 8, 11, 4, 9]",702.0,12.790123701095581
"[18, 17, 6, 14, 2, 16, 19, 7, 5, 0, 10, 3, 13, 12, 15, 1, 8, 11, 4, 9]",702.0,"[18, 17, 6, 14, 2, 16, 19, 7, 5, 0, 10, 3, 13, 12, 15, 1, 8, 11, 4, 9]",702.0,12.859126806259155
"[18, 17, 6, 14, 2, 16, 19, 7, 5, 0, 10, 3, 13, 12, 15, 1, 8, 11, 4, 9]",702.0,"[18, 17, 6, 14, 2, 16, 19, 7, 5, 0, 10, 3, 13, 12, 15, 1, 8, 11, 4, 9]",702.0,12.922130346298218
"[18, 17, 6, 14, 2, 16, 19, 7, 5, 0, 10, 3, 13, 12, 15, 1, 8, 11, 4, 9]",702.0,"[18, 17, 6, 14, 2, 16, 19, 7, 5, 0, 10, 3, 13, 12, 15, 1, 8, 11, 4, 9]",702.0,12.988125801086426
"[18, 17, 6, 14, 2, 16, 19, 7, 5, 0, 10, 3, 13, 12, 15, 1, 8, 11, 4, 9]",702.0,"[18, 17, 6, 14, 2, 16, 19, 7, 5, 0, 10, 3, 13, 12, 15, 1, 8, 11, 4, 9]",702.0,13.055126428604126
"[18, 17, 6, 14, 2, 16, 19, 7, 5, 0, 10, 3, 13, 12, 15, 1, 8, 11, 4, 9]",702.0,"[18, 17, 6, 14, 2, 16, 19, 7, 5, 0, 10, 3, 13, 12, 15, 1, 8, 11, 4, 9]",702.0,13.12412977218628
"[18, 17, 6, 14, 2, 16, 19, 7, 5, 0, 10, 3, 13, 12, 15, 1, 8, 11, 4, 9]",702.0,"[18, 17, 6, 14, 2, 16, 19, 7, 5, 0, 10, 3, 13, 12, 15, 1, 8, 11, 4, 9]",702.0,13.187130451202393
"[18, 17, 6, 14, 2, 16, 19, 7, 5, 0, 10, 3, 13, 12, 15, 1, 8, 11, 4, 9]",702.0,"[18, 17, 6, 14, 2, 16, 19, 7, 5, 0, 10, 3, 13, 12, 15, 1, 8, 11, 4, 9]",702.0,13.25313115119934
"[18, 17, 6, 14, 2, 16, 19, 7, 5, 0, 10, 3, 13, 12, 15, 1, 8, 11, 4, 9]",702.0,"[18, 17, 6, 14, 2, 16, 19, 7, 5, 0, 10, 3, 13, 12, 15, 1, 8, 11, 4, 9]",702.0,13.319128513336182
"[18, 17, 6, 14, 2, 16, 19, 7, 5, 0, 10, 3, 13, 12, 15, 1, 8, 11, 4, 9]",702.0,"[18, 17, 6, 14, 2, 16, 19, 7, 5, 0, 10, 3, 13, 12, 15, 1, 8, 11, 4, 9]",702.0,13.384133577346802
"[18, 17, 6, 14, 2, 16, 19, 7, 5, 0, 10, 3, 13, 12, 15, 1, 8, 11, 4, 9]",702.0,"[18, 17, 6, 14, 2, 16, 19, 7, 5, 0, 10, 3, 13, 12, 15, 1, 8, 11, 4, 9]",702.0,13.457134246826172
"[18, 17, 6, 14, 2, 16, 19, 7, 5, 0, 10, 3, 13, 12, 15, 1, 8, 11, 4, 9]",702.0,"[18, 17, 6, 14, 2, 16, 19, 7, 5, 0, 10, 3, 13, 12, 15, 1, 8, 11, 4, 9]",702.0,13.524132013320923
"[18, 17, 6, 14, 2, 16, 19, 7, 5, 0, 10, 3, 13, 12, 15, 1, 8, 11, 4, 9]",702.0,"[18, 17, 6, 14, 2, 16, 19, 7, 5, 0, 10, 3, 13, 12, 15, 1, 8, 11, 4, 9]",702.0,13.590133428573608
"[18, 17, 6, 14, 2, 16, 19, 7, 5, 0, 10, 3, 13, 12, 15, 1, 8, 11, 4, 9]",702.0,"[18, 17, 6, 14, 2, 16, 19, 7, 5, 0, 10, 3, 13, 12, 15, 1, 8, 11, 4, 9]",702.0,13.655131816864014
