Sequence,Fitness,Best_sequence,Best_fitness,Time
"[3, 16, 6, 10, 2, 14, 4, 17, 7, 1, 13, 0, 19, 18, 9, 15, 8, 12, 11, 5]",1549.0,"[3, 16, 6, 10, 2, 14, 4, 17, 7, 1, 13, 0, 19, 18, 9, 15, 8, 12, 11, 5]",1549.0,0.0
"[3, 16, 6, 10, 2, 14, 4, 17, 7, 1, 13, 0, 19, 18, 9, 15, 8, 12, 11, 5]",1549.0,"[3, 16, 6, 10, 2, 14, 4, 17, 7, 1, 13, 0, 19, 18, 9, 15, 8, 12, 11, 5]",1549.0,0.06799936294555664
"[3, 16, 6, 10, 2, 14, 4, 17, 7, 1, 13, 11, 19, 18, 9, 15, 8, 12, 0, 5]",1546.0,"[3, 16, 6, 10, 2, 14, 4, 17, 7, 1, 13, 11, 19, 18, 9, 15, 8, 12, 0, 5]",1546.0,0.13500189781188965
"[3, 16, 6, 10, 2, 14, 4, 17, 7, 1, 13, 11, 19, 18, 9, 15, 8, 12, 0, 5]",1546.0,"[3, 16, 6, 10, 2, 14, 4, 17, 7, 1, 13, 11, 19, 18, 9, 15, 8, 12, 0, 5]",1546.0,0.21011853218078613
"[3, 16, 6, 10, 2, 14, 4, 17, 7, 1, 13, 11, 19, 18, 9, 15, 8, 12, 0, 5]",1546.0,"[3, 16, 6, 10, 2, 14, 4, 17, 7, 1, 13, 11, 19, 18, 9, 15, 8, 12, 0, 5]",1546.0,0.28400540351867676
"[3, 16, 6, 10, 2, 14, 4, 17, 7, 1, 13, 11, 19, 18, 9, 15, 8, 12, 0, 5]",1546.0,"[3, 16, 6, 10, 2, 14, 4, 17, 7, 1, 13, 11, 19, 18, 9, 15, 8, 12, 0, 5]",1546.0,0.34702062606811523
"[3, 16, 6, 10, 2, 14, 4, 17, 7, 1, 13, 11, 19, 18, 9, 15, 8, 12, 0, 5]",1546.0,"[3, 16, 6, 10, 2, 14, 4, 17, 7, 1, 13, 11, 19, 18, 9, 15, 8, 12, 0, 5]",1546.0,0.4150094985961914
"[3, 16, 6, 10, 2, 14, 4, 17, 7, 1, 13, 11, 19, 18, 9, 15, 8, 12, 0, 5]",1546.0,"[3, 16, 6, 10, 2, 14, 4, 17, 7, 1, 13, 11, 19, 18, 9, 15, 8, 12, 0, 5]",1546.0,0.48300957679748535
"[3, 16, 6, 10, 2, 14, 4, 17, 7, 1, 13, 11, 19, 18, 9, 15, 8, 12, 0, 5]",1546.0,"[3, 16, 6, 10, 2, 14, 4, 17, 7, 1, 13, 11, 19, 18, 9, 15, 8, 12, 0, 5]",1546.0,0.551013708114624
"[12, 16, 6, 10, 2, 14, 4, 17, 7, 1, 13, 11, 19, 18, 9, 15, 8, 3, 0, 5]",1544.0,"[12, 16, 6, 10, 2, 14, 4, 17, 7, 1, 13, 11, 19, 18, 9, 15, 8, 3, 0, 5]",1544.0,0.6220149993896484
"[12, 16, 6, 10, 2, 14, 4, 17, 7, 1, 13, 11, 19, 18, 9, 15, 8, 3, 0, 5]",1544.0,"[12, 16, 6, 10, 2, 14, 4, 17, 7, 1, 13, 11, 19, 18, 9, 15, 8, 3, 0, 5]",1544.0,0.6950149536132812
"[12, 16, 6, 10, 2, 14, 4, 17, 7, 1, 13, 11, 19, 18, 9, 5, 8, 3, 0, 15]",1477.0,"[12, 16, 6, 10, 2, 14, 4, 17, 7, 1, 13, 11, 19, 18, 9, 5, 8, 3, 0, 15]",1477.0,0.762014627456665
"[12, 16, 6, 10, 2, 14, 4, 17, 7, 1, 13, 11, 19, 18, 9, 5, 8, 3, 0, 15]",1477.0,"[12, 16, 6, 10, 2, 14, 4, 17, 7, 1, 13, 11, 19, 18, 9, 5, 8, 3, 0, 15]",1477.0,0.837078332901001
"[12, 16, 6, 10, 2, 14, 4, 17, 7, 1, 13, 11, 19, 18, 9, 5, 8, 3, 0, 15]",1477.0,"[12, 16, 6, 10, 2, 14, 4, 17, 7, 1, 13, 11, 19, 18, 9, 5, 8, 3, 0, 15]",1477.0,0.9130189418792725
"[12, 16, 6, 10, 2, 14, 4, 17, 7, 1, 13, 11, 19, 18, 9, 5, 8, 3, 0, 15]",1477.0,"[12, 16, 6, 10, 2, 14, 4, 17, 7, 1, 13, 11, 19, 18, 9, 5, 8, 3, 0, 15]",1477.0,0.9930827617645264
"[12, 16, 6, 10, 2, 14, 4, 17, 7, 1, 13, 11, 19, 18, 9, 5, 8, 3, 0, 15]",1477.0,"[12, 16, 6, 10, 2, 14, 4, 17, 7, 1, 13, 11, 19, 18, 9, 5, 8, 3, 0, 15]",1477.0,1.0700256824493408
"[12, 16, 6, 10, 2, 14, 4, 17, 7, 1, 13, 11, 19, 18, 9, 5, 8, 3, 0, 15]",1477.0,"[12, 16, 6, 10, 2, 14, 4, 17, 7, 1, 13, 11, 19, 18, 9, 5, 8, 3, 0, 15]",1477.0,1.1390235424041748
"[12, 16, 6, 10, 2, 14, 4, 17, 7, 1, 13, 11, 8, 18, 9, 5, 19, 3, 0, 15]",1395.5,"[12, 16, 6, 10, 2, 14, 4, 17, 7, 1, 13, 11, 8, 18, 9, 5, 19, 3, 0, 15]",1395.5,1.2090210914611816
"[12, 16, 6, 10, 2, 14, 4, 17, 7, 1, 13, 11, 8, 18, 9, 5, 19, 3, 0, 15]",1395.5,"[12, 16, 6, 10, 2, 14, 4, 17, 7, 1, 13, 11, 8, 18, 9, 5, 19, 3, 0, 15]",1395.5,1.2780933380126953
"[12, 16, 6, 10, 2, 14, 4, 17, 7, 1, 13, 11, 8, 18, 9, 5, 19, 3, 0, 15]",1395.5,"[12, 16, 6, 10, 2, 14, 4, 17, 7, 1, 13, 11, 8, 18, 9, 5, 19, 3, 0, 15]",1395.5,1.3550896644592285
"[5, 16, 6, 10, 2, 14, 4, 17, 7, 1, 13, 11, 8, 18, 9, 12, 19, 3, 0, 15]",1345.0,"[5, 16, 6, 10, 2, 14, 4, 17, 7, 1, 13, 11, 8, 18, 9, 12, 19, 3, 0, 15]",1345.0,1.4290289878845215
"[5, 16, 6, 10, 2, 14, 4, 17, 7, 1, 13, 11, 8, 18, 9, 12, 19, 3, 0, 15]",1345.0,"[5, 16, 6, 10, 2, 14, 4, 17, 7, 1, 13, 11, 8, 18, 9, 12, 19, 3, 0, 15]",1345.0,1.500030755996704
"[5, 16, 6, 10, 2, 14, 4, 17, 7, 1, 13, 11, 8, 18, 9, 12, 19, 3, 0, 15]",1345.0,"[5, 16, 6, 10, 2, 14, 4, 17, 7, 1, 13, 11, 8, 18, 9, 12, 19, 3, 0, 15]",1345.0,1.5700232982635498
"[5, 16, 6, 10, 2, 14, 4, 17, 7, 1, 13, 11, 8, 18, 9, 12, 19, 3, 0, 15]",1345.0,"[5, 16, 6, 10, 2, 14, 4, 17, 7, 1, 13, 11, 8, 18, 9, 12, 19, 3, 0, 15]",1345.0,1.6470286846160889
"[5, 16, 6, 10, 2, 14, 4, 17, 7, 1, 13, 11, 8, 18, 9, 12, 19, 3, 0, 15]",1345.0,"[5, 16, 6, 10, 2, 14, 4, 17, 7, 1, 13, 11, 8, 18, 9, 12, 19, 3, 0, 15]",1345.0,1.717029094696045
"[5, 16, 6, 10, 2, 14, 4, 17, 7, 1, 13, 11, 8, 18, 9, 12, 19, 3, 0, 15]",1345.0,"[5, 16, 6, 10, 2, 14, 4, 17, 7, 1, 13, 11, 8, 18, 9, 12, 19, 3, 0, 15]",1345.0,1.790036678314209
"[5, 16, 6, 10, 2, 14, 4, 17, 7, 1, 13, 11, 8, 18, 9, 12, 19, 3, 0, 15]",1345.0,"[5, 16, 6, 10, 2, 14, 4, 17, 7, 1, 13, 11, 8, 18, 9, 12, 19, 3, 0, 15]",1345.0,1.86403226852417
"[5, 16, 6, 10, 2, 14, 4, 17, 7, 1, 13, 11, 8, 18, 9, 12, 19, 3, 0, 15]",1345.0,"[5, 16, 6, 10, 2, 14, 4, 17, 7, 1, 13, 11, 8, 18, 9, 12, 19, 3, 0, 15]",1345.0,1.9290330410003662
"[5, 16, 6, 10, 2, 14, 4, 17, 7, 1, 13, 11, 8, 18, 9, 12, 19, 3, 0, 15]",1345.0,"[5, 16, 6, 10, 2, 14, 4, 17, 7, 1, 13, 11, 8, 18, 9, 12, 19, 3, 0, 15]",1345.0,1.994035243988037
"[5, 16, 6, 10, 2, 14, 4, 17, 7, 1, 13, 11, 8, 18, 9, 12, 19, 3, 0, 15]",1345.0,"[5, 16, 6, 10, 2, 14, 4, 17, 7, 1, 13, 11, 8, 18, 9, 12, 19, 3, 0, 15]",1345.0,2.0580403804779053
"[5, 16, 6, 10, 2, 14, 4, 17, 7, 1, 13, 11, 8, 18, 9, 12, 19, 3, 0, 15]",1345.0,"[5, 16, 6, 10, 2, 14, 4, 17, 7, 1, 13, 11, 8, 18, 9, 12, 19, 3, 0, 15]",1345.0,2.1280391216278076
"[5, 16, 6, 10, 2, 14, 4, 17, 7, 1, 13, 11, 8, 18, 9, 12, 19, 3, 0, 15]",1345.0,"[5, 16, 6, 10, 2, 14, 4, 17, 7, 1, 13, 11, 8, 18, 9, 12, 19, 3, 0, 15]",1345.0,2.195037364959717
"[5, 16, 6, 10, 2, 14, 4, 17, 7, 1, 13, 11, 8, 18, 9, 12, 19, 3, 0, 15]",1345.0,"[5, 16, 6, 10, 2, 14, 4, 17, 7, 1, 13, 11, 8, 18, 9, 12, 19, 3, 0, 15]",1345.0,2.2650513648986816
"[5, 16, 6, 10, 2, 14, 4, 17, 7, 1, 13, 11, 8, 18, 9, 12, 19, 3, 0, 15]",1345.0,"[5, 16, 6, 10, 2, 14, 4, 17, 7, 1, 13, 11, 8, 18, 9, 12, 19, 3, 0, 15]",1345.0,2.334050178527832
"[5, 16, 6, 10, 2, 14, 4, 17, 7, 1, 13, 11, 8, 18, 9, 12, 19, 3, 0, 15]",1345.0,"[5, 16, 6, 10, 2, 14, 4, 17, 7, 1, 13, 11, 8, 18, 9, 12, 19, 3, 0, 15]",1345.0,2.3960461616516113
"[5, 16, 6, 10, 2, 14, 4, 17, 7, 1, 13, 11, 8, 18, 9, 12, 19, 3, 0, 15]",1345.0,"[5, 16, 6, 10, 2, 14, 4, 17, 7, 1, 13, 11, 8, 18, 9, 12, 19, 3, 0, 15]",1345.0,2.502044439315796
"[5, 16, 6, 10, 2, 14, 4, 17, 7, 1, 13, 11, 8, 18, 9, 12, 19, 3, 0, 15]",1345.0,"[5, 16, 6, 10, 2, 14, 4, 17, 7, 1, 13, 11, 8, 18, 9, 12, 19, 3, 0, 15]",1345.0,2.5740482807159424
"[5, 16, 6, 10, 2, 14, 4, 17, 7, 1, 13, 11, 8, 18, 9, 12, 19, 3, 0, 15]",1345.0,"[5, 16, 6, 10, 2, 14, 4, 17, 7, 1, 13, 11, 8, 18, 9, 12, 19, 3, 0, 15]",1345.0,2.6370506286621094
"[5, 16, 6, 10, 2, 14, 4, 17, 7, 1, 13, 11, 8, 18, 9, 12, 19, 3, 0, 15]",1345.0,"[5, 16, 6, 10, 2, 14, 4, 17, 7, 1, 13, 11, 8, 18, 9, 12, 19, 3, 0, 15]",1345.0,2.7010486125946045
"[5, 16, 6, 10, 2, 14, 4, 17, 7, 1, 13, 11, 8, 18, 9, 12, 19, 3, 0, 15]",1345.0,"[5, 16, 6, 10, 2, 14, 4, 17, 7, 1, 13, 11, 8, 18, 9, 12, 19, 3, 0, 15]",1345.0,2.7650492191314697
"[5, 16, 6, 10, 2, 14, 4, 17, 7, 1, 13, 11, 8, 18, 9, 12, 19, 3, 0, 15]",1345.0,"[5, 16, 6, 10, 2, 14, 4, 17, 7, 1, 13, 11, 8, 18, 9, 12, 19, 3, 0, 15]",1345.0,2.828066349029541
"[5, 16, 6, 10, 2, 14, 4, 17, 7, 1, 13, 11, 8, 18, 9, 12, 19, 3, 0, 15]",1345.0,"[5, 16, 6, 10, 2, 14, 4, 17, 7, 1, 13, 11, 8, 18, 9, 12, 19, 3, 0, 15]",1345.0,2.8920505046844482
"[5, 16, 6, 10, 2, 14, 4, 17, 7, 1, 13, 11, 8, 18, 9, 12, 19, 3, 0, 15]",1345.0,"[5, 16, 6, 10, 2, 14, 4, 17, 7, 1, 13, 11, 8, 18, 9, 12, 19, 3, 0, 15]",1345.0,2.9600672721862793
"[5, 16, 6, 10, 2, 14, 4, 17, 7, 1, 13, 11, 8, 18, 9, 12, 19, 3, 0, 15]",1345.0,"[5, 16, 6, 10, 2, 14, 4, 17, 7, 1, 13, 11, 8, 18, 9, 12, 19, 3, 0, 15]",1345.0,3.0280537605285645
"[5, 16, 6, 10, 2, 14, 4, 17, 7, 1, 13, 11, 8, 18, 9, 12, 19, 3, 0, 15]",1345.0,"[5, 16, 6, 10, 2, 14, 4, 17, 7, 1, 13, 11, 8, 18, 9, 12, 19, 3, 0, 15]",1345.0,3.092055320739746
"[5, 16, 6, 10, 2, 14, 4, 17, 7, 1, 18, 11, 8, 13, 9, 12, 19, 3, 0, 15]",1344.5,"[5, 16, 6, 10, 2, 14, 4, 17, 7, 1, 18, 11, 8, 13, 9, 12, 19, 3, 0, 15]",1344.5,3.1570568084716797
"[5, 16, 6, 10, 2, 14, 4, 17, 7, 1, 18, 11, 8, 13, 9, 12, 19, 3, 0, 15]",1344.5,"[5, 16, 6, 10, 2, 14, 4, 17, 7, 1, 18, 11, 8, 13, 9, 12, 19, 3, 0, 15]",1344.5,3.223081111907959
"[5, 16, 6, 10, 2, 14, 4, 17, 7, 1, 18, 11, 8, 13, 9, 12, 19, 3, 0, 15]",1344.5,"[5, 16, 6, 10, 2, 14, 4, 17, 7, 1, 18, 11, 8, 13, 9, 12, 19, 3, 0, 15]",1344.5,3.2920572757720947
"[5, 16, 6, 10, 2, 14, 4, 17, 7, 1, 18, 11, 8, 13, 9, 12, 19, 3, 0, 15]",1344.5,"[5, 16, 6, 10, 2, 14, 4, 17, 7, 1, 18, 11, 8, 13, 9, 12, 19, 3, 0, 15]",1344.5,3.359058141708374
"[5, 16, 6, 10, 2, 14, 4, 17, 7, 1, 18, 11, 8, 13, 9, 12, 19, 3, 0, 15]",1344.5,"[5, 16, 6, 10, 2, 14, 4, 17, 7, 1, 18, 11, 8, 13, 9, 12, 19, 3, 0, 15]",1344.5,3.4260590076446533
"[5, 16, 6, 10, 2, 14, 4, 17, 7, 1, 18, 11, 8, 13, 9, 12, 19, 3, 0, 15]",1344.5,"[5, 16, 6, 10, 2, 14, 4, 17, 7, 1, 18, 11, 8, 13, 9, 12, 19, 3, 0, 15]",1344.5,3.4910597801208496
"[5, 16, 8, 10, 2, 14, 4, 17, 7, 1, 18, 11, 6, 13, 9, 12, 19, 3, 0, 15]",1322.5,"[5, 16, 8, 10, 2, 14, 4, 17, 7, 1, 18, 11, 6, 13, 9, 12, 19, 3, 0, 15]",1322.5,3.5550601482391357
"[5, 16, 8, 10, 2, 14, 4, 17, 7, 1, 18, 11, 6, 13, 9, 12, 19, 3, 0, 15]",1322.5,"[5, 16, 8, 10, 2, 14, 4, 17, 7, 1, 18, 11, 6, 13, 9, 12, 19, 3, 0, 15]",1322.5,3.621065378189087
"[5, 16, 8, 10, 2, 14, 4, 17, 7, 1, 18, 11, 6, 13, 9, 12, 19, 3, 0, 15]",1322.5,"[5, 16, 8, 10, 2, 14, 4, 17, 7, 1, 18, 11, 6, 13, 9, 12, 19, 3, 0, 15]",1322.5,3.6850650310516357
"[5, 16, 8, 10, 2, 14, 4, 17, 7, 1, 18, 11, 6, 13, 9, 12, 19, 3, 0, 15]",1322.5,"[5, 16, 8, 10, 2, 14, 4, 17, 7, 1, 18, 11, 6, 13, 9, 12, 19, 3, 0, 15]",1322.5,3.750063180923462
"[5, 16, 8, 10, 2, 14, 4, 17, 7, 1, 18, 11, 6, 13, 9, 12, 19, 3, 0, 15]",1322.5,"[5, 16, 8, 10, 2, 14, 4, 17, 7, 1, 18, 11, 6, 13, 9, 12, 19, 3, 0, 15]",1322.5,3.813062906265259
"[5, 16, 8, 10, 2, 14, 4, 17, 7, 1, 18, 11, 6, 13, 9, 12, 19, 3, 0, 15]",1322.5,"[5, 16, 8, 10, 2, 14, 4, 17, 7, 1, 18, 11, 6, 13, 9, 12, 19, 3, 0, 15]",1322.5,3.8770692348480225
"[5, 16, 8, 10, 2, 14, 4, 17, 7, 1, 18, 11, 6, 13, 9, 19, 12, 3, 0, 15]",1308.5,"[5, 16, 8, 10, 2, 14, 4, 17, 7, 1, 18, 11, 6, 13, 9, 19, 12, 3, 0, 15]",1308.5,3.939074993133545
"[5, 16, 8, 10, 2, 14, 4, 17, 7, 1, 18, 11, 6, 13, 9, 19, 12, 3, 0, 15]",1308.5,"[5, 16, 8, 10, 2, 14, 4, 17, 7, 1, 18, 11, 6, 13, 9, 19, 12, 3, 0, 15]",1308.5,4.003070116043091
"[5, 16, 8, 10, 2, 14, 4, 17, 7, 1, 18, 11, 6, 13, 9, 19, 12, 3, 0, 15]",1308.5,"[5, 16, 8, 10, 2, 14, 4, 17, 7, 1, 18, 11, 6, 13, 9, 19, 12, 3, 0, 15]",1308.5,4.067070245742798
"[5, 16, 8, 10, 2, 14, 4, 17, 7, 1, 18, 11, 6, 13, 9, 19, 12, 3, 0, 15]",1308.5,"[5, 16, 8, 10, 2, 14, 4, 17, 7, 1, 18, 11, 6, 13, 9, 19, 12, 3, 0, 15]",1308.5,4.130072832107544
"[5, 16, 8, 10, 2, 14, 4, 17, 7, 1, 18, 11, 6, 13, 9, 19, 12, 3, 0, 15]",1308.5,"[5, 16, 8, 10, 2, 14, 4, 17, 7, 1, 18, 11, 6, 13, 9, 19, 12, 3, 0, 15]",1308.5,4.192073106765747
"[5, 18, 8, 10, 2, 14, 4, 17, 7, 1, 16, 11, 6, 13, 9, 19, 12, 3, 0, 15]",1307.0,"[5, 18, 8, 10, 2, 14, 4, 17, 7, 1, 16, 11, 6, 13, 9, 19, 12, 3, 0, 15]",1307.0,4.258071184158325
"[5, 18, 8, 10, 2, 14, 4, 17, 7, 1, 16, 11, 6, 13, 9, 19, 12, 3, 0, 15]",1307.0,"[5, 18, 8, 10, 2, 14, 4, 17, 7, 1, 16, 11, 6, 13, 9, 19, 12, 3, 0, 15]",1307.0,4.324072599411011
"[5, 18, 8, 10, 2, 14, 4, 17, 7, 1, 16, 11, 6, 13, 9, 19, 12, 3, 0, 15]",1307.0,"[5, 18, 8, 10, 2, 14, 4, 17, 7, 1, 16, 11, 6, 13, 9, 19, 12, 3, 0, 15]",1307.0,4.3890767097473145
"[5, 18, 8, 10, 2, 14, 4, 17, 7, 1, 16, 11, 6, 13, 9, 19, 12, 3, 0, 15]",1307.0,"[5, 18, 8, 10, 2, 14, 4, 17, 7, 1, 16, 11, 6, 13, 9, 19, 12, 3, 0, 15]",1307.0,4.455079555511475
"[5, 18, 8, 10, 2, 14, 4, 17, 7, 1, 16, 11, 6, 13, 9, 19, 12, 3, 0, 15]",1307.0,"[5, 18, 8, 10, 2, 14, 4, 17, 7, 1, 16, 11, 6, 13, 9, 19, 12, 3, 0, 15]",1307.0,4.517086505889893
"[5, 18, 8, 10, 2, 14, 4, 17, 7, 1, 16, 11, 6, 13, 9, 19, 12, 3, 0, 15]",1307.0,"[5, 18, 8, 10, 2, 14, 4, 17, 7, 1, 16, 11, 6, 13, 9, 19, 12, 3, 0, 15]",1307.0,4.580078363418579
"[5, 18, 8, 10, 2, 14, 4, 17, 7, 1, 16, 11, 6, 13, 9, 19, 12, 3, 0, 15]",1307.0,"[5, 18, 8, 10, 2, 14, 4, 17, 7, 1, 16, 11, 6, 13, 9, 19, 12, 3, 0, 15]",1307.0,4.645077466964722
"[5, 18, 8, 10, 2, 14, 4, 17, 7, 1, 16, 11, 6, 13, 9, 19, 12, 3, 0, 15]",1307.0,"[5, 18, 8, 10, 2, 14, 4, 17, 7, 1, 16, 11, 6, 13, 9, 19, 12, 3, 0, 15]",1307.0,4.708081960678101
"[5, 18, 8, 10, 2, 14, 4, 17, 7, 1, 16, 11, 6, 13, 9, 19, 12, 3, 0, 15]",1307.0,"[5, 18, 8, 10, 2, 14, 4, 17, 7, 1, 16, 11, 6, 13, 9, 19, 12, 3, 0, 15]",1307.0,4.772079706192017
"[5, 18, 8, 10, 2, 14, 4, 17, 7, 1, 16, 11, 6, 13, 9, 19, 12, 3, 0, 15]",1307.0,"[5, 18, 8, 10, 2, 14, 4, 17, 7, 1, 16, 11, 6, 13, 9, 19, 12, 3, 0, 15]",1307.0,4.8360960483551025
"[5, 18, 8, 10, 2, 14, 4, 17, 7, 1, 16, 11, 6, 13, 9, 19, 12, 3, 0, 15]",1307.0,"[5, 18, 8, 10, 2, 14, 4, 17, 7, 1, 16, 11, 6, 13, 9, 19, 12, 3, 0, 15]",1307.0,4.899100303649902
"[5, 18, 8, 10, 2, 14, 4, 17, 7, 1, 16, 11, 6, 13, 9, 19, 12, 3, 0, 15]",1307.0,"[5, 18, 8, 10, 2, 14, 4, 17, 7, 1, 16, 11, 6, 13, 9, 19, 12, 3, 0, 15]",1307.0,4.963122367858887
"[5, 18, 8, 10, 2, 14, 4, 17, 7, 1, 16, 11, 6, 13, 9, 19, 12, 3, 0, 15]",1307.0,"[5, 18, 8, 10, 2, 14, 4, 17, 7, 1, 16, 11, 6, 13, 9, 19, 12, 3, 0, 15]",1307.0,5.026165962219238
"[5, 18, 8, 10, 2, 14, 4, 17, 7, 1, 16, 11, 6, 13, 9, 19, 12, 3, 0, 15]",1307.0,"[5, 18, 8, 10, 2, 14, 4, 17, 7, 1, 16, 11, 6, 13, 9, 19, 12, 3, 0, 15]",1307.0,5.091090202331543
"[5, 18, 8, 10, 2, 14, 4, 17, 7, 1, 16, 11, 6, 13, 9, 19, 12, 3, 0, 15]",1307.0,"[5, 18, 8, 10, 2, 14, 4, 17, 7, 1, 16, 11, 6, 13, 9, 19, 12, 3, 0, 15]",1307.0,5.152095794677734
"[5, 18, 8, 10, 2, 14, 4, 17, 7, 1, 16, 11, 6, 13, 9, 19, 12, 3, 0, 15]",1307.0,"[5, 18, 8, 10, 2, 14, 4, 17, 7, 1, 16, 11, 6, 13, 9, 19, 12, 3, 0, 15]",1307.0,5.21609091758728
"[5, 18, 8, 10, 2, 14, 4, 17, 7, 1, 16, 11, 6, 13, 9, 19, 12, 3, 0, 15]",1307.0,"[5, 18, 8, 10, 2, 14, 4, 17, 7, 1, 16, 11, 6, 13, 9, 19, 12, 3, 0, 15]",1307.0,5.281092166900635
"[5, 18, 8, 10, 2, 14, 4, 17, 7, 1, 16, 11, 6, 13, 9, 19, 12, 3, 0, 15]",1307.0,"[5, 18, 8, 10, 2, 14, 4, 17, 7, 1, 16, 11, 6, 13, 9, 19, 12, 3, 0, 15]",1307.0,5.347092866897583
"[5, 18, 8, 11, 2, 14, 4, 17, 7, 1, 16, 10, 6, 13, 9, 19, 12, 3, 0, 15]",1305.5,"[5, 18, 8, 11, 2, 14, 4, 17, 7, 1, 16, 10, 6, 13, 9, 19, 12, 3, 0, 15]",1305.5,5.417091369628906
"[5, 18, 8, 11, 2, 14, 4, 17, 7, 1, 16, 10, 6, 13, 9, 19, 12, 3, 0, 15]",1305.5,"[5, 18, 8, 11, 2, 14, 4, 17, 7, 1, 16, 10, 6, 13, 9, 19, 12, 3, 0, 15]",1305.5,5.482091426849365
"[5, 18, 8, 11, 2, 14, 4, 17, 7, 1, 16, 10, 6, 13, 9, 19, 12, 3, 0, 15]",1305.5,"[5, 18, 8, 11, 2, 14, 4, 17, 7, 1, 16, 10, 6, 13, 9, 19, 12, 3, 0, 15]",1305.5,5.5510945320129395
"[5, 18, 8, 11, 2, 14, 4, 17, 7, 1, 16, 10, 6, 13, 9, 19, 12, 3, 0, 15]",1305.5,"[5, 18, 8, 11, 2, 14, 4, 17, 7, 1, 16, 10, 6, 13, 9, 19, 12, 3, 0, 15]",1305.5,5.62109899520874
"[5, 18, 8, 11, 2, 14, 4, 17, 7, 1, 16, 10, 6, 13, 9, 19, 12, 3, 0, 15]",1305.5,"[5, 18, 8, 11, 2, 14, 4, 17, 7, 1, 16, 10, 6, 13, 9, 19, 12, 3, 0, 15]",1305.5,5.682098865509033
"[5, 18, 8, 11, 2, 14, 4, 17, 7, 1, 16, 10, 6, 13, 9, 19, 12, 3, 0, 15]",1305.5,"[5, 18, 8, 11, 2, 14, 4, 17, 7, 1, 16, 10, 6, 13, 9, 19, 12, 3, 0, 15]",1305.5,5.7501020431518555
"[5, 18, 8, 11, 2, 14, 4, 17, 7, 1, 16, 10, 6, 13, 9, 19, 12, 3, 0, 15]",1305.5,"[5, 18, 8, 11, 2, 14, 4, 17, 7, 1, 16, 10, 6, 13, 9, 19, 12, 3, 0, 15]",1305.5,5.815107345581055
"[5, 18, 8, 11, 2, 14, 4, 17, 7, 1, 16, 10, 6, 13, 9, 19, 12, 3, 0, 15]",1305.5,"[5, 18, 8, 11, 2, 14, 4, 17, 7, 1, 16, 10, 6, 13, 9, 19, 12, 3, 0, 15]",1305.5,5.881112337112427
"[5, 18, 8, 11, 2, 14, 4, 17, 7, 1, 16, 10, 6, 13, 9, 19, 12, 3, 0, 15]",1305.5,"[5, 18, 8, 11, 2, 14, 4, 17, 7, 1, 16, 10, 6, 13, 9, 19, 12, 3, 0, 15]",1305.5,5.950103282928467
"[5, 18, 8, 11, 2, 14, 4, 17, 7, 1, 16, 10, 6, 13, 9, 19, 12, 3, 0, 15]",1305.5,"[5, 18, 8, 11, 2, 14, 4, 17, 7, 1, 16, 10, 6, 13, 9, 19, 12, 3, 0, 15]",1305.5,6.015106439590454
"[5, 18, 8, 11, 2, 14, 4, 17, 7, 1, 16, 10, 6, 13, 9, 19, 12, 3, 0, 15]",1305.5,"[5, 18, 8, 11, 2, 14, 4, 17, 7, 1, 16, 10, 6, 13, 9, 19, 12, 3, 0, 15]",1305.5,6.083106756210327
"[5, 18, 8, 11, 2, 14, 4, 17, 7, 1, 16, 10, 6, 13, 9, 19, 12, 3, 0, 15]",1305.5,"[5, 18, 8, 11, 2, 14, 4, 17, 7, 1, 16, 10, 6, 13, 9, 19, 12, 3, 0, 15]",1305.5,6.148107290267944
"[5, 18, 8, 11, 2, 14, 4, 17, 7, 1, 16, 10, 6, 13, 9, 19, 12, 3, 0, 15]",1305.5,"[5, 18, 8, 11, 2, 14, 4, 17, 7, 1, 16, 10, 6, 13, 9, 19, 12, 3, 0, 15]",1305.5,6.214106559753418
"[5, 18, 8, 11, 2, 14, 4, 17, 7, 1, 16, 10, 6, 13, 9, 19, 12, 3, 0, 15]",1305.5,"[5, 18, 8, 11, 2, 14, 4, 17, 7, 1, 16, 10, 6, 13, 9, 19, 12, 3, 0, 15]",1305.5,6.281115293502808
"[5, 18, 8, 11, 2, 14, 4, 17, 7, 1, 16, 10, 6, 13, 9, 19, 12, 3, 0, 15]",1305.5,"[5, 18, 8, 11, 2, 14, 4, 17, 7, 1, 16, 10, 6, 13, 9, 19, 12, 3, 0, 15]",1305.5,6.348128318786621
"[5, 18, 8, 11, 2, 14, 4, 17, 7, 1, 16, 10, 6, 13, 9, 19, 12, 3, 0, 15]",1305.5,"[5, 18, 8, 11, 2, 14, 4, 17, 7, 1, 16, 10, 6, 13, 9, 19, 12, 3, 0, 15]",1305.5,6.415109872817993
"[5, 18, 8, 11, 2, 14, 4, 17, 7, 1, 16, 10, 6, 13, 9, 19, 12, 3, 0, 15]",1305.5,"[5, 18, 8, 11, 2, 14, 4, 17, 7, 1, 16, 10, 6, 13, 9, 19, 12, 3, 0, 15]",1305.5,6.479134798049927
"[5, 18, 8, 11, 2, 14, 4, 17, 7, 1, 16, 10, 6, 13, 9, 19, 12, 3, 0, 15]",1305.5,"[5, 18, 8, 11, 2, 14, 4, 17, 7, 1, 16, 10, 6, 13, 9, 19, 12, 3, 0, 15]",1305.5,6.543114185333252
"[5, 18, 8, 11, 2, 14, 4, 17, 7, 1, 16, 10, 6, 13, 9, 19, 12, 3, 0, 15]",1305.5,"[5, 18, 8, 11, 2, 14, 4, 17, 7, 1, 16, 10, 6, 13, 9, 19, 12, 3, 0, 15]",1305.5,6.607118129730225
"[5, 18, 8, 11, 2, 14, 4, 17, 7, 1, 16, 10, 6, 13, 9, 19, 12, 3, 0, 15]",1305.5,"[5, 18, 8, 11, 2, 14, 4, 17, 7, 1, 16, 10, 6, 13, 9, 19, 12, 3, 0, 15]",1305.5,6.66811728477478
"[5, 18, 8, 11, 2, 14, 4, 17, 7, 1, 16, 10, 6, 13, 9, 19, 12, 3, 0, 15]",1305.5,"[5, 18, 8, 11, 2, 14, 4, 17, 7, 1, 16, 10, 6, 13, 9, 19, 12, 3, 0, 15]",1305.5,6.731115818023682
"[5, 18, 8, 11, 2, 14, 4, 17, 7, 1, 16, 10, 6, 13, 9, 19, 12, 3, 0, 15]",1305.5,"[5, 18, 8, 11, 2, 14, 4, 17, 7, 1, 16, 10, 6, 13, 9, 19, 12, 3, 0, 15]",1305.5,6.795134782791138
"[5, 18, 8, 11, 2, 14, 4, 17, 7, 1, 16, 10, 6, 13, 9, 19, 12, 3, 0, 15]",1305.5,"[5, 18, 8, 11, 2, 14, 4, 17, 7, 1, 16, 10, 6, 13, 9, 19, 12, 3, 0, 15]",1305.5,6.8591203689575195
"[5, 18, 8, 11, 2, 14, 4, 17, 7, 1, 16, 10, 6, 13, 9, 19, 12, 3, 0, 15]",1305.5,"[5, 18, 8, 11, 2, 14, 4, 17, 7, 1, 16, 10, 6, 13, 9, 19, 12, 3, 0, 15]",1305.5,6.921119213104248
"[5, 18, 8, 11, 2, 14, 4, 17, 7, 1, 16, 10, 6, 13, 9, 19, 12, 3, 0, 15]",1305.5,"[5, 18, 8, 11, 2, 14, 4, 17, 7, 1, 16, 10, 6, 13, 9, 19, 12, 3, 0, 15]",1305.5,6.9821250438690186
"[5, 18, 8, 11, 2, 14, 4, 17, 7, 1, 16, 10, 6, 13, 9, 19, 12, 3, 0, 15]",1305.5,"[5, 18, 8, 11, 2, 14, 4, 17, 7, 1, 16, 10, 6, 13, 9, 19, 12, 3, 0, 15]",1305.5,7.047123193740845
"[5, 18, 8, 11, 2, 14, 4, 17, 7, 1, 16, 10, 6, 13, 9, 19, 12, 3, 0, 15]",1305.5,"[5, 18, 8, 11, 2, 14, 4, 17, 7, 1, 16, 10, 6, 13, 9, 19, 12, 3, 0, 15]",1305.5,7.11113429069519
"[5, 18, 8, 11, 2, 14, 4, 17, 7, 1, 16, 10, 6, 13, 9, 19, 12, 3, 0, 15]",1305.5,"[5, 18, 8, 11, 2, 14, 4, 17, 7, 1, 16, 10, 6, 13, 9, 19, 12, 3, 0, 15]",1305.5,7.214124441146851
"[5, 18, 8, 11, 2, 14, 4, 17, 7, 1, 16, 10, 6, 13, 9, 19, 12, 3, 0, 15]",1305.5,"[5, 18, 8, 11, 2, 14, 4, 17, 7, 1, 16, 10, 6, 13, 9, 19, 12, 3, 0, 15]",1305.5,7.2851269245147705
"[5, 18, 8, 11, 2, 14, 4, 17, 7, 1, 16, 10, 6, 13, 9, 19, 12, 3, 0, 15]",1305.5,"[5, 18, 8, 11, 2, 14, 4, 17, 7, 1, 16, 10, 6, 13, 9, 19, 12, 3, 0, 15]",1305.5,7.356127738952637
"[5, 18, 8, 11, 2, 14, 4, 17, 7, 1, 16, 10, 6, 13, 9, 19, 12, 3, 0, 15]",1305.5,"[5, 18, 8, 11, 2, 14, 4, 17, 7, 1, 16, 10, 6, 13, 9, 19, 12, 3, 0, 15]",1305.5,7.421127080917358
"[5, 18, 8, 11, 2, 14, 4, 17, 7, 1, 16, 10, 6, 13, 9, 19, 12, 3, 0, 15]",1305.5,"[5, 18, 8, 11, 2, 14, 4, 17, 7, 1, 16, 10, 6, 13, 9, 19, 12, 3, 0, 15]",1305.5,7.48613715171814
"[5, 18, 8, 11, 2, 14, 4, 17, 7, 1, 16, 10, 6, 13, 9, 19, 12, 3, 0, 15]",1305.5,"[5, 18, 8, 11, 2, 14, 4, 17, 7, 1, 16, 10, 6, 13, 9, 19, 12, 3, 0, 15]",1305.5,7.5501344203948975
"[5, 18, 8, 11, 2, 14, 4, 17, 7, 1, 16, 10, 6, 13, 9, 19, 12, 3, 0, 15]",1305.5,"[5, 18, 8, 11, 2, 14, 4, 17, 7, 1, 16, 10, 6, 13, 9, 19, 12, 3, 0, 15]",1305.5,7.618130922317505
"[5, 18, 8, 11, 2, 14, 4, 17, 7, 1, 16, 10, 6, 13, 9, 19, 12, 3, 0, 15]",1305.5,"[5, 18, 8, 11, 2, 14, 4, 17, 7, 1, 16, 10, 6, 13, 9, 19, 12, 3, 0, 15]",1305.5,7.68413782119751
"[5, 18, 8, 11, 2, 14, 4, 17, 7, 1, 16, 10, 6, 13, 9, 19, 12, 3, 0, 15]",1305.5,"[5, 18, 8, 11, 2, 14, 4, 17, 7, 1, 16, 10, 6, 13, 9, 19, 12, 3, 0, 15]",1305.5,7.7522406578063965
"[5, 18, 8, 11, 2, 14, 4, 17, 7, 1, 16, 10, 6, 13, 9, 19, 12, 3, 0, 15]",1305.5,"[5, 18, 8, 11, 2, 14, 4, 17, 7, 1, 16, 10, 6, 13, 9, 19, 12, 3, 0, 15]",1305.5,7.8181374073028564
"[5, 18, 8, 11, 2, 14, 4, 17, 7, 1, 16, 10, 6, 13, 9, 19, 12, 3, 0, 15]",1305.5,"[5, 18, 8, 11, 2, 14, 4, 17, 7, 1, 16, 10, 6, 13, 9, 19, 12, 3, 0, 15]",1305.5,7.88114333152771
"[5, 18, 8, 11, 2, 14, 4, 17, 7, 1, 16, 10, 6, 13, 9, 19, 12, 3, 0, 15]",1305.5,"[5, 18, 8, 11, 2, 14, 4, 17, 7, 1, 16, 10, 6, 13, 9, 19, 12, 3, 0, 15]",1305.5,7.94413423538208
"[5, 18, 8, 11, 2, 14, 4, 17, 7, 1, 16, 10, 6, 13, 9, 19, 12, 3, 0, 15]",1305.5,"[5, 18, 8, 11, 2, 14, 4, 17, 7, 1, 16, 10, 6, 13, 9, 19, 12, 3, 0, 15]",1305.5,8.007651329040527
"[5, 18, 8, 11, 2, 14, 4, 17, 7, 1, 16, 10, 6, 13, 9, 19, 12, 3, 0, 15]",1305.5,"[5, 18, 8, 11, 2, 14, 4, 17, 7, 1, 16, 10, 6, 13, 9, 19, 12, 3, 0, 15]",1305.5,8.067142963409424
"[5, 18, 8, 11, 2, 14, 4, 17, 7, 1, 16, 10, 6, 13, 9, 19, 12, 3, 0, 15]",1305.5,"[5, 18, 8, 11, 2, 14, 4, 17, 7, 1, 16, 10, 6, 13, 9, 19, 12, 3, 0, 15]",1305.5,8.136143445968628
"[5, 18, 8, 11, 2, 14, 4, 17, 7, 1, 16, 10, 6, 13, 9, 19, 12, 3, 0, 15]",1305.5,"[5, 18, 8, 11, 2, 14, 4, 17, 7, 1, 16, 10, 6, 13, 9, 19, 12, 3, 0, 15]",1305.5,8.202228307723999
"[5, 18, 8, 11, 2, 14, 4, 17, 7, 1, 16, 10, 6, 13, 9, 19, 12, 3, 0, 15]",1305.5,"[5, 18, 8, 11, 2, 14, 4, 17, 7, 1, 16, 10, 6, 13, 9, 19, 12, 3, 0, 15]",1305.5,8.267142057418823
"[5, 18, 8, 11, 2, 14, 4, 17, 7, 1, 16, 10, 6, 13, 9, 19, 12, 3, 0, 15]",1305.5,"[5, 18, 8, 11, 2, 14, 4, 17, 7, 1, 16, 10, 6, 13, 9, 19, 12, 3, 0, 15]",1305.5,8.33214282989502
"[5, 18, 8, 11, 2, 14, 4, 17, 7, 1, 16, 10, 6, 13, 9, 19, 12, 3, 0, 15]",1305.5,"[5, 18, 8, 11, 2, 14, 4, 17, 7, 1, 16, 10, 6, 13, 9, 19, 12, 3, 0, 15]",1305.5,8.396144151687622
"[5, 18, 8, 11, 2, 14, 4, 17, 7, 1, 16, 10, 6, 13, 9, 19, 12, 3, 0, 15]",1305.5,"[5, 18, 8, 11, 2, 14, 4, 17, 7, 1, 16, 10, 6, 13, 9, 19, 12, 3, 0, 15]",1305.5,8.463141918182373
"[5, 18, 8, 11, 2, 14, 4, 17, 7, 1, 16, 10, 6, 13, 9, 19, 12, 3, 0, 15]",1305.5,"[5, 18, 8, 11, 2, 14, 4, 17, 7, 1, 16, 10, 6, 13, 9, 19, 12, 3, 0, 15]",1305.5,8.527148723602295
"[5, 18, 8, 11, 2, 14, 4, 17, 7, 1, 16, 10, 6, 13, 9, 19, 12, 3, 0, 15]",1305.5,"[5, 18, 8, 11, 2, 14, 4, 17, 7, 1, 16, 10, 6, 13, 9, 19, 12, 3, 0, 15]",1305.5,8.591146230697632
"[5, 18, 8, 11, 2, 14, 4, 17, 7, 1, 16, 10, 6, 13, 9, 19, 12, 3, 0, 15]",1305.5,"[5, 18, 8, 11, 2, 14, 4, 17, 7, 1, 16, 10, 6, 13, 9, 19, 12, 3, 0, 15]",1305.5,8.65614914894104
"[5, 18, 8, 11, 2, 14, 4, 17, 7, 1, 16, 10, 6, 13, 9, 19, 12, 3, 0, 15]",1305.5,"[5, 18, 8, 11, 2, 14, 4, 17, 7, 1, 16, 10, 6, 13, 9, 19, 12, 3, 0, 15]",1305.5,8.720146894454956
"[5, 18, 8, 11, 2, 14, 4, 17, 7, 1, 16, 10, 6, 13, 9, 19, 12, 3, 0, 15]",1305.5,"[5, 18, 8, 11, 2, 14, 4, 17, 7, 1, 16, 10, 6, 13, 9, 19, 12, 3, 0, 15]",1305.5,8.787154197692871
"[5, 18, 8, 11, 2, 14, 4, 17, 7, 1, 16, 10, 6, 13, 9, 19, 12, 3, 0, 15]",1305.5,"[5, 18, 8, 11, 2, 14, 4, 17, 7, 1, 16, 10, 6, 13, 9, 19, 12, 3, 0, 15]",1305.5,8.852162599563599
"[5, 18, 8, 11, 2, 14, 4, 17, 7, 1, 16, 10, 6, 13, 9, 19, 12, 3, 0, 15]",1305.5,"[5, 18, 8, 11, 2, 14, 4, 17, 7, 1, 16, 10, 6, 13, 9, 19, 12, 3, 0, 15]",1305.5,8.92015790939331
"[5, 18, 8, 11, 2, 14, 4, 17, 7, 1, 16, 10, 6, 13, 9, 19, 12, 3, 0, 15]",1305.5,"[5, 18, 8, 11, 2, 14, 4, 17, 7, 1, 16, 10, 6, 13, 9, 19, 12, 3, 0, 15]",1305.5,8.985154867172241
"[5, 18, 8, 11, 2, 14, 4, 17, 7, 1, 16, 10, 6, 13, 9, 19, 12, 3, 0, 15]",1305.5,"[5, 18, 8, 11, 2, 14, 4, 17, 7, 1, 16, 10, 6, 13, 9, 19, 12, 3, 0, 15]",1305.5,9.053159475326538
"[5, 18, 8, 11, 2, 14, 4, 17, 7, 1, 16, 10, 6, 13, 9, 19, 12, 3, 0, 15]",1305.5,"[5, 18, 8, 11, 2, 14, 4, 17, 7, 1, 16, 10, 6, 13, 9, 19, 12, 3, 0, 15]",1305.5,9.122157573699951
"[5, 18, 8, 11, 2, 14, 4, 17, 7, 1, 16, 10, 6, 13, 9, 19, 12, 3, 0, 15]",1305.5,"[5, 18, 8, 11, 2, 14, 4, 17, 7, 1, 16, 10, 6, 13, 9, 19, 12, 3, 0, 15]",1305.5,9.191160917282104
"[5, 18, 8, 11, 2, 14, 4, 17, 7, 1, 16, 10, 6, 13, 9, 19, 12, 3, 0, 15]",1305.5,"[5, 18, 8, 11, 2, 14, 4, 17, 7, 1, 16, 10, 6, 13, 9, 19, 12, 3, 0, 15]",1305.5,9.255515336990356
"[5, 18, 8, 11, 2, 14, 4, 17, 7, 1, 16, 10, 6, 13, 9, 19, 12, 3, 0, 15]",1305.5,"[5, 18, 8, 11, 2, 14, 4, 17, 7, 1, 16, 10, 6, 13, 9, 19, 12, 3, 0, 15]",1305.5,9.327160358428955
"[5, 18, 8, 11, 2, 14, 4, 17, 7, 1, 16, 10, 6, 13, 9, 19, 12, 3, 0, 15]",1305.5,"[5, 18, 8, 11, 2, 14, 4, 17, 7, 1, 16, 10, 6, 13, 9, 19, 12, 3, 0, 15]",1305.5,9.389160871505737
"[5, 18, 8, 11, 2, 14, 4, 17, 7, 1, 16, 10, 6, 13, 9, 19, 12, 3, 0, 15]",1305.5,"[5, 18, 8, 11, 2, 14, 4, 17, 7, 1, 16, 10, 6, 13, 9, 19, 12, 3, 0, 15]",1305.5,9.455171346664429
"[5, 18, 8, 11, 2, 14, 4, 17, 7, 1, 16, 10, 6, 13, 9, 19, 12, 3, 0, 15]",1305.5,"[5, 18, 8, 11, 2, 14, 4, 17, 7, 1, 16, 10, 6, 13, 9, 19, 12, 3, 0, 15]",1305.5,9.51816463470459
"[5, 18, 8, 11, 2, 14, 4, 17, 7, 1, 16, 10, 6, 13, 9, 19, 12, 3, 0, 15]",1305.5,"[5, 18, 8, 11, 2, 14, 4, 17, 7, 1, 16, 10, 6, 13, 9, 19, 12, 3, 0, 15]",1305.5,9.58316421508789
"[5, 18, 8, 11, 2, 14, 4, 17, 7, 1, 16, 10, 6, 13, 9, 19, 12, 3, 0, 15]",1305.5,"[5, 18, 8, 11, 2, 14, 4, 17, 7, 1, 16, 10, 6, 13, 9, 19, 12, 3, 0, 15]",1305.5,9.647166013717651
"[5, 18, 8, 11, 2, 14, 4, 17, 7, 1, 16, 10, 6, 13, 9, 19, 12, 3, 0, 15]",1305.5,"[5, 18, 8, 11, 2, 14, 4, 17, 7, 1, 16, 10, 6, 13, 9, 19, 12, 3, 0, 15]",1305.5,9.712167501449585
"[5, 18, 8, 11, 2, 14, 4, 17, 7, 1, 16, 10, 6, 13, 9, 19, 12, 3, 0, 15]",1305.5,"[5, 18, 8, 11, 2, 14, 4, 17, 7, 1, 16, 10, 6, 13, 9, 19, 12, 3, 0, 15]",1305.5,9.776174306869507
"[5, 18, 8, 11, 2, 14, 4, 17, 7, 1, 16, 10, 6, 13, 9, 19, 12, 3, 0, 15]",1305.5,"[5, 18, 8, 11, 2, 14, 4, 17, 7, 1, 16, 10, 6, 13, 9, 19, 12, 3, 0, 15]",1305.5,9.841169118881226
"[5, 18, 8, 11, 2, 14, 4, 17, 7, 1, 16, 10, 6, 13, 9, 19, 12, 3, 0, 15]",1305.5,"[5, 18, 8, 11, 2, 14, 4, 17, 7, 1, 16, 10, 6, 13, 9, 19, 12, 3, 0, 15]",1305.5,9.904169082641602
"[5, 18, 8, 11, 2, 14, 4, 17, 7, 1, 16, 10, 6, 13, 9, 19, 12, 3, 0, 15]",1305.5,"[5, 18, 8, 11, 2, 14, 4, 17, 7, 1, 16, 10, 6, 13, 9, 19, 12, 3, 0, 15]",1305.5,9.968170881271362
"[5, 18, 8, 11, 2, 14, 4, 17, 7, 1, 16, 10, 6, 13, 9, 19, 12, 3, 0, 15]",1305.5,"[5, 18, 8, 11, 2, 14, 4, 17, 7, 1, 16, 10, 6, 13, 9, 19, 12, 3, 0, 15]",1305.5,10.031184196472168
"[5, 18, 8, 11, 2, 14, 4, 17, 7, 1, 16, 10, 6, 13, 9, 19, 12, 3, 0, 15]",1305.5,"[5, 18, 8, 11, 2, 14, 4, 17, 7, 1, 16, 10, 6, 13, 9, 19, 12, 3, 0, 15]",1305.5,10.093174695968628
"[5, 18, 8, 11, 2, 14, 4, 17, 7, 1, 16, 10, 6, 13, 9, 19, 12, 3, 0, 15]",1305.5,"[5, 18, 8, 11, 2, 14, 4, 17, 7, 1, 16, 10, 6, 13, 9, 19, 12, 3, 0, 15]",1305.5,10.159174919128418
"[5, 18, 8, 11, 2, 14, 4, 17, 7, 1, 16, 10, 6, 13, 9, 19, 12, 3, 0, 15]",1305.5,"[5, 18, 8, 11, 2, 14, 4, 17, 7, 1, 16, 10, 6, 13, 9, 19, 12, 3, 0, 15]",1305.5,10.222174406051636
"[5, 18, 8, 11, 2, 14, 4, 17, 7, 1, 16, 10, 6, 13, 9, 19, 12, 3, 0, 15]",1305.5,"[5, 18, 8, 11, 2, 14, 4, 17, 7, 1, 16, 10, 6, 13, 9, 19, 12, 3, 0, 15]",1305.5,10.288185119628906
"[5, 18, 8, 11, 2, 14, 4, 17, 7, 1, 16, 10, 6, 13, 9, 19, 12, 3, 0, 15]",1305.5,"[5, 18, 8, 11, 2, 14, 4, 17, 7, 1, 16, 10, 6, 13, 9, 19, 12, 3, 0, 15]",1305.5,10.352183818817139
"[5, 18, 8, 11, 2, 14, 4, 17, 7, 1, 16, 10, 6, 13, 9, 19, 12, 3, 0, 15]",1305.5,"[5, 18, 8, 11, 2, 14, 4, 17, 7, 1, 16, 10, 6, 13, 9, 19, 12, 3, 0, 15]",1305.5,10.414180517196655
"[5, 18, 8, 11, 2, 14, 4, 17, 7, 1, 16, 10, 6, 13, 9, 19, 12, 3, 0, 15]",1305.5,"[5, 18, 8, 11, 2, 14, 4, 17, 7, 1, 16, 10, 6, 13, 9, 19, 12, 3, 0, 15]",1305.5,10.477186679840088
"[5, 18, 8, 11, 2, 14, 4, 17, 7, 1, 16, 10, 6, 13, 9, 19, 12, 3, 0, 15]",1305.5,"[5, 18, 8, 11, 2, 14, 4, 17, 7, 1, 16, 10, 6, 13, 9, 19, 12, 3, 0, 15]",1305.5,10.542181253433228
"[5, 18, 8, 11, 2, 14, 4, 17, 7, 1, 16, 10, 6, 13, 9, 19, 12, 3, 0, 15]",1305.5,"[5, 18, 8, 11, 2, 14, 4, 17, 7, 1, 16, 10, 6, 13, 9, 19, 12, 3, 0, 15]",1305.5,10.608182668685913
"[5, 18, 8, 11, 2, 14, 4, 17, 7, 1, 16, 10, 6, 13, 9, 19, 12, 3, 0, 15]",1305.5,"[5, 18, 8, 11, 2, 14, 4, 17, 7, 1, 16, 10, 6, 13, 9, 19, 12, 3, 0, 15]",1305.5,10.671184778213501
"[5, 18, 8, 11, 2, 14, 4, 17, 7, 1, 16, 10, 6, 13, 9, 19, 12, 3, 0, 15]",1305.5,"[5, 18, 8, 11, 2, 14, 4, 17, 7, 1, 16, 10, 6, 13, 9, 19, 12, 3, 0, 15]",1305.5,10.738182306289673
"[5, 18, 8, 11, 2, 14, 4, 17, 7, 1, 16, 10, 6, 13, 9, 19, 12, 3, 0, 15]",1305.5,"[5, 18, 8, 11, 2, 14, 4, 17, 7, 1, 16, 10, 6, 13, 9, 19, 12, 3, 0, 15]",1305.5,10.803189039230347
"[5, 18, 8, 11, 2, 14, 4, 17, 7, 1, 16, 10, 6, 13, 9, 19, 12, 3, 0, 15]",1305.5,"[5, 18, 8, 11, 2, 14, 4, 17, 7, 1, 16, 10, 6, 13, 9, 19, 12, 3, 0, 15]",1305.5,10.87024998664856
"[5, 18, 8, 11, 2, 14, 4, 17, 7, 1, 16, 10, 6, 13, 9, 19, 12, 3, 0, 15]",1305.5,"[5, 18, 8, 11, 2, 14, 4, 17, 7, 1, 16, 10, 6, 13, 9, 19, 12, 3, 0, 15]",1305.5,10.933190822601318
"[5, 18, 8, 11, 2, 14, 4, 17, 7, 1, 16, 10, 6, 13, 9, 19, 12, 3, 0, 15]",1305.5,"[5, 18, 8, 11, 2, 14, 4, 17, 7, 1, 16, 10, 6, 13, 9, 19, 12, 3, 0, 15]",1305.5,10.99619174003601
"[5, 18, 8, 11, 2, 14, 4, 17, 7, 1, 16, 10, 6, 13, 9, 19, 12, 3, 0, 15]",1305.5,"[5, 18, 8, 11, 2, 14, 4, 17, 7, 1, 16, 10, 6, 13, 9, 19, 12, 3, 0, 15]",1305.5,11.062190771102905
"[5, 18, 8, 11, 2, 14, 4, 17, 7, 1, 16, 10, 6, 13, 9, 19, 12, 3, 0, 15]",1305.5,"[5, 18, 8, 11, 2, 14, 4, 17, 7, 1, 16, 10, 6, 13, 9, 19, 12, 3, 0, 15]",1305.5,11.128188610076904
"[5, 18, 8, 11, 2, 14, 4, 17, 7, 1, 16, 10, 6, 13, 9, 19, 12, 3, 0, 15]",1305.5,"[5, 18, 8, 11, 2, 14, 4, 17, 7, 1, 16, 10, 6, 13, 9, 19, 12, 3, 0, 15]",1305.5,11.19326663017273
"[5, 18, 8, 11, 2, 14, 4, 17, 7, 1, 16, 10, 6, 13, 9, 19, 12, 3, 0, 15]",1305.5,"[5, 18, 8, 11, 2, 14, 4, 17, 7, 1, 16, 10, 6, 13, 9, 19, 12, 3, 0, 15]",1305.5,11.259194135665894
"[5, 18, 8, 11, 2, 14, 4, 17, 7, 1, 16, 10, 6, 13, 9, 19, 12, 3, 0, 15]",1305.5,"[5, 18, 8, 11, 2, 14, 4, 17, 7, 1, 16, 10, 6, 13, 9, 19, 12, 3, 0, 15]",1305.5,11.322204113006592
"[5, 18, 8, 11, 2, 14, 4, 17, 7, 1, 16, 10, 6, 13, 9, 19, 12, 3, 0, 15]",1305.5,"[5, 18, 8, 11, 2, 14, 4, 17, 7, 1, 16, 10, 6, 13, 9, 19, 12, 3, 0, 15]",1305.5,11.386195659637451
"[5, 18, 8, 11, 2, 14, 4, 17, 7, 1, 16, 10, 6, 13, 9, 19, 12, 3, 0, 15]",1305.5,"[5, 18, 8, 11, 2, 14, 4, 17, 7, 1, 16, 10, 6, 13, 9, 19, 12, 3, 0, 15]",1305.5,11.450196743011475
"[5, 18, 8, 11, 2, 14, 4, 17, 7, 1, 16, 10, 6, 13, 9, 19, 12, 3, 0, 15]",1305.5,"[5, 18, 8, 11, 2, 14, 4, 17, 7, 1, 16, 10, 6, 13, 9, 19, 12, 3, 0, 15]",1305.5,11.518203973770142
"[5, 18, 8, 11, 2, 14, 4, 17, 7, 1, 16, 10, 6, 13, 9, 19, 12, 3, 0, 15]",1305.5,"[5, 18, 8, 11, 2, 14, 4, 17, 7, 1, 16, 10, 6, 13, 9, 19, 12, 3, 0, 15]",1305.5,11.58119797706604
"[5, 18, 8, 11, 2, 14, 4, 17, 7, 1, 16, 10, 6, 13, 9, 19, 12, 3, 0, 15]",1305.5,"[5, 18, 8, 11, 2, 14, 4, 17, 7, 1, 16, 10, 6, 13, 9, 19, 12, 3, 0, 15]",1305.5,11.644206047058105
"[5, 18, 8, 11, 2, 14, 4, 17, 7, 1, 16, 10, 6, 13, 9, 19, 12, 3, 0, 15]",1305.5,"[5, 18, 8, 11, 2, 14, 4, 17, 7, 1, 16, 10, 6, 13, 9, 19, 12, 3, 0, 15]",1305.5,11.70920467376709
"[5, 18, 8, 11, 2, 14, 4, 17, 7, 1, 16, 10, 6, 13, 9, 19, 12, 3, 0, 15]",1305.5,"[5, 18, 8, 11, 2, 14, 4, 17, 7, 1, 16, 10, 6, 13, 9, 19, 12, 3, 0, 15]",1305.5,11.771203756332397
"[5, 18, 8, 11, 2, 14, 4, 17, 7, 1, 16, 10, 6, 13, 9, 19, 12, 3, 0, 15]",1305.5,"[5, 18, 8, 11, 2, 14, 4, 17, 7, 1, 16, 10, 6, 13, 9, 19, 12, 3, 0, 15]",1305.5,11.836203813552856
"[5, 18, 8, 11, 2, 14, 4, 17, 7, 1, 16, 10, 6, 13, 9, 19, 12, 3, 0, 15]",1305.5,"[5, 18, 8, 11, 2, 14, 4, 17, 7, 1, 16, 10, 6, 13, 9, 19, 12, 3, 0, 15]",1305.5,11.902204036712646
"[5, 18, 8, 11, 2, 14, 4, 17, 7, 1, 16, 10, 6, 13, 9, 19, 12, 3, 0, 15]",1305.5,"[5, 18, 8, 11, 2, 14, 4, 17, 7, 1, 16, 10, 6, 13, 9, 19, 12, 3, 0, 15]",1305.5,11.969210863113403
"[5, 18, 8, 11, 2, 14, 4, 17, 7, 1, 16, 10, 6, 13, 9, 19, 12, 3, 0, 15]",1305.5,"[5, 18, 8, 11, 2, 14, 4, 17, 7, 1, 16, 10, 6, 13, 9, 19, 12, 3, 0, 15]",1305.5,12.039206266403198
"[5, 18, 8, 11, 2, 14, 4, 17, 7, 1, 16, 10, 6, 13, 9, 19, 12, 3, 0, 15]",1305.5,"[5, 18, 8, 11, 2, 14, 4, 17, 7, 1, 16, 10, 6, 13, 9, 19, 12, 3, 0, 15]",1305.5,12.10621190071106
"[5, 18, 8, 11, 2, 14, 4, 17, 7, 1, 16, 10, 6, 13, 9, 19, 12, 3, 0, 15]",1305.5,"[5, 18, 8, 11, 2, 14, 4, 17, 7, 1, 16, 10, 6, 13, 9, 19, 12, 3, 0, 15]",1305.5,12.170210123062134
"[5, 18, 8, 11, 2, 14, 4, 17, 7, 1, 16, 10, 6, 13, 9, 19, 12, 3, 0, 15]",1305.5,"[5, 18, 8, 11, 2, 14, 4, 17, 7, 1, 16, 10, 6, 13, 9, 19, 12, 3, 0, 15]",1305.5,12.239225625991821
"[5, 18, 8, 11, 2, 14, 4, 17, 7, 1, 16, 10, 6, 13, 9, 19, 12, 3, 0, 15]",1305.5,"[5, 18, 8, 11, 2, 14, 4, 17, 7, 1, 16, 10, 6, 13, 9, 19, 12, 3, 0, 15]",1305.5,12.307212829589844
"[5, 18, 8, 11, 2, 14, 4, 17, 7, 1, 16, 10, 6, 13, 9, 19, 12, 3, 0, 15]",1305.5,"[5, 18, 8, 11, 2, 14, 4, 17, 7, 1, 16, 10, 6, 13, 9, 19, 12, 3, 0, 15]",1305.5,12.371216058731079
"[5, 18, 8, 11, 2, 14, 4, 17, 7, 1, 16, 10, 6, 13, 9, 19, 12, 3, 0, 15]",1305.5,"[5, 18, 8, 11, 2, 14, 4, 17, 7, 1, 16, 10, 6, 13, 9, 19, 12, 3, 0, 15]",1305.5,12.432231187820435
"[5, 18, 8, 11, 2, 14, 4, 17, 7, 1, 16, 10, 6, 13, 9, 19, 12, 3, 0, 15]",1305.5,"[5, 18, 8, 11, 2, 14, 4, 17, 7, 1, 16, 10, 6, 13, 9, 19, 12, 3, 0, 15]",1305.5,12.495228052139282
"[5, 18, 8, 11, 2, 14, 4, 17, 7, 1, 16, 10, 6, 13, 9, 19, 12, 3, 0, 15]",1305.5,"[5, 18, 8, 11, 2, 14, 4, 17, 7, 1, 16, 10, 6, 13, 9, 19, 12, 3, 0, 15]",1305.5,12.585216283798218
"[5, 18, 8, 11, 2, 14, 4, 17, 7, 1, 16, 10, 6, 13, 9, 19, 12, 3, 0, 15]",1305.5,"[5, 18, 8, 11, 2, 14, 4, 17, 7, 1, 16, 10, 6, 13, 9, 19, 12, 3, 0, 15]",1305.5,12.647220373153687
"[5, 18, 8, 11, 2, 14, 4, 17, 7, 1, 16, 10, 6, 13, 9, 19, 12, 3, 0, 15]",1305.5,"[5, 18, 8, 11, 2, 14, 4, 17, 7, 1, 16, 10, 6, 13, 9, 19, 12, 3, 0, 15]",1305.5,12.711219072341919
"[5, 18, 8, 11, 2, 14, 4, 17, 7, 1, 16, 10, 6, 13, 9, 19, 12, 3, 0, 15]",1305.5,"[5, 18, 8, 11, 2, 14, 4, 17, 7, 1, 16, 10, 6, 13, 9, 19, 12, 3, 0, 15]",1305.5,12.77521800994873
"[5, 18, 8, 11, 2, 14, 4, 17, 7, 1, 16, 10, 6, 13, 9, 19, 12, 3, 0, 15]",1305.5,"[5, 18, 8, 11, 2, 14, 4, 17, 7, 1, 16, 10, 6, 13, 9, 19, 12, 3, 0, 15]",1305.5,12.838224172592163
"[5, 18, 8, 11, 2, 14, 4, 17, 7, 1, 16, 10, 6, 13, 9, 19, 12, 3, 0, 15]",1305.5,"[5, 18, 8, 11, 2, 14, 4, 17, 7, 1, 16, 10, 6, 13, 9, 19, 12, 3, 0, 15]",1305.5,12.905284881591797
"[5, 18, 8, 11, 2, 14, 4, 17, 7, 1, 16, 10, 6, 13, 9, 19, 12, 3, 0, 15]",1305.5,"[5, 18, 8, 11, 2, 14, 4, 17, 7, 1, 16, 10, 6, 13, 9, 19, 12, 3, 0, 15]",1305.5,12.977225303649902
"[5, 18, 8, 11, 2, 14, 4, 17, 7, 1, 16, 10, 6, 13, 9, 19, 12, 3, 0, 15]",1305.5,"[5, 18, 8, 11, 2, 14, 4, 17, 7, 1, 16, 10, 6, 13, 9, 19, 12, 3, 0, 15]",1305.5,13.039225339889526
"[5, 18, 8, 11, 2, 14, 4, 17, 7, 1, 16, 10, 6, 13, 9, 19, 12, 3, 0, 15]",1305.5,"[5, 18, 8, 11, 2, 14, 4, 17, 7, 1, 16, 10, 6, 13, 9, 19, 12, 3, 0, 15]",1305.5,13.101308584213257
"[5, 18, 8, 11, 2, 14, 4, 17, 7, 1, 16, 10, 6, 13, 9, 19, 12, 3, 0, 15]",1305.5,"[5, 18, 8, 11, 2, 14, 4, 17, 7, 1, 16, 10, 6, 13, 9, 19, 12, 3, 0, 15]",1305.5,13.164233684539795
"[5, 18, 8, 11, 2, 14, 4, 17, 7, 1, 16, 10, 6, 13, 9, 19, 12, 3, 0, 15]",1305.5,"[5, 18, 8, 11, 2, 14, 4, 17, 7, 1, 16, 10, 6, 13, 9, 19, 12, 3, 0, 15]",1305.5,13.22822618484497
"[5, 18, 8, 11, 2, 14, 4, 17, 7, 1, 16, 10, 6, 13, 9, 19, 12, 3, 0, 15]",1305.5,"[5, 18, 8, 11, 2, 14, 4, 17, 7, 1, 16, 10, 6, 13, 9, 19, 12, 3, 0, 15]",1305.5,13.291228294372559
