Sequence,Fitness,Best_sequence,Best_fitness,Time
"[14, 2, 1, 17, 4, 16, 6, 7, 15, 12, 9, 11, 19, 18, 13, 5, 0, 8, 3, 10]",566.5,"[14, 2, 1, 17, 4, 16, 6, 7, 15, 12, 9, 11, 19, 18, 13, 5, 0, 8, 3, 10]",566.5,0.001001596450805664
"[14, 2, 1, 17, 4, 16, 6, 7, 15, 12, 9, 11, 19, 18, 13, 5, 0, 8, 3, 10]",566.5,"[14, 2, 1, 17, 4, 16, 6, 7, 15, 12, 9, 11, 19, 18, 13, 5, 0, 8, 3, 10]",566.5,0.062009334564208984
"[14, 2, 1, 17, 4, 16, 6, 7, 15, 12, 9, 11, 19, 18, 13, 5, 0, 8, 3, 10]",566.5,"[14, 2, 1, 17, 4, 16, 6, 7, 15, 12, 9, 11, 19, 18, 13, 5, 0, 8, 3, 10]",566.5,0.12401103973388672
"[14, 2, 1, 17, 4, 16, 6, 7, 15, 12, 9, 11, 19, 18, 13, 5, 0, 8, 3, 10]",566.5,"[14, 2, 1, 17, 4, 16, 6, 7, 15, 12, 9, 11, 19, 18, 13, 5, 0, 8, 3, 10]",566.5,0.18500232696533203
"[14, 2, 1, 17, 4, 16, 6, 7, 15, 12, 9, 11, 19, 18, 13, 5, 0, 8, 3, 10]",566.5,"[14, 2, 1, 17, 4, 16, 6, 7, 15, 12, 9, 11, 19, 18, 13, 5, 0, 8, 3, 10]",566.5,0.24600648880004883
"[14, 2, 1, 17, 4, 16, 6, 7, 15, 12, 9, 11, 19, 18, 13, 5, 0, 8, 3, 10]",566.5,"[14, 2, 1, 17, 4, 16, 6, 7, 15, 12, 9, 11, 19, 18, 13, 5, 0, 8, 3, 10]",566.5,0.30800342559814453
"[14, 2, 1, 17, 4, 16, 6, 7, 15, 12, 9, 11, 19, 18, 13, 5, 0, 8, 3, 10]",566.5,"[14, 2, 1, 17, 4, 16, 6, 7, 15, 12, 9, 11, 19, 18, 13, 5, 0, 8, 3, 10]",566.5,0.36954331398010254
"[14, 2, 1, 17, 4, 16, 6, 7, 15, 12, 9, 11, 19, 18, 13, 5, 0, 8, 3, 10]",566.5,"[14, 2, 1, 17, 4, 16, 6, 7, 15, 12, 9, 11, 19, 18, 13, 5, 0, 8, 3, 10]",566.5,0.43054866790771484
"[14, 2, 1, 17, 4, 16, 6, 7, 15, 12, 9, 11, 19, 18, 13, 5, 0, 8, 3, 10]",566.5,"[14, 2, 1, 17, 4, 16, 6, 7, 15, 12, 9, 11, 19, 18, 13, 5, 0, 8, 3, 10]",566.5,0.49254369735717773
"[14, 2, 1, 17, 4, 16, 6, 7, 15, 12, 9, 11, 19, 18, 13, 5, 0, 8, 3, 10]",566.5,"[14, 2, 1, 17, 4, 16, 6, 7, 15, 12, 9, 11, 19, 18, 13, 5, 0, 8, 3, 10]",566.5,0.5525476932525635
"[14, 2, 1, 17, 4, 16, 6, 7, 15, 12, 9, 11, 19, 18, 13, 5, 0, 8, 3, 10]",566.5,"[14, 2, 1, 17, 4, 16, 6, 7, 15, 12, 9, 11, 19, 18, 13, 5, 0, 8, 3, 10]",566.5,0.6165473461151123
"[13, 2, 1, 17, 4, 16, 6, 7, 15, 12, 9, 11, 19, 18, 14, 5, 0, 8, 3, 10]",551.0,"[13, 2, 1, 17, 4, 16, 6, 7, 15, 12, 9, 11, 19, 18, 14, 5, 0, 8, 3, 10]",551.0,0.6805484294891357
"[13, 2, 1, 17, 4, 16, 6, 7, 15, 12, 9, 11, 19, 18, 14, 5, 0, 8, 3, 10]",551.0,"[13, 2, 1, 17, 4, 16, 6, 7, 15, 12, 9, 11, 19, 18, 14, 5, 0, 8, 3, 10]",551.0,0.7485485076904297
"[13, 2, 1, 17, 4, 16, 6, 7, 15, 12, 9, 11, 19, 18, 14, 5, 0, 8, 3, 10]",551.0,"[13, 2, 1, 17, 4, 16, 6, 7, 15, 12, 9, 11, 19, 18, 14, 5, 0, 8, 3, 10]",551.0,0.8145489692687988
"[13, 2, 1, 17, 4, 16, 6, 7, 15, 12, 9, 11, 19, 18, 14, 5, 0, 8, 3, 10]",551.0,"[13, 2, 1, 17, 4, 16, 6, 7, 15, 12, 9, 11, 19, 18, 14, 5, 0, 8, 3, 10]",551.0,0.8785567283630371
"[13, 2, 1, 17, 4, 16, 6, 7, 15, 12, 9, 11, 19, 18, 14, 5, 0, 8, 3, 10]",551.0,"[13, 2, 1, 17, 4, 16, 6, 7, 15, 12, 9, 11, 19, 18, 14, 5, 0, 8, 3, 10]",551.0,0.9395527839660645
"[13, 2, 1, 17, 4, 16, 6, 7, 15, 12, 9, 11, 19, 18, 14, 5, 0, 8, 3, 10]",551.0,"[13, 2, 1, 17, 4, 16, 6, 7, 15, 12, 9, 11, 19, 18, 14, 5, 0, 8, 3, 10]",551.0,1.0075511932373047
"[13, 2, 1, 17, 4, 16, 6, 7, 15, 12, 9, 11, 19, 18, 14, 5, 0, 8, 3, 10]",551.0,"[13, 2, 1, 17, 4, 16, 6, 7, 15, 12, 9, 11, 19, 18, 14, 5, 0, 8, 3, 10]",551.0,1.0745692253112793
"[13, 2, 1, 17, 4, 16, 6, 7, 15, 12, 9, 11, 19, 18, 14, 5, 0, 8, 3, 10]",551.0,"[13, 2, 1, 17, 4, 16, 6, 7, 15, 12, 9, 11, 19, 18, 14, 5, 0, 8, 3, 10]",551.0,1.138556957244873
"[13, 2, 1, 17, 4, 16, 6, 7, 15, 12, 9, 11, 19, 18, 14, 5, 0, 8, 3, 10]",551.0,"[13, 2, 1, 17, 4, 16, 6, 7, 15, 12, 9, 11, 19, 18, 14, 5, 0, 8, 3, 10]",551.0,1.2015581130981445
"[13, 2, 1, 17, 4, 16, 6, 7, 15, 12, 9, 11, 19, 18, 14, 5, 0, 8, 3, 10]",551.0,"[13, 2, 1, 17, 4, 16, 6, 7, 15, 12, 9, 11, 19, 18, 14, 5, 0, 8, 3, 10]",551.0,1.2675609588623047
"[13, 2, 1, 17, 4, 16, 6, 7, 15, 12, 9, 11, 19, 18, 14, 5, 0, 8, 3, 10]",551.0,"[13, 2, 1, 17, 4, 16, 6, 7, 15, 12, 9, 11, 19, 18, 14, 5, 0, 8, 3, 10]",551.0,1.3325555324554443
"[13, 2, 1, 17, 4, 16, 6, 7, 15, 12, 9, 11, 19, 18, 14, 5, 0, 8, 3, 10]",551.0,"[13, 2, 1, 17, 4, 16, 6, 7, 15, 12, 9, 11, 19, 18, 14, 5, 0, 8, 3, 10]",551.0,1.3965799808502197
"[13, 2, 1, 17, 4, 16, 6, 7, 15, 12, 9, 11, 19, 18, 14, 5, 0, 8, 3, 10]",551.0,"[13, 2, 1, 17, 4, 16, 6, 7, 15, 12, 9, 11, 19, 18, 14, 5, 0, 8, 3, 10]",551.0,1.461595058441162
"[13, 2, 1, 17, 4, 16, 6, 7, 15, 12, 9, 11, 19, 18, 14, 5, 0, 8, 3, 10]",551.0,"[13, 2, 1, 17, 4, 16, 6, 7, 15, 12, 9, 11, 19, 18, 14, 5, 0, 8, 3, 10]",551.0,1.5285863876342773
"[13, 2, 1, 17, 4, 16, 6, 7, 15, 12, 9, 11, 19, 18, 14, 5, 0, 8, 3, 10]",551.0,"[13, 2, 1, 17, 4, 16, 6, 7, 15, 12, 9, 11, 19, 18, 14, 5, 0, 8, 3, 10]",551.0,1.5935842990875244
"[13, 2, 1, 17, 4, 16, 6, 7, 15, 12, 9, 11, 19, 18, 14, 5, 0, 8, 3, 10]",551.0,"[13, 2, 1, 17, 4, 16, 6, 7, 15, 12, 9, 11, 19, 18, 14, 5, 0, 8, 3, 10]",551.0,1.6595826148986816
"[13, 2, 1, 17, 4, 16, 6, 7, 15, 12, 9, 11, 19, 18, 14, 5, 0, 8, 3, 10]",551.0,"[13, 2, 1, 17, 4, 16, 6, 7, 15, 12, 9, 11, 19, 18, 14, 5, 0, 8, 3, 10]",551.0,1.7255866527557373
"[13, 2, 1, 17, 4, 16, 6, 7, 15, 12, 0, 11, 19, 18, 14, 5, 9, 8, 3, 10]",496.0,"[13, 2, 1, 17, 4, 16, 6, 7, 15, 12, 0, 11, 19, 18, 14, 5, 9, 8, 3, 10]",496.0,1.7915887832641602
"[13, 2, 1, 17, 4, 16, 6, 7, 15, 12, 0, 11, 19, 18, 14, 5, 9, 8, 3, 10]",496.0,"[13, 2, 1, 17, 4, 16, 6, 7, 15, 12, 0, 11, 19, 18, 14, 5, 9, 8, 3, 10]",496.0,1.8605902194976807
"[13, 2, 1, 17, 4, 16, 6, 7, 15, 12, 0, 11, 19, 18, 14, 5, 9, 8, 3, 10]",496.0,"[13, 2, 1, 17, 4, 16, 6, 7, 15, 12, 0, 11, 19, 18, 14, 5, 9, 8, 3, 10]",496.0,1.928588628768921
"[13, 2, 1, 17, 4, 16, 6, 7, 15, 12, 0, 11, 19, 18, 14, 5, 9, 8, 3, 10]",496.0,"[13, 2, 1, 17, 4, 16, 6, 7, 15, 12, 0, 11, 19, 18, 14, 5, 9, 8, 3, 10]",496.0,1.991595983505249
"[13, 2, 1, 17, 4, 16, 6, 7, 15, 12, 0, 11, 19, 18, 14, 5, 9, 8, 3, 10]",496.0,"[13, 2, 1, 17, 4, 16, 6, 7, 15, 12, 0, 11, 19, 18, 14, 5, 9, 8, 3, 10]",496.0,2.0575881004333496
"[13, 2, 1, 17, 4, 16, 6, 7, 15, 12, 0, 11, 19, 18, 14, 5, 9, 8, 3, 10]",496.0,"[13, 2, 1, 17, 4, 16, 6, 7, 15, 12, 0, 11, 19, 18, 14, 5, 9, 8, 3, 10]",496.0,2.122588634490967
"[13, 2, 1, 17, 4, 16, 6, 7, 15, 12, 0, 11, 19, 18, 14, 5, 9, 8, 3, 10]",496.0,"[13, 2, 1, 17, 4, 16, 6, 7, 15, 12, 0, 11, 19, 18, 14, 5, 9, 8, 3, 10]",496.0,2.187594413757324
"[13, 2, 1, 17, 4, 16, 6, 7, 15, 12, 0, 11, 19, 18, 14, 5, 9, 8, 3, 10]",496.0,"[13, 2, 1, 17, 4, 16, 6, 7, 15, 12, 0, 11, 19, 18, 14, 5, 9, 8, 3, 10]",496.0,2.252593755722046
"[13, 2, 1, 17, 4, 16, 6, 7, 15, 12, 0, 11, 9, 18, 14, 5, 19, 8, 3, 10]",492.5,"[13, 2, 1, 17, 4, 16, 6, 7, 15, 12, 0, 11, 9, 18, 14, 5, 19, 8, 3, 10]",492.5,2.3175954818725586
"[13, 2, 1, 17, 4, 16, 6, 7, 15, 12, 0, 11, 9, 18, 14, 5, 19, 8, 3, 10]",492.5,"[13, 2, 1, 17, 4, 16, 6, 7, 15, 12, 0, 11, 9, 18, 14, 5, 19, 8, 3, 10]",492.5,2.3835952281951904
"[13, 2, 1, 17, 4, 16, 6, 7, 15, 12, 0, 11, 9, 18, 14, 5, 19, 8, 3, 10]",492.5,"[13, 2, 1, 17, 4, 16, 6, 7, 15, 12, 0, 11, 9, 18, 14, 5, 19, 8, 3, 10]",492.5,2.450596570968628
"[13, 2, 1, 17, 4, 16, 6, 7, 15, 12, 0, 11, 9, 18, 14, 5, 19, 8, 3, 10]",492.5,"[13, 2, 1, 17, 4, 16, 6, 7, 15, 12, 0, 11, 9, 18, 14, 5, 19, 8, 3, 10]",492.5,2.516606330871582
"[13, 2, 1, 17, 4, 16, 6, 7, 15, 12, 0, 11, 9, 18, 14, 5, 19, 8, 3, 10]",492.5,"[13, 2, 1, 17, 4, 16, 6, 7, 15, 12, 0, 11, 9, 18, 14, 5, 19, 8, 3, 10]",492.5,2.580620765686035
"[13, 2, 1, 17, 4, 16, 6, 7, 15, 12, 0, 11, 9, 18, 14, 5, 19, 8, 3, 10]",492.5,"[13, 2, 1, 17, 4, 16, 6, 7, 15, 12, 0, 11, 9, 18, 14, 5, 19, 8, 3, 10]",492.5,2.648597002029419
"[13, 2, 1, 17, 4, 16, 6, 7, 15, 12, 0, 11, 9, 18, 14, 5, 19, 8, 3, 10]",492.5,"[13, 2, 1, 17, 4, 16, 6, 7, 15, 12, 0, 11, 9, 18, 14, 5, 19, 8, 3, 10]",492.5,2.7135961055755615
"[13, 2, 1, 17, 4, 16, 6, 7, 15, 12, 0, 11, 9, 18, 14, 5, 19, 8, 3, 10]",492.5,"[13, 2, 1, 17, 4, 16, 6, 7, 15, 12, 0, 11, 9, 18, 14, 5, 19, 8, 3, 10]",492.5,2.7786052227020264
"[13, 2, 1, 17, 4, 16, 6, 7, 15, 12, 0, 11, 9, 18, 14, 5, 19, 8, 3, 10]",492.5,"[13, 2, 1, 17, 4, 16, 6, 7, 15, 12, 0, 11, 9, 18, 14, 5, 19, 8, 3, 10]",492.5,2.8426003456115723
"[13, 2, 1, 17, 4, 16, 6, 7, 15, 12, 0, 11, 9, 18, 14, 5, 19, 8, 3, 10]",492.5,"[13, 2, 1, 17, 4, 16, 6, 7, 15, 12, 0, 11, 9, 18, 14, 5, 19, 8, 3, 10]",492.5,2.9056015014648438
"[13, 2, 1, 17, 4, 16, 6, 7, 15, 12, 0, 11, 9, 18, 14, 5, 19, 8, 3, 10]",492.5,"[13, 2, 1, 17, 4, 16, 6, 7, 15, 12, 0, 11, 9, 18, 14, 5, 19, 8, 3, 10]",492.5,2.968606472015381
"[13, 2, 1, 17, 4, 16, 6, 7, 15, 12, 0, 11, 9, 18, 14, 5, 19, 8, 3, 10]",492.5,"[13, 2, 1, 17, 4, 16, 6, 7, 15, 12, 0, 11, 9, 18, 14, 5, 19, 8, 3, 10]",492.5,3.033607244491577
"[13, 2, 1, 17, 4, 16, 6, 7, 15, 12, 0, 11, 9, 18, 14, 5, 19, 8, 3, 10]",492.5,"[13, 2, 1, 17, 4, 16, 6, 7, 15, 12, 0, 11, 9, 18, 14, 5, 19, 8, 3, 10]",492.5,3.0976386070251465
"[13, 2, 1, 17, 4, 16, 6, 7, 15, 12, 0, 11, 9, 18, 14, 5, 19, 8, 3, 10]",492.5,"[13, 2, 1, 17, 4, 16, 6, 7, 15, 12, 0, 11, 9, 18, 14, 5, 19, 8, 3, 10]",492.5,3.1616051197052
"[13, 2, 1, 17, 4, 16, 6, 7, 15, 12, 0, 11, 9, 18, 14, 5, 19, 8, 3, 10]",492.5,"[13, 2, 1, 17, 4, 16, 6, 7, 15, 12, 0, 11, 9, 18, 14, 5, 19, 8, 3, 10]",492.5,3.223604917526245
"[13, 2, 1, 17, 4, 16, 6, 7, 15, 12, 0, 11, 9, 18, 14, 5, 19, 8, 3, 10]",492.5,"[13, 2, 1, 17, 4, 16, 6, 7, 15, 12, 0, 11, 9, 18, 14, 5, 19, 8, 3, 10]",492.5,3.2906041145324707
"[13, 2, 1, 17, 4, 16, 6, 7, 15, 12, 0, 11, 9, 18, 14, 5, 19, 8, 3, 10]",492.5,"[13, 2, 1, 17, 4, 16, 6, 7, 15, 12, 0, 11, 9, 18, 14, 5, 19, 8, 3, 10]",492.5,3.355611801147461
"[13, 2, 1, 17, 4, 16, 6, 7, 15, 12, 0, 11, 9, 18, 14, 5, 19, 8, 3, 10]",492.5,"[13, 2, 1, 17, 4, 16, 6, 7, 15, 12, 0, 11, 9, 18, 14, 5, 19, 8, 3, 10]",492.5,3.4216108322143555
"[13, 2, 1, 17, 4, 16, 6, 7, 15, 12, 0, 11, 9, 18, 14, 5, 19, 8, 3, 10]",492.5,"[13, 2, 1, 17, 4, 16, 6, 7, 15, 12, 0, 11, 9, 18, 14, 5, 19, 8, 3, 10]",492.5,3.48661470413208
"[13, 2, 1, 17, 4, 16, 6, 7, 15, 12, 0, 11, 9, 18, 14, 5, 19, 8, 3, 10]",492.5,"[13, 2, 1, 17, 4, 16, 6, 7, 15, 12, 0, 11, 9, 18, 14, 5, 19, 8, 3, 10]",492.5,3.5506107807159424
"[13, 2, 1, 17, 4, 16, 6, 7, 15, 12, 0, 11, 9, 18, 14, 5, 19, 8, 3, 10]",492.5,"[13, 2, 1, 17, 4, 16, 6, 7, 15, 12, 0, 11, 9, 18, 14, 5, 19, 8, 3, 10]",492.5,3.619609832763672
"[13, 2, 1, 17, 4, 16, 6, 7, 15, 12, 0, 11, 9, 18, 14, 5, 19, 8, 3, 10]",492.5,"[13, 2, 1, 17, 4, 16, 6, 7, 15, 12, 0, 11, 9, 18, 14, 5, 19, 8, 3, 10]",492.5,3.6836133003234863
"[13, 2, 1, 17, 4, 16, 6, 7, 15, 12, 0, 11, 9, 18, 14, 5, 19, 8, 3, 10]",492.5,"[13, 2, 1, 17, 4, 16, 6, 7, 15, 12, 0, 11, 9, 18, 14, 5, 19, 8, 3, 10]",492.5,3.748612642288208
"[13, 2, 1, 17, 4, 16, 6, 7, 15, 12, 0, 11, 9, 18, 14, 5, 19, 8, 3, 10]",492.5,"[13, 2, 1, 17, 4, 16, 6, 7, 15, 12, 0, 11, 9, 18, 14, 5, 19, 8, 3, 10]",492.5,3.81062388420105
"[13, 2, 1, 17, 4, 16, 6, 7, 15, 12, 0, 11, 9, 18, 14, 5, 19, 8, 3, 10]",492.5,"[13, 2, 1, 17, 4, 16, 6, 7, 15, 12, 0, 11, 9, 18, 14, 5, 19, 8, 3, 10]",492.5,3.8776204586029053
"[13, 2, 1, 17, 4, 16, 6, 7, 15, 12, 0, 11, 9, 18, 14, 5, 19, 8, 3, 10]",492.5,"[13, 2, 1, 17, 4, 16, 6, 7, 15, 12, 0, 11, 9, 18, 14, 5, 19, 8, 3, 10]",492.5,3.941612482070923
"[13, 2, 1, 17, 4, 16, 6, 7, 15, 12, 0, 11, 9, 18, 14, 5, 19, 8, 3, 10]",492.5,"[13, 2, 1, 17, 4, 16, 6, 7, 15, 12, 0, 11, 9, 18, 14, 5, 19, 8, 3, 10]",492.5,4.00661301612854
"[13, 2, 1, 17, 4, 16, 6, 7, 15, 12, 0, 11, 9, 18, 14, 5, 19, 8, 3, 10]",492.5,"[13, 2, 1, 17, 4, 16, 6, 7, 15, 12, 0, 11, 9, 18, 14, 5, 19, 8, 3, 10]",492.5,4.0726165771484375
"[13, 2, 1, 17, 4, 16, 6, 7, 15, 12, 0, 11, 9, 18, 14, 5, 19, 8, 3, 10]",492.5,"[13, 2, 1, 17, 4, 16, 6, 7, 15, 12, 0, 11, 9, 18, 14, 5, 19, 8, 3, 10]",492.5,4.136620998382568
"[13, 2, 1, 17, 4, 16, 6, 7, 15, 12, 0, 11, 9, 18, 14, 5, 19, 8, 3, 10]",492.5,"[13, 2, 1, 17, 4, 16, 6, 7, 15, 12, 0, 11, 9, 18, 14, 5, 19, 8, 3, 10]",492.5,4.227619409561157
"[13, 2, 1, 17, 4, 16, 6, 7, 15, 12, 0, 11, 9, 18, 14, 5, 19, 8, 3, 10]",492.5,"[13, 2, 1, 17, 4, 16, 6, 7, 15, 12, 0, 11, 9, 18, 14, 5, 19, 8, 3, 10]",492.5,4.293618202209473
"[13, 2, 1, 17, 4, 16, 6, 7, 15, 12, 0, 11, 9, 18, 14, 5, 19, 8, 3, 10]",492.5,"[13, 2, 1, 17, 4, 16, 6, 7, 15, 12, 0, 11, 9, 18, 14, 5, 19, 8, 3, 10]",492.5,4.355618715286255
"[5, 2, 1, 17, 4, 16, 6, 7, 15, 12, 0, 11, 9, 18, 14, 13, 19, 8, 3, 10]",485.5,"[5, 2, 1, 17, 4, 16, 6, 7, 15, 12, 0, 11, 9, 18, 14, 13, 19, 8, 3, 10]",485.5,4.417620658874512
"[5, 2, 1, 17, 4, 16, 6, 7, 15, 12, 0, 11, 9, 18, 14, 13, 19, 8, 3, 10]",485.5,"[5, 2, 1, 17, 4, 16, 6, 7, 15, 12, 0, 11, 9, 18, 14, 13, 19, 8, 3, 10]",485.5,4.479625940322876
"[5, 2, 1, 17, 4, 16, 6, 7, 15, 12, 0, 11, 9, 18, 14, 13, 19, 8, 3, 10]",485.5,"[5, 2, 1, 17, 4, 16, 6, 7, 15, 12, 0, 11, 9, 18, 14, 13, 19, 8, 3, 10]",485.5,4.541623592376709
"[5, 2, 1, 17, 4, 16, 6, 7, 15, 12, 0, 11, 9, 18, 14, 13, 19, 8, 3, 10]",485.5,"[5, 2, 1, 17, 4, 16, 6, 7, 15, 12, 0, 11, 9, 18, 14, 13, 19, 8, 3, 10]",485.5,4.603622913360596
"[5, 2, 1, 17, 4, 16, 6, 7, 15, 12, 0, 11, 9, 18, 14, 13, 19, 8, 3, 10]",485.5,"[5, 2, 1, 17, 4, 16, 6, 7, 15, 12, 0, 11, 9, 18, 14, 13, 19, 8, 3, 10]",485.5,4.664623260498047
"[5, 2, 1, 8, 4, 16, 6, 7, 15, 12, 0, 11, 9, 18, 14, 13, 19, 17, 3, 10]",466.5,"[5, 2, 1, 8, 4, 16, 6, 7, 15, 12, 0, 11, 9, 18, 14, 13, 19, 17, 3, 10]",466.5,4.7266247272491455
"[5, 2, 1, 8, 4, 16, 6, 7, 15, 12, 0, 11, 9, 18, 14, 13, 19, 17, 3, 10]",466.5,"[5, 2, 1, 8, 4, 16, 6, 7, 15, 12, 0, 11, 9, 18, 14, 13, 19, 17, 3, 10]",466.5,4.791218996047974
"[5, 2, 1, 8, 4, 16, 6, 7, 15, 12, 0, 11, 9, 18, 14, 13, 19, 17, 3, 10]",466.5,"[5, 2, 1, 8, 4, 16, 6, 7, 15, 12, 0, 11, 9, 18, 14, 13, 19, 17, 3, 10]",466.5,4.8562211990356445
"[5, 2, 1, 8, 4, 16, 6, 7, 15, 12, 0, 11, 9, 18, 14, 13, 19, 17, 3, 10]",466.5,"[5, 2, 1, 8, 4, 16, 6, 7, 15, 12, 0, 11, 9, 18, 14, 13, 19, 17, 3, 10]",466.5,4.9162211418151855
"[5, 2, 1, 8, 4, 16, 6, 7, 15, 12, 0, 11, 9, 18, 14, 13, 19, 17, 3, 10]",466.5,"[5, 2, 1, 8, 4, 16, 6, 7, 15, 12, 0, 11, 9, 18, 14, 13, 19, 17, 3, 10]",466.5,4.978220701217651
"[5, 2, 1, 8, 4, 16, 6, 7, 15, 12, 0, 11, 9, 18, 14, 13, 19, 17, 3, 10]",466.5,"[5, 2, 1, 8, 4, 16, 6, 7, 15, 12, 0, 11, 9, 18, 14, 13, 19, 17, 3, 10]",466.5,5.039224863052368
"[5, 2, 1, 8, 4, 16, 6, 7, 15, 12, 0, 11, 9, 18, 14, 13, 19, 17, 3, 10]",466.5,"[5, 2, 1, 8, 4, 16, 6, 7, 15, 12, 0, 11, 9, 18, 14, 13, 19, 17, 3, 10]",466.5,5.10022234916687
"[5, 2, 1, 8, 4, 16, 6, 7, 15, 12, 0, 11, 9, 18, 14, 13, 19, 17, 3, 10]",466.5,"[5, 2, 1, 8, 4, 16, 6, 7, 15, 12, 0, 11, 9, 18, 14, 13, 19, 17, 3, 10]",466.5,5.162229537963867
"[5, 2, 1, 8, 4, 16, 6, 7, 15, 12, 0, 11, 9, 18, 14, 13, 19, 17, 3, 10]",466.5,"[5, 2, 1, 8, 4, 16, 6, 7, 15, 12, 0, 11, 9, 18, 14, 13, 19, 17, 3, 10]",466.5,5.222227573394775
"[5, 2, 1, 8, 4, 16, 6, 7, 15, 12, 0, 11, 9, 18, 14, 13, 19, 17, 3, 10]",466.5,"[5, 2, 1, 8, 4, 16, 6, 7, 15, 12, 0, 11, 9, 18, 14, 13, 19, 17, 3, 10]",466.5,5.284225225448608
"[5, 2, 1, 8, 4, 16, 6, 7, 15, 12, 0, 11, 9, 18, 14, 13, 19, 17, 3, 10]",466.5,"[5, 2, 1, 8, 4, 16, 6, 7, 15, 12, 0, 11, 9, 18, 14, 13, 19, 17, 3, 10]",466.5,5.346229076385498
"[5, 2, 1, 8, 4, 16, 6, 7, 15, 12, 0, 11, 9, 18, 14, 13, 19, 17, 3, 10]",466.5,"[5, 2, 1, 8, 4, 16, 6, 7, 15, 12, 0, 11, 9, 18, 14, 13, 19, 17, 3, 10]",466.5,5.410229682922363
"[5, 2, 1, 8, 4, 16, 6, 7, 15, 12, 0, 11, 9, 18, 14, 13, 19, 17, 3, 10]",466.5,"[5, 2, 1, 8, 4, 16, 6, 7, 15, 12, 0, 11, 9, 18, 14, 13, 19, 17, 3, 10]",466.5,5.472227573394775
"[5, 2, 1, 8, 4, 16, 6, 7, 15, 12, 0, 11, 9, 18, 14, 13, 19, 17, 3, 10]",466.5,"[5, 2, 1, 8, 4, 16, 6, 7, 15, 12, 0, 11, 9, 18, 14, 13, 19, 17, 3, 10]",466.5,5.532229900360107
"[5, 2, 1, 8, 4, 16, 6, 7, 15, 12, 0, 11, 9, 18, 14, 13, 19, 17, 3, 10]",466.5,"[5, 2, 1, 8, 4, 16, 6, 7, 15, 12, 0, 11, 9, 18, 14, 13, 19, 17, 3, 10]",466.5,5.594240427017212
"[5, 2, 1, 8, 4, 16, 6, 7, 15, 12, 0, 11, 9, 18, 14, 13, 19, 17, 3, 10]",466.5,"[5, 2, 1, 8, 4, 16, 6, 7, 15, 12, 0, 11, 9, 18, 14, 13, 19, 17, 3, 10]",466.5,5.657231569290161
"[5, 2, 1, 8, 4, 16, 6, 7, 15, 12, 0, 11, 9, 18, 14, 13, 19, 17, 3, 10]",466.5,"[5, 2, 1, 8, 4, 16, 6, 7, 15, 12, 0, 11, 9, 18, 14, 13, 19, 17, 3, 10]",466.5,5.720229148864746
"[5, 2, 1, 8, 4, 16, 6, 7, 15, 12, 0, 11, 9, 18, 14, 13, 19, 17, 3, 10]",466.5,"[5, 2, 1, 8, 4, 16, 6, 7, 15, 12, 0, 11, 9, 18, 14, 13, 19, 17, 3, 10]",466.5,5.781235218048096
"[5, 2, 1, 8, 4, 16, 6, 7, 15, 12, 0, 11, 9, 18, 14, 13, 19, 17, 3, 10]",466.5,"[5, 2, 1, 8, 4, 16, 6, 7, 15, 12, 0, 11, 9, 18, 14, 13, 19, 17, 3, 10]",466.5,5.842277526855469
"[5, 2, 1, 8, 4, 16, 6, 7, 15, 12, 0, 11, 9, 18, 14, 13, 19, 17, 3, 10]",466.5,"[5, 2, 1, 8, 4, 16, 6, 7, 15, 12, 0, 11, 9, 18, 14, 13, 19, 17, 3, 10]",466.5,5.902236461639404
"[5, 2, 1, 8, 4, 16, 6, 7, 15, 12, 0, 11, 9, 18, 14, 13, 19, 17, 3, 10]",466.5,"[5, 2, 1, 8, 4, 16, 6, 7, 15, 12, 0, 11, 9, 18, 14, 13, 19, 17, 3, 10]",466.5,5.9622344970703125
"[5, 2, 1, 8, 4, 16, 6, 7, 15, 12, 0, 11, 9, 18, 14, 13, 19, 17, 3, 10]",466.5,"[5, 2, 1, 8, 4, 16, 6, 7, 15, 12, 0, 11, 9, 18, 14, 13, 19, 17, 3, 10]",466.5,6.024244785308838
"[5, 2, 1, 8, 4, 16, 6, 7, 15, 12, 0, 11, 9, 18, 14, 13, 19, 17, 3, 10]",466.5,"[5, 2, 1, 8, 4, 16, 6, 7, 15, 12, 0, 11, 9, 18, 14, 13, 19, 17, 3, 10]",466.5,6.085234642028809
"[5, 2, 1, 8, 4, 16, 6, 7, 15, 12, 0, 11, 9, 18, 14, 13, 19, 17, 3, 10]",466.5,"[5, 2, 1, 8, 4, 16, 6, 7, 15, 12, 0, 11, 9, 18, 14, 13, 19, 17, 3, 10]",466.5,6.147266864776611
"[5, 2, 1, 8, 4, 16, 6, 7, 15, 12, 0, 11, 9, 18, 14, 13, 19, 17, 3, 10]",466.5,"[5, 2, 1, 8, 4, 16, 6, 7, 15, 12, 0, 11, 9, 18, 14, 13, 19, 17, 3, 10]",466.5,6.208239793777466
"[5, 2, 1, 8, 4, 16, 6, 7, 15, 12, 0, 11, 9, 18, 14, 13, 19, 17, 3, 10]",466.5,"[5, 2, 1, 8, 4, 16, 6, 7, 15, 12, 0, 11, 9, 18, 14, 13, 19, 17, 3, 10]",466.5,6.272262096405029
"[5, 2, 1, 8, 4, 16, 6, 7, 15, 12, 0, 11, 9, 18, 14, 13, 19, 17, 3, 10]",466.5,"[5, 2, 1, 8, 4, 16, 6, 7, 15, 12, 0, 11, 9, 18, 14, 13, 19, 17, 3, 10]",466.5,6.333241701126099
"[5, 2, 1, 8, 4, 16, 6, 7, 15, 12, 0, 11, 9, 18, 14, 13, 19, 17, 3, 10]",466.5,"[5, 2, 1, 8, 4, 16, 6, 7, 15, 12, 0, 11, 9, 18, 14, 13, 19, 17, 3, 10]",466.5,6.394242286682129
"[5, 2, 1, 8, 4, 16, 6, 7, 15, 12, 0, 11, 9, 18, 14, 13, 19, 17, 3, 10]",466.5,"[5, 2, 1, 8, 4, 16, 6, 7, 15, 12, 0, 11, 9, 18, 14, 13, 19, 17, 3, 10]",466.5,6.45923924446106
"[5, 2, 1, 8, 4, 16, 6, 7, 15, 12, 0, 11, 9, 18, 14, 13, 19, 17, 3, 10]",466.5,"[5, 2, 1, 8, 4, 16, 6, 7, 15, 12, 0, 11, 9, 18, 14, 13, 19, 17, 3, 10]",466.5,6.522245168685913
"[5, 2, 1, 8, 4, 16, 6, 7, 15, 12, 0, 11, 9, 18, 14, 13, 19, 17, 3, 10]",466.5,"[5, 2, 1, 8, 4, 16, 6, 7, 15, 12, 0, 11, 9, 18, 14, 13, 19, 17, 3, 10]",466.5,6.583244323730469
"[5, 2, 1, 8, 4, 16, 6, 7, 15, 12, 0, 11, 9, 18, 14, 13, 19, 17, 3, 10]",466.5,"[5, 2, 1, 8, 4, 16, 6, 7, 15, 12, 0, 11, 9, 18, 14, 13, 19, 17, 3, 10]",466.5,6.648242950439453
"[5, 2, 1, 8, 4, 16, 6, 7, 15, 12, 0, 11, 9, 18, 14, 13, 19, 17, 3, 10]",466.5,"[5, 2, 1, 8, 4, 16, 6, 7, 15, 12, 0, 11, 9, 18, 14, 13, 19, 17, 3, 10]",466.5,6.710247278213501
"[5, 2, 1, 8, 4, 16, 6, 7, 15, 12, 0, 11, 9, 18, 14, 13, 19, 17, 3, 10]",466.5,"[5, 2, 1, 8, 4, 16, 6, 7, 15, 12, 0, 11, 9, 18, 14, 13, 19, 17, 3, 10]",466.5,6.770246744155884
"[5, 2, 1, 8, 4, 16, 6, 7, 15, 12, 0, 11, 9, 18, 14, 13, 19, 17, 3, 10]",466.5,"[5, 2, 1, 8, 4, 16, 6, 7, 15, 12, 0, 11, 9, 18, 14, 13, 19, 17, 3, 10]",466.5,6.830247402191162
"[5, 2, 1, 8, 4, 16, 6, 7, 15, 12, 0, 11, 9, 18, 14, 13, 19, 17, 3, 10]",466.5,"[5, 2, 1, 8, 4, 16, 6, 7, 15, 12, 0, 11, 9, 18, 14, 13, 19, 17, 3, 10]",466.5,6.892245292663574
"[5, 2, 1, 8, 4, 16, 6, 7, 15, 12, 0, 11, 9, 18, 14, 13, 19, 17, 3, 10]",466.5,"[5, 2, 1, 8, 4, 16, 6, 7, 15, 12, 0, 11, 9, 18, 14, 13, 19, 17, 3, 10]",466.5,6.954249143600464
"[5, 2, 1, 8, 4, 16, 6, 7, 15, 12, 0, 11, 9, 18, 14, 13, 19, 17, 3, 10]",466.5,"[5, 2, 1, 8, 4, 16, 6, 7, 15, 12, 0, 11, 9, 18, 14, 13, 19, 17, 3, 10]",466.5,7.017249822616577
"[5, 2, 1, 8, 4, 16, 6, 7, 15, 12, 0, 11, 9, 18, 14, 13, 19, 17, 3, 10]",466.5,"[5, 2, 1, 8, 4, 16, 6, 7, 15, 12, 0, 11, 9, 18, 14, 13, 19, 17, 3, 10]",466.5,7.078247308731079
"[5, 2, 1, 8, 4, 16, 6, 7, 15, 12, 0, 11, 9, 18, 14, 13, 19, 17, 3, 10]",466.5,"[5, 2, 1, 8, 4, 16, 6, 7, 15, 12, 0, 11, 9, 18, 14, 13, 19, 17, 3, 10]",466.5,7.140264272689819
"[5, 2, 1, 8, 4, 16, 6, 7, 15, 12, 0, 11, 9, 18, 14, 13, 19, 17, 3, 10]",466.5,"[5, 2, 1, 8, 4, 16, 6, 7, 15, 12, 0, 11, 9, 18, 14, 13, 19, 17, 3, 10]",466.5,7.201252222061157
"[5, 2, 1, 8, 4, 16, 6, 7, 15, 12, 0, 11, 9, 18, 14, 13, 19, 17, 3, 10]",466.5,"[5, 2, 1, 8, 4, 16, 6, 7, 15, 12, 0, 11, 9, 18, 14, 13, 19, 17, 3, 10]",466.5,7.263253211975098
"[5, 2, 1, 8, 4, 16, 6, 7, 15, 12, 0, 11, 9, 18, 14, 13, 19, 17, 3, 10]",466.5,"[5, 2, 1, 8, 4, 16, 6, 7, 15, 12, 0, 11, 9, 18, 14, 13, 19, 17, 3, 10]",466.5,7.327268600463867
"[5, 2, 1, 8, 4, 16, 6, 7, 15, 12, 0, 11, 9, 18, 14, 13, 19, 17, 3, 10]",466.5,"[5, 2, 1, 8, 4, 16, 6, 7, 15, 12, 0, 11, 9, 18, 14, 13, 19, 17, 3, 10]",466.5,7.388254642486572
"[5, 2, 1, 8, 4, 16, 6, 7, 15, 12, 0, 11, 9, 18, 14, 13, 19, 17, 3, 10]",466.5,"[5, 2, 1, 8, 4, 16, 6, 7, 15, 12, 0, 11, 9, 18, 14, 13, 19, 17, 3, 10]",466.5,7.449254751205444
"[5, 2, 1, 8, 4, 16, 6, 7, 15, 12, 0, 11, 9, 18, 14, 13, 19, 17, 3, 10]",466.5,"[5, 2, 1, 8, 4, 16, 6, 7, 15, 12, 0, 11, 9, 18, 14, 13, 19, 17, 3, 10]",466.5,7.511281251907349
"[5, 2, 1, 8, 4, 16, 6, 7, 15, 12, 0, 11, 9, 18, 14, 13, 19, 17, 3, 10]",466.5,"[5, 2, 1, 8, 4, 16, 6, 7, 15, 12, 0, 11, 9, 18, 14, 13, 19, 17, 3, 10]",466.5,7.575258016586304
"[5, 2, 1, 8, 4, 16, 6, 7, 15, 12, 0, 11, 9, 18, 14, 13, 19, 17, 3, 10]",466.5,"[5, 2, 1, 8, 4, 16, 6, 7, 15, 12, 0, 11, 9, 18, 14, 13, 19, 17, 3, 10]",466.5,7.6392600536346436
"[5, 2, 1, 8, 4, 16, 6, 7, 15, 12, 0, 11, 9, 18, 14, 13, 19, 17, 3, 10]",466.5,"[5, 2, 1, 8, 4, 16, 6, 7, 15, 12, 0, 11, 9, 18, 14, 13, 19, 17, 3, 10]",466.5,7.702257394790649
"[5, 2, 1, 8, 4, 16, 6, 7, 15, 12, 0, 11, 9, 18, 14, 13, 19, 17, 3, 10]",466.5,"[5, 2, 1, 8, 4, 16, 6, 7, 15, 12, 0, 11, 9, 18, 14, 13, 19, 17, 3, 10]",466.5,7.765258073806763
"[5, 2, 1, 8, 4, 16, 6, 7, 15, 12, 0, 11, 9, 18, 14, 13, 19, 17, 3, 10]",466.5,"[5, 2, 1, 8, 4, 16, 6, 7, 15, 12, 0, 11, 9, 18, 14, 13, 19, 17, 3, 10]",466.5,7.827255725860596
"[5, 2, 1, 8, 4, 16, 6, 7, 15, 12, 0, 11, 9, 18, 14, 13, 19, 17, 3, 10]",466.5,"[5, 2, 1, 8, 4, 16, 6, 7, 15, 12, 0, 11, 9, 18, 14, 13, 19, 17, 3, 10]",466.5,7.888258695602417
"[5, 2, 1, 8, 4, 16, 6, 7, 15, 12, 0, 11, 9, 18, 14, 13, 19, 17, 3, 10]",466.5,"[5, 2, 1, 8, 4, 16, 6, 7, 15, 12, 0, 11, 9, 18, 14, 13, 19, 17, 3, 10]",466.5,7.950257778167725
"[5, 2, 1, 8, 4, 16, 6, 7, 15, 12, 0, 11, 9, 18, 14, 13, 19, 17, 3, 10]",466.5,"[5, 2, 1, 8, 4, 16, 6, 7, 15, 12, 0, 11, 9, 18, 14, 13, 19, 17, 3, 10]",466.5,8.011261701583862
"[5, 2, 1, 8, 4, 16, 6, 7, 15, 12, 0, 11, 9, 18, 14, 13, 19, 17, 3, 10]",466.5,"[5, 2, 1, 8, 4, 16, 6, 7, 15, 12, 0, 11, 9, 18, 14, 13, 19, 17, 3, 10]",466.5,8.072264671325684
"[5, 2, 1, 8, 4, 16, 6, 7, 15, 12, 0, 11, 9, 18, 14, 13, 19, 17, 3, 10]",466.5,"[5, 2, 1, 8, 4, 16, 6, 7, 15, 12, 0, 11, 9, 18, 14, 13, 19, 17, 3, 10]",466.5,8.132264852523804
"[5, 2, 1, 8, 4, 16, 6, 7, 15, 12, 0, 11, 9, 18, 14, 13, 19, 17, 3, 10]",466.5,"[5, 2, 1, 8, 4, 16, 6, 7, 15, 12, 0, 11, 9, 18, 14, 13, 19, 17, 3, 10]",466.5,8.19326639175415
"[5, 2, 1, 8, 4, 16, 6, 7, 15, 12, 0, 11, 9, 18, 14, 13, 19, 17, 3, 10]",466.5,"[5, 2, 1, 8, 4, 16, 6, 7, 15, 12, 0, 11, 9, 18, 14, 13, 19, 17, 3, 10]",466.5,8.256266593933105
"[5, 2, 1, 8, 4, 16, 6, 7, 15, 12, 0, 11, 9, 18, 14, 13, 19, 17, 3, 10]",466.5,"[5, 2, 1, 8, 4, 16, 6, 7, 15, 12, 0, 11, 9, 18, 14, 13, 19, 17, 3, 10]",466.5,8.319265127182007
"[5, 2, 1, 8, 4, 16, 6, 7, 15, 12, 0, 11, 9, 18, 14, 13, 19, 17, 3, 10]",466.5,"[5, 2, 1, 8, 4, 16, 6, 7, 15, 12, 0, 11, 9, 18, 14, 13, 19, 17, 3, 10]",466.5,8.38227391242981
"[5, 2, 1, 8, 4, 16, 6, 7, 15, 12, 0, 11, 9, 18, 14, 13, 19, 17, 3, 10]",466.5,"[5, 2, 1, 8, 4, 16, 6, 7, 15, 12, 0, 11, 9, 18, 14, 13, 19, 17, 3, 10]",466.5,8.441264629364014
"[5, 2, 1, 8, 4, 16, 6, 7, 15, 12, 0, 11, 9, 18, 14, 13, 19, 17, 3, 10]",466.5,"[5, 2, 1, 8, 4, 16, 6, 7, 15, 12, 0, 11, 9, 18, 14, 13, 19, 17, 3, 10]",466.5,8.503285646438599
"[5, 2, 1, 8, 4, 16, 6, 7, 15, 12, 0, 11, 9, 18, 14, 13, 19, 17, 3, 10]",466.5,"[5, 2, 1, 8, 4, 16, 6, 7, 15, 12, 0, 11, 9, 18, 14, 13, 19, 17, 3, 10]",466.5,8.56226634979248
"[5, 2, 1, 8, 4, 16, 6, 7, 15, 12, 0, 11, 9, 18, 14, 13, 19, 17, 3, 10]",466.5,"[5, 2, 1, 8, 4, 16, 6, 7, 15, 12, 0, 11, 9, 18, 14, 13, 19, 17, 3, 10]",466.5,8.62527060508728
"[5, 2, 1, 8, 4, 16, 6, 7, 15, 12, 0, 11, 9, 18, 14, 13, 19, 17, 3, 10]",466.5,"[5, 2, 1, 8, 4, 16, 6, 7, 15, 12, 0, 11, 9, 18, 14, 13, 19, 17, 3, 10]",466.5,8.686272144317627
"[5, 2, 1, 8, 4, 16, 6, 7, 15, 12, 0, 11, 9, 18, 14, 13, 19, 17, 3, 10]",466.5,"[5, 2, 1, 8, 4, 16, 6, 7, 15, 12, 0, 11, 9, 18, 14, 13, 19, 17, 3, 10]",466.5,8.751274108886719
"[5, 2, 1, 8, 4, 16, 6, 7, 15, 12, 0, 11, 9, 18, 14, 13, 19, 17, 3, 10]",466.5,"[5, 2, 1, 8, 4, 16, 6, 7, 15, 12, 0, 11, 9, 18, 14, 13, 19, 17, 3, 10]",466.5,8.812273263931274
"[5, 2, 1, 8, 4, 16, 6, 7, 15, 12, 0, 11, 9, 18, 14, 13, 19, 17, 3, 10]",466.5,"[5, 2, 1, 8, 4, 16, 6, 7, 15, 12, 0, 11, 9, 18, 14, 13, 19, 17, 3, 10]",466.5,8.87427306175232
"[5, 2, 1, 8, 4, 16, 6, 7, 15, 12, 0, 11, 9, 18, 14, 13, 19, 17, 3, 10]",466.5,"[5, 2, 1, 8, 4, 16, 6, 7, 15, 12, 0, 11, 9, 18, 14, 13, 19, 17, 3, 10]",466.5,8.937275171279907
"[5, 2, 1, 8, 4, 16, 6, 7, 15, 12, 0, 11, 9, 18, 14, 13, 19, 17, 3, 10]",466.5,"[5, 2, 1, 8, 4, 16, 6, 7, 15, 12, 0, 11, 9, 18, 14, 13, 19, 17, 3, 10]",466.5,8.9982750415802
"[5, 2, 1, 8, 4, 16, 6, 7, 15, 12, 0, 11, 9, 18, 14, 13, 19, 17, 3, 10]",466.5,"[5, 2, 1, 8, 4, 16, 6, 7, 15, 12, 0, 11, 9, 18, 14, 13, 19, 17, 3, 10]",466.5,9.060275077819824
"[5, 2, 1, 8, 4, 16, 6, 7, 15, 12, 0, 11, 9, 18, 14, 13, 19, 17, 3, 10]",466.5,"[5, 2, 1, 8, 4, 16, 6, 7, 15, 12, 0, 11, 9, 18, 14, 13, 19, 17, 3, 10]",466.5,9.125276565551758
"[5, 2, 1, 8, 4, 16, 6, 7, 15, 12, 0, 11, 9, 18, 14, 13, 19, 17, 3, 10]",466.5,"[5, 2, 1, 8, 4, 16, 6, 7, 15, 12, 0, 11, 9, 18, 14, 13, 19, 17, 3, 10]",466.5,9.186278104782104
"[5, 2, 1, 8, 4, 16, 6, 7, 15, 12, 0, 11, 9, 18, 14, 13, 19, 17, 3, 10]",466.5,"[5, 2, 1, 8, 4, 16, 6, 7, 15, 12, 0, 11, 9, 18, 14, 13, 19, 17, 3, 10]",466.5,9.247275829315186
"[5, 2, 1, 8, 4, 16, 6, 7, 15, 12, 0, 11, 9, 18, 14, 13, 19, 17, 3, 10]",466.5,"[5, 2, 1, 8, 4, 16, 6, 7, 15, 12, 0, 11, 9, 18, 14, 13, 19, 17, 3, 10]",466.5,9.310280561447144
"[5, 2, 1, 8, 4, 16, 6, 7, 15, 12, 0, 11, 9, 18, 14, 13, 19, 17, 3, 10]",466.5,"[5, 2, 1, 8, 4, 16, 6, 7, 15, 12, 0, 11, 9, 18, 14, 13, 19, 17, 3, 10]",466.5,9.371276378631592
"[5, 2, 1, 8, 4, 16, 6, 7, 15, 12, 0, 11, 9, 18, 14, 13, 19, 17, 3, 10]",466.5,"[5, 2, 1, 8, 4, 16, 6, 7, 15, 12, 0, 11, 9, 18, 14, 13, 19, 17, 3, 10]",466.5,9.432284355163574
"[5, 2, 1, 8, 4, 16, 6, 7, 15, 12, 0, 11, 9, 18, 14, 13, 19, 17, 3, 10]",466.5,"[5, 2, 1, 8, 4, 16, 6, 7, 15, 12, 0, 11, 9, 18, 14, 13, 19, 17, 3, 10]",466.5,9.496283769607544
"[5, 2, 1, 8, 4, 16, 6, 7, 15, 12, 0, 11, 9, 18, 14, 13, 19, 17, 3, 10]",466.5,"[5, 2, 1, 8, 4, 16, 6, 7, 15, 12, 0, 11, 9, 18, 14, 13, 19, 17, 3, 10]",466.5,9.556281566619873
"[5, 2, 1, 8, 4, 16, 6, 7, 15, 12, 0, 11, 9, 18, 14, 13, 19, 17, 3, 10]",466.5,"[5, 2, 1, 8, 4, 16, 6, 7, 15, 12, 0, 11, 9, 18, 14, 13, 19, 17, 3, 10]",466.5,9.617279767990112
"[5, 2, 1, 8, 4, 16, 6, 7, 15, 12, 0, 11, 9, 18, 14, 13, 19, 17, 3, 10]",466.5,"[5, 2, 1, 8, 4, 16, 6, 7, 15, 12, 0, 11, 9, 18, 14, 13, 19, 17, 3, 10]",466.5,9.679281234741211
"[5, 2, 1, 8, 4, 16, 6, 7, 15, 12, 0, 11, 9, 18, 14, 13, 19, 17, 3, 10]",466.5,"[5, 2, 1, 8, 4, 16, 6, 7, 15, 12, 0, 11, 9, 18, 14, 13, 19, 17, 3, 10]",466.5,9.742286205291748
"[5, 2, 1, 8, 4, 16, 6, 7, 15, 12, 0, 11, 9, 18, 14, 13, 19, 17, 3, 10]",466.5,"[5, 2, 1, 8, 4, 16, 6, 7, 15, 12, 0, 11, 9, 18, 14, 13, 19, 17, 3, 10]",466.5,9.80428671836853
"[5, 2, 1, 8, 4, 16, 6, 7, 15, 12, 0, 11, 9, 18, 14, 13, 19, 17, 3, 10]",466.5,"[5, 2, 1, 8, 4, 16, 6, 7, 15, 12, 0, 11, 9, 18, 14, 13, 19, 17, 3, 10]",466.5,9.867286205291748
"[5, 2, 1, 8, 4, 16, 6, 7, 15, 12, 0, 11, 9, 18, 14, 13, 19, 17, 3, 10]",466.5,"[5, 2, 1, 8, 4, 16, 6, 7, 15, 12, 0, 11, 9, 18, 14, 13, 19, 17, 3, 10]",466.5,9.928286075592041
"[5, 2, 1, 8, 4, 16, 6, 7, 15, 12, 0, 11, 9, 18, 14, 13, 19, 17, 3, 10]",466.5,"[5, 2, 1, 8, 4, 16, 6, 7, 15, 12, 0, 11, 9, 18, 14, 13, 19, 17, 3, 10]",466.5,9.989287376403809
"[5, 2, 1, 8, 4, 16, 6, 7, 15, 12, 0, 11, 9, 18, 14, 13, 19, 17, 3, 10]",466.5,"[5, 2, 1, 8, 4, 16, 6, 7, 15, 12, 0, 11, 9, 18, 14, 13, 19, 17, 3, 10]",466.5,10.050289154052734
"[5, 2, 1, 8, 4, 16, 6, 7, 15, 12, 0, 11, 9, 18, 14, 13, 19, 17, 3, 10]",466.5,"[5, 2, 1, 8, 4, 16, 6, 7, 15, 12, 0, 11, 9, 18, 14, 13, 19, 17, 3, 10]",466.5,10.110289096832275
"[5, 2, 1, 8, 4, 16, 6, 7, 15, 12, 0, 11, 9, 18, 14, 13, 19, 17, 3, 10]",466.5,"[5, 2, 1, 8, 4, 16, 6, 7, 15, 12, 0, 11, 9, 18, 14, 13, 19, 17, 3, 10]",466.5,10.170320510864258
"[5, 2, 1, 8, 4, 16, 6, 7, 15, 12, 0, 11, 9, 18, 14, 13, 19, 17, 3, 10]",466.5,"[5, 2, 1, 8, 4, 16, 6, 7, 15, 12, 0, 11, 9, 18, 14, 13, 19, 17, 3, 10]",466.5,10.23428988456726
"[5, 2, 1, 8, 4, 16, 6, 7, 15, 12, 0, 11, 9, 18, 14, 13, 19, 17, 3, 10]",466.5,"[5, 2, 1, 8, 4, 16, 6, 7, 15, 12, 0, 11, 9, 18, 14, 13, 19, 17, 3, 10]",466.5,10.298288345336914
"[5, 2, 1, 8, 4, 16, 6, 7, 15, 12, 0, 11, 9, 18, 14, 13, 19, 17, 3, 10]",466.5,"[5, 2, 1, 8, 4, 16, 6, 7, 15, 12, 0, 11, 9, 18, 14, 13, 19, 17, 3, 10]",466.5,10.36428952217102
"[5, 2, 1, 8, 4, 16, 6, 7, 15, 12, 0, 11, 9, 18, 14, 13, 19, 17, 3, 10]",466.5,"[5, 2, 1, 8, 4, 16, 6, 7, 15, 12, 0, 11, 9, 18, 14, 13, 19, 17, 3, 10]",466.5,10.42829418182373
"[5, 2, 1, 8, 4, 16, 6, 7, 15, 12, 0, 11, 9, 18, 14, 13, 19, 17, 3, 10]",466.5,"[5, 2, 1, 8, 4, 16, 6, 7, 15, 12, 0, 11, 9, 18, 14, 13, 19, 17, 3, 10]",466.5,10.493293523788452
"[5, 2, 1, 8, 4, 16, 6, 7, 15, 12, 0, 11, 9, 18, 14, 13, 19, 17, 3, 10]",466.5,"[5, 2, 1, 8, 4, 16, 6, 7, 15, 12, 0, 11, 9, 18, 14, 13, 19, 17, 3, 10]",466.5,10.556293964385986
"[5, 2, 1, 8, 4, 16, 6, 7, 15, 12, 0, 11, 9, 18, 14, 13, 19, 17, 3, 10]",466.5,"[5, 2, 1, 8, 4, 16, 6, 7, 15, 12, 0, 11, 9, 18, 14, 13, 19, 17, 3, 10]",466.5,10.618294954299927
"[5, 2, 1, 8, 4, 16, 6, 7, 15, 12, 0, 11, 9, 18, 14, 13, 19, 17, 3, 10]",466.5,"[5, 2, 1, 8, 4, 16, 6, 7, 15, 12, 0, 11, 9, 18, 14, 13, 19, 17, 3, 10]",466.5,10.680293083190918
"[5, 2, 1, 8, 4, 16, 6, 7, 15, 12, 0, 11, 9, 18, 14, 13, 19, 17, 3, 10]",466.5,"[5, 2, 1, 8, 4, 16, 6, 7, 15, 12, 0, 11, 9, 18, 14, 13, 19, 17, 3, 10]",466.5,10.751307964324951
"[5, 2, 1, 8, 4, 16, 6, 7, 15, 12, 0, 11, 9, 18, 14, 13, 19, 17, 3, 10]",466.5,"[5, 2, 1, 8, 4, 16, 6, 7, 15, 12, 0, 11, 9, 18, 14, 13, 19, 17, 3, 10]",466.5,10.816297054290771
"[5, 2, 1, 8, 4, 16, 6, 7, 15, 12, 0, 11, 9, 18, 14, 13, 19, 17, 3, 10]",466.5,"[5, 2, 1, 8, 4, 16, 6, 7, 15, 12, 0, 11, 9, 18, 14, 13, 19, 17, 3, 10]",466.5,10.879297971725464
"[5, 2, 1, 8, 4, 16, 6, 7, 15, 12, 0, 11, 9, 18, 14, 13, 19, 17, 3, 10]",466.5,"[5, 2, 1, 8, 4, 16, 6, 7, 15, 12, 0, 11, 9, 18, 14, 13, 19, 17, 3, 10]",466.5,10.942298650741577
"[5, 2, 1, 8, 4, 16, 6, 7, 15, 12, 0, 11, 9, 18, 14, 13, 19, 17, 3, 10]",466.5,"[5, 2, 1, 8, 4, 16, 6, 7, 15, 12, 0, 11, 9, 18, 14, 13, 19, 17, 3, 10]",466.5,11.003299236297607
"[5, 2, 1, 8, 4, 16, 6, 7, 15, 12, 0, 11, 9, 18, 14, 13, 19, 17, 3, 10]",466.5,"[5, 2, 1, 8, 4, 16, 6, 7, 15, 12, 0, 11, 9, 18, 14, 13, 19, 17, 3, 10]",466.5,11.065299987792969
"[5, 2, 1, 8, 4, 16, 6, 7, 15, 12, 0, 11, 9, 18, 14, 13, 19, 17, 3, 10]",466.5,"[5, 2, 1, 8, 4, 16, 6, 7, 15, 12, 0, 11, 9, 18, 14, 13, 19, 17, 3, 10]",466.5,11.126298666000366
"[5, 2, 1, 8, 4, 16, 6, 7, 15, 12, 0, 11, 9, 18, 14, 13, 19, 17, 3, 10]",466.5,"[5, 2, 1, 8, 4, 16, 6, 7, 15, 12, 0, 11, 9, 18, 14, 13, 19, 17, 3, 10]",466.5,11.18930196762085
"[5, 2, 1, 8, 4, 16, 6, 7, 15, 12, 0, 11, 9, 18, 14, 13, 19, 17, 3, 10]",466.5,"[5, 2, 1, 8, 4, 16, 6, 7, 15, 12, 0, 11, 9, 18, 14, 13, 19, 17, 3, 10]",466.5,11.251304388046265
"[5, 2, 1, 8, 4, 16, 6, 7, 15, 12, 0, 11, 9, 18, 14, 13, 19, 17, 3, 10]",466.5,"[5, 2, 1, 8, 4, 16, 6, 7, 15, 12, 0, 11, 9, 18, 14, 13, 19, 17, 3, 10]",466.5,11.316304206848145
"[5, 2, 1, 8, 4, 16, 6, 7, 15, 12, 0, 11, 9, 18, 14, 13, 19, 17, 3, 10]",466.5,"[5, 2, 1, 8, 4, 16, 6, 7, 15, 12, 0, 11, 9, 18, 14, 13, 19, 17, 3, 10]",466.5,11.375305652618408
"[5, 2, 1, 8, 4, 16, 6, 7, 15, 12, 0, 11, 9, 18, 14, 13, 19, 17, 3, 10]",466.5,"[5, 2, 1, 8, 4, 16, 6, 7, 15, 12, 0, 11, 9, 18, 14, 13, 19, 17, 3, 10]",466.5,11.437307119369507
"[5, 2, 1, 8, 4, 16, 6, 7, 15, 12, 0, 11, 9, 18, 14, 13, 19, 17, 3, 10]",466.5,"[5, 2, 1, 8, 4, 16, 6, 7, 15, 12, 0, 11, 9, 18, 14, 13, 19, 17, 3, 10]",466.5,11.501307010650635
"[5, 2, 1, 8, 4, 16, 6, 7, 15, 12, 0, 11, 9, 18, 14, 13, 19, 17, 3, 10]",466.5,"[5, 2, 1, 8, 4, 16, 6, 7, 15, 12, 0, 11, 9, 18, 14, 13, 19, 17, 3, 10]",466.5,11.567131280899048
"[5, 2, 1, 8, 4, 16, 6, 7, 15, 12, 0, 11, 9, 18, 14, 13, 19, 17, 3, 10]",466.5,"[5, 2, 1, 8, 4, 16, 6, 7, 15, 12, 0, 11, 9, 18, 14, 13, 19, 17, 3, 10]",466.5,11.631053686141968
"[5, 2, 1, 8, 4, 16, 6, 7, 15, 12, 0, 11, 9, 18, 14, 13, 19, 17, 3, 10]",466.5,"[5, 2, 1, 8, 4, 16, 6, 7, 15, 12, 0, 11, 9, 18, 14, 13, 19, 17, 3, 10]",466.5,11.694053888320923
"[5, 2, 1, 8, 4, 16, 6, 7, 15, 12, 0, 11, 9, 18, 14, 13, 19, 17, 3, 10]",466.5,"[5, 2, 1, 8, 4, 16, 6, 7, 15, 12, 0, 11, 9, 18, 14, 13, 19, 17, 3, 10]",466.5,11.759053468704224
"[5, 2, 1, 8, 4, 16, 6, 7, 15, 12, 0, 11, 9, 18, 14, 13, 19, 17, 3, 10]",466.5,"[5, 2, 1, 8, 4, 16, 6, 7, 15, 12, 0, 11, 9, 18, 14, 13, 19, 17, 3, 10]",466.5,11.822057008743286
"[5, 2, 1, 8, 4, 16, 6, 7, 15, 12, 0, 11, 9, 18, 14, 13, 19, 17, 3, 10]",466.5,"[5, 2, 1, 8, 4, 16, 6, 7, 15, 12, 0, 11, 9, 18, 14, 13, 19, 17, 3, 10]",466.5,11.883064031600952
"[5, 2, 1, 8, 4, 16, 6, 7, 15, 12, 0, 11, 9, 18, 14, 13, 19, 17, 3, 10]",466.5,"[5, 2, 1, 8, 4, 16, 6, 7, 15, 12, 0, 11, 9, 18, 14, 13, 19, 17, 3, 10]",466.5,11.944060325622559
"[5, 2, 1, 8, 4, 16, 6, 7, 15, 12, 0, 11, 9, 18, 14, 13, 19, 17, 3, 10]",466.5,"[5, 2, 1, 8, 4, 16, 6, 7, 15, 12, 0, 11, 9, 18, 14, 13, 19, 17, 3, 10]",466.5,12.004062414169312
"[5, 2, 1, 8, 4, 16, 6, 7, 15, 12, 0, 11, 9, 18, 14, 13, 19, 17, 3, 10]",466.5,"[5, 2, 1, 8, 4, 16, 6, 7, 15, 12, 0, 11, 9, 18, 14, 13, 19, 17, 3, 10]",466.5,12.088062763214111
"[5, 2, 1, 8, 4, 16, 6, 7, 15, 12, 0, 11, 9, 18, 14, 13, 19, 17, 3, 10]",466.5,"[5, 2, 1, 8, 4, 16, 6, 7, 15, 12, 0, 11, 9, 18, 14, 13, 19, 17, 3, 10]",466.5,12.14906358718872
"[5, 2, 1, 8, 4, 16, 6, 7, 15, 12, 0, 11, 9, 18, 14, 13, 19, 17, 3, 10]",466.5,"[5, 2, 1, 8, 4, 16, 6, 7, 15, 12, 0, 11, 9, 18, 14, 13, 19, 17, 3, 10]",466.5,12.210061073303223
"[5, 2, 1, 8, 4, 16, 6, 7, 15, 12, 0, 11, 9, 18, 14, 13, 19, 17, 3, 10]",466.5,"[5, 2, 1, 8, 4, 16, 6, 7, 15, 12, 0, 11, 9, 18, 14, 13, 19, 17, 3, 10]",466.5,12.270072937011719
"[5, 2, 1, 8, 4, 16, 6, 7, 15, 12, 0, 11, 9, 18, 14, 13, 19, 17, 3, 10]",466.5,"[5, 2, 1, 8, 4, 16, 6, 7, 15, 12, 0, 11, 9, 18, 14, 13, 19, 17, 3, 10]",466.5,12.331066131591797
"[5, 2, 1, 8, 4, 16, 6, 7, 15, 12, 0, 11, 9, 18, 14, 13, 19, 17, 3, 10]",466.5,"[5, 2, 1, 8, 4, 16, 6, 7, 15, 12, 0, 11, 9, 18, 14, 13, 19, 17, 3, 10]",466.5,12.392066717147827
"[5, 2, 1, 8, 4, 16, 6, 7, 15, 12, 0, 11, 9, 18, 14, 13, 19, 17, 3, 10]",466.5,"[5, 2, 1, 8, 4, 16, 6, 7, 15, 12, 0, 11, 9, 18, 14, 13, 19, 17, 3, 10]",466.5,12.453067302703857
"[5, 2, 1, 8, 4, 16, 6, 7, 15, 12, 0, 11, 9, 18, 14, 13, 19, 17, 3, 10]",466.5,"[5, 2, 1, 8, 4, 16, 6, 7, 15, 12, 0, 11, 9, 18, 14, 13, 19, 17, 3, 10]",466.5,12.519665002822876
"[5, 2, 1, 8, 4, 16, 6, 7, 15, 12, 0, 11, 9, 18, 14, 13, 19, 17, 3, 10]",466.5,"[5, 2, 1, 8, 4, 16, 6, 7, 15, 12, 0, 11, 9, 18, 14, 13, 19, 17, 3, 10]",466.5,12.590068578720093
"[5, 2, 1, 8, 4, 16, 6, 7, 15, 12, 0, 11, 9, 18, 14, 13, 19, 17, 3, 10]",466.5,"[5, 2, 1, 8, 4, 16, 6, 7, 15, 12, 0, 11, 9, 18, 14, 13, 19, 17, 3, 10]",466.5,12.661069869995117
