Sequence,Fitness,Best_sequence,Best_fitness,Time
"[19, 3, 18, 6, 13, 4, 0, 17, 12, 11, 15, 10, 9, 2, 16, 7, 8, 1, 5, 14]",1654.5,"[19, 3, 18, 6, 13, 4, 0, 17, 12, 11, 15, 10, 9, 2, 16, 7, 8, 1, 5, 14]",1654.5,0.0010175704956054688
"[19, 3, 18, 6, 13, 4, 0, 17, 12, 11, 15, 10, 9, 2, 16, 7, 8, 1, 5, 14]",1654.5,"[19, 3, 18, 6, 13, 4, 0, 17, 12, 11, 15, 10, 9, 2, 16, 7, 8, 1, 5, 14]",1654.5,0.06604290008544922
"[19, 3, 18, 6, 13, 4, 0, 17, 12, 11, 15, 10, 9, 2, 16, 7, 8, 1, 5, 14]",1654.5,"[19, 3, 18, 6, 13, 4, 0, 17, 12, 11, 15, 10, 9, 2, 16, 7, 8, 1, 5, 14]",1654.5,0.1329970359802246
"[19, 3, 18, 6, 13, 4, 0, 17, 12, 11, 15, 10, 9, 2, 16, 7, 8, 1, 5, 14]",1654.5,"[19, 3, 18, 6, 13, 4, 0, 17, 12, 11, 15, 10, 9, 2, 16, 7, 8, 1, 5, 14]",1654.5,0.22199654579162598
"[19, 3, 18, 6, 13, 4, 0, 17, 12, 11, 15, 10, 9, 2, 16, 7, 8, 1, 5, 14]",1654.5,"[19, 3, 18, 6, 13, 4, 0, 17, 12, 11, 15, 10, 9, 2, 16, 7, 8, 1, 5, 14]",1654.5,0.28499937057495117
"[19, 3, 18, 6, 13, 4, 0, 17, 12, 11, 15, 10, 9, 2, 16, 7, 8, 1, 5, 14]",1654.5,"[19, 3, 18, 6, 13, 4, 0, 17, 12, 11, 15, 10, 9, 2, 16, 7, 8, 1, 5, 14]",1654.5,0.34400105476379395
"[19, 3, 18, 6, 13, 4, 0, 17, 1, 11, 15, 10, 9, 2, 16, 7, 8, 12, 5, 14]",1614.5,"[19, 3, 18, 6, 13, 4, 0, 17, 1, 11, 15, 10, 9, 2, 16, 7, 8, 12, 5, 14]",1614.5,0.40400052070617676
"[18, 3, 19, 6, 13, 4, 0, 17, 1, 11, 15, 10, 9, 2, 16, 7, 8, 12, 5, 14]",1612.0,"[18, 3, 19, 6, 13, 4, 0, 17, 1, 11, 15, 10, 9, 2, 16, 7, 8, 12, 5, 14]",1612.0,0.4684014320373535
"[18, 3, 19, 6, 13, 4, 0, 17, 14, 11, 15, 10, 9, 2, 16, 7, 8, 12, 5, 1]",1592.0,"[18, 3, 19, 6, 13, 4, 0, 17, 14, 11, 15, 10, 9, 2, 16, 7, 8, 12, 5, 1]",1592.0,0.5330278873443604
"[18, 3, 19, 6, 13, 4, 0, 17, 14, 11, 15, 10, 9, 2, 16, 7, 8, 12, 5, 1]",1592.0,"[18, 3, 19, 6, 13, 4, 0, 17, 14, 11, 15, 10, 9, 2, 16, 7, 8, 12, 5, 1]",1592.0,0.5970301628112793
"[3, 18, 19, 6, 13, 4, 0, 17, 14, 11, 15, 10, 9, 2, 16, 7, 8, 12, 5, 1]",1588.0,"[3, 18, 19, 6, 13, 4, 0, 17, 14, 11, 15, 10, 9, 2, 16, 7, 8, 12, 5, 1]",1588.0,0.6580297946929932
"[3, 18, 19, 2, 13, 4, 0, 17, 14, 11, 15, 10, 9, 6, 16, 7, 8, 12, 5, 1]",1587.5,"[3, 18, 19, 2, 13, 4, 0, 17, 14, 11, 15, 10, 9, 6, 16, 7, 8, 12, 5, 1]",1587.5,0.7190310955047607
"[3, 18, 19, 2, 13, 4, 0, 17, 14, 11, 15, 10, 9, 6, 16, 7, 8, 12, 5, 1]",1587.5,"[3, 18, 19, 2, 13, 4, 0, 17, 14, 11, 15, 10, 9, 6, 16, 7, 8, 12, 5, 1]",1587.5,0.7780482769012451
"[3, 18, 7, 2, 13, 4, 0, 17, 14, 11, 15, 10, 9, 6, 16, 19, 8, 12, 5, 1]",1544.5,"[3, 18, 7, 2, 13, 4, 0, 17, 14, 11, 15, 10, 9, 6, 16, 19, 8, 12, 5, 1]",1544.5,0.8390340805053711
"[3, 18, 7, 2, 13, 4, 0, 17, 14, 11, 15, 10, 9, 6, 16, 19, 8, 5, 12, 1]",1491.5,"[3, 18, 7, 2, 13, 4, 0, 17, 14, 11, 15, 10, 9, 6, 16, 19, 8, 5, 12, 1]",1491.5,0.9000349044799805
"[3, 18, 7, 2, 13, 4, 0, 17, 14, 11, 15, 10, 9, 6, 16, 19, 8, 5, 12, 1]",1491.5,"[3, 18, 7, 2, 13, 4, 0, 17, 14, 11, 15, 10, 9, 6, 16, 19, 8, 5, 12, 1]",1491.5,0.9650444984436035
"[3, 18, 7, 2, 13, 4, 0, 17, 14, 8, 15, 10, 9, 6, 16, 19, 11, 5, 12, 1]",1460.5,"[3, 18, 7, 2, 13, 4, 0, 17, 14, 8, 15, 10, 9, 6, 16, 19, 11, 5, 12, 1]",1460.5,1.0280592441558838
"[3, 18, 7, 2, 13, 4, 0, 17, 14, 8, 15, 10, 9, 6, 16, 19, 11, 5, 12, 1]",1460.5,"[3, 18, 7, 2, 13, 4, 0, 17, 14, 8, 15, 10, 9, 6, 16, 19, 11, 5, 12, 1]",1460.5,1.0900580883026123
"[3, 18, 7, 10, 13, 4, 0, 17, 14, 8, 15, 2, 9, 6, 16, 19, 11, 5, 12, 1]",1459.5,"[3, 18, 7, 10, 13, 4, 0, 17, 14, 8, 15, 2, 9, 6, 16, 19, 11, 5, 12, 1]",1459.5,1.1570870876312256
"[3, 18, 7, 10, 13, 4, 0, 17, 14, 8, 15, 2, 9, 6, 16, 19, 11, 5, 12, 1]",1459.5,"[3, 18, 7, 10, 13, 4, 0, 17, 14, 8, 15, 2, 9, 6, 16, 19, 11, 5, 12, 1]",1459.5,1.2200627326965332
"[3, 18, 7, 10, 13, 4, 0, 17, 14, 8, 15, 2, 9, 6, 16, 19, 11, 5, 12, 1]",1459.5,"[3, 18, 7, 10, 13, 4, 0, 17, 14, 8, 15, 2, 9, 6, 16, 19, 11, 5, 12, 1]",1459.5,1.287064790725708
"[3, 18, 7, 10, 13, 4, 0, 17, 14, 8, 15, 2, 9, 6, 16, 19, 11, 5, 12, 1]",1459.5,"[3, 18, 7, 10, 13, 4, 0, 17, 14, 8, 15, 2, 9, 6, 16, 19, 11, 5, 12, 1]",1459.5,1.3500628471374512
"[3, 18, 7, 10, 13, 4, 0, 17, 14, 8, 15, 2, 9, 6, 16, 19, 11, 5, 12, 1]",1459.5,"[3, 18, 7, 10, 13, 4, 0, 17, 14, 8, 15, 2, 9, 6, 16, 19, 11, 5, 12, 1]",1459.5,1.412065029144287
"[3, 18, 7, 10, 13, 4, 0, 17, 14, 8, 15, 2, 9, 6, 16, 19, 1, 5, 12, 11]",1393.0,"[3, 18, 7, 10, 13, 4, 0, 17, 14, 8, 15, 2, 9, 6, 16, 19, 1, 5, 12, 11]",1393.0,1.4890708923339844
"[3, 18, 7, 10, 19, 4, 0, 17, 14, 8, 15, 2, 9, 6, 16, 13, 1, 5, 12, 11]",1381.0,"[3, 18, 7, 10, 19, 4, 0, 17, 14, 8, 15, 2, 9, 6, 16, 13, 1, 5, 12, 11]",1381.0,1.5620691776275635
"[3, 18, 7, 10, 19, 4, 0, 17, 14, 8, 15, 2, 9, 6, 16, 13, 1, 5, 12, 11]",1381.0,"[3, 18, 7, 10, 19, 4, 0, 17, 14, 8, 15, 2, 9, 6, 16, 13, 1, 5, 12, 11]",1381.0,1.6290674209594727
"[3, 18, 7, 10, 19, 4, 0, 17, 14, 8, 15, 2, 9, 6, 16, 13, 1, 5, 12, 11]",1381.0,"[3, 18, 7, 10, 19, 4, 0, 17, 14, 8, 15, 2, 9, 6, 16, 13, 1, 5, 12, 11]",1381.0,1.698073387145996
"[3, 18, 7, 10, 19, 4, 0, 17, 14, 8, 15, 2, 9, 6, 16, 13, 1, 5, 12, 11]",1381.0,"[3, 18, 7, 10, 19, 4, 0, 17, 14, 8, 15, 2, 9, 6, 16, 13, 1, 5, 12, 11]",1381.0,1.7590751647949219
"[3, 18, 7, 10, 19, 4, 0, 17, 14, 8, 15, 2, 9, 6, 16, 13, 1, 5, 12, 11]",1381.0,"[3, 18, 7, 10, 19, 4, 0, 17, 14, 8, 15, 2, 9, 6, 16, 13, 1, 5, 12, 11]",1381.0,1.8221771717071533
"[3, 18, 7, 10, 19, 4, 0, 17, 14, 8, 15, 2, 9, 6, 16, 13, 1, 5, 12, 11]",1381.0,"[3, 18, 7, 10, 19, 4, 0, 17, 14, 8, 15, 2, 9, 6, 16, 13, 1, 5, 12, 11]",1381.0,1.8850781917572021
"[3, 18, 7, 10, 19, 4, 0, 17, 14, 8, 15, 2, 9, 6, 16, 13, 1, 5, 12, 11]",1381.0,"[3, 18, 7, 10, 19, 4, 0, 17, 14, 8, 15, 2, 9, 6, 16, 13, 1, 5, 12, 11]",1381.0,1.9480791091918945
"[3, 18, 7, 10, 19, 4, 0, 17, 14, 8, 15, 2, 9, 6, 5, 13, 1, 16, 12, 11]",1373.0,"[3, 18, 7, 10, 19, 4, 0, 17, 14, 8, 15, 2, 9, 6, 5, 13, 1, 16, 12, 11]",1373.0,2.0130767822265625
"[3, 18, 7, 10, 8, 4, 0, 17, 14, 19, 15, 2, 9, 6, 5, 13, 1, 16, 12, 11]",1360.0,"[3, 18, 7, 10, 8, 4, 0, 17, 14, 19, 15, 2, 9, 6, 5, 13, 1, 16, 12, 11]",1360.0,2.080104351043701
"[3, 18, 7, 10, 8, 4, 0, 17, 14, 19, 15, 2, 9, 6, 5, 13, 1, 16, 12, 11]",1360.0,"[3, 18, 7, 10, 8, 4, 0, 17, 14, 19, 15, 2, 9, 6, 5, 13, 1, 16, 12, 11]",1360.0,2.144101858139038
"[3, 18, 7, 10, 8, 4, 0, 17, 14, 19, 15, 2, 9, 6, 5, 13, 1, 16, 12, 11]",1360.0,"[3, 18, 7, 10, 8, 4, 0, 17, 14, 19, 15, 2, 9, 6, 5, 13, 1, 16, 12, 11]",1360.0,2.2081151008605957
"[3, 18, 7, 10, 8, 4, 0, 17, 14, 19, 15, 2, 9, 6, 5, 13, 1, 16, 12, 11]",1360.0,"[3, 18, 7, 10, 8, 4, 0, 17, 14, 19, 15, 2, 9, 6, 5, 13, 1, 16, 12, 11]",1360.0,2.276104688644409
"[3, 18, 7, 10, 8, 4, 0, 17, 14, 19, 15, 2, 9, 6, 5, 13, 1, 16, 12, 11]",1360.0,"[3, 18, 7, 10, 8, 4, 0, 17, 14, 19, 15, 2, 9, 6, 5, 13, 1, 16, 12, 11]",1360.0,2.339108467102051
"[3, 18, 7, 10, 8, 4, 0, 17, 14, 19, 15, 2, 9, 6, 5, 13, 1, 16, 12, 11]",1360.0,"[3, 18, 7, 10, 8, 4, 0, 17, 14, 19, 15, 2, 9, 6, 5, 13, 1, 16, 12, 11]",1360.0,2.4041075706481934
"[3, 18, 7, 10, 8, 4, 0, 17, 14, 19, 15, 2, 9, 6, 5, 13, 1, 16, 12, 11]",1360.0,"[3, 18, 7, 10, 8, 4, 0, 17, 14, 19, 15, 2, 9, 6, 5, 13, 1, 16, 12, 11]",1360.0,2.470120429992676
"[3, 18, 7, 10, 8, 4, 0, 17, 14, 19, 15, 2, 9, 6, 5, 13, 1, 16, 12, 11]",1360.0,"[3, 18, 7, 10, 8, 4, 0, 17, 14, 19, 15, 2, 9, 6, 5, 13, 1, 16, 12, 11]",1360.0,2.533125400543213
"[3, 18, 7, 10, 8, 4, 0, 17, 14, 19, 15, 2, 9, 6, 5, 13, 1, 16, 12, 11]",1360.0,"[3, 18, 7, 10, 8, 4, 0, 17, 14, 19, 15, 2, 9, 6, 5, 13, 1, 16, 12, 11]",1360.0,2.5971126556396484
"[3, 18, 7, 10, 8, 4, 0, 17, 14, 19, 15, 2, 9, 6, 5, 13, 1, 16, 12, 11]",1360.0,"[3, 18, 7, 10, 8, 4, 0, 17, 14, 19, 15, 2, 9, 6, 5, 13, 1, 16, 12, 11]",1360.0,2.661116600036621
"[3, 18, 7, 10, 8, 4, 0, 17, 14, 19, 15, 2, 9, 6, 5, 13, 1, 16, 12, 11]",1360.0,"[3, 18, 7, 10, 8, 4, 0, 17, 14, 19, 15, 2, 9, 6, 5, 13, 1, 16, 12, 11]",1360.0,2.7251133918762207
"[3, 18, 7, 10, 8, 4, 13, 17, 14, 19, 15, 2, 9, 6, 5, 0, 1, 16, 12, 11]",1359.0,"[3, 18, 7, 10, 8, 4, 13, 17, 14, 19, 15, 2, 9, 6, 5, 0, 1, 16, 12, 11]",1359.0,2.7851455211639404
"[3, 18, 7, 10, 8, 4, 13, 17, 14, 19, 15, 2, 9, 6, 5, 0, 1, 16, 12, 11]",1359.0,"[3, 18, 7, 10, 8, 4, 13, 17, 14, 19, 15, 2, 9, 6, 5, 0, 1, 16, 12, 11]",1359.0,2.8561184406280518
"[3, 18, 7, 10, 8, 4, 13, 17, 14, 19, 15, 2, 9, 6, 5, 0, 1, 16, 12, 11]",1359.0,"[3, 18, 7, 10, 8, 4, 13, 17, 14, 19, 15, 2, 9, 6, 5, 0, 1, 16, 12, 11]",1359.0,2.919121742248535
"[3, 18, 7, 10, 8, 4, 13, 17, 14, 19, 5, 2, 9, 6, 15, 0, 1, 16, 12, 11]",1336.0,"[3, 18, 7, 10, 8, 4, 13, 17, 14, 19, 5, 2, 9, 6, 15, 0, 1, 16, 12, 11]",1336.0,2.985121011734009
"[3, 18, 7, 10, 8, 4, 13, 17, 14, 19, 5, 2, 9, 6, 15, 0, 1, 16, 12, 11]",1336.0,"[3, 18, 7, 10, 8, 4, 13, 17, 14, 19, 5, 2, 9, 6, 15, 0, 1, 16, 12, 11]",1336.0,3.0511555671691895
"[3, 18, 7, 10, 8, 4, 13, 17, 14, 19, 5, 2, 9, 6, 15, 0, 1, 16, 12, 11]",1336.0,"[3, 18, 7, 10, 8, 4, 13, 17, 14, 19, 5, 2, 9, 6, 15, 0, 1, 16, 12, 11]",1336.0,3.11812424659729
"[3, 18, 7, 10, 8, 4, 13, 17, 14, 19, 5, 2, 9, 6, 15, 0, 1, 16, 12, 11]",1336.0,"[3, 18, 7, 10, 8, 4, 13, 17, 14, 19, 5, 2, 9, 6, 15, 0, 1, 16, 12, 11]",1336.0,3.1891231536865234
"[3, 18, 7, 10, 8, 4, 13, 17, 14, 19, 5, 2, 9, 6, 15, 0, 1, 16, 12, 11]",1336.0,"[3, 18, 7, 10, 8, 4, 13, 17, 14, 19, 5, 2, 9, 6, 15, 0, 1, 16, 12, 11]",1336.0,3.2531332969665527
"[3, 18, 7, 10, 8, 4, 13, 17, 14, 19, 5, 2, 9, 6, 15, 0, 1, 16, 12, 11]",1336.0,"[3, 18, 7, 10, 8, 4, 13, 17, 14, 19, 5, 2, 9, 6, 15, 0, 1, 16, 12, 11]",1336.0,3.3161253929138184
"[3, 18, 7, 10, 8, 4, 13, 17, 14, 19, 5, 2, 9, 6, 15, 0, 1, 16, 12, 11]",1336.0,"[3, 18, 7, 10, 8, 4, 13, 17, 14, 19, 5, 2, 9, 6, 15, 0, 1, 16, 12, 11]",1336.0,3.3781392574310303
"[3, 18, 7, 10, 8, 4, 13, 17, 14, 19, 5, 2, 9, 6, 15, 0, 1, 16, 12, 11]",1336.0,"[3, 18, 7, 10, 8, 4, 13, 17, 14, 19, 5, 2, 9, 6, 15, 0, 1, 16, 12, 11]",1336.0,3.442131757736206
"[3, 18, 7, 10, 8, 4, 13, 17, 14, 19, 5, 2, 9, 6, 15, 0, 1, 16, 12, 11]",1336.0,"[3, 18, 7, 10, 8, 4, 13, 17, 14, 19, 5, 2, 9, 6, 15, 0, 1, 16, 12, 11]",1336.0,3.504129648208618
"[3, 18, 7, 10, 8, 4, 13, 17, 14, 19, 5, 2, 9, 6, 15, 0, 1, 16, 12, 11]",1336.0,"[3, 18, 7, 10, 8, 4, 13, 17, 14, 19, 5, 2, 9, 6, 15, 0, 1, 16, 12, 11]",1336.0,3.5671310424804688
"[3, 18, 7, 10, 8, 4, 13, 17, 14, 19, 5, 2, 9, 6, 15, 0, 1, 16, 12, 11]",1336.0,"[3, 18, 7, 10, 8, 4, 13, 17, 14, 19, 5, 2, 9, 6, 15, 0, 1, 16, 12, 11]",1336.0,3.6321351528167725
"[11, 18, 7, 10, 8, 4, 13, 17, 14, 19, 5, 2, 9, 6, 15, 0, 1, 16, 12, 3]",1314.0,"[11, 18, 7, 10, 8, 4, 13, 17, 14, 19, 5, 2, 9, 6, 15, 0, 1, 16, 12, 3]",1314.0,3.6941511631011963
"[11, 18, 7, 10, 8, 4, 13, 17, 14, 19, 5, 2, 9, 6, 15, 0, 1, 16, 12, 3]",1314.0,"[11, 18, 7, 10, 8, 4, 13, 17, 14, 19, 5, 2, 9, 6, 15, 0, 1, 16, 12, 3]",1314.0,3.7591660022735596
"[11, 18, 7, 10, 8, 4, 13, 17, 14, 19, 5, 2, 9, 6, 15, 0, 1, 16, 12, 3]",1314.0,"[11, 18, 7, 10, 8, 4, 13, 17, 14, 19, 5, 2, 9, 6, 15, 0, 1, 16, 12, 3]",1314.0,3.8251614570617676
"[11, 18, 7, 10, 8, 4, 13, 17, 14, 19, 5, 2, 9, 6, 15, 0, 1, 16, 12, 3]",1314.0,"[11, 18, 7, 10, 8, 4, 13, 17, 14, 19, 5, 2, 9, 6, 15, 0, 1, 16, 12, 3]",1314.0,3.8901383876800537
"[11, 18, 7, 10, 8, 4, 13, 17, 14, 19, 5, 2, 9, 6, 15, 0, 1, 16, 12, 3]",1314.0,"[11, 18, 7, 10, 8, 4, 13, 17, 14, 19, 5, 2, 9, 6, 15, 0, 1, 16, 12, 3]",1314.0,3.9601423740386963
"[11, 18, 7, 10, 8, 4, 13, 17, 14, 19, 5, 2, 9, 6, 15, 0, 1, 16, 12, 3]",1314.0,"[11, 18, 7, 10, 8, 4, 13, 17, 14, 19, 5, 2, 9, 6, 15, 0, 1, 16, 12, 3]",1314.0,4.027143955230713
"[11, 18, 7, 10, 8, 4, 13, 17, 14, 19, 5, 2, 9, 6, 15, 0, 1, 16, 12, 3]",1314.0,"[11, 18, 7, 10, 8, 4, 13, 17, 14, 19, 5, 2, 9, 6, 15, 0, 1, 16, 12, 3]",1314.0,4.09214186668396
"[11, 18, 7, 10, 8, 4, 13, 17, 14, 19, 5, 2, 9, 6, 15, 0, 1, 16, 12, 3]",1314.0,"[11, 18, 7, 10, 8, 4, 13, 17, 14, 19, 5, 2, 9, 6, 15, 0, 1, 16, 12, 3]",1314.0,4.157143592834473
"[11, 18, 7, 10, 8, 4, 13, 17, 14, 19, 5, 2, 9, 6, 15, 0, 1, 16, 12, 3]",1314.0,"[11, 18, 7, 10, 8, 4, 13, 17, 14, 19, 5, 2, 9, 6, 15, 0, 1, 16, 12, 3]",1314.0,4.225147485733032
"[11, 18, 7, 10, 8, 4, 13, 17, 14, 19, 5, 2, 9, 6, 15, 0, 1, 16, 12, 3]",1314.0,"[11, 18, 7, 10, 8, 4, 13, 17, 14, 19, 5, 2, 9, 6, 15, 0, 1, 16, 12, 3]",1314.0,4.292154312133789
"[11, 18, 7, 10, 8, 4, 13, 17, 14, 19, 5, 2, 9, 6, 15, 0, 1, 16, 12, 3]",1314.0,"[11, 18, 7, 10, 8, 4, 13, 17, 14, 19, 5, 2, 9, 6, 15, 0, 1, 16, 12, 3]",1314.0,4.361149787902832
"[11, 18, 7, 10, 8, 4, 13, 17, 14, 19, 5, 2, 9, 6, 15, 0, 1, 16, 12, 3]",1314.0,"[11, 18, 7, 10, 8, 4, 13, 17, 14, 19, 5, 2, 9, 6, 15, 0, 1, 16, 12, 3]",1314.0,4.4291534423828125
"[11, 18, 7, 10, 8, 4, 13, 17, 14, 19, 5, 2, 9, 6, 15, 0, 1, 16, 12, 3]",1314.0,"[11, 18, 7, 10, 8, 4, 13, 17, 14, 19, 5, 2, 9, 6, 15, 0, 1, 16, 12, 3]",1314.0,4.496154069900513
"[11, 18, 7, 10, 8, 4, 13, 17, 14, 19, 5, 2, 9, 6, 15, 0, 1, 16, 12, 3]",1314.0,"[11, 18, 7, 10, 8, 4, 13, 17, 14, 19, 5, 2, 9, 6, 15, 0, 1, 16, 12, 3]",1314.0,4.564162731170654
"[11, 18, 7, 10, 8, 4, 13, 17, 14, 19, 5, 2, 9, 6, 15, 0, 1, 16, 12, 3]",1314.0,"[11, 18, 7, 10, 8, 4, 13, 17, 14, 19, 5, 2, 9, 6, 15, 0, 1, 16, 12, 3]",1314.0,4.632173538208008
"[11, 18, 7, 10, 8, 4, 13, 17, 14, 19, 5, 2, 9, 6, 15, 0, 1, 16, 12, 3]",1314.0,"[11, 18, 7, 10, 8, 4, 13, 17, 14, 19, 5, 2, 9, 6, 15, 0, 1, 16, 12, 3]",1314.0,4.701157569885254
"[11, 18, 7, 10, 8, 4, 13, 17, 14, 19, 5, 2, 9, 6, 15, 0, 1, 16, 12, 3]",1314.0,"[11, 18, 7, 10, 8, 4, 13, 17, 14, 19, 5, 2, 9, 6, 15, 0, 1, 16, 12, 3]",1314.0,4.76715874671936
"[11, 18, 7, 10, 8, 4, 13, 17, 14, 19, 5, 2, 9, 6, 15, 0, 1, 16, 12, 3]",1314.0,"[11, 18, 7, 10, 8, 4, 13, 17, 14, 19, 5, 2, 9, 6, 15, 0, 1, 16, 12, 3]",1314.0,4.8394935131073
"[11, 18, 7, 10, 8, 4, 13, 17, 14, 19, 5, 2, 9, 6, 15, 0, 1, 16, 12, 3]",1314.0,"[11, 18, 7, 10, 8, 4, 13, 17, 14, 19, 5, 2, 9, 6, 15, 0, 1, 16, 12, 3]",1314.0,4.915161609649658
"[11, 18, 7, 10, 8, 4, 13, 17, 14, 19, 5, 2, 9, 6, 15, 0, 1, 16, 12, 3]",1314.0,"[11, 18, 7, 10, 8, 4, 13, 17, 14, 19, 5, 2, 9, 6, 15, 0, 1, 16, 12, 3]",1314.0,4.984159231185913
"[11, 18, 7, 10, 8, 4, 13, 17, 14, 19, 5, 2, 9, 6, 15, 0, 1, 16, 12, 3]",1314.0,"[11, 18, 7, 10, 8, 4, 13, 17, 14, 19, 5, 2, 9, 6, 15, 0, 1, 16, 12, 3]",1314.0,5.048168182373047
"[11, 18, 7, 10, 8, 4, 13, 17, 14, 19, 5, 2, 9, 6, 15, 0, 1, 16, 12, 3]",1314.0,"[11, 18, 7, 10, 8, 4, 13, 17, 14, 19, 5, 2, 9, 6, 15, 0, 1, 16, 12, 3]",1314.0,5.1131675243377686
"[11, 18, 7, 10, 8, 4, 13, 17, 14, 19, 5, 2, 9, 6, 15, 0, 1, 16, 12, 3]",1314.0,"[11, 18, 7, 10, 8, 4, 13, 17, 14, 19, 5, 2, 9, 6, 15, 0, 1, 16, 12, 3]",1314.0,5.179172992706299
"[11, 18, 7, 10, 8, 4, 13, 17, 14, 19, 5, 2, 9, 6, 15, 0, 1, 16, 12, 3]",1314.0,"[11, 18, 7, 10, 8, 4, 13, 17, 14, 19, 5, 2, 9, 6, 15, 0, 1, 16, 12, 3]",1314.0,5.245165824890137
"[11, 18, 7, 10, 8, 4, 13, 17, 14, 19, 5, 2, 9, 6, 15, 0, 1, 16, 12, 3]",1314.0,"[11, 18, 7, 10, 8, 4, 13, 17, 14, 19, 5, 2, 9, 6, 15, 0, 1, 16, 12, 3]",1314.0,5.311171293258667
"[11, 18, 7, 10, 8, 4, 13, 17, 14, 19, 5, 2, 9, 6, 15, 0, 1, 16, 12, 3]",1314.0,"[11, 18, 7, 10, 8, 4, 13, 17, 14, 19, 5, 2, 9, 6, 15, 0, 1, 16, 12, 3]",1314.0,5.377171277999878
"[11, 18, 7, 10, 8, 4, 13, 17, 14, 19, 5, 2, 9, 6, 15, 0, 1, 16, 12, 3]",1314.0,"[11, 18, 7, 10, 8, 4, 13, 17, 14, 19, 5, 2, 9, 6, 15, 0, 1, 16, 12, 3]",1314.0,5.441171646118164
"[11, 18, 7, 10, 8, 4, 13, 17, 9, 19, 5, 2, 14, 6, 15, 0, 1, 16, 12, 3]",1305.0,"[11, 18, 7, 10, 8, 4, 13, 17, 9, 19, 5, 2, 14, 6, 15, 0, 1, 16, 12, 3]",1305.0,5.507171154022217
"[11, 18, 7, 10, 8, 4, 13, 17, 9, 19, 5, 2, 14, 6, 15, 0, 1, 16, 12, 3]",1305.0,"[11, 18, 7, 10, 8, 4, 13, 17, 9, 19, 5, 2, 14, 6, 15, 0, 1, 16, 12, 3]",1305.0,5.579174518585205
"[11, 18, 7, 10, 8, 4, 13, 17, 9, 19, 5, 2, 14, 6, 15, 0, 1, 16, 12, 3]",1305.0,"[11, 18, 7, 10, 8, 4, 13, 17, 9, 19, 5, 2, 14, 6, 15, 0, 1, 16, 12, 3]",1305.0,5.643195152282715
"[11, 18, 7, 10, 8, 4, 13, 17, 9, 19, 5, 2, 14, 6, 15, 0, 1, 16, 12, 3]",1305.0,"[11, 18, 7, 10, 8, 4, 13, 17, 9, 19, 5, 2, 14, 6, 15, 0, 1, 16, 12, 3]",1305.0,5.707175254821777
"[11, 18, 7, 10, 8, 4, 13, 17, 9, 19, 5, 2, 14, 6, 15, 0, 1, 16, 12, 3]",1305.0,"[11, 18, 7, 10, 8, 4, 13, 17, 9, 19, 5, 2, 14, 6, 15, 0, 1, 16, 12, 3]",1305.0,5.772192478179932
"[11, 18, 7, 10, 8, 4, 13, 17, 9, 19, 5, 2, 14, 6, 15, 0, 1, 16, 12, 3]",1305.0,"[11, 18, 7, 10, 8, 4, 13, 17, 9, 19, 5, 2, 14, 6, 15, 0, 1, 16, 12, 3]",1305.0,5.838183403015137
"[11, 18, 7, 10, 8, 4, 13, 17, 9, 19, 5, 2, 14, 6, 15, 0, 1, 16, 12, 3]",1305.0,"[11, 18, 7, 10, 8, 4, 13, 17, 9, 19, 5, 2, 14, 6, 15, 0, 1, 16, 12, 3]",1305.0,5.9071807861328125
"[11, 18, 7, 10, 8, 4, 13, 17, 9, 19, 5, 2, 14, 6, 15, 0, 1, 16, 12, 3]",1305.0,"[11, 18, 7, 10, 8, 4, 13, 17, 9, 19, 5, 2, 14, 6, 15, 0, 1, 16, 12, 3]",1305.0,5.971182823181152
"[11, 18, 7, 10, 8, 4, 13, 17, 9, 19, 5, 2, 14, 6, 15, 0, 1, 16, 12, 3]",1305.0,"[11, 18, 7, 10, 8, 4, 13, 17, 9, 19, 5, 2, 14, 6, 15, 0, 1, 16, 12, 3]",1305.0,6.066187381744385
"[11, 18, 7, 10, 8, 4, 13, 17, 9, 19, 5, 2, 14, 6, 15, 0, 1, 16, 12, 3]",1305.0,"[11, 18, 7, 10, 8, 4, 13, 17, 9, 19, 5, 2, 14, 6, 15, 0, 1, 16, 12, 3]",1305.0,6.130185127258301
"[11, 18, 7, 10, 8, 4, 13, 17, 9, 19, 5, 2, 14, 6, 15, 0, 1, 16, 12, 3]",1305.0,"[11, 18, 7, 10, 8, 4, 13, 17, 9, 19, 5, 2, 14, 6, 15, 0, 1, 16, 12, 3]",1305.0,6.196187734603882
"[11, 18, 7, 10, 8, 4, 13, 17, 9, 19, 5, 2, 14, 6, 15, 0, 1, 16, 12, 3]",1305.0,"[11, 18, 7, 10, 8, 4, 13, 17, 9, 19, 5, 2, 14, 6, 15, 0, 1, 16, 12, 3]",1305.0,6.261186599731445
"[11, 18, 7, 10, 8, 4, 13, 17, 9, 19, 5, 2, 14, 6, 15, 0, 1, 16, 12, 3]",1305.0,"[11, 18, 7, 10, 8, 4, 13, 17, 9, 19, 5, 2, 14, 6, 15, 0, 1, 16, 12, 3]",1305.0,6.322193145751953
"[11, 18, 7, 10, 8, 4, 13, 17, 9, 19, 5, 2, 14, 6, 15, 0, 1, 16, 12, 3]",1305.0,"[11, 18, 7, 10, 8, 4, 13, 17, 9, 19, 5, 2, 14, 6, 15, 0, 1, 16, 12, 3]",1305.0,6.388190746307373
"[11, 18, 7, 10, 8, 4, 13, 17, 9, 19, 5, 2, 14, 6, 15, 0, 1, 16, 12, 3]",1305.0,"[11, 18, 7, 10, 8, 4, 13, 17, 9, 19, 5, 2, 14, 6, 15, 0, 1, 16, 12, 3]",1305.0,6.4531896114349365
"[11, 18, 7, 10, 8, 4, 13, 17, 9, 19, 5, 2, 14, 6, 15, 0, 1, 16, 12, 3]",1305.0,"[11, 18, 7, 10, 8, 4, 13, 17, 9, 19, 5, 2, 14, 6, 15, 0, 1, 16, 12, 3]",1305.0,6.51719331741333
"[11, 18, 7, 10, 8, 4, 13, 17, 9, 19, 5, 2, 14, 6, 15, 0, 1, 16, 12, 3]",1305.0,"[11, 18, 7, 10, 8, 4, 13, 17, 9, 19, 5, 2, 14, 6, 15, 0, 1, 16, 12, 3]",1305.0,6.5811927318573
"[11, 18, 7, 10, 8, 4, 13, 17, 9, 19, 5, 2, 14, 6, 15, 0, 1, 16, 12, 3]",1305.0,"[11, 18, 7, 10, 8, 4, 13, 17, 9, 19, 5, 2, 14, 6, 15, 0, 1, 16, 12, 3]",1305.0,6.645198583602905
"[11, 18, 7, 10, 8, 4, 13, 17, 9, 19, 5, 2, 14, 6, 15, 0, 1, 16, 12, 3]",1305.0,"[11, 18, 7, 10, 8, 4, 13, 17, 9, 19, 5, 2, 14, 6, 15, 0, 1, 16, 12, 3]",1305.0,6.712199449539185
"[11, 18, 7, 10, 8, 4, 13, 17, 9, 19, 5, 2, 14, 6, 15, 0, 1, 16, 12, 3]",1305.0,"[11, 18, 7, 10, 8, 4, 13, 17, 9, 19, 5, 2, 14, 6, 15, 0, 1, 16, 12, 3]",1305.0,6.776252746582031
"[11, 18, 7, 10, 8, 4, 13, 17, 9, 19, 5, 2, 14, 6, 15, 0, 1, 16, 12, 3]",1305.0,"[11, 18, 7, 10, 8, 4, 13, 17, 9, 19, 5, 2, 14, 6, 15, 0, 1, 16, 12, 3]",1305.0,6.8421995639801025
"[11, 18, 7, 10, 8, 4, 13, 17, 9, 19, 5, 2, 14, 6, 15, 0, 1, 16, 12, 3]",1305.0,"[11, 18, 7, 10, 8, 4, 13, 17, 9, 19, 5, 2, 14, 6, 15, 0, 1, 16, 12, 3]",1305.0,6.90720796585083
"[11, 18, 7, 10, 8, 4, 13, 17, 9, 19, 5, 2, 14, 6, 15, 0, 1, 16, 12, 3]",1305.0,"[11, 18, 7, 10, 8, 4, 13, 17, 9, 19, 5, 2, 14, 6, 15, 0, 1, 16, 12, 3]",1305.0,6.972200870513916
"[11, 18, 7, 10, 8, 4, 13, 17, 9, 19, 5, 2, 14, 6, 15, 0, 1, 16, 12, 3]",1305.0,"[11, 18, 7, 10, 8, 4, 13, 17, 9, 19, 5, 2, 14, 6, 15, 0, 1, 16, 12, 3]",1305.0,7.041202068328857
"[11, 18, 7, 10, 8, 4, 13, 17, 9, 19, 5, 2, 14, 6, 15, 0, 1, 16, 12, 3]",1305.0,"[11, 18, 7, 10, 8, 4, 13, 17, 9, 19, 5, 2, 14, 6, 15, 0, 1, 16, 12, 3]",1305.0,7.104203224182129
"[11, 18, 7, 10, 8, 4, 13, 17, 9, 19, 5, 2, 14, 6, 15, 0, 1, 16, 12, 3]",1305.0,"[11, 18, 7, 10, 8, 4, 13, 17, 9, 19, 5, 2, 14, 6, 15, 0, 1, 16, 12, 3]",1305.0,7.168215036392212
"[11, 18, 7, 10, 8, 4, 13, 17, 9, 19, 5, 2, 14, 6, 15, 0, 1, 16, 12, 3]",1305.0,"[11, 18, 7, 10, 8, 4, 13, 17, 9, 19, 5, 2, 14, 6, 15, 0, 1, 16, 12, 3]",1305.0,7.236210107803345
"[11, 18, 7, 10, 8, 4, 13, 17, 9, 19, 5, 2, 14, 6, 15, 0, 1, 16, 12, 3]",1305.0,"[11, 18, 7, 10, 8, 4, 13, 17, 9, 19, 5, 2, 14, 6, 15, 0, 1, 16, 12, 3]",1305.0,7.302210807800293
"[11, 18, 7, 10, 8, 4, 13, 17, 9, 19, 5, 2, 14, 6, 15, 0, 1, 16, 12, 3]",1305.0,"[11, 18, 7, 10, 8, 4, 13, 17, 9, 19, 5, 2, 14, 6, 15, 0, 1, 16, 12, 3]",1305.0,7.366212606430054
"[11, 18, 7, 10, 8, 4, 13, 17, 9, 19, 5, 2, 14, 6, 15, 0, 1, 16, 12, 3]",1305.0,"[11, 18, 7, 10, 8, 4, 13, 17, 9, 19, 5, 2, 14, 6, 15, 0, 1, 16, 12, 3]",1305.0,7.435211181640625
"[11, 18, 7, 10, 8, 4, 13, 17, 9, 19, 5, 2, 14, 6, 15, 0, 1, 16, 12, 3]",1305.0,"[11, 18, 7, 10, 8, 4, 13, 17, 9, 19, 5, 2, 14, 6, 15, 0, 1, 16, 12, 3]",1305.0,7.50121545791626
"[11, 18, 7, 10, 8, 4, 13, 17, 9, 19, 5, 2, 14, 6, 15, 0, 1, 16, 12, 3]",1305.0,"[11, 18, 7, 10, 8, 4, 13, 17, 9, 19, 5, 2, 14, 6, 15, 0, 1, 16, 12, 3]",1305.0,7.565226078033447
"[11, 18, 7, 10, 8, 4, 13, 17, 9, 19, 5, 2, 14, 6, 15, 0, 1, 16, 12, 3]",1305.0,"[11, 18, 7, 10, 8, 4, 13, 17, 9, 19, 5, 2, 14, 6, 15, 0, 1, 16, 12, 3]",1305.0,7.632218599319458
"[11, 18, 7, 10, 8, 4, 13, 17, 9, 19, 5, 2, 14, 6, 15, 0, 1, 16, 12, 3]",1305.0,"[11, 18, 7, 10, 8, 4, 13, 17, 9, 19, 5, 2, 14, 6, 15, 0, 1, 16, 12, 3]",1305.0,7.6992175579071045
"[11, 18, 7, 10, 8, 4, 13, 17, 9, 19, 5, 2, 14, 6, 15, 0, 1, 16, 12, 3]",1305.0,"[11, 18, 7, 10, 8, 4, 13, 17, 9, 19, 5, 2, 14, 6, 15, 0, 1, 16, 12, 3]",1305.0,7.7682201862335205
"[11, 18, 7, 10, 8, 4, 13, 17, 9, 19, 5, 2, 14, 6, 15, 0, 1, 16, 12, 3]",1305.0,"[11, 18, 7, 10, 8, 4, 13, 17, 9, 19, 5, 2, 14, 6, 15, 0, 1, 16, 12, 3]",1305.0,7.834228277206421
"[11, 18, 7, 10, 8, 4, 13, 17, 9, 19, 5, 2, 14, 6, 15, 0, 1, 16, 12, 3]",1305.0,"[11, 18, 7, 10, 8, 4, 13, 17, 9, 19, 5, 2, 14, 6, 15, 0, 1, 16, 12, 3]",1305.0,7.902223348617554
"[11, 18, 7, 10, 8, 4, 13, 17, 9, 19, 5, 2, 14, 6, 15, 0, 1, 16, 12, 3]",1305.0,"[11, 18, 7, 10, 8, 4, 13, 17, 9, 19, 5, 2, 14, 6, 15, 0, 1, 16, 12, 3]",1305.0,7.970227241516113
"[11, 18, 7, 10, 8, 4, 13, 17, 9, 19, 5, 2, 14, 6, 15, 0, 1, 16, 12, 3]",1305.0,"[11, 18, 7, 10, 8, 4, 13, 17, 9, 19, 5, 2, 14, 6, 15, 0, 1, 16, 12, 3]",1305.0,8.039225101470947
"[11, 18, 7, 10, 8, 4, 13, 17, 9, 19, 5, 2, 14, 6, 15, 0, 1, 16, 12, 3]",1305.0,"[11, 18, 7, 10, 8, 4, 13, 17, 9, 19, 5, 2, 14, 6, 15, 0, 1, 16, 12, 3]",1305.0,8.102223873138428
"[11, 18, 7, 10, 8, 4, 13, 17, 9, 19, 5, 2, 14, 6, 15, 0, 1, 16, 12, 3]",1305.0,"[11, 18, 7, 10, 8, 4, 13, 17, 9, 19, 5, 2, 14, 6, 15, 0, 1, 16, 12, 3]",1305.0,8.164224624633789
"[11, 18, 7, 10, 8, 4, 13, 17, 9, 19, 5, 2, 14, 6, 15, 0, 1, 16, 12, 3]",1305.0,"[11, 18, 7, 10, 8, 4, 13, 17, 9, 19, 5, 2, 14, 6, 15, 0, 1, 16, 12, 3]",1305.0,8.22922968864441
"[11, 18, 7, 10, 8, 4, 13, 17, 9, 19, 5, 2, 14, 6, 15, 0, 1, 16, 12, 3]",1305.0,"[11, 18, 7, 10, 8, 4, 13, 17, 9, 19, 5, 2, 14, 6, 15, 0, 1, 16, 12, 3]",1305.0,8.301233530044556
"[11, 18, 7, 10, 8, 4, 13, 17, 9, 19, 5, 2, 14, 6, 15, 0, 1, 16, 12, 3]",1305.0,"[11, 18, 7, 10, 8, 4, 13, 17, 9, 19, 5, 2, 14, 6, 15, 0, 1, 16, 12, 3]",1305.0,8.37123441696167
"[11, 18, 7, 10, 8, 4, 13, 17, 9, 19, 5, 2, 14, 6, 15, 0, 1, 16, 12, 3]",1305.0,"[11, 18, 7, 10, 8, 4, 13, 17, 9, 19, 5, 2, 14, 6, 15, 0, 1, 16, 12, 3]",1305.0,8.442245483398438
"[11, 18, 7, 10, 8, 4, 13, 17, 9, 19, 5, 2, 14, 6, 15, 0, 1, 16, 12, 3]",1305.0,"[11, 18, 7, 10, 8, 4, 13, 17, 9, 19, 5, 2, 14, 6, 15, 0, 1, 16, 12, 3]",1305.0,8.512237071990967
"[11, 18, 7, 10, 8, 4, 13, 17, 9, 19, 5, 2, 14, 6, 15, 0, 1, 16, 12, 3]",1305.0,"[11, 18, 7, 10, 8, 4, 13, 17, 9, 19, 5, 2, 14, 6, 15, 0, 1, 16, 12, 3]",1305.0,8.587236642837524
"[11, 18, 7, 10, 8, 4, 13, 17, 9, 19, 5, 2, 14, 6, 15, 0, 1, 16, 12, 3]",1305.0,"[11, 18, 7, 10, 8, 4, 13, 17, 9, 19, 5, 2, 14, 6, 15, 0, 1, 16, 12, 3]",1305.0,8.652242422103882
"[11, 18, 7, 10, 8, 4, 13, 17, 9, 19, 5, 2, 14, 6, 15, 0, 1, 16, 12, 3]",1305.0,"[11, 18, 7, 10, 8, 4, 13, 17, 9, 19, 5, 2, 14, 6, 15, 0, 1, 16, 12, 3]",1305.0,8.723236322402954
"[11, 18, 7, 10, 8, 4, 13, 17, 9, 19, 5, 2, 14, 6, 15, 0, 1, 16, 12, 3]",1305.0,"[11, 18, 7, 10, 8, 4, 13, 17, 9, 19, 5, 2, 14, 6, 15, 0, 1, 16, 12, 3]",1305.0,8.795240640640259
"[11, 18, 7, 10, 8, 4, 13, 17, 9, 19, 5, 2, 14, 6, 15, 0, 1, 16, 12, 3]",1305.0,"[11, 18, 7, 10, 8, 4, 13, 17, 9, 19, 5, 2, 14, 6, 15, 0, 1, 16, 12, 3]",1305.0,8.880574464797974
"[11, 18, 7, 10, 8, 4, 13, 17, 9, 19, 5, 2, 14, 6, 15, 0, 1, 16, 12, 3]",1305.0,"[11, 18, 7, 10, 8, 4, 13, 17, 9, 19, 5, 2, 14, 6, 15, 0, 1, 16, 12, 3]",1305.0,8.956240177154541
"[11, 18, 7, 10, 8, 4, 13, 17, 9, 19, 5, 2, 14, 6, 15, 0, 1, 16, 12, 3]",1305.0,"[11, 18, 7, 10, 8, 4, 13, 17, 9, 19, 5, 2, 14, 6, 15, 0, 1, 16, 12, 3]",1305.0,9.023247241973877
"[11, 18, 7, 10, 8, 4, 13, 17, 9, 19, 5, 2, 14, 6, 15, 0, 1, 16, 12, 3]",1305.0,"[11, 18, 7, 10, 8, 4, 13, 17, 9, 19, 5, 2, 14, 6, 15, 0, 1, 16, 12, 3]",1305.0,9.095252275466919
"[11, 18, 7, 10, 8, 4, 13, 17, 9, 19, 5, 2, 14, 6, 15, 0, 1, 16, 12, 3]",1305.0,"[11, 18, 7, 10, 8, 4, 13, 17, 9, 19, 5, 2, 14, 6, 15, 0, 1, 16, 12, 3]",1305.0,9.160245180130005
"[11, 18, 7, 10, 8, 4, 13, 17, 9, 19, 5, 2, 14, 6, 15, 0, 1, 16, 12, 3]",1305.0,"[11, 18, 7, 10, 8, 4, 13, 17, 9, 19, 5, 2, 14, 6, 15, 0, 1, 16, 12, 3]",1305.0,9.224249839782715
"[11, 18, 7, 10, 8, 4, 13, 17, 9, 19, 5, 2, 14, 6, 15, 0, 1, 16, 12, 3]",1305.0,"[11, 18, 7, 10, 8, 4, 13, 17, 9, 19, 5, 2, 14, 6, 15, 0, 1, 16, 12, 3]",1305.0,9.288254261016846
"[11, 18, 7, 10, 8, 4, 13, 17, 9, 19, 5, 2, 14, 6, 15, 0, 1, 16, 12, 3]",1305.0,"[11, 18, 7, 10, 8, 4, 13, 17, 9, 19, 5, 2, 14, 6, 15, 0, 1, 16, 12, 3]",1305.0,9.352251052856445
"[11, 18, 7, 10, 8, 4, 13, 17, 9, 19, 5, 2, 14, 6, 15, 0, 1, 16, 12, 3]",1305.0,"[11, 18, 7, 10, 8, 4, 13, 17, 9, 19, 5, 2, 14, 6, 15, 0, 1, 16, 12, 3]",1305.0,9.415253400802612
"[11, 18, 7, 10, 8, 4, 13, 17, 9, 19, 5, 2, 14, 6, 15, 0, 1, 16, 12, 3]",1305.0,"[11, 18, 7, 10, 8, 4, 13, 17, 9, 19, 5, 2, 14, 6, 15, 0, 1, 16, 12, 3]",1305.0,9.48025393486023
"[11, 18, 7, 10, 8, 4, 13, 17, 9, 19, 5, 2, 14, 6, 15, 0, 1, 16, 12, 3]",1305.0,"[11, 18, 7, 10, 8, 4, 13, 17, 9, 19, 5, 2, 14, 6, 15, 0, 1, 16, 12, 3]",1305.0,9.543253183364868
"[11, 18, 7, 10, 8, 4, 13, 17, 9, 19, 5, 2, 14, 6, 15, 0, 1, 16, 12, 3]",1305.0,"[11, 18, 7, 10, 8, 4, 13, 17, 9, 19, 5, 2, 14, 6, 15, 0, 1, 16, 12, 3]",1305.0,9.60926079750061
"[11, 18, 7, 10, 8, 4, 13, 17, 9, 19, 5, 2, 14, 6, 15, 0, 1, 16, 12, 3]",1305.0,"[11, 18, 7, 10, 8, 4, 13, 17, 9, 19, 5, 2, 14, 6, 15, 0, 1, 16, 12, 3]",1305.0,9.682258605957031
"[11, 18, 7, 10, 8, 4, 13, 17, 9, 19, 5, 2, 14, 6, 15, 0, 1, 16, 12, 3]",1305.0,"[11, 18, 7, 10, 8, 4, 13, 17, 9, 19, 5, 2, 14, 6, 15, 0, 1, 16, 12, 3]",1305.0,9.752259969711304
"[11, 18, 7, 10, 8, 4, 13, 17, 9, 19, 5, 2, 14, 6, 15, 0, 1, 16, 12, 3]",1305.0,"[11, 18, 7, 10, 8, 4, 13, 17, 9, 19, 5, 2, 14, 6, 15, 0, 1, 16, 12, 3]",1305.0,9.822263479232788
"[11, 18, 7, 10, 8, 4, 13, 17, 9, 19, 5, 2, 14, 6, 15, 0, 1, 16, 12, 3]",1305.0,"[11, 18, 7, 10, 8, 4, 13, 17, 9, 19, 5, 2, 14, 6, 15, 0, 1, 16, 12, 3]",1305.0,9.889264106750488
"[11, 18, 7, 10, 8, 4, 13, 17, 9, 19, 5, 2, 14, 6, 15, 0, 1, 16, 12, 3]",1305.0,"[11, 18, 7, 10, 8, 4, 13, 17, 9, 19, 5, 2, 14, 6, 15, 0, 1, 16, 12, 3]",1305.0,9.957259893417358
"[11, 18, 7, 10, 8, 4, 13, 17, 9, 19, 5, 2, 14, 6, 15, 0, 1, 16, 12, 3]",1305.0,"[11, 18, 7, 10, 8, 4, 13, 17, 9, 19, 5, 2, 14, 6, 15, 0, 1, 16, 12, 3]",1305.0,10.020268678665161
"[11, 18, 7, 10, 8, 4, 13, 17, 9, 19, 5, 2, 14, 6, 15, 0, 1, 16, 12, 3]",1305.0,"[11, 18, 7, 10, 8, 4, 13, 17, 9, 19, 5, 2, 14, 6, 15, 0, 1, 16, 12, 3]",1305.0,10.086265802383423
"[11, 18, 7, 10, 8, 4, 13, 17, 9, 19, 5, 2, 14, 6, 15, 0, 1, 16, 12, 3]",1305.0,"[11, 18, 7, 10, 8, 4, 13, 17, 9, 19, 5, 2, 14, 6, 15, 0, 1, 16, 12, 3]",1305.0,10.151264429092407
"[11, 18, 7, 10, 8, 4, 13, 17, 9, 19, 5, 2, 14, 6, 15, 0, 1, 16, 12, 3]",1305.0,"[11, 18, 7, 10, 8, 4, 13, 17, 9, 19, 5, 2, 14, 6, 15, 0, 1, 16, 12, 3]",1305.0,10.218268871307373
"[11, 18, 7, 10, 8, 4, 13, 17, 9, 19, 5, 2, 14, 6, 15, 0, 1, 16, 12, 3]",1305.0,"[11, 18, 7, 10, 8, 4, 13, 17, 9, 19, 5, 2, 14, 6, 15, 0, 1, 16, 12, 3]",1305.0,10.282270908355713
"[11, 18, 7, 10, 8, 4, 13, 17, 9, 19, 5, 2, 14, 6, 15, 0, 1, 16, 12, 3]",1305.0,"[11, 18, 7, 10, 8, 4, 13, 17, 9, 19, 5, 2, 14, 6, 15, 0, 1, 16, 12, 3]",1305.0,10.347286462783813
"[11, 18, 7, 10, 8, 4, 13, 17, 9, 19, 5, 2, 14, 6, 15, 0, 1, 16, 12, 3]",1305.0,"[11, 18, 7, 10, 8, 4, 13, 17, 9, 19, 5, 2, 14, 6, 15, 0, 1, 16, 12, 3]",1305.0,10.416274547576904
"[11, 18, 7, 10, 8, 4, 13, 17, 9, 19, 5, 2, 14, 6, 15, 0, 1, 16, 12, 3]",1305.0,"[11, 18, 7, 10, 8, 4, 13, 17, 9, 19, 5, 2, 14, 6, 15, 0, 1, 16, 12, 3]",1305.0,10.515276908874512
"[11, 18, 7, 10, 8, 4, 13, 17, 9, 19, 5, 2, 14, 6, 15, 0, 1, 16, 12, 3]",1305.0,"[11, 18, 7, 10, 8, 4, 13, 17, 9, 19, 5, 2, 14, 6, 15, 0, 1, 16, 12, 3]",1305.0,10.582276105880737
"[11, 18, 7, 10, 8, 4, 13, 17, 9, 19, 5, 2, 14, 6, 15, 0, 1, 16, 12, 3]",1305.0,"[11, 18, 7, 10, 8, 4, 13, 17, 9, 19, 5, 2, 14, 6, 15, 0, 1, 16, 12, 3]",1305.0,10.651277780532837
"[11, 18, 7, 10, 8, 4, 13, 17, 9, 19, 5, 2, 14, 6, 15, 0, 1, 16, 12, 3]",1305.0,"[11, 18, 7, 10, 8, 4, 13, 17, 9, 19, 5, 2, 14, 6, 15, 0, 1, 16, 12, 3]",1305.0,10.715276718139648
"[11, 18, 7, 10, 8, 4, 13, 17, 9, 19, 5, 2, 14, 6, 15, 0, 1, 16, 12, 3]",1305.0,"[11, 18, 7, 10, 8, 4, 13, 17, 9, 19, 5, 2, 14, 6, 15, 0, 1, 16, 12, 3]",1305.0,10.780281066894531
"[11, 18, 7, 10, 8, 4, 13, 17, 9, 19, 5, 2, 14, 6, 15, 0, 1, 16, 12, 3]",1305.0,"[11, 18, 7, 10, 8, 4, 13, 17, 9, 19, 5, 2, 14, 6, 15, 0, 1, 16, 12, 3]",1305.0,10.844280242919922
"[11, 18, 7, 10, 8, 4, 13, 17, 9, 19, 5, 2, 14, 6, 15, 0, 1, 16, 12, 3]",1305.0,"[11, 18, 7, 10, 8, 4, 13, 17, 9, 19, 5, 2, 14, 6, 15, 0, 1, 16, 12, 3]",1305.0,10.907282590866089
"[11, 18, 7, 10, 8, 4, 13, 17, 9, 19, 5, 2, 14, 6, 15, 0, 1, 16, 12, 3]",1305.0,"[11, 18, 7, 10, 8, 4, 13, 17, 9, 19, 5, 2, 14, 6, 15, 0, 1, 16, 12, 3]",1305.0,10.973286867141724
"[11, 18, 7, 10, 8, 4, 13, 17, 9, 19, 5, 2, 14, 6, 15, 0, 1, 16, 12, 3]",1305.0,"[11, 18, 7, 10, 8, 4, 13, 17, 9, 19, 5, 2, 14, 6, 15, 0, 1, 16, 12, 3]",1305.0,11.039292335510254
"[11, 18, 7, 10, 8, 4, 13, 17, 9, 19, 5, 2, 14, 6, 15, 0, 1, 16, 12, 3]",1305.0,"[11, 18, 7, 10, 8, 4, 13, 17, 9, 19, 5, 2, 14, 6, 15, 0, 1, 16, 12, 3]",1305.0,11.099287986755371
"[11, 18, 7, 10, 8, 4, 13, 17, 9, 19, 5, 2, 14, 6, 15, 0, 1, 16, 12, 3]",1305.0,"[11, 18, 7, 10, 8, 4, 13, 17, 9, 19, 5, 2, 14, 6, 15, 0, 1, 16, 12, 3]",1305.0,11.168289422988892
"[11, 18, 7, 10, 8, 4, 13, 17, 9, 19, 5, 2, 14, 6, 15, 0, 1, 16, 12, 3]",1305.0,"[11, 18, 7, 10, 8, 4, 13, 17, 9, 19, 5, 2, 14, 6, 15, 0, 1, 16, 12, 3]",1305.0,11.235286474227905
"[11, 18, 7, 10, 8, 4, 13, 17, 9, 19, 5, 2, 14, 6, 15, 0, 1, 16, 12, 3]",1305.0,"[11, 18, 7, 10, 8, 4, 13, 17, 9, 19, 5, 2, 14, 6, 15, 0, 1, 16, 12, 3]",1305.0,11.302294969558716
"[11, 18, 7, 10, 8, 4, 13, 17, 9, 19, 5, 2, 14, 6, 15, 0, 1, 16, 12, 3]",1305.0,"[11, 18, 7, 10, 8, 4, 13, 17, 9, 19, 5, 2, 14, 6, 15, 0, 1, 16, 12, 3]",1305.0,11.362289667129517
"[11, 18, 7, 10, 8, 4, 13, 17, 9, 19, 5, 2, 14, 6, 15, 0, 1, 16, 12, 3]",1305.0,"[11, 18, 7, 10, 8, 4, 13, 17, 9, 19, 5, 2, 14, 6, 15, 0, 1, 16, 12, 3]",1305.0,11.430295467376709
"[11, 18, 7, 10, 8, 4, 13, 17, 9, 19, 5, 2, 14, 6, 15, 0, 1, 16, 12, 3]",1305.0,"[11, 18, 7, 10, 8, 4, 13, 17, 9, 19, 5, 2, 14, 6, 15, 0, 1, 16, 12, 3]",1305.0,11.491293907165527
"[11, 18, 7, 10, 8, 4, 13, 17, 9, 19, 5, 2, 14, 6, 15, 0, 1, 16, 12, 3]",1305.0,"[11, 18, 7, 10, 8, 4, 13, 17, 9, 19, 5, 2, 14, 6, 15, 0, 1, 16, 12, 3]",1305.0,11.556299924850464
"[11, 18, 7, 10, 8, 4, 13, 17, 9, 19, 5, 2, 14, 6, 15, 0, 1, 16, 12, 3]",1305.0,"[11, 18, 7, 10, 8, 4, 13, 17, 9, 19, 5, 2, 14, 6, 15, 0, 1, 16, 12, 3]",1305.0,11.622297048568726
"[11, 18, 7, 10, 8, 4, 13, 17, 9, 19, 5, 2, 14, 6, 15, 0, 1, 16, 12, 3]",1305.0,"[11, 18, 7, 10, 8, 4, 13, 17, 9, 19, 5, 2, 14, 6, 15, 0, 1, 16, 12, 3]",1305.0,11.688297748565674
"[11, 18, 7, 10, 8, 4, 13, 17, 9, 19, 5, 2, 14, 6, 15, 0, 1, 16, 12, 3]",1305.0,"[11, 18, 7, 10, 8, 4, 13, 17, 9, 19, 5, 2, 14, 6, 15, 0, 1, 16, 12, 3]",1305.0,11.753299713134766
"[11, 18, 7, 10, 8, 4, 13, 17, 9, 19, 5, 2, 14, 6, 15, 0, 1, 16, 12, 3]",1305.0,"[11, 18, 7, 10, 8, 4, 13, 17, 9, 19, 5, 2, 14, 6, 15, 0, 1, 16, 12, 3]",1305.0,11.82129693031311
"[11, 18, 7, 10, 8, 4, 13, 17, 9, 19, 5, 2, 14, 6, 15, 0, 1, 16, 12, 3]",1305.0,"[11, 18, 7, 10, 8, 4, 13, 17, 9, 19, 5, 2, 14, 6, 15, 0, 1, 16, 12, 3]",1305.0,11.884303331375122
"[11, 18, 7, 10, 8, 4, 13, 17, 9, 19, 5, 2, 14, 6, 15, 0, 1, 16, 12, 3]",1305.0,"[11, 18, 7, 10, 8, 4, 13, 17, 9, 19, 5, 2, 14, 6, 15, 0, 1, 16, 12, 3]",1305.0,11.951310634613037
"[11, 18, 7, 10, 8, 4, 13, 17, 9, 19, 5, 2, 14, 6, 15, 0, 1, 16, 12, 3]",1305.0,"[11, 18, 7, 10, 8, 4, 13, 17, 9, 19, 5, 2, 14, 6, 15, 0, 1, 16, 12, 3]",1305.0,12.01930570602417
"[11, 18, 7, 10, 8, 4, 13, 17, 9, 19, 5, 2, 14, 6, 15, 0, 1, 16, 12, 3]",1305.0,"[11, 18, 7, 10, 8, 4, 13, 17, 9, 19, 5, 2, 14, 6, 15, 0, 1, 16, 12, 3]",1305.0,12.090309858322144
"[11, 18, 7, 10, 8, 4, 13, 17, 9, 19, 5, 2, 14, 6, 15, 0, 1, 16, 12, 3]",1305.0,"[11, 18, 7, 10, 8, 4, 13, 17, 9, 19, 5, 2, 14, 6, 15, 0, 1, 16, 12, 3]",1305.0,12.153316736221313
"[11, 18, 7, 10, 8, 4, 13, 17, 9, 19, 5, 2, 14, 6, 15, 0, 1, 16, 12, 3]",1305.0,"[11, 18, 7, 10, 8, 4, 13, 17, 9, 19, 5, 2, 14, 6, 15, 0, 1, 16, 12, 3]",1305.0,12.215327978134155
"[11, 18, 7, 10, 8, 4, 13, 17, 9, 19, 5, 2, 14, 6, 15, 0, 1, 16, 12, 3]",1305.0,"[11, 18, 7, 10, 8, 4, 13, 17, 9, 19, 5, 2, 14, 6, 15, 0, 1, 16, 12, 3]",1305.0,12.28233528137207
"[11, 18, 7, 10, 8, 4, 13, 17, 9, 19, 5, 2, 14, 6, 15, 0, 1, 16, 12, 3]",1305.0,"[11, 18, 7, 10, 8, 4, 13, 17, 9, 19, 5, 2, 14, 6, 15, 0, 1, 16, 12, 3]",1305.0,12.349320650100708
"[11, 18, 7, 10, 8, 4, 13, 17, 9, 19, 5, 2, 14, 6, 15, 0, 1, 16, 12, 3]",1305.0,"[11, 18, 7, 10, 8, 4, 13, 17, 9, 19, 5, 2, 14, 6, 15, 0, 1, 16, 12, 3]",1305.0,12.414314031600952
"[11, 18, 7, 10, 8, 4, 13, 17, 9, 19, 5, 2, 14, 6, 15, 0, 1, 16, 12, 3]",1305.0,"[11, 18, 7, 10, 8, 4, 13, 17, 9, 19, 5, 2, 14, 6, 15, 0, 1, 16, 12, 3]",1305.0,12.47931694984436
"[11, 18, 7, 10, 8, 4, 13, 17, 9, 19, 5, 2, 14, 6, 15, 0, 1, 16, 12, 3]",1305.0,"[11, 18, 7, 10, 8, 4, 13, 17, 9, 19, 5, 2, 14, 6, 15, 0, 1, 16, 12, 3]",1305.0,12.543314695358276
"[11, 18, 7, 10, 8, 4, 13, 17, 9, 19, 5, 2, 14, 6, 15, 0, 1, 16, 12, 3]",1305.0,"[11, 18, 7, 10, 8, 4, 13, 17, 9, 19, 5, 2, 14, 6, 15, 0, 1, 16, 12, 3]",1305.0,12.606321573257446
"[11, 18, 7, 10, 8, 4, 13, 17, 9, 19, 5, 2, 14, 6, 15, 0, 1, 16, 12, 3]",1305.0,"[11, 18, 7, 10, 8, 4, 13, 17, 9, 19, 5, 2, 14, 6, 15, 0, 1, 16, 12, 3]",1305.0,12.66732120513916
"[11, 18, 7, 10, 8, 4, 13, 17, 9, 19, 5, 2, 14, 6, 15, 0, 1, 16, 12, 3]",1305.0,"[11, 18, 7, 10, 8, 4, 13, 17, 9, 19, 5, 2, 14, 6, 15, 0, 1, 16, 12, 3]",1305.0,12.731320858001709
"[11, 18, 7, 10, 8, 4, 13, 17, 9, 19, 5, 2, 14, 6, 15, 0, 1, 16, 12, 3]",1305.0,"[11, 18, 7, 10, 8, 4, 13, 17, 9, 19, 5, 2, 14, 6, 15, 0, 1, 16, 12, 3]",1305.0,12.797322273254395
"[11, 18, 7, 10, 8, 4, 13, 17, 9, 19, 5, 2, 14, 6, 15, 0, 1, 16, 12, 3]",1305.0,"[11, 18, 7, 10, 8, 4, 13, 17, 9, 19, 5, 2, 14, 6, 15, 0, 1, 16, 12, 3]",1305.0,12.862336158752441
"[11, 18, 7, 10, 8, 4, 13, 17, 9, 19, 5, 2, 14, 6, 15, 0, 1, 16, 12, 3]",1305.0,"[11, 18, 7, 10, 8, 4, 13, 17, 9, 19, 5, 2, 14, 6, 15, 0, 1, 16, 12, 3]",1305.0,12.925323963165283
"[11, 18, 7, 10, 8, 4, 13, 17, 9, 19, 5, 2, 14, 6, 15, 0, 1, 16, 12, 3]",1305.0,"[11, 18, 7, 10, 8, 4, 13, 17, 9, 19, 5, 2, 14, 6, 15, 0, 1, 16, 12, 3]",1305.0,12.989333391189575
"[11, 18, 7, 10, 8, 4, 13, 17, 9, 19, 5, 2, 14, 6, 15, 0, 1, 16, 12, 3]",1305.0,"[11, 18, 7, 10, 8, 4, 13, 17, 9, 19, 5, 2, 14, 6, 15, 0, 1, 16, 12, 3]",1305.0,13.051323652267456
"[11, 18, 7, 10, 8, 4, 13, 17, 9, 19, 5, 2, 14, 6, 15, 0, 1, 16, 12, 3]",1305.0,"[11, 18, 7, 10, 8, 4, 13, 17, 9, 19, 5, 2, 14, 6, 15, 0, 1, 16, 12, 3]",1305.0,13.115325212478638
"[11, 18, 7, 10, 8, 4, 13, 17, 9, 19, 5, 2, 14, 6, 15, 0, 1, 16, 12, 3]",1305.0,"[11, 18, 7, 10, 8, 4, 13, 17, 9, 19, 5, 2, 14, 6, 15, 0, 1, 16, 12, 3]",1305.0,13.182331085205078
"[11, 18, 7, 10, 8, 4, 13, 17, 9, 19, 5, 2, 14, 6, 15, 0, 1, 16, 12, 3]",1305.0,"[11, 18, 7, 10, 8, 4, 13, 17, 9, 19, 5, 2, 14, 6, 15, 0, 1, 16, 12, 3]",1305.0,13.247329711914062
