Sequence,Fitness,Best_sequence,Best_fitness,Time
"[0, 1, 2, 3, 4, 5, 6, 7, 8, 9, 10, 11, 12, 13, 14, 15, 16, 17, 18, 19]",1531.0,"[0, 1, 2, 3, 4, 5, 6, 7, 8, 9, 10, 11, 12, 13, 14, 15, 16, 17, 18, 19]",1531.0,0.0
"[0, 1, 2, 3, 4, 5, 6, 7, 8, 9, 10, 11, 12, 13, 14, 15, 16, 17, 18, 19]",1531.0,"[0, 1, 2, 3, 4, 5, 6, 7, 8, 9, 10, 11, 12, 13, 14, 15, 16, 17, 18, 19]",1531.0,0.06408190727233887
"[0, 1, 2, 3, 4, 5, 6, 7, 8, 9, 10, 11, 12, 13, 14, 15, 16, 17, 18, 19]",1531.0,"[0, 1, 2, 3, 4, 5, 6, 7, 8, 9, 10, 11, 12, 13, 14, 15, 16, 17, 18, 19]",1531.0,0.1259937286376953
"[0, 1, 2, 3, 4, 5, 6, 7, 8, 9, 10, 11, 12, 13, 14, 15, 16, 17, 18, 19]",1531.0,"[0, 1, 2, 3, 4, 5, 6, 7, 8, 9, 10, 11, 12, 13, 14, 15, 16, 17, 18, 19]",1531.0,0.19099688529968262
"[0, 1, 2, 3, 4, 5, 6, 7, 18, 9, 10, 11, 12, 13, 14, 15, 16, 17, 8, 19]",1530.5,"[0, 1, 2, 3, 4, 5, 6, 7, 18, 9, 10, 11, 12, 13, 14, 15, 16, 17, 8, 19]",1530.5,0.25500059127807617
"[0, 1, 2, 3, 4, 5, 6, 7, 18, 9, 10, 11, 12, 13, 14, 15, 16, 17, 8, 19]",1530.5,"[0, 1, 2, 3, 4, 5, 6, 7, 18, 9, 10, 11, 12, 13, 14, 15, 16, 17, 8, 19]",1530.5,0.321000337600708
"[0, 1, 2, 3, 4, 5, 6, 7, 13, 9, 10, 11, 12, 18, 14, 15, 16, 17, 8, 19]",1511.0,"[0, 1, 2, 3, 4, 5, 6, 7, 13, 9, 10, 11, 12, 18, 14, 15, 16, 17, 8, 19]",1511.0,0.38300323486328125
"[0, 1, 2, 3, 8, 5, 6, 7, 13, 9, 10, 11, 12, 18, 14, 15, 16, 17, 4, 19]",1488.5,"[0, 1, 2, 3, 8, 5, 6, 7, 13, 9, 10, 11, 12, 18, 14, 15, 16, 17, 4, 19]",1488.5,0.44405150413513184
"[0, 1, 2, 3, 8, 5, 12, 7, 13, 9, 10, 11, 6, 18, 14, 15, 16, 17, 4, 19]",1468.0,"[0, 1, 2, 3, 8, 5, 12, 7, 13, 9, 10, 11, 6, 18, 14, 15, 16, 17, 4, 19]",1468.0,0.5090045928955078
"[0, 1, 2, 3, 8, 5, 12, 7, 13, 9, 10, 11, 6, 18, 14, 15, 16, 17, 4, 19]",1468.0,"[0, 1, 2, 3, 8, 5, 12, 7, 13, 9, 10, 11, 6, 18, 14, 15, 16, 17, 4, 19]",1468.0,0.5730135440826416
"[9, 1, 2, 3, 8, 5, 12, 7, 13, 0, 10, 11, 6, 18, 14, 15, 16, 17, 4, 19]",1457.5,"[9, 1, 2, 3, 8, 5, 12, 7, 13, 0, 10, 11, 6, 18, 14, 15, 16, 17, 4, 19]",1457.5,0.6360127925872803
"[9, 1, 2, 3, 8, 5, 12, 7, 13, 0, 10, 11, 6, 18, 14, 15, 16, 17, 4, 19]",1457.5,"[9, 1, 2, 3, 8, 5, 12, 7, 13, 0, 10, 11, 6, 18, 14, 15, 16, 17, 4, 19]",1457.5,0.699007511138916
"[9, 1, 14, 3, 8, 5, 12, 7, 13, 0, 10, 11, 6, 18, 2, 15, 16, 17, 4, 19]",1453.0,"[9, 1, 14, 3, 8, 5, 12, 7, 13, 0, 10, 11, 6, 18, 2, 15, 16, 17, 4, 19]",1453.0,0.7630102634429932
"[9, 1, 14, 3, 8, 5, 12, 7, 13, 0, 10, 11, 6, 18, 2, 15, 16, 17, 4, 19]",1453.0,"[9, 1, 14, 3, 8, 5, 12, 7, 13, 0, 10, 11, 6, 18, 2, 15, 16, 17, 4, 19]",1453.0,0.8250131607055664
"[9, 1, 14, 3, 8, 5, 12, 7, 13, 0, 10, 11, 6, 18, 2, 15, 16, 17, 4, 19]",1453.0,"[9, 1, 14, 3, 8, 5, 12, 7, 13, 0, 10, 11, 6, 18, 2, 15, 16, 17, 4, 19]",1453.0,0.8890149593353271
"[9, 1, 14, 3, 8, 5, 12, 7, 13, 0, 10, 11, 6, 18, 2, 15, 16, 17, 4, 19]",1453.0,"[9, 1, 14, 3, 8, 5, 12, 7, 13, 0, 10, 11, 6, 18, 2, 15, 16, 17, 4, 19]",1453.0,0.95501708984375
"[9, 1, 14, 3, 8, 5, 12, 7, 13, 0, 18, 11, 6, 10, 2, 15, 16, 17, 4, 19]",1422.5,"[9, 1, 14, 3, 8, 5, 12, 7, 13, 0, 18, 11, 6, 10, 2, 15, 16, 17, 4, 19]",1422.5,1.0200164318084717
"[9, 1, 14, 3, 8, 5, 12, 7, 13, 0, 18, 11, 6, 10, 2, 15, 16, 17, 4, 19]",1422.5,"[9, 1, 14, 3, 8, 5, 12, 7, 13, 0, 18, 11, 6, 10, 2, 15, 16, 17, 4, 19]",1422.5,1.0860142707824707
"[9, 1, 14, 10, 8, 5, 12, 7, 13, 0, 18, 11, 6, 3, 2, 15, 16, 17, 4, 19]",1381.0,"[9, 1, 14, 10, 8, 5, 12, 7, 13, 0, 18, 11, 6, 3, 2, 15, 16, 17, 4, 19]",1381.0,1.1535580158233643
"[9, 1, 14, 10, 8, 5, 12, 7, 13, 0, 18, 11, 6, 3, 2, 15, 16, 17, 4, 19]",1381.0,"[9, 1, 14, 10, 8, 5, 12, 7, 13, 0, 18, 11, 6, 3, 2, 15, 16, 17, 4, 19]",1381.0,1.21555495262146
"[9, 1, 14, 10, 8, 5, 12, 7, 13, 0, 18, 11, 6, 3, 2, 15, 16, 17, 4, 19]",1381.0,"[9, 1, 14, 10, 8, 5, 12, 7, 13, 0, 18, 11, 6, 3, 2, 15, 16, 17, 4, 19]",1381.0,1.2815616130828857
"[9, 1, 14, 10, 8, 5, 12, 7, 13, 0, 18, 11, 6, 3, 2, 15, 16, 17, 4, 19]",1381.0,"[9, 1, 14, 10, 8, 5, 12, 7, 13, 0, 18, 11, 6, 3, 2, 15, 16, 17, 4, 19]",1381.0,1.3455860614776611
"[9, 1, 14, 10, 8, 5, 12, 7, 13, 0, 18, 11, 6, 3, 2, 15, 16, 17, 4, 19]",1381.0,"[9, 1, 14, 10, 8, 5, 12, 7, 13, 0, 18, 11, 6, 3, 2, 15, 16, 17, 4, 19]",1381.0,1.4125590324401855
"[9, 1, 14, 10, 8, 5, 12, 7, 13, 16, 18, 11, 6, 3, 2, 15, 0, 17, 4, 19]",1349.5,"[9, 1, 14, 10, 8, 5, 12, 7, 13, 16, 18, 11, 6, 3, 2, 15, 0, 17, 4, 19]",1349.5,1.48356032371521
"[9, 1, 14, 10, 8, 5, 12, 7, 13, 16, 18, 11, 6, 3, 2, 15, 0, 17, 4, 19]",1349.5,"[9, 1, 14, 10, 8, 5, 12, 7, 13, 16, 18, 11, 6, 3, 2, 15, 0, 17, 4, 19]",1349.5,1.5555577278137207
"[9, 1, 14, 10, 8, 5, 12, 7, 13, 16, 18, 11, 6, 3, 2, 15, 0, 17, 4, 19]",1349.5,"[9, 1, 14, 10, 8, 5, 12, 7, 13, 16, 18, 11, 6, 3, 2, 15, 0, 17, 4, 19]",1349.5,1.6295640468597412
"[9, 1, 14, 10, 8, 5, 4, 7, 13, 16, 18, 11, 6, 3, 2, 15, 0, 17, 12, 19]",1343.5,"[9, 1, 14, 10, 8, 5, 4, 7, 13, 16, 18, 11, 6, 3, 2, 15, 0, 17, 12, 19]",1343.5,1.7065651416778564
"[9, 1, 14, 10, 8, 5, 4, 7, 13, 16, 18, 11, 6, 3, 2, 15, 0, 17, 12, 19]",1343.5,"[9, 1, 14, 10, 8, 5, 4, 7, 13, 16, 18, 11, 6, 3, 2, 15, 0, 17, 12, 19]",1343.5,1.774566411972046
"[9, 1, 14, 10, 8, 5, 4, 7, 13, 16, 18, 11, 6, 3, 2, 15, 0, 17, 12, 19]",1343.5,"[9, 1, 14, 10, 8, 5, 4, 7, 13, 16, 18, 11, 6, 3, 2, 15, 0, 17, 12, 19]",1343.5,1.8445677757263184
"[9, 1, 14, 10, 8, 5, 4, 7, 13, 16, 18, 11, 6, 3, 2, 15, 0, 17, 12, 19]",1343.5,"[9, 1, 14, 10, 8, 5, 4, 7, 13, 16, 18, 11, 6, 3, 2, 15, 0, 17, 12, 19]",1343.5,1.911569595336914
"[9, 1, 14, 10, 8, 5, 4, 7, 13, 16, 18, 11, 6, 3, 2, 15, 19, 17, 12, 0]",1333.5,"[9, 1, 14, 10, 8, 5, 4, 7, 13, 16, 18, 11, 6, 3, 2, 15, 19, 17, 12, 0]",1333.5,1.9765698909759521
"[9, 1, 14, 10, 8, 5, 4, 7, 13, 16, 18, 11, 6, 3, 2, 15, 19, 17, 12, 0]",1333.5,"[9, 1, 14, 10, 8, 5, 4, 7, 13, 16, 18, 11, 6, 3, 2, 15, 19, 17, 12, 0]",1333.5,2.0415709018707275
"[9, 1, 14, 10, 8, 5, 4, 7, 13, 16, 18, 11, 6, 3, 2, 15, 19, 17, 12, 0]",1333.5,"[9, 1, 14, 10, 8, 5, 4, 7, 13, 16, 18, 11, 6, 3, 2, 15, 19, 17, 12, 0]",1333.5,2.133605718612671
"[9, 1, 14, 10, 8, 5, 4, 7, 13, 16, 18, 11, 6, 3, 2, 15, 19, 17, 12, 0]",1333.5,"[9, 1, 14, 10, 8, 5, 4, 7, 13, 16, 18, 11, 6, 3, 2, 15, 19, 17, 12, 0]",1333.5,2.1996142864227295
"[9, 1, 14, 10, 8, 5, 4, 7, 13, 16, 18, 11, 6, 3, 2, 15, 19, 17, 12, 0]",1333.5,"[9, 1, 14, 10, 8, 5, 4, 7, 13, 16, 18, 11, 6, 3, 2, 15, 19, 17, 12, 0]",1333.5,2.2636094093322754
"[9, 1, 14, 10, 8, 5, 4, 7, 13, 16, 18, 11, 6, 3, 2, 15, 19, 17, 12, 0]",1333.5,"[9, 1, 14, 10, 8, 5, 4, 7, 13, 16, 18, 11, 6, 3, 2, 15, 19, 17, 12, 0]",1333.5,2.3296117782592773
"[9, 1, 14, 10, 8, 5, 4, 7, 13, 16, 18, 11, 6, 3, 2, 15, 19, 17, 12, 0]",1333.5,"[9, 1, 14, 10, 8, 5, 4, 7, 13, 16, 18, 11, 6, 3, 2, 15, 19, 17, 12, 0]",1333.5,2.395609140396118
"[9, 1, 14, 10, 8, 5, 4, 7, 13, 16, 18, 11, 6, 3, 2, 15, 19, 17, 12, 0]",1333.5,"[9, 1, 14, 10, 8, 5, 4, 7, 13, 16, 18, 11, 6, 3, 2, 15, 19, 17, 12, 0]",1333.5,2.461634874343872
"[9, 1, 14, 10, 8, 5, 4, 7, 13, 16, 18, 11, 6, 3, 2, 15, 19, 17, 12, 0]",1333.5,"[9, 1, 14, 10, 8, 5, 4, 7, 13, 16, 18, 11, 6, 3, 2, 15, 19, 17, 12, 0]",1333.5,2.5276432037353516
"[9, 1, 14, 10, 8, 5, 4, 7, 13, 16, 18, 11, 6, 3, 2, 15, 19, 17, 12, 0]",1333.5,"[9, 1, 14, 10, 8, 5, 4, 7, 13, 16, 18, 11, 6, 3, 2, 15, 19, 17, 12, 0]",1333.5,2.591613531112671
"[9, 1, 14, 10, 8, 5, 4, 7, 13, 16, 18, 11, 6, 3, 2, 15, 19, 17, 12, 0]",1333.5,"[9, 1, 14, 10, 8, 5, 4, 7, 13, 16, 18, 11, 6, 3, 2, 15, 19, 17, 12, 0]",1333.5,2.657613754272461
"[9, 1, 14, 10, 8, 5, 4, 7, 13, 16, 18, 11, 6, 3, 2, 15, 19, 17, 12, 0]",1333.5,"[9, 1, 14, 10, 8, 5, 4, 7, 13, 16, 18, 11, 6, 3, 2, 15, 19, 17, 12, 0]",1333.5,2.7236196994781494
"[9, 1, 14, 10, 8, 5, 4, 7, 13, 16, 18, 11, 6, 3, 2, 15, 19, 17, 12, 0]",1333.5,"[9, 1, 14, 10, 8, 5, 4, 7, 13, 16, 18, 11, 6, 3, 2, 15, 19, 17, 12, 0]",1333.5,2.792613983154297
"[9, 1, 14, 10, 8, 5, 4, 7, 13, 16, 18, 11, 6, 3, 2, 15, 19, 17, 12, 0]",1333.5,"[9, 1, 14, 10, 8, 5, 4, 7, 13, 16, 18, 11, 6, 3, 2, 15, 19, 17, 12, 0]",1333.5,2.8586180210113525
"[9, 1, 14, 10, 8, 5, 4, 7, 13, 16, 18, 11, 6, 3, 2, 15, 19, 17, 12, 0]",1333.5,"[9, 1, 14, 10, 8, 5, 4, 7, 13, 16, 18, 11, 6, 3, 2, 15, 19, 17, 12, 0]",1333.5,2.928621530532837
"[9, 1, 14, 10, 8, 5, 4, 7, 13, 16, 18, 11, 6, 3, 2, 15, 19, 17, 12, 0]",1333.5,"[9, 1, 14, 10, 8, 5, 4, 7, 13, 16, 18, 11, 6, 3, 2, 15, 19, 17, 12, 0]",1333.5,3.0016255378723145
"[9, 1, 14, 10, 8, 5, 4, 7, 13, 16, 18, 11, 6, 3, 2, 15, 19, 17, 12, 0]",1333.5,"[9, 1, 14, 10, 8, 5, 4, 7, 13, 16, 18, 11, 6, 3, 2, 15, 19, 17, 12, 0]",1333.5,3.0686285495758057
"[9, 1, 14, 10, 8, 5, 4, 7, 13, 16, 18, 11, 6, 3, 2, 15, 19, 17, 12, 0]",1333.5,"[9, 1, 14, 10, 8, 5, 4, 7, 13, 16, 18, 11, 6, 3, 2, 15, 19, 17, 12, 0]",1333.5,3.131636381149292
"[9, 1, 14, 10, 8, 5, 4, 7, 13, 16, 18, 11, 6, 3, 2, 15, 19, 17, 12, 0]",1333.5,"[9, 1, 14, 10, 8, 5, 4, 7, 13, 16, 18, 11, 6, 3, 2, 15, 19, 17, 12, 0]",1333.5,3.19862699508667
"[9, 1, 14, 10, 8, 5, 4, 7, 13, 16, 18, 11, 6, 3, 2, 15, 19, 17, 12, 0]",1333.5,"[9, 1, 14, 10, 8, 5, 4, 7, 13, 16, 18, 11, 6, 3, 2, 15, 19, 17, 12, 0]",1333.5,3.265625476837158
"[9, 1, 14, 10, 8, 5, 4, 7, 13, 16, 18, 11, 6, 3, 2, 15, 19, 17, 12, 0]",1333.5,"[9, 1, 14, 10, 8, 5, 4, 7, 13, 16, 18, 11, 6, 3, 2, 15, 19, 17, 12, 0]",1333.5,3.3326404094696045
"[9, 1, 14, 10, 8, 5, 4, 7, 13, 16, 18, 11, 6, 3, 2, 15, 19, 17, 12, 0]",1333.5,"[9, 1, 14, 10, 8, 5, 4, 7, 13, 16, 18, 11, 6, 3, 2, 15, 19, 17, 12, 0]",1333.5,3.402632713317871
"[9, 1, 14, 10, 8, 5, 4, 7, 13, 16, 18, 11, 6, 3, 2, 15, 19, 17, 12, 0]",1333.5,"[9, 1, 14, 10, 8, 5, 4, 7, 13, 16, 18, 11, 6, 3, 2, 15, 19, 17, 12, 0]",1333.5,3.4696593284606934
"[9, 1, 14, 10, 8, 5, 4, 7, 13, 16, 18, 11, 6, 3, 2, 15, 19, 17, 12, 0]",1333.5,"[9, 1, 14, 10, 8, 5, 4, 7, 13, 16, 18, 11, 6, 3, 2, 15, 19, 17, 12, 0]",1333.5,3.532632350921631
"[9, 1, 14, 10, 8, 5, 4, 7, 13, 16, 18, 11, 6, 3, 2, 15, 19, 17, 12, 0]",1333.5,"[9, 1, 14, 10, 8, 5, 4, 7, 13, 16, 18, 11, 6, 3, 2, 15, 19, 17, 12, 0]",1333.5,3.599637269973755
"[9, 10, 14, 1, 8, 5, 4, 7, 13, 16, 18, 11, 6, 3, 2, 15, 19, 17, 12, 0]",1327.5,"[9, 10, 14, 1, 8, 5, 4, 7, 13, 16, 18, 11, 6, 3, 2, 15, 19, 17, 12, 0]",1327.5,3.667635202407837
"[9, 10, 14, 1, 8, 5, 4, 7, 13, 16, 18, 11, 6, 3, 2, 15, 19, 17, 12, 0]",1327.5,"[9, 10, 14, 1, 8, 5, 4, 7, 13, 16, 18, 11, 6, 3, 2, 15, 19, 17, 12, 0]",1327.5,3.7346363067626953
"[9, 10, 14, 1, 8, 5, 4, 7, 13, 16, 18, 11, 6, 3, 2, 15, 19, 17, 12, 0]",1327.5,"[9, 10, 14, 1, 8, 5, 4, 7, 13, 16, 18, 11, 6, 3, 2, 15, 19, 17, 12, 0]",1327.5,3.8006432056427
"[9, 10, 14, 1, 8, 5, 4, 7, 13, 16, 18, 11, 6, 3, 2, 15, 19, 17, 12, 0]",1327.5,"[9, 10, 14, 1, 8, 5, 4, 7, 13, 16, 18, 11, 6, 3, 2, 15, 19, 17, 12, 0]",1327.5,3.869640588760376
"[9, 10, 14, 1, 8, 5, 4, 7, 13, 16, 18, 11, 6, 3, 2, 15, 19, 17, 12, 0]",1327.5,"[9, 10, 14, 1, 8, 5, 4, 7, 13, 16, 18, 11, 6, 3, 2, 15, 19, 17, 12, 0]",1327.5,3.936638355255127
"[9, 10, 14, 1, 8, 5, 4, 7, 13, 16, 18, 11, 6, 3, 2, 15, 19, 17, 12, 0]",1327.5,"[9, 10, 14, 1, 8, 5, 4, 7, 13, 16, 18, 11, 6, 3, 2, 15, 19, 17, 12, 0]",1327.5,3.9996485710144043
"[9, 10, 14, 1, 8, 5, 4, 7, 13, 16, 18, 11, 6, 3, 2, 15, 19, 17, 12, 0]",1327.5,"[9, 10, 14, 1, 8, 5, 4, 7, 13, 16, 18, 11, 6, 3, 2, 15, 19, 17, 12, 0]",1327.5,4.066645622253418
"[9, 10, 14, 1, 8, 5, 4, 7, 13, 16, 18, 11, 6, 3, 2, 15, 19, 17, 12, 0]",1327.5,"[9, 10, 14, 1, 8, 5, 4, 7, 13, 16, 18, 11, 6, 3, 2, 15, 19, 17, 12, 0]",1327.5,4.132647275924683
"[9, 10, 14, 1, 8, 5, 4, 7, 13, 16, 18, 11, 6, 3, 2, 15, 19, 17, 12, 0]",1327.5,"[9, 10, 14, 1, 8, 5, 4, 7, 13, 16, 18, 11, 6, 3, 2, 15, 19, 17, 12, 0]",1327.5,4.199649810791016
"[9, 10, 14, 1, 8, 5, 4, 7, 13, 16, 18, 11, 6, 3, 2, 15, 19, 17, 12, 0]",1327.5,"[9, 10, 14, 1, 8, 5, 4, 7, 13, 16, 18, 11, 6, 3, 2, 15, 19, 17, 12, 0]",1327.5,4.26664924621582
"[9, 10, 14, 1, 8, 5, 4, 7, 13, 16, 18, 11, 6, 3, 2, 15, 19, 17, 12, 0]",1327.5,"[9, 10, 14, 1, 8, 5, 4, 7, 13, 16, 18, 11, 6, 3, 2, 15, 19, 17, 12, 0]",1327.5,4.333651065826416
"[9, 10, 14, 1, 8, 5, 4, 7, 13, 16, 18, 11, 6, 3, 2, 15, 19, 17, 12, 0]",1327.5,"[9, 10, 14, 1, 8, 5, 4, 7, 13, 16, 18, 11, 6, 3, 2, 15, 19, 17, 12, 0]",1327.5,4.402653694152832
"[9, 10, 14, 1, 8, 5, 4, 7, 13, 16, 18, 11, 6, 3, 2, 15, 19, 17, 12, 0]",1327.5,"[9, 10, 14, 1, 8, 5, 4, 7, 13, 16, 18, 11, 6, 3, 2, 15, 19, 17, 12, 0]",1327.5,4.473656892776489
"[9, 10, 14, 1, 8, 5, 4, 7, 13, 16, 18, 11, 6, 3, 2, 15, 19, 17, 12, 0]",1327.5,"[9, 10, 14, 1, 8, 5, 4, 7, 13, 16, 18, 11, 6, 3, 2, 15, 19, 17, 12, 0]",1327.5,4.543663740158081
"[9, 10, 14, 1, 8, 5, 4, 7, 13, 16, 18, 11, 6, 3, 2, 15, 19, 17, 12, 0]",1327.5,"[9, 10, 14, 1, 8, 5, 4, 7, 13, 16, 18, 11, 6, 3, 2, 15, 19, 17, 12, 0]",1327.5,4.614658355712891
"[9, 10, 14, 1, 8, 5, 4, 7, 13, 16, 18, 11, 6, 3, 2, 15, 19, 17, 12, 0]",1327.5,"[9, 10, 14, 1, 8, 5, 4, 7, 13, 16, 18, 11, 6, 3, 2, 15, 19, 17, 12, 0]",1327.5,4.686657190322876
"[9, 10, 14, 1, 8, 5, 4, 7, 13, 16, 18, 11, 6, 3, 2, 15, 19, 17, 12, 0]",1327.5,"[9, 10, 14, 1, 8, 5, 4, 7, 13, 16, 18, 11, 6, 3, 2, 15, 19, 17, 12, 0]",1327.5,4.7566564083099365
"[9, 10, 14, 1, 8, 5, 4, 7, 13, 16, 18, 11, 6, 3, 2, 15, 19, 17, 12, 0]",1327.5,"[9, 10, 14, 1, 8, 5, 4, 7, 13, 16, 18, 11, 6, 3, 2, 15, 19, 17, 12, 0]",1327.5,4.828660488128662
"[9, 10, 14, 1, 8, 5, 4, 7, 13, 16, 18, 11, 6, 3, 2, 15, 19, 17, 12, 0]",1327.5,"[9, 10, 14, 1, 8, 5, 4, 7, 13, 16, 18, 11, 6, 3, 2, 15, 19, 17, 12, 0]",1327.5,4.902663469314575
"[9, 10, 14, 1, 8, 5, 4, 7, 13, 16, 18, 11, 6, 3, 2, 15, 19, 17, 12, 0]",1327.5,"[9, 10, 14, 1, 8, 5, 4, 7, 13, 16, 18, 11, 6, 3, 2, 15, 19, 17, 12, 0]",1327.5,4.971667766571045
"[9, 10, 14, 1, 8, 5, 4, 7, 13, 16, 18, 11, 6, 3, 2, 15, 19, 17, 12, 0]",1327.5,"[9, 10, 14, 1, 8, 5, 4, 7, 13, 16, 18, 11, 6, 3, 2, 15, 19, 17, 12, 0]",1327.5,5.040666580200195
"[9, 10, 14, 1, 8, 5, 4, 7, 13, 16, 18, 11, 6, 3, 2, 15, 19, 17, 12, 0]",1327.5,"[9, 10, 14, 1, 8, 5, 4, 7, 13, 16, 18, 11, 6, 3, 2, 15, 19, 17, 12, 0]",1327.5,5.109669208526611
"[9, 10, 14, 1, 8, 5, 4, 7, 13, 16, 18, 11, 6, 17, 2, 15, 19, 3, 12, 0]",1319.5,"[9, 10, 14, 1, 8, 5, 4, 7, 13, 16, 18, 11, 6, 17, 2, 15, 19, 3, 12, 0]",1319.5,5.1776652336120605
"[9, 10, 14, 1, 8, 5, 4, 7, 13, 16, 18, 11, 6, 17, 2, 15, 19, 3, 12, 0]",1319.5,"[9, 10, 14, 1, 8, 5, 4, 7, 13, 16, 18, 11, 6, 17, 2, 15, 19, 3, 12, 0]",1319.5,5.246666431427002
"[9, 10, 14, 1, 8, 5, 4, 7, 13, 16, 18, 11, 6, 17, 2, 15, 19, 3, 12, 0]",1319.5,"[9, 10, 14, 1, 8, 5, 4, 7, 13, 16, 18, 11, 6, 17, 2, 15, 19, 3, 12, 0]",1319.5,5.321667194366455
"[9, 10, 14, 1, 8, 5, 4, 7, 13, 16, 18, 11, 6, 17, 2, 15, 19, 3, 12, 0]",1319.5,"[9, 10, 14, 1, 8, 5, 4, 7, 13, 16, 18, 11, 6, 17, 2, 15, 19, 3, 12, 0]",1319.5,5.387667655944824
"[9, 10, 14, 1, 8, 5, 4, 7, 13, 16, 18, 11, 6, 17, 2, 15, 19, 3, 12, 0]",1319.5,"[9, 10, 14, 1, 8, 5, 4, 7, 13, 16, 18, 11, 6, 17, 2, 15, 19, 3, 12, 0]",1319.5,5.456669569015503
"[9, 10, 14, 1, 8, 5, 4, 7, 13, 16, 18, 11, 6, 17, 2, 15, 19, 3, 12, 0]",1319.5,"[9, 10, 14, 1, 8, 5, 4, 7, 13, 16, 18, 11, 6, 17, 2, 15, 19, 3, 12, 0]",1319.5,5.521672487258911
"[9, 10, 14, 1, 8, 5, 4, 7, 13, 16, 18, 11, 6, 17, 2, 15, 19, 3, 12, 0]",1319.5,"[9, 10, 14, 1, 8, 5, 4, 7, 13, 16, 18, 11, 6, 17, 2, 15, 19, 3, 12, 0]",1319.5,5.588673114776611
"[9, 10, 14, 1, 8, 5, 4, 7, 13, 16, 18, 11, 6, 17, 2, 15, 19, 3, 12, 0]",1319.5,"[9, 10, 14, 1, 8, 5, 4, 7, 13, 16, 18, 11, 6, 17, 2, 15, 19, 3, 12, 0]",1319.5,5.654679775238037
"[9, 10, 14, 1, 8, 5, 4, 7, 13, 16, 18, 11, 6, 17, 2, 15, 19, 3, 12, 0]",1319.5,"[9, 10, 14, 1, 8, 5, 4, 7, 13, 16, 18, 11, 6, 17, 2, 15, 19, 3, 12, 0]",1319.5,5.722675323486328
"[9, 10, 14, 1, 8, 5, 4, 7, 13, 16, 18, 11, 6, 17, 2, 15, 19, 3, 12, 0]",1319.5,"[9, 10, 14, 1, 8, 5, 4, 7, 13, 16, 18, 11, 6, 17, 2, 15, 19, 3, 12, 0]",1319.5,5.788676023483276
"[9, 10, 14, 1, 8, 5, 4, 7, 13, 16, 18, 11, 6, 17, 2, 15, 19, 3, 12, 0]",1319.5,"[9, 10, 14, 1, 8, 5, 4, 7, 13, 16, 18, 11, 6, 17, 2, 15, 19, 3, 12, 0]",1319.5,5.857678413391113
"[9, 10, 14, 1, 8, 5, 4, 7, 13, 16, 18, 11, 6, 17, 2, 15, 19, 3, 12, 0]",1319.5,"[9, 10, 14, 1, 8, 5, 4, 7, 13, 16, 18, 11, 6, 17, 2, 15, 19, 3, 12, 0]",1319.5,5.928683280944824
"[9, 10, 14, 1, 8, 5, 4, 7, 13, 16, 18, 11, 6, 17, 2, 15, 19, 3, 12, 0]",1319.5,"[9, 10, 14, 1, 8, 5, 4, 7, 13, 16, 18, 11, 6, 17, 2, 15, 19, 3, 12, 0]",1319.5,5.998686075210571
"[9, 10, 14, 1, 8, 5, 4, 7, 13, 16, 18, 11, 6, 17, 2, 15, 19, 3, 12, 0]",1319.5,"[9, 10, 14, 1, 8, 5, 4, 7, 13, 16, 18, 11, 6, 17, 2, 15, 19, 3, 12, 0]",1319.5,6.069685459136963
"[9, 10, 14, 1, 8, 5, 4, 7, 13, 16, 18, 11, 6, 17, 2, 15, 19, 3, 12, 0]",1319.5,"[9, 10, 14, 1, 8, 5, 4, 7, 13, 16, 18, 11, 6, 17, 2, 15, 19, 3, 12, 0]",1319.5,6.1426873207092285
"[9, 10, 14, 1, 8, 5, 4, 7, 13, 16, 18, 11, 6, 17, 2, 15, 19, 3, 12, 0]",1319.5,"[9, 10, 14, 1, 8, 5, 4, 7, 13, 16, 18, 11, 6, 17, 2, 15, 19, 3, 12, 0]",1319.5,6.2097063064575195
"[9, 10, 14, 1, 8, 5, 4, 7, 13, 16, 18, 11, 6, 17, 2, 15, 19, 3, 12, 0]",1319.5,"[9, 10, 14, 1, 8, 5, 4, 7, 13, 16, 18, 11, 6, 17, 2, 15, 19, 3, 12, 0]",1319.5,6.28168511390686
"[9, 10, 14, 1, 8, 5, 4, 7, 13, 16, 18, 11, 6, 17, 2, 15, 19, 3, 12, 0]",1319.5,"[9, 10, 14, 1, 8, 5, 4, 7, 13, 16, 18, 11, 6, 17, 2, 15, 19, 3, 12, 0]",1319.5,6.354689121246338
"[9, 10, 14, 1, 8, 5, 4, 7, 13, 16, 18, 11, 6, 17, 2, 15, 19, 3, 12, 0]",1319.5,"[9, 10, 14, 1, 8, 5, 4, 7, 13, 16, 18, 11, 6, 17, 2, 15, 19, 3, 12, 0]",1319.5,6.422691345214844
"[9, 10, 14, 1, 8, 5, 4, 7, 13, 16, 18, 11, 6, 17, 2, 15, 19, 3, 12, 0]",1319.5,"[9, 10, 14, 1, 8, 5, 4, 7, 13, 16, 18, 11, 6, 17, 2, 15, 19, 3, 12, 0]",1319.5,6.492693662643433
"[9, 10, 14, 1, 8, 5, 4, 7, 13, 16, 18, 11, 6, 17, 2, 15, 19, 3, 12, 0]",1319.5,"[9, 10, 14, 1, 8, 5, 4, 7, 13, 16, 18, 11, 6, 17, 2, 15, 19, 3, 12, 0]",1319.5,6.563690900802612
"[9, 10, 14, 1, 8, 5, 4, 7, 13, 16, 18, 11, 6, 17, 2, 15, 19, 3, 12, 0]",1319.5,"[9, 10, 14, 1, 8, 5, 4, 7, 13, 16, 18, 11, 6, 17, 2, 15, 19, 3, 12, 0]",1319.5,6.641695499420166
"[9, 10, 14, 1, 8, 5, 4, 7, 13, 16, 18, 11, 6, 17, 2, 15, 19, 3, 12, 0]",1319.5,"[9, 10, 14, 1, 8, 5, 4, 7, 13, 16, 18, 11, 6, 17, 2, 15, 19, 3, 12, 0]",1319.5,6.705695390701294
"[9, 10, 14, 1, 8, 5, 4, 7, 13, 16, 18, 11, 6, 17, 2, 15, 19, 3, 12, 0]",1319.5,"[9, 10, 14, 1, 8, 5, 4, 7, 13, 16, 18, 11, 6, 17, 2, 15, 19, 3, 12, 0]",1319.5,6.772698879241943
"[9, 10, 14, 1, 8, 5, 4, 7, 13, 16, 18, 11, 6, 17, 2, 15, 19, 3, 12, 0]",1319.5,"[9, 10, 14, 1, 8, 5, 4, 7, 13, 16, 18, 11, 6, 17, 2, 15, 19, 3, 12, 0]",1319.5,6.841697692871094
"[9, 10, 14, 1, 8, 5, 4, 7, 13, 16, 18, 11, 6, 17, 2, 15, 19, 3, 12, 0]",1319.5,"[9, 10, 14, 1, 8, 5, 4, 7, 13, 16, 18, 11, 6, 17, 2, 15, 19, 3, 12, 0]",1319.5,6.906702280044556
"[9, 10, 14, 1, 8, 5, 4, 7, 13, 16, 18, 11, 6, 17, 2, 15, 19, 3, 12, 0]",1319.5,"[9, 10, 14, 1, 8, 5, 4, 7, 13, 16, 18, 11, 6, 17, 2, 15, 19, 3, 12, 0]",1319.5,6.9737021923065186
"[9, 10, 14, 1, 8, 5, 4, 7, 13, 16, 18, 11, 6, 17, 2, 15, 19, 3, 12, 0]",1319.5,"[9, 10, 14, 1, 8, 5, 4, 7, 13, 16, 18, 11, 6, 17, 2, 15, 19, 3, 12, 0]",1319.5,7.041707277297974
"[9, 10, 14, 1, 8, 5, 4, 7, 13, 16, 18, 11, 6, 17, 2, 15, 19, 3, 12, 0]",1319.5,"[9, 10, 14, 1, 8, 5, 4, 7, 13, 16, 18, 11, 6, 17, 2, 15, 19, 3, 12, 0]",1319.5,7.10870623588562
"[9, 10, 14, 1, 8, 5, 4, 7, 13, 16, 18, 11, 6, 17, 2, 15, 19, 3, 12, 0]",1319.5,"[9, 10, 14, 1, 8, 5, 4, 7, 13, 16, 18, 11, 6, 17, 2, 15, 19, 3, 12, 0]",1319.5,7.179707765579224
"[9, 10, 14, 1, 8, 5, 4, 7, 13, 16, 18, 11, 6, 17, 2, 15, 19, 3, 12, 0]",1319.5,"[9, 10, 14, 1, 8, 5, 4, 7, 13, 16, 18, 11, 6, 17, 2, 15, 19, 3, 12, 0]",1319.5,7.24971079826355
"[9, 10, 14, 1, 8, 5, 4, 7, 13, 16, 18, 11, 6, 17, 2, 15, 19, 3, 12, 0]",1319.5,"[9, 10, 14, 1, 8, 5, 4, 7, 13, 16, 18, 11, 6, 17, 2, 15, 19, 3, 12, 0]",1319.5,7.320708513259888
"[9, 10, 14, 1, 8, 5, 4, 7, 13, 16, 18, 11, 6, 17, 2, 15, 19, 3, 12, 0]",1319.5,"[9, 10, 14, 1, 8, 5, 4, 7, 13, 16, 18, 11, 6, 17, 2, 15, 19, 3, 12, 0]",1319.5,7.39471173286438
"[9, 10, 14, 1, 8, 5, 4, 7, 13, 16, 18, 11, 6, 17, 2, 15, 19, 3, 12, 0]",1319.5,"[9, 10, 14, 1, 8, 5, 4, 7, 13, 16, 18, 11, 6, 17, 2, 15, 19, 3, 12, 0]",1319.5,7.463709592819214
"[9, 10, 14, 1, 8, 5, 4, 7, 13, 16, 18, 11, 6, 17, 2, 15, 19, 3, 12, 0]",1319.5,"[9, 10, 14, 1, 8, 5, 4, 7, 13, 16, 18, 11, 6, 17, 2, 15, 19, 3, 12, 0]",1319.5,7.531712293624878
"[9, 10, 14, 1, 8, 5, 4, 7, 13, 16, 18, 11, 6, 17, 2, 15, 19, 3, 12, 0]",1319.5,"[9, 10, 14, 1, 8, 5, 4, 7, 13, 16, 18, 11, 6, 17, 2, 15, 19, 3, 12, 0]",1319.5,7.6027138233184814
"[9, 10, 14, 1, 8, 5, 4, 7, 13, 16, 18, 11, 6, 17, 2, 15, 19, 3, 12, 0]",1319.5,"[9, 10, 14, 1, 8, 5, 4, 7, 13, 16, 18, 11, 6, 17, 2, 15, 19, 3, 12, 0]",1319.5,7.6737165451049805
"[9, 10, 14, 1, 8, 5, 4, 7, 13, 16, 18, 11, 6, 17, 2, 15, 19, 3, 12, 0]",1319.5,"[9, 10, 14, 1, 8, 5, 4, 7, 13, 16, 18, 11, 6, 17, 2, 15, 19, 3, 12, 0]",1319.5,7.740716457366943
"[9, 10, 14, 1, 8, 5, 4, 7, 13, 16, 18, 11, 6, 17, 2, 15, 19, 3, 12, 0]",1319.5,"[9, 10, 14, 1, 8, 5, 4, 7, 13, 16, 18, 11, 6, 17, 2, 15, 19, 3, 12, 0]",1319.5,7.810727596282959
"[9, 10, 14, 1, 8, 5, 4, 7, 13, 16, 18, 11, 6, 17, 2, 15, 19, 3, 12, 0]",1319.5,"[9, 10, 14, 1, 8, 5, 4, 7, 13, 16, 18, 11, 6, 17, 2, 15, 19, 3, 12, 0]",1319.5,7.881718873977661
"[9, 10, 14, 1, 8, 5, 4, 7, 13, 16, 18, 11, 6, 17, 2, 15, 19, 3, 12, 0]",1319.5,"[9, 10, 14, 1, 8, 5, 4, 7, 13, 16, 18, 11, 6, 17, 2, 15, 19, 3, 12, 0]",1319.5,7.94972562789917
"[9, 10, 14, 1, 8, 5, 4, 7, 13, 16, 18, 11, 6, 17, 2, 15, 19, 3, 12, 0]",1319.5,"[9, 10, 14, 1, 8, 5, 4, 7, 13, 16, 18, 11, 6, 17, 2, 15, 19, 3, 12, 0]",1319.5,8.018725395202637
"[9, 10, 14, 1, 8, 5, 4, 7, 13, 16, 18, 11, 6, 17, 2, 15, 19, 3, 12, 0]",1319.5,"[9, 10, 14, 1, 8, 5, 4, 7, 13, 16, 18, 11, 6, 17, 2, 15, 19, 3, 12, 0]",1319.5,8.08656358718872
"[9, 10, 14, 1, 8, 5, 4, 7, 13, 16, 18, 11, 6, 17, 2, 15, 19, 3, 12, 0]",1319.5,"[9, 10, 14, 1, 8, 5, 4, 7, 13, 16, 18, 11, 6, 17, 2, 15, 19, 3, 12, 0]",1319.5,8.155561923980713
"[9, 10, 14, 1, 8, 5, 4, 7, 13, 16, 18, 11, 6, 17, 2, 15, 19, 3, 12, 0]",1319.5,"[9, 10, 14, 1, 8, 5, 4, 7, 13, 16, 18, 11, 6, 17, 2, 15, 19, 3, 12, 0]",1319.5,8.221565961837769
"[9, 10, 14, 1, 8, 5, 4, 7, 13, 16, 18, 11, 6, 17, 2, 15, 19, 3, 12, 0]",1319.5,"[9, 10, 14, 1, 8, 5, 4, 7, 13, 16, 18, 11, 6, 17, 2, 15, 19, 3, 12, 0]",1319.5,8.29509687423706
"[9, 10, 14, 1, 8, 5, 4, 7, 13, 16, 18, 11, 6, 17, 2, 15, 19, 3, 12, 0]",1319.5,"[9, 10, 14, 1, 8, 5, 4, 7, 13, 16, 18, 11, 6, 17, 2, 15, 19, 3, 12, 0]",1319.5,8.367103576660156
"[9, 10, 14, 1, 8, 5, 4, 7, 13, 16, 18, 11, 6, 17, 2, 15, 19, 3, 12, 0]",1319.5,"[9, 10, 14, 1, 8, 5, 4, 7, 13, 16, 18, 11, 6, 17, 2, 15, 19, 3, 12, 0]",1319.5,8.436098098754883
"[9, 10, 14, 1, 8, 5, 4, 7, 13, 16, 18, 11, 6, 17, 2, 15, 19, 3, 12, 0]",1319.5,"[9, 10, 14, 1, 8, 5, 4, 7, 13, 16, 18, 11, 6, 17, 2, 15, 19, 3, 12, 0]",1319.5,8.501107931137085
"[9, 10, 14, 1, 8, 5, 4, 7, 13, 16, 18, 11, 6, 17, 2, 15, 19, 3, 12, 0]",1319.5,"[9, 10, 14, 1, 8, 5, 4, 7, 13, 16, 18, 11, 6, 17, 2, 15, 19, 3, 12, 0]",1319.5,8.571099996566772
"[9, 10, 14, 1, 8, 5, 4, 7, 13, 16, 18, 11, 6, 17, 2, 15, 19, 3, 12, 0]",1319.5,"[9, 10, 14, 1, 8, 5, 4, 7, 13, 16, 18, 11, 6, 17, 2, 15, 19, 3, 12, 0]",1319.5,8.667102813720703
"[9, 10, 14, 1, 8, 5, 4, 7, 13, 16, 18, 11, 6, 17, 2, 15, 19, 3, 12, 0]",1319.5,"[9, 10, 14, 1, 8, 5, 4, 7, 13, 16, 18, 11, 6, 17, 2, 15, 19, 3, 12, 0]",1319.5,8.736107349395752
"[9, 10, 14, 1, 8, 5, 4, 7, 13, 16, 18, 11, 6, 17, 2, 15, 19, 3, 12, 0]",1319.5,"[9, 10, 14, 1, 8, 5, 4, 7, 13, 16, 18, 11, 6, 17, 2, 15, 19, 3, 12, 0]",1319.5,8.800122499465942
"[9, 10, 14, 1, 8, 5, 4, 7, 13, 16, 18, 11, 6, 17, 2, 15, 19, 3, 12, 0]",1319.5,"[9, 10, 14, 1, 8, 5, 4, 7, 13, 16, 18, 11, 6, 17, 2, 15, 19, 3, 12, 0]",1319.5,8.870118618011475
"[9, 10, 14, 1, 8, 5, 4, 7, 13, 16, 18, 11, 6, 17, 2, 15, 19, 3, 12, 0]",1319.5,"[9, 10, 14, 1, 8, 5, 4, 7, 13, 16, 18, 11, 6, 17, 2, 15, 19, 3, 12, 0]",1319.5,8.938107967376709
"[9, 10, 14, 1, 8, 5, 4, 7, 13, 16, 18, 11, 6, 17, 2, 15, 19, 3, 12, 0]",1319.5,"[9, 10, 14, 1, 8, 5, 4, 7, 13, 16, 18, 11, 6, 17, 2, 15, 19, 3, 12, 0]",1319.5,9.00710916519165
"[9, 10, 14, 1, 8, 5, 4, 7, 13, 16, 18, 11, 6, 17, 2, 15, 19, 3, 12, 0]",1319.5,"[9, 10, 14, 1, 8, 5, 4, 7, 13, 16, 18, 11, 6, 17, 2, 15, 19, 3, 12, 0]",1319.5,9.071112871170044
"[9, 10, 14, 1, 8, 5, 4, 7, 13, 16, 18, 11, 6, 17, 2, 15, 19, 3, 12, 0]",1319.5,"[9, 10, 14, 1, 8, 5, 4, 7, 13, 16, 18, 11, 6, 17, 2, 15, 19, 3, 12, 0]",1319.5,9.136115312576294
"[9, 10, 14, 1, 8, 5, 4, 7, 13, 16, 18, 11, 6, 17, 2, 15, 19, 3, 12, 0]",1319.5,"[9, 10, 14, 1, 8, 5, 4, 7, 13, 16, 18, 11, 6, 17, 2, 15, 19, 3, 12, 0]",1319.5,9.204125881195068
"[9, 10, 14, 1, 8, 5, 4, 7, 13, 16, 18, 11, 6, 17, 2, 15, 19, 3, 12, 0]",1319.5,"[9, 10, 14, 1, 8, 5, 4, 7, 13, 16, 18, 11, 6, 17, 2, 15, 19, 3, 12, 0]",1319.5,9.274722576141357
"[9, 10, 14, 1, 8, 5, 4, 7, 13, 16, 18, 11, 6, 17, 2, 15, 19, 3, 12, 0]",1319.5,"[9, 10, 14, 1, 8, 5, 4, 7, 13, 16, 18, 11, 6, 17, 2, 15, 19, 3, 12, 0]",1319.5,9.341951370239258
"[9, 10, 14, 1, 8, 5, 4, 7, 13, 16, 18, 11, 6, 17, 2, 15, 19, 3, 12, 0]",1319.5,"[9, 10, 14, 1, 8, 5, 4, 7, 13, 16, 18, 11, 6, 17, 2, 15, 19, 3, 12, 0]",1319.5,9.418952703475952
"[9, 10, 14, 1, 8, 5, 4, 7, 13, 16, 18, 11, 6, 17, 2, 15, 19, 3, 12, 0]",1319.5,"[9, 10, 14, 1, 8, 5, 4, 7, 13, 16, 18, 11, 6, 17, 2, 15, 19, 3, 12, 0]",1319.5,9.485953092575073
"[9, 10, 14, 1, 8, 5, 4, 7, 13, 16, 18, 11, 6, 17, 2, 15, 19, 3, 12, 0]",1319.5,"[9, 10, 14, 1, 8, 5, 4, 7, 13, 16, 18, 11, 6, 17, 2, 15, 19, 3, 12, 0]",1319.5,9.552964687347412
"[9, 10, 14, 1, 8, 5, 4, 7, 13, 16, 18, 11, 6, 17, 2, 15, 19, 3, 12, 0]",1319.5,"[9, 10, 14, 1, 8, 5, 4, 7, 13, 16, 18, 11, 6, 17, 2, 15, 19, 3, 12, 0]",1319.5,9.621969223022461
"[9, 10, 14, 1, 8, 5, 4, 7, 13, 16, 18, 11, 6, 17, 2, 15, 19, 3, 12, 0]",1319.5,"[9, 10, 14, 1, 8, 5, 4, 7, 13, 16, 18, 11, 6, 17, 2, 15, 19, 3, 12, 0]",1319.5,9.689964294433594
"[9, 10, 14, 1, 8, 5, 4, 7, 13, 16, 18, 11, 6, 17, 2, 15, 19, 3, 12, 0]",1319.5,"[9, 10, 14, 1, 8, 5, 4, 7, 13, 16, 18, 11, 6, 17, 2, 15, 19, 3, 12, 0]",1319.5,9.761025667190552
"[9, 10, 14, 1, 8, 5, 4, 7, 13, 16, 18, 11, 6, 17, 2, 15, 19, 3, 12, 0]",1319.5,"[9, 10, 14, 1, 8, 5, 4, 7, 13, 16, 18, 11, 6, 17, 2, 15, 19, 3, 12, 0]",1319.5,9.823962926864624
"[9, 10, 14, 1, 8, 5, 4, 7, 13, 16, 18, 11, 6, 17, 2, 15, 19, 3, 12, 0]",1319.5,"[9, 10, 14, 1, 8, 5, 4, 7, 13, 16, 18, 11, 6, 17, 2, 15, 19, 3, 12, 0]",1319.5,9.891960620880127
"[9, 10, 14, 1, 8, 5, 4, 7, 13, 16, 18, 11, 6, 17, 2, 15, 19, 3, 12, 0]",1319.5,"[9, 10, 14, 1, 8, 5, 4, 7, 13, 16, 18, 11, 6, 17, 2, 15, 19, 3, 12, 0]",1319.5,9.957964897155762
"[9, 10, 14, 1, 8, 5, 4, 7, 13, 16, 18, 11, 6, 17, 2, 15, 19, 3, 12, 0]",1319.5,"[9, 10, 14, 1, 8, 5, 4, 7, 13, 16, 18, 11, 6, 17, 2, 15, 19, 3, 12, 0]",1319.5,10.025965690612793
"[9, 10, 14, 1, 8, 5, 4, 7, 13, 16, 18, 11, 6, 17, 2, 15, 19, 3, 12, 0]",1319.5,"[9, 10, 14, 1, 8, 5, 4, 7, 13, 16, 18, 11, 6, 17, 2, 15, 19, 3, 12, 0]",1319.5,10.092999458312988
"[9, 10, 14, 1, 8, 5, 4, 7, 13, 16, 18, 11, 6, 17, 2, 15, 19, 3, 12, 0]",1319.5,"[9, 10, 14, 1, 8, 5, 4, 7, 13, 16, 18, 11, 6, 17, 2, 15, 19, 3, 12, 0]",1319.5,10.163000345230103
"[9, 10, 14, 1, 8, 5, 4, 7, 13, 16, 18, 11, 6, 17, 2, 15, 19, 3, 12, 0]",1319.5,"[9, 10, 14, 1, 8, 5, 4, 7, 13, 16, 18, 11, 6, 17, 2, 15, 19, 3, 12, 0]",1319.5,10.23400092124939
"[9, 10, 14, 1, 8, 5, 4, 7, 13, 16, 18, 11, 6, 17, 2, 15, 19, 3, 12, 0]",1319.5,"[9, 10, 14, 1, 8, 5, 4, 7, 13, 16, 18, 11, 6, 17, 2, 15, 19, 3, 12, 0]",1319.5,10.304003477096558
"[9, 10, 14, 1, 8, 5, 4, 7, 13, 16, 18, 11, 6, 17, 2, 15, 19, 3, 12, 0]",1319.5,"[9, 10, 14, 1, 8, 5, 4, 7, 13, 16, 18, 11, 6, 17, 2, 15, 19, 3, 12, 0]",1319.5,10.373005151748657
"[9, 10, 14, 1, 8, 5, 4, 7, 13, 16, 18, 11, 6, 17, 2, 15, 19, 3, 12, 0]",1319.5,"[9, 10, 14, 1, 8, 5, 4, 7, 13, 16, 18, 11, 6, 17, 2, 15, 19, 3, 12, 0]",1319.5,10.44500470161438
"[9, 10, 14, 1, 8, 5, 4, 7, 13, 16, 18, 11, 6, 17, 2, 15, 19, 3, 12, 0]",1319.5,"[9, 10, 14, 1, 8, 5, 4, 7, 13, 16, 18, 11, 6, 17, 2, 15, 19, 3, 12, 0]",1319.5,10.514010906219482
"[9, 10, 14, 1, 8, 5, 4, 7, 13, 16, 18, 11, 6, 17, 2, 15, 19, 3, 12, 0]",1319.5,"[9, 10, 14, 1, 8, 5, 4, 7, 13, 16, 18, 11, 6, 17, 2, 15, 19, 3, 12, 0]",1319.5,10.582006931304932
"[9, 10, 14, 1, 8, 5, 4, 7, 13, 16, 18, 11, 6, 17, 2, 15, 19, 3, 12, 0]",1319.5,"[9, 10, 14, 1, 8, 5, 4, 7, 13, 16, 18, 11, 6, 17, 2, 15, 19, 3, 12, 0]",1319.5,10.64602541923523
"[9, 10, 14, 1, 8, 5, 4, 7, 13, 16, 18, 11, 6, 17, 2, 15, 19, 3, 12, 0]",1319.5,"[9, 10, 14, 1, 8, 5, 4, 7, 13, 16, 18, 11, 6, 17, 2, 15, 19, 3, 12, 0]",1319.5,10.712068796157837
"[9, 10, 14, 1, 8, 5, 4, 7, 13, 16, 18, 11, 6, 17, 2, 15, 19, 3, 12, 0]",1319.5,"[9, 10, 14, 1, 8, 5, 4, 7, 13, 16, 18, 11, 6, 17, 2, 15, 19, 3, 12, 0]",1319.5,10.782011032104492
"[9, 10, 14, 1, 8, 5, 4, 7, 13, 16, 18, 11, 6, 17, 2, 15, 19, 3, 12, 0]",1319.5,"[9, 10, 14, 1, 8, 5, 4, 7, 13, 16, 18, 11, 6, 17, 2, 15, 19, 3, 12, 0]",1319.5,10.854013442993164
"[9, 10, 14, 1, 8, 5, 4, 7, 13, 16, 18, 11, 6, 17, 2, 15, 19, 3, 12, 0]",1319.5,"[9, 10, 14, 1, 8, 5, 4, 7, 13, 16, 18, 11, 6, 17, 2, 15, 19, 3, 12, 0]",1319.5,10.922014713287354
"[9, 10, 14, 1, 8, 5, 4, 7, 13, 16, 18, 11, 6, 17, 2, 15, 19, 3, 12, 0]",1319.5,"[9, 10, 14, 1, 8, 5, 4, 7, 13, 16, 18, 11, 6, 17, 2, 15, 19, 3, 12, 0]",1319.5,10.991018533706665
"[9, 10, 14, 1, 8, 5, 4, 7, 13, 16, 18, 11, 6, 17, 2, 15, 19, 3, 12, 0]",1319.5,"[9, 10, 14, 1, 8, 5, 4, 7, 13, 16, 18, 11, 6, 17, 2, 15, 19, 3, 12, 0]",1319.5,11.059021234512329
"[9, 10, 14, 1, 8, 5, 4, 7, 13, 16, 18, 11, 6, 17, 2, 15, 19, 3, 12, 0]",1319.5,"[9, 10, 14, 1, 8, 5, 4, 7, 13, 16, 18, 11, 6, 17, 2, 15, 19, 3, 12, 0]",1319.5,11.12502121925354
"[9, 10, 14, 1, 8, 5, 4, 7, 13, 16, 18, 11, 6, 17, 2, 15, 19, 3, 12, 0]",1319.5,"[9, 10, 14, 1, 8, 5, 4, 7, 13, 16, 18, 11, 6, 17, 2, 15, 19, 3, 12, 0]",1319.5,11.19302225112915
"[9, 10, 14, 1, 8, 5, 4, 7, 13, 16, 18, 11, 6, 17, 2, 15, 19, 3, 12, 0]",1319.5,"[9, 10, 14, 1, 8, 5, 4, 7, 13, 16, 18, 11, 6, 17, 2, 15, 19, 3, 12, 0]",1319.5,11.260058641433716
"[9, 10, 14, 1, 8, 5, 4, 7, 13, 16, 18, 11, 6, 17, 2, 15, 19, 3, 12, 0]",1319.5,"[9, 10, 14, 1, 8, 5, 4, 7, 13, 16, 18, 11, 6, 17, 2, 15, 19, 3, 12, 0]",1319.5,11.32602071762085
"[9, 10, 14, 1, 8, 5, 4, 7, 13, 16, 18, 11, 6, 17, 2, 15, 19, 3, 12, 0]",1319.5,"[9, 10, 14, 1, 8, 5, 4, 7, 13, 16, 18, 11, 6, 17, 2, 15, 19, 3, 12, 0]",1319.5,11.393030405044556
"[9, 10, 14, 1, 8, 5, 4, 7, 13, 16, 18, 11, 6, 17, 2, 15, 19, 3, 12, 0]",1319.5,"[9, 10, 14, 1, 8, 5, 4, 7, 13, 16, 18, 11, 6, 17, 2, 15, 19, 3, 12, 0]",1319.5,11.460036039352417
"[9, 10, 14, 1, 8, 5, 4, 7, 13, 16, 18, 11, 6, 17, 2, 15, 19, 3, 12, 0]",1319.5,"[9, 10, 14, 1, 8, 5, 4, 7, 13, 16, 18, 11, 6, 17, 2, 15, 19, 3, 12, 0]",1319.5,11.525027751922607
"[9, 10, 14, 1, 8, 5, 4, 7, 13, 16, 18, 11, 6, 17, 2, 15, 19, 3, 12, 0]",1319.5,"[9, 10, 14, 1, 8, 5, 4, 7, 13, 16, 18, 11, 6, 17, 2, 15, 19, 3, 12, 0]",1319.5,11.591039657592773
"[9, 10, 14, 1, 8, 5, 4, 7, 13, 16, 18, 11, 6, 17, 2, 15, 19, 3, 12, 0]",1319.5,"[9, 10, 14, 1, 8, 5, 4, 7, 13, 16, 18, 11, 6, 17, 2, 15, 19, 3, 12, 0]",1319.5,11.657033681869507
"[9, 10, 14, 1, 8, 5, 4, 7, 13, 16, 18, 11, 6, 17, 2, 15, 19, 12, 3, 0]",1305.5,"[9, 10, 14, 1, 8, 5, 4, 7, 13, 16, 18, 11, 6, 17, 2, 15, 19, 12, 3, 0]",1305.5,11.724029302597046
"[9, 10, 14, 1, 8, 5, 4, 7, 13, 16, 18, 11, 6, 17, 2, 15, 19, 12, 3, 0]",1305.5,"[9, 10, 14, 1, 8, 5, 4, 7, 13, 16, 18, 11, 6, 17, 2, 15, 19, 12, 3, 0]",1305.5,11.788032293319702
"[9, 10, 14, 1, 8, 5, 4, 7, 13, 16, 18, 11, 6, 17, 2, 15, 19, 12, 3, 0]",1305.5,"[9, 10, 14, 1, 8, 5, 4, 7, 13, 16, 18, 11, 6, 17, 2, 15, 19, 12, 3, 0]",1305.5,11.855036735534668
"[9, 10, 14, 1, 8, 5, 4, 7, 13, 16, 18, 11, 6, 17, 2, 15, 19, 12, 3, 0]",1305.5,"[9, 10, 14, 1, 8, 5, 4, 7, 13, 16, 18, 11, 6, 17, 2, 15, 19, 12, 3, 0]",1305.5,11.928040266036987
"[9, 10, 14, 1, 8, 5, 4, 7, 13, 16, 18, 11, 6, 17, 2, 15, 19, 12, 3, 0]",1305.5,"[9, 10, 14, 1, 8, 5, 4, 7, 13, 16, 18, 11, 6, 17, 2, 15, 19, 12, 3, 0]",1305.5,11.993036031723022
"[9, 10, 14, 1, 8, 5, 4, 7, 13, 16, 18, 11, 6, 17, 2, 15, 19, 12, 3, 0]",1305.5,"[9, 10, 14, 1, 8, 5, 4, 7, 13, 16, 18, 11, 6, 17, 2, 15, 19, 12, 3, 0]",1305.5,12.06104063987732
"[9, 10, 14, 1, 8, 5, 4, 7, 13, 16, 18, 11, 6, 17, 2, 15, 19, 12, 3, 0]",1305.5,"[9, 10, 14, 1, 8, 5, 4, 7, 13, 16, 18, 11, 6, 17, 2, 15, 19, 12, 3, 0]",1305.5,12.130040407180786
"[9, 10, 14, 1, 8, 5, 4, 7, 13, 16, 18, 11, 6, 17, 2, 15, 19, 12, 3, 0]",1305.5,"[9, 10, 14, 1, 8, 5, 4, 7, 13, 16, 18, 11, 6, 17, 2, 15, 19, 12, 3, 0]",1305.5,12.201047420501709
"[9, 10, 14, 1, 8, 5, 4, 7, 13, 16, 18, 11, 6, 17, 2, 15, 19, 12, 3, 0]",1305.5,"[9, 10, 14, 1, 8, 5, 4, 7, 13, 16, 18, 11, 6, 17, 2, 15, 19, 12, 3, 0]",1305.5,12.271056175231934
"[9, 10, 14, 1, 8, 5, 4, 7, 13, 16, 18, 11, 6, 17, 2, 15, 19, 12, 3, 0]",1305.5,"[9, 10, 14, 1, 8, 5, 4, 7, 13, 16, 18, 11, 6, 17, 2, 15, 19, 12, 3, 0]",1305.5,12.338043689727783
"[9, 10, 14, 1, 8, 5, 4, 7, 13, 16, 18, 11, 6, 17, 2, 15, 19, 12, 3, 0]",1305.5,"[9, 10, 14, 1, 8, 5, 4, 7, 13, 16, 18, 11, 6, 17, 2, 15, 19, 12, 3, 0]",1305.5,12.408043384552002
"[9, 10, 14, 1, 8, 5, 4, 7, 13, 16, 18, 11, 6, 17, 2, 15, 19, 12, 3, 0]",1305.5,"[9, 10, 14, 1, 8, 5, 4, 7, 13, 16, 18, 11, 6, 17, 2, 15, 19, 12, 3, 0]",1305.5,12.475048303604126
"[9, 10, 14, 1, 8, 5, 4, 7, 13, 16, 18, 11, 6, 17, 2, 15, 19, 12, 3, 0]",1305.5,"[9, 10, 14, 1, 8, 5, 4, 7, 13, 16, 18, 11, 6, 17, 2, 15, 19, 12, 3, 0]",1305.5,12.542065620422363
"[9, 10, 14, 1, 8, 5, 4, 7, 13, 16, 18, 11, 6, 17, 2, 15, 19, 12, 3, 0]",1305.5,"[9, 10, 14, 1, 8, 5, 4, 7, 13, 16, 18, 11, 6, 17, 2, 15, 19, 12, 3, 0]",1305.5,12.610047578811646
"[9, 10, 14, 1, 8, 5, 4, 7, 13, 16, 18, 11, 6, 17, 2, 15, 19, 12, 3, 0]",1305.5,"[9, 10, 14, 1, 8, 5, 4, 7, 13, 16, 18, 11, 6, 17, 2, 15, 19, 12, 3, 0]",1305.5,12.674050331115723
"[9, 10, 14, 1, 8, 5, 4, 7, 13, 16, 18, 11, 6, 17, 2, 15, 19, 12, 3, 0]",1305.5,"[9, 10, 14, 1, 8, 5, 4, 7, 13, 16, 18, 11, 6, 17, 2, 15, 19, 12, 3, 0]",1305.5,12.739065647125244
"[9, 10, 14, 1, 8, 5, 4, 7, 13, 16, 18, 11, 6, 17, 2, 15, 19, 12, 3, 0]",1305.5,"[9, 10, 14, 1, 8, 5, 4, 7, 13, 16, 18, 11, 6, 17, 2, 15, 19, 12, 3, 0]",1305.5,12.806050300598145
"[9, 10, 14, 1, 8, 5, 4, 7, 13, 16, 18, 11, 6, 17, 2, 15, 19, 12, 3, 0]",1305.5,"[9, 10, 14, 1, 8, 5, 4, 7, 13, 16, 18, 11, 6, 17, 2, 15, 19, 12, 3, 0]",1305.5,12.873055219650269
"[9, 10, 14, 1, 8, 5, 4, 7, 13, 16, 18, 11, 6, 17, 2, 15, 19, 12, 3, 0]",1305.5,"[9, 10, 14, 1, 8, 5, 4, 7, 13, 16, 18, 11, 6, 17, 2, 15, 19, 12, 3, 0]",1305.5,12.940054893493652
"[9, 10, 14, 1, 8, 5, 4, 7, 13, 16, 18, 11, 6, 17, 2, 15, 19, 12, 3, 0]",1305.5,"[9, 10, 14, 1, 8, 5, 4, 7, 13, 16, 18, 11, 6, 17, 2, 15, 19, 12, 3, 0]",1305.5,13.007056713104248
"[9, 10, 14, 1, 8, 5, 4, 7, 13, 16, 18, 11, 6, 17, 2, 15, 19, 12, 3, 0]",1305.5,"[9, 10, 14, 1, 8, 5, 4, 7, 13, 16, 18, 11, 6, 17, 2, 15, 19, 12, 3, 0]",1305.5,13.073057889938354
"[9, 10, 14, 1, 8, 5, 4, 7, 13, 16, 18, 11, 6, 17, 2, 15, 19, 12, 3, 0]",1305.5,"[9, 10, 14, 1, 8, 5, 4, 7, 13, 16, 18, 11, 6, 17, 2, 15, 19, 12, 3, 0]",1305.5,13.140068531036377
"[9, 10, 14, 1, 8, 5, 4, 7, 13, 16, 18, 11, 6, 17, 2, 15, 19, 12, 3, 0]",1305.5,"[9, 10, 14, 1, 8, 5, 4, 7, 13, 16, 18, 11, 6, 17, 2, 15, 19, 12, 3, 0]",1305.5,13.207065105438232
"[9, 10, 14, 1, 8, 5, 4, 7, 13, 16, 18, 11, 6, 17, 2, 15, 19, 12, 3, 0]",1305.5,"[9, 10, 14, 1, 8, 5, 4, 7, 13, 16, 18, 11, 6, 17, 2, 15, 19, 12, 3, 0]",1305.5,13.274080514907837
"[9, 10, 14, 1, 8, 5, 4, 7, 13, 16, 18, 11, 6, 17, 2, 15, 19, 12, 3, 0]",1305.5,"[9, 10, 14, 1, 8, 5, 4, 7, 13, 16, 18, 11, 6, 17, 2, 15, 19, 12, 3, 0]",1305.5,13.341064214706421
"[9, 10, 14, 1, 8, 5, 4, 7, 13, 16, 18, 11, 6, 17, 2, 15, 19, 12, 3, 0]",1305.5,"[9, 10, 14, 1, 8, 5, 4, 7, 13, 16, 18, 11, 6, 17, 2, 15, 19, 12, 3, 0]",1305.5,13.411063432693481
"[9, 10, 14, 1, 8, 5, 4, 7, 13, 16, 18, 11, 6, 17, 2, 15, 19, 12, 3, 0]",1305.5,"[9, 10, 14, 1, 8, 5, 4, 7, 13, 16, 18, 11, 6, 17, 2, 15, 19, 12, 3, 0]",1305.5,13.478063106536865
"[9, 10, 14, 1, 8, 5, 4, 7, 13, 16, 18, 11, 6, 17, 2, 15, 19, 12, 3, 0]",1305.5,"[9, 10, 14, 1, 8, 5, 4, 7, 13, 16, 18, 11, 6, 17, 2, 15, 19, 12, 3, 0]",1305.5,13.545066356658936
"[9, 10, 14, 1, 8, 5, 4, 7, 13, 16, 18, 11, 6, 17, 2, 15, 19, 12, 3, 0]",1305.5,"[9, 10, 14, 1, 8, 5, 4, 7, 13, 16, 18, 11, 6, 17, 2, 15, 19, 12, 3, 0]",1305.5,13.615070819854736
