Sequence,Fitness,Best_sequence,Best_fitness,Time
"[0, 1, 2, 3, 4, 5, 6, 7, 8, 9, 10, 11, 12, 13, 14, 15, 16, 17, 18, 19]",1531.0,"[0, 1, 2, 3, 4, 5, 6, 7, 8, 9, 10, 11, 12, 13, 14, 15, 16, 17, 18, 19]",1531.0,0.0
"[0, 1, 2, 3, 4, 5, 6, 7, 8, 9, 10, 11, 12, 13, 14, 15, 16, 17, 18, 19]",1531.0,"[0, 1, 2, 3, 4, 5, 6, 7, 8, 9, 10, 11, 12, 13, 14, 15, 16, 17, 18, 19]",1531.0,0.09205102920532227
"[0, 1, 2, 3, 4, 5, 6, 7, 8, 9, 10, 11, 12, 13, 14, 15, 16, 17, 18, 19]",1531.0,"[0, 1, 2, 3, 4, 5, 6, 7, 8, 9, 10, 11, 12, 13, 14, 15, 16, 17, 18, 19]",1531.0,0.15499067306518555
"[0, 1, 2, 3, 4, 5, 6, 7, 13, 9, 10, 11, 12, 8, 14, 15, 16, 17, 18, 19]",1504.5,"[0, 1, 2, 3, 4, 5, 6, 7, 13, 9, 10, 11, 12, 8, 14, 15, 16, 17, 18, 19]",1504.5,0.21800708770751953
"[0, 1, 2, 3, 4, 5, 6, 7, 13, 9, 10, 18, 12, 8, 14, 15, 16, 17, 11, 19]",1472.5,"[0, 1, 2, 3, 4, 5, 6, 7, 13, 9, 10, 18, 12, 8, 14, 15, 16, 17, 11, 19]",1472.5,0.27999258041381836
"[0, 1, 2, 3, 4, 5, 6, 7, 18, 9, 10, 13, 12, 8, 14, 15, 16, 17, 11, 19]",1449.5,"[0, 1, 2, 3, 4, 5, 6, 7, 18, 9, 10, 13, 12, 8, 14, 15, 16, 17, 11, 19]",1449.5,0.34598636627197266
"[0, 1, 2, 3, 4, 5, 6, 7, 18, 9, 10, 13, 12, 8, 14, 15, 16, 17, 11, 19]",1449.5,"[0, 1, 2, 3, 4, 5, 6, 7, 18, 9, 10, 13, 12, 8, 14, 15, 16, 17, 11, 19]",1449.5,0.41098713874816895
"[0, 1, 2, 3, 4, 5, 6, 7, 18, 9, 10, 13, 12, 8, 14, 15, 16, 17, 11, 19]",1449.5,"[0, 1, 2, 3, 4, 5, 6, 7, 18, 9, 10, 13, 12, 8, 14, 15, 16, 17, 11, 19]",1449.5,0.47399449348449707
"[0, 1, 2, 3, 4, 5, 6, 7, 18, 9, 10, 13, 12, 8, 14, 15, 16, 17, 11, 19]",1449.5,"[0, 1, 2, 3, 4, 5, 6, 7, 18, 9, 10, 13, 12, 8, 14, 15, 16, 17, 11, 19]",1449.5,0.5409865379333496
"[0, 1, 2, 3, 4, 5, 6, 7, 18, 9, 10, 13, 12, 8, 14, 15, 16, 17, 11, 19]",1449.5,"[0, 1, 2, 3, 4, 5, 6, 7, 18, 9, 10, 13, 12, 8, 14, 15, 16, 17, 11, 19]",1449.5,0.6039960384368896
"[0, 1, 2, 3, 4, 5, 6, 7, 18, 9, 10, 13, 12, 8, 14, 15, 16, 17, 11, 19]",1449.5,"[0, 1, 2, 3, 4, 5, 6, 7, 18, 9, 10, 13, 12, 8, 14, 15, 16, 17, 11, 19]",1449.5,0.6659982204437256
"[0, 1, 2, 3, 4, 5, 6, 7, 18, 9, 10, 13, 12, 8, 14, 15, 16, 17, 11, 19]",1449.5,"[0, 1, 2, 3, 4, 5, 6, 7, 18, 9, 10, 13, 12, 8, 14, 15, 16, 17, 11, 19]",1449.5,0.7289912700653076
"[0, 1, 2, 3, 4, 5, 6, 19, 18, 9, 10, 13, 12, 8, 14, 15, 16, 17, 11, 7]",1420.0,"[0, 1, 2, 3, 4, 5, 6, 19, 18, 9, 10, 13, 12, 8, 14, 15, 16, 17, 11, 7]",1420.0,0.7919881343841553
"[0, 1, 2, 3, 4, 5, 6, 19, 18, 9, 10, 13, 12, 8, 14, 15, 16, 17, 11, 7]",1420.0,"[0, 1, 2, 3, 4, 5, 6, 19, 18, 9, 10, 13, 12, 8, 14, 15, 16, 17, 11, 7]",1420.0,0.856989860534668
"[0, 3, 2, 1, 4, 5, 6, 19, 18, 9, 10, 13, 12, 8, 14, 15, 16, 17, 11, 7]",1405.0,"[0, 3, 2, 1, 4, 5, 6, 19, 18, 9, 10, 13, 12, 8, 14, 15, 16, 17, 11, 7]",1405.0,0.9229886531829834
"[0, 3, 2, 1, 4, 5, 6, 19, 18, 9, 10, 13, 12, 8, 14, 15, 16, 17, 11, 7]",1405.0,"[0, 3, 2, 1, 4, 5, 6, 19, 18, 9, 10, 13, 12, 8, 14, 15, 16, 17, 11, 7]",1405.0,0.9889907836914062
"[0, 3, 2, 1, 4, 5, 14, 19, 18, 9, 10, 13, 12, 8, 6, 15, 16, 17, 11, 7]",1375.0,"[0, 3, 2, 1, 4, 5, 14, 19, 18, 9, 10, 13, 12, 8, 6, 15, 16, 17, 11, 7]",1375.0,1.0549893379211426
"[0, 3, 2, 1, 4, 5, 14, 19, 18, 9, 10, 13, 12, 8, 6, 15, 16, 17, 11, 7]",1375.0,"[0, 3, 2, 1, 4, 5, 14, 19, 18, 9, 10, 13, 12, 8, 6, 15, 16, 17, 11, 7]",1375.0,1.1219985485076904
"[0, 3, 2, 1, 4, 5, 14, 19, 18, 9, 10, 13, 12, 8, 6, 15, 16, 17, 11, 7]",1375.0,"[0, 3, 2, 1, 4, 5, 14, 19, 18, 9, 10, 13, 12, 8, 6, 15, 16, 17, 11, 7]",1375.0,1.1929974555969238
"[0, 3, 2, 1, 4, 5, 14, 19, 18, 9, 10, 13, 12, 8, 6, 15, 16, 17, 11, 7]",1375.0,"[0, 3, 2, 1, 4, 5, 14, 19, 18, 9, 10, 13, 12, 8, 6, 15, 16, 17, 11, 7]",1375.0,1.262995719909668
"[0, 3, 2, 1, 4, 5, 14, 19, 18, 9, 10, 13, 12, 8, 6, 15, 16, 17, 11, 7]",1375.0,"[0, 3, 2, 1, 4, 5, 14, 19, 18, 9, 10, 13, 12, 8, 6, 15, 16, 17, 11, 7]",1375.0,1.3279988765716553
"[0, 3, 2, 1, 4, 5, 14, 17, 18, 9, 10, 13, 12, 8, 6, 15, 16, 19, 11, 7]",1372.5,"[0, 3, 2, 1, 4, 5, 14, 17, 18, 9, 10, 13, 12, 8, 6, 15, 16, 19, 11, 7]",1372.5,1.3979928493499756
"[0, 3, 2, 1, 4, 5, 14, 17, 18, 9, 10, 13, 12, 8, 6, 15, 16, 19, 11, 7]",1372.5,"[0, 3, 2, 1, 4, 5, 14, 17, 18, 9, 10, 13, 12, 8, 6, 15, 16, 19, 11, 7]",1372.5,1.4770357608795166
"[0, 3, 2, 1, 4, 5, 14, 17, 18, 9, 10, 13, 12, 8, 6, 15, 16, 19, 11, 7]",1372.5,"[0, 3, 2, 1, 4, 5, 14, 17, 18, 9, 10, 13, 12, 8, 6, 15, 16, 19, 11, 7]",1372.5,1.5589914321899414
"[0, 3, 2, 1, 4, 5, 14, 17, 18, 9, 10, 13, 12, 8, 6, 15, 16, 19, 11, 7]",1372.5,"[0, 3, 2, 1, 4, 5, 14, 17, 18, 9, 10, 13, 12, 8, 6, 15, 16, 19, 11, 7]",1372.5,1.6409912109375
"[0, 3, 2, 1, 4, 5, 14, 17, 18, 9, 10, 13, 12, 8, 6, 15, 16, 19, 11, 7]",1372.5,"[0, 3, 2, 1, 4, 5, 14, 17, 18, 9, 10, 13, 12, 8, 6, 15, 16, 19, 11, 7]",1372.5,1.7069942951202393
"[0, 3, 2, 1, 4, 5, 14, 17, 18, 9, 10, 13, 12, 8, 6, 15, 16, 19, 11, 7]",1372.5,"[0, 3, 2, 1, 4, 5, 14, 17, 18, 9, 10, 13, 12, 8, 6, 15, 16, 19, 11, 7]",1372.5,1.7709975242614746
"[0, 3, 2, 1, 4, 5, 14, 17, 18, 9, 10, 13, 12, 8, 6, 15, 16, 19, 11, 7]",1372.5,"[0, 3, 2, 1, 4, 5, 14, 17, 18, 9, 10, 13, 12, 8, 6, 15, 16, 19, 11, 7]",1372.5,1.8379991054534912
"[7, 3, 2, 1, 4, 5, 14, 17, 18, 9, 10, 13, 12, 8, 6, 15, 16, 19, 11, 0]",1350.5,"[7, 3, 2, 1, 4, 5, 14, 17, 18, 9, 10, 13, 12, 8, 6, 15, 16, 19, 11, 0]",1350.5,1.9069929122924805
"[7, 3, 2, 1, 4, 5, 14, 17, 18, 9, 10, 13, 12, 8, 6, 15, 16, 19, 11, 0]",1350.5,"[7, 3, 2, 1, 4, 5, 14, 17, 18, 9, 10, 13, 12, 8, 6, 15, 16, 19, 11, 0]",1350.5,1.9759984016418457
"[7, 3, 2, 1, 4, 5, 14, 17, 18, 9, 10, 13, 12, 8, 6, 15, 16, 19, 11, 0]",1350.5,"[7, 3, 2, 1, 4, 5, 14, 17, 18, 9, 10, 13, 12, 8, 6, 15, 16, 19, 11, 0]",1350.5,2.0429983139038086
"[7, 3, 2, 1, 4, 5, 14, 17, 18, 9, 10, 13, 12, 8, 6, 15, 16, 19, 11, 0]",1350.5,"[7, 3, 2, 1, 4, 5, 14, 17, 18, 9, 10, 13, 12, 8, 6, 15, 16, 19, 11, 0]",1350.5,2.1090004444122314
"[7, 3, 2, 1, 4, 5, 14, 17, 18, 9, 10, 13, 12, 8, 6, 15, 16, 19, 11, 0]",1350.5,"[7, 3, 2, 1, 4, 5, 14, 17, 18, 9, 10, 13, 12, 8, 6, 15, 16, 19, 11, 0]",1350.5,2.1800029277801514
"[7, 3, 2, 1, 4, 5, 14, 17, 18, 9, 10, 13, 12, 8, 6, 15, 16, 19, 11, 0]",1350.5,"[7, 3, 2, 1, 4, 5, 14, 17, 18, 9, 10, 13, 12, 8, 6, 15, 16, 19, 11, 0]",1350.5,2.2509958744049072
"[7, 3, 2, 1, 4, 5, 14, 17, 18, 9, 10, 13, 12, 8, 6, 15, 16, 19, 11, 0]",1350.5,"[7, 3, 2, 1, 4, 5, 14, 17, 18, 9, 10, 13, 12, 8, 6, 15, 16, 19, 11, 0]",1350.5,2.3190536499023438
"[7, 3, 2, 1, 4, 5, 14, 17, 18, 9, 10, 13, 12, 8, 6, 15, 16, 19, 11, 0]",1350.5,"[7, 3, 2, 1, 4, 5, 14, 17, 18, 9, 10, 13, 12, 8, 6, 15, 16, 19, 11, 0]",1350.5,2.383000373840332
"[7, 3, 2, 1, 4, 5, 14, 17, 18, 9, 10, 13, 12, 8, 6, 15, 16, 19, 11, 0]",1350.5,"[7, 3, 2, 1, 4, 5, 14, 17, 18, 9, 10, 13, 12, 8, 6, 15, 16, 19, 11, 0]",1350.5,2.4510011672973633
"[7, 3, 2, 1, 4, 5, 14, 17, 18, 9, 10, 13, 12, 8, 6, 15, 16, 19, 11, 0]",1350.5,"[7, 3, 2, 1, 4, 5, 14, 17, 18, 9, 10, 13, 12, 8, 6, 15, 16, 19, 11, 0]",1350.5,2.5180015563964844
"[7, 3, 2, 1, 4, 5, 14, 17, 18, 9, 10, 13, 12, 8, 6, 15, 16, 19, 11, 0]",1350.5,"[7, 3, 2, 1, 4, 5, 14, 17, 18, 9, 10, 13, 12, 8, 6, 15, 16, 19, 11, 0]",1350.5,2.5879976749420166
"[7, 11, 2, 1, 4, 5, 14, 17, 18, 9, 10, 13, 12, 8, 6, 15, 16, 19, 3, 0]",1322.5,"[7, 11, 2, 1, 4, 5, 14, 17, 18, 9, 10, 13, 12, 8, 6, 15, 16, 19, 3, 0]",1322.5,2.659013509750366
"[7, 11, 2, 1, 4, 5, 14, 17, 18, 9, 10, 13, 12, 8, 6, 15, 16, 19, 3, 0]",1322.5,"[7, 11, 2, 1, 4, 5, 14, 17, 18, 9, 10, 13, 12, 8, 6, 15, 16, 19, 3, 0]",1322.5,2.7280113697052
"[7, 11, 2, 1, 4, 5, 14, 17, 18, 9, 10, 13, 12, 8, 6, 15, 16, 19, 3, 0]",1322.5,"[7, 11, 2, 1, 4, 5, 14, 17, 18, 9, 10, 13, 12, 8, 6, 15, 16, 19, 3, 0]",1322.5,2.7950096130371094
"[7, 11, 2, 1, 4, 5, 14, 17, 18, 9, 10, 13, 12, 8, 6, 15, 16, 19, 3, 0]",1322.5,"[7, 11, 2, 1, 4, 5, 14, 17, 18, 9, 10, 13, 12, 8, 6, 15, 16, 19, 3, 0]",1322.5,2.8670003414154053
"[7, 11, 2, 1, 4, 5, 14, 17, 18, 9, 10, 13, 12, 8, 6, 15, 16, 19, 3, 0]",1322.5,"[7, 11, 2, 1, 4, 5, 14, 17, 18, 9, 10, 13, 12, 8, 6, 15, 16, 19, 3, 0]",1322.5,2.9380240440368652
"[7, 11, 2, 1, 4, 5, 14, 17, 18, 9, 10, 13, 12, 8, 6, 15, 16, 19, 3, 0]",1322.5,"[7, 11, 2, 1, 4, 5, 14, 17, 18, 9, 10, 13, 12, 8, 6, 15, 16, 19, 3, 0]",1322.5,3.0060007572174072
"[7, 11, 2, 1, 4, 5, 14, 17, 18, 9, 10, 13, 12, 8, 6, 15, 16, 19, 3, 0]",1322.5,"[7, 11, 2, 1, 4, 5, 14, 17, 18, 9, 10, 13, 12, 8, 6, 15, 16, 19, 3, 0]",1322.5,3.075004816055298
"[7, 11, 2, 1, 4, 5, 14, 17, 18, 9, 10, 13, 12, 8, 6, 15, 16, 19, 3, 0]",1322.5,"[7, 11, 2, 1, 4, 5, 14, 17, 18, 9, 10, 13, 12, 8, 6, 15, 16, 19, 3, 0]",1322.5,3.1430459022521973
"[7, 11, 2, 1, 4, 5, 14, 17, 18, 9, 10, 13, 12, 8, 6, 15, 16, 19, 3, 0]",1322.5,"[7, 11, 2, 1, 4, 5, 14, 17, 18, 9, 10, 13, 12, 8, 6, 15, 16, 19, 3, 0]",1322.5,3.2130014896392822
"[7, 11, 2, 1, 4, 5, 14, 17, 18, 9, 10, 13, 12, 8, 6, 15, 16, 19, 3, 0]",1322.5,"[7, 11, 2, 1, 4, 5, 14, 17, 18, 9, 10, 13, 12, 8, 6, 15, 16, 19, 3, 0]",1322.5,3.2830045223236084
"[7, 11, 2, 1, 4, 5, 14, 17, 18, 9, 10, 13, 12, 8, 6, 15, 16, 19, 3, 0]",1322.5,"[7, 11, 2, 1, 4, 5, 14, 17, 18, 9, 10, 13, 12, 8, 6, 15, 16, 19, 3, 0]",1322.5,3.349005699157715
"[7, 11, 2, 1, 4, 5, 14, 17, 18, 9, 10, 13, 12, 8, 6, 15, 16, 19, 3, 0]",1322.5,"[7, 11, 2, 1, 4, 5, 14, 17, 18, 9, 10, 13, 12, 8, 6, 15, 16, 19, 3, 0]",1322.5,3.417006731033325
"[7, 11, 2, 1, 4, 5, 14, 17, 18, 9, 10, 13, 12, 8, 6, 15, 16, 19, 3, 0]",1322.5,"[7, 11, 2, 1, 4, 5, 14, 17, 18, 9, 10, 13, 12, 8, 6, 15, 16, 19, 3, 0]",1322.5,3.488006353378296
"[7, 11, 2, 1, 4, 5, 14, 17, 18, 9, 10, 13, 12, 8, 6, 15, 16, 19, 3, 0]",1322.5,"[7, 11, 2, 1, 4, 5, 14, 17, 18, 9, 10, 13, 12, 8, 6, 15, 16, 19, 3, 0]",1322.5,3.562016010284424
"[7, 11, 2, 1, 4, 5, 14, 17, 18, 9, 10, 13, 12, 8, 6, 15, 16, 19, 3, 0]",1322.5,"[7, 11, 2, 1, 4, 5, 14, 17, 18, 9, 10, 13, 12, 8, 6, 15, 16, 19, 3, 0]",1322.5,3.641005039215088
"[7, 11, 2, 1, 4, 5, 14, 17, 18, 9, 10, 13, 12, 8, 6, 15, 16, 19, 3, 0]",1322.5,"[7, 11, 2, 1, 4, 5, 14, 17, 18, 9, 10, 13, 12, 8, 6, 15, 16, 19, 3, 0]",1322.5,3.7140390872955322
"[7, 11, 2, 1, 4, 5, 14, 17, 18, 9, 10, 13, 12, 8, 6, 15, 16, 19, 3, 0]",1322.5,"[7, 11, 2, 1, 4, 5, 14, 17, 18, 9, 10, 13, 12, 8, 6, 15, 16, 19, 3, 0]",1322.5,3.7790050506591797
"[7, 11, 2, 1, 4, 5, 14, 17, 18, 9, 10, 13, 12, 8, 6, 15, 16, 19, 3, 0]",1322.5,"[7, 11, 2, 1, 4, 5, 14, 17, 18, 9, 10, 13, 12, 8, 6, 15, 16, 19, 3, 0]",1322.5,3.8490147590637207
"[7, 11, 2, 1, 4, 5, 14, 17, 18, 9, 10, 13, 12, 8, 6, 15, 16, 19, 3, 0]",1322.5,"[7, 11, 2, 1, 4, 5, 14, 17, 18, 9, 10, 13, 12, 8, 6, 15, 16, 19, 3, 0]",1322.5,3.918006181716919
"[7, 11, 2, 1, 4, 5, 14, 17, 18, 9, 10, 13, 12, 8, 6, 15, 16, 19, 3, 0]",1322.5,"[7, 11, 2, 1, 4, 5, 14, 17, 18, 9, 10, 13, 12, 8, 6, 15, 16, 19, 3, 0]",1322.5,3.987009286880493
"[7, 11, 2, 1, 4, 5, 14, 17, 18, 9, 10, 13, 12, 8, 6, 15, 16, 19, 3, 0]",1322.5,"[7, 11, 2, 1, 4, 5, 14, 17, 18, 9, 10, 13, 12, 8, 6, 15, 16, 19, 3, 0]",1322.5,4.056013345718384
"[7, 11, 2, 1, 4, 5, 14, 17, 18, 9, 10, 13, 12, 8, 6, 15, 16, 19, 3, 0]",1322.5,"[7, 11, 2, 1, 4, 5, 14, 17, 18, 9, 10, 13, 12, 8, 6, 15, 16, 19, 3, 0]",1322.5,4.135010004043579
"[7, 11, 2, 1, 4, 5, 14, 17, 18, 9, 10, 13, 12, 8, 6, 15, 16, 19, 3, 0]",1322.5,"[7, 11, 2, 1, 4, 5, 14, 17, 18, 9, 10, 13, 12, 8, 6, 15, 16, 19, 3, 0]",1322.5,4.210053205490112
"[7, 11, 2, 1, 4, 5, 14, 17, 18, 9, 10, 13, 12, 8, 6, 15, 16, 19, 3, 0]",1322.5,"[7, 11, 2, 1, 4, 5, 14, 17, 18, 9, 10, 13, 12, 8, 6, 15, 16, 19, 3, 0]",1322.5,4.307012319564819
"[7, 11, 2, 1, 4, 5, 14, 17, 18, 9, 10, 13, 12, 8, 6, 15, 16, 19, 3, 0]",1322.5,"[7, 11, 2, 1, 4, 5, 14, 17, 18, 9, 10, 13, 12, 8, 6, 15, 16, 19, 3, 0]",1322.5,4.377016305923462
"[7, 11, 2, 1, 4, 5, 14, 17, 18, 9, 10, 13, 12, 8, 6, 15, 16, 19, 3, 0]",1322.5,"[7, 11, 2, 1, 4, 5, 14, 17, 18, 9, 10, 13, 12, 8, 6, 15, 16, 19, 3, 0]",1322.5,4.448011636734009
"[7, 11, 2, 1, 4, 5, 14, 17, 18, 9, 10, 13, 12, 8, 6, 15, 16, 19, 3, 0]",1322.5,"[7, 11, 2, 1, 4, 5, 14, 17, 18, 9, 10, 13, 12, 8, 6, 15, 16, 19, 3, 0]",1322.5,4.509013414382935
"[7, 11, 2, 1, 4, 5, 14, 17, 18, 9, 10, 13, 12, 8, 6, 15, 16, 19, 3, 0]",1322.5,"[7, 11, 2, 1, 4, 5, 14, 17, 18, 9, 10, 13, 12, 8, 6, 15, 16, 19, 3, 0]",1322.5,4.580012083053589
"[7, 11, 2, 1, 4, 5, 14, 17, 18, 9, 10, 13, 12, 8, 6, 15, 16, 19, 3, 0]",1322.5,"[7, 11, 2, 1, 4, 5, 14, 17, 18, 9, 10, 13, 12, 8, 6, 15, 16, 19, 3, 0]",1322.5,4.650020599365234
"[7, 11, 2, 1, 4, 5, 14, 17, 18, 9, 10, 13, 12, 8, 6, 15, 16, 19, 3, 0]",1322.5,"[7, 11, 2, 1, 4, 5, 14, 17, 18, 9, 10, 13, 12, 8, 6, 15, 16, 19, 3, 0]",1322.5,4.713014841079712
"[7, 11, 2, 1, 4, 5, 14, 17, 18, 9, 10, 13, 12, 8, 6, 15, 16, 19, 3, 0]",1322.5,"[7, 11, 2, 1, 4, 5, 14, 17, 18, 9, 10, 13, 12, 8, 6, 15, 16, 19, 3, 0]",1322.5,4.783015251159668
"[7, 11, 2, 1, 4, 5, 14, 17, 18, 9, 10, 13, 12, 8, 6, 15, 16, 19, 3, 0]",1322.5,"[7, 11, 2, 1, 4, 5, 14, 17, 18, 9, 10, 13, 12, 8, 6, 15, 16, 19, 3, 0]",1322.5,4.853015422821045
"[7, 11, 2, 1, 4, 5, 14, 17, 18, 9, 10, 13, 12, 8, 6, 15, 16, 19, 3, 0]",1322.5,"[7, 11, 2, 1, 4, 5, 14, 17, 18, 9, 10, 13, 12, 8, 6, 15, 16, 19, 3, 0]",1322.5,4.923020362854004
"[7, 11, 2, 1, 4, 5, 14, 17, 18, 9, 10, 13, 12, 8, 6, 15, 16, 19, 3, 0]",1322.5,"[7, 11, 2, 1, 4, 5, 14, 17, 18, 9, 10, 13, 12, 8, 6, 15, 16, 19, 3, 0]",1322.5,4.994011878967285
"[7, 11, 2, 1, 4, 5, 14, 17, 18, 9, 10, 13, 12, 8, 6, 15, 16, 19, 3, 0]",1322.5,"[7, 11, 2, 1, 4, 5, 14, 17, 18, 9, 10, 13, 12, 8, 6, 15, 16, 19, 3, 0]",1322.5,5.064022541046143
"[7, 11, 2, 1, 4, 5, 14, 17, 18, 9, 10, 13, 12, 8, 6, 15, 16, 19, 3, 0]",1322.5,"[7, 11, 2, 1, 4, 5, 14, 17, 18, 9, 10, 13, 12, 8, 6, 15, 16, 19, 3, 0]",1322.5,5.132014751434326
"[7, 11, 2, 1, 4, 5, 14, 17, 18, 9, 10, 13, 12, 8, 6, 15, 16, 19, 3, 0]",1322.5,"[7, 11, 2, 1, 4, 5, 14, 17, 18, 9, 10, 13, 12, 8, 6, 15, 16, 19, 3, 0]",1322.5,5.2031145095825195
"[7, 11, 2, 1, 4, 5, 14, 17, 18, 9, 10, 13, 12, 8, 6, 15, 16, 19, 3, 0]",1322.5,"[7, 11, 2, 1, 4, 5, 14, 17, 18, 9, 10, 13, 12, 8, 6, 15, 16, 19, 3, 0]",1322.5,5.275035381317139
"[7, 11, 2, 1, 4, 5, 14, 17, 18, 9, 10, 13, 12, 8, 6, 15, 16, 19, 3, 0]",1322.5,"[7, 11, 2, 1, 4, 5, 14, 17, 18, 9, 10, 13, 12, 8, 6, 15, 16, 19, 3, 0]",1322.5,5.34601902961731
"[7, 11, 2, 1, 4, 5, 14, 17, 18, 9, 10, 13, 12, 8, 6, 15, 16, 19, 3, 0]",1322.5,"[7, 11, 2, 1, 4, 5, 14, 17, 18, 9, 10, 13, 12, 8, 6, 15, 16, 19, 3, 0]",1322.5,5.4130165576934814
"[7, 11, 2, 1, 4, 5, 14, 17, 18, 9, 10, 13, 12, 8, 6, 15, 16, 19, 3, 0]",1322.5,"[7, 11, 2, 1, 4, 5, 14, 17, 18, 9, 10, 13, 12, 8, 6, 15, 16, 19, 3, 0]",1322.5,5.483018636703491
"[7, 11, 2, 1, 4, 5, 14, 17, 18, 9, 10, 13, 12, 8, 6, 15, 16, 19, 3, 0]",1322.5,"[7, 11, 2, 1, 4, 5, 14, 17, 18, 9, 10, 13, 12, 8, 6, 15, 16, 19, 3, 0]",1322.5,5.552019357681274
"[7, 11, 2, 1, 4, 5, 14, 17, 18, 9, 10, 13, 12, 8, 6, 15, 16, 19, 3, 0]",1322.5,"[7, 11, 2, 1, 4, 5, 14, 17, 18, 9, 10, 13, 12, 8, 6, 15, 16, 19, 3, 0]",1322.5,5.633017301559448
"[7, 11, 2, 1, 4, 5, 14, 17, 18, 9, 10, 13, 12, 8, 6, 15, 16, 19, 3, 0]",1322.5,"[7, 11, 2, 1, 4, 5, 14, 17, 18, 9, 10, 13, 12, 8, 6, 15, 16, 19, 3, 0]",1322.5,5.706015348434448
"[7, 11, 2, 1, 4, 5, 14, 17, 18, 9, 10, 13, 12, 8, 6, 15, 16, 19, 3, 0]",1322.5,"[7, 11, 2, 1, 4, 5, 14, 17, 18, 9, 10, 13, 12, 8, 6, 15, 16, 19, 3, 0]",1322.5,5.77801775932312
"[7, 11, 2, 1, 4, 5, 14, 17, 18, 9, 10, 13, 12, 8, 6, 15, 16, 19, 3, 0]",1322.5,"[7, 11, 2, 1, 4, 5, 14, 17, 18, 9, 10, 13, 12, 8, 6, 15, 16, 19, 3, 0]",1322.5,5.850017786026001
"[7, 11, 2, 1, 4, 5, 14, 17, 18, 9, 10, 13, 12, 8, 6, 15, 16, 19, 3, 0]",1322.5,"[7, 11, 2, 1, 4, 5, 14, 17, 18, 9, 10, 13, 12, 8, 6, 15, 16, 19, 3, 0]",1322.5,5.916021347045898
"[7, 11, 2, 1, 4, 5, 14, 17, 18, 9, 10, 13, 12, 8, 6, 15, 16, 19, 3, 0]",1322.5,"[7, 11, 2, 1, 4, 5, 14, 17, 18, 9, 10, 13, 12, 8, 6, 15, 16, 19, 3, 0]",1322.5,5.986027479171753
"[7, 11, 2, 1, 4, 5, 14, 17, 18, 9, 10, 13, 12, 8, 6, 15, 16, 19, 3, 0]",1322.5,"[7, 11, 2, 1, 4, 5, 14, 17, 18, 9, 10, 13, 12, 8, 6, 15, 16, 19, 3, 0]",1322.5,6.057024240493774
"[7, 11, 2, 1, 4, 5, 14, 17, 18, 9, 10, 13, 12, 8, 6, 15, 16, 19, 3, 0]",1322.5,"[7, 11, 2, 1, 4, 5, 14, 17, 18, 9, 10, 13, 12, 8, 6, 15, 16, 19, 3, 0]",1322.5,6.126017332077026
"[7, 11, 2, 1, 4, 5, 14, 17, 18, 9, 10, 13, 12, 8, 6, 15, 16, 19, 3, 0]",1322.5,"[7, 11, 2, 1, 4, 5, 14, 17, 18, 9, 10, 13, 12, 8, 6, 15, 16, 19, 3, 0]",1322.5,6.198032379150391
"[7, 11, 2, 1, 4, 5, 14, 17, 18, 9, 10, 13, 12, 8, 6, 15, 16, 19, 3, 0]",1322.5,"[7, 11, 2, 1, 4, 5, 14, 17, 18, 9, 10, 13, 12, 8, 6, 15, 16, 19, 3, 0]",1322.5,6.268020391464233
"[7, 11, 2, 1, 4, 5, 14, 17, 18, 9, 10, 13, 19, 8, 6, 15, 16, 12, 3, 0]",1308.5,"[7, 11, 2, 1, 4, 5, 14, 17, 18, 9, 10, 13, 19, 8, 6, 15, 16, 12, 3, 0]",1308.5,6.337018966674805
"[7, 11, 2, 1, 4, 5, 14, 17, 18, 9, 10, 13, 19, 8, 6, 15, 16, 12, 3, 0]",1308.5,"[7, 11, 2, 1, 4, 5, 14, 17, 18, 9, 10, 13, 19, 8, 6, 15, 16, 12, 3, 0]",1308.5,6.400029420852661
"[7, 11, 2, 1, 4, 5, 14, 17, 18, 9, 10, 13, 19, 8, 6, 15, 16, 12, 3, 0]",1308.5,"[7, 11, 2, 1, 4, 5, 14, 17, 18, 9, 10, 13, 19, 8, 6, 15, 16, 12, 3, 0]",1308.5,6.470028400421143
"[7, 11, 2, 1, 4, 5, 14, 17, 18, 9, 10, 13, 19, 8, 6, 15, 16, 12, 3, 0]",1308.5,"[7, 11, 2, 1, 4, 5, 14, 17, 18, 9, 10, 13, 19, 8, 6, 15, 16, 12, 3, 0]",1308.5,6.540024518966675
"[7, 11, 2, 1, 4, 5, 14, 17, 18, 9, 10, 13, 19, 8, 6, 15, 16, 12, 3, 0]",1308.5,"[7, 11, 2, 1, 4, 5, 14, 17, 18, 9, 10, 13, 19, 8, 6, 15, 16, 12, 3, 0]",1308.5,6.609023809432983
"[7, 11, 2, 1, 4, 5, 14, 17, 18, 9, 10, 13, 19, 8, 6, 15, 16, 12, 3, 0]",1308.5,"[7, 11, 2, 1, 4, 5, 14, 17, 18, 9, 10, 13, 19, 8, 6, 15, 16, 12, 3, 0]",1308.5,6.677022695541382
"[7, 11, 2, 1, 4, 5, 14, 17, 18, 9, 10, 13, 19, 8, 6, 15, 16, 12, 3, 0]",1308.5,"[7, 11, 2, 1, 4, 5, 14, 17, 18, 9, 10, 13, 19, 8, 6, 15, 16, 12, 3, 0]",1308.5,6.743022918701172
"[7, 11, 2, 1, 4, 5, 14, 17, 18, 9, 10, 13, 19, 8, 6, 15, 16, 12, 3, 0]",1308.5,"[7, 11, 2, 1, 4, 5, 14, 17, 18, 9, 10, 13, 19, 8, 6, 15, 16, 12, 3, 0]",1308.5,6.813028573989868
"[7, 11, 2, 1, 4, 5, 14, 17, 18, 9, 10, 13, 19, 8, 6, 15, 16, 12, 3, 0]",1308.5,"[7, 11, 2, 1, 4, 5, 14, 17, 18, 9, 10, 13, 19, 8, 6, 15, 16, 12, 3, 0]",1308.5,6.883049249649048
"[7, 11, 2, 1, 4, 5, 14, 17, 18, 9, 10, 13, 19, 8, 6, 15, 16, 12, 3, 0]",1308.5,"[7, 11, 2, 1, 4, 5, 14, 17, 18, 9, 10, 13, 19, 8, 6, 15, 16, 12, 3, 0]",1308.5,6.95102596282959
"[7, 11, 2, 1, 4, 5, 14, 17, 18, 9, 10, 13, 19, 8, 6, 15, 16, 12, 3, 0]",1308.5,"[7, 11, 2, 1, 4, 5, 14, 17, 18, 9, 10, 13, 19, 8, 6, 15, 16, 12, 3, 0]",1308.5,7.018028020858765
"[7, 11, 2, 1, 4, 5, 14, 17, 18, 9, 10, 13, 19, 8, 6, 15, 16, 12, 3, 0]",1308.5,"[7, 11, 2, 1, 4, 5, 14, 17, 18, 9, 10, 13, 19, 8, 6, 15, 16, 12, 3, 0]",1308.5,7.0880279541015625
"[7, 11, 2, 1, 4, 5, 14, 17, 18, 9, 10, 13, 19, 8, 6, 15, 16, 12, 3, 0]",1308.5,"[7, 11, 2, 1, 4, 5, 14, 17, 18, 9, 10, 13, 19, 8, 6, 15, 16, 12, 3, 0]",1308.5,7.158036470413208
"[7, 11, 2, 1, 4, 5, 14, 17, 18, 9, 10, 13, 19, 8, 6, 15, 16, 12, 3, 0]",1308.5,"[7, 11, 2, 1, 4, 5, 14, 17, 18, 9, 10, 13, 19, 8, 6, 15, 16, 12, 3, 0]",1308.5,7.229039669036865
"[7, 11, 2, 1, 4, 5, 14, 17, 18, 9, 10, 13, 19, 8, 6, 15, 16, 12, 3, 0]",1308.5,"[7, 11, 2, 1, 4, 5, 14, 17, 18, 9, 10, 13, 19, 8, 6, 15, 16, 12, 3, 0]",1308.5,7.298031568527222
"[7, 11, 2, 1, 4, 5, 14, 17, 18, 9, 10, 13, 19, 8, 6, 15, 16, 12, 3, 0]",1308.5,"[7, 11, 2, 1, 4, 5, 14, 17, 18, 9, 10, 13, 19, 8, 6, 15, 16, 12, 3, 0]",1308.5,7.362047910690308
"[7, 11, 2, 1, 4, 5, 14, 17, 18, 9, 10, 13, 19, 8, 6, 15, 16, 12, 3, 0]",1308.5,"[7, 11, 2, 1, 4, 5, 14, 17, 18, 9, 10, 13, 19, 8, 6, 15, 16, 12, 3, 0]",1308.5,7.432009935379028
"[7, 11, 2, 1, 4, 5, 14, 17, 18, 9, 10, 13, 19, 8, 6, 15, 16, 12, 3, 0]",1308.5,"[7, 11, 2, 1, 4, 5, 14, 17, 18, 9, 10, 13, 19, 8, 6, 15, 16, 12, 3, 0]",1308.5,7.502041339874268
"[7, 11, 2, 1, 4, 5, 14, 17, 18, 9, 10, 13, 19, 8, 6, 15, 16, 12, 3, 0]",1308.5,"[7, 11, 2, 1, 4, 5, 14, 17, 18, 9, 10, 13, 19, 8, 6, 15, 16, 12, 3, 0]",1308.5,7.570028305053711
"[7, 11, 2, 1, 4, 5, 14, 17, 18, 9, 10, 13, 19, 8, 6, 15, 16, 12, 3, 0]",1308.5,"[7, 11, 2, 1, 4, 5, 14, 17, 18, 9, 10, 13, 19, 8, 6, 15, 16, 12, 3, 0]",1308.5,7.638041257858276
"[7, 11, 2, 1, 4, 5, 14, 17, 18, 9, 10, 13, 19, 8, 6, 15, 16, 12, 3, 0]",1308.5,"[7, 11, 2, 1, 4, 5, 14, 17, 18, 9, 10, 13, 19, 8, 6, 15, 16, 12, 3, 0]",1308.5,7.708048343658447
"[7, 11, 2, 1, 4, 5, 14, 17, 18, 9, 10, 13, 19, 8, 6, 15, 16, 12, 3, 0]",1308.5,"[7, 11, 2, 1, 4, 5, 14, 17, 18, 9, 10, 13, 19, 8, 6, 15, 16, 12, 3, 0]",1308.5,7.7770836353302
"[7, 11, 2, 1, 4, 5, 14, 17, 18, 9, 10, 13, 19, 8, 6, 15, 16, 12, 3, 0]",1308.5,"[7, 11, 2, 1, 4, 5, 14, 17, 18, 9, 10, 13, 19, 8, 6, 15, 16, 12, 3, 0]",1308.5,7.845052242279053
"[7, 11, 2, 1, 4, 5, 14, 17, 18, 9, 10, 13, 19, 8, 6, 15, 16, 12, 3, 0]",1308.5,"[7, 11, 2, 1, 4, 5, 14, 17, 18, 9, 10, 13, 19, 8, 6, 15, 16, 12, 3, 0]",1308.5,7.914036989212036
"[7, 11, 2, 1, 4, 5, 14, 17, 18, 9, 10, 13, 19, 8, 6, 15, 16, 12, 3, 0]",1308.5,"[7, 11, 2, 1, 4, 5, 14, 17, 18, 9, 10, 13, 19, 8, 6, 15, 16, 12, 3, 0]",1308.5,7.9800310134887695
"[7, 11, 2, 1, 4, 5, 14, 17, 18, 9, 10, 13, 19, 8, 6, 15, 16, 12, 3, 0]",1308.5,"[7, 11, 2, 1, 4, 5, 14, 17, 18, 9, 10, 13, 19, 8, 6, 15, 16, 12, 3, 0]",1308.5,8.046032905578613
"[7, 11, 2, 1, 4, 5, 14, 17, 18, 9, 10, 13, 19, 8, 6, 15, 16, 12, 3, 0]",1308.5,"[7, 11, 2, 1, 4, 5, 14, 17, 18, 9, 10, 13, 19, 8, 6, 15, 16, 12, 3, 0]",1308.5,8.114033699035645
"[7, 11, 2, 1, 4, 5, 14, 17, 18, 9, 10, 13, 19, 8, 6, 15, 16, 12, 3, 0]",1308.5,"[7, 11, 2, 1, 4, 5, 14, 17, 18, 9, 10, 13, 19, 8, 6, 15, 16, 12, 3, 0]",1308.5,8.185036659240723
"[7, 11, 2, 1, 4, 5, 14, 17, 18, 9, 10, 13, 19, 8, 6, 15, 16, 12, 3, 0]",1308.5,"[7, 11, 2, 1, 4, 5, 14, 17, 18, 9, 10, 13, 19, 8, 6, 15, 16, 12, 3, 0]",1308.5,8.260043144226074
"[7, 11, 2, 1, 4, 5, 14, 17, 18, 9, 10, 13, 19, 8, 6, 15, 16, 12, 3, 0]",1308.5,"[7, 11, 2, 1, 4, 5, 14, 17, 18, 9, 10, 13, 19, 8, 6, 15, 16, 12, 3, 0]",1308.5,8.334033966064453
"[7, 11, 2, 1, 4, 5, 14, 17, 18, 9, 10, 13, 19, 8, 6, 15, 16, 12, 3, 0]",1308.5,"[7, 11, 2, 1, 4, 5, 14, 17, 18, 9, 10, 13, 19, 8, 6, 15, 16, 12, 3, 0]",1308.5,8.414043426513672
"[7, 11, 2, 1, 4, 5, 14, 17, 18, 9, 10, 13, 19, 8, 6, 15, 16, 12, 3, 0]",1308.5,"[7, 11, 2, 1, 4, 5, 14, 17, 18, 9, 10, 13, 19, 8, 6, 15, 16, 12, 3, 0]",1308.5,8.487036228179932
"[7, 11, 2, 1, 4, 5, 14, 17, 18, 9, 10, 13, 19, 8, 6, 15, 16, 12, 3, 0]",1308.5,"[7, 11, 2, 1, 4, 5, 14, 17, 18, 9, 10, 13, 19, 8, 6, 15, 16, 12, 3, 0]",1308.5,8.562040328979492
"[7, 11, 2, 1, 4, 5, 14, 17, 18, 9, 10, 13, 19, 8, 6, 15, 16, 12, 3, 0]",1308.5,"[7, 11, 2, 1, 4, 5, 14, 17, 18, 9, 10, 13, 19, 8, 6, 15, 16, 12, 3, 0]",1308.5,8.636036396026611
"[7, 11, 2, 1, 4, 5, 14, 17, 18, 9, 10, 13, 19, 8, 6, 15, 16, 12, 3, 0]",1308.5,"[7, 11, 2, 1, 4, 5, 14, 17, 18, 9, 10, 13, 19, 8, 6, 15, 16, 12, 3, 0]",1308.5,8.705039978027344
"[7, 11, 2, 1, 4, 5, 14, 17, 18, 9, 10, 13, 19, 8, 6, 15, 16, 12, 3, 0]",1308.5,"[7, 11, 2, 1, 4, 5, 14, 17, 18, 9, 10, 13, 19, 8, 6, 15, 16, 12, 3, 0]",1308.5,8.774038791656494
"[7, 11, 2, 1, 4, 5, 14, 17, 18, 9, 10, 13, 19, 8, 6, 15, 16, 12, 3, 0]",1308.5,"[7, 11, 2, 1, 4, 5, 14, 17, 18, 9, 10, 13, 19, 8, 6, 15, 16, 12, 3, 0]",1308.5,8.844037532806396
"[7, 11, 2, 1, 4, 5, 14, 17, 18, 9, 10, 13, 19, 8, 6, 15, 16, 12, 3, 0]",1308.5,"[7, 11, 2, 1, 4, 5, 14, 17, 18, 9, 10, 13, 19, 8, 6, 15, 16, 12, 3, 0]",1308.5,8.942042827606201
"[7, 11, 2, 1, 4, 5, 14, 17, 18, 9, 10, 13, 19, 8, 6, 15, 16, 12, 3, 0]",1308.5,"[7, 11, 2, 1, 4, 5, 14, 17, 18, 9, 10, 13, 19, 8, 6, 15, 16, 12, 3, 0]",1308.5,9.013038158416748
"[7, 11, 2, 1, 4, 5, 14, 17, 18, 9, 10, 13, 19, 8, 6, 15, 16, 12, 3, 0]",1308.5,"[7, 11, 2, 1, 4, 5, 14, 17, 18, 9, 10, 13, 19, 8, 6, 15, 16, 12, 3, 0]",1308.5,9.08004355430603
"[7, 11, 2, 1, 4, 5, 14, 17, 18, 9, 10, 13, 19, 8, 6, 15, 16, 12, 3, 0]",1308.5,"[7, 11, 2, 1, 4, 5, 14, 17, 18, 9, 10, 13, 19, 8, 6, 15, 16, 12, 3, 0]",1308.5,9.150037288665771
"[7, 11, 2, 1, 4, 5, 14, 17, 18, 9, 10, 13, 19, 8, 6, 15, 16, 12, 3, 0]",1308.5,"[7, 11, 2, 1, 4, 5, 14, 17, 18, 9, 10, 13, 19, 8, 6, 15, 16, 12, 3, 0]",1308.5,9.218040466308594
"[7, 11, 2, 1, 4, 5, 19, 17, 18, 9, 10, 13, 14, 8, 6, 15, 16, 12, 3, 0]",1307.0,"[7, 11, 2, 1, 4, 5, 19, 17, 18, 9, 10, 13, 14, 8, 6, 15, 16, 12, 3, 0]",1307.0,9.283034086227417
"[7, 11, 2, 1, 4, 5, 19, 17, 18, 9, 10, 13, 14, 8, 6, 15, 16, 12, 3, 0]",1307.0,"[7, 11, 2, 1, 4, 5, 19, 17, 18, 9, 10, 13, 14, 8, 6, 15, 16, 12, 3, 0]",1307.0,9.35403823852539
"[7, 11, 2, 1, 4, 5, 19, 17, 18, 9, 10, 13, 14, 8, 6, 15, 16, 12, 3, 0]",1307.0,"[7, 11, 2, 1, 4, 5, 19, 17, 18, 9, 10, 13, 14, 8, 6, 15, 16, 12, 3, 0]",1307.0,9.41803526878357
"[7, 11, 2, 1, 4, 5, 19, 17, 18, 9, 10, 13, 14, 8, 6, 15, 16, 12, 3, 0]",1307.0,"[7, 11, 2, 1, 4, 5, 19, 17, 18, 9, 10, 13, 14, 8, 6, 15, 16, 12, 3, 0]",1307.0,9.486040353775024
"[7, 11, 2, 1, 4, 5, 19, 17, 18, 9, 10, 13, 14, 8, 6, 15, 16, 12, 3, 0]",1307.0,"[7, 11, 2, 1, 4, 5, 19, 17, 18, 9, 10, 13, 14, 8, 6, 15, 16, 12, 3, 0]",1307.0,9.553072929382324
"[7, 11, 2, 1, 4, 5, 19, 17, 18, 9, 10, 13, 14, 8, 6, 15, 16, 12, 3, 0]",1307.0,"[7, 11, 2, 1, 4, 5, 19, 17, 18, 9, 10, 13, 14, 8, 6, 15, 16, 12, 3, 0]",1307.0,9.622039318084717
"[7, 11, 2, 1, 4, 5, 19, 17, 18, 9, 10, 13, 14, 8, 6, 15, 16, 12, 3, 0]",1307.0,"[7, 11, 2, 1, 4, 5, 19, 17, 18, 9, 10, 13, 14, 8, 6, 15, 16, 12, 3, 0]",1307.0,9.690041065216064
"[7, 11, 2, 1, 4, 5, 19, 17, 18, 9, 10, 13, 14, 8, 6, 15, 16, 12, 3, 0]",1307.0,"[7, 11, 2, 1, 4, 5, 19, 17, 18, 9, 10, 13, 14, 8, 6, 15, 16, 12, 3, 0]",1307.0,9.758037090301514
"[7, 11, 2, 1, 4, 5, 19, 17, 18, 9, 10, 13, 14, 8, 6, 15, 16, 12, 3, 0]",1307.0,"[7, 11, 2, 1, 4, 5, 19, 17, 18, 9, 10, 13, 14, 8, 6, 15, 16, 12, 3, 0]",1307.0,9.826037406921387
"[7, 11, 2, 1, 4, 5, 19, 17, 18, 9, 10, 13, 14, 8, 6, 15, 16, 12, 3, 0]",1307.0,"[7, 11, 2, 1, 4, 5, 19, 17, 18, 9, 10, 13, 14, 8, 6, 15, 16, 12, 3, 0]",1307.0,9.893038749694824
"[7, 11, 2, 1, 4, 5, 19, 17, 18, 9, 10, 13, 14, 8, 6, 15, 16, 12, 3, 0]",1307.0,"[7, 11, 2, 1, 4, 5, 19, 17, 18, 9, 10, 13, 14, 8, 6, 15, 16, 12, 3, 0]",1307.0,9.958040475845337
"[7, 11, 2, 1, 4, 5, 19, 17, 18, 9, 10, 13, 14, 8, 6, 15, 16, 12, 3, 0]",1307.0,"[7, 11, 2, 1, 4, 5, 19, 17, 18, 9, 10, 13, 14, 8, 6, 15, 16, 12, 3, 0]",1307.0,10.026046514511108
"[7, 11, 2, 1, 4, 5, 19, 17, 18, 9, 10, 13, 14, 8, 6, 15, 16, 12, 3, 0]",1307.0,"[7, 11, 2, 1, 4, 5, 19, 17, 18, 9, 10, 13, 14, 8, 6, 15, 16, 12, 3, 0]",1307.0,10.09408164024353
"[7, 11, 2, 1, 4, 5, 19, 17, 18, 9, 10, 13, 14, 8, 6, 15, 16, 12, 3, 0]",1307.0,"[7, 11, 2, 1, 4, 5, 19, 17, 18, 9, 10, 13, 14, 8, 6, 15, 16, 12, 3, 0]",1307.0,10.162041664123535
"[7, 11, 2, 1, 4, 5, 19, 17, 18, 9, 10, 13, 14, 8, 6, 15, 16, 12, 3, 0]",1307.0,"[7, 11, 2, 1, 4, 5, 19, 17, 18, 9, 10, 13, 14, 8, 6, 15, 16, 12, 3, 0]",1307.0,10.228049278259277
"[7, 11, 2, 1, 4, 5, 19, 17, 18, 9, 10, 13, 14, 8, 6, 15, 16, 12, 3, 0]",1307.0,"[7, 11, 2, 1, 4, 5, 19, 17, 18, 9, 10, 13, 14, 8, 6, 15, 16, 12, 3, 0]",1307.0,10.296051979064941
"[7, 11, 2, 1, 4, 5, 19, 17, 18, 9, 10, 13, 14, 8, 6, 15, 16, 12, 3, 0]",1307.0,"[7, 11, 2, 1, 4, 5, 19, 17, 18, 9, 10, 13, 14, 8, 6, 15, 16, 12, 3, 0]",1307.0,10.364046335220337
"[7, 11, 2, 1, 4, 5, 19, 17, 18, 9, 10, 13, 14, 8, 6, 15, 16, 12, 3, 0]",1307.0,"[7, 11, 2, 1, 4, 5, 19, 17, 18, 9, 10, 13, 14, 8, 6, 15, 16, 12, 3, 0]",1307.0,10.442047119140625
"[7, 11, 2, 1, 4, 5, 19, 17, 18, 9, 10, 13, 14, 8, 6, 15, 16, 12, 3, 0]",1307.0,"[7, 11, 2, 1, 4, 5, 19, 17, 18, 9, 10, 13, 14, 8, 6, 15, 16, 12, 3, 0]",1307.0,10.531055927276611
"[7, 11, 2, 1, 4, 5, 19, 17, 18, 9, 10, 13, 14, 8, 6, 15, 16, 12, 3, 0]",1307.0,"[7, 11, 2, 1, 4, 5, 19, 17, 18, 9, 10, 13, 14, 8, 6, 15, 16, 12, 3, 0]",1307.0,10.609047889709473
"[7, 11, 2, 1, 4, 5, 19, 17, 18, 9, 10, 13, 14, 8, 6, 15, 16, 12, 3, 0]",1307.0,"[7, 11, 2, 1, 4, 5, 19, 17, 18, 9, 10, 13, 14, 8, 6, 15, 16, 12, 3, 0]",1307.0,10.68005919456482
"[7, 11, 2, 1, 4, 5, 19, 17, 18, 9, 10, 13, 14, 8, 6, 15, 16, 12, 3, 0]",1307.0,"[7, 11, 2, 1, 4, 5, 19, 17, 18, 9, 10, 13, 14, 8, 6, 15, 16, 12, 3, 0]",1307.0,10.7570481300354
"[7, 11, 2, 1, 4, 5, 19, 17, 18, 9, 10, 13, 14, 8, 6, 15, 16, 12, 3, 0]",1307.0,"[7, 11, 2, 1, 4, 5, 19, 17, 18, 9, 10, 13, 14, 8, 6, 15, 16, 12, 3, 0]",1307.0,10.834116697311401
"[7, 11, 2, 1, 4, 5, 19, 17, 18, 9, 10, 13, 14, 8, 6, 15, 16, 12, 3, 0]",1307.0,"[7, 11, 2, 1, 4, 5, 19, 17, 18, 9, 10, 13, 14, 8, 6, 15, 16, 12, 3, 0]",1307.0,10.90876030921936
"[7, 11, 2, 1, 4, 5, 19, 17, 18, 9, 10, 13, 14, 8, 6, 15, 16, 12, 3, 0]",1307.0,"[7, 11, 2, 1, 4, 5, 19, 17, 18, 9, 10, 13, 14, 8, 6, 15, 16, 12, 3, 0]",1307.0,10.984050989151001
"[7, 11, 2, 1, 4, 5, 19, 17, 18, 9, 10, 13, 14, 8, 6, 15, 16, 12, 3, 0]",1307.0,"[7, 11, 2, 1, 4, 5, 19, 17, 18, 9, 10, 13, 14, 8, 6, 15, 16, 12, 3, 0]",1307.0,11.051049947738647
"[7, 11, 2, 1, 4, 5, 19, 17, 18, 9, 10, 13, 14, 8, 6, 15, 16, 12, 3, 0]",1307.0,"[7, 11, 2, 1, 4, 5, 19, 17, 18, 9, 10, 13, 14, 8, 6, 15, 16, 12, 3, 0]",1307.0,11.118053913116455
"[7, 11, 2, 1, 4, 5, 19, 17, 18, 9, 10, 13, 14, 8, 6, 15, 16, 12, 3, 0]",1307.0,"[7, 11, 2, 1, 4, 5, 19, 17, 18, 9, 10, 13, 14, 8, 6, 15, 16, 12, 3, 0]",1307.0,11.187058925628662
"[7, 11, 2, 1, 4, 5, 19, 17, 18, 9, 10, 13, 14, 8, 6, 15, 16, 12, 3, 0]",1307.0,"[7, 11, 2, 1, 4, 5, 19, 17, 18, 9, 10, 13, 14, 8, 6, 15, 16, 12, 3, 0]",1307.0,11.262049913406372
"[7, 11, 2, 1, 4, 5, 19, 17, 18, 9, 10, 13, 14, 8, 6, 15, 16, 12, 3, 0]",1307.0,"[7, 11, 2, 1, 4, 5, 19, 17, 18, 9, 10, 13, 14, 8, 6, 15, 16, 12, 3, 0]",1307.0,11.338764905929565
"[7, 11, 2, 1, 4, 5, 19, 17, 18, 9, 10, 13, 14, 8, 6, 15, 16, 12, 3, 0]",1307.0,"[7, 11, 2, 1, 4, 5, 19, 17, 18, 9, 10, 13, 14, 8, 6, 15, 16, 12, 3, 0]",1307.0,11.409075021743774
"[7, 11, 2, 1, 4, 5, 19, 17, 18, 9, 10, 13, 14, 8, 6, 15, 16, 12, 3, 0]",1307.0,"[7, 11, 2, 1, 4, 5, 19, 17, 18, 9, 10, 13, 14, 8, 6, 15, 16, 12, 3, 0]",1307.0,11.483081579208374
"[7, 11, 2, 1, 4, 5, 19, 17, 18, 9, 10, 13, 14, 8, 6, 15, 16, 12, 3, 0]",1307.0,"[7, 11, 2, 1, 4, 5, 19, 17, 18, 9, 10, 13, 14, 8, 6, 15, 16, 12, 3, 0]",1307.0,11.553063869476318
"[7, 11, 2, 1, 4, 5, 19, 17, 18, 9, 10, 13, 14, 8, 6, 15, 16, 12, 3, 0]",1307.0,"[7, 11, 2, 1, 4, 5, 19, 17, 18, 9, 10, 13, 14, 8, 6, 15, 16, 12, 3, 0]",1307.0,11.619051933288574
"[7, 11, 2, 1, 4, 5, 19, 17, 18, 9, 10, 13, 14, 8, 6, 15, 16, 12, 3, 0]",1307.0,"[7, 11, 2, 1, 4, 5, 19, 17, 18, 9, 10, 13, 14, 8, 6, 15, 16, 12, 3, 0]",1307.0,11.68805193901062
"[7, 11, 2, 1, 4, 5, 19, 17, 18, 9, 10, 13, 14, 8, 6, 15, 16, 12, 3, 0]",1307.0,"[7, 11, 2, 1, 4, 5, 19, 17, 18, 9, 10, 13, 14, 8, 6, 15, 16, 12, 3, 0]",1307.0,11.756052732467651
"[7, 11, 2, 1, 4, 5, 19, 17, 18, 9, 10, 13, 14, 8, 6, 15, 16, 12, 3, 0]",1307.0,"[7, 11, 2, 1, 4, 5, 19, 17, 18, 9, 10, 13, 14, 8, 6, 15, 16, 12, 3, 0]",1307.0,11.826053619384766
"[7, 11, 2, 1, 4, 5, 19, 17, 18, 9, 10, 13, 14, 8, 6, 15, 16, 12, 3, 0]",1307.0,"[7, 11, 2, 1, 4, 5, 19, 17, 18, 9, 10, 13, 14, 8, 6, 15, 16, 12, 3, 0]",1307.0,11.896053075790405
"[7, 11, 2, 1, 4, 5, 19, 17, 18, 9, 10, 13, 14, 8, 6, 15, 16, 12, 3, 0]",1307.0,"[7, 11, 2, 1, 4, 5, 19, 17, 18, 9, 10, 13, 14, 8, 6, 15, 16, 12, 3, 0]",1307.0,11.96305251121521
"[7, 11, 2, 1, 4, 5, 19, 17, 18, 9, 10, 13, 14, 8, 6, 15, 16, 12, 3, 0]",1307.0,"[7, 11, 2, 1, 4, 5, 19, 17, 18, 9, 10, 13, 14, 8, 6, 15, 16, 12, 3, 0]",1307.0,12.031057119369507
"[7, 11, 2, 1, 4, 5, 19, 17, 18, 9, 10, 13, 14, 8, 6, 15, 16, 12, 3, 0]",1307.0,"[7, 11, 2, 1, 4, 5, 19, 17, 18, 9, 10, 13, 14, 8, 6, 15, 16, 12, 3, 0]",1307.0,12.09705662727356
"[7, 11, 2, 1, 4, 5, 19, 17, 18, 9, 10, 13, 14, 8, 6, 15, 16, 12, 3, 0]",1307.0,"[7, 11, 2, 1, 4, 5, 19, 17, 18, 9, 10, 13, 14, 8, 6, 15, 16, 12, 3, 0]",1307.0,12.163054704666138
"[7, 11, 2, 1, 4, 5, 19, 17, 18, 9, 10, 13, 14, 8, 6, 15, 16, 12, 3, 0]",1307.0,"[7, 11, 2, 1, 4, 5, 19, 17, 18, 9, 10, 13, 14, 8, 6, 15, 16, 12, 3, 0]",1307.0,12.229058027267456
"[7, 11, 2, 1, 4, 5, 19, 17, 18, 9, 10, 13, 14, 8, 6, 15, 16, 12, 3, 0]",1307.0,"[7, 11, 2, 1, 4, 5, 19, 17, 18, 9, 10, 13, 14, 8, 6, 15, 16, 12, 3, 0]",1307.0,12.297091484069824
"[7, 11, 2, 1, 4, 5, 19, 17, 18, 9, 10, 13, 14, 8, 6, 15, 16, 12, 3, 0]",1307.0,"[7, 11, 2, 1, 4, 5, 19, 17, 18, 9, 10, 13, 14, 8, 6, 15, 16, 12, 3, 0]",1307.0,12.370056390762329
"[7, 11, 2, 1, 4, 5, 19, 17, 18, 9, 10, 13, 14, 8, 6, 15, 16, 12, 3, 0]",1307.0,"[7, 11, 2, 1, 4, 5, 19, 17, 18, 9, 10, 13, 14, 8, 6, 15, 16, 12, 3, 0]",1307.0,12.440056562423706
"[7, 11, 2, 1, 4, 5, 19, 17, 18, 9, 10, 13, 14, 8, 6, 15, 16, 12, 3, 0]",1307.0,"[7, 11, 2, 1, 4, 5, 19, 17, 18, 9, 10, 13, 14, 8, 6, 15, 16, 12, 3, 0]",1307.0,12.510056734085083
"[7, 11, 2, 1, 4, 5, 19, 17, 18, 9, 10, 13, 14, 8, 6, 15, 16, 12, 3, 0]",1307.0,"[7, 11, 2, 1, 4, 5, 19, 17, 18, 9, 10, 13, 14, 8, 6, 15, 16, 12, 3, 0]",1307.0,12.579057455062866
"[7, 11, 2, 1, 4, 5, 19, 17, 18, 9, 10, 13, 14, 8, 6, 15, 16, 12, 3, 0]",1307.0,"[7, 11, 2, 1, 4, 5, 19, 17, 18, 9, 10, 13, 14, 8, 6, 15, 16, 12, 3, 0]",1307.0,12.648081064224243
"[7, 11, 2, 1, 4, 5, 19, 17, 18, 9, 10, 13, 14, 8, 6, 15, 16, 12, 3, 0]",1307.0,"[7, 11, 2, 1, 4, 5, 19, 17, 18, 9, 10, 13, 14, 8, 6, 15, 16, 12, 3, 0]",1307.0,12.718060493469238
"[7, 11, 2, 1, 4, 5, 19, 17, 18, 9, 10, 13, 14, 8, 6, 15, 16, 12, 3, 0]",1307.0,"[7, 11, 2, 1, 4, 5, 19, 17, 18, 9, 10, 13, 14, 8, 6, 15, 16, 12, 3, 0]",1307.0,12.784072160720825
"[7, 11, 2, 1, 4, 5, 19, 17, 18, 9, 10, 13, 14, 8, 6, 15, 16, 12, 3, 0]",1307.0,"[7, 11, 2, 1, 4, 5, 19, 17, 18, 9, 10, 13, 14, 8, 6, 15, 16, 12, 3, 0]",1307.0,12.853059530258179
"[7, 11, 2, 1, 4, 5, 19, 17, 18, 9, 10, 13, 14, 8, 6, 15, 16, 12, 3, 0]",1307.0,"[7, 11, 2, 1, 4, 5, 19, 17, 18, 9, 10, 13, 14, 8, 6, 15, 16, 12, 3, 0]",1307.0,12.920058250427246
"[7, 11, 2, 1, 4, 5, 19, 17, 18, 9, 10, 13, 14, 8, 6, 15, 16, 12, 3, 0]",1307.0,"[7, 11, 2, 1, 4, 5, 19, 17, 18, 9, 10, 13, 14, 8, 6, 15, 16, 12, 3, 0]",1307.0,12.988065958023071
"[7, 11, 2, 1, 4, 5, 19, 17, 18, 9, 10, 13, 14, 8, 6, 15, 16, 12, 3, 0]",1307.0,"[7, 11, 2, 1, 4, 5, 19, 17, 18, 9, 10, 13, 14, 8, 6, 15, 16, 12, 3, 0]",1307.0,13.056065082550049
"[7, 11, 2, 1, 4, 5, 19, 17, 18, 9, 10, 13, 14, 8, 6, 15, 16, 12, 3, 0]",1307.0,"[7, 11, 2, 1, 4, 5, 19, 17, 18, 9, 10, 13, 14, 8, 6, 15, 16, 12, 3, 0]",1307.0,13.119068622589111
"[7, 11, 2, 1, 4, 5, 19, 17, 18, 9, 10, 13, 14, 8, 6, 15, 16, 12, 3, 0]",1307.0,"[7, 11, 2, 1, 4, 5, 19, 17, 18, 9, 10, 13, 14, 8, 6, 15, 16, 12, 3, 0]",1307.0,13.189070701599121
"[7, 11, 2, 1, 4, 5, 19, 17, 18, 9, 10, 13, 14, 8, 6, 15, 16, 12, 3, 0]",1307.0,"[7, 11, 2, 1, 4, 5, 19, 17, 18, 9, 10, 13, 14, 8, 6, 15, 16, 12, 3, 0]",1307.0,13.256070375442505
"[7, 11, 2, 1, 4, 5, 19, 17, 18, 9, 10, 13, 14, 8, 6, 15, 16, 12, 3, 0]",1307.0,"[7, 11, 2, 1, 4, 5, 19, 17, 18, 9, 10, 13, 14, 8, 6, 15, 16, 12, 3, 0]",1307.0,13.325074434280396
"[7, 11, 2, 1, 4, 5, 19, 17, 18, 9, 10, 13, 14, 8, 6, 15, 16, 12, 3, 0]",1307.0,"[7, 11, 2, 1, 4, 5, 19, 17, 18, 9, 10, 13, 14, 8, 6, 15, 16, 12, 3, 0]",1307.0,13.393062114715576
"[7, 11, 2, 1, 4, 5, 19, 17, 18, 9, 10, 13, 14, 8, 6, 15, 16, 12, 3, 0]",1307.0,"[7, 11, 2, 1, 4, 5, 19, 17, 18, 9, 10, 13, 14, 8, 6, 15, 16, 12, 3, 0]",1307.0,13.464064598083496
"[7, 11, 2, 1, 4, 5, 19, 17, 18, 9, 10, 13, 14, 8, 6, 15, 16, 12, 3, 0]",1307.0,"[7, 11, 2, 1, 4, 5, 19, 17, 18, 9, 10, 13, 14, 8, 6, 15, 16, 12, 3, 0]",1307.0,13.52821683883667
"[7, 11, 2, 1, 4, 5, 19, 17, 18, 9, 10, 13, 14, 8, 6, 15, 16, 12, 3, 0]",1307.0,"[7, 11, 2, 1, 4, 5, 19, 17, 18, 9, 10, 13, 14, 8, 6, 15, 16, 12, 3, 0]",1307.0,13.60106348991394
"[7, 11, 2, 1, 4, 5, 19, 17, 18, 9, 10, 13, 14, 8, 6, 15, 16, 12, 3, 0]",1307.0,"[7, 11, 2, 1, 4, 5, 19, 17, 18, 9, 10, 13, 14, 8, 6, 15, 16, 12, 3, 0]",1307.0,13.690059900283813
"[7, 11, 2, 1, 4, 5, 19, 17, 18, 9, 10, 13, 14, 8, 6, 15, 16, 12, 3, 0]",1307.0,"[7, 11, 2, 1, 4, 5, 19, 17, 18, 9, 10, 13, 14, 8, 6, 15, 16, 12, 3, 0]",1307.0,13.761061191558838
"[7, 11, 2, 1, 4, 5, 19, 17, 18, 9, 10, 13, 14, 8, 6, 15, 16, 12, 3, 0]",1307.0,"[7, 11, 2, 1, 4, 5, 19, 17, 18, 9, 10, 13, 14, 8, 6, 15, 16, 12, 3, 0]",1307.0,13.828066349029541
"[7, 11, 2, 1, 4, 5, 19, 17, 18, 9, 10, 13, 14, 8, 6, 15, 16, 12, 3, 0]",1307.0,"[7, 11, 2, 1, 4, 5, 19, 17, 18, 9, 10, 13, 14, 8, 6, 15, 16, 12, 3, 0]",1307.0,13.8950674533844
"[7, 11, 2, 1, 4, 5, 19, 17, 18, 9, 10, 13, 14, 8, 6, 15, 16, 12, 3, 0]",1307.0,"[7, 11, 2, 1, 4, 5, 19, 17, 18, 9, 10, 13, 14, 8, 6, 15, 16, 12, 3, 0]",1307.0,13.963097095489502
