Sequence,Fitness,Best_sequence,Best_fitness,Time
"[0, 1, 2, 3, 4, 5, 6, 7, 8, 9, 10, 11, 12, 13, 14, 15, 16, 17, 18, 19]",1140.0,"[0, 1, 2, 3, 4, 5, 6, 7, 8, 9, 10, 11, 12, 13, 14, 15, 16, 17, 18, 19]",1140.0,0.0
"[0, 1, 2, 3, 4, 5, 6, 7, 8, 9, 10, 11, 12, 13, 14, 15, 16, 17, 18, 19]",1140.0,"[0, 1, 2, 3, 4, 5, 6, 7, 8, 9, 10, 11, 12, 13, 14, 15, 16, 17, 18, 19]",1140.0,0.07400012016296387
"[0, 1, 2, 3, 4, 5, 6, 7, 8, 9, 10, 11, 12, 13, 14, 15, 16, 17, 18, 19]",1140.0,"[0, 1, 2, 3, 4, 5, 6, 7, 8, 9, 10, 11, 12, 13, 14, 15, 16, 17, 18, 19]",1140.0,0.14901423454284668
"[0, 1, 2, 3, 4, 5, 6, 7, 8, 9, 10, 11, 12, 13, 14, 15, 16, 17, 18, 19]",1140.0,"[0, 1, 2, 3, 4, 5, 6, 7, 8, 9, 10, 11, 12, 13, 14, 15, 16, 17, 18, 19]",1140.0,0.22501277923583984
"[0, 1, 2, 3, 4, 5, 6, 7, 8, 9, 10, 11, 12, 13, 14, 15, 16, 17, 18, 19]",1140.0,"[0, 1, 2, 3, 4, 5, 6, 7, 8, 9, 10, 11, 12, 13, 14, 15, 16, 17, 18, 19]",1140.0,0.3000030517578125
"[0, 1, 2, 3, 4, 5, 6, 7, 8, 9, 10, 11, 12, 13, 14, 15, 16, 17, 18, 19]",1140.0,"[0, 1, 2, 3, 4, 5, 6, 7, 8, 9, 10, 11, 12, 13, 14, 15, 16, 17, 18, 19]",1140.0,0.37700724601745605
"[0, 1, 2, 3, 4, 5, 6, 7, 8, 9, 10, 11, 12, 13, 14, 15, 16, 17, 18, 19]",1140.0,"[0, 1, 2, 3, 4, 5, 6, 7, 8, 9, 10, 11, 12, 13, 14, 15, 16, 17, 18, 19]",1140.0,0.45100951194763184
"[0, 1, 2, 3, 4, 5, 6, 7, 8, 9, 10, 11, 12, 13, 14, 15, 16, 17, 18, 19]",1140.0,"[0, 1, 2, 3, 4, 5, 6, 7, 8, 9, 10, 11, 12, 13, 14, 15, 16, 17, 18, 19]",1140.0,0.5250053405761719
"[0, 1, 2, 3, 4, 5, 6, 7, 8, 9, 10, 11, 12, 13, 14, 15, 16, 17, 18, 19]",1140.0,"[0, 1, 2, 3, 4, 5, 6, 7, 8, 9, 10, 11, 12, 13, 14, 15, 16, 17, 18, 19]",1140.0,0.5990116596221924
"[0, 1, 2, 3, 4, 5, 6, 7, 8, 9, 10, 11, 12, 13, 14, 15, 16, 17, 18, 19]",1140.0,"[0, 1, 2, 3, 4, 5, 6, 7, 8, 9, 10, 11, 12, 13, 14, 15, 16, 17, 18, 19]",1140.0,0.6760127544403076
"[0, 1, 2, 3, 4, 5, 6, 7, 8, 9, 10, 11, 12, 13, 14, 15, 16, 17, 18, 19]",1140.0,"[0, 1, 2, 3, 4, 5, 6, 7, 8, 9, 10, 11, 12, 13, 14, 15, 16, 17, 18, 19]",1140.0,0.7530183792114258
"[0, 1, 2, 3, 4, 5, 6, 7, 8, 9, 10, 11, 12, 13, 14, 15, 16, 17, 18, 19]",1140.0,"[0, 1, 2, 3, 4, 5, 6, 7, 8, 9, 10, 11, 12, 13, 14, 15, 16, 17, 18, 19]",1140.0,0.8280127048492432
"[0, 1, 2, 3, 4, 5, 6, 7, 8, 9, 10, 11, 12, 13, 14, 15, 16, 17, 18, 19]",1140.0,"[0, 1, 2, 3, 4, 5, 6, 7, 8, 9, 10, 11, 12, 13, 14, 15, 16, 17, 18, 19]",1140.0,0.90401291847229
"[0, 1, 2, 3, 4, 5, 6, 7, 8, 9, 10, 11, 12, 13, 14, 15, 16, 17, 18, 19]",1140.0,"[0, 1, 2, 3, 4, 5, 6, 7, 8, 9, 10, 11, 12, 13, 14, 15, 16, 17, 18, 19]",1140.0,0.9820106029510498
"[0, 1, 2, 3, 4, 5, 6, 7, 8, 9, 10, 11, 12, 13, 14, 15, 16, 17, 18, 19]",1140.0,"[0, 1, 2, 3, 4, 5, 6, 7, 8, 9, 10, 11, 12, 13, 14, 15, 16, 17, 18, 19]",1140.0,1.060011386871338
"[0, 1, 2, 3, 4, 5, 6, 7, 8, 9, 10, 11, 12, 13, 14, 15, 16, 17, 18, 19]",1140.0,"[0, 1, 2, 3, 4, 5, 6, 7, 8, 9, 10, 11, 12, 13, 14, 15, 16, 17, 18, 19]",1140.0,1.133014440536499
"[0, 1, 2, 3, 4, 5, 6, 7, 8, 9, 10, 11, 12, 13, 14, 15, 16, 17, 18, 19]",1140.0,"[0, 1, 2, 3, 4, 5, 6, 7, 8, 9, 10, 11, 12, 13, 14, 15, 16, 17, 18, 19]",1140.0,1.2070162296295166
"[0, 1, 2, 3, 4, 5, 6, 7, 8, 9, 10, 11, 12, 13, 14, 15, 16, 17, 18, 19]",1140.0,"[0, 1, 2, 3, 4, 5, 6, 7, 8, 9, 10, 11, 12, 13, 14, 15, 16, 17, 18, 19]",1140.0,1.2810165882110596
"[0, 1, 2, 3, 4, 5, 6, 7, 8, 9, 10, 11, 12, 13, 14, 15, 16, 17, 18, 19]",1140.0,"[0, 1, 2, 3, 4, 5, 6, 7, 8, 9, 10, 11, 12, 13, 14, 15, 16, 17, 18, 19]",1140.0,1.3580174446105957
"[0, 1, 2, 3, 4, 5, 6, 7, 8, 9, 10, 11, 12, 13, 14, 15, 16, 17, 18, 19]",1140.0,"[0, 1, 2, 3, 4, 5, 6, 7, 8, 9, 10, 11, 12, 13, 14, 15, 16, 17, 18, 19]",1140.0,1.433020830154419
"[0, 1, 2, 3, 4, 5, 6, 7, 8, 9, 10, 11, 12, 13, 14, 15, 16, 17, 18, 19]",1140.0,"[0, 1, 2, 3, 4, 5, 6, 7, 8, 9, 10, 11, 12, 13, 14, 15, 16, 17, 18, 19]",1140.0,1.5120141506195068
"[0, 1, 2, 3, 4, 5, 6, 17, 8, 9, 10, 11, 12, 13, 14, 15, 16, 7, 18, 19]",1138.0,"[0, 1, 2, 3, 4, 5, 6, 17, 8, 9, 10, 11, 12, 13, 14, 15, 16, 7, 18, 19]",1138.0,1.5980174541473389
"[0, 1, 2, 3, 4, 5, 6, 17, 8, 9, 10, 11, 12, 13, 14, 15, 16, 7, 18, 19]",1138.0,"[0, 1, 2, 3, 4, 5, 6, 17, 8, 9, 10, 11, 12, 13, 14, 15, 16, 7, 18, 19]",1138.0,1.6770434379577637
"[0, 1, 2, 3, 4, 5, 6, 17, 8, 9, 10, 11, 12, 18, 14, 15, 16, 7, 13, 19]",1090.5,"[0, 1, 2, 3, 4, 5, 6, 17, 8, 9, 10, 11, 12, 18, 14, 15, 16, 7, 13, 19]",1090.5,1.7580235004425049
"[0, 1, 2, 3, 4, 5, 6, 17, 8, 9, 10, 11, 12, 18, 14, 15, 16, 7, 13, 19]",1090.5,"[0, 1, 2, 3, 4, 5, 6, 17, 8, 9, 10, 11, 12, 18, 14, 15, 16, 7, 13, 19]",1090.5,1.836024284362793
"[0, 1, 2, 3, 4, 5, 6, 17, 8, 9, 10, 11, 12, 18, 14, 15, 16, 7, 13, 19]",1090.5,"[0, 1, 2, 3, 4, 5, 6, 17, 8, 9, 10, 11, 12, 18, 14, 15, 16, 7, 13, 19]",1090.5,1.9110329151153564
"[0, 1, 2, 3, 4, 5, 6, 17, 8, 9, 10, 11, 12, 18, 14, 15, 16, 7, 13, 19]",1090.5,"[0, 1, 2, 3, 4, 5, 6, 17, 8, 9, 10, 11, 12, 18, 14, 15, 16, 7, 13, 19]",1090.5,1.988023042678833
"[0, 1, 2, 3, 4, 5, 6, 17, 8, 9, 10, 11, 12, 18, 14, 15, 16, 7, 13, 19]",1090.5,"[0, 1, 2, 3, 4, 5, 6, 17, 8, 9, 10, 11, 12, 18, 14, 15, 16, 7, 13, 19]",1090.5,2.0700254440307617
"[0, 1, 2, 3, 4, 5, 6, 17, 8, 9, 10, 11, 12, 18, 14, 15, 16, 7, 13, 19]",1090.5,"[0, 1, 2, 3, 4, 5, 6, 17, 8, 9, 10, 11, 12, 18, 14, 15, 16, 7, 13, 19]",1090.5,2.1470348834991455
"[0, 1, 2, 3, 4, 5, 6, 17, 8, 9, 10, 11, 12, 18, 14, 15, 16, 7, 13, 19]",1090.5,"[0, 1, 2, 3, 4, 5, 6, 17, 8, 9, 10, 11, 12, 18, 14, 15, 16, 7, 13, 19]",1090.5,2.222027540206909
"[0, 1, 2, 3, 4, 5, 6, 17, 8, 9, 10, 11, 12, 18, 14, 15, 16, 7, 13, 19]",1090.5,"[0, 1, 2, 3, 4, 5, 6, 17, 8, 9, 10, 11, 12, 18, 14, 15, 16, 7, 13, 19]",1090.5,2.2990262508392334
"[0, 1, 2, 3, 4, 5, 6, 17, 8, 9, 12, 11, 10, 18, 14, 15, 16, 7, 13, 19]",1090.0,"[0, 1, 2, 3, 4, 5, 6, 17, 8, 9, 12, 11, 10, 18, 14, 15, 16, 7, 13, 19]",1090.0,2.378025531768799
"[0, 1, 2, 3, 4, 5, 6, 17, 8, 9, 12, 11, 10, 18, 14, 15, 16, 7, 13, 19]",1090.0,"[0, 1, 2, 3, 4, 5, 6, 17, 8, 9, 12, 11, 10, 18, 14, 15, 16, 7, 13, 19]",1090.0,2.455026388168335
"[0, 1, 2, 3, 4, 5, 6, 17, 8, 9, 12, 11, 10, 18, 14, 15, 16, 7, 13, 19]",1090.0,"[0, 1, 2, 3, 4, 5, 6, 17, 8, 9, 12, 11, 10, 18, 14, 15, 16, 7, 13, 19]",1090.0,2.532028913497925
"[0, 1, 2, 3, 4, 5, 6, 17, 8, 9, 12, 11, 10, 18, 14, 15, 16, 7, 13, 19]",1090.0,"[0, 1, 2, 3, 4, 5, 6, 17, 8, 9, 12, 11, 10, 18, 14, 15, 16, 7, 13, 19]",1090.0,2.610028028488159
"[0, 1, 2, 3, 4, 5, 6, 17, 8, 9, 12, 11, 10, 18, 14, 15, 16, 7, 13, 19]",1090.0,"[0, 1, 2, 3, 4, 5, 6, 17, 8, 9, 12, 11, 10, 18, 14, 15, 16, 7, 13, 19]",1090.0,2.689030170440674
"[0, 1, 2, 3, 4, 5, 6, 17, 8, 9, 12, 11, 10, 18, 14, 15, 16, 7, 13, 19]",1090.0,"[0, 1, 2, 3, 4, 5, 6, 17, 8, 9, 12, 11, 10, 18, 14, 15, 16, 7, 13, 19]",1090.0,2.765031337738037
"[0, 1, 2, 3, 4, 5, 6, 17, 8, 9, 12, 11, 10, 18, 14, 15, 16, 7, 13, 19]",1090.0,"[0, 1, 2, 3, 4, 5, 6, 17, 8, 9, 12, 11, 10, 18, 14, 15, 16, 7, 13, 19]",1090.0,2.8430323600769043
"[0, 1, 2, 3, 4, 5, 6, 17, 8, 9, 12, 11, 10, 18, 14, 15, 16, 7, 13, 19]",1090.0,"[0, 1, 2, 3, 4, 5, 6, 17, 8, 9, 12, 11, 10, 18, 14, 15, 16, 7, 13, 19]",1090.0,2.918036699295044
"[0, 1, 2, 3, 4, 5, 6, 17, 8, 9, 12, 11, 10, 18, 14, 15, 16, 7, 13, 19]",1090.0,"[0, 1, 2, 3, 4, 5, 6, 17, 8, 9, 12, 11, 10, 18, 14, 15, 16, 7, 13, 19]",1090.0,2.9950320720672607
"[0, 1, 2, 3, 4, 5, 6, 17, 8, 9, 12, 11, 10, 18, 14, 15, 16, 7, 13, 19]",1090.0,"[0, 1, 2, 3, 4, 5, 6, 17, 8, 9, 12, 11, 10, 18, 14, 15, 16, 7, 13, 19]",1090.0,3.072035312652588
"[0, 1, 2, 3, 4, 5, 6, 17, 8, 9, 12, 11, 10, 18, 14, 15, 16, 7, 13, 19]",1090.0,"[0, 1, 2, 3, 4, 5, 6, 17, 8, 9, 12, 11, 10, 18, 14, 15, 16, 7, 13, 19]",1090.0,3.152038335800171
"[0, 1, 2, 3, 4, 5, 6, 17, 8, 9, 12, 11, 10, 18, 14, 15, 16, 7, 13, 19]",1090.0,"[0, 1, 2, 3, 4, 5, 6, 17, 8, 9, 12, 11, 10, 18, 14, 15, 16, 7, 13, 19]",1090.0,3.227038621902466
"[0, 1, 2, 3, 4, 5, 6, 17, 8, 9, 12, 11, 10, 18, 14, 15, 16, 7, 13, 19]",1090.0,"[0, 1, 2, 3, 4, 5, 6, 17, 8, 9, 12, 11, 10, 18, 14, 15, 16, 7, 13, 19]",1090.0,3.327038288116455
"[0, 1, 2, 3, 4, 5, 6, 17, 8, 9, 12, 11, 10, 18, 14, 15, 16, 7, 13, 19]",1090.0,"[0, 1, 2, 3, 4, 5, 6, 17, 8, 9, 12, 11, 10, 18, 14, 15, 16, 7, 13, 19]",1090.0,3.411043643951416
"[0, 1, 2, 3, 4, 5, 6, 17, 8, 9, 12, 11, 10, 18, 14, 15, 16, 7, 13, 19]",1090.0,"[0, 1, 2, 3, 4, 5, 6, 17, 8, 9, 12, 11, 10, 18, 14, 15, 16, 7, 13, 19]",1090.0,3.4870424270629883
"[0, 1, 2, 3, 4, 5, 6, 17, 8, 9, 12, 11, 10, 18, 14, 15, 16, 7, 13, 19]",1090.0,"[0, 1, 2, 3, 4, 5, 6, 17, 8, 9, 12, 11, 10, 18, 14, 15, 16, 7, 13, 19]",1090.0,3.5640413761138916
"[0, 1, 2, 3, 4, 5, 6, 17, 8, 9, 12, 11, 10, 18, 14, 15, 16, 7, 13, 19]",1090.0,"[0, 1, 2, 3, 4, 5, 6, 17, 8, 9, 12, 11, 10, 18, 14, 15, 16, 7, 13, 19]",1090.0,3.6420469284057617
"[0, 1, 2, 3, 4, 5, 6, 17, 8, 9, 12, 11, 10, 18, 14, 15, 16, 7, 13, 19]",1090.0,"[0, 1, 2, 3, 4, 5, 6, 17, 8, 9, 12, 11, 10, 18, 14, 15, 16, 7, 13, 19]",1090.0,3.720045328140259
"[0, 1, 2, 3, 4, 5, 6, 17, 8, 9, 12, 11, 10, 18, 14, 15, 16, 7, 13, 19]",1090.0,"[0, 1, 2, 3, 4, 5, 6, 17, 8, 9, 12, 11, 10, 18, 14, 15, 16, 7, 13, 19]",1090.0,3.7960543632507324
"[0, 1, 2, 3, 4, 5, 6, 17, 8, 9, 12, 11, 10, 18, 14, 15, 16, 7, 13, 19]",1090.0,"[0, 1, 2, 3, 4, 5, 6, 17, 8, 9, 12, 11, 10, 18, 14, 15, 16, 7, 13, 19]",1090.0,3.870054006576538
"[0, 1, 2, 3, 4, 5, 6, 17, 8, 9, 12, 11, 10, 18, 14, 15, 16, 7, 13, 19]",1090.0,"[0, 1, 2, 3, 4, 5, 6, 17, 8, 9, 12, 11, 10, 18, 14, 15, 16, 7, 13, 19]",1090.0,3.9460465908050537
"[0, 1, 2, 3, 4, 5, 6, 17, 8, 9, 12, 11, 10, 18, 14, 15, 16, 7, 13, 19]",1090.0,"[0, 1, 2, 3, 4, 5, 6, 17, 8, 9, 12, 11, 10, 18, 14, 15, 16, 7, 13, 19]",1090.0,4.0230488777160645
"[0, 1, 2, 3, 4, 5, 6, 17, 8, 9, 12, 11, 10, 18, 14, 15, 16, 7, 13, 19]",1090.0,"[0, 1, 2, 3, 4, 5, 6, 17, 8, 9, 12, 11, 10, 18, 14, 15, 16, 7, 13, 19]",1090.0,4.101052761077881
"[0, 1, 2, 3, 4, 5, 6, 17, 8, 9, 12, 11, 10, 18, 14, 15, 16, 7, 13, 19]",1090.0,"[0, 1, 2, 3, 4, 5, 6, 17, 8, 9, 12, 11, 10, 18, 14, 15, 16, 7, 13, 19]",1090.0,4.178051710128784
"[0, 1, 2, 3, 4, 5, 6, 17, 8, 9, 12, 11, 10, 18, 14, 15, 16, 7, 13, 19]",1090.0,"[0, 1, 2, 3, 4, 5, 6, 17, 8, 9, 12, 11, 10, 18, 14, 15, 16, 7, 13, 19]",1090.0,4.256051778793335
"[0, 1, 2, 3, 4, 5, 6, 17, 8, 9, 12, 11, 10, 18, 14, 15, 16, 7, 13, 19]",1090.0,"[0, 1, 2, 3, 4, 5, 6, 17, 8, 9, 12, 11, 10, 18, 14, 15, 16, 7, 13, 19]",1090.0,4.333049774169922
"[0, 1, 2, 3, 4, 5, 6, 17, 8, 9, 12, 11, 10, 18, 14, 15, 16, 7, 13, 19]",1090.0,"[0, 1, 2, 3, 4, 5, 6, 17, 8, 9, 12, 11, 10, 18, 14, 15, 16, 7, 13, 19]",1090.0,4.410051107406616
"[0, 1, 2, 3, 4, 5, 6, 17, 8, 9, 12, 11, 10, 18, 14, 15, 16, 7, 13, 19]",1090.0,"[0, 1, 2, 3, 4, 5, 6, 17, 8, 9, 12, 11, 10, 18, 14, 15, 16, 7, 13, 19]",1090.0,4.4870522022247314
"[0, 1, 2, 3, 4, 5, 6, 17, 8, 9, 12, 11, 10, 18, 14, 15, 16, 7, 13, 19]",1090.0,"[0, 1, 2, 3, 4, 5, 6, 17, 8, 9, 12, 11, 10, 18, 14, 15, 16, 7, 13, 19]",1090.0,4.564058065414429
"[0, 1, 2, 3, 4, 5, 6, 17, 8, 9, 12, 11, 10, 18, 14, 15, 16, 7, 13, 19]",1090.0,"[0, 1, 2, 3, 4, 5, 6, 17, 8, 9, 12, 11, 10, 18, 14, 15, 16, 7, 13, 19]",1090.0,4.6410534381866455
"[0, 1, 2, 3, 4, 5, 6, 17, 8, 9, 12, 11, 10, 18, 14, 15, 16, 7, 13, 19]",1090.0,"[0, 1, 2, 3, 4, 5, 6, 17, 8, 9, 12, 11, 10, 18, 14, 15, 16, 7, 13, 19]",1090.0,4.7170796394348145
"[0, 1, 2, 3, 4, 5, 6, 17, 8, 9, 12, 11, 10, 18, 14, 15, 16, 7, 13, 19]",1090.0,"[0, 1, 2, 3, 4, 5, 6, 17, 8, 9, 12, 11, 10, 18, 14, 15, 16, 7, 13, 19]",1090.0,4.792073011398315
"[0, 1, 2, 3, 4, 5, 6, 17, 8, 9, 12, 11, 10, 18, 14, 15, 16, 7, 13, 19]",1090.0,"[0, 1, 2, 3, 4, 5, 6, 17, 8, 9, 12, 11, 10, 18, 14, 15, 16, 7, 13, 19]",1090.0,4.8690619468688965
"[0, 1, 2, 3, 4, 5, 6, 17, 8, 9, 12, 11, 10, 18, 14, 15, 16, 7, 13, 19]",1090.0,"[0, 1, 2, 3, 4, 5, 6, 17, 8, 9, 12, 11, 10, 18, 14, 15, 16, 7, 13, 19]",1090.0,4.9450602531433105
"[0, 1, 2, 3, 4, 5, 6, 17, 8, 9, 12, 11, 10, 18, 14, 15, 16, 7, 13, 19]",1090.0,"[0, 1, 2, 3, 4, 5, 6, 17, 8, 9, 12, 11, 10, 18, 14, 15, 16, 7, 13, 19]",1090.0,5.025148868560791
"[0, 1, 2, 3, 4, 5, 6, 17, 8, 9, 12, 11, 10, 18, 14, 15, 16, 7, 13, 19]",1090.0,"[0, 1, 2, 3, 4, 5, 6, 17, 8, 9, 12, 11, 10, 18, 14, 15, 16, 7, 13, 19]",1090.0,5.10405969619751
"[0, 1, 2, 3, 4, 5, 6, 17, 8, 9, 12, 11, 10, 18, 14, 15, 16, 7, 13, 19]",1090.0,"[0, 1, 2, 3, 4, 5, 6, 17, 8, 9, 12, 11, 10, 18, 14, 15, 16, 7, 13, 19]",1090.0,5.180065870285034
"[0, 1, 2, 3, 4, 5, 6, 17, 8, 9, 12, 11, 10, 18, 14, 15, 16, 7, 13, 19]",1090.0,"[0, 1, 2, 3, 4, 5, 6, 17, 8, 9, 12, 11, 10, 18, 14, 15, 16, 7, 13, 19]",1090.0,5.260062217712402
"[0, 1, 2, 3, 4, 5, 6, 17, 8, 9, 12, 11, 10, 18, 14, 15, 16, 7, 13, 19]",1090.0,"[0, 1, 2, 3, 4, 5, 6, 17, 8, 9, 12, 11, 10, 18, 14, 15, 16, 7, 13, 19]",1090.0,5.338423728942871
"[0, 1, 2, 3, 4, 5, 6, 17, 8, 9, 12, 11, 10, 18, 14, 15, 16, 7, 13, 19]",1090.0,"[0, 1, 2, 3, 4, 5, 6, 17, 8, 9, 12, 11, 10, 18, 14, 15, 16, 7, 13, 19]",1090.0,5.415064334869385
"[0, 1, 2, 3, 4, 5, 6, 17, 8, 9, 12, 11, 10, 18, 14, 15, 16, 7, 13, 19]",1090.0,"[0, 1, 2, 3, 4, 5, 6, 17, 8, 9, 12, 11, 10, 18, 14, 15, 16, 7, 13, 19]",1090.0,5.492069244384766
"[0, 1, 2, 3, 4, 5, 6, 17, 8, 9, 12, 11, 10, 18, 14, 15, 16, 7, 13, 19]",1090.0,"[0, 1, 2, 3, 4, 5, 6, 17, 8, 9, 12, 11, 10, 18, 14, 15, 16, 7, 13, 19]",1090.0,5.56806755065918
"[0, 1, 2, 3, 4, 5, 6, 17, 8, 9, 12, 11, 10, 18, 14, 15, 16, 7, 13, 19]",1090.0,"[0, 1, 2, 3, 4, 5, 6, 17, 8, 9, 12, 11, 10, 18, 14, 15, 16, 7, 13, 19]",1090.0,5.64406943321228
"[0, 1, 2, 3, 4, 5, 6, 17, 8, 9, 12, 11, 10, 18, 14, 15, 16, 7, 13, 19]",1090.0,"[0, 1, 2, 3, 4, 5, 6, 17, 8, 9, 12, 11, 10, 18, 14, 15, 16, 7, 13, 19]",1090.0,5.720069646835327
"[0, 1, 2, 3, 4, 5, 6, 17, 8, 9, 12, 11, 10, 18, 14, 15, 16, 7, 13, 19]",1090.0,"[0, 1, 2, 3, 4, 5, 6, 17, 8, 9, 12, 11, 10, 18, 14, 15, 16, 7, 13, 19]",1090.0,5.797070503234863
"[0, 1, 2, 3, 4, 5, 6, 17, 8, 9, 12, 11, 10, 18, 14, 15, 16, 7, 13, 19]",1090.0,"[0, 1, 2, 3, 4, 5, 6, 17, 8, 9, 12, 11, 10, 18, 14, 15, 16, 7, 13, 19]",1090.0,5.8730738162994385
"[0, 1, 2, 3, 4, 5, 6, 17, 8, 9, 12, 11, 10, 18, 14, 15, 16, 7, 13, 19]",1090.0,"[0, 1, 2, 3, 4, 5, 6, 17, 8, 9, 12, 11, 10, 18, 14, 15, 16, 7, 13, 19]",1090.0,5.951081991195679
"[0, 1, 2, 3, 4, 5, 6, 17, 8, 9, 12, 11, 10, 18, 14, 15, 16, 7, 13, 19]",1090.0,"[0, 1, 2, 3, 4, 5, 6, 17, 8, 9, 12, 11, 10, 18, 14, 15, 16, 7, 13, 19]",1090.0,6.0270702838897705
"[0, 1, 2, 3, 4, 5, 6, 17, 8, 9, 12, 11, 10, 18, 14, 15, 16, 7, 13, 19]",1090.0,"[0, 1, 2, 3, 4, 5, 6, 17, 8, 9, 12, 11, 10, 18, 14, 15, 16, 7, 13, 19]",1090.0,6.106072664260864
"[0, 1, 2, 3, 4, 5, 6, 17, 8, 9, 12, 11, 10, 18, 14, 15, 16, 7, 13, 19]",1090.0,"[0, 1, 2, 3, 4, 5, 6, 17, 8, 9, 12, 11, 10, 18, 14, 15, 16, 7, 13, 19]",1090.0,6.181075572967529
"[0, 1, 2, 3, 4, 5, 6, 17, 8, 9, 12, 11, 10, 18, 14, 15, 16, 7, 13, 19]",1090.0,"[0, 1, 2, 3, 4, 5, 6, 17, 8, 9, 12, 11, 10, 18, 14, 15, 16, 7, 13, 19]",1090.0,6.257080316543579
"[0, 1, 2, 3, 4, 5, 6, 17, 8, 9, 12, 11, 10, 18, 14, 15, 16, 7, 13, 19]",1090.0,"[0, 1, 2, 3, 4, 5, 6, 17, 8, 9, 12, 11, 10, 18, 14, 15, 16, 7, 13, 19]",1090.0,6.333091735839844
"[0, 1, 2, 3, 4, 5, 6, 17, 8, 9, 12, 11, 10, 18, 14, 15, 16, 7, 13, 19]",1090.0,"[0, 1, 2, 3, 4, 5, 6, 17, 8, 9, 12, 11, 10, 18, 14, 15, 16, 7, 13, 19]",1090.0,6.411077499389648
"[0, 1, 2, 3, 4, 5, 6, 17, 8, 9, 12, 11, 10, 18, 14, 15, 16, 7, 13, 19]",1090.0,"[0, 1, 2, 3, 4, 5, 6, 17, 8, 9, 12, 11, 10, 18, 14, 15, 16, 7, 13, 19]",1090.0,6.487074613571167
"[0, 1, 2, 3, 4, 5, 6, 17, 8, 9, 12, 11, 10, 18, 14, 15, 16, 7, 13, 19]",1090.0,"[0, 1, 2, 3, 4, 5, 6, 17, 8, 9, 12, 11, 10, 18, 14, 15, 16, 7, 13, 19]",1090.0,6.564077854156494
"[0, 1, 2, 3, 4, 5, 6, 17, 8, 9, 12, 11, 10, 18, 14, 15, 16, 7, 13, 19]",1090.0,"[0, 1, 2, 3, 4, 5, 6, 17, 8, 9, 12, 11, 10, 18, 14, 15, 16, 7, 13, 19]",1090.0,6.645078420639038
"[0, 1, 2, 3, 4, 5, 6, 17, 8, 9, 12, 11, 10, 18, 14, 15, 16, 7, 13, 19]",1090.0,"[0, 1, 2, 3, 4, 5, 6, 17, 8, 9, 12, 11, 10, 18, 14, 15, 16, 7, 13, 19]",1090.0,6.727079153060913
"[0, 1, 2, 3, 4, 5, 6, 17, 8, 9, 12, 11, 10, 18, 14, 15, 16, 7, 13, 19]",1090.0,"[0, 1, 2, 3, 4, 5, 6, 17, 8, 9, 12, 11, 10, 18, 14, 15, 16, 7, 13, 19]",1090.0,6.8030805587768555
"[0, 1, 2, 3, 4, 5, 6, 17, 8, 9, 12, 11, 10, 18, 14, 15, 16, 7, 13, 19]",1090.0,"[0, 1, 2, 3, 4, 5, 6, 17, 8, 9, 12, 11, 10, 18, 14, 15, 16, 7, 13, 19]",1090.0,6.881077766418457
"[0, 1, 2, 3, 4, 5, 6, 17, 8, 9, 12, 11, 10, 18, 14, 15, 16, 7, 13, 19]",1090.0,"[0, 1, 2, 3, 4, 5, 6, 17, 8, 9, 12, 11, 10, 18, 14, 15, 16, 7, 13, 19]",1090.0,6.959080457687378
"[0, 1, 2, 3, 4, 5, 6, 17, 8, 9, 12, 11, 10, 18, 14, 15, 16, 7, 13, 19]",1090.0,"[0, 1, 2, 3, 4, 5, 6, 17, 8, 9, 12, 11, 10, 18, 14, 15, 16, 7, 13, 19]",1090.0,7.033083200454712
"[0, 1, 2, 3, 4, 5, 6, 17, 8, 9, 12, 11, 10, 18, 14, 15, 16, 7, 13, 19]",1090.0,"[0, 1, 2, 3, 4, 5, 6, 17, 8, 9, 12, 11, 10, 18, 14, 15, 16, 7, 13, 19]",1090.0,7.109086275100708
"[0, 1, 2, 3, 4, 5, 6, 17, 8, 9, 12, 11, 10, 18, 14, 15, 16, 7, 13, 19]",1090.0,"[0, 1, 2, 3, 4, 5, 6, 17, 8, 9, 12, 11, 10, 18, 14, 15, 16, 7, 13, 19]",1090.0,7.186086654663086
"[0, 1, 2, 3, 4, 5, 6, 17, 8, 9, 12, 11, 10, 18, 14, 15, 16, 7, 13, 19]",1090.0,"[0, 1, 2, 3, 4, 5, 6, 17, 8, 9, 12, 11, 10, 18, 14, 15, 16, 7, 13, 19]",1090.0,7.262086629867554
"[0, 1, 2, 3, 4, 5, 6, 17, 8, 9, 12, 11, 10, 18, 14, 15, 16, 7, 13, 19]",1090.0,"[0, 1, 2, 3, 4, 5, 6, 17, 8, 9, 12, 11, 10, 18, 14, 15, 16, 7, 13, 19]",1090.0,7.339083671569824
"[0, 1, 2, 3, 4, 5, 6, 17, 8, 9, 12, 11, 10, 18, 14, 15, 16, 7, 13, 19]",1090.0,"[0, 1, 2, 3, 4, 5, 6, 17, 8, 9, 12, 11, 10, 18, 14, 15, 16, 7, 13, 19]",1090.0,7.4140918254852295
"[0, 1, 2, 3, 4, 5, 6, 17, 8, 9, 12, 11, 10, 18, 14, 15, 16, 7, 13, 19]",1090.0,"[0, 1, 2, 3, 4, 5, 6, 17, 8, 9, 12, 11, 10, 18, 14, 15, 16, 7, 13, 19]",1090.0,7.494291543960571
"[0, 1, 2, 3, 4, 5, 6, 17, 8, 9, 12, 11, 10, 18, 14, 15, 16, 7, 13, 19]",1090.0,"[0, 1, 2, 3, 4, 5, 6, 17, 8, 9, 12, 11, 10, 18, 14, 15, 16, 7, 13, 19]",1090.0,7.5800909996032715
"[0, 1, 2, 3, 4, 5, 6, 17, 8, 9, 12, 11, 10, 18, 14, 15, 16, 7, 13, 19]",1090.0,"[0, 1, 2, 3, 4, 5, 6, 17, 8, 9, 12, 11, 10, 18, 14, 15, 16, 7, 13, 19]",1090.0,7.664088487625122
"[0, 1, 2, 3, 4, 5, 6, 17, 8, 9, 12, 11, 10, 18, 14, 15, 16, 7, 13, 19]",1090.0,"[0, 1, 2, 3, 4, 5, 6, 17, 8, 9, 12, 11, 10, 18, 14, 15, 16, 7, 13, 19]",1090.0,7.749089956283569
"[0, 1, 2, 3, 4, 5, 6, 17, 8, 9, 12, 11, 10, 18, 14, 15, 16, 7, 13, 19]",1090.0,"[0, 1, 2, 3, 4, 5, 6, 17, 8, 9, 12, 11, 10, 18, 14, 15, 16, 7, 13, 19]",1090.0,7.829089879989624
"[0, 1, 2, 3, 4, 5, 6, 17, 8, 9, 12, 11, 10, 18, 14, 15, 16, 7, 13, 19]",1090.0,"[0, 1, 2, 3, 4, 5, 6, 17, 8, 9, 12, 11, 10, 18, 14, 15, 16, 7, 13, 19]",1090.0,7.912315845489502
"[0, 1, 2, 3, 4, 5, 6, 17, 8, 9, 12, 11, 10, 18, 14, 15, 16, 7, 13, 19]",1090.0,"[0, 1, 2, 3, 4, 5, 6, 17, 8, 9, 12, 11, 10, 18, 14, 15, 16, 7, 13, 19]",1090.0,7.9910924434661865
"[0, 1, 2, 3, 4, 5, 6, 17, 8, 9, 12, 11, 10, 18, 14, 15, 16, 7, 13, 19]",1090.0,"[0, 1, 2, 3, 4, 5, 6, 17, 8, 9, 12, 11, 10, 18, 14, 15, 16, 7, 13, 19]",1090.0,8.07010555267334
"[0, 1, 2, 3, 4, 5, 6, 17, 8, 9, 12, 11, 10, 18, 14, 15, 16, 7, 13, 19]",1090.0,"[0, 1, 2, 3, 4, 5, 6, 17, 8, 9, 12, 11, 10, 18, 14, 15, 16, 7, 13, 19]",1090.0,8.146095037460327
"[0, 1, 2, 3, 4, 5, 6, 17, 8, 9, 12, 11, 10, 18, 14, 15, 16, 7, 13, 19]",1090.0,"[0, 1, 2, 3, 4, 5, 6, 17, 8, 9, 12, 11, 10, 18, 14, 15, 16, 7, 13, 19]",1090.0,8.221097469329834
"[0, 1, 2, 3, 4, 5, 6, 17, 8, 9, 12, 11, 10, 18, 14, 15, 16, 7, 13, 19]",1090.0,"[0, 1, 2, 3, 4, 5, 6, 17, 8, 9, 12, 11, 10, 18, 14, 15, 16, 7, 13, 19]",1090.0,8.299108743667603
"[0, 1, 2, 3, 4, 5, 6, 17, 8, 9, 12, 11, 10, 18, 14, 15, 16, 7, 13, 19]",1090.0,"[0, 1, 2, 3, 4, 5, 6, 17, 8, 9, 12, 11, 10, 18, 14, 15, 16, 7, 13, 19]",1090.0,8.37709665298462
"[0, 1, 2, 3, 4, 5, 6, 17, 8, 9, 12, 11, 10, 18, 14, 15, 16, 7, 13, 19]",1090.0,"[0, 1, 2, 3, 4, 5, 6, 17, 8, 9, 12, 11, 10, 18, 14, 15, 16, 7, 13, 19]",1090.0,8.455098390579224
"[0, 1, 2, 3, 4, 5, 6, 17, 8, 9, 12, 11, 10, 18, 14, 15, 16, 7, 13, 19]",1090.0,"[0, 1, 2, 3, 4, 5, 6, 17, 8, 9, 12, 11, 10, 18, 14, 15, 16, 7, 13, 19]",1090.0,8.531105518341064
"[0, 1, 2, 3, 4, 5, 6, 17, 8, 9, 12, 11, 10, 18, 14, 15, 16, 7, 13, 19]",1090.0,"[0, 1, 2, 3, 4, 5, 6, 17, 8, 9, 12, 11, 10, 18, 14, 15, 16, 7, 13, 19]",1090.0,8.607101678848267
"[0, 1, 2, 3, 4, 5, 6, 17, 8, 9, 12, 11, 10, 18, 14, 15, 16, 7, 13, 19]",1090.0,"[0, 1, 2, 3, 4, 5, 6, 17, 8, 9, 12, 11, 10, 18, 14, 15, 16, 7, 13, 19]",1090.0,8.685102939605713
"[0, 1, 2, 3, 4, 5, 6, 17, 8, 9, 12, 11, 10, 18, 14, 15, 16, 7, 13, 19]",1090.0,"[0, 1, 2, 3, 4, 5, 6, 17, 8, 9, 12, 11, 10, 18, 14, 15, 16, 7, 13, 19]",1090.0,8.763105869293213
"[0, 1, 2, 3, 4, 5, 6, 17, 8, 9, 12, 11, 10, 18, 14, 15, 16, 7, 13, 19]",1090.0,"[0, 1, 2, 3, 4, 5, 6, 17, 8, 9, 12, 11, 10, 18, 14, 15, 16, 7, 13, 19]",1090.0,8.841103315353394
"[0, 1, 2, 3, 4, 5, 6, 17, 8, 9, 12, 11, 10, 18, 14, 15, 16, 7, 13, 19]",1090.0,"[0, 1, 2, 3, 4, 5, 6, 17, 8, 9, 12, 11, 10, 18, 14, 15, 16, 7, 13, 19]",1090.0,8.919106483459473
"[0, 1, 2, 3, 4, 5, 6, 17, 8, 9, 12, 11, 10, 18, 14, 15, 16, 7, 13, 19]",1090.0,"[0, 1, 2, 3, 4, 5, 6, 17, 8, 9, 12, 11, 10, 18, 14, 15, 16, 7, 13, 19]",1090.0,8.994106769561768
"[0, 1, 2, 3, 4, 5, 6, 17, 8, 9, 12, 11, 10, 18, 14, 15, 16, 7, 13, 19]",1090.0,"[0, 1, 2, 3, 4, 5, 6, 17, 8, 9, 12, 11, 10, 18, 14, 15, 16, 7, 13, 19]",1090.0,9.070107221603394
"[0, 1, 2, 3, 4, 5, 6, 17, 8, 9, 12, 11, 10, 18, 14, 15, 16, 7, 13, 19]",1090.0,"[0, 1, 2, 3, 4, 5, 6, 17, 8, 9, 12, 11, 10, 18, 14, 15, 16, 7, 13, 19]",1090.0,9.145108699798584
"[0, 1, 2, 3, 4, 5, 6, 17, 8, 9, 12, 11, 10, 18, 14, 15, 16, 7, 13, 19]",1090.0,"[0, 1, 2, 3, 4, 5, 6, 17, 8, 9, 12, 11, 10, 18, 14, 15, 16, 7, 13, 19]",1090.0,9.222110271453857
"[0, 1, 2, 3, 4, 5, 6, 17, 8, 9, 12, 11, 10, 18, 14, 15, 16, 7, 13, 19]",1090.0,"[0, 1, 2, 3, 4, 5, 6, 17, 8, 9, 12, 11, 10, 18, 14, 15, 16, 7, 13, 19]",1090.0,9.299110174179077
"[0, 1, 2, 3, 4, 5, 6, 17, 8, 9, 12, 11, 10, 18, 14, 15, 16, 7, 13, 19]",1090.0,"[0, 1, 2, 3, 4, 5, 6, 17, 8, 9, 12, 11, 10, 18, 14, 15, 16, 7, 13, 19]",1090.0,9.377123355865479
"[0, 1, 2, 3, 4, 5, 6, 17, 8, 9, 12, 11, 10, 18, 14, 15, 16, 7, 13, 19]",1090.0,"[0, 1, 2, 3, 4, 5, 6, 17, 8, 9, 12, 11, 10, 18, 14, 15, 16, 7, 13, 19]",1090.0,9.455109596252441
"[0, 1, 2, 3, 4, 5, 6, 17, 8, 9, 12, 11, 10, 18, 14, 15, 16, 7, 13, 19]",1090.0,"[0, 1, 2, 3, 4, 5, 6, 17, 8, 9, 12, 11, 10, 18, 14, 15, 16, 7, 13, 19]",1090.0,9.530113220214844
"[0, 1, 2, 3, 4, 5, 6, 17, 8, 9, 12, 11, 10, 18, 14, 15, 16, 7, 13, 19]",1090.0,"[0, 1, 2, 3, 4, 5, 6, 17, 8, 9, 12, 11, 10, 18, 14, 15, 16, 7, 13, 19]",1090.0,9.610115766525269
"[0, 1, 2, 3, 4, 5, 6, 17, 8, 9, 12, 11, 10, 18, 14, 15, 16, 7, 13, 19]",1090.0,"[0, 1, 2, 3, 4, 5, 6, 17, 8, 9, 12, 11, 10, 18, 14, 15, 16, 7, 13, 19]",1090.0,9.689115047454834
"[0, 1, 2, 3, 4, 5, 6, 17, 8, 9, 12, 11, 10, 18, 14, 15, 16, 7, 13, 19]",1090.0,"[0, 1, 2, 3, 4, 5, 6, 17, 8, 9, 12, 11, 10, 18, 14, 15, 16, 7, 13, 19]",1090.0,9.768115997314453
"[0, 1, 2, 3, 4, 5, 6, 17, 8, 9, 12, 11, 10, 18, 14, 15, 16, 7, 13, 19]",1090.0,"[0, 1, 2, 3, 4, 5, 6, 17, 8, 9, 12, 11, 10, 18, 14, 15, 16, 7, 13, 19]",1090.0,9.847113370895386
"[0, 1, 2, 3, 4, 5, 6, 17, 8, 9, 12, 11, 10, 18, 14, 15, 16, 7, 13, 19]",1090.0,"[0, 1, 2, 3, 4, 5, 6, 17, 8, 9, 12, 11, 10, 18, 14, 15, 16, 7, 13, 19]",1090.0,9.923115015029907
"[0, 1, 2, 3, 4, 5, 6, 17, 8, 9, 12, 11, 10, 18, 14, 15, 16, 7, 13, 19]",1090.0,"[0, 1, 2, 3, 4, 5, 6, 17, 8, 9, 12, 11, 10, 18, 14, 15, 16, 7, 13, 19]",1090.0,10.001119613647461
"[0, 1, 2, 3, 4, 5, 6, 17, 8, 9, 12, 11, 10, 18, 14, 15, 16, 7, 13, 19]",1090.0,"[0, 1, 2, 3, 4, 5, 6, 17, 8, 9, 12, 11, 10, 18, 14, 15, 16, 7, 13, 19]",1090.0,10.080120086669922
"[0, 1, 2, 3, 4, 5, 6, 17, 8, 9, 12, 11, 10, 18, 14, 15, 16, 7, 13, 19]",1090.0,"[0, 1, 2, 3, 4, 5, 6, 17, 8, 9, 12, 11, 10, 18, 14, 15, 16, 7, 13, 19]",1090.0,10.158119916915894
"[0, 1, 2, 3, 4, 5, 6, 17, 8, 9, 12, 11, 10, 18, 14, 15, 16, 7, 13, 19]",1090.0,"[0, 1, 2, 3, 4, 5, 6, 17, 8, 9, 12, 11, 10, 18, 14, 15, 16, 7, 13, 19]",1090.0,10.23513388633728
"[0, 1, 2, 3, 4, 5, 6, 17, 8, 9, 12, 11, 10, 18, 14, 15, 16, 7, 13, 19]",1090.0,"[0, 1, 2, 3, 4, 5, 6, 17, 8, 9, 12, 11, 10, 18, 14, 15, 16, 7, 13, 19]",1090.0,10.314142227172852
"[0, 1, 2, 3, 4, 5, 6, 17, 8, 9, 12, 11, 10, 18, 14, 15, 16, 7, 13, 19]",1090.0,"[0, 1, 2, 3, 4, 5, 6, 17, 8, 9, 12, 11, 10, 18, 14, 15, 16, 7, 13, 19]",1090.0,10.390466451644897
"[0, 1, 2, 3, 4, 5, 6, 17, 8, 9, 12, 11, 10, 18, 14, 15, 16, 7, 13, 19]",1090.0,"[0, 1, 2, 3, 4, 5, 6, 17, 8, 9, 12, 11, 10, 18, 14, 15, 16, 7, 13, 19]",1090.0,10.469467639923096
"[0, 1, 2, 3, 4, 5, 6, 17, 8, 9, 12, 11, 10, 18, 14, 15, 16, 7, 13, 19]",1090.0,"[0, 1, 2, 3, 4, 5, 6, 17, 8, 9, 12, 11, 10, 18, 14, 15, 16, 7, 13, 19]",1090.0,10.560467958450317
"[0, 1, 2, 3, 4, 5, 6, 17, 8, 9, 12, 11, 10, 18, 14, 15, 16, 7, 13, 19]",1090.0,"[0, 1, 2, 3, 4, 5, 6, 17, 8, 9, 12, 11, 10, 18, 14, 15, 16, 7, 13, 19]",1090.0,10.663011312484741
"[0, 1, 2, 3, 4, 5, 6, 17, 8, 9, 12, 11, 10, 18, 14, 15, 16, 7, 13, 19]",1090.0,"[0, 1, 2, 3, 4, 5, 6, 17, 8, 9, 12, 11, 10, 18, 14, 15, 16, 7, 13, 19]",1090.0,10.76000428199768
"[0, 1, 2, 3, 4, 5, 6, 17, 8, 9, 12, 11, 10, 18, 14, 15, 16, 7, 13, 19]",1090.0,"[0, 1, 2, 3, 4, 5, 6, 17, 8, 9, 12, 11, 10, 18, 14, 15, 16, 7, 13, 19]",1090.0,10.839024305343628
"[0, 1, 2, 3, 4, 5, 6, 17, 8, 9, 12, 11, 10, 18, 14, 15, 16, 7, 13, 19]",1090.0,"[0, 1, 2, 3, 4, 5, 6, 17, 8, 9, 12, 11, 10, 18, 14, 15, 16, 7, 13, 19]",1090.0,10.915010452270508
"[0, 1, 2, 3, 4, 5, 6, 17, 8, 9, 12, 11, 10, 18, 14, 15, 16, 7, 13, 19]",1090.0,"[0, 1, 2, 3, 4, 5, 6, 17, 8, 9, 12, 11, 10, 18, 14, 15, 16, 7, 13, 19]",1090.0,10.991015672683716
"[0, 1, 2, 3, 4, 5, 6, 17, 8, 9, 12, 11, 10, 18, 14, 15, 16, 7, 13, 19]",1090.0,"[0, 1, 2, 3, 4, 5, 6, 17, 8, 9, 12, 11, 10, 18, 14, 15, 16, 7, 13, 19]",1090.0,11.068012475967407
"[0, 1, 2, 3, 4, 5, 6, 17, 8, 9, 12, 11, 10, 18, 14, 15, 16, 7, 13, 19]",1090.0,"[0, 1, 2, 3, 4, 5, 6, 17, 8, 9, 12, 11, 10, 18, 14, 15, 16, 7, 13, 19]",1090.0,11.148013830184937
"[0, 1, 2, 3, 4, 5, 6, 17, 8, 9, 12, 11, 10, 18, 14, 15, 16, 7, 13, 19]",1090.0,"[0, 1, 2, 3, 4, 5, 6, 17, 8, 9, 12, 11, 10, 18, 14, 15, 16, 7, 13, 19]",1090.0,11.22701096534729
"[0, 1, 2, 3, 4, 5, 6, 17, 8, 9, 12, 11, 10, 18, 14, 15, 16, 7, 13, 19]",1090.0,"[0, 1, 2, 3, 4, 5, 6, 17, 8, 9, 12, 11, 10, 18, 14, 15, 16, 7, 13, 19]",1090.0,11.30501914024353
"[0, 1, 2, 3, 4, 5, 6, 17, 8, 9, 12, 11, 10, 18, 14, 15, 16, 7, 13, 19]",1090.0,"[0, 1, 2, 3, 4, 5, 6, 17, 8, 9, 12, 11, 10, 18, 14, 15, 16, 7, 13, 19]",1090.0,11.384021282196045
"[0, 1, 2, 3, 4, 5, 6, 17, 8, 9, 12, 11, 10, 18, 14, 15, 16, 7, 13, 19]",1090.0,"[0, 1, 2, 3, 4, 5, 6, 17, 8, 9, 12, 11, 10, 18, 14, 15, 16, 7, 13, 19]",1090.0,11.45901370048523
"[0, 1, 2, 3, 4, 5, 6, 17, 8, 9, 12, 11, 10, 18, 14, 15, 16, 7, 13, 19]",1090.0,"[0, 1, 2, 3, 4, 5, 6, 17, 8, 9, 12, 11, 10, 18, 14, 15, 16, 7, 13, 19]",1090.0,11.536015033721924
"[0, 1, 2, 3, 4, 5, 6, 17, 8, 9, 12, 11, 10, 18, 14, 15, 16, 7, 13, 19]",1090.0,"[0, 1, 2, 3, 4, 5, 6, 17, 8, 9, 12, 11, 10, 18, 14, 15, 16, 7, 13, 19]",1090.0,11.612025260925293
"[0, 1, 2, 3, 4, 5, 6, 17, 8, 9, 12, 11, 10, 18, 14, 15, 16, 7, 13, 19]",1090.0,"[0, 1, 2, 3, 4, 5, 6, 17, 8, 9, 12, 11, 10, 18, 14, 15, 16, 7, 13, 19]",1090.0,11.690020322799683
"[0, 1, 2, 3, 4, 5, 6, 17, 8, 9, 12, 11, 10, 18, 14, 15, 16, 7, 13, 19]",1090.0,"[0, 1, 2, 3, 4, 5, 6, 17, 8, 9, 12, 11, 10, 18, 14, 15, 16, 7, 13, 19]",1090.0,11.76702070236206
"[0, 1, 2, 3, 4, 5, 6, 17, 8, 9, 12, 11, 10, 18, 14, 15, 16, 7, 13, 19]",1090.0,"[0, 1, 2, 3, 4, 5, 6, 17, 8, 9, 12, 11, 10, 18, 14, 15, 16, 7, 13, 19]",1090.0,11.842029333114624
"[0, 1, 2, 3, 4, 5, 6, 17, 8, 9, 12, 11, 10, 18, 14, 15, 16, 7, 13, 19]",1090.0,"[0, 1, 2, 3, 4, 5, 6, 17, 8, 9, 12, 11, 10, 18, 14, 15, 16, 7, 13, 19]",1090.0,11.917025089263916
"[0, 1, 2, 3, 4, 5, 6, 17, 8, 9, 12, 11, 10, 18, 14, 15, 16, 7, 13, 19]",1090.0,"[0, 1, 2, 3, 4, 5, 6, 17, 8, 9, 12, 11, 10, 18, 14, 15, 16, 7, 13, 19]",1090.0,11.994024276733398
"[0, 1, 2, 3, 4, 5, 6, 17, 8, 9, 12, 11, 10, 18, 14, 15, 16, 7, 13, 19]",1090.0,"[0, 1, 2, 3, 4, 5, 6, 17, 8, 9, 12, 11, 10, 18, 14, 15, 16, 7, 13, 19]",1090.0,12.071022033691406
"[0, 1, 2, 3, 4, 5, 6, 17, 8, 9, 12, 11, 10, 18, 14, 15, 16, 7, 13, 19]",1090.0,"[0, 1, 2, 3, 4, 5, 6, 17, 8, 9, 12, 11, 10, 18, 14, 15, 16, 7, 13, 19]",1090.0,12.148021936416626
"[0, 1, 2, 3, 4, 5, 6, 17, 8, 9, 12, 11, 10, 18, 14, 15, 16, 7, 13, 19]",1090.0,"[0, 1, 2, 3, 4, 5, 6, 17, 8, 9, 12, 11, 10, 18, 14, 15, 16, 7, 13, 19]",1090.0,12.226023435592651
"[0, 1, 2, 3, 4, 5, 6, 17, 8, 9, 12, 11, 10, 18, 14, 15, 16, 7, 13, 19]",1090.0,"[0, 1, 2, 3, 4, 5, 6, 17, 8, 9, 12, 11, 10, 18, 14, 15, 16, 7, 13, 19]",1090.0,12.30225920677185
"[0, 1, 2, 3, 4, 5, 6, 17, 8, 9, 12, 11, 10, 18, 14, 15, 16, 7, 13, 19]",1090.0,"[0, 1, 2, 3, 4, 5, 6, 17, 8, 9, 12, 11, 10, 18, 14, 15, 16, 7, 13, 19]",1090.0,12.381027221679688
"[0, 1, 2, 3, 4, 5, 6, 17, 8, 9, 12, 11, 10, 18, 14, 15, 16, 7, 13, 19]",1090.0,"[0, 1, 2, 3, 4, 5, 6, 17, 8, 9, 12, 11, 10, 18, 14, 15, 16, 7, 13, 19]",1090.0,12.45702838897705
"[0, 1, 2, 3, 4, 5, 6, 17, 8, 9, 12, 11, 10, 18, 14, 15, 16, 7, 13, 19]",1090.0,"[0, 1, 2, 3, 4, 5, 6, 17, 8, 9, 12, 11, 10, 18, 14, 15, 16, 7, 13, 19]",1090.0,12.53102993965149
"[0, 1, 2, 3, 4, 5, 6, 17, 8, 9, 12, 11, 10, 18, 14, 15, 16, 7, 13, 19]",1090.0,"[0, 1, 2, 3, 4, 5, 6, 17, 8, 9, 12, 11, 10, 18, 14, 15, 16, 7, 13, 19]",1090.0,12.607032775878906
"[0, 1, 2, 3, 4, 5, 6, 17, 8, 9, 12, 11, 10, 18, 14, 15, 16, 7, 13, 19]",1090.0,"[0, 1, 2, 3, 4, 5, 6, 17, 8, 9, 12, 11, 10, 18, 14, 15, 16, 7, 13, 19]",1090.0,12.706031322479248
"[0, 1, 2, 3, 4, 5, 6, 17, 8, 9, 12, 11, 10, 18, 14, 15, 16, 7, 13, 19]",1090.0,"[0, 1, 2, 3, 4, 5, 6, 17, 8, 9, 12, 11, 10, 18, 14, 15, 16, 7, 13, 19]",1090.0,12.783032894134521
"[0, 1, 2, 3, 4, 5, 6, 17, 8, 9, 12, 11, 10, 18, 14, 15, 16, 7, 13, 19]",1090.0,"[0, 1, 2, 3, 4, 5, 6, 17, 8, 9, 12, 11, 10, 18, 14, 15, 16, 7, 13, 19]",1090.0,12.861030578613281
"[0, 1, 2, 3, 4, 5, 6, 17, 8, 9, 12, 11, 10, 18, 14, 15, 16, 7, 13, 19]",1090.0,"[0, 1, 2, 3, 4, 5, 6, 17, 8, 9, 12, 11, 10, 18, 14, 15, 16, 7, 13, 19]",1090.0,12.936035871505737
"[0, 1, 2, 3, 4, 5, 6, 17, 8, 9, 12, 11, 10, 18, 14, 15, 16, 7, 13, 19]",1090.0,"[0, 1, 2, 3, 4, 5, 6, 17, 8, 9, 12, 11, 10, 18, 14, 15, 16, 7, 13, 19]",1090.0,13.013035774230957
"[0, 1, 2, 3, 4, 5, 6, 17, 8, 9, 12, 11, 10, 18, 14, 15, 16, 7, 13, 19]",1090.0,"[0, 1, 2, 3, 4, 5, 6, 17, 8, 9, 12, 11, 10, 18, 14, 15, 16, 7, 13, 19]",1090.0,13.0890371799469
"[0, 1, 2, 3, 4, 5, 6, 17, 8, 9, 12, 11, 10, 18, 14, 15, 16, 7, 13, 19]",1090.0,"[0, 1, 2, 3, 4, 5, 6, 17, 8, 9, 12, 11, 10, 18, 14, 15, 16, 7, 13, 19]",1090.0,13.165036916732788
"[0, 1, 2, 3, 4, 5, 6, 17, 8, 9, 12, 11, 10, 18, 14, 15, 16, 7, 13, 19]",1090.0,"[0, 1, 2, 3, 4, 5, 6, 17, 8, 9, 12, 11, 10, 18, 14, 15, 16, 7, 13, 19]",1090.0,13.242038488388062
"[0, 1, 2, 3, 4, 5, 6, 17, 8, 9, 12, 11, 10, 18, 14, 15, 16, 7, 13, 19]",1090.0,"[0, 1, 2, 3, 4, 5, 6, 17, 8, 9, 12, 11, 10, 18, 14, 15, 16, 7, 13, 19]",1090.0,13.318037033081055
"[0, 1, 2, 3, 4, 5, 6, 17, 8, 9, 12, 11, 10, 18, 14, 15, 16, 7, 13, 19]",1090.0,"[0, 1, 2, 3, 4, 5, 6, 17, 8, 9, 12, 11, 10, 18, 14, 15, 16, 7, 13, 19]",1090.0,13.395047664642334
"[0, 1, 2, 3, 4, 5, 6, 17, 8, 9, 12, 11, 10, 18, 14, 15, 16, 7, 13, 19]",1090.0,"[0, 1, 2, 3, 4, 5, 6, 17, 8, 9, 12, 11, 10, 18, 14, 15, 16, 7, 13, 19]",1090.0,13.472039461135864
"[0, 1, 2, 3, 4, 5, 6, 17, 8, 9, 12, 11, 10, 18, 14, 15, 16, 7, 13, 19]",1090.0,"[0, 1, 2, 3, 4, 5, 6, 17, 8, 9, 12, 11, 10, 18, 14, 15, 16, 7, 13, 19]",1090.0,13.551050662994385
"[0, 1, 2, 3, 4, 5, 6, 17, 8, 9, 12, 11, 10, 18, 14, 15, 16, 7, 13, 19]",1090.0,"[0, 1, 2, 3, 4, 5, 6, 17, 8, 9, 12, 11, 10, 18, 14, 15, 16, 7, 13, 19]",1090.0,13.631044387817383
"[0, 1, 2, 3, 4, 5, 6, 17, 8, 9, 12, 11, 10, 18, 14, 15, 16, 7, 13, 19]",1090.0,"[0, 1, 2, 3, 4, 5, 6, 17, 8, 9, 12, 11, 10, 18, 14, 15, 16, 7, 13, 19]",1090.0,13.709042072296143
"[0, 1, 2, 3, 4, 5, 6, 17, 8, 9, 12, 11, 10, 18, 14, 15, 16, 7, 13, 19]",1090.0,"[0, 1, 2, 3, 4, 5, 6, 17, 8, 9, 12, 11, 10, 18, 14, 15, 16, 7, 13, 19]",1090.0,13.787047386169434
"[0, 1, 2, 3, 4, 5, 6, 17, 8, 9, 12, 11, 10, 18, 14, 15, 16, 7, 13, 19]",1090.0,"[0, 1, 2, 3, 4, 5, 6, 17, 8, 9, 12, 11, 10, 18, 14, 15, 16, 7, 13, 19]",1090.0,13.865044116973877
"[0, 1, 2, 3, 4, 5, 6, 17, 8, 9, 12, 11, 10, 18, 14, 15, 16, 7, 13, 19]",1090.0,"[0, 1, 2, 3, 4, 5, 6, 17, 8, 9, 12, 11, 10, 18, 14, 15, 16, 7, 13, 19]",1090.0,13.943045139312744
"[0, 1, 2, 3, 4, 5, 6, 17, 8, 9, 12, 11, 10, 18, 14, 15, 16, 7, 13, 19]",1090.0,"[0, 1, 2, 3, 4, 5, 6, 17, 8, 9, 12, 11, 10, 18, 14, 15, 16, 7, 13, 19]",1090.0,14.021045923233032
"[0, 1, 2, 3, 4, 5, 6, 17, 8, 9, 12, 11, 10, 18, 14, 15, 16, 7, 13, 19]",1090.0,"[0, 1, 2, 3, 4, 5, 6, 17, 8, 9, 12, 11, 10, 18, 14, 15, 16, 7, 13, 19]",1090.0,14.098047733306885
"[0, 1, 2, 3, 4, 5, 6, 17, 8, 9, 12, 11, 10, 18, 14, 15, 16, 7, 13, 19]",1090.0,"[0, 1, 2, 3, 4, 5, 6, 17, 8, 9, 12, 11, 10, 18, 14, 15, 16, 7, 13, 19]",1090.0,14.176052570343018
"[0, 1, 2, 3, 4, 5, 6, 17, 8, 9, 12, 11, 10, 18, 14, 15, 16, 7, 13, 19]",1090.0,"[0, 1, 2, 3, 4, 5, 6, 17, 8, 9, 12, 11, 10, 18, 14, 15, 16, 7, 13, 19]",1090.0,14.251057624816895
"[0, 1, 2, 3, 4, 5, 6, 17, 8, 9, 12, 11, 10, 18, 14, 15, 16, 7, 13, 19]",1090.0,"[0, 1, 2, 3, 4, 5, 6, 17, 8, 9, 12, 11, 10, 18, 14, 15, 16, 7, 13, 19]",1090.0,14.328050374984741
"[0, 1, 2, 3, 4, 5, 6, 17, 8, 9, 12, 11, 10, 18, 14, 15, 16, 7, 13, 19]",1090.0,"[0, 1, 2, 3, 4, 5, 6, 17, 8, 9, 12, 11, 10, 18, 14, 15, 16, 7, 13, 19]",1090.0,14.405052185058594
"[0, 1, 2, 3, 4, 5, 6, 17, 8, 9, 12, 11, 10, 18, 14, 15, 16, 7, 13, 19]",1090.0,"[0, 1, 2, 3, 4, 5, 6, 17, 8, 9, 12, 11, 10, 18, 14, 15, 16, 7, 13, 19]",1090.0,14.481053352355957
"[0, 1, 2, 3, 4, 5, 6, 17, 8, 9, 12, 11, 10, 18, 14, 15, 16, 7, 13, 19]",1090.0,"[0, 1, 2, 3, 4, 5, 6, 17, 8, 9, 12, 11, 10, 18, 14, 15, 16, 7, 13, 19]",1090.0,14.559051752090454
"[0, 1, 2, 3, 4, 5, 6, 17, 8, 9, 12, 11, 10, 18, 14, 15, 16, 7, 13, 19]",1090.0,"[0, 1, 2, 3, 4, 5, 6, 17, 8, 9, 12, 11, 10, 18, 14, 15, 16, 7, 13, 19]",1090.0,14.634060144424438
"[0, 1, 2, 3, 4, 5, 6, 17, 8, 9, 12, 11, 10, 18, 14, 15, 16, 7, 13, 19]",1090.0,"[0, 1, 2, 3, 4, 5, 6, 17, 8, 9, 12, 11, 10, 18, 14, 15, 16, 7, 13, 19]",1090.0,14.711060285568237
"[0, 1, 2, 3, 4, 5, 6, 17, 8, 9, 12, 11, 10, 18, 14, 15, 16, 7, 13, 19]",1090.0,"[0, 1, 2, 3, 4, 5, 6, 17, 8, 9, 12, 11, 10, 18, 14, 15, 16, 7, 13, 19]",1090.0,14.787054777145386
"[0, 1, 2, 3, 4, 5, 6, 17, 8, 9, 12, 11, 10, 18, 14, 15, 16, 7, 13, 19]",1090.0,"[0, 1, 2, 3, 4, 5, 6, 17, 8, 9, 12, 11, 10, 18, 14, 15, 16, 7, 13, 19]",1090.0,14.865056991577148
"[0, 1, 2, 3, 4, 5, 6, 17, 8, 9, 12, 11, 10, 18, 14, 15, 16, 7, 13, 19]",1090.0,"[0, 1, 2, 3, 4, 5, 6, 17, 8, 9, 12, 11, 10, 18, 14, 15, 16, 7, 13, 19]",1090.0,14.941057443618774
"[0, 1, 2, 3, 4, 5, 6, 17, 8, 9, 12, 11, 10, 18, 14, 15, 16, 7, 13, 19]",1090.0,"[0, 1, 2, 3, 4, 5, 6, 17, 8, 9, 12, 11, 10, 18, 14, 15, 16, 7, 13, 19]",1090.0,15.018058776855469
"[0, 1, 2, 3, 4, 5, 6, 17, 8, 9, 12, 11, 10, 18, 14, 15, 16, 7, 13, 19]",1090.0,"[0, 1, 2, 3, 4, 5, 6, 17, 8, 9, 12, 11, 10, 18, 14, 15, 16, 7, 13, 19]",1090.0,15.096179008483887
"[0, 1, 2, 3, 4, 5, 6, 17, 8, 9, 12, 11, 10, 18, 14, 15, 16, 7, 13, 19]",1090.0,"[0, 1, 2, 3, 4, 5, 6, 17, 8, 9, 12, 11, 10, 18, 14, 15, 16, 7, 13, 19]",1090.0,15.172061443328857
"[0, 1, 2, 3, 4, 5, 6, 17, 8, 9, 12, 11, 10, 18, 14, 15, 16, 7, 13, 19]",1090.0,"[0, 1, 2, 3, 4, 5, 6, 17, 8, 9, 12, 11, 10, 18, 14, 15, 16, 7, 13, 19]",1090.0,15.248063802719116
"[0, 1, 2, 3, 4, 5, 6, 17, 8, 9, 12, 11, 10, 18, 14, 15, 16, 7, 13, 19]",1090.0,"[0, 1, 2, 3, 4, 5, 6, 17, 8, 9, 12, 11, 10, 18, 14, 15, 16, 7, 13, 19]",1090.0,15.326060771942139
"[0, 1, 2, 3, 4, 5, 6, 17, 8, 9, 12, 11, 10, 18, 14, 15, 16, 7, 13, 19]",1090.0,"[0, 1, 2, 3, 4, 5, 6, 17, 8, 9, 12, 11, 10, 18, 14, 15, 16, 7, 13, 19]",1090.0,15.404058694839478
"[0, 1, 2, 3, 4, 5, 6, 17, 8, 9, 12, 11, 10, 18, 14, 15, 16, 7, 13, 19]",1090.0,"[0, 1, 2, 3, 4, 5, 6, 17, 8, 9, 12, 11, 10, 18, 14, 15, 16, 7, 13, 19]",1090.0,15.481060028076172
"[0, 1, 2, 3, 4, 5, 6, 17, 8, 9, 12, 11, 10, 18, 14, 15, 16, 7, 13, 19]",1090.0,"[0, 1, 2, 3, 4, 5, 6, 17, 8, 9, 12, 11, 10, 18, 14, 15, 16, 7, 13, 19]",1090.0,15.557068109512329
