Sequence,Fitness,Best_sequence,Best_fitness,Time
"[3, 16, 6, 10, 2, 14, 4, 17, 7, 1, 13, 0, 19, 18, 9, 15, 8, 12, 11, 5]",560.5,"[3, 16, 6, 10, 2, 14, 4, 17, 7, 1, 13, 0, 19, 18, 9, 15, 8, 12, 11, 5]",560.5,0.0
"[3, 16, 6, 10, 2, 14, 4, 17, 7, 1, 13, 0, 19, 18, 9, 15, 8, 12, 11, 5]",560.5,"[3, 16, 6, 10, 2, 14, 4, 17, 7, 1, 13, 0, 19, 18, 9, 15, 8, 12, 11, 5]",560.5,0.060967206954956055
"[3, 16, 6, 10, 2, 14, 4, 17, 7, 1, 13, 0, 19, 18, 9, 15, 8, 12, 11, 5]",560.5,"[3, 16, 6, 10, 2, 14, 4, 17, 7, 1, 13, 0, 19, 18, 9, 15, 8, 12, 11, 5]",560.5,0.11996626853942871
"[3, 16, 6, 10, 2, 14, 4, 17, 7, 1, 13, 0, 19, 18, 9, 15, 8, 12, 11, 5]",560.5,"[3, 16, 6, 10, 2, 14, 4, 17, 7, 1, 13, 0, 19, 18, 9, 15, 8, 12, 11, 5]",560.5,0.1849677562713623
"[3, 16, 6, 10, 2, 14, 4, 17, 7, 1, 13, 0, 19, 18, 9, 15, 8, 12, 11, 5]",560.5,"[3, 16, 6, 10, 2, 14, 4, 17, 7, 1, 13, 0, 19, 18, 9, 15, 8, 12, 11, 5]",560.5,0.25096654891967773
"[3, 16, 6, 10, 2, 14, 4, 17, 7, 1, 13, 0, 19, 18, 9, 15, 8, 12, 11, 5]",560.5,"[3, 16, 6, 10, 2, 14, 4, 17, 7, 1, 13, 0, 19, 18, 9, 15, 8, 12, 11, 5]",560.5,0.31296849250793457
"[3, 16, 6, 10, 2, 14, 4, 17, 7, 1, 13, 0, 19, 18, 9, 15, 8, 12, 11, 5]",560.5,"[3, 16, 6, 10, 2, 14, 4, 17, 7, 1, 13, 0, 19, 18, 9, 15, 8, 12, 11, 5]",560.5,0.374969482421875
"[3, 16, 6, 10, 2, 14, 4, 17, 7, 1, 13, 0, 19, 18, 9, 15, 8, 12, 11, 5]",560.5,"[3, 16, 6, 10, 2, 14, 4, 17, 7, 1, 13, 0, 19, 18, 9, 15, 8, 12, 11, 5]",560.5,0.46297287940979004
"[3, 17, 6, 10, 2, 14, 4, 16, 7, 1, 13, 0, 19, 18, 9, 15, 8, 12, 11, 5]",556.0,"[3, 17, 6, 10, 2, 14, 4, 16, 7, 1, 13, 0, 19, 18, 9, 15, 8, 12, 11, 5]",556.0,0.5259730815887451
"[3, 17, 6, 10, 2, 14, 4, 16, 7, 1, 13, 0, 19, 18, 9, 15, 8, 12, 11, 5]",556.0,"[3, 17, 6, 10, 2, 14, 4, 16, 7, 1, 13, 0, 19, 18, 9, 15, 8, 12, 11, 5]",556.0,0.5889706611633301
"[3, 17, 6, 10, 2, 14, 4, 16, 7, 1, 13, 0, 19, 18, 9, 15, 8, 12, 11, 5]",556.0,"[3, 17, 6, 10, 2, 14, 4, 16, 7, 1, 13, 0, 19, 18, 9, 15, 8, 12, 11, 5]",556.0,0.6509690284729004
"[3, 17, 6, 10, 2, 14, 4, 16, 7, 1, 13, 0, 19, 18, 9, 15, 8, 12, 11, 5]",556.0,"[3, 17, 6, 10, 2, 14, 4, 16, 7, 1, 13, 0, 19, 18, 9, 15, 8, 12, 11, 5]",556.0,0.7139675617218018
"[3, 17, 6, 10, 2, 14, 4, 16, 7, 1, 13, 0, 19, 18, 9, 15, 8, 12, 11, 5]",556.0,"[3, 17, 6, 10, 2, 14, 4, 16, 7, 1, 13, 0, 19, 18, 9, 15, 8, 12, 11, 5]",556.0,0.776972770690918
"[3, 17, 6, 10, 2, 14, 4, 16, 7, 1, 13, 0, 19, 18, 9, 15, 8, 12, 11, 5]",556.0,"[3, 17, 6, 10, 2, 14, 4, 16, 7, 1, 13, 0, 19, 18, 9, 15, 8, 12, 11, 5]",556.0,0.8379759788513184
"[3, 17, 6, 10, 2, 14, 4, 16, 7, 1, 13, 0, 19, 18, 9, 15, 8, 12, 11, 5]",556.0,"[3, 17, 6, 10, 2, 14, 4, 16, 7, 1, 13, 0, 19, 18, 9, 15, 8, 12, 11, 5]",556.0,0.8989768028259277
"[3, 17, 6, 10, 2, 14, 4, 16, 7, 1, 13, 0, 19, 18, 9, 15, 8, 12, 11, 5]",556.0,"[3, 17, 6, 10, 2, 14, 4, 16, 7, 1, 13, 0, 19, 18, 9, 15, 8, 12, 11, 5]",556.0,0.9609739780426025
"[3, 17, 6, 10, 2, 14, 4, 16, 7, 1, 13, 0, 19, 18, 9, 15, 8, 12, 11, 5]",556.0,"[3, 17, 6, 10, 2, 14, 4, 16, 7, 1, 13, 0, 19, 18, 9, 15, 8, 12, 11, 5]",556.0,1.0229706764221191
"[3, 17, 6, 10, 2, 14, 4, 16, 7, 1, 13, 0, 8, 18, 9, 15, 19, 12, 11, 5]",552.5,"[3, 17, 6, 10, 2, 14, 4, 16, 7, 1, 13, 0, 8, 18, 9, 15, 19, 12, 11, 5]",552.5,1.0859763622283936
"[3, 17, 6, 10, 2, 14, 4, 16, 7, 1, 13, 0, 8, 5, 9, 15, 19, 12, 11, 18]",472.5,"[3, 17, 6, 10, 2, 14, 4, 16, 7, 1, 13, 0, 8, 5, 9, 15, 19, 12, 11, 18]",472.5,1.1489763259887695
"[3, 17, 6, 10, 2, 14, 4, 16, 7, 1, 13, 0, 8, 5, 9, 15, 19, 12, 11, 18]",472.5,"[3, 17, 6, 10, 2, 14, 4, 16, 7, 1, 13, 0, 8, 5, 9, 15, 19, 12, 11, 18]",472.5,1.2119777202606201
"[3, 17, 6, 10, 2, 14, 4, 16, 7, 1, 13, 0, 8, 5, 9, 15, 19, 12, 11, 18]",472.5,"[3, 17, 6, 10, 2, 14, 4, 16, 7, 1, 13, 0, 8, 5, 9, 15, 19, 12, 11, 18]",472.5,1.276977777481079
"[3, 17, 6, 10, 2, 14, 4, 16, 7, 1, 13, 0, 8, 5, 9, 15, 19, 12, 11, 18]",472.5,"[3, 17, 6, 10, 2, 14, 4, 16, 7, 1, 13, 0, 8, 5, 9, 15, 19, 12, 11, 18]",472.5,1.3440265655517578
"[3, 17, 6, 10, 2, 14, 4, 16, 7, 1, 13, 0, 8, 5, 9, 15, 19, 12, 11, 18]",472.5,"[3, 17, 6, 10, 2, 14, 4, 16, 7, 1, 13, 0, 8, 5, 9, 15, 19, 12, 11, 18]",472.5,1.4059758186340332
"[3, 17, 6, 10, 2, 14, 4, 16, 7, 1, 13, 0, 8, 5, 9, 15, 19, 12, 11, 18]",472.5,"[3, 17, 6, 10, 2, 14, 4, 16, 7, 1, 13, 0, 8, 5, 9, 15, 19, 12, 11, 18]",472.5,1.4679803848266602
"[3, 17, 6, 10, 2, 14, 4, 16, 7, 1, 13, 0, 8, 5, 9, 15, 19, 12, 11, 18]",472.5,"[3, 17, 6, 10, 2, 14, 4, 16, 7, 1, 13, 0, 8, 5, 9, 15, 19, 12, 11, 18]",472.5,1.540977954864502
"[3, 17, 6, 10, 2, 14, 4, 16, 7, 1, 13, 0, 8, 5, 9, 15, 19, 12, 11, 18]",472.5,"[3, 17, 6, 10, 2, 14, 4, 16, 7, 1, 13, 0, 8, 5, 9, 15, 19, 12, 11, 18]",472.5,1.6149868965148926
"[3, 17, 6, 10, 2, 14, 4, 16, 7, 1, 13, 0, 8, 5, 9, 15, 19, 12, 11, 18]",472.5,"[3, 17, 6, 10, 2, 14, 4, 16, 7, 1, 13, 0, 8, 5, 9, 15, 19, 12, 11, 18]",472.5,1.6749835014343262
"[3, 17, 6, 10, 2, 14, 4, 16, 7, 1, 13, 0, 8, 5, 9, 15, 19, 12, 11, 18]",472.5,"[3, 17, 6, 10, 2, 14, 4, 16, 7, 1, 13, 0, 8, 5, 9, 15, 19, 12, 11, 18]",472.5,1.7370057106018066
"[3, 17, 6, 10, 2, 14, 4, 16, 7, 1, 13, 0, 8, 5, 9, 15, 19, 12, 11, 18]",472.5,"[3, 17, 6, 10, 2, 14, 4, 16, 7, 1, 13, 0, 8, 5, 9, 15, 19, 12, 11, 18]",472.5,1.7970032691955566
"[3, 17, 6, 10, 2, 14, 4, 16, 7, 1, 13, 0, 8, 5, 9, 15, 19, 12, 11, 18]",472.5,"[3, 17, 6, 10, 2, 14, 4, 16, 7, 1, 13, 0, 8, 5, 9, 15, 19, 12, 11, 18]",472.5,1.8560047149658203
"[3, 17, 6, 10, 2, 14, 4, 16, 7, 1, 13, 0, 8, 5, 9, 15, 19, 12, 11, 18]",472.5,"[3, 17, 6, 10, 2, 14, 4, 16, 7, 1, 13, 0, 8, 5, 9, 15, 19, 12, 11, 18]",472.5,1.9210021495819092
"[3, 17, 6, 10, 2, 14, 4, 16, 7, 1, 13, 0, 8, 5, 9, 15, 19, 12, 11, 18]",472.5,"[3, 17, 6, 10, 2, 14, 4, 16, 7, 1, 13, 0, 8, 5, 9, 15, 19, 12, 11, 18]",472.5,1.985004186630249
"[17, 3, 6, 10, 2, 14, 4, 16, 7, 1, 13, 0, 8, 5, 9, 15, 19, 12, 11, 18]",471.0,"[17, 3, 6, 10, 2, 14, 4, 16, 7, 1, 13, 0, 8, 5, 9, 15, 19, 12, 11, 18]",471.0,2.0490074157714844
"[17, 3, 6, 10, 2, 14, 4, 16, 7, 1, 13, 0, 8, 5, 9, 15, 19, 12, 11, 18]",471.0,"[17, 3, 6, 10, 2, 14, 4, 16, 7, 1, 13, 0, 8, 5, 9, 15, 19, 12, 11, 18]",471.0,2.1100077629089355
"[17, 3, 6, 10, 2, 14, 4, 16, 7, 1, 13, 0, 8, 5, 9, 15, 19, 12, 11, 18]",471.0,"[17, 3, 6, 10, 2, 14, 4, 16, 7, 1, 13, 0, 8, 5, 9, 15, 19, 12, 11, 18]",471.0,2.1710128784179688
"[17, 3, 6, 10, 2, 14, 4, 16, 7, 1, 13, 0, 8, 5, 9, 15, 19, 12, 11, 18]",471.0,"[17, 3, 6, 10, 2, 14, 4, 16, 7, 1, 13, 0, 8, 5, 9, 15, 19, 12, 11, 18]",471.0,2.2340123653411865
"[17, 3, 6, 10, 2, 14, 4, 16, 7, 1, 13, 0, 8, 5, 9, 15, 19, 12, 11, 18]",471.0,"[17, 3, 6, 10, 2, 14, 4, 16, 7, 1, 13, 0, 8, 5, 9, 15, 19, 12, 11, 18]",471.0,2.297006845474243
"[17, 3, 6, 10, 2, 14, 4, 16, 7, 1, 13, 0, 8, 5, 9, 15, 19, 12, 11, 18]",471.0,"[17, 3, 6, 10, 2, 14, 4, 16, 7, 1, 13, 0, 8, 5, 9, 15, 19, 12, 11, 18]",471.0,2.3590149879455566
"[17, 3, 6, 10, 2, 14, 4, 16, 7, 1, 13, 0, 8, 5, 9, 15, 19, 12, 11, 18]",471.0,"[17, 3, 6, 10, 2, 14, 4, 16, 7, 1, 13, 0, 8, 5, 9, 15, 19, 12, 11, 18]",471.0,2.4220144748687744
"[17, 3, 6, 10, 2, 14, 4, 16, 7, 1, 13, 0, 8, 5, 9, 15, 19, 12, 11, 18]",471.0,"[17, 3, 6, 10, 2, 14, 4, 16, 7, 1, 13, 0, 8, 5, 9, 15, 19, 12, 11, 18]",471.0,2.48801326751709
"[17, 3, 6, 10, 2, 14, 4, 16, 7, 1, 13, 0, 8, 5, 9, 15, 19, 12, 11, 18]",471.0,"[17, 3, 6, 10, 2, 14, 4, 16, 7, 1, 13, 0, 8, 5, 9, 15, 19, 12, 11, 18]",471.0,2.5640175342559814
"[17, 3, 6, 10, 2, 14, 4, 16, 7, 1, 13, 0, 8, 5, 9, 15, 19, 12, 11, 18]",471.0,"[17, 3, 6, 10, 2, 14, 4, 16, 7, 1, 13, 0, 8, 5, 9, 15, 19, 12, 11, 18]",471.0,2.627021312713623
"[17, 3, 6, 10, 2, 14, 4, 16, 7, 1, 13, 0, 8, 5, 9, 15, 19, 12, 11, 18]",471.0,"[17, 3, 6, 10, 2, 14, 4, 16, 7, 1, 13, 0, 8, 5, 9, 15, 19, 12, 11, 18]",471.0,2.6890132427215576
"[17, 3, 6, 10, 2, 14, 4, 16, 7, 1, 13, 0, 8, 5, 9, 15, 19, 12, 11, 18]",471.0,"[17, 3, 6, 10, 2, 14, 4, 16, 7, 1, 13, 0, 8, 5, 9, 15, 19, 12, 11, 18]",471.0,2.7540132999420166
"[17, 3, 6, 10, 2, 14, 4, 16, 7, 1, 13, 0, 8, 5, 9, 15, 19, 12, 11, 18]",471.0,"[17, 3, 6, 10, 2, 14, 4, 16, 7, 1, 13, 0, 8, 5, 9, 15, 19, 12, 11, 18]",471.0,2.816014289855957
"[17, 3, 6, 10, 2, 14, 4, 16, 7, 1, 13, 0, 8, 5, 9, 15, 19, 12, 11, 18]",471.0,"[17, 3, 6, 10, 2, 14, 4, 16, 7, 1, 13, 0, 8, 5, 9, 15, 19, 12, 11, 18]",471.0,2.878016948699951
"[17, 3, 6, 10, 2, 14, 4, 16, 7, 1, 13, 0, 8, 5, 9, 15, 19, 12, 11, 18]",471.0,"[17, 3, 6, 10, 2, 14, 4, 16, 7, 1, 13, 0, 8, 5, 9, 15, 19, 12, 11, 18]",471.0,2.9450180530548096
"[17, 3, 6, 10, 2, 14, 4, 16, 7, 1, 13, 0, 8, 5, 9, 15, 19, 12, 11, 18]",471.0,"[17, 3, 6, 10, 2, 14, 4, 16, 7, 1, 13, 0, 8, 5, 9, 15, 19, 12, 11, 18]",471.0,3.0090184211730957
"[17, 3, 6, 10, 2, 14, 4, 16, 7, 1, 13, 0, 8, 5, 9, 15, 19, 12, 11, 18]",471.0,"[17, 3, 6, 10, 2, 14, 4, 16, 7, 1, 13, 0, 8, 5, 9, 15, 19, 12, 11, 18]",471.0,3.073018789291382
"[17, 3, 6, 10, 2, 14, 4, 16, 7, 1, 13, 0, 8, 5, 9, 15, 19, 12, 11, 18]",471.0,"[17, 3, 6, 10, 2, 14, 4, 16, 7, 1, 13, 0, 8, 5, 9, 15, 19, 12, 11, 18]",471.0,3.1350185871124268
"[17, 3, 6, 10, 2, 14, 4, 16, 7, 1, 13, 0, 8, 5, 9, 15, 19, 12, 11, 18]",471.0,"[17, 3, 6, 10, 2, 14, 4, 16, 7, 1, 13, 0, 8, 5, 9, 15, 19, 12, 11, 18]",471.0,3.1970198154449463
"[17, 3, 6, 10, 2, 14, 4, 16, 7, 1, 13, 0, 8, 5, 9, 15, 19, 12, 11, 18]",471.0,"[17, 3, 6, 10, 2, 14, 4, 16, 7, 1, 13, 0, 8, 5, 9, 15, 19, 12, 11, 18]",471.0,3.260021686553955
"[17, 3, 6, 10, 2, 14, 4, 16, 7, 1, 13, 0, 8, 5, 9, 15, 19, 12, 11, 18]",471.0,"[17, 3, 6, 10, 2, 14, 4, 16, 7, 1, 13, 0, 8, 5, 9, 15, 19, 12, 11, 18]",471.0,3.3330225944519043
"[17, 3, 6, 10, 2, 14, 4, 16, 7, 1, 13, 0, 8, 5, 9, 15, 19, 12, 11, 18]",471.0,"[17, 3, 6, 10, 2, 14, 4, 16, 7, 1, 13, 0, 8, 5, 9, 15, 19, 12, 11, 18]",471.0,3.4050228595733643
"[17, 3, 6, 10, 2, 14, 4, 16, 7, 1, 13, 0, 8, 5, 9, 15, 19, 12, 11, 18]",471.0,"[17, 3, 6, 10, 2, 14, 4, 16, 7, 1, 13, 0, 8, 5, 9, 15, 19, 12, 11, 18]",471.0,3.4770233631134033
"[17, 3, 6, 10, 2, 14, 4, 16, 7, 1, 13, 0, 8, 5, 9, 15, 19, 12, 11, 18]",471.0,"[17, 3, 6, 10, 2, 14, 4, 16, 7, 1, 13, 0, 8, 5, 9, 15, 19, 12, 11, 18]",471.0,3.5410258769989014
"[17, 3, 6, 10, 2, 14, 4, 16, 7, 1, 13, 0, 8, 5, 9, 15, 19, 12, 11, 18]",471.0,"[17, 3, 6, 10, 2, 14, 4, 16, 7, 1, 13, 0, 8, 5, 9, 15, 19, 12, 11, 18]",471.0,3.6030266284942627
"[17, 3, 6, 10, 2, 14, 4, 16, 7, 1, 13, 0, 8, 5, 9, 15, 19, 12, 11, 18]",471.0,"[17, 3, 6, 10, 2, 14, 4, 16, 7, 1, 13, 0, 8, 5, 9, 15, 19, 12, 11, 18]",471.0,3.6660289764404297
"[17, 3, 6, 10, 2, 14, 4, 16, 7, 1, 13, 0, 8, 5, 9, 15, 19, 12, 11, 18]",471.0,"[17, 3, 6, 10, 2, 14, 4, 16, 7, 1, 13, 0, 8, 5, 9, 15, 19, 12, 11, 18]",471.0,3.7315673828125
"[17, 3, 6, 10, 2, 14, 4, 16, 7, 1, 13, 0, 8, 5, 9, 15, 19, 12, 11, 18]",471.0,"[17, 3, 6, 10, 2, 14, 4, 16, 7, 1, 13, 0, 8, 5, 9, 15, 19, 12, 11, 18]",471.0,3.7980380058288574
"[17, 3, 6, 10, 2, 14, 4, 16, 7, 1, 13, 0, 8, 5, 9, 15, 19, 12, 11, 18]",471.0,"[17, 3, 6, 10, 2, 14, 4, 16, 7, 1, 13, 0, 8, 5, 9, 15, 19, 12, 11, 18]",471.0,3.8600261211395264
"[17, 3, 6, 10, 2, 14, 4, 16, 7, 1, 13, 0, 8, 5, 9, 15, 19, 12, 11, 18]",471.0,"[17, 3, 6, 10, 2, 14, 4, 16, 7, 1, 13, 0, 8, 5, 9, 15, 19, 12, 11, 18]",471.0,3.922034502029419
"[17, 3, 6, 10, 2, 14, 4, 16, 7, 1, 13, 0, 8, 5, 9, 15, 19, 12, 11, 18]",471.0,"[17, 3, 6, 10, 2, 14, 4, 16, 7, 1, 13, 0, 8, 5, 9, 15, 19, 12, 11, 18]",471.0,3.9844908714294434
"[17, 3, 6, 10, 2, 14, 4, 16, 7, 1, 13, 0, 8, 5, 9, 15, 19, 12, 11, 18]",471.0,"[17, 3, 6, 10, 2, 14, 4, 16, 7, 1, 13, 0, 8, 5, 9, 15, 19, 12, 11, 18]",471.0,4.046027660369873
"[17, 3, 6, 10, 2, 14, 4, 16, 7, 1, 13, 0, 8, 5, 9, 15, 19, 12, 11, 18]",471.0,"[17, 3, 6, 10, 2, 14, 4, 16, 7, 1, 13, 0, 8, 5, 9, 15, 19, 12, 11, 18]",471.0,4.108039855957031
"[17, 3, 6, 10, 2, 14, 4, 16, 7, 1, 13, 0, 8, 5, 9, 15, 19, 12, 11, 18]",471.0,"[17, 3, 6, 10, 2, 14, 4, 16, 7, 1, 13, 0, 8, 5, 9, 15, 19, 12, 11, 18]",471.0,4.169033765792847
"[17, 3, 6, 10, 2, 14, 4, 16, 7, 1, 13, 0, 8, 5, 9, 15, 19, 12, 11, 18]",471.0,"[17, 3, 6, 10, 2, 14, 4, 16, 7, 1, 13, 0, 8, 5, 9, 15, 19, 12, 11, 18]",471.0,4.230031490325928
"[17, 3, 6, 10, 2, 14, 4, 16, 7, 1, 13, 0, 8, 5, 9, 15, 19, 12, 11, 18]",471.0,"[17, 3, 6, 10, 2, 14, 4, 16, 7, 1, 13, 0, 8, 5, 9, 15, 19, 12, 11, 18]",471.0,4.293033838272095
"[17, 3, 6, 10, 2, 14, 4, 16, 7, 1, 13, 0, 8, 5, 9, 15, 19, 12, 11, 18]",471.0,"[17, 3, 6, 10, 2, 14, 4, 16, 7, 1, 13, 0, 8, 5, 9, 15, 19, 12, 11, 18]",471.0,4.354033946990967
"[17, 3, 6, 10, 2, 14, 4, 16, 7, 1, 13, 0, 8, 5, 9, 15, 19, 12, 11, 18]",471.0,"[17, 3, 6, 10, 2, 14, 4, 16, 7, 1, 13, 0, 8, 5, 9, 15, 19, 12, 11, 18]",471.0,4.416038274765015
"[17, 3, 6, 10, 2, 14, 4, 16, 7, 1, 13, 0, 8, 5, 9, 15, 19, 12, 11, 18]",471.0,"[17, 3, 6, 10, 2, 14, 4, 16, 7, 1, 13, 0, 8, 5, 9, 15, 19, 12, 11, 18]",471.0,4.478032827377319
"[17, 3, 6, 10, 2, 14, 4, 16, 7, 1, 13, 0, 8, 5, 9, 15, 19, 12, 11, 18]",471.0,"[17, 3, 6, 10, 2, 14, 4, 16, 7, 1, 13, 0, 8, 5, 9, 15, 19, 12, 11, 18]",471.0,4.54003643989563
"[17, 3, 6, 10, 2, 14, 4, 16, 7, 1, 13, 0, 8, 5, 9, 15, 19, 12, 11, 18]",471.0,"[17, 3, 6, 10, 2, 14, 4, 16, 7, 1, 13, 0, 8, 5, 9, 15, 19, 12, 11, 18]",471.0,4.603032827377319
"[17, 3, 6, 10, 2, 14, 4, 16, 7, 1, 13, 0, 8, 5, 9, 15, 19, 12, 11, 18]",471.0,"[17, 3, 6, 10, 2, 14, 4, 16, 7, 1, 13, 0, 8, 5, 9, 15, 19, 12, 11, 18]",471.0,4.664038419723511
"[17, 3, 6, 10, 2, 14, 4, 16, 7, 1, 13, 0, 8, 5, 9, 15, 19, 12, 11, 18]",471.0,"[17, 3, 6, 10, 2, 14, 4, 16, 7, 1, 13, 0, 8, 5, 9, 15, 19, 12, 11, 18]",471.0,4.726036787033081
"[17, 3, 6, 10, 2, 14, 4, 16, 7, 1, 13, 0, 8, 5, 9, 15, 19, 12, 11, 18]",471.0,"[17, 3, 6, 10, 2, 14, 4, 16, 7, 1, 13, 0, 8, 5, 9, 15, 19, 12, 11, 18]",471.0,4.790038108825684
"[17, 3, 6, 10, 2, 14, 4, 16, 7, 1, 13, 0, 8, 5, 9, 15, 19, 12, 11, 18]",471.0,"[17, 3, 6, 10, 2, 14, 4, 16, 7, 1, 13, 0, 8, 5, 9, 15, 19, 12, 11, 18]",471.0,4.85203742980957
"[17, 3, 6, 10, 2, 14, 4, 16, 7, 1, 13, 0, 8, 5, 9, 15, 19, 12, 11, 18]",471.0,"[17, 3, 6, 10, 2, 14, 4, 16, 7, 1, 13, 0, 8, 5, 9, 15, 19, 12, 11, 18]",471.0,4.91904091835022
"[17, 3, 6, 10, 2, 14, 4, 16, 7, 1, 13, 0, 8, 5, 9, 15, 19, 12, 11, 18]",471.0,"[17, 3, 6, 10, 2, 14, 4, 16, 7, 1, 13, 0, 8, 5, 9, 15, 19, 12, 11, 18]",471.0,4.989043712615967
"[17, 3, 6, 10, 2, 14, 4, 16, 7, 1, 13, 0, 8, 5, 9, 15, 19, 12, 11, 18]",471.0,"[17, 3, 6, 10, 2, 14, 4, 16, 7, 1, 13, 0, 8, 5, 9, 15, 19, 12, 11, 18]",471.0,5.0520429611206055
"[17, 3, 6, 10, 2, 14, 4, 16, 7, 1, 13, 0, 8, 5, 9, 15, 19, 12, 11, 18]",471.0,"[17, 3, 6, 10, 2, 14, 4, 16, 7, 1, 13, 0, 8, 5, 9, 15, 19, 12, 11, 18]",471.0,5.123050689697266
"[17, 6, 3, 10, 2, 14, 4, 16, 7, 1, 13, 0, 8, 5, 9, 15, 19, 12, 11, 18]",468.0,"[17, 6, 3, 10, 2, 14, 4, 16, 7, 1, 13, 0, 8, 5, 9, 15, 19, 12, 11, 18]",468.0,5.189041614532471
"[17, 6, 3, 10, 2, 14, 4, 16, 7, 1, 13, 0, 8, 5, 9, 15, 19, 12, 11, 18]",468.0,"[17, 6, 3, 10, 2, 14, 4, 16, 7, 1, 13, 0, 8, 5, 9, 15, 19, 12, 11, 18]",468.0,5.253037214279175
"[17, 6, 3, 10, 2, 14, 4, 16, 7, 1, 13, 0, 8, 5, 9, 15, 19, 12, 11, 18]",468.0,"[17, 6, 3, 10, 2, 14, 4, 16, 7, 1, 13, 0, 8, 5, 9, 15, 19, 12, 11, 18]",468.0,5.314043283462524
"[17, 6, 3, 10, 2, 14, 4, 16, 7, 1, 13, 0, 8, 5, 9, 15, 19, 12, 11, 18]",468.0,"[17, 6, 3, 10, 2, 14, 4, 16, 7, 1, 13, 0, 8, 5, 9, 15, 19, 12, 11, 18]",468.0,5.3750433921813965
"[17, 6, 3, 10, 2, 14, 4, 16, 7, 1, 13, 0, 8, 5, 9, 15, 19, 12, 11, 18]",468.0,"[17, 6, 3, 10, 2, 14, 4, 16, 7, 1, 13, 0, 8, 5, 9, 15, 19, 12, 11, 18]",468.0,5.435044765472412
"[17, 6, 3, 10, 2, 14, 4, 16, 7, 1, 13, 0, 8, 5, 9, 15, 19, 12, 11, 18]",468.0,"[17, 6, 3, 10, 2, 14, 4, 16, 7, 1, 13, 0, 8, 5, 9, 15, 19, 12, 11, 18]",468.0,5.497046709060669
"[17, 6, 3, 10, 2, 14, 4, 16, 7, 1, 13, 0, 8, 5, 9, 15, 19, 12, 11, 18]",468.0,"[17, 6, 3, 10, 2, 14, 4, 16, 7, 1, 13, 0, 8, 5, 9, 15, 19, 12, 11, 18]",468.0,5.55804443359375
"[17, 6, 3, 10, 2, 14, 4, 16, 7, 1, 13, 0, 8, 5, 9, 15, 19, 12, 11, 18]",468.0,"[17, 6, 3, 10, 2, 14, 4, 16, 7, 1, 13, 0, 8, 5, 9, 15, 19, 12, 11, 18]",468.0,5.619046926498413
"[17, 6, 3, 10, 2, 14, 4, 16, 7, 1, 13, 0, 8, 5, 9, 15, 19, 12, 11, 18]",468.0,"[17, 6, 3, 10, 2, 14, 4, 16, 7, 1, 13, 0, 8, 5, 9, 15, 19, 12, 11, 18]",468.0,5.68004584312439
"[17, 6, 3, 10, 2, 14, 4, 16, 7, 1, 13, 0, 8, 5, 9, 15, 19, 12, 11, 18]",468.0,"[17, 6, 3, 10, 2, 14, 4, 16, 7, 1, 13, 0, 8, 5, 9, 15, 19, 12, 11, 18]",468.0,5.741049528121948
"[17, 6, 3, 10, 2, 14, 4, 16, 7, 1, 13, 0, 8, 5, 9, 15, 19, 12, 11, 18]",468.0,"[17, 6, 3, 10, 2, 14, 4, 16, 7, 1, 13, 0, 8, 5, 9, 15, 19, 12, 11, 18]",468.0,5.802047252655029
"[17, 6, 3, 10, 2, 14, 4, 16, 7, 1, 13, 0, 8, 5, 9, 15, 19, 12, 11, 18]",468.0,"[17, 6, 3, 10, 2, 14, 4, 16, 7, 1, 13, 0, 8, 5, 9, 15, 19, 12, 11, 18]",468.0,5.863046646118164
"[17, 6, 3, 10, 2, 14, 4, 16, 7, 1, 13, 0, 8, 5, 9, 15, 19, 12, 11, 18]",468.0,"[17, 6, 3, 10, 2, 14, 4, 16, 7, 1, 13, 0, 8, 5, 9, 15, 19, 12, 11, 18]",468.0,5.924047470092773
"[17, 6, 3, 10, 2, 14, 4, 16, 7, 1, 13, 0, 8, 5, 9, 15, 19, 12, 11, 18]",468.0,"[17, 6, 3, 10, 2, 14, 4, 16, 7, 1, 13, 0, 8, 5, 9, 15, 19, 12, 11, 18]",468.0,5.986051321029663
"[17, 6, 3, 10, 2, 14, 4, 16, 7, 1, 13, 0, 8, 5, 9, 15, 19, 12, 11, 18]",468.0,"[17, 6, 3, 10, 2, 14, 4, 16, 7, 1, 13, 0, 8, 5, 9, 15, 19, 12, 11, 18]",468.0,6.049050331115723
"[17, 6, 3, 10, 2, 14, 4, 16, 7, 1, 13, 0, 8, 5, 9, 15, 19, 12, 11, 18]",468.0,"[17, 6, 3, 10, 2, 14, 4, 16, 7, 1, 13, 0, 8, 5, 9, 15, 19, 12, 11, 18]",468.0,6.110057830810547
"[17, 6, 3, 10, 2, 14, 4, 16, 7, 1, 13, 0, 8, 5, 9, 15, 19, 12, 11, 18]",468.0,"[17, 6, 3, 10, 2, 14, 4, 16, 7, 1, 13, 0, 8, 5, 9, 15, 19, 12, 11, 18]",468.0,6.17604923248291
"[17, 6, 3, 10, 2, 14, 4, 16, 7, 1, 13, 0, 8, 5, 9, 15, 19, 12, 11, 18]",468.0,"[17, 6, 3, 10, 2, 14, 4, 16, 7, 1, 13, 0, 8, 5, 9, 15, 19, 12, 11, 18]",468.0,6.2360520362854
"[17, 6, 3, 10, 2, 14, 4, 16, 7, 1, 13, 0, 8, 5, 9, 15, 19, 12, 11, 18]",468.0,"[17, 6, 3, 10, 2, 14, 4, 16, 7, 1, 13, 0, 8, 5, 9, 15, 19, 12, 11, 18]",468.0,6.2980523109436035
"[17, 6, 3, 10, 2, 14, 4, 16, 7, 1, 13, 0, 8, 5, 9, 15, 19, 12, 11, 18]",468.0,"[17, 6, 3, 10, 2, 14, 4, 16, 7, 1, 13, 0, 8, 5, 9, 15, 19, 12, 11, 18]",468.0,6.358053207397461
"[17, 6, 3, 10, 2, 14, 4, 16, 7, 1, 13, 0, 8, 5, 9, 15, 19, 12, 11, 18]",468.0,"[17, 6, 3, 10, 2, 14, 4, 16, 7, 1, 13, 0, 8, 5, 9, 15, 19, 12, 11, 18]",468.0,6.421056509017944
"[17, 6, 3, 10, 2, 14, 4, 16, 7, 1, 13, 0, 8, 5, 9, 15, 19, 12, 11, 18]",468.0,"[17, 6, 3, 10, 2, 14, 4, 16, 7, 1, 13, 0, 8, 5, 9, 15, 19, 12, 11, 18]",468.0,6.483055114746094
"[17, 6, 3, 10, 2, 14, 4, 16, 7, 1, 13, 0, 8, 5, 9, 15, 19, 12, 11, 18]",468.0,"[17, 6, 3, 10, 2, 14, 4, 16, 7, 1, 13, 0, 8, 5, 9, 15, 19, 12, 11, 18]",468.0,6.549062013626099
"[17, 6, 3, 10, 2, 14, 4, 16, 7, 1, 13, 0, 8, 5, 9, 15, 19, 12, 11, 18]",468.0,"[17, 6, 3, 10, 2, 14, 4, 16, 7, 1, 13, 0, 8, 5, 9, 15, 19, 12, 11, 18]",468.0,6.611056804656982
"[17, 6, 3, 10, 2, 14, 4, 16, 7, 1, 13, 0, 8, 5, 9, 15, 19, 12, 11, 18]",468.0,"[17, 6, 3, 10, 2, 14, 4, 16, 7, 1, 13, 0, 8, 5, 9, 15, 19, 12, 11, 18]",468.0,6.671067953109741
"[17, 6, 3, 10, 2, 14, 4, 16, 7, 1, 13, 0, 8, 5, 9, 15, 19, 12, 11, 18]",468.0,"[17, 6, 3, 10, 2, 14, 4, 16, 7, 1, 13, 0, 8, 5, 9, 15, 19, 12, 11, 18]",468.0,6.738062381744385
"[17, 6, 3, 10, 2, 14, 4, 16, 7, 1, 13, 0, 8, 5, 9, 15, 19, 12, 11, 18]",468.0,"[17, 6, 3, 10, 2, 14, 4, 16, 7, 1, 13, 0, 8, 5, 9, 15, 19, 12, 11, 18]",468.0,6.801056861877441
"[17, 6, 3, 10, 2, 14, 4, 16, 7, 1, 13, 0, 8, 5, 9, 15, 19, 12, 11, 18]",468.0,"[17, 6, 3, 10, 2, 14, 4, 16, 7, 1, 13, 0, 8, 5, 9, 15, 19, 12, 11, 18]",468.0,6.862056732177734
"[17, 6, 3, 10, 2, 14, 4, 16, 7, 1, 13, 0, 8, 5, 9, 15, 19, 12, 11, 18]",468.0,"[17, 6, 3, 10, 2, 14, 4, 16, 7, 1, 13, 0, 8, 5, 9, 15, 19, 12, 11, 18]",468.0,6.925064325332642
"[17, 6, 3, 10, 2, 14, 4, 16, 7, 1, 13, 0, 8, 5, 9, 15, 19, 12, 11, 18]",468.0,"[17, 6, 3, 10, 2, 14, 4, 16, 7, 1, 13, 0, 8, 5, 9, 15, 19, 12, 11, 18]",468.0,6.986061334609985
"[17, 6, 3, 10, 2, 14, 4, 16, 7, 1, 13, 0, 8, 5, 9, 15, 19, 12, 11, 18]",468.0,"[17, 6, 3, 10, 2, 14, 4, 16, 7, 1, 13, 0, 8, 5, 9, 15, 19, 12, 11, 18]",468.0,7.046060085296631
"[17, 6, 3, 10, 2, 14, 4, 16, 7, 1, 13, 0, 8, 5, 9, 15, 19, 12, 11, 18]",468.0,"[17, 6, 3, 10, 2, 14, 4, 16, 7, 1, 13, 0, 8, 5, 9, 15, 19, 12, 11, 18]",468.0,7.107062101364136
"[17, 6, 3, 10, 2, 14, 4, 16, 7, 1, 13, 0, 8, 5, 9, 15, 19, 12, 11, 18]",468.0,"[17, 6, 3, 10, 2, 14, 4, 16, 7, 1, 13, 0, 8, 5, 9, 15, 19, 12, 11, 18]",468.0,7.169063568115234
"[17, 6, 3, 10, 2, 14, 4, 16, 7, 1, 13, 0, 8, 5, 9, 15, 19, 12, 11, 18]",468.0,"[17, 6, 3, 10, 2, 14, 4, 16, 7, 1, 13, 0, 8, 5, 9, 15, 19, 12, 11, 18]",468.0,7.231059789657593
"[17, 6, 3, 10, 2, 14, 4, 16, 7, 1, 13, 0, 8, 5, 9, 15, 19, 12, 11, 18]",468.0,"[17, 6, 3, 10, 2, 14, 4, 16, 7, 1, 13, 0, 8, 5, 9, 15, 19, 12, 11, 18]",468.0,7.2920637130737305
"[17, 6, 3, 10, 2, 14, 4, 16, 7, 1, 13, 0, 8, 5, 9, 15, 19, 12, 11, 18]",468.0,"[17, 6, 3, 10, 2, 14, 4, 16, 7, 1, 13, 0, 8, 5, 9, 15, 19, 12, 11, 18]",468.0,7.353067874908447
"[17, 6, 3, 10, 2, 14, 4, 16, 7, 1, 13, 0, 8, 5, 9, 15, 19, 12, 11, 18]",468.0,"[17, 6, 3, 10, 2, 14, 4, 16, 7, 1, 13, 0, 8, 5, 9, 15, 19, 12, 11, 18]",468.0,7.414065837860107
"[17, 6, 3, 10, 2, 14, 4, 16, 7, 1, 13, 0, 8, 5, 9, 15, 19, 12, 11, 18]",468.0,"[17, 6, 3, 10, 2, 14, 4, 16, 7, 1, 13, 0, 8, 5, 9, 15, 19, 12, 11, 18]",468.0,7.475067138671875
"[17, 6, 3, 10, 2, 14, 4, 16, 7, 1, 13, 0, 8, 5, 9, 15, 19, 12, 11, 18]",468.0,"[17, 6, 3, 10, 2, 14, 4, 16, 7, 1, 13, 0, 8, 5, 9, 15, 19, 12, 11, 18]",468.0,7.536068677902222
"[17, 6, 3, 10, 2, 14, 4, 16, 7, 1, 13, 0, 8, 5, 9, 15, 19, 12, 11, 18]",468.0,"[17, 6, 3, 10, 2, 14, 4, 16, 7, 1, 13, 0, 8, 5, 9, 15, 19, 12, 11, 18]",468.0,7.597066164016724
"[17, 6, 3, 10, 2, 14, 4, 16, 7, 1, 13, 0, 8, 5, 9, 15, 19, 12, 11, 18]",468.0,"[17, 6, 3, 10, 2, 14, 4, 16, 7, 1, 13, 0, 8, 5, 9, 15, 19, 12, 11, 18]",468.0,7.659075975418091
"[17, 6, 3, 10, 2, 14, 4, 16, 7, 1, 13, 0, 8, 5, 9, 15, 19, 12, 11, 18]",468.0,"[17, 6, 3, 10, 2, 14, 4, 16, 7, 1, 13, 0, 8, 5, 9, 15, 19, 12, 11, 18]",468.0,7.719067811965942
"[17, 6, 3, 10, 2, 14, 4, 16, 7, 1, 13, 0, 8, 5, 9, 15, 19, 12, 11, 18]",468.0,"[17, 6, 3, 10, 2, 14, 4, 16, 7, 1, 13, 0, 8, 5, 9, 15, 19, 12, 11, 18]",468.0,7.782066345214844
"[17, 6, 3, 10, 2, 14, 4, 16, 7, 1, 13, 0, 8, 5, 9, 15, 19, 12, 11, 18]",468.0,"[17, 6, 3, 10, 2, 14, 4, 16, 7, 1, 13, 0, 8, 5, 9, 15, 19, 12, 11, 18]",468.0,7.844094514846802
"[17, 6, 3, 10, 2, 14, 4, 16, 7, 1, 13, 0, 8, 5, 9, 15, 19, 12, 11, 18]",468.0,"[17, 6, 3, 10, 2, 14, 4, 16, 7, 1, 13, 0, 8, 5, 9, 15, 19, 12, 11, 18]",468.0,7.90607762336731
"[17, 6, 3, 10, 2, 14, 4, 16, 7, 1, 13, 0, 8, 5, 9, 15, 19, 12, 11, 18]",468.0,"[17, 6, 3, 10, 2, 14, 4, 16, 7, 1, 13, 0, 8, 5, 9, 15, 19, 12, 11, 18]",468.0,7.969064474105835
"[17, 6, 3, 10, 2, 14, 4, 16, 7, 1, 13, 0, 8, 5, 9, 15, 19, 12, 11, 18]",468.0,"[17, 6, 3, 10, 2, 14, 4, 16, 7, 1, 13, 0, 8, 5, 9, 15, 19, 12, 11, 18]",468.0,8.069071054458618
"[17, 6, 3, 10, 2, 14, 4, 16, 7, 1, 13, 0, 8, 5, 9, 15, 19, 12, 11, 18]",468.0,"[17, 6, 3, 10, 2, 14, 4, 16, 7, 1, 13, 0, 8, 5, 9, 15, 19, 12, 11, 18]",468.0,8.131071090698242
"[17, 6, 3, 10, 2, 14, 4, 16, 7, 1, 13, 0, 8, 5, 9, 15, 19, 12, 11, 18]",468.0,"[17, 6, 3, 10, 2, 14, 4, 16, 7, 1, 13, 0, 8, 5, 9, 15, 19, 12, 11, 18]",468.0,8.195072412490845
"[17, 6, 3, 10, 2, 14, 4, 16, 7, 1, 13, 0, 8, 5, 9, 15, 19, 12, 11, 18]",468.0,"[17, 6, 3, 10, 2, 14, 4, 16, 7, 1, 13, 0, 8, 5, 9, 15, 19, 12, 11, 18]",468.0,8.26207160949707
"[17, 6, 3, 10, 2, 14, 4, 16, 7, 1, 13, 0, 8, 5, 9, 15, 19, 12, 11, 18]",468.0,"[17, 6, 3, 10, 2, 14, 4, 16, 7, 1, 13, 0, 8, 5, 9, 15, 19, 12, 11, 18]",468.0,8.325078010559082
"[17, 6, 3, 10, 2, 14, 4, 16, 7, 1, 13, 0, 8, 5, 9, 15, 19, 12, 11, 18]",468.0,"[17, 6, 3, 10, 2, 14, 4, 16, 7, 1, 13, 0, 8, 5, 9, 15, 19, 12, 11, 18]",468.0,8.388074398040771
"[17, 6, 3, 10, 2, 14, 4, 16, 7, 1, 13, 0, 8, 5, 9, 15, 19, 12, 11, 18]",468.0,"[17, 6, 3, 10, 2, 14, 4, 16, 7, 1, 13, 0, 8, 5, 9, 15, 19, 12, 11, 18]",468.0,8.451080322265625
"[17, 6, 3, 10, 2, 14, 4, 16, 7, 1, 13, 0, 8, 5, 9, 15, 19, 12, 11, 18]",468.0,"[17, 6, 3, 10, 2, 14, 4, 16, 7, 1, 13, 0, 8, 5, 9, 15, 19, 12, 11, 18]",468.0,8.513075590133667
"[17, 6, 3, 10, 2, 14, 4, 16, 7, 1, 13, 0, 8, 5, 9, 15, 19, 12, 11, 18]",468.0,"[17, 6, 3, 10, 2, 14, 4, 16, 7, 1, 13, 0, 8, 5, 9, 15, 19, 12, 11, 18]",468.0,8.576080799102783
"[17, 6, 3, 10, 2, 14, 4, 16, 7, 1, 13, 0, 8, 5, 9, 15, 19, 12, 11, 18]",468.0,"[17, 6, 3, 10, 2, 14, 4, 16, 7, 1, 13, 0, 8, 5, 9, 15, 19, 12, 11, 18]",468.0,8.636077404022217
"[17, 6, 3, 10, 2, 14, 4, 16, 7, 1, 13, 0, 8, 5, 9, 15, 19, 12, 11, 18]",468.0,"[17, 6, 3, 10, 2, 14, 4, 16, 7, 1, 13, 0, 8, 5, 9, 15, 19, 12, 11, 18]",468.0,8.697078466415405
"[17, 6, 3, 10, 2, 14, 4, 16, 7, 1, 13, 0, 8, 5, 9, 15, 19, 12, 11, 18]",468.0,"[17, 6, 3, 10, 2, 14, 4, 16, 7, 1, 13, 0, 8, 5, 9, 15, 19, 12, 11, 18]",468.0,8.760079145431519
"[17, 6, 3, 10, 2, 14, 4, 16, 7, 1, 13, 0, 8, 5, 9, 15, 19, 12, 11, 18]",468.0,"[17, 6, 3, 10, 2, 14, 4, 16, 7, 1, 13, 0, 8, 5, 9, 15, 19, 12, 11, 18]",468.0,8.821079730987549
"[17, 6, 3, 10, 2, 14, 4, 16, 7, 1, 13, 0, 8, 5, 9, 15, 19, 12, 11, 18]",468.0,"[17, 6, 3, 10, 2, 14, 4, 16, 7, 1, 13, 0, 8, 5, 9, 15, 19, 12, 11, 18]",468.0,8.88008427619934
"[17, 6, 3, 10, 2, 14, 4, 16, 7, 1, 13, 0, 8, 5, 9, 15, 19, 12, 11, 18]",468.0,"[17, 6, 3, 10, 2, 14, 4, 16, 7, 1, 13, 0, 8, 5, 9, 15, 19, 12, 11, 18]",468.0,8.941079139709473
"[17, 6, 3, 10, 2, 14, 4, 16, 7, 1, 13, 0, 8, 5, 9, 15, 19, 12, 11, 18]",468.0,"[17, 6, 3, 10, 2, 14, 4, 16, 7, 1, 13, 0, 8, 5, 9, 15, 19, 12, 11, 18]",468.0,9.001091480255127
"[17, 6, 3, 10, 2, 14, 4, 16, 7, 1, 13, 0, 8, 5, 9, 15, 19, 12, 11, 18]",468.0,"[17, 6, 3, 10, 2, 14, 4, 16, 7, 1, 13, 0, 8, 5, 9, 15, 19, 12, 11, 18]",468.0,9.061079502105713
"[17, 6, 3, 10, 2, 14, 4, 16, 7, 1, 13, 0, 8, 5, 9, 15, 19, 12, 11, 18]",468.0,"[17, 6, 3, 10, 2, 14, 4, 16, 7, 1, 13, 0, 8, 5, 9, 15, 19, 12, 11, 18]",468.0,9.122082710266113
"[17, 6, 3, 10, 2, 14, 4, 16, 7, 1, 13, 0, 8, 5, 9, 15, 19, 12, 11, 18]",468.0,"[17, 6, 3, 10, 2, 14, 4, 16, 7, 1, 13, 0, 8, 5, 9, 15, 19, 12, 11, 18]",468.0,9.184088468551636
"[17, 6, 3, 10, 2, 14, 4, 16, 7, 1, 13, 0, 8, 5, 9, 15, 19, 12, 11, 18]",468.0,"[17, 6, 3, 10, 2, 14, 4, 16, 7, 1, 13, 0, 8, 5, 9, 15, 19, 12, 11, 18]",468.0,9.246084213256836
"[17, 6, 3, 10, 2, 14, 4, 16, 7, 1, 13, 0, 8, 5, 9, 15, 19, 12, 11, 18]",468.0,"[17, 6, 3, 10, 2, 14, 4, 16, 7, 1, 13, 0, 8, 5, 9, 15, 19, 12, 11, 18]",468.0,9.311082124710083
"[17, 6, 3, 10, 2, 14, 4, 16, 7, 1, 13, 0, 8, 5, 9, 15, 19, 12, 11, 18]",468.0,"[17, 6, 3, 10, 2, 14, 4, 16, 7, 1, 13, 0, 8, 5, 9, 15, 19, 12, 11, 18]",468.0,9.375085830688477
"[17, 6, 3, 10, 2, 14, 4, 16, 7, 1, 13, 0, 8, 5, 9, 15, 19, 12, 11, 18]",468.0,"[17, 6, 3, 10, 2, 14, 4, 16, 7, 1, 13, 0, 8, 5, 9, 15, 19, 12, 11, 18]",468.0,9.43708324432373
"[17, 6, 3, 10, 2, 14, 4, 16, 7, 1, 13, 0, 8, 5, 9, 15, 19, 12, 11, 18]",468.0,"[17, 6, 3, 10, 2, 14, 4, 16, 7, 1, 13, 0, 8, 5, 9, 15, 19, 12, 11, 18]",468.0,9.498085975646973
"[17, 6, 3, 10, 2, 14, 4, 16, 7, 1, 13, 0, 8, 5, 9, 15, 19, 12, 11, 18]",468.0,"[17, 6, 3, 10, 2, 14, 4, 16, 7, 1, 13, 0, 8, 5, 9, 15, 19, 12, 11, 18]",468.0,9.56009030342102
"[17, 6, 3, 10, 2, 14, 4, 16, 7, 1, 13, 0, 8, 5, 9, 15, 19, 12, 11, 18]",468.0,"[17, 6, 3, 10, 2, 14, 4, 16, 7, 1, 13, 0, 8, 5, 9, 15, 19, 12, 11, 18]",468.0,9.620089769363403
"[17, 6, 3, 10, 2, 14, 4, 16, 7, 1, 13, 0, 8, 5, 9, 15, 19, 12, 11, 18]",468.0,"[17, 6, 3, 10, 2, 14, 4, 16, 7, 1, 13, 0, 8, 5, 9, 15, 19, 12, 11, 18]",468.0,9.681088209152222
"[17, 6, 3, 10, 2, 14, 4, 16, 7, 1, 13, 0, 8, 5, 9, 15, 19, 12, 11, 18]",468.0,"[17, 6, 3, 10, 2, 14, 4, 16, 7, 1, 13, 0, 8, 5, 9, 15, 19, 12, 11, 18]",468.0,9.744088411331177
"[17, 6, 3, 10, 2, 14, 4, 16, 7, 1, 13, 0, 8, 5, 9, 15, 19, 12, 11, 18]",468.0,"[17, 6, 3, 10, 2, 14, 4, 16, 7, 1, 13, 0, 8, 5, 9, 15, 19, 12, 11, 18]",468.0,9.808087587356567
"[17, 6, 3, 10, 2, 14, 4, 16, 7, 1, 13, 0, 8, 5, 9, 15, 19, 12, 11, 18]",468.0,"[17, 6, 3, 10, 2, 14, 4, 16, 7, 1, 13, 0, 8, 5, 9, 15, 19, 12, 11, 18]",468.0,9.869090557098389
"[17, 6, 3, 10, 2, 14, 4, 16, 7, 1, 13, 0, 8, 5, 9, 15, 19, 12, 11, 18]",468.0,"[17, 6, 3, 10, 2, 14, 4, 16, 7, 1, 13, 0, 8, 5, 9, 15, 19, 12, 11, 18]",468.0,9.930088520050049
"[17, 6, 3, 10, 2, 14, 4, 16, 7, 1, 13, 0, 8, 5, 9, 15, 19, 12, 11, 18]",468.0,"[17, 6, 3, 10, 2, 14, 4, 16, 7, 1, 13, 0, 8, 5, 9, 15, 19, 12, 11, 18]",468.0,9.992093324661255
"[17, 6, 3, 10, 2, 14, 4, 16, 7, 1, 13, 0, 8, 5, 9, 15, 19, 12, 11, 18]",468.0,"[17, 6, 3, 10, 2, 14, 4, 16, 7, 1, 13, 0, 8, 5, 9, 15, 19, 12, 11, 18]",468.0,10.05409288406372
"[17, 6, 3, 10, 2, 14, 4, 16, 7, 1, 13, 0, 8, 5, 9, 15, 19, 12, 11, 18]",468.0,"[17, 6, 3, 10, 2, 14, 4, 16, 7, 1, 13, 0, 8, 5, 9, 15, 19, 12, 11, 18]",468.0,10.113094329833984
"[17, 6, 3, 10, 2, 14, 4, 16, 7, 1, 13, 0, 8, 5, 9, 15, 19, 12, 11, 18]",468.0,"[17, 6, 3, 10, 2, 14, 4, 16, 7, 1, 13, 0, 8, 5, 9, 15, 19, 12, 11, 18]",468.0,10.173094034194946
"[17, 6, 3, 10, 2, 14, 4, 16, 7, 1, 13, 0, 8, 5, 9, 15, 19, 12, 11, 18]",468.0,"[17, 6, 3, 10, 2, 14, 4, 16, 7, 1, 13, 0, 8, 5, 9, 15, 19, 12, 11, 18]",468.0,10.234093189239502
"[17, 6, 3, 10, 2, 14, 4, 16, 7, 1, 13, 0, 8, 5, 9, 15, 19, 12, 11, 18]",468.0,"[17, 6, 3, 10, 2, 14, 4, 16, 7, 1, 13, 0, 8, 5, 9, 15, 19, 12, 11, 18]",468.0,10.295094966888428
"[17, 6, 3, 10, 2, 14, 4, 16, 7, 1, 13, 0, 8, 5, 9, 15, 19, 12, 11, 18]",468.0,"[17, 6, 3, 10, 2, 14, 4, 16, 7, 1, 13, 0, 8, 5, 9, 15, 19, 12, 11, 18]",468.0,10.357097148895264
"[17, 6, 3, 10, 2, 14, 4, 16, 7, 1, 13, 0, 8, 5, 9, 15, 19, 12, 11, 18]",468.0,"[17, 6, 3, 10, 2, 14, 4, 16, 7, 1, 13, 0, 8, 5, 9, 15, 19, 12, 11, 18]",468.0,10.418094396591187
"[17, 6, 3, 10, 2, 14, 4, 16, 7, 1, 13, 0, 8, 5, 9, 15, 19, 12, 11, 18]",468.0,"[17, 6, 3, 10, 2, 14, 4, 16, 7, 1, 13, 0, 8, 5, 9, 15, 19, 12, 11, 18]",468.0,10.480098247528076
"[17, 6, 3, 10, 2, 14, 4, 16, 7, 1, 13, 0, 8, 5, 9, 15, 19, 12, 11, 18]",468.0,"[17, 6, 3, 10, 2, 14, 4, 16, 7, 1, 13, 0, 8, 5, 9, 15, 19, 12, 11, 18]",468.0,10.541097402572632
"[17, 6, 3, 10, 2, 14, 4, 16, 7, 1, 13, 0, 8, 5, 9, 15, 19, 12, 11, 18]",468.0,"[17, 6, 3, 10, 2, 14, 4, 16, 7, 1, 13, 0, 8, 5, 9, 15, 19, 12, 11, 18]",468.0,10.603100538253784
"[17, 6, 3, 10, 2, 14, 4, 16, 7, 1, 13, 0, 8, 5, 9, 15, 19, 12, 11, 18]",468.0,"[17, 6, 3, 10, 2, 14, 4, 16, 7, 1, 13, 0, 8, 5, 9, 15, 19, 12, 11, 18]",468.0,10.66409707069397
"[17, 6, 3, 10, 2, 14, 4, 16, 7, 1, 13, 0, 8, 5, 9, 15, 19, 12, 11, 18]",468.0,"[17, 6, 3, 10, 2, 14, 4, 16, 7, 1, 13, 0, 8, 5, 9, 15, 19, 12, 11, 18]",468.0,10.725109100341797
"[17, 6, 3, 10, 2, 14, 4, 16, 7, 1, 13, 0, 8, 5, 9, 15, 19, 12, 11, 18]",468.0,"[17, 6, 3, 10, 2, 14, 4, 16, 7, 1, 13, 0, 8, 5, 9, 15, 19, 12, 11, 18]",468.0,10.786100387573242
"[17, 6, 3, 10, 2, 14, 4, 16, 7, 1, 13, 0, 8, 5, 9, 15, 19, 12, 11, 18]",468.0,"[17, 6, 3, 10, 2, 14, 4, 16, 7, 1, 13, 0, 8, 5, 9, 15, 19, 12, 11, 18]",468.0,10.848098039627075
"[17, 6, 3, 10, 2, 14, 4, 16, 7, 1, 13, 0, 8, 5, 9, 15, 19, 12, 11, 18]",468.0,"[17, 6, 3, 10, 2, 14, 4, 16, 7, 1, 13, 0, 8, 5, 9, 15, 19, 12, 11, 18]",468.0,10.911101579666138
"[17, 6, 3, 10, 2, 14, 4, 16, 7, 1, 13, 0, 8, 5, 9, 15, 19, 12, 11, 18]",468.0,"[17, 6, 3, 10, 2, 14, 4, 16, 7, 1, 13, 0, 8, 5, 9, 15, 19, 12, 11, 18]",468.0,10.973101377487183
"[17, 6, 3, 10, 2, 14, 4, 16, 7, 1, 13, 0, 8, 5, 9, 15, 19, 12, 11, 18]",468.0,"[17, 6, 3, 10, 2, 14, 4, 16, 7, 1, 13, 0, 8, 5, 9, 15, 19, 12, 11, 18]",468.0,11.035101652145386
"[6, 17, 3, 10, 2, 14, 4, 16, 7, 1, 13, 0, 8, 5, 9, 15, 19, 12, 11, 18]",466.5,"[6, 17, 3, 10, 2, 14, 4, 16, 7, 1, 13, 0, 8, 5, 9, 15, 19, 12, 11, 18]",466.5,11.097102642059326
"[6, 17, 3, 10, 2, 14, 4, 16, 7, 1, 13, 0, 8, 5, 9, 15, 19, 12, 11, 18]",466.5,"[6, 17, 3, 10, 2, 14, 4, 16, 7, 1, 13, 0, 8, 5, 9, 15, 19, 12, 11, 18]",466.5,11.162100553512573
"[6, 17, 3, 10, 2, 14, 4, 16, 7, 1, 13, 0, 8, 5, 9, 15, 19, 12, 11, 18]",466.5,"[6, 17, 3, 10, 2, 14, 4, 16, 7, 1, 13, 0, 8, 5, 9, 15, 19, 12, 11, 18]",466.5,11.225104570388794
"[6, 17, 3, 10, 2, 14, 4, 16, 7, 1, 13, 0, 8, 5, 9, 15, 19, 12, 11, 18]",466.5,"[6, 17, 3, 10, 2, 14, 4, 16, 7, 1, 13, 0, 8, 5, 9, 15, 19, 12, 11, 18]",466.5,11.287128686904907
"[6, 17, 3, 10, 2, 14, 4, 16, 7, 1, 13, 0, 8, 5, 9, 15, 19, 12, 11, 18]",466.5,"[6, 17, 3, 10, 2, 14, 4, 16, 7, 1, 13, 0, 8, 5, 9, 15, 19, 12, 11, 18]",466.5,11.352112531661987
"[6, 17, 3, 10, 2, 14, 4, 16, 7, 1, 13, 0, 8, 5, 9, 15, 19, 12, 11, 18]",466.5,"[6, 17, 3, 10, 2, 14, 4, 16, 7, 1, 13, 0, 8, 5, 9, 15, 19, 12, 11, 18]",466.5,11.413102865219116
"[6, 17, 3, 10, 2, 14, 4, 16, 7, 1, 13, 0, 8, 5, 9, 15, 19, 12, 11, 18]",466.5,"[6, 17, 3, 10, 2, 14, 4, 16, 7, 1, 13, 0, 8, 5, 9, 15, 19, 12, 11, 18]",466.5,11.473109722137451
"[6, 17, 3, 10, 2, 14, 4, 16, 7, 1, 13, 0, 8, 5, 9, 15, 19, 12, 11, 18]",466.5,"[6, 17, 3, 10, 2, 14, 4, 16, 7, 1, 13, 0, 8, 5, 9, 15, 19, 12, 11, 18]",466.5,11.533105611801147
"[6, 17, 3, 10, 2, 14, 4, 16, 7, 1, 13, 0, 8, 5, 9, 15, 19, 12, 11, 18]",466.5,"[6, 17, 3, 10, 2, 14, 4, 16, 7, 1, 13, 0, 8, 5, 9, 15, 19, 12, 11, 18]",466.5,11.592109203338623
"[6, 17, 3, 10, 2, 14, 4, 16, 7, 1, 13, 0, 8, 5, 9, 15, 19, 12, 11, 18]",466.5,"[6, 17, 3, 10, 2, 14, 4, 16, 7, 1, 13, 0, 8, 5, 9, 15, 19, 12, 11, 18]",466.5,11.654109001159668
"[6, 17, 3, 10, 2, 14, 4, 16, 7, 1, 13, 0, 8, 5, 9, 15, 19, 12, 11, 18]",466.5,"[6, 17, 3, 10, 2, 14, 4, 16, 7, 1, 13, 0, 8, 5, 9, 15, 19, 12, 11, 18]",466.5,11.716105222702026
"[6, 17, 3, 10, 2, 14, 4, 16, 7, 1, 13, 0, 8, 5, 9, 15, 19, 12, 11, 18]",466.5,"[6, 17, 3, 10, 2, 14, 4, 16, 7, 1, 13, 0, 8, 5, 9, 15, 19, 12, 11, 18]",466.5,11.780113458633423
"[6, 17, 3, 10, 2, 14, 4, 16, 7, 1, 13, 0, 8, 5, 9, 15, 19, 12, 11, 18]",466.5,"[6, 17, 3, 10, 2, 14, 4, 16, 7, 1, 13, 0, 8, 5, 9, 15, 19, 12, 11, 18]",466.5,11.840107917785645
"[6, 17, 3, 10, 2, 14, 4, 16, 7, 1, 13, 0, 8, 5, 9, 15, 19, 12, 11, 18]",466.5,"[6, 17, 3, 10, 2, 14, 4, 16, 7, 1, 13, 0, 8, 5, 9, 15, 19, 12, 11, 18]",466.5,11.90110993385315
"[6, 17, 3, 10, 2, 14, 4, 16, 7, 1, 13, 0, 8, 5, 9, 15, 19, 12, 11, 18]",466.5,"[6, 17, 3, 10, 2, 14, 4, 16, 7, 1, 13, 0, 8, 5, 9, 15, 19, 12, 11, 18]",466.5,11.961110591888428
"[6, 17, 3, 10, 2, 14, 4, 16, 7, 1, 13, 0, 8, 5, 9, 15, 19, 12, 11, 18]",466.5,"[6, 17, 3, 10, 2, 14, 4, 16, 7, 1, 13, 0, 8, 5, 9, 15, 19, 12, 11, 18]",466.5,12.022112369537354
"[6, 17, 3, 10, 2, 14, 4, 16, 7, 1, 13, 0, 8, 5, 9, 15, 19, 12, 11, 18]",466.5,"[6, 17, 3, 10, 2, 14, 4, 16, 7, 1, 13, 0, 8, 5, 9, 15, 19, 12, 11, 18]",466.5,12.08211064338684
"[6, 17, 3, 10, 2, 14, 4, 16, 7, 1, 13, 0, 8, 5, 9, 15, 19, 12, 11, 18]",466.5,"[6, 17, 3, 10, 2, 14, 4, 16, 7, 1, 13, 0, 8, 5, 9, 15, 19, 12, 11, 18]",466.5,12.14211130142212
"[6, 17, 3, 10, 2, 14, 4, 16, 7, 1, 13, 0, 8, 5, 9, 15, 19, 12, 11, 18]",466.5,"[6, 17, 3, 10, 2, 14, 4, 16, 7, 1, 13, 0, 8, 5, 9, 15, 19, 12, 11, 18]",466.5,12.203116655349731
"[6, 17, 3, 10, 2, 14, 4, 16, 7, 1, 13, 0, 8, 5, 9, 15, 19, 12, 11, 18]",466.5,"[6, 17, 3, 10, 2, 14, 4, 16, 7, 1, 13, 0, 8, 5, 9, 15, 19, 12, 11, 18]",466.5,12.26512360572815
"[6, 17, 3, 10, 2, 14, 4, 16, 7, 1, 13, 0, 8, 5, 9, 15, 19, 12, 11, 18]",466.5,"[6, 17, 3, 10, 2, 14, 4, 16, 7, 1, 13, 0, 8, 5, 9, 15, 19, 12, 11, 18]",466.5,12.327117204666138
"[6, 17, 3, 10, 2, 14, 4, 16, 7, 1, 13, 0, 8, 5, 9, 15, 19, 12, 11, 18]",466.5,"[6, 17, 3, 10, 2, 14, 4, 16, 7, 1, 13, 0, 8, 5, 9, 15, 19, 12, 11, 18]",466.5,12.389114379882812
"[6, 17, 3, 10, 2, 14, 4, 16, 7, 1, 13, 0, 8, 5, 9, 15, 19, 12, 11, 18]",466.5,"[6, 17, 3, 10, 2, 14, 4, 16, 7, 1, 13, 0, 8, 5, 9, 15, 19, 12, 11, 18]",466.5,12.453117609024048
"[6, 17, 3, 10, 2, 14, 4, 16, 7, 1, 13, 0, 8, 5, 9, 15, 19, 12, 11, 18]",466.5,"[6, 17, 3, 10, 2, 14, 4, 16, 7, 1, 13, 0, 8, 5, 9, 15, 19, 12, 11, 18]",466.5,12.51511526107788
"[6, 17, 3, 10, 2, 14, 4, 16, 7, 1, 13, 0, 8, 5, 9, 15, 19, 12, 11, 18]",466.5,"[6, 17, 3, 10, 2, 14, 4, 16, 7, 1, 13, 0, 8, 5, 9, 15, 19, 12, 11, 18]",466.5,12.609120845794678
