Sequence,Fitness,Best_sequence,Best_fitness,Time
"[0, 1, 2, 3, 4, 5, 6, 7, 8, 9, 10, 11, 12, 13, 14, 15, 16, 17, 18, 19]",766.0,"[0, 1, 2, 3, 4, 5, 6, 7, 8, 9, 10, 11, 12, 13, 14, 15, 16, 17, 18, 19]",766.0,0.0
"[0, 1, 2, 3, 4, 5, 6, 7, 8, 9, 10, 11, 12, 13, 14, 15, 16, 17, 18, 19]",766.0,"[0, 1, 2, 3, 4, 5, 6, 7, 8, 9, 10, 11, 12, 13, 14, 15, 16, 17, 18, 19]",766.0,0.06099414825439453
"[0, 1, 2, 3, 4, 5, 6, 7, 8, 9, 10, 11, 12, 13, 14, 15, 16, 17, 18, 19]",766.0,"[0, 1, 2, 3, 4, 5, 6, 7, 8, 9, 10, 11, 12, 13, 14, 15, 16, 17, 18, 19]",766.0,0.1279916763305664
"[0, 1, 2, 3, 4, 5, 6, 7, 8, 9, 10, 11, 12, 13, 14, 15, 16, 17, 18, 19]",766.0,"[0, 1, 2, 3, 4, 5, 6, 7, 8, 9, 10, 11, 12, 13, 14, 15, 16, 17, 18, 19]",766.0,0.19653940200805664
"[0, 1, 2, 3, 4, 5, 6, 7, 8, 9, 10, 11, 12, 13, 14, 15, 16, 17, 18, 19]",766.0,"[0, 1, 2, 3, 4, 5, 6, 7, 8, 9, 10, 11, 12, 13, 14, 15, 16, 17, 18, 19]",766.0,0.2665717601776123
"[0, 1, 2, 3, 4, 5, 6, 7, 16, 9, 10, 11, 12, 13, 14, 15, 8, 17, 18, 19]",745.5,"[0, 1, 2, 3, 4, 5, 6, 7, 16, 9, 10, 11, 12, 13, 14, 15, 8, 17, 18, 19]",745.5,0.3325388431549072
"[0, 1, 2, 3, 4, 5, 6, 7, 16, 9, 10, 11, 12, 13, 14, 15, 8, 17, 18, 19]",745.5,"[0, 1, 2, 3, 4, 5, 6, 7, 16, 9, 10, 11, 12, 13, 14, 15, 8, 17, 18, 19]",745.5,0.3995389938354492
"[0, 1, 2, 3, 4, 5, 6, 7, 16, 9, 10, 11, 12, 13, 14, 15, 8, 17, 18, 19]",745.5,"[0, 1, 2, 3, 4, 5, 6, 7, 16, 9, 10, 11, 12, 13, 14, 15, 8, 17, 18, 19]",745.5,0.46854305267333984
"[0, 1, 2, 3, 4, 5, 6, 7, 16, 9, 10, 11, 12, 13, 14, 15, 8, 17, 18, 19]",745.5,"[0, 1, 2, 3, 4, 5, 6, 7, 16, 9, 10, 11, 12, 13, 14, 15, 8, 17, 18, 19]",745.5,0.5405421257019043
"[0, 1, 2, 3, 4, 5, 6, 7, 16, 9, 10, 11, 12, 13, 14, 15, 8, 17, 18, 19]",745.5,"[0, 1, 2, 3, 4, 5, 6, 7, 16, 9, 10, 11, 12, 13, 14, 15, 8, 17, 18, 19]",745.5,0.6035447120666504
"[0, 1, 18, 3, 4, 5, 6, 7, 16, 9, 10, 11, 12, 13, 14, 15, 8, 17, 2, 19]",741.0,"[0, 1, 18, 3, 4, 5, 6, 7, 16, 9, 10, 11, 12, 13, 14, 15, 8, 17, 2, 19]",741.0,0.669365406036377
"[0, 1, 18, 3, 4, 5, 6, 7, 16, 9, 10, 11, 12, 13, 14, 15, 8, 17, 2, 19]",741.0,"[0, 1, 18, 3, 4, 5, 6, 7, 16, 9, 10, 11, 12, 13, 14, 15, 8, 17, 2, 19]",741.0,0.7355432510375977
"[0, 1, 18, 3, 4, 5, 6, 7, 16, 9, 10, 11, 12, 13, 14, 15, 8, 17, 2, 19]",741.0,"[0, 1, 18, 3, 4, 5, 6, 7, 16, 9, 10, 11, 12, 13, 14, 15, 8, 17, 2, 19]",741.0,0.7975490093231201
"[0, 1, 18, 3, 4, 5, 6, 7, 16, 9, 10, 11, 12, 13, 14, 15, 8, 17, 2, 19]",741.0,"[0, 1, 18, 3, 4, 5, 6, 7, 16, 9, 10, 11, 12, 13, 14, 15, 8, 17, 2, 19]",741.0,0.861548662185669
"[0, 1, 18, 3, 4, 5, 6, 7, 16, 9, 10, 11, 12, 13, 14, 15, 8, 17, 2, 19]",741.0,"[0, 1, 18, 3, 4, 5, 6, 7, 16, 9, 10, 11, 12, 13, 14, 15, 8, 17, 2, 19]",741.0,0.9285469055175781
"[0, 1, 6, 3, 4, 5, 18, 7, 16, 9, 10, 11, 12, 13, 14, 15, 8, 17, 2, 19]",739.5,"[0, 1, 6, 3, 4, 5, 18, 7, 16, 9, 10, 11, 12, 13, 14, 15, 8, 17, 2, 19]",739.5,0.9946014881134033
"[0, 1, 6, 3, 4, 5, 18, 7, 16, 9, 10, 11, 12, 13, 14, 15, 8, 17, 2, 19]",739.5,"[0, 1, 6, 3, 4, 5, 18, 7, 16, 9, 10, 11, 12, 13, 14, 15, 8, 17, 2, 19]",739.5,1.0575511455535889
"[0, 1, 6, 3, 4, 5, 18, 7, 16, 9, 10, 11, 12, 13, 14, 15, 8, 17, 2, 19]",739.5,"[0, 1, 6, 3, 4, 5, 18, 7, 16, 9, 10, 11, 12, 13, 14, 15, 8, 17, 2, 19]",739.5,1.1215503215789795
"[0, 1, 6, 3, 4, 5, 18, 7, 16, 9, 10, 11, 12, 13, 14, 15, 8, 17, 2, 19]",739.5,"[0, 1, 6, 3, 4, 5, 18, 7, 16, 9, 10, 11, 12, 13, 14, 15, 8, 17, 2, 19]",739.5,1.1855473518371582
"[0, 1, 6, 3, 4, 5, 18, 7, 16, 9, 10, 11, 12, 13, 14, 15, 8, 17, 2, 19]",739.5,"[0, 1, 6, 3, 4, 5, 18, 7, 16, 9, 10, 11, 12, 13, 14, 15, 8, 17, 2, 19]",739.5,1.2505528926849365
"[0, 1, 6, 3, 4, 5, 18, 7, 16, 9, 10, 11, 12, 13, 14, 15, 8, 17, 2, 19]",739.5,"[0, 1, 6, 3, 4, 5, 18, 7, 16, 9, 10, 11, 12, 13, 14, 15, 8, 17, 2, 19]",739.5,1.3205502033233643
"[0, 1, 6, 3, 4, 5, 18, 7, 16, 9, 10, 11, 12, 13, 14, 15, 8, 17, 2, 19]",739.5,"[0, 1, 6, 3, 4, 5, 18, 7, 16, 9, 10, 11, 12, 13, 14, 15, 8, 17, 2, 19]",739.5,1.3855504989624023
"[0, 1, 6, 3, 4, 5, 18, 7, 16, 9, 10, 11, 12, 13, 14, 15, 8, 17, 2, 19]",739.5,"[0, 1, 6, 3, 4, 5, 18, 7, 16, 9, 10, 11, 12, 13, 14, 15, 8, 17, 2, 19]",739.5,1.4475576877593994
"[0, 1, 6, 3, 4, 5, 18, 7, 16, 9, 10, 11, 12, 13, 14, 15, 8, 17, 2, 19]",739.5,"[0, 1, 6, 3, 4, 5, 18, 7, 16, 9, 10, 11, 12, 13, 14, 15, 8, 17, 2, 19]",739.5,1.5115492343902588
"[0, 1, 6, 3, 4, 5, 18, 7, 16, 9, 10, 11, 12, 13, 14, 15, 8, 17, 2, 19]",739.5,"[0, 1, 6, 3, 4, 5, 18, 7, 16, 9, 10, 11, 12, 13, 14, 15, 8, 17, 2, 19]",739.5,1.578554391860962
"[0, 1, 6, 3, 4, 5, 18, 7, 16, 9, 10, 11, 12, 13, 14, 15, 8, 17, 2, 19]",739.5,"[0, 1, 6, 3, 4, 5, 18, 7, 16, 9, 10, 11, 12, 13, 14, 15, 8, 17, 2, 19]",739.5,1.646557092666626
"[0, 1, 6, 3, 4, 5, 18, 7, 16, 9, 10, 11, 12, 13, 14, 15, 8, 17, 2, 19]",739.5,"[0, 1, 6, 3, 4, 5, 18, 7, 16, 9, 10, 11, 12, 13, 14, 15, 8, 17, 2, 19]",739.5,1.7125592231750488
"[0, 1, 2, 3, 4, 5, 18, 7, 16, 9, 10, 11, 12, 13, 14, 15, 8, 17, 6, 19]",737.0,"[0, 1, 2, 3, 4, 5, 18, 7, 16, 9, 10, 11, 12, 13, 14, 15, 8, 17, 6, 19]",737.0,1.7775561809539795
"[0, 1, 2, 3, 4, 5, 18, 7, 16, 9, 10, 11, 12, 13, 14, 15, 8, 17, 6, 19]",737.0,"[0, 1, 2, 3, 4, 5, 18, 7, 16, 9, 10, 11, 12, 13, 14, 15, 8, 17, 6, 19]",737.0,1.8425605297088623
"[0, 1, 2, 3, 4, 5, 18, 7, 16, 9, 10, 11, 12, 13, 14, 15, 8, 17, 6, 19]",737.0,"[0, 1, 2, 3, 4, 5, 18, 7, 16, 9, 10, 11, 12, 13, 14, 15, 8, 17, 6, 19]",737.0,1.908555269241333
"[18, 1, 2, 3, 4, 5, 0, 7, 16, 9, 10, 11, 12, 13, 14, 15, 8, 17, 6, 19]",727.5,"[18, 1, 2, 3, 4, 5, 0, 7, 16, 9, 10, 11, 12, 13, 14, 15, 8, 17, 6, 19]",727.5,1.975555181503296
"[18, 1, 2, 3, 4, 5, 0, 7, 16, 9, 10, 11, 12, 13, 14, 15, 8, 17, 6, 19]",727.5,"[18, 1, 2, 3, 4, 5, 0, 7, 16, 9, 10, 11, 12, 13, 14, 15, 8, 17, 6, 19]",727.5,2.0435686111450195
"[18, 1, 2, 3, 4, 5, 0, 7, 16, 9, 10, 11, 12, 13, 14, 15, 8, 17, 6, 19]",727.5,"[18, 1, 2, 3, 4, 5, 0, 7, 16, 9, 10, 11, 12, 13, 14, 15, 8, 17, 6, 19]",727.5,2.110564947128296
"[18, 1, 2, 3, 4, 5, 0, 7, 16, 9, 10, 11, 12, 13, 14, 15, 8, 17, 6, 19]",727.5,"[18, 1, 2, 3, 4, 5, 0, 7, 16, 9, 10, 11, 12, 13, 14, 15, 8, 17, 6, 19]",727.5,2.1805570125579834
"[18, 1, 2, 3, 4, 5, 0, 7, 16, 9, 10, 11, 12, 13, 14, 15, 8, 17, 6, 19]",727.5,"[18, 1, 2, 3, 4, 5, 0, 7, 16, 9, 10, 11, 12, 13, 14, 15, 8, 17, 6, 19]",727.5,2.24655818939209
"[18, 1, 2, 3, 4, 5, 0, 7, 16, 8, 10, 11, 12, 13, 14, 15, 9, 17, 6, 19]",725.5,"[18, 1, 2, 3, 4, 5, 0, 7, 16, 8, 10, 11, 12, 13, 14, 15, 9, 17, 6, 19]",725.5,2.311561107635498
"[18, 1, 2, 3, 4, 5, 0, 7, 16, 8, 10, 11, 12, 13, 14, 15, 9, 17, 6, 19]",725.5,"[18, 1, 2, 3, 4, 5, 0, 7, 16, 8, 10, 11, 12, 13, 14, 15, 9, 17, 6, 19]",725.5,2.3765618801116943
"[18, 1, 2, 3, 4, 5, 0, 7, 16, 8, 10, 11, 12, 13, 14, 15, 9, 17, 6, 19]",725.5,"[18, 1, 2, 3, 4, 5, 0, 7, 16, 8, 10, 11, 12, 13, 14, 15, 9, 17, 6, 19]",725.5,2.4441704750061035
"[18, 1, 2, 3, 4, 5, 0, 7, 16, 8, 10, 11, 12, 13, 14, 15, 9, 17, 6, 19]",725.5,"[18, 1, 2, 3, 4, 5, 0, 7, 16, 8, 10, 11, 12, 13, 14, 15, 9, 17, 6, 19]",725.5,2.509166955947876
"[18, 1, 2, 3, 4, 5, 0, 7, 16, 8, 10, 11, 12, 13, 14, 15, 9, 17, 6, 19]",725.5,"[18, 1, 2, 3, 4, 5, 0, 7, 16, 8, 10, 11, 12, 13, 14, 15, 9, 17, 6, 19]",725.5,2.568173408508301
"[18, 1, 2, 3, 4, 5, 0, 7, 16, 8, 10, 11, 12, 13, 14, 15, 9, 17, 6, 19]",725.5,"[18, 1, 2, 3, 4, 5, 0, 7, 16, 8, 10, 11, 12, 13, 14, 15, 9, 17, 6, 19]",725.5,2.637439250946045
"[18, 1, 2, 3, 4, 5, 0, 7, 16, 8, 10, 11, 12, 13, 14, 15, 9, 17, 6, 19]",725.5,"[18, 1, 2, 3, 4, 5, 0, 7, 16, 8, 10, 11, 12, 13, 14, 15, 9, 17, 6, 19]",725.5,2.7044453620910645
"[18, 1, 2, 3, 4, 5, 0, 7, 16, 8, 10, 14, 12, 13, 11, 15, 9, 17, 6, 19]",724.5,"[18, 1, 2, 3, 4, 5, 0, 7, 16, 8, 10, 14, 12, 13, 11, 15, 9, 17, 6, 19]",724.5,2.7696263790130615
"[18, 1, 2, 3, 4, 5, 0, 7, 16, 8, 10, 14, 12, 13, 11, 15, 9, 17, 6, 19]",724.5,"[18, 1, 2, 3, 4, 5, 0, 7, 16, 8, 10, 14, 12, 13, 11, 15, 9, 17, 6, 19]",724.5,2.835446357727051
"[18, 1, 2, 3, 4, 5, 0, 7, 16, 8, 10, 14, 12, 13, 11, 15, 9, 17, 6, 19]",724.5,"[18, 1, 2, 3, 4, 5, 0, 7, 16, 8, 10, 14, 12, 13, 11, 15, 9, 17, 6, 19]",724.5,2.898442268371582
"[18, 1, 2, 3, 4, 5, 0, 7, 16, 8, 10, 14, 12, 13, 11, 15, 9, 17, 6, 19]",724.5,"[18, 1, 2, 3, 4, 5, 0, 7, 16, 8, 10, 14, 12, 13, 11, 15, 9, 17, 6, 19]",724.5,2.9644453525543213
"[18, 1, 2, 3, 4, 5, 0, 7, 16, 8, 10, 14, 12, 13, 11, 15, 9, 17, 6, 19]",724.5,"[18, 1, 2, 3, 4, 5, 0, 7, 16, 8, 10, 14, 12, 13, 11, 15, 9, 17, 6, 19]",724.5,3.0304477214813232
"[18, 1, 2, 3, 4, 5, 0, 7, 16, 8, 10, 14, 12, 13, 11, 15, 9, 17, 6, 19]",724.5,"[18, 1, 2, 3, 4, 5, 0, 7, 16, 8, 10, 14, 12, 13, 11, 15, 9, 17, 6, 19]",724.5,3.0964465141296387
"[18, 1, 2, 3, 4, 5, 0, 7, 16, 8, 10, 14, 12, 13, 11, 15, 9, 17, 6, 19]",724.5,"[18, 1, 2, 3, 4, 5, 0, 7, 16, 8, 10, 14, 12, 13, 11, 15, 9, 17, 6, 19]",724.5,3.1624648571014404
"[18, 1, 2, 3, 4, 5, 0, 7, 16, 8, 10, 14, 12, 13, 11, 15, 9, 17, 6, 19]",724.5,"[18, 1, 2, 3, 4, 5, 0, 7, 16, 8, 10, 14, 12, 13, 11, 15, 9, 17, 6, 19]",724.5,3.2294464111328125
"[18, 1, 2, 3, 4, 5, 0, 7, 16, 8, 10, 14, 12, 13, 11, 15, 9, 17, 6, 19]",724.5,"[18, 1, 2, 3, 4, 5, 0, 7, 16, 8, 10, 14, 12, 13, 11, 15, 9, 17, 6, 19]",724.5,3.295448064804077
"[18, 1, 2, 3, 4, 5, 0, 7, 16, 8, 10, 14, 12, 13, 11, 15, 9, 17, 6, 19]",724.5,"[18, 1, 2, 3, 4, 5, 0, 7, 16, 8, 10, 14, 12, 13, 11, 15, 9, 17, 6, 19]",724.5,3.3594510555267334
"[18, 1, 2, 3, 4, 5, 0, 7, 16, 8, 10, 14, 12, 13, 11, 15, 9, 17, 6, 19]",724.5,"[18, 1, 2, 3, 4, 5, 0, 7, 16, 8, 10, 14, 12, 13, 11, 15, 9, 17, 6, 19]",724.5,3.423447370529175
"[18, 1, 2, 3, 4, 5, 0, 7, 16, 8, 10, 14, 12, 13, 11, 15, 9, 17, 6, 19]",724.5,"[18, 1, 2, 3, 4, 5, 0, 7, 16, 8, 10, 14, 12, 13, 11, 15, 9, 17, 6, 19]",724.5,3.4914467334747314
"[18, 1, 2, 3, 4, 5, 0, 7, 16, 13, 10, 14, 12, 8, 11, 15, 9, 17, 6, 19]",723.5,"[18, 1, 2, 3, 4, 5, 0, 7, 16, 13, 10, 14, 12, 8, 11, 15, 9, 17, 6, 19]",723.5,3.557450532913208
"[18, 1, 2, 3, 4, 5, 0, 7, 16, 13, 10, 14, 12, 8, 11, 15, 9, 17, 6, 19]",723.5,"[18, 1, 2, 3, 4, 5, 0, 7, 16, 13, 10, 14, 12, 8, 11, 15, 9, 17, 6, 19]",723.5,3.6234512329101562
"[18, 1, 2, 3, 4, 5, 0, 7, 16, 13, 10, 14, 12, 8, 11, 15, 9, 17, 6, 19]",723.5,"[18, 1, 2, 3, 4, 5, 0, 7, 16, 13, 10, 14, 12, 8, 11, 15, 9, 17, 6, 19]",723.5,3.717454195022583
"[18, 1, 2, 3, 4, 5, 0, 7, 16, 13, 10, 14, 12, 8, 11, 15, 9, 17, 6, 19]",723.5,"[18, 1, 2, 3, 4, 5, 0, 7, 16, 13, 10, 14, 12, 8, 11, 15, 9, 17, 6, 19]",723.5,3.7834534645080566
"[18, 1, 2, 3, 4, 5, 0, 7, 16, 13, 10, 14, 12, 8, 11, 15, 9, 17, 6, 19]",723.5,"[18, 1, 2, 3, 4, 5, 0, 7, 16, 13, 10, 14, 12, 8, 11, 15, 9, 17, 6, 19]",723.5,3.8504533767700195
"[18, 1, 2, 3, 4, 5, 0, 7, 16, 13, 10, 14, 12, 8, 11, 15, 9, 17, 6, 19]",723.5,"[18, 1, 2, 3, 4, 5, 0, 7, 16, 13, 10, 14, 12, 8, 11, 15, 9, 17, 6, 19]",723.5,3.9184513092041016
"[18, 1, 2, 3, 4, 5, 0, 7, 16, 13, 10, 14, 12, 8, 11, 15, 9, 17, 6, 19]",723.5,"[18, 1, 2, 3, 4, 5, 0, 7, 16, 13, 10, 14, 12, 8, 11, 15, 9, 17, 6, 19]",723.5,3.9864559173583984
"[18, 1, 2, 3, 4, 5, 0, 7, 16, 13, 10, 14, 12, 8, 11, 15, 9, 17, 6, 19]",723.5,"[18, 1, 2, 3, 4, 5, 0, 7, 16, 13, 10, 14, 12, 8, 11, 15, 9, 17, 6, 19]",723.5,4.049457788467407
"[18, 1, 2, 3, 4, 5, 0, 7, 16, 13, 10, 14, 12, 8, 11, 15, 9, 17, 6, 19]",723.5,"[18, 1, 2, 3, 4, 5, 0, 7, 16, 13, 10, 14, 12, 8, 11, 15, 9, 17, 6, 19]",723.5,4.11747670173645
"[18, 1, 2, 3, 4, 5, 0, 7, 16, 13, 10, 14, 12, 8, 11, 15, 9, 17, 6, 19]",723.5,"[18, 1, 2, 3, 4, 5, 0, 7, 16, 13, 10, 14, 12, 8, 11, 15, 9, 17, 6, 19]",723.5,4.187457323074341
"[18, 1, 2, 3, 4, 5, 0, 7, 16, 13, 10, 14, 12, 8, 11, 15, 9, 17, 6, 19]",723.5,"[18, 1, 2, 3, 4, 5, 0, 7, 16, 13, 10, 14, 12, 8, 11, 15, 9, 17, 6, 19]",723.5,4.25845742225647
"[18, 1, 2, 3, 4, 5, 0, 7, 16, 13, 10, 14, 12, 8, 11, 15, 9, 17, 6, 19]",723.5,"[18, 1, 2, 3, 4, 5, 0, 7, 16, 13, 10, 14, 12, 8, 11, 15, 9, 17, 6, 19]",723.5,4.327456712722778
"[18, 1, 2, 3, 4, 5, 0, 7, 16, 13, 10, 14, 12, 8, 11, 15, 9, 17, 6, 19]",723.5,"[18, 1, 2, 3, 4, 5, 0, 7, 16, 13, 10, 14, 12, 8, 11, 15, 9, 17, 6, 19]",723.5,4.394456624984741
"[18, 1, 2, 3, 4, 5, 0, 7, 16, 13, 10, 14, 12, 8, 11, 15, 9, 17, 6, 19]",723.5,"[18, 1, 2, 3, 4, 5, 0, 7, 16, 13, 10, 14, 12, 8, 11, 15, 9, 17, 6, 19]",723.5,4.457460880279541
"[18, 1, 2, 3, 4, 5, 0, 7, 16, 13, 10, 14, 12, 8, 11, 15, 9, 17, 6, 19]",723.5,"[18, 1, 2, 3, 4, 5, 0, 7, 16, 13, 10, 14, 12, 8, 11, 15, 9, 17, 6, 19]",723.5,4.52345871925354
"[18, 1, 2, 3, 4, 5, 0, 7, 16, 13, 10, 14, 12, 8, 11, 15, 9, 17, 6, 19]",723.5,"[18, 1, 2, 3, 4, 5, 0, 7, 16, 13, 10, 14, 12, 8, 11, 15, 9, 17, 6, 19]",723.5,4.589457750320435
"[18, 1, 2, 3, 4, 5, 0, 7, 16, 13, 10, 14, 12, 8, 11, 15, 9, 17, 6, 19]",723.5,"[18, 1, 2, 3, 4, 5, 0, 7, 16, 13, 10, 14, 12, 8, 11, 15, 9, 17, 6, 19]",723.5,4.65146279335022
"[18, 1, 2, 3, 9, 5, 0, 7, 16, 13, 10, 14, 12, 8, 11, 15, 4, 17, 6, 19]",721.5,"[18, 1, 2, 3, 9, 5, 0, 7, 16, 13, 10, 14, 12, 8, 11, 15, 4, 17, 6, 19]",721.5,4.7214648723602295
"[18, 1, 2, 3, 9, 5, 0, 7, 16, 13, 10, 14, 12, 8, 11, 15, 4, 17, 6, 19]",721.5,"[18, 1, 2, 3, 9, 5, 0, 7, 16, 13, 10, 14, 12, 8, 11, 15, 4, 17, 6, 19]",721.5,4.7844626903533936
"[18, 1, 2, 3, 9, 5, 0, 7, 16, 13, 10, 14, 12, 8, 11, 15, 4, 17, 6, 19]",721.5,"[18, 1, 2, 3, 9, 5, 0, 7, 16, 13, 10, 14, 12, 8, 11, 15, 4, 17, 6, 19]",721.5,4.850466012954712
"[18, 1, 2, 3, 9, 5, 0, 7, 16, 13, 10, 14, 12, 8, 11, 15, 4, 17, 6, 19]",721.5,"[18, 1, 2, 3, 9, 5, 0, 7, 16, 13, 10, 14, 12, 8, 11, 15, 4, 17, 6, 19]",721.5,4.911460638046265
"[18, 1, 2, 3, 9, 5, 0, 7, 16, 13, 10, 14, 12, 8, 11, 15, 4, 17, 6, 19]",721.5,"[18, 1, 2, 3, 9, 5, 0, 7, 16, 13, 10, 14, 12, 8, 11, 15, 4, 17, 6, 19]",721.5,4.974461317062378
"[18, 1, 2, 3, 9, 5, 0, 7, 16, 13, 10, 14, 12, 8, 11, 15, 4, 17, 6, 19]",721.5,"[18, 1, 2, 3, 9, 5, 0, 7, 16, 13, 10, 14, 12, 8, 11, 15, 4, 17, 6, 19]",721.5,5.037466526031494
"[18, 1, 2, 3, 9, 5, 0, 7, 16, 13, 10, 14, 12, 8, 11, 15, 4, 17, 6, 19]",721.5,"[18, 1, 2, 3, 9, 5, 0, 7, 16, 13, 10, 14, 12, 8, 11, 15, 4, 17, 6, 19]",721.5,5.100464820861816
"[18, 1, 2, 3, 9, 5, 0, 7, 16, 13, 10, 14, 12, 8, 11, 15, 4, 17, 6, 19]",721.5,"[18, 1, 2, 3, 9, 5, 0, 7, 16, 13, 10, 14, 12, 8, 11, 15, 4, 17, 6, 19]",721.5,5.168463468551636
"[18, 1, 2, 3, 9, 5, 0, 7, 16, 13, 10, 14, 12, 8, 11, 15, 4, 17, 6, 19]",721.5,"[18, 1, 2, 3, 9, 5, 0, 7, 16, 13, 10, 14, 12, 8, 11, 15, 4, 17, 6, 19]",721.5,5.233468055725098
"[18, 1, 2, 3, 9, 5, 0, 7, 16, 13, 10, 14, 12, 8, 11, 15, 4, 17, 6, 19]",721.5,"[18, 1, 2, 3, 9, 5, 0, 7, 16, 13, 10, 14, 12, 8, 11, 15, 4, 17, 6, 19]",721.5,5.29846715927124
"[18, 1, 2, 3, 9, 5, 0, 7, 16, 13, 10, 14, 12, 8, 11, 15, 4, 17, 6, 19]",721.5,"[18, 1, 2, 3, 9, 5, 0, 7, 16, 13, 10, 14, 12, 8, 11, 15, 4, 17, 6, 19]",721.5,5.363467216491699
"[18, 1, 2, 3, 9, 5, 0, 7, 16, 13, 10, 14, 12, 8, 11, 15, 4, 17, 6, 19]",721.5,"[18, 1, 2, 3, 9, 5, 0, 7, 16, 13, 10, 14, 12, 8, 11, 15, 4, 17, 6, 19]",721.5,5.4254679679870605
"[18, 1, 2, 3, 9, 5, 0, 7, 16, 13, 10, 14, 12, 8, 11, 15, 4, 17, 6, 19]",721.5,"[18, 1, 2, 3, 9, 5, 0, 7, 16, 13, 10, 14, 12, 8, 11, 15, 4, 17, 6, 19]",721.5,5.489476442337036
"[18, 1, 2, 3, 9, 5, 0, 7, 16, 13, 10, 14, 12, 8, 11, 15, 4, 17, 6, 19]",721.5,"[18, 1, 2, 3, 9, 5, 0, 7, 16, 13, 10, 14, 12, 8, 11, 15, 4, 17, 6, 19]",721.5,5.551501274108887
"[18, 1, 2, 3, 9, 5, 0, 7, 16, 13, 10, 14, 12, 8, 11, 15, 4, 17, 6, 19]",721.5,"[18, 1, 2, 3, 9, 5, 0, 7, 16, 13, 10, 14, 12, 8, 11, 15, 4, 17, 6, 19]",721.5,5.616477727890015
"[18, 1, 2, 3, 9, 5, 0, 7, 16, 13, 10, 14, 12, 8, 11, 15, 4, 17, 6, 19]",721.5,"[18, 1, 2, 3, 9, 5, 0, 7, 16, 13, 10, 14, 12, 8, 11, 15, 4, 17, 6, 19]",721.5,5.682475805282593
"[18, 1, 2, 3, 9, 5, 0, 7, 16, 13, 10, 14, 12, 8, 11, 15, 4, 17, 6, 19]",721.5,"[18, 1, 2, 3, 9, 5, 0, 7, 16, 13, 10, 14, 12, 8, 11, 15, 4, 17, 6, 19]",721.5,5.749486684799194
"[18, 1, 2, 3, 9, 5, 0, 7, 16, 13, 10, 14, 12, 8, 11, 15, 4, 17, 6, 19]",721.5,"[18, 1, 2, 3, 9, 5, 0, 7, 16, 13, 10, 14, 12, 8, 11, 15, 4, 17, 6, 19]",721.5,5.813500642776489
"[18, 1, 2, 3, 9, 5, 0, 7, 16, 13, 10, 14, 12, 8, 11, 15, 4, 17, 6, 19]",721.5,"[18, 1, 2, 3, 9, 5, 0, 7, 16, 13, 10, 14, 12, 8, 11, 15, 4, 17, 6, 19]",721.5,5.879478931427002
"[18, 1, 2, 3, 9, 5, 0, 7, 16, 13, 10, 14, 12, 8, 11, 15, 4, 17, 6, 19]",721.5,"[18, 1, 2, 3, 9, 5, 0, 7, 16, 13, 10, 14, 12, 8, 11, 15, 4, 17, 6, 19]",721.5,5.943480730056763
"[18, 1, 2, 3, 9, 5, 0, 7, 16, 13, 10, 14, 12, 8, 11, 15, 4, 17, 6, 19]",721.5,"[18, 1, 2, 3, 9, 5, 0, 7, 16, 13, 10, 14, 12, 8, 11, 15, 4, 17, 6, 19]",721.5,6.006472587585449
"[18, 1, 2, 3, 9, 5, 0, 7, 16, 13, 10, 14, 12, 8, 11, 15, 4, 17, 6, 19]",721.5,"[18, 1, 2, 3, 9, 5, 0, 7, 16, 13, 10, 14, 12, 8, 11, 15, 4, 17, 6, 19]",721.5,6.069474220275879
"[18, 1, 2, 3, 9, 5, 0, 7, 16, 13, 10, 14, 12, 8, 11, 15, 4, 17, 6, 19]",721.5,"[18, 1, 2, 3, 9, 5, 0, 7, 16, 13, 10, 14, 12, 8, 11, 15, 4, 17, 6, 19]",721.5,6.134476900100708
"[18, 1, 2, 3, 9, 5, 0, 7, 16, 13, 10, 14, 12, 8, 11, 15, 4, 17, 6, 19]",721.5,"[18, 1, 2, 3, 9, 5, 0, 7, 16, 13, 10, 14, 12, 8, 11, 15, 4, 17, 6, 19]",721.5,6.199488162994385
"[18, 1, 2, 3, 9, 5, 0, 7, 16, 13, 10, 14, 12, 8, 11, 15, 4, 17, 6, 19]",721.5,"[18, 1, 2, 3, 9, 5, 0, 7, 16, 13, 10, 14, 12, 8, 11, 15, 4, 17, 6, 19]",721.5,6.262478351593018
"[18, 1, 2, 3, 9, 5, 0, 7, 16, 13, 10, 14, 12, 8, 11, 15, 4, 17, 6, 19]",721.5,"[18, 1, 2, 3, 9, 5, 0, 7, 16, 13, 10, 14, 12, 8, 11, 15, 4, 17, 6, 19]",721.5,6.325494289398193
"[18, 1, 2, 3, 9, 5, 0, 7, 16, 13, 10, 14, 12, 8, 11, 15, 4, 17, 6, 19]",721.5,"[18, 1, 2, 3, 9, 5, 0, 7, 16, 13, 10, 14, 12, 8, 11, 15, 4, 17, 6, 19]",721.5,6.389478921890259
"[18, 1, 2, 3, 9, 5, 0, 7, 16, 13, 10, 14, 12, 8, 11, 15, 4, 17, 6, 19]",721.5,"[18, 1, 2, 3, 9, 5, 0, 7, 16, 13, 10, 14, 12, 8, 11, 15, 4, 17, 6, 19]",721.5,6.452477931976318
"[18, 1, 2, 3, 9, 5, 0, 7, 16, 13, 10, 14, 12, 8, 19, 15, 4, 17, 6, 11]",711.0,"[18, 1, 2, 3, 9, 5, 0, 7, 16, 13, 10, 14, 12, 8, 19, 15, 4, 17, 6, 11]",711.0,6.516479015350342
"[18, 1, 2, 3, 9, 5, 0, 7, 16, 13, 10, 14, 12, 8, 19, 15, 4, 17, 6, 11]",711.0,"[18, 1, 2, 3, 9, 5, 0, 7, 16, 13, 10, 14, 12, 8, 19, 15, 4, 17, 6, 11]",711.0,6.583479642868042
"[18, 1, 2, 3, 9, 5, 0, 7, 16, 13, 10, 14, 12, 8, 19, 15, 4, 17, 6, 11]",711.0,"[18, 1, 2, 3, 9, 5, 0, 7, 16, 13, 10, 14, 12, 8, 19, 15, 4, 17, 6, 11]",711.0,6.648479700088501
"[18, 1, 2, 3, 9, 5, 0, 7, 16, 13, 10, 14, 12, 8, 19, 15, 4, 17, 6, 11]",711.0,"[18, 1, 2, 3, 9, 5, 0, 7, 16, 13, 10, 14, 12, 8, 19, 15, 4, 17, 6, 11]",711.0,6.714482307434082
"[18, 1, 2, 3, 9, 5, 0, 7, 16, 13, 10, 14, 12, 8, 19, 15, 4, 17, 6, 11]",711.0,"[18, 1, 2, 3, 9, 5, 0, 7, 16, 13, 10, 14, 12, 8, 19, 15, 4, 17, 6, 11]",711.0,6.781481504440308
"[18, 1, 2, 3, 9, 5, 0, 7, 16, 14, 10, 13, 12, 8, 19, 15, 4, 17, 6, 11]",709.5,"[18, 1, 2, 3, 9, 5, 0, 7, 16, 14, 10, 13, 12, 8, 19, 15, 4, 17, 6, 11]",709.5,6.8444812297821045
"[18, 1, 2, 3, 9, 5, 0, 7, 16, 14, 10, 13, 12, 8, 19, 15, 4, 17, 6, 11]",709.5,"[18, 1, 2, 3, 9, 5, 0, 7, 16, 14, 10, 13, 12, 8, 19, 15, 4, 17, 6, 11]",709.5,6.908485651016235
"[18, 1, 2, 3, 9, 5, 0, 7, 16, 14, 10, 13, 12, 8, 19, 15, 4, 17, 6, 11]",709.5,"[18, 1, 2, 3, 9, 5, 0, 7, 16, 14, 10, 13, 12, 8, 19, 15, 4, 17, 6, 11]",709.5,6.972482204437256
"[18, 1, 2, 3, 9, 5, 0, 7, 16, 14, 10, 13, 12, 6, 19, 15, 4, 17, 8, 11]",707.0,"[18, 1, 2, 3, 9, 5, 0, 7, 16, 14, 10, 13, 12, 6, 19, 15, 4, 17, 8, 11]",707.0,7.041485548019409
"[18, 1, 2, 3, 9, 5, 0, 7, 16, 14, 10, 13, 12, 6, 19, 15, 4, 17, 8, 11]",707.0,"[18, 1, 2, 3, 9, 5, 0, 7, 16, 14, 10, 13, 12, 6, 19, 15, 4, 17, 8, 11]",707.0,7.105485200881958
"[18, 1, 2, 3, 9, 5, 0, 7, 16, 14, 10, 13, 12, 6, 19, 15, 4, 17, 8, 11]",707.0,"[18, 1, 2, 3, 9, 5, 0, 7, 16, 14, 10, 13, 12, 6, 19, 15, 4, 17, 8, 11]",707.0,7.172487735748291
"[18, 1, 2, 3, 9, 5, 0, 7, 16, 14, 10, 13, 12, 6, 19, 15, 4, 17, 8, 11]",707.0,"[18, 1, 2, 3, 9, 5, 0, 7, 16, 14, 10, 13, 12, 6, 19, 15, 4, 17, 8, 11]",707.0,7.236485958099365
"[18, 1, 2, 3, 9, 5, 0, 7, 16, 14, 10, 13, 12, 6, 19, 15, 4, 17, 8, 11]",707.0,"[18, 1, 2, 3, 9, 5, 0, 7, 16, 14, 10, 13, 12, 6, 19, 15, 4, 17, 8, 11]",707.0,7.300487279891968
"[18, 1, 2, 3, 9, 5, 0, 7, 16, 14, 10, 13, 12, 6, 19, 15, 4, 17, 8, 11]",707.0,"[18, 1, 2, 3, 9, 5, 0, 7, 16, 14, 10, 13, 12, 6, 19, 15, 4, 17, 8, 11]",707.0,7.362492799758911
"[18, 1, 2, 3, 9, 5, 0, 7, 16, 14, 10, 13, 12, 6, 19, 15, 4, 17, 8, 11]",707.0,"[18, 1, 2, 3, 9, 5, 0, 7, 16, 14, 10, 13, 12, 6, 19, 15, 4, 17, 8, 11]",707.0,7.424484729766846
"[18, 1, 2, 3, 9, 5, 0, 7, 16, 14, 10, 13, 12, 6, 19, 15, 4, 17, 8, 11]",707.0,"[18, 1, 2, 3, 9, 5, 0, 7, 16, 14, 10, 13, 12, 6, 19, 15, 4, 17, 8, 11]",707.0,7.488487482070923
"[18, 1, 2, 3, 9, 5, 0, 7, 16, 14, 10, 13, 12, 6, 19, 15, 4, 17, 8, 11]",707.0,"[18, 1, 2, 3, 9, 5, 0, 7, 16, 14, 10, 13, 12, 6, 19, 15, 4, 17, 8, 11]",707.0,7.555491209030151
"[18, 1, 2, 3, 9, 5, 0, 7, 16, 14, 10, 13, 12, 6, 19, 15, 4, 17, 8, 11]",707.0,"[18, 1, 2, 3, 9, 5, 0, 7, 16, 14, 10, 13, 12, 6, 19, 15, 4, 17, 8, 11]",707.0,7.62349009513855
"[18, 1, 2, 3, 9, 5, 0, 7, 16, 14, 10, 13, 12, 6, 19, 15, 4, 17, 8, 11]",707.0,"[18, 1, 2, 3, 9, 5, 0, 7, 16, 14, 10, 13, 12, 6, 19, 15, 4, 17, 8, 11]",707.0,7.691503524780273
"[18, 1, 2, 3, 9, 5, 0, 7, 16, 14, 10, 13, 12, 6, 19, 15, 4, 17, 8, 11]",707.0,"[18, 1, 2, 3, 9, 5, 0, 7, 16, 14, 10, 13, 12, 6, 19, 15, 4, 17, 8, 11]",707.0,7.7564918994903564
"[18, 1, 2, 3, 9, 5, 0, 7, 16, 14, 10, 13, 12, 6, 19, 15, 4, 17, 8, 11]",707.0,"[18, 1, 2, 3, 9, 5, 0, 7, 16, 14, 10, 13, 12, 6, 19, 15, 4, 17, 8, 11]",707.0,7.8244898319244385
"[18, 1, 2, 3, 9, 5, 0, 7, 16, 14, 10, 13, 12, 6, 19, 15, 4, 17, 8, 11]",707.0,"[18, 1, 2, 3, 9, 5, 0, 7, 16, 14, 10, 13, 12, 6, 19, 15, 4, 17, 8, 11]",707.0,7.888494968414307
"[18, 1, 2, 3, 9, 5, 0, 7, 16, 14, 10, 13, 12, 6, 19, 15, 4, 17, 8, 11]",707.0,"[18, 1, 2, 3, 9, 5, 0, 7, 16, 14, 10, 13, 12, 6, 19, 15, 4, 17, 8, 11]",707.0,7.952493190765381
"[18, 1, 2, 3, 9, 5, 0, 7, 16, 14, 10, 13, 12, 6, 19, 15, 4, 17, 8, 11]",707.0,"[18, 1, 2, 3, 9, 5, 0, 7, 16, 14, 10, 13, 12, 6, 19, 15, 4, 17, 8, 11]",707.0,8.015491247177124
"[18, 1, 2, 3, 9, 5, 0, 7, 16, 14, 10, 13, 12, 6, 19, 15, 4, 17, 8, 11]",707.0,"[18, 1, 2, 3, 9, 5, 0, 7, 16, 14, 10, 13, 12, 6, 19, 15, 4, 17, 8, 11]",707.0,8.086495876312256
"[18, 1, 2, 3, 9, 5, 0, 7, 16, 14, 10, 13, 12, 6, 19, 15, 4, 17, 8, 11]",707.0,"[18, 1, 2, 3, 9, 5, 0, 7, 16, 14, 10, 13, 12, 6, 19, 15, 4, 17, 8, 11]",707.0,8.150492668151855
"[18, 1, 2, 3, 9, 5, 0, 7, 16, 14, 10, 13, 12, 6, 19, 15, 4, 17, 8, 11]",707.0,"[18, 1, 2, 3, 9, 5, 0, 7, 16, 14, 10, 13, 12, 6, 19, 15, 4, 17, 8, 11]",707.0,8.215525150299072
"[18, 1, 2, 3, 9, 5, 0, 7, 16, 14, 10, 13, 12, 6, 19, 15, 4, 17, 8, 11]",707.0,"[18, 1, 2, 3, 9, 5, 0, 7, 16, 14, 10, 13, 12, 6, 19, 15, 4, 17, 8, 11]",707.0,8.28549575805664
"[18, 1, 2, 3, 9, 5, 0, 7, 16, 14, 10, 13, 12, 6, 19, 15, 4, 17, 8, 11]",707.0,"[18, 1, 2, 3, 9, 5, 0, 7, 16, 14, 10, 13, 12, 6, 19, 15, 4, 17, 8, 11]",707.0,8.35549783706665
"[18, 1, 2, 3, 9, 5, 0, 7, 16, 14, 10, 13, 12, 6, 19, 15, 4, 17, 8, 11]",707.0,"[18, 1, 2, 3, 9, 5, 0, 7, 16, 14, 10, 13, 12, 6, 19, 15, 4, 17, 8, 11]",707.0,8.41749882698059
"[18, 1, 2, 3, 9, 5, 0, 7, 16, 14, 10, 13, 12, 6, 19, 15, 4, 17, 8, 11]",707.0,"[18, 1, 2, 3, 9, 5, 0, 7, 16, 14, 10, 13, 12, 6, 19, 15, 4, 17, 8, 11]",707.0,8.481496334075928
"[18, 1, 2, 3, 9, 5, 0, 7, 16, 14, 10, 13, 12, 6, 19, 15, 4, 17, 8, 11]",707.0,"[18, 1, 2, 3, 9, 5, 0, 7, 16, 14, 10, 13, 12, 6, 19, 15, 4, 17, 8, 11]",707.0,8.543501377105713
"[18, 1, 2, 3, 9, 5, 0, 7, 16, 14, 10, 13, 12, 6, 19, 15, 4, 17, 8, 11]",707.0,"[18, 1, 2, 3, 9, 5, 0, 7, 16, 14, 10, 13, 12, 6, 19, 15, 4, 17, 8, 11]",707.0,8.610501766204834
"[18, 1, 2, 3, 9, 5, 0, 7, 16, 14, 10, 13, 12, 6, 19, 15, 4, 17, 8, 11]",707.0,"[18, 1, 2, 3, 9, 5, 0, 7, 16, 14, 10, 13, 12, 6, 19, 15, 4, 17, 8, 11]",707.0,8.679499626159668
"[18, 1, 2, 3, 9, 5, 0, 7, 16, 14, 10, 13, 12, 6, 19, 15, 4, 17, 8, 11]",707.0,"[18, 1, 2, 3, 9, 5, 0, 7, 16, 14, 10, 13, 12, 6, 19, 15, 4, 17, 8, 11]",707.0,8.7434983253479
"[18, 1, 2, 3, 9, 5, 0, 7, 16, 14, 10, 13, 12, 6, 19, 15, 4, 17, 8, 11]",707.0,"[18, 1, 2, 3, 9, 5, 0, 7, 16, 14, 10, 13, 12, 6, 19, 15, 4, 17, 8, 11]",707.0,8.807754516601562
"[18, 1, 2, 3, 9, 5, 0, 7, 16, 14, 10, 13, 12, 6, 19, 15, 4, 17, 8, 11]",707.0,"[18, 1, 2, 3, 9, 5, 0, 7, 16, 14, 10, 13, 12, 6, 19, 15, 4, 17, 8, 11]",707.0,8.874501705169678
"[18, 1, 2, 3, 9, 5, 0, 7, 16, 11, 10, 13, 12, 6, 19, 15, 4, 17, 8, 14]",706.0,"[18, 1, 2, 3, 9, 5, 0, 7, 16, 11, 10, 13, 12, 6, 19, 15, 4, 17, 8, 14]",706.0,8.939499855041504
"[18, 1, 2, 3, 9, 5, 0, 7, 16, 11, 10, 13, 12, 6, 19, 15, 4, 17, 8, 14]",706.0,"[18, 1, 2, 3, 9, 5, 0, 7, 16, 11, 10, 13, 12, 6, 19, 15, 4, 17, 8, 14]",706.0,9.007529020309448
"[18, 1, 2, 3, 9, 5, 0, 7, 16, 11, 10, 13, 12, 6, 19, 15, 4, 17, 8, 14]",706.0,"[18, 1, 2, 3, 9, 5, 0, 7, 16, 11, 10, 13, 12, 6, 19, 15, 4, 17, 8, 14]",706.0,9.070503950119019
"[18, 1, 2, 3, 9, 5, 0, 7, 16, 11, 10, 13, 12, 6, 19, 15, 4, 17, 8, 14]",706.0,"[18, 1, 2, 3, 9, 5, 0, 7, 16, 11, 10, 13, 12, 6, 19, 15, 4, 17, 8, 14]",706.0,9.135507345199585
"[18, 1, 2, 3, 9, 5, 0, 7, 16, 11, 10, 13, 12, 6, 19, 15, 4, 17, 8, 14]",706.0,"[18, 1, 2, 3, 9, 5, 0, 7, 16, 11, 10, 13, 12, 6, 19, 15, 4, 17, 8, 14]",706.0,9.20651626586914
"[18, 1, 2, 3, 9, 5, 0, 7, 16, 11, 10, 13, 12, 6, 19, 15, 4, 17, 8, 14]",706.0,"[18, 1, 2, 3, 9, 5, 0, 7, 16, 11, 10, 13, 12, 6, 19, 15, 4, 17, 8, 14]",706.0,9.270507335662842
"[18, 1, 2, 3, 9, 5, 0, 7, 16, 11, 10, 13, 12, 6, 19, 15, 4, 17, 8, 14]",706.0,"[18, 1, 2, 3, 9, 5, 0, 7, 16, 11, 10, 13, 12, 6, 19, 15, 4, 17, 8, 14]",706.0,9.335508108139038
"[18, 1, 2, 3, 9, 5, 0, 7, 16, 11, 10, 13, 12, 6, 19, 15, 4, 17, 8, 14]",706.0,"[18, 1, 2, 3, 9, 5, 0, 7, 16, 11, 10, 13, 12, 6, 19, 15, 4, 17, 8, 14]",706.0,9.39950942993164
"[18, 1, 2, 3, 9, 5, 0, 7, 16, 11, 10, 13, 12, 6, 19, 15, 4, 17, 8, 14]",706.0,"[18, 1, 2, 3, 9, 5, 0, 7, 16, 11, 10, 13, 12, 6, 19, 15, 4, 17, 8, 14]",706.0,9.463505268096924
"[18, 1, 2, 3, 9, 5, 0, 7, 16, 11, 10, 13, 12, 6, 19, 15, 4, 17, 8, 14]",706.0,"[18, 1, 2, 3, 9, 5, 0, 7, 16, 11, 10, 13, 12, 6, 19, 15, 4, 17, 8, 14]",706.0,9.527506351470947
"[18, 1, 2, 3, 9, 5, 0, 7, 16, 11, 10, 13, 12, 6, 19, 15, 4, 17, 8, 14]",706.0,"[18, 1, 2, 3, 9, 5, 0, 7, 16, 11, 10, 13, 12, 6, 19, 15, 4, 17, 8, 14]",706.0,9.592508316040039
"[18, 1, 2, 3, 9, 5, 0, 7, 16, 11, 10, 13, 12, 6, 19, 15, 4, 17, 8, 14]",706.0,"[18, 1, 2, 3, 9, 5, 0, 7, 16, 11, 10, 13, 12, 6, 19, 15, 4, 17, 8, 14]",706.0,9.659509897232056
"[18, 1, 2, 3, 9, 5, 0, 7, 19, 11, 10, 13, 12, 6, 16, 15, 4, 17, 8, 14]",703.5,"[18, 1, 2, 3, 9, 5, 0, 7, 19, 11, 10, 13, 12, 6, 16, 15, 4, 17, 8, 14]",703.5,9.726508140563965
"[18, 1, 2, 3, 9, 5, 0, 7, 19, 11, 10, 13, 12, 6, 16, 15, 4, 17, 8, 14]",703.5,"[18, 1, 2, 3, 9, 5, 0, 7, 19, 11, 10, 13, 12, 6, 16, 15, 4, 17, 8, 14]",703.5,9.791511535644531
"[18, 1, 2, 3, 9, 5, 0, 7, 19, 11, 10, 13, 12, 6, 16, 15, 4, 17, 8, 14]",703.5,"[18, 1, 2, 3, 9, 5, 0, 7, 19, 11, 10, 13, 12, 6, 16, 15, 4, 17, 8, 14]",703.5,9.858475685119629
"[18, 1, 2, 3, 9, 5, 0, 11, 19, 7, 10, 13, 12, 6, 16, 15, 4, 17, 8, 14]",702.0,"[18, 1, 2, 3, 9, 5, 0, 11, 19, 7, 10, 13, 12, 6, 16, 15, 4, 17, 8, 14]",702.0,9.929511308670044
"[18, 1, 2, 3, 9, 5, 0, 11, 19, 7, 10, 13, 12, 6, 16, 15, 4, 17, 8, 14]",702.0,"[18, 1, 2, 3, 9, 5, 0, 11, 19, 7, 10, 13, 12, 6, 16, 15, 4, 17, 8, 14]",702.0,9.993514060974121
"[18, 1, 2, 3, 9, 5, 0, 11, 19, 7, 10, 13, 12, 6, 16, 15, 4, 17, 8, 14]",702.0,"[18, 1, 2, 3, 9, 5, 0, 11, 19, 7, 10, 13, 12, 6, 16, 15, 4, 17, 8, 14]",702.0,10.060516834259033
"[18, 1, 2, 3, 9, 5, 0, 11, 19, 7, 10, 13, 12, 6, 16, 15, 4, 17, 8, 14]",702.0,"[18, 1, 2, 3, 9, 5, 0, 11, 19, 7, 10, 13, 12, 6, 16, 15, 4, 17, 8, 14]",702.0,10.125555038452148
"[18, 1, 2, 3, 9, 5, 0, 11, 19, 7, 10, 13, 12, 6, 16, 15, 4, 17, 8, 14]",702.0,"[18, 1, 2, 3, 9, 5, 0, 11, 19, 7, 10, 13, 12, 6, 16, 15, 4, 17, 8, 14]",702.0,10.190514326095581
"[18, 1, 2, 3, 9, 5, 0, 11, 19, 7, 10, 13, 12, 6, 16, 15, 4, 17, 8, 14]",702.0,"[18, 1, 2, 3, 9, 5, 0, 11, 19, 7, 10, 13, 12, 6, 16, 15, 4, 17, 8, 14]",702.0,10.256525993347168
"[18, 1, 2, 3, 9, 5, 0, 11, 19, 7, 10, 13, 12, 6, 16, 15, 4, 17, 8, 14]",702.0,"[18, 1, 2, 3, 9, 5, 0, 11, 19, 7, 10, 13, 12, 6, 16, 15, 4, 17, 8, 14]",702.0,10.32751727104187
"[18, 1, 2, 3, 9, 5, 0, 11, 19, 7, 10, 13, 12, 6, 16, 15, 4, 17, 8, 14]",702.0,"[18, 1, 2, 3, 9, 5, 0, 11, 19, 7, 10, 13, 12, 6, 16, 15, 4, 17, 8, 14]",702.0,10.398514986038208
"[18, 1, 2, 3, 9, 5, 0, 11, 19, 7, 10, 13, 12, 6, 16, 15, 4, 17, 8, 14]",702.0,"[18, 1, 2, 3, 9, 5, 0, 11, 19, 7, 10, 13, 12, 6, 16, 15, 4, 17, 8, 14]",702.0,10.46351933479309
"[18, 1, 2, 3, 9, 5, 0, 11, 19, 7, 10, 13, 12, 6, 16, 15, 4, 17, 8, 14]",702.0,"[18, 1, 2, 3, 9, 5, 0, 11, 19, 7, 10, 13, 12, 6, 16, 15, 4, 17, 8, 14]",702.0,10.527543067932129
"[18, 1, 2, 3, 9, 5, 0, 11, 19, 7, 10, 13, 12, 6, 16, 15, 4, 17, 8, 14]",702.0,"[18, 1, 2, 3, 9, 5, 0, 11, 19, 7, 10, 13, 12, 6, 16, 15, 4, 17, 8, 14]",702.0,10.592519521713257
"[18, 1, 2, 3, 9, 5, 0, 11, 19, 7, 10, 13, 12, 6, 16, 15, 4, 17, 8, 14]",702.0,"[18, 1, 2, 3, 9, 5, 0, 11, 19, 7, 10, 13, 12, 6, 16, 15, 4, 17, 8, 14]",702.0,10.657520532608032
"[18, 1, 2, 3, 9, 5, 0, 11, 19, 7, 10, 13, 12, 6, 16, 15, 4, 17, 8, 14]",702.0,"[18, 1, 2, 3, 9, 5, 0, 11, 19, 7, 10, 13, 12, 6, 16, 15, 4, 17, 8, 14]",702.0,10.719523429870605
"[18, 1, 2, 3, 9, 5, 0, 11, 19, 7, 10, 13, 12, 6, 16, 15, 4, 17, 8, 14]",702.0,"[18, 1, 2, 3, 9, 5, 0, 11, 19, 7, 10, 13, 12, 6, 16, 15, 4, 17, 8, 14]",702.0,10.780529499053955
"[18, 1, 2, 3, 9, 5, 0, 11, 19, 7, 10, 13, 12, 6, 16, 15, 4, 17, 8, 14]",702.0,"[18, 1, 2, 3, 9, 5, 0, 11, 19, 7, 10, 13, 12, 6, 16, 15, 4, 17, 8, 14]",702.0,10.845518589019775
"[18, 1, 2, 3, 9, 5, 0, 11, 19, 7, 10, 13, 12, 6, 16, 15, 4, 17, 8, 14]",702.0,"[18, 1, 2, 3, 9, 5, 0, 11, 19, 7, 10, 13, 12, 6, 16, 15, 4, 17, 8, 14]",702.0,10.909522294998169
"[18, 1, 2, 3, 9, 5, 0, 11, 19, 7, 10, 13, 12, 6, 16, 15, 4, 17, 8, 14]",702.0,"[18, 1, 2, 3, 9, 5, 0, 11, 19, 7, 10, 13, 12, 6, 16, 15, 4, 17, 8, 14]",702.0,10.97452163696289
"[18, 1, 2, 3, 9, 5, 0, 11, 19, 7, 10, 13, 12, 6, 16, 15, 4, 17, 8, 14]",702.0,"[18, 1, 2, 3, 9, 5, 0, 11, 19, 7, 10, 13, 12, 6, 16, 15, 4, 17, 8, 14]",702.0,11.042524576187134
"[18, 1, 2, 3, 9, 5, 0, 11, 19, 7, 10, 13, 12, 6, 16, 15, 4, 17, 8, 14]",702.0,"[18, 1, 2, 3, 9, 5, 0, 11, 19, 7, 10, 13, 12, 6, 16, 15, 4, 17, 8, 14]",702.0,11.10753846168518
"[18, 1, 2, 3, 9, 5, 0, 11, 19, 7, 10, 13, 12, 6, 16, 15, 4, 17, 8, 14]",702.0,"[18, 1, 2, 3, 9, 5, 0, 11, 19, 7, 10, 13, 12, 6, 16, 15, 4, 17, 8, 14]",702.0,11.173523187637329
"[18, 1, 2, 3, 9, 5, 0, 11, 19, 7, 10, 13, 12, 6, 16, 15, 4, 17, 8, 14]",702.0,"[18, 1, 2, 3, 9, 5, 0, 11, 19, 7, 10, 13, 12, 6, 16, 15, 4, 17, 8, 14]",702.0,11.240524053573608
"[18, 1, 2, 3, 9, 5, 0, 11, 19, 7, 10, 13, 12, 6, 16, 15, 4, 17, 8, 14]",702.0,"[18, 1, 2, 3, 9, 5, 0, 11, 19, 7, 10, 13, 12, 6, 16, 15, 4, 17, 8, 14]",702.0,11.306525230407715
"[18, 1, 2, 3, 9, 5, 0, 11, 19, 7, 10, 13, 12, 6, 16, 15, 4, 17, 8, 14]",702.0,"[18, 1, 2, 3, 9, 5, 0, 11, 19, 7, 10, 13, 12, 6, 16, 15, 4, 17, 8, 14]",702.0,11.374522686004639
"[18, 1, 2, 3, 9, 5, 0, 11, 19, 7, 10, 13, 12, 6, 16, 15, 4, 17, 8, 14]",702.0,"[18, 1, 2, 3, 9, 5, 0, 11, 19, 7, 10, 13, 12, 6, 16, 15, 4, 17, 8, 14]",702.0,11.441530704498291
"[18, 1, 2, 3, 9, 5, 0, 11, 19, 7, 10, 13, 12, 6, 16, 15, 4, 17, 8, 14]",702.0,"[18, 1, 2, 3, 9, 5, 0, 11, 19, 7, 10, 13, 12, 6, 16, 15, 4, 17, 8, 14]",702.0,11.505530595779419
"[18, 1, 2, 3, 9, 5, 0, 11, 19, 7, 10, 13, 12, 6, 16, 15, 4, 17, 8, 14]",702.0,"[18, 1, 2, 3, 9, 5, 0, 11, 19, 7, 10, 13, 12, 6, 16, 15, 4, 17, 8, 14]",702.0,11.597527503967285
"[18, 1, 2, 3, 9, 5, 0, 11, 19, 7, 10, 13, 12, 6, 16, 15, 4, 17, 8, 14]",702.0,"[18, 1, 2, 3, 9, 5, 0, 11, 19, 7, 10, 13, 12, 6, 16, 15, 4, 17, 8, 14]",702.0,11.662529945373535
"[18, 1, 2, 3, 9, 5, 0, 11, 19, 7, 10, 13, 12, 6, 16, 15, 4, 17, 8, 14]",702.0,"[18, 1, 2, 3, 9, 5, 0, 11, 19, 7, 10, 13, 12, 6, 16, 15, 4, 17, 8, 14]",702.0,11.728530168533325
"[18, 1, 2, 3, 9, 5, 0, 11, 19, 7, 10, 13, 12, 6, 16, 15, 4, 17, 8, 14]",702.0,"[18, 1, 2, 3, 9, 5, 0, 11, 19, 7, 10, 13, 12, 6, 16, 15, 4, 17, 8, 14]",702.0,11.793537378311157
"[18, 1, 2, 3, 9, 5, 0, 11, 19, 7, 10, 13, 12, 6, 16, 15, 4, 17, 8, 14]",702.0,"[18, 1, 2, 3, 9, 5, 0, 11, 19, 7, 10, 13, 12, 6, 16, 15, 4, 17, 8, 14]",702.0,11.858531951904297
"[18, 1, 2, 3, 9, 5, 0, 11, 19, 7, 10, 13, 12, 6, 16, 15, 4, 17, 8, 14]",702.0,"[18, 1, 2, 3, 9, 5, 0, 11, 19, 7, 10, 13, 12, 6, 16, 15, 4, 17, 8, 14]",702.0,11.923532009124756
"[18, 1, 2, 3, 9, 5, 0, 11, 19, 7, 10, 13, 12, 6, 16, 15, 4, 17, 8, 14]",702.0,"[18, 1, 2, 3, 9, 5, 0, 11, 19, 7, 10, 13, 12, 6, 16, 15, 4, 17, 8, 14]",702.0,11.987538576126099
"[18, 1, 2, 3, 9, 5, 0, 11, 19, 7, 10, 13, 12, 6, 16, 15, 4, 17, 8, 14]",702.0,"[18, 1, 2, 3, 9, 5, 0, 11, 19, 7, 10, 13, 12, 6, 16, 15, 4, 17, 8, 14]",702.0,12.051569700241089
"[18, 1, 2, 3, 9, 5, 0, 11, 19, 7, 10, 13, 12, 6, 16, 15, 4, 17, 8, 14]",702.0,"[18, 1, 2, 3, 9, 5, 0, 11, 19, 7, 10, 13, 12, 6, 16, 15, 4, 17, 8, 14]",702.0,12.11660623550415
"[18, 1, 2, 3, 9, 5, 0, 11, 19, 7, 10, 13, 12, 6, 16, 15, 4, 17, 8, 14]",702.0,"[18, 1, 2, 3, 9, 5, 0, 11, 19, 7, 10, 13, 12, 6, 16, 15, 4, 17, 8, 14]",702.0,12.179538249969482
"[18, 1, 2, 3, 9, 5, 0, 11, 19, 7, 10, 13, 12, 6, 16, 15, 4, 17, 8, 14]",702.0,"[18, 1, 2, 3, 9, 5, 0, 11, 19, 7, 10, 13, 12, 6, 16, 15, 4, 17, 8, 14]",702.0,12.24453592300415
"[18, 1, 2, 3, 9, 5, 0, 11, 19, 7, 10, 13, 12, 6, 16, 15, 4, 17, 8, 14]",702.0,"[18, 1, 2, 3, 9, 5, 0, 11, 19, 7, 10, 13, 12, 6, 16, 15, 4, 17, 8, 14]",702.0,12.305533409118652
"[18, 1, 2, 3, 9, 5, 0, 11, 19, 7, 10, 13, 12, 6, 16, 15, 4, 17, 8, 14]",702.0,"[18, 1, 2, 3, 9, 5, 0, 11, 19, 7, 10, 13, 12, 6, 16, 15, 4, 17, 8, 14]",702.0,12.370536088943481
"[18, 1, 2, 3, 9, 5, 0, 11, 19, 7, 10, 13, 12, 6, 16, 15, 4, 17, 8, 14]",702.0,"[18, 1, 2, 3, 9, 5, 0, 11, 19, 7, 10, 13, 12, 6, 16, 15, 4, 17, 8, 14]",702.0,12.435548543930054
"[18, 1, 2, 3, 9, 5, 0, 11, 19, 7, 10, 13, 12, 6, 16, 15, 4, 17, 8, 14]",702.0,"[18, 1, 2, 3, 9, 5, 0, 11, 19, 7, 10, 13, 12, 6, 16, 15, 4, 17, 8, 14]",702.0,12.50353455543518
"[18, 1, 2, 3, 9, 5, 0, 11, 19, 7, 10, 13, 12, 6, 16, 15, 4, 17, 8, 14]",702.0,"[18, 1, 2, 3, 9, 5, 0, 11, 19, 7, 10, 13, 12, 6, 16, 15, 4, 17, 8, 14]",702.0,12.572539567947388
"[18, 1, 2, 3, 9, 5, 0, 11, 19, 7, 10, 13, 12, 6, 16, 15, 4, 17, 8, 14]",702.0,"[18, 1, 2, 3, 9, 5, 0, 11, 19, 7, 10, 13, 12, 6, 16, 15, 4, 17, 8, 14]",702.0,12.636540174484253
"[18, 1, 2, 3, 9, 5, 0, 11, 19, 7, 10, 13, 12, 6, 16, 15, 4, 17, 8, 14]",702.0,"[18, 1, 2, 3, 9, 5, 0, 11, 19, 7, 10, 13, 12, 6, 16, 15, 4, 17, 8, 14]",702.0,12.707536935806274
"[18, 1, 2, 3, 9, 5, 0, 11, 19, 7, 10, 13, 12, 6, 16, 15, 4, 17, 8, 14]",702.0,"[18, 1, 2, 3, 9, 5, 0, 11, 19, 7, 10, 13, 12, 6, 16, 15, 4, 17, 8, 14]",702.0,12.771540880203247
"[18, 1, 2, 3, 9, 5, 0, 11, 19, 7, 10, 13, 12, 6, 16, 15, 4, 17, 8, 14]",702.0,"[18, 1, 2, 3, 9, 5, 0, 11, 19, 7, 10, 13, 12, 6, 16, 15, 4, 17, 8, 14]",702.0,12.83654260635376
"[18, 1, 2, 3, 9, 5, 0, 11, 19, 7, 10, 13, 12, 6, 16, 15, 4, 17, 8, 14]",702.0,"[18, 1, 2, 3, 9, 5, 0, 11, 19, 7, 10, 13, 12, 6, 16, 15, 4, 17, 8, 14]",702.0,12.903538703918457
"[18, 1, 2, 3, 9, 5, 0, 11, 19, 7, 10, 13, 12, 6, 16, 15, 4, 17, 8, 14]",702.0,"[18, 1, 2, 3, 9, 5, 0, 11, 19, 7, 10, 13, 12, 6, 16, 15, 4, 17, 8, 14]",702.0,12.969543218612671
"[18, 1, 2, 3, 9, 5, 0, 11, 19, 7, 10, 13, 12, 6, 16, 15, 4, 17, 8, 14]",702.0,"[18, 1, 2, 3, 9, 5, 0, 11, 19, 7, 10, 13, 12, 6, 16, 15, 4, 17, 8, 14]",702.0,13.035544395446777
"[18, 1, 2, 3, 9, 5, 0, 11, 19, 7, 10, 13, 12, 6, 16, 15, 4, 17, 8, 14]",702.0,"[18, 1, 2, 3, 9, 5, 0, 11, 19, 7, 10, 13, 12, 6, 16, 15, 4, 17, 8, 14]",702.0,13.10154390335083
"[18, 1, 2, 3, 9, 5, 0, 11, 19, 7, 10, 13, 12, 6, 16, 15, 4, 17, 8, 14]",702.0,"[18, 1, 2, 3, 9, 5, 0, 11, 19, 7, 10, 13, 12, 6, 16, 15, 4, 17, 8, 14]",702.0,13.166545391082764
