Sequence,Fitness,Best_sequence,Best_fitness,Time
"[3, 16, 6, 10, 2, 14, 4, 17, 7, 1, 13, 0, 19, 18, 9, 15, 8, 12, 11, 5]",787.0,"[3, 16, 6, 10, 2, 14, 4, 17, 7, 1, 13, 0, 19, 18, 9, 15, 8, 12, 11, 5]",787.0,0.0009968280792236328
"[3, 16, 6, 10, 2, 14, 4, 17, 7, 1, 13, 0, 19, 18, 9, 15, 8, 12, 11, 5]",787.0,"[3, 16, 6, 10, 2, 14, 4, 17, 7, 1, 13, 0, 19, 18, 9, 15, 8, 12, 11, 5]",787.0,0.06299829483032227
"[3, 16, 6, 10, 2, 14, 4, 17, 7, 1, 13, 0, 19, 18, 9, 15, 8, 12, 11, 5]",787.0,"[3, 16, 6, 10, 2, 14, 4, 17, 7, 1, 13, 0, 19, 18, 9, 15, 8, 12, 11, 5]",787.0,0.12399959564208984
"[3, 16, 6, 10, 2, 14, 4, 17, 7, 1, 13, 0, 19, 18, 9, 15, 8, 12, 11, 5]",787.0,"[3, 16, 6, 10, 2, 14, 4, 17, 7, 1, 13, 0, 19, 18, 9, 15, 8, 12, 11, 5]",787.0,0.18799948692321777
"[3, 16, 6, 10, 2, 14, 4, 17, 7, 1, 13, 0, 19, 18, 9, 15, 8, 12, 11, 5]",787.0,"[3, 16, 6, 10, 2, 14, 4, 17, 7, 1, 13, 0, 19, 18, 9, 15, 8, 12, 11, 5]",787.0,0.2540018558502197
"[3, 16, 6, 10, 2, 14, 4, 17, 7, 12, 13, 0, 19, 18, 9, 15, 8, 1, 11, 5]",780.0,"[3, 16, 6, 10, 2, 14, 4, 17, 7, 12, 13, 0, 19, 18, 9, 15, 8, 1, 11, 5]",780.0,0.31701207160949707
"[18, 16, 6, 10, 2, 14, 4, 17, 7, 12, 13, 0, 19, 3, 9, 15, 8, 1, 11, 5]",777.5,"[18, 16, 6, 10, 2, 14, 4, 17, 7, 12, 13, 0, 19, 3, 9, 15, 8, 1, 11, 5]",777.5,0.3800020217895508
"[18, 16, 6, 10, 2, 14, 4, 17, 7, 12, 13, 0, 19, 3, 9, 15, 8, 1, 11, 5]",777.5,"[18, 16, 6, 10, 2, 14, 4, 17, 7, 12, 13, 0, 19, 3, 9, 15, 8, 1, 11, 5]",777.5,0.4500143527984619
"[18, 17, 6, 10, 2, 14, 4, 16, 7, 12, 13, 0, 19, 3, 9, 15, 8, 1, 11, 5]",774.5,"[18, 17, 6, 10, 2, 14, 4, 16, 7, 12, 13, 0, 19, 3, 9, 15, 8, 1, 11, 5]",774.5,0.5130119323730469
"[18, 17, 6, 10, 2, 14, 4, 16, 7, 12, 13, 0, 19, 3, 9, 15, 8, 1, 11, 5]",774.5,"[18, 17, 6, 10, 2, 14, 4, 16, 7, 12, 13, 0, 19, 3, 9, 15, 8, 1, 11, 5]",774.5,0.5810070037841797
"[18, 17, 6, 10, 2, 14, 4, 16, 3, 12, 13, 0, 19, 7, 9, 15, 8, 1, 11, 5]",760.0,"[18, 17, 6, 10, 2, 14, 4, 16, 3, 12, 13, 0, 19, 7, 9, 15, 8, 1, 11, 5]",760.0,0.6470131874084473
"[18, 17, 6, 10, 2, 14, 4, 16, 3, 12, 13, 0, 19, 7, 9, 5, 8, 1, 11, 15]",751.5,"[18, 17, 6, 10, 2, 14, 4, 16, 3, 12, 13, 0, 19, 7, 9, 5, 8, 1, 11, 15]",751.5,0.714012861251831
"[18, 17, 6, 10, 2, 14, 4, 16, 3, 12, 13, 0, 19, 7, 9, 5, 8, 1, 11, 15]",751.5,"[18, 17, 6, 10, 2, 14, 4, 16, 3, 12, 13, 0, 19, 7, 9, 5, 8, 1, 11, 15]",751.5,0.779008150100708
"[18, 17, 6, 10, 2, 14, 4, 16, 3, 12, 13, 0, 19, 7, 9, 5, 8, 1, 11, 15]",751.5,"[18, 17, 6, 10, 2, 14, 4, 16, 3, 12, 13, 0, 19, 7, 9, 5, 8, 1, 11, 15]",751.5,0.8430216312408447
"[18, 17, 6, 10, 2, 14, 4, 16, 3, 12, 13, 0, 19, 7, 9, 5, 8, 1, 11, 15]",751.5,"[18, 17, 6, 10, 2, 14, 4, 16, 3, 12, 13, 0, 19, 7, 9, 5, 8, 1, 11, 15]",751.5,0.9090175628662109
"[18, 17, 6, 10, 2, 14, 4, 16, 3, 12, 13, 0, 19, 7, 9, 5, 8, 1, 11, 15]",751.5,"[18, 17, 6, 10, 2, 14, 4, 16, 3, 12, 13, 0, 19, 7, 9, 5, 8, 1, 11, 15]",751.5,0.9740126132965088
"[18, 17, 6, 10, 2, 14, 4, 16, 3, 12, 13, 0, 19, 7, 9, 5, 8, 1, 11, 15]",751.5,"[18, 17, 6, 10, 2, 14, 4, 16, 3, 12, 13, 0, 19, 7, 9, 5, 8, 1, 11, 15]",751.5,1.0410363674163818
"[18, 17, 6, 10, 2, 14, 4, 16, 3, 12, 13, 0, 19, 7, 9, 5, 8, 1, 11, 15]",751.5,"[18, 17, 6, 10, 2, 14, 4, 16, 3, 12, 13, 0, 19, 7, 9, 5, 8, 1, 11, 15]",751.5,1.1080126762390137
"[18, 17, 6, 10, 2, 14, 4, 16, 3, 12, 13, 0, 19, 15, 9, 5, 8, 1, 11, 7]",751.0,"[18, 17, 6, 10, 2, 14, 4, 16, 3, 12, 13, 0, 19, 15, 9, 5, 8, 1, 11, 7]",751.0,1.1740138530731201
"[18, 17, 6, 10, 2, 14, 4, 16, 3, 11, 13, 0, 19, 15, 9, 5, 8, 1, 12, 7]",747.0,"[18, 17, 6, 10, 2, 14, 4, 16, 3, 11, 13, 0, 19, 15, 9, 5, 8, 1, 12, 7]",747.0,1.2500135898590088
"[18, 17, 6, 10, 2, 14, 4, 16, 3, 11, 13, 0, 19, 15, 9, 5, 8, 1, 12, 7]",747.0,"[18, 17, 6, 10, 2, 14, 4, 16, 3, 11, 13, 0, 19, 15, 9, 5, 8, 1, 12, 7]",747.0,1.3470349311828613
"[18, 17, 6, 10, 5, 14, 4, 16, 3, 11, 13, 0, 19, 15, 9, 2, 8, 1, 12, 7]",739.5,"[18, 17, 6, 10, 5, 14, 4, 16, 3, 11, 13, 0, 19, 15, 9, 2, 8, 1, 12, 7]",739.5,1.4110140800476074
"[18, 17, 6, 10, 5, 14, 4, 16, 3, 11, 13, 0, 19, 15, 9, 2, 8, 1, 12, 7]",739.5,"[18, 17, 6, 10, 5, 14, 4, 16, 3, 11, 13, 0, 19, 15, 9, 2, 8, 1, 12, 7]",739.5,1.4770159721374512
"[18, 17, 6, 10, 5, 14, 4, 16, 3, 11, 13, 0, 19, 15, 9, 2, 8, 1, 12, 7]",739.5,"[18, 17, 6, 10, 5, 14, 4, 16, 3, 11, 13, 0, 19, 15, 9, 2, 8, 1, 12, 7]",739.5,1.5470151901245117
"[18, 17, 6, 16, 5, 14, 4, 10, 3, 11, 13, 0, 19, 15, 9, 2, 8, 1, 12, 7]",733.0,"[18, 17, 6, 16, 5, 14, 4, 10, 3, 11, 13, 0, 19, 15, 9, 2, 8, 1, 12, 7]",733.0,1.6160147190093994
"[18, 17, 6, 16, 5, 14, 4, 10, 3, 11, 13, 0, 19, 15, 9, 2, 8, 1, 12, 7]",733.0,"[18, 17, 6, 16, 5, 14, 4, 10, 3, 11, 13, 0, 19, 15, 9, 2, 8, 1, 12, 7]",733.0,1.6890206336975098
"[18, 17, 6, 16, 5, 14, 7, 10, 3, 11, 13, 0, 19, 15, 9, 2, 8, 1, 12, 4]",704.5,"[18, 17, 6, 16, 5, 14, 7, 10, 3, 11, 13, 0, 19, 15, 9, 2, 8, 1, 12, 4]",704.5,1.7570948600769043
"[18, 17, 6, 16, 5, 14, 7, 10, 3, 11, 13, 0, 19, 15, 9, 2, 8, 1, 12, 4]",704.5,"[18, 17, 6, 16, 5, 14, 7, 10, 3, 11, 13, 0, 19, 15, 9, 2, 8, 1, 12, 4]",704.5,1.8210220336914062
"[18, 17, 6, 16, 5, 14, 7, 10, 3, 11, 13, 0, 19, 15, 9, 2, 8, 1, 12, 4]",704.5,"[18, 17, 6, 16, 5, 14, 7, 10, 3, 11, 13, 0, 19, 15, 9, 2, 8, 1, 12, 4]",704.5,1.8860301971435547
"[18, 17, 6, 16, 5, 14, 7, 10, 3, 11, 13, 0, 19, 15, 9, 2, 8, 1, 12, 4]",704.5,"[18, 17, 6, 16, 5, 14, 7, 10, 3, 11, 13, 0, 19, 15, 9, 2, 8, 1, 12, 4]",704.5,1.9490199089050293
"[18, 17, 6, 16, 5, 14, 7, 10, 3, 11, 13, 0, 19, 15, 9, 2, 8, 1, 12, 4]",704.5,"[18, 17, 6, 16, 5, 14, 7, 10, 3, 11, 13, 0, 19, 15, 9, 2, 8, 1, 12, 4]",704.5,2.016026735305786
"[18, 17, 6, 16, 5, 14, 7, 10, 3, 11, 13, 0, 19, 15, 9, 2, 8, 1, 12, 4]",704.5,"[18, 17, 6, 16, 5, 14, 7, 10, 3, 11, 13, 0, 19, 15, 9, 2, 8, 1, 12, 4]",704.5,2.0810282230377197
"[18, 17, 6, 16, 5, 14, 7, 10, 3, 11, 13, 0, 19, 15, 9, 2, 8, 1, 12, 4]",704.5,"[18, 17, 6, 16, 5, 14, 7, 10, 3, 11, 13, 0, 19, 15, 9, 2, 8, 1, 12, 4]",704.5,2.1440248489379883
"[18, 17, 6, 16, 5, 14, 7, 10, 3, 11, 13, 0, 19, 15, 9, 2, 8, 1, 12, 4]",704.5,"[18, 17, 6, 16, 5, 14, 7, 10, 3, 11, 13, 0, 19, 15, 9, 2, 8, 1, 12, 4]",704.5,2.2080225944519043
"[18, 17, 6, 16, 5, 14, 7, 10, 3, 11, 13, 0, 19, 15, 9, 2, 8, 1, 12, 4]",704.5,"[18, 17, 6, 16, 5, 14, 7, 10, 3, 11, 13, 0, 19, 15, 9, 2, 8, 1, 12, 4]",704.5,2.272024393081665
"[18, 17, 6, 16, 5, 14, 7, 10, 3, 11, 13, 0, 19, 15, 9, 2, 8, 1, 12, 4]",704.5,"[18, 17, 6, 16, 5, 14, 7, 10, 3, 11, 13, 0, 19, 15, 9, 2, 8, 1, 12, 4]",704.5,2.336026668548584
"[18, 17, 6, 16, 5, 14, 7, 10, 3, 11, 13, 0, 19, 15, 9, 2, 8, 1, 12, 4]",704.5,"[18, 17, 6, 16, 5, 14, 7, 10, 3, 11, 13, 0, 19, 15, 9, 2, 8, 1, 12, 4]",704.5,2.4000301361083984
"[18, 17, 6, 16, 5, 14, 7, 10, 3, 11, 13, 0, 19, 15, 9, 2, 8, 1, 12, 4]",704.5,"[18, 17, 6, 16, 5, 14, 7, 10, 3, 11, 13, 0, 19, 15, 9, 2, 8, 1, 12, 4]",704.5,2.4640297889709473
"[18, 17, 6, 16, 5, 14, 7, 10, 3, 11, 13, 0, 19, 15, 9, 2, 8, 1, 12, 4]",704.5,"[18, 17, 6, 16, 5, 14, 7, 10, 3, 11, 13, 0, 19, 15, 9, 2, 8, 1, 12, 4]",704.5,2.5281741619110107
"[18, 17, 6, 16, 5, 14, 7, 10, 3, 11, 13, 0, 19, 15, 9, 2, 8, 1, 12, 4]",704.5,"[18, 17, 6, 16, 5, 14, 7, 10, 3, 11, 13, 0, 19, 15, 9, 2, 8, 1, 12, 4]",704.5,2.592029094696045
"[18, 17, 6, 16, 5, 14, 7, 10, 3, 11, 13, 0, 19, 15, 9, 2, 8, 1, 12, 4]",704.5,"[18, 17, 6, 16, 5, 14, 7, 10, 3, 11, 13, 0, 19, 15, 9, 2, 8, 1, 12, 4]",704.5,2.657028913497925
"[18, 17, 6, 16, 5, 14, 7, 10, 3, 11, 13, 0, 19, 15, 9, 2, 8, 1, 12, 4]",704.5,"[18, 17, 6, 16, 5, 14, 7, 10, 3, 11, 13, 0, 19, 15, 9, 2, 8, 1, 12, 4]",704.5,2.720029354095459
"[18, 17, 6, 16, 5, 14, 7, 10, 3, 11, 13, 0, 19, 15, 9, 2, 8, 1, 12, 4]",704.5,"[18, 17, 6, 16, 5, 14, 7, 10, 3, 11, 13, 0, 19, 15, 9, 2, 8, 1, 12, 4]",704.5,2.781032085418701
"[18, 17, 6, 16, 5, 14, 7, 10, 3, 11, 13, 0, 19, 15, 9, 2, 8, 1, 12, 4]",704.5,"[18, 17, 6, 16, 5, 14, 7, 10, 3, 11, 13, 0, 19, 15, 9, 2, 8, 1, 12, 4]",704.5,2.8450400829315186
"[18, 17, 6, 16, 5, 14, 7, 10, 3, 11, 13, 0, 19, 15, 9, 2, 8, 1, 12, 4]",704.5,"[18, 17, 6, 16, 5, 14, 7, 10, 3, 11, 13, 0, 19, 15, 9, 2, 8, 1, 12, 4]",704.5,2.90903377532959
"[18, 17, 6, 16, 5, 14, 7, 10, 3, 11, 13, 0, 19, 15, 9, 2, 8, 1, 12, 4]",704.5,"[18, 17, 6, 16, 5, 14, 7, 10, 3, 11, 13, 0, 19, 15, 9, 2, 8, 1, 12, 4]",704.5,2.9720356464385986
"[18, 17, 6, 16, 5, 14, 7, 10, 3, 11, 13, 0, 19, 15, 9, 2, 8, 1, 12, 4]",704.5,"[18, 17, 6, 16, 5, 14, 7, 10, 3, 11, 13, 0, 19, 15, 9, 2, 8, 1, 12, 4]",704.5,3.036043405532837
"[18, 17, 6, 16, 5, 14, 7, 10, 3, 11, 13, 0, 19, 15, 9, 2, 8, 1, 12, 4]",704.5,"[18, 17, 6, 16, 5, 14, 7, 10, 3, 11, 13, 0, 19, 15, 9, 2, 8, 1, 12, 4]",704.5,3.100038766860962
"[18, 17, 6, 16, 5, 14, 7, 10, 3, 11, 13, 0, 19, 15, 9, 2, 8, 1, 12, 4]",704.5,"[18, 17, 6, 16, 5, 14, 7, 10, 3, 11, 13, 0, 19, 15, 9, 2, 8, 1, 12, 4]",704.5,3.162039041519165
"[18, 17, 6, 16, 5, 14, 7, 10, 3, 11, 13, 0, 19, 15, 9, 2, 8, 1, 12, 4]",704.5,"[18, 17, 6, 16, 5, 14, 7, 10, 3, 11, 13, 0, 19, 15, 9, 2, 8, 1, 12, 4]",704.5,3.2240402698516846
"[18, 17, 6, 16, 5, 14, 7, 10, 3, 11, 13, 0, 19, 15, 9, 2, 8, 1, 12, 4]",704.5,"[18, 17, 6, 16, 5, 14, 7, 10, 3, 11, 13, 0, 19, 15, 9, 2, 8, 1, 12, 4]",704.5,3.288039445877075
"[18, 17, 6, 16, 5, 14, 7, 10, 3, 11, 13, 0, 19, 15, 9, 2, 8, 1, 12, 4]",704.5,"[18, 17, 6, 16, 5, 14, 7, 10, 3, 11, 13, 0, 19, 15, 9, 2, 8, 1, 12, 4]",704.5,3.351036310195923
"[18, 17, 6, 16, 5, 14, 7, 10, 3, 11, 13, 0, 19, 15, 9, 2, 8, 1, 12, 4]",704.5,"[18, 17, 6, 16, 5, 14, 7, 10, 3, 11, 13, 0, 19, 15, 9, 2, 8, 1, 12, 4]",704.5,3.4160375595092773
"[18, 17, 6, 16, 5, 14, 7, 10, 3, 11, 13, 0, 19, 15, 9, 2, 8, 1, 12, 4]",704.5,"[18, 17, 6, 16, 5, 14, 7, 10, 3, 11, 13, 0, 19, 15, 9, 2, 8, 1, 12, 4]",704.5,3.4800424575805664
"[18, 17, 6, 16, 5, 14, 7, 10, 3, 11, 13, 0, 19, 15, 9, 2, 8, 1, 12, 4]",704.5,"[18, 17, 6, 16, 5, 14, 7, 10, 3, 11, 13, 0, 19, 15, 9, 2, 8, 1, 12, 4]",704.5,3.5450408458709717
"[18, 17, 6, 16, 5, 14, 7, 10, 3, 11, 13, 0, 19, 15, 9, 2, 8, 1, 12, 4]",704.5,"[18, 17, 6, 16, 5, 14, 7, 10, 3, 11, 13, 0, 19, 15, 9, 2, 8, 1, 12, 4]",704.5,3.6120426654815674
"[18, 17, 6, 16, 5, 14, 7, 10, 3, 11, 13, 0, 19, 15, 9, 2, 8, 1, 12, 4]",704.5,"[18, 17, 6, 16, 5, 14, 7, 10, 3, 11, 13, 0, 19, 15, 9, 2, 8, 1, 12, 4]",704.5,3.6780388355255127
"[18, 17, 6, 16, 5, 14, 7, 10, 3, 11, 13, 0, 19, 15, 9, 2, 8, 1, 12, 4]",704.5,"[18, 17, 6, 16, 5, 14, 7, 10, 3, 11, 13, 0, 19, 15, 9, 2, 8, 1, 12, 4]",704.5,3.743044376373291
"[18, 17, 6, 16, 5, 14, 7, 10, 3, 11, 13, 0, 19, 15, 9, 2, 8, 1, 12, 4]",704.5,"[18, 17, 6, 16, 5, 14, 7, 10, 3, 11, 13, 0, 19, 15, 9, 2, 8, 1, 12, 4]",704.5,3.8070452213287354
"[18, 17, 6, 16, 5, 14, 7, 10, 3, 11, 8, 0, 19, 15, 9, 2, 13, 1, 12, 4]",704.0,"[18, 17, 6, 16, 5, 14, 7, 10, 3, 11, 8, 0, 19, 15, 9, 2, 13, 1, 12, 4]",704.0,3.871046781539917
"[18, 17, 6, 16, 5, 14, 7, 10, 3, 11, 8, 0, 19, 15, 9, 2, 13, 1, 12, 4]",704.0,"[18, 17, 6, 16, 5, 14, 7, 10, 3, 11, 8, 0, 19, 15, 9, 2, 13, 1, 12, 4]",704.0,3.9340462684631348
"[18, 17, 6, 16, 5, 14, 7, 10, 3, 11, 8, 0, 19, 15, 9, 2, 13, 1, 12, 4]",704.0,"[18, 17, 6, 16, 5, 14, 7, 10, 3, 11, 8, 0, 19, 15, 9, 2, 13, 1, 12, 4]",704.0,3.9980459213256836
"[18, 17, 6, 16, 5, 14, 7, 10, 3, 11, 8, 0, 19, 15, 9, 2, 13, 1, 12, 4]",704.0,"[18, 17, 6, 16, 5, 14, 7, 10, 3, 11, 8, 0, 19, 15, 9, 2, 13, 1, 12, 4]",704.0,4.0620481967926025
"[18, 17, 6, 16, 5, 14, 7, 10, 3, 11, 8, 0, 19, 15, 9, 2, 13, 1, 12, 4]",704.0,"[18, 17, 6, 16, 5, 14, 7, 10, 3, 11, 8, 0, 19, 15, 9, 2, 13, 1, 12, 4]",704.0,4.127048969268799
"[18, 17, 6, 16, 5, 14, 7, 10, 3, 11, 8, 0, 19, 15, 9, 2, 13, 1, 12, 4]",704.0,"[18, 17, 6, 16, 5, 14, 7, 10, 3, 11, 8, 0, 19, 15, 9, 2, 13, 1, 12, 4]",704.0,4.1930553913116455
"[18, 17, 6, 16, 5, 14, 7, 10, 3, 11, 8, 0, 19, 15, 1, 2, 13, 9, 12, 4]",703.5,"[18, 17, 6, 16, 5, 14, 7, 10, 3, 11, 8, 0, 19, 15, 1, 2, 13, 9, 12, 4]",703.5,4.258053541183472
"[18, 17, 6, 16, 5, 14, 7, 10, 3, 11, 8, 0, 19, 15, 1, 2, 13, 9, 12, 4]",703.5,"[18, 17, 6, 16, 5, 14, 7, 10, 3, 11, 8, 0, 19, 15, 1, 2, 13, 9, 12, 4]",703.5,4.324072599411011
"[18, 17, 6, 16, 5, 14, 7, 10, 3, 11, 8, 0, 19, 15, 1, 2, 13, 9, 12, 4]",703.5,"[18, 17, 6, 16, 5, 14, 7, 10, 3, 11, 8, 0, 19, 15, 1, 2, 13, 9, 12, 4]",703.5,4.390053033828735
"[18, 17, 6, 16, 5, 14, 7, 10, 3, 11, 8, 0, 19, 15, 1, 2, 13, 9, 12, 4]",703.5,"[18, 17, 6, 16, 5, 14, 7, 10, 3, 11, 8, 0, 19, 15, 1, 2, 13, 9, 12, 4]",703.5,4.453055143356323
"[18, 17, 6, 16, 5, 14, 7, 10, 3, 11, 8, 0, 19, 15, 1, 2, 13, 9, 12, 4]",703.5,"[18, 17, 6, 16, 5, 14, 7, 10, 3, 11, 8, 0, 19, 15, 1, 2, 13, 9, 12, 4]",703.5,4.5180535316467285
"[18, 17, 6, 16, 5, 14, 7, 10, 3, 11, 8, 0, 19, 15, 1, 2, 13, 9, 12, 4]",703.5,"[18, 17, 6, 16, 5, 14, 7, 10, 3, 11, 8, 0, 19, 15, 1, 2, 13, 9, 12, 4]",703.5,4.58305287361145
"[18, 17, 6, 16, 5, 3, 7, 10, 14, 11, 8, 0, 19, 15, 1, 2, 13, 9, 12, 4]",702.0,"[18, 17, 6, 16, 5, 3, 7, 10, 14, 11, 8, 0, 19, 15, 1, 2, 13, 9, 12, 4]",702.0,4.645052671432495
"[18, 17, 6, 16, 5, 3, 7, 10, 14, 11, 8, 0, 19, 15, 1, 2, 13, 9, 12, 4]",702.0,"[18, 17, 6, 16, 5, 3, 7, 10, 14, 11, 8, 0, 19, 15, 1, 2, 13, 9, 12, 4]",702.0,4.707054853439331
"[18, 17, 6, 16, 5, 3, 7, 10, 14, 11, 8, 0, 19, 15, 1, 2, 13, 9, 12, 4]",702.0,"[18, 17, 6, 16, 5, 3, 7, 10, 14, 11, 8, 0, 19, 15, 1, 2, 13, 9, 12, 4]",702.0,4.771054267883301
"[18, 17, 6, 16, 5, 3, 7, 10, 14, 11, 8, 0, 19, 15, 1, 2, 13, 9, 12, 4]",702.0,"[18, 17, 6, 16, 5, 3, 7, 10, 14, 11, 8, 0, 19, 15, 1, 2, 13, 9, 12, 4]",702.0,4.834064483642578
"[18, 17, 6, 16, 5, 3, 7, 10, 14, 11, 8, 0, 19, 15, 1, 2, 13, 9, 12, 4]",702.0,"[18, 17, 6, 16, 5, 3, 7, 10, 14, 11, 8, 0, 19, 15, 1, 2, 13, 9, 12, 4]",702.0,4.900060415267944
"[18, 17, 6, 16, 5, 3, 7, 10, 14, 11, 8, 0, 19, 15, 1, 2, 13, 9, 12, 4]",702.0,"[18, 17, 6, 16, 5, 3, 7, 10, 14, 11, 8, 0, 19, 15, 1, 2, 13, 9, 12, 4]",702.0,4.9660608768463135
"[18, 17, 6, 16, 5, 3, 7, 10, 14, 11, 8, 0, 19, 15, 1, 2, 13, 9, 12, 4]",702.0,"[18, 17, 6, 16, 5, 3, 7, 10, 14, 11, 8, 0, 19, 15, 1, 2, 13, 9, 12, 4]",702.0,5.030059576034546
"[18, 17, 6, 16, 5, 3, 7, 10, 14, 11, 8, 0, 19, 15, 1, 2, 13, 9, 12, 4]",702.0,"[18, 17, 6, 16, 5, 3, 7, 10, 14, 11, 8, 0, 19, 15, 1, 2, 13, 9, 12, 4]",702.0,5.093066930770874
"[18, 17, 6, 16, 5, 3, 7, 10, 14, 11, 8, 0, 19, 15, 1, 2, 13, 9, 12, 4]",702.0,"[18, 17, 6, 16, 5, 3, 7, 10, 14, 11, 8, 0, 19, 15, 1, 2, 13, 9, 12, 4]",702.0,5.16005802154541
"[18, 17, 6, 16, 5, 3, 7, 10, 14, 11, 8, 0, 19, 15, 1, 2, 13, 9, 12, 4]",702.0,"[18, 17, 6, 16, 5, 3, 7, 10, 14, 11, 8, 0, 19, 15, 1, 2, 13, 9, 12, 4]",702.0,5.22406268119812
"[18, 17, 6, 16, 5, 3, 7, 10, 14, 11, 8, 0, 19, 15, 1, 2, 13, 9, 12, 4]",702.0,"[18, 17, 6, 16, 5, 3, 7, 10, 14, 11, 8, 0, 19, 15, 1, 2, 13, 9, 12, 4]",702.0,5.290062189102173
"[18, 17, 6, 16, 5, 3, 7, 10, 14, 11, 8, 0, 19, 15, 1, 2, 13, 9, 12, 4]",702.0,"[18, 17, 6, 16, 5, 3, 7, 10, 14, 11, 8, 0, 19, 15, 1, 2, 13, 9, 12, 4]",702.0,5.355066299438477
"[18, 17, 6, 16, 5, 3, 7, 10, 14, 11, 8, 0, 19, 15, 1, 2, 13, 9, 12, 4]",702.0,"[18, 17, 6, 16, 5, 3, 7, 10, 14, 11, 8, 0, 19, 15, 1, 2, 13, 9, 12, 4]",702.0,5.419068813323975
"[18, 17, 6, 16, 5, 3, 7, 10, 14, 11, 8, 0, 19, 15, 1, 2, 13, 9, 12, 4]",702.0,"[18, 17, 6, 16, 5, 3, 7, 10, 14, 11, 8, 0, 19, 15, 1, 2, 13, 9, 12, 4]",702.0,5.483063459396362
"[18, 17, 6, 16, 5, 3, 7, 10, 14, 11, 8, 0, 19, 15, 1, 2, 13, 9, 12, 4]",702.0,"[18, 17, 6, 16, 5, 3, 7, 10, 14, 11, 8, 0, 19, 15, 1, 2, 13, 9, 12, 4]",702.0,5.5470664501190186
"[18, 17, 6, 16, 5, 3, 7, 10, 14, 11, 8, 0, 19, 15, 1, 2, 13, 9, 12, 4]",702.0,"[18, 17, 6, 16, 5, 3, 7, 10, 14, 11, 8, 0, 19, 15, 1, 2, 13, 9, 12, 4]",702.0,5.61007022857666
"[18, 17, 6, 16, 5, 3, 7, 10, 14, 11, 8, 0, 19, 15, 1, 2, 13, 9, 12, 4]",702.0,"[18, 17, 6, 16, 5, 3, 7, 10, 14, 11, 8, 0, 19, 15, 1, 2, 13, 9, 12, 4]",702.0,5.675069093704224
"[18, 17, 6, 16, 5, 3, 7, 10, 14, 11, 8, 0, 19, 15, 1, 2, 13, 9, 12, 4]",702.0,"[18, 17, 6, 16, 5, 3, 7, 10, 14, 11, 8, 0, 19, 15, 1, 2, 13, 9, 12, 4]",702.0,5.7430665493011475
"[18, 17, 6, 16, 5, 3, 7, 10, 14, 11, 8, 0, 19, 15, 1, 2, 13, 9, 12, 4]",702.0,"[18, 17, 6, 16, 5, 3, 7, 10, 14, 11, 8, 0, 19, 15, 1, 2, 13, 9, 12, 4]",702.0,5.8070690631866455
"[18, 17, 6, 16, 5, 3, 7, 10, 14, 11, 8, 0, 19, 15, 1, 2, 13, 9, 12, 4]",702.0,"[18, 17, 6, 16, 5, 3, 7, 10, 14, 11, 8, 0, 19, 15, 1, 2, 13, 9, 12, 4]",702.0,5.871070384979248
"[18, 17, 6, 16, 5, 3, 7, 10, 14, 11, 8, 0, 19, 15, 1, 2, 13, 9, 12, 4]",702.0,"[18, 17, 6, 16, 5, 3, 7, 10, 14, 11, 8, 0, 19, 15, 1, 2, 13, 9, 12, 4]",702.0,5.93507719039917
"[18, 17, 6, 16, 5, 3, 7, 10, 14, 11, 8, 0, 19, 15, 1, 2, 13, 9, 12, 4]",702.0,"[18, 17, 6, 16, 5, 3, 7, 10, 14, 11, 8, 0, 19, 15, 1, 2, 13, 9, 12, 4]",702.0,6.000071287155151
"[18, 17, 6, 16, 5, 3, 7, 10, 14, 11, 8, 0, 19, 15, 1, 2, 13, 9, 12, 4]",702.0,"[18, 17, 6, 16, 5, 3, 7, 10, 14, 11, 8, 0, 19, 15, 1, 2, 13, 9, 12, 4]",702.0,6.065069675445557
"[18, 17, 6, 16, 5, 3, 7, 10, 14, 11, 8, 0, 19, 15, 1, 2, 13, 9, 12, 4]",702.0,"[18, 17, 6, 16, 5, 3, 7, 10, 14, 11, 8, 0, 19, 15, 1, 2, 13, 9, 12, 4]",702.0,6.130141735076904
"[18, 17, 6, 16, 5, 3, 7, 10, 14, 11, 8, 0, 19, 15, 1, 2, 13, 9, 12, 4]",702.0,"[18, 17, 6, 16, 5, 3, 7, 10, 14, 11, 8, 0, 19, 15, 1, 2, 13, 9, 12, 4]",702.0,6.193074703216553
"[18, 17, 6, 16, 5, 3, 7, 10, 14, 11, 8, 0, 19, 15, 1, 2, 13, 9, 12, 4]",702.0,"[18, 17, 6, 16, 5, 3, 7, 10, 14, 11, 8, 0, 19, 15, 1, 2, 13, 9, 12, 4]",702.0,6.259071588516235
"[18, 17, 6, 16, 5, 3, 7, 10, 14, 11, 8, 0, 19, 15, 1, 2, 13, 9, 12, 4]",702.0,"[18, 17, 6, 16, 5, 3, 7, 10, 14, 11, 8, 0, 19, 15, 1, 2, 13, 9, 12, 4]",702.0,6.328077077865601
"[18, 17, 6, 16, 5, 3, 7, 10, 14, 11, 8, 0, 19, 15, 1, 2, 13, 9, 12, 4]",702.0,"[18, 17, 6, 16, 5, 3, 7, 10, 14, 11, 8, 0, 19, 15, 1, 2, 13, 9, 12, 4]",702.0,6.395076513290405
"[18, 17, 6, 16, 5, 3, 7, 10, 14, 11, 8, 0, 19, 15, 1, 2, 13, 9, 12, 4]",702.0,"[18, 17, 6, 16, 5, 3, 7, 10, 14, 11, 8, 0, 19, 15, 1, 2, 13, 9, 12, 4]",702.0,6.459076404571533
"[18, 17, 6, 16, 5, 3, 7, 10, 14, 11, 8, 0, 19, 15, 1, 2, 13, 9, 12, 4]",702.0,"[18, 17, 6, 16, 5, 3, 7, 10, 14, 11, 8, 0, 19, 15, 1, 2, 13, 9, 12, 4]",702.0,6.526081800460815
"[18, 17, 6, 16, 5, 3, 7, 10, 14, 11, 8, 0, 19, 15, 1, 2, 13, 9, 12, 4]",702.0,"[18, 17, 6, 16, 5, 3, 7, 10, 14, 11, 8, 0, 19, 15, 1, 2, 13, 9, 12, 4]",702.0,6.593077182769775
"[18, 17, 6, 16, 5, 3, 7, 10, 14, 11, 8, 0, 19, 15, 1, 2, 13, 9, 12, 4]",702.0,"[18, 17, 6, 16, 5, 3, 7, 10, 14, 11, 8, 0, 19, 15, 1, 2, 13, 9, 12, 4]",702.0,6.657079458236694
"[18, 17, 6, 16, 5, 3, 7, 10, 14, 11, 8, 0, 19, 15, 1, 2, 13, 9, 12, 4]",702.0,"[18, 17, 6, 16, 5, 3, 7, 10, 14, 11, 8, 0, 19, 15, 1, 2, 13, 9, 12, 4]",702.0,6.724085330963135
"[18, 17, 6, 16, 5, 3, 7, 10, 14, 11, 8, 0, 19, 15, 1, 2, 13, 9, 12, 4]",702.0,"[18, 17, 6, 16, 5, 3, 7, 10, 14, 11, 8, 0, 19, 15, 1, 2, 13, 9, 12, 4]",702.0,6.791080474853516
"[18, 17, 6, 16, 5, 3, 7, 10, 14, 11, 8, 0, 19, 15, 1, 2, 13, 9, 12, 4]",702.0,"[18, 17, 6, 16, 5, 3, 7, 10, 14, 11, 8, 0, 19, 15, 1, 2, 13, 9, 12, 4]",702.0,6.858083009719849
"[18, 17, 6, 16, 5, 3, 7, 10, 14, 11, 8, 0, 19, 15, 1, 2, 13, 9, 12, 4]",702.0,"[18, 17, 6, 16, 5, 3, 7, 10, 14, 11, 8, 0, 19, 15, 1, 2, 13, 9, 12, 4]",702.0,6.927080154418945
"[18, 17, 6, 16, 5, 3, 7, 10, 14, 11, 8, 0, 19, 15, 1, 2, 13, 9, 12, 4]",702.0,"[18, 17, 6, 16, 5, 3, 7, 10, 14, 11, 8, 0, 19, 15, 1, 2, 13, 9, 12, 4]",702.0,6.99108362197876
"[18, 17, 6, 16, 5, 3, 7, 10, 14, 11, 8, 0, 19, 15, 1, 2, 13, 9, 12, 4]",702.0,"[18, 17, 6, 16, 5, 3, 7, 10, 14, 11, 8, 0, 19, 15, 1, 2, 13, 9, 12, 4]",702.0,7.054078578948975
"[18, 17, 6, 16, 5, 3, 7, 10, 14, 11, 8, 0, 19, 15, 1, 2, 13, 9, 12, 4]",702.0,"[18, 17, 6, 16, 5, 3, 7, 10, 14, 11, 8, 0, 19, 15, 1, 2, 13, 9, 12, 4]",702.0,7.118088483810425
"[18, 17, 6, 16, 5, 3, 7, 10, 14, 11, 8, 0, 19, 15, 1, 2, 13, 9, 12, 4]",702.0,"[18, 17, 6, 16, 5, 3, 7, 10, 14, 11, 8, 0, 19, 15, 1, 2, 13, 9, 12, 4]",702.0,7.183082103729248
"[18, 17, 6, 16, 5, 3, 7, 10, 14, 11, 8, 0, 19, 15, 1, 2, 13, 9, 12, 4]",702.0,"[18, 17, 6, 16, 5, 3, 7, 10, 14, 11, 8, 0, 19, 15, 1, 2, 13, 9, 12, 4]",702.0,7.249083518981934
"[18, 17, 6, 16, 5, 3, 7, 10, 14, 11, 8, 0, 19, 15, 1, 2, 13, 9, 12, 4]",702.0,"[18, 17, 6, 16, 5, 3, 7, 10, 14, 11, 8, 0, 19, 15, 1, 2, 13, 9, 12, 4]",702.0,7.3141770362854
"[18, 17, 6, 16, 5, 3, 7, 10, 14, 11, 8, 0, 19, 15, 1, 2, 13, 9, 12, 4]",702.0,"[18, 17, 6, 16, 5, 3, 7, 10, 14, 11, 8, 0, 19, 15, 1, 2, 13, 9, 12, 4]",702.0,7.379086017608643
"[18, 17, 6, 16, 5, 3, 7, 10, 14, 11, 8, 0, 19, 15, 1, 2, 13, 9, 12, 4]",702.0,"[18, 17, 6, 16, 5, 3, 7, 10, 14, 11, 8, 0, 19, 15, 1, 2, 13, 9, 12, 4]",702.0,7.4440882205963135
"[18, 17, 6, 16, 5, 3, 7, 10, 14, 11, 8, 0, 19, 15, 1, 2, 13, 9, 12, 4]",702.0,"[18, 17, 6, 16, 5, 3, 7, 10, 14, 11, 8, 0, 19, 15, 1, 2, 13, 9, 12, 4]",702.0,7.508090972900391
"[18, 17, 6, 16, 5, 3, 7, 10, 14, 11, 8, 0, 19, 15, 1, 2, 13, 9, 12, 4]",702.0,"[18, 17, 6, 16, 5, 3, 7, 10, 14, 11, 8, 0, 19, 15, 1, 2, 13, 9, 12, 4]",702.0,7.572086811065674
"[18, 17, 6, 16, 5, 3, 7, 10, 14, 11, 8, 0, 19, 15, 1, 2, 13, 9, 12, 4]",702.0,"[18, 17, 6, 16, 5, 3, 7, 10, 14, 11, 8, 0, 19, 15, 1, 2, 13, 9, 12, 4]",702.0,7.635090589523315
"[18, 17, 6, 16, 5, 3, 7, 10, 14, 11, 8, 0, 19, 15, 1, 2, 13, 9, 12, 4]",702.0,"[18, 17, 6, 16, 5, 3, 7, 10, 14, 11, 8, 0, 19, 15, 1, 2, 13, 9, 12, 4]",702.0,7.700093507766724
"[18, 17, 6, 16, 5, 3, 7, 10, 14, 11, 8, 0, 19, 15, 1, 2, 13, 9, 12, 4]",702.0,"[18, 17, 6, 16, 5, 3, 7, 10, 14, 11, 8, 0, 19, 15, 1, 2, 13, 9, 12, 4]",702.0,7.7620954513549805
"[18, 17, 6, 16, 5, 3, 7, 10, 14, 11, 8, 0, 19, 15, 1, 2, 13, 9, 12, 4]",702.0,"[18, 17, 6, 16, 5, 3, 7, 10, 14, 11, 8, 0, 19, 15, 1, 2, 13, 9, 12, 4]",702.0,7.826092958450317
"[18, 17, 6, 16, 5, 3, 7, 10, 14, 11, 8, 0, 19, 15, 1, 2, 13, 9, 12, 4]",702.0,"[18, 17, 6, 16, 5, 3, 7, 10, 14, 11, 8, 0, 19, 15, 1, 2, 13, 9, 12, 4]",702.0,7.892104864120483
"[18, 17, 6, 16, 5, 3, 7, 10, 14, 11, 8, 0, 19, 15, 1, 2, 13, 9, 12, 4]",702.0,"[18, 17, 6, 16, 5, 3, 7, 10, 14, 11, 8, 0, 19, 15, 1, 2, 13, 9, 12, 4]",702.0,7.96009373664856
"[18, 17, 6, 16, 5, 3, 7, 10, 14, 11, 8, 0, 19, 15, 1, 2, 13, 9, 12, 4]",702.0,"[18, 17, 6, 16, 5, 3, 7, 10, 14, 11, 8, 0, 19, 15, 1, 2, 13, 9, 12, 4]",702.0,8.025097131729126
"[18, 17, 6, 16, 5, 3, 7, 10, 14, 11, 8, 0, 19, 15, 1, 2, 13, 9, 12, 4]",702.0,"[18, 17, 6, 16, 5, 3, 7, 10, 14, 11, 8, 0, 19, 15, 1, 2, 13, 9, 12, 4]",702.0,8.088093519210815
"[18, 17, 6, 16, 5, 3, 7, 10, 14, 11, 8, 0, 19, 15, 1, 2, 13, 9, 12, 4]",702.0,"[18, 17, 6, 16, 5, 3, 7, 10, 14, 11, 8, 0, 19, 15, 1, 2, 13, 9, 12, 4]",702.0,8.152097940444946
"[18, 17, 6, 16, 5, 3, 7, 10, 14, 11, 8, 0, 19, 15, 1, 2, 13, 9, 12, 4]",702.0,"[18, 17, 6, 16, 5, 3, 7, 10, 14, 11, 8, 0, 19, 15, 1, 2, 13, 9, 12, 4]",702.0,8.218097448348999
"[18, 17, 6, 16, 5, 3, 7, 10, 14, 11, 8, 0, 19, 15, 1, 2, 13, 9, 12, 4]",702.0,"[18, 17, 6, 16, 5, 3, 7, 10, 14, 11, 8, 0, 19, 15, 1, 2, 13, 9, 12, 4]",702.0,8.283101320266724
"[18, 17, 6, 16, 5, 3, 7, 10, 14, 11, 8, 0, 19, 15, 1, 2, 13, 9, 12, 4]",702.0,"[18, 17, 6, 16, 5, 3, 7, 10, 14, 11, 8, 0, 19, 15, 1, 2, 13, 9, 12, 4]",702.0,8.349096536636353
"[18, 17, 6, 16, 5, 3, 7, 10, 14, 11, 8, 0, 19, 15, 1, 2, 13, 9, 12, 4]",702.0,"[18, 17, 6, 16, 5, 3, 7, 10, 14, 11, 8, 0, 19, 15, 1, 2, 13, 9, 12, 4]",702.0,8.413137435913086
"[18, 17, 6, 16, 5, 3, 7, 10, 14, 11, 8, 0, 19, 15, 1, 2, 13, 9, 12, 4]",702.0,"[18, 17, 6, 16, 5, 3, 7, 10, 14, 11, 8, 0, 19, 15, 1, 2, 13, 9, 12, 4]",702.0,8.480100154876709
"[18, 17, 6, 16, 5, 3, 7, 10, 14, 11, 8, 0, 19, 15, 1, 2, 13, 9, 12, 4]",702.0,"[18, 17, 6, 16, 5, 3, 7, 10, 14, 11, 8, 0, 19, 15, 1, 2, 13, 9, 12, 4]",702.0,8.546101331710815
"[18, 17, 6, 16, 5, 3, 7, 10, 14, 11, 8, 0, 19, 15, 1, 2, 13, 9, 12, 4]",702.0,"[18, 17, 6, 16, 5, 3, 7, 10, 14, 11, 8, 0, 19, 15, 1, 2, 13, 9, 12, 4]",702.0,8.609100818634033
"[18, 17, 6, 16, 5, 3, 7, 10, 14, 11, 8, 0, 19, 15, 1, 2, 13, 9, 12, 4]",702.0,"[18, 17, 6, 16, 5, 3, 7, 10, 14, 11, 8, 0, 19, 15, 1, 2, 13, 9, 12, 4]",702.0,8.675111770629883
"[18, 17, 6, 16, 5, 3, 7, 10, 14, 11, 8, 0, 19, 15, 1, 2, 13, 9, 12, 4]",702.0,"[18, 17, 6, 16, 5, 3, 7, 10, 14, 11, 8, 0, 19, 15, 1, 2, 13, 9, 12, 4]",702.0,8.739100694656372
"[18, 17, 6, 16, 5, 3, 7, 10, 14, 11, 8, 0, 19, 15, 1, 2, 13, 9, 12, 4]",702.0,"[18, 17, 6, 16, 5, 3, 7, 10, 14, 11, 8, 0, 19, 15, 1, 2, 13, 9, 12, 4]",702.0,8.807106733322144
"[18, 17, 6, 16, 5, 3, 7, 10, 14, 11, 8, 0, 19, 15, 1, 2, 13, 9, 12, 4]",702.0,"[18, 17, 6, 16, 5, 3, 7, 10, 14, 11, 8, 0, 19, 15, 1, 2, 13, 9, 12, 4]",702.0,8.87217092514038
"[18, 17, 6, 16, 5, 3, 7, 10, 14, 11, 8, 0, 19, 15, 1, 2, 13, 9, 12, 4]",702.0,"[18, 17, 6, 16, 5, 3, 7, 10, 14, 11, 8, 0, 19, 15, 1, 2, 13, 9, 12, 4]",702.0,8.934108018875122
"[18, 17, 6, 16, 5, 3, 7, 10, 14, 11, 8, 0, 19, 15, 1, 2, 13, 9, 12, 4]",702.0,"[18, 17, 6, 16, 5, 3, 7, 10, 14, 11, 8, 0, 19, 15, 1, 2, 13, 9, 12, 4]",702.0,9.000104188919067
"[18, 17, 6, 16, 5, 3, 7, 10, 14, 11, 8, 0, 19, 15, 1, 2, 13, 9, 12, 4]",702.0,"[18, 17, 6, 16, 5, 3, 7, 10, 14, 11, 8, 0, 19, 15, 1, 2, 13, 9, 12, 4]",702.0,9.064105033874512
"[18, 17, 6, 16, 5, 3, 7, 10, 14, 11, 8, 0, 19, 15, 1, 2, 13, 9, 12, 4]",702.0,"[18, 17, 6, 16, 5, 3, 7, 10, 14, 11, 8, 0, 19, 15, 1, 2, 13, 9, 12, 4]",702.0,9.157110214233398
"[18, 17, 6, 16, 5, 3, 7, 10, 14, 11, 8, 0, 19, 15, 1, 2, 13, 9, 12, 4]",702.0,"[18, 17, 6, 16, 5, 3, 7, 10, 14, 11, 8, 0, 19, 15, 1, 2, 13, 9, 12, 4]",702.0,9.221128225326538
"[18, 17, 6, 16, 5, 3, 7, 10, 14, 11, 8, 0, 19, 15, 1, 2, 13, 9, 12, 4]",702.0,"[18, 17, 6, 16, 5, 3, 7, 10, 14, 11, 8, 0, 19, 15, 1, 2, 13, 9, 12, 4]",702.0,9.287109136581421
"[18, 17, 6, 16, 5, 3, 7, 10, 14, 11, 8, 0, 19, 15, 1, 2, 13, 9, 12, 4]",702.0,"[18, 17, 6, 16, 5, 3, 7, 10, 14, 11, 8, 0, 19, 15, 1, 2, 13, 9, 12, 4]",702.0,9.353121995925903
"[18, 17, 6, 16, 5, 3, 7, 10, 14, 11, 8, 0, 19, 15, 1, 2, 13, 9, 12, 4]",702.0,"[18, 17, 6, 16, 5, 3, 7, 10, 14, 11, 8, 0, 19, 15, 1, 2, 13, 9, 12, 4]",702.0,9.418115139007568
"[18, 17, 6, 16, 5, 3, 7, 10, 14, 11, 8, 0, 19, 15, 1, 2, 13, 9, 12, 4]",702.0,"[18, 17, 6, 16, 5, 3, 7, 10, 14, 11, 8, 0, 19, 15, 1, 2, 13, 9, 12, 4]",702.0,9.48511815071106
"[18, 17, 6, 16, 5, 3, 7, 10, 14, 11, 8, 0, 19, 15, 1, 2, 13, 9, 12, 4]",702.0,"[18, 17, 6, 16, 5, 3, 7, 10, 14, 11, 8, 0, 19, 15, 1, 2, 13, 9, 12, 4]",702.0,9.552113771438599
"[18, 17, 6, 16, 5, 3, 7, 10, 14, 11, 8, 0, 19, 15, 1, 2, 13, 9, 12, 4]",702.0,"[18, 17, 6, 16, 5, 3, 7, 10, 14, 11, 8, 0, 19, 15, 1, 2, 13, 9, 12, 4]",702.0,9.619109153747559
"[18, 17, 6, 16, 5, 3, 7, 10, 14, 11, 8, 0, 19, 15, 1, 2, 13, 9, 12, 4]",702.0,"[18, 17, 6, 16, 5, 3, 7, 10, 14, 11, 8, 0, 19, 15, 1, 2, 13, 9, 12, 4]",702.0,9.684110641479492
"[18, 17, 6, 16, 5, 3, 7, 10, 14, 11, 8, 0, 19, 15, 1, 2, 13, 9, 12, 4]",702.0,"[18, 17, 6, 16, 5, 3, 7, 10, 14, 11, 8, 0, 19, 15, 1, 2, 13, 9, 12, 4]",702.0,9.750110864639282
"[18, 17, 6, 16, 5, 3, 7, 10, 14, 11, 8, 0, 19, 15, 1, 2, 13, 9, 12, 4]",702.0,"[18, 17, 6, 16, 5, 3, 7, 10, 14, 11, 8, 0, 19, 15, 1, 2, 13, 9, 12, 4]",702.0,9.815129041671753
"[18, 17, 6, 16, 5, 3, 7, 10, 14, 11, 8, 0, 19, 15, 1, 2, 13, 9, 12, 4]",702.0,"[18, 17, 6, 16, 5, 3, 7, 10, 14, 11, 8, 0, 19, 15, 1, 2, 13, 9, 12, 4]",702.0,9.880114316940308
"[18, 17, 6, 16, 5, 3, 7, 10, 14, 11, 8, 0, 19, 15, 1, 2, 13, 9, 12, 4]",702.0,"[18, 17, 6, 16, 5, 3, 7, 10, 14, 11, 8, 0, 19, 15, 1, 2, 13, 9, 12, 4]",702.0,9.947113513946533
"[18, 17, 6, 16, 5, 3, 7, 10, 14, 11, 8, 0, 19, 15, 1, 2, 13, 9, 12, 4]",702.0,"[18, 17, 6, 16, 5, 3, 7, 10, 14, 11, 8, 0, 19, 15, 1, 2, 13, 9, 12, 4]",702.0,10.010113716125488
"[18, 17, 6, 16, 5, 3, 7, 10, 14, 11, 8, 0, 19, 15, 1, 2, 13, 9, 12, 4]",702.0,"[18, 17, 6, 16, 5, 3, 7, 10, 14, 11, 8, 0, 19, 15, 1, 2, 13, 9, 12, 4]",702.0,10.075117588043213
"[18, 17, 6, 16, 5, 3, 7, 10, 14, 11, 8, 0, 19, 15, 1, 2, 13, 9, 12, 4]",702.0,"[18, 17, 6, 16, 5, 3, 7, 10, 14, 11, 8, 0, 19, 15, 1, 2, 13, 9, 12, 4]",702.0,10.139120817184448
"[18, 17, 6, 16, 5, 3, 7, 10, 14, 11, 8, 0, 19, 15, 1, 2, 13, 9, 12, 4]",702.0,"[18, 17, 6, 16, 5, 3, 7, 10, 14, 11, 8, 0, 19, 15, 1, 2, 13, 9, 12, 4]",702.0,10.204116106033325
"[18, 17, 6, 16, 5, 3, 7, 10, 14, 11, 8, 0, 19, 15, 1, 2, 13, 9, 12, 4]",702.0,"[18, 17, 6, 16, 5, 3, 7, 10, 14, 11, 8, 0, 19, 15, 1, 2, 13, 9, 12, 4]",702.0,10.268120288848877
"[18, 17, 6, 16, 5, 3, 7, 10, 14, 11, 8, 0, 19, 15, 1, 2, 13, 9, 12, 4]",702.0,"[18, 17, 6, 16, 5, 3, 7, 10, 14, 11, 8, 0, 19, 15, 1, 2, 13, 9, 12, 4]",702.0,10.331117630004883
"[18, 17, 6, 16, 5, 3, 7, 10, 14, 11, 8, 0, 19, 15, 1, 2, 13, 9, 12, 4]",702.0,"[18, 17, 6, 16, 5, 3, 7, 10, 14, 11, 8, 0, 19, 15, 1, 2, 13, 9, 12, 4]",702.0,10.400038957595825
"[18, 17, 6, 16, 5, 3, 7, 10, 14, 11, 8, 0, 19, 15, 1, 2, 13, 9, 12, 4]",702.0,"[18, 17, 6, 16, 5, 3, 7, 10, 14, 11, 8, 0, 19, 15, 1, 2, 13, 9, 12, 4]",702.0,10.465039730072021
"[18, 17, 6, 16, 5, 3, 7, 10, 14, 11, 8, 0, 19, 15, 1, 2, 13, 9, 12, 4]",702.0,"[18, 17, 6, 16, 5, 3, 7, 10, 14, 11, 8, 0, 19, 15, 1, 2, 13, 9, 12, 4]",702.0,10.530044794082642
"[18, 17, 6, 16, 5, 3, 7, 10, 14, 11, 8, 0, 19, 15, 1, 2, 13, 9, 12, 4]",702.0,"[18, 17, 6, 16, 5, 3, 7, 10, 14, 11, 8, 0, 19, 15, 1, 2, 13, 9, 12, 4]",702.0,10.596038579940796
"[18, 17, 6, 16, 5, 3, 7, 10, 14, 11, 8, 0, 19, 15, 1, 2, 13, 9, 12, 4]",702.0,"[18, 17, 6, 16, 5, 3, 7, 10, 14, 11, 8, 0, 19, 15, 1, 2, 13, 9, 12, 4]",702.0,10.661039113998413
"[18, 17, 6, 16, 5, 3, 7, 10, 14, 11, 8, 0, 19, 15, 1, 2, 13, 9, 12, 4]",702.0,"[18, 17, 6, 16, 5, 3, 7, 10, 14, 11, 8, 0, 19, 15, 1, 2, 13, 9, 12, 4]",702.0,10.724040269851685
"[18, 17, 6, 16, 5, 3, 7, 10, 14, 11, 8, 0, 19, 15, 1, 2, 13, 9, 12, 4]",702.0,"[18, 17, 6, 16, 5, 3, 7, 10, 14, 11, 8, 0, 19, 15, 1, 2, 13, 9, 12, 4]",702.0,10.791043281555176
"[18, 17, 6, 16, 5, 3, 7, 10, 14, 11, 8, 0, 19, 15, 1, 2, 13, 9, 12, 4]",702.0,"[18, 17, 6, 16, 5, 3, 7, 10, 14, 11, 8, 0, 19, 15, 1, 2, 13, 9, 12, 4]",702.0,10.861043214797974
"[18, 17, 6, 16, 5, 3, 7, 10, 14, 11, 8, 0, 19, 15, 1, 2, 13, 9, 12, 4]",702.0,"[18, 17, 6, 16, 5, 3, 7, 10, 14, 11, 8, 0, 19, 15, 1, 2, 13, 9, 12, 4]",702.0,10.929044008255005
"[18, 17, 6, 16, 5, 3, 7, 10, 14, 11, 8, 0, 19, 15, 1, 2, 13, 9, 12, 4]",702.0,"[18, 17, 6, 16, 5, 3, 7, 10, 14, 11, 8, 0, 19, 15, 1, 2, 13, 9, 12, 4]",702.0,10.996047496795654
"[18, 17, 6, 16, 5, 3, 7, 10, 14, 11, 8, 0, 19, 15, 1, 2, 13, 9, 12, 4]",702.0,"[18, 17, 6, 16, 5, 3, 7, 10, 14, 11, 8, 0, 19, 15, 1, 2, 13, 9, 12, 4]",702.0,11.061043977737427
"[18, 17, 6, 16, 5, 3, 7, 10, 14, 11, 8, 0, 19, 15, 1, 2, 13, 9, 12, 4]",702.0,"[18, 17, 6, 16, 5, 3, 7, 10, 14, 11, 8, 0, 19, 15, 1, 2, 13, 9, 12, 4]",702.0,11.13004732131958
"[18, 17, 6, 16, 5, 3, 7, 10, 14, 11, 8, 0, 19, 15, 1, 2, 13, 9, 12, 4]",702.0,"[18, 17, 6, 16, 5, 3, 7, 10, 14, 11, 8, 0, 19, 15, 1, 2, 13, 9, 12, 4]",702.0,11.192049741744995
"[18, 17, 6, 16, 5, 3, 7, 10, 14, 11, 8, 0, 19, 15, 1, 2, 13, 9, 12, 4]",702.0,"[18, 17, 6, 16, 5, 3, 7, 10, 14, 11, 8, 0, 19, 15, 1, 2, 13, 9, 12, 4]",702.0,11.259048223495483
"[18, 17, 6, 16, 5, 3, 7, 10, 14, 11, 8, 0, 19, 15, 1, 2, 13, 9, 12, 4]",702.0,"[18, 17, 6, 16, 5, 3, 7, 10, 14, 11, 8, 0, 19, 15, 1, 2, 13, 9, 12, 4]",702.0,11.32104778289795
"[18, 17, 6, 16, 5, 3, 7, 10, 14, 11, 8, 0, 19, 15, 1, 2, 13, 9, 12, 4]",702.0,"[18, 17, 6, 16, 5, 3, 7, 10, 14, 11, 8, 0, 19, 15, 1, 2, 13, 9, 12, 4]",702.0,11.38705325126648
"[18, 17, 6, 16, 5, 3, 7, 10, 14, 11, 8, 0, 19, 15, 1, 2, 13, 9, 12, 4]",702.0,"[18, 17, 6, 16, 5, 3, 7, 10, 14, 11, 8, 0, 19, 15, 1, 2, 13, 9, 12, 4]",702.0,11.451470851898193
"[18, 17, 6, 16, 5, 3, 7, 10, 14, 11, 8, 0, 19, 15, 1, 2, 13, 9, 12, 4]",702.0,"[18, 17, 6, 16, 5, 3, 7, 10, 14, 11, 8, 0, 19, 15, 1, 2, 13, 9, 12, 4]",702.0,11.518051624298096
"[18, 17, 6, 16, 5, 3, 7, 10, 14, 11, 8, 0, 19, 15, 1, 2, 13, 9, 12, 4]",702.0,"[18, 17, 6, 16, 5, 3, 7, 10, 14, 11, 8, 0, 19, 15, 1, 2, 13, 9, 12, 4]",702.0,11.582051992416382
"[18, 17, 6, 16, 5, 3, 7, 10, 14, 11, 8, 0, 19, 15, 1, 2, 13, 9, 12, 4]",702.0,"[18, 17, 6, 16, 5, 3, 7, 10, 14, 11, 8, 0, 19, 15, 1, 2, 13, 9, 12, 4]",702.0,11.649051904678345
"[18, 17, 6, 16, 5, 3, 7, 10, 14, 11, 8, 0, 19, 15, 1, 2, 13, 9, 12, 4]",702.0,"[18, 17, 6, 16, 5, 3, 7, 10, 14, 11, 8, 0, 19, 15, 1, 2, 13, 9, 12, 4]",702.0,11.71406102180481
"[18, 17, 6, 16, 5, 3, 7, 10, 14, 11, 8, 0, 19, 15, 1, 2, 13, 9, 12, 4]",702.0,"[18, 17, 6, 16, 5, 3, 7, 10, 14, 11, 8, 0, 19, 15, 1, 2, 13, 9, 12, 4]",702.0,11.780053615570068
"[18, 17, 6, 16, 5, 3, 7, 10, 14, 11, 8, 0, 19, 15, 1, 2, 13, 9, 12, 4]",702.0,"[18, 17, 6, 16, 5, 3, 7, 10, 14, 11, 8, 0, 19, 15, 1, 2, 13, 9, 12, 4]",702.0,11.846055507659912
"[18, 17, 6, 16, 5, 3, 7, 10, 14, 11, 8, 0, 19, 15, 1, 2, 13, 9, 12, 4]",702.0,"[18, 17, 6, 16, 5, 3, 7, 10, 14, 11, 8, 0, 19, 15, 1, 2, 13, 9, 12, 4]",702.0,11.910059213638306
"[18, 17, 6, 16, 5, 3, 7, 10, 14, 11, 8, 0, 19, 15, 1, 2, 13, 9, 12, 4]",702.0,"[18, 17, 6, 16, 5, 3, 7, 10, 14, 11, 8, 0, 19, 15, 1, 2, 13, 9, 12, 4]",702.0,11.974055051803589
"[18, 17, 6, 16, 5, 3, 7, 10, 14, 11, 8, 0, 19, 15, 1, 2, 13, 9, 12, 4]",702.0,"[18, 17, 6, 16, 5, 3, 7, 10, 14, 11, 8, 0, 19, 15, 1, 2, 13, 9, 12, 4]",702.0,12.038060426712036
"[18, 17, 6, 16, 5, 3, 7, 10, 14, 11, 8, 0, 19, 15, 1, 2, 13, 9, 12, 4]",702.0,"[18, 17, 6, 16, 5, 3, 7, 10, 14, 11, 8, 0, 19, 15, 1, 2, 13, 9, 12, 4]",702.0,12.103062152862549
"[18, 17, 6, 16, 5, 3, 7, 10, 14, 11, 8, 0, 19, 15, 1, 2, 13, 9, 12, 4]",702.0,"[18, 17, 6, 16, 5, 3, 7, 10, 14, 11, 8, 0, 19, 15, 1, 2, 13, 9, 12, 4]",702.0,12.16714882850647
"[18, 17, 6, 16, 5, 3, 7, 10, 14, 11, 8, 0, 19, 15, 1, 2, 13, 9, 12, 4]",702.0,"[18, 17, 6, 16, 5, 3, 7, 10, 14, 11, 8, 0, 19, 15, 1, 2, 13, 9, 12, 4]",702.0,12.236064195632935
"[18, 17, 6, 16, 5, 3, 7, 10, 14, 11, 8, 0, 19, 15, 1, 2, 13, 9, 12, 4]",702.0,"[18, 17, 6, 16, 5, 3, 7, 10, 14, 11, 8, 0, 19, 15, 1, 2, 13, 9, 12, 4]",702.0,12.30106496810913
"[18, 17, 6, 16, 5, 3, 7, 10, 14, 11, 8, 0, 19, 15, 1, 2, 13, 9, 12, 4]",702.0,"[18, 17, 6, 16, 5, 3, 7, 10, 14, 11, 8, 0, 19, 15, 1, 2, 13, 9, 12, 4]",702.0,12.369064092636108
"[18, 17, 6, 16, 5, 3, 7, 10, 14, 11, 8, 0, 19, 15, 1, 2, 13, 9, 12, 4]",702.0,"[18, 17, 6, 16, 5, 3, 7, 10, 14, 11, 8, 0, 19, 15, 1, 2, 13, 9, 12, 4]",702.0,12.435065269470215
"[18, 17, 6, 16, 5, 3, 7, 10, 14, 11, 8, 0, 19, 15, 1, 2, 13, 9, 12, 4]",702.0,"[18, 17, 6, 16, 5, 3, 7, 10, 14, 11, 8, 0, 19, 15, 1, 2, 13, 9, 12, 4]",702.0,12.499075889587402
"[18, 17, 6, 16, 5, 3, 7, 10, 14, 11, 8, 0, 19, 15, 1, 2, 13, 9, 12, 4]",702.0,"[18, 17, 6, 16, 5, 3, 7, 10, 14, 11, 8, 0, 19, 15, 1, 2, 13, 9, 12, 4]",702.0,12.566065549850464
"[18, 17, 6, 16, 5, 3, 7, 10, 14, 11, 8, 0, 19, 15, 1, 2, 13, 9, 12, 4]",702.0,"[18, 17, 6, 16, 5, 3, 7, 10, 14, 11, 8, 0, 19, 15, 1, 2, 13, 9, 12, 4]",702.0,12.631067514419556
"[18, 17, 6, 16, 5, 3, 7, 10, 14, 11, 8, 0, 19, 15, 1, 2, 13, 9, 12, 4]",702.0,"[18, 17, 6, 16, 5, 3, 7, 10, 14, 11, 8, 0, 19, 15, 1, 2, 13, 9, 12, 4]",702.0,12.696068525314331
"[18, 17, 6, 16, 5, 3, 7, 10, 14, 11, 8, 0, 19, 15, 1, 2, 13, 9, 12, 4]",702.0,"[18, 17, 6, 16, 5, 3, 7, 10, 14, 11, 8, 0, 19, 15, 1, 2, 13, 9, 12, 4]",702.0,12.761068344116211
"[18, 17, 6, 16, 5, 3, 7, 10, 14, 11, 8, 0, 19, 15, 1, 2, 13, 9, 12, 4]",702.0,"[18, 17, 6, 16, 5, 3, 7, 10, 14, 11, 8, 0, 19, 15, 1, 2, 13, 9, 12, 4]",702.0,12.828071117401123
"[18, 17, 6, 16, 5, 3, 7, 10, 14, 11, 8, 0, 19, 15, 1, 2, 13, 9, 12, 4]",702.0,"[18, 17, 6, 16, 5, 3, 7, 10, 14, 11, 8, 0, 19, 15, 1, 2, 13, 9, 12, 4]",702.0,12.894070863723755
"[18, 17, 6, 16, 5, 3, 7, 10, 14, 11, 8, 0, 19, 15, 1, 2, 13, 9, 12, 4]",702.0,"[18, 17, 6, 16, 5, 3, 7, 10, 14, 11, 8, 0, 19, 15, 1, 2, 13, 9, 12, 4]",702.0,12.958089351654053
"[18, 17, 6, 16, 5, 3, 7, 10, 14, 11, 8, 0, 19, 15, 1, 2, 13, 9, 12, 4]",702.0,"[18, 17, 6, 16, 5, 3, 7, 10, 14, 11, 8, 0, 19, 15, 1, 2, 13, 9, 12, 4]",702.0,13.024070978164673
"[18, 17, 6, 16, 5, 3, 7, 10, 14, 11, 8, 0, 19, 15, 1, 2, 13, 9, 12, 4]",702.0,"[18, 17, 6, 16, 5, 3, 7, 10, 14, 11, 8, 0, 19, 15, 1, 2, 13, 9, 12, 4]",702.0,13.089070081710815
