Sequence,Fitness,Best_sequence,Best_fitness,Time
"[14, 2, 1, 17, 4, 16, 6, 7, 15, 12, 9, 11, 19, 18, 13, 5, 0, 8, 3, 10]",1093.5,"[14, 2, 1, 17, 4, 16, 6, 7, 15, 12, 9, 11, 19, 18, 13, 5, 0, 8, 3, 10]",1093.5,0.0
"[14, 2, 1, 17, 4, 16, 6, 7, 15, 12, 9, 11, 19, 18, 13, 5, 0, 8, 3, 10]",1093.5,"[14, 2, 1, 17, 4, 16, 6, 7, 15, 12, 9, 11, 19, 18, 13, 5, 0, 8, 3, 10]",1093.5,0.07196307182312012
"[14, 2, 1, 17, 4, 16, 6, 7, 15, 12, 9, 11, 19, 18, 13, 5, 0, 8, 3, 10]",1093.5,"[14, 2, 1, 17, 4, 16, 6, 7, 15, 12, 9, 11, 19, 18, 13, 5, 0, 8, 3, 10]",1093.5,0.14293384552001953
"[14, 2, 1, 17, 4, 16, 6, 7, 15, 12, 9, 11, 19, 18, 13, 5, 0, 8, 3, 10]",1093.5,"[14, 2, 1, 17, 4, 16, 6, 7, 15, 12, 9, 11, 19, 18, 13, 5, 0, 8, 3, 10]",1093.5,0.21089529991149902
"[14, 10, 1, 17, 4, 16, 6, 7, 15, 12, 9, 11, 19, 18, 13, 5, 0, 8, 3, 2]",1073.5,"[14, 10, 1, 17, 4, 16, 6, 7, 15, 12, 9, 11, 19, 18, 13, 5, 0, 8, 3, 2]",1073.5,0.2778656482696533
"[14, 10, 1, 17, 4, 16, 6, 7, 15, 12, 9, 11, 19, 18, 13, 5, 0, 8, 3, 2]",1073.5,"[14, 10, 1, 17, 4, 16, 6, 7, 15, 12, 9, 11, 19, 18, 13, 5, 0, 8, 3, 2]",1073.5,0.3448374271392822
"[14, 13, 1, 17, 4, 16, 6, 7, 15, 12, 9, 11, 19, 18, 10, 5, 0, 8, 3, 2]",1036.0,"[14, 13, 1, 17, 4, 16, 6, 7, 15, 12, 9, 11, 19, 18, 10, 5, 0, 8, 3, 2]",1036.0,0.41280317306518555
"[14, 13, 1, 17, 4, 16, 6, 9, 15, 12, 7, 11, 19, 18, 10, 5, 0, 8, 3, 2]",1005.0,"[14, 13, 1, 17, 4, 16, 6, 9, 15, 12, 7, 11, 19, 18, 10, 5, 0, 8, 3, 2]",1005.0,0.4797701835632324
"[14, 13, 1, 17, 4, 16, 6, 9, 15, 12, 7, 11, 19, 18, 10, 5, 0, 8, 3, 2]",1005.0,"[14, 13, 1, 17, 4, 16, 6, 9, 15, 12, 7, 11, 19, 18, 10, 5, 0, 8, 3, 2]",1005.0,0.548736572265625
"[14, 13, 1, 17, 4, 16, 6, 9, 15, 12, 7, 11, 19, 18, 10, 5, 0, 8, 3, 2]",1005.0,"[14, 13, 1, 17, 4, 16, 6, 9, 15, 12, 7, 11, 19, 18, 10, 5, 0, 8, 3, 2]",1005.0,0.616706132888794
"[14, 13, 1, 17, 4, 8, 6, 9, 15, 12, 7, 11, 19, 18, 10, 5, 0, 16, 3, 2]",990.0,"[14, 13, 1, 17, 4, 8, 6, 9, 15, 12, 7, 11, 19, 18, 10, 5, 0, 16, 3, 2]",990.0,0.6836690902709961
"[10, 13, 1, 17, 4, 8, 6, 9, 15, 12, 7, 11, 19, 18, 14, 5, 0, 16, 3, 2]",967.5,"[10, 13, 1, 17, 4, 8, 6, 9, 15, 12, 7, 11, 19, 18, 14, 5, 0, 16, 3, 2]",967.5,0.7476427555084229
"[10, 13, 1, 17, 4, 8, 6, 9, 15, 12, 7, 11, 19, 18, 14, 5, 0, 16, 3, 2]",967.5,"[10, 13, 1, 17, 4, 8, 6, 9, 15, 12, 7, 11, 19, 18, 14, 5, 0, 16, 3, 2]",967.5,0.8146088123321533
"[10, 13, 1, 17, 4, 3, 6, 9, 15, 12, 7, 11, 19, 18, 14, 5, 0, 16, 8, 2]",966.0,"[10, 13, 1, 17, 4, 3, 6, 9, 15, 12, 7, 11, 19, 18, 14, 5, 0, 16, 8, 2]",966.0,0.8815822601318359
"[10, 13, 1, 17, 4, 9, 6, 3, 15, 12, 7, 11, 19, 18, 14, 5, 0, 16, 8, 2]",963.0,"[10, 13, 1, 17, 4, 9, 6, 3, 15, 12, 7, 11, 19, 18, 14, 5, 0, 16, 8, 2]",963.0,0.9485445022583008
"[10, 13, 1, 17, 4, 9, 6, 3, 15, 12, 7, 11, 19, 18, 14, 5, 0, 16, 8, 2]",963.0,"[10, 13, 1, 17, 4, 9, 6, 3, 15, 12, 7, 11, 19, 18, 14, 5, 0, 16, 8, 2]",963.0,1.0175113677978516
"[10, 13, 1, 17, 4, 9, 6, 3, 15, 12, 7, 11, 19, 18, 14, 5, 0, 16, 8, 2]",963.0,"[10, 13, 1, 17, 4, 9, 6, 3, 15, 12, 7, 11, 19, 18, 14, 5, 0, 16, 8, 2]",963.0,1.085481882095337
"[10, 13, 1, 17, 4, 9, 6, 3, 15, 12, 7, 11, 19, 18, 14, 5, 0, 16, 8, 2]",963.0,"[10, 13, 1, 17, 4, 9, 6, 3, 15, 12, 7, 11, 19, 18, 14, 5, 0, 16, 8, 2]",963.0,1.153447151184082
"[10, 13, 1, 17, 4, 9, 6, 3, 15, 12, 7, 11, 19, 18, 14, 5, 0, 16, 8, 2]",963.0,"[10, 13, 1, 17, 4, 9, 6, 3, 15, 12, 7, 11, 19, 18, 14, 5, 0, 16, 8, 2]",963.0,1.2214150428771973
"[10, 13, 1, 17, 4, 9, 6, 3, 15, 12, 7, 11, 19, 18, 14, 5, 0, 16, 8, 2]",963.0,"[10, 13, 1, 17, 4, 9, 6, 3, 15, 12, 7, 11, 19, 18, 14, 5, 0, 16, 8, 2]",963.0,1.2923915386199951
"[0, 13, 1, 17, 4, 9, 6, 3, 15, 12, 7, 11, 19, 18, 14, 5, 10, 16, 8, 2]",958.0,"[0, 13, 1, 17, 4, 9, 6, 3, 15, 12, 7, 11, 19, 18, 14, 5, 10, 16, 8, 2]",958.0,1.3633475303649902
"[0, 13, 1, 17, 4, 9, 6, 3, 15, 12, 7, 11, 19, 18, 14, 5, 10, 16, 8, 2]",958.0,"[0, 13, 1, 17, 4, 9, 6, 3, 15, 12, 7, 11, 19, 18, 14, 5, 10, 16, 8, 2]",958.0,1.4323177337646484
"[0, 13, 1, 17, 4, 9, 6, 3, 15, 12, 7, 11, 19, 18, 14, 5, 10, 16, 8, 2]",958.0,"[0, 13, 1, 17, 4, 9, 6, 3, 15, 12, 7, 11, 19, 18, 14, 5, 10, 16, 8, 2]",958.0,1.502288579940796
"[0, 13, 1, 17, 4, 9, 6, 3, 15, 12, 7, 11, 19, 18, 14, 5, 10, 16, 8, 2]",958.0,"[0, 13, 1, 17, 4, 9, 6, 3, 15, 12, 7, 11, 19, 18, 14, 5, 10, 16, 8, 2]",958.0,1.5772488117218018
"[0, 13, 1, 17, 4, 9, 6, 3, 15, 12, 7, 11, 19, 18, 14, 5, 10, 16, 8, 2]",958.0,"[0, 13, 1, 17, 4, 9, 6, 3, 15, 12, 7, 11, 19, 18, 14, 5, 10, 16, 8, 2]",958.0,1.6482157707214355
"[0, 13, 1, 17, 4, 9, 6, 3, 15, 12, 7, 11, 19, 18, 14, 5, 10, 16, 8, 2]",958.0,"[0, 13, 1, 17, 4, 9, 6, 3, 15, 12, 7, 11, 19, 18, 14, 5, 10, 16, 8, 2]",958.0,1.7202229499816895
"[0, 13, 1, 17, 4, 9, 6, 3, 15, 12, 7, 11, 19, 18, 14, 5, 10, 16, 8, 2]",958.0,"[0, 13, 1, 17, 4, 9, 6, 3, 15, 12, 7, 11, 19, 18, 14, 5, 10, 16, 8, 2]",958.0,1.793154239654541
"[0, 13, 1, 17, 4, 9, 6, 3, 15, 12, 7, 11, 19, 18, 14, 5, 10, 16, 8, 2]",958.0,"[0, 13, 1, 17, 4, 9, 6, 3, 15, 12, 7, 11, 19, 18, 14, 5, 10, 16, 8, 2]",958.0,1.8631579875946045
"[0, 13, 1, 17, 4, 9, 6, 3, 15, 12, 10, 11, 19, 18, 14, 5, 7, 16, 8, 2]",940.5,"[0, 13, 1, 17, 4, 9, 6, 3, 15, 12, 10, 11, 19, 18, 14, 5, 7, 16, 8, 2]",940.5,1.9340791702270508
"[0, 13, 1, 17, 4, 9, 6, 3, 15, 12, 10, 11, 19, 18, 14, 5, 7, 16, 8, 2]",940.5,"[0, 13, 1, 17, 4, 9, 6, 3, 15, 12, 10, 11, 19, 18, 14, 5, 7, 16, 8, 2]",940.5,2.0116143226623535
"[0, 13, 1, 17, 4, 9, 6, 3, 15, 12, 10, 11, 19, 18, 14, 5, 7, 16, 8, 2]",940.5,"[0, 13, 1, 17, 4, 9, 6, 3, 15, 12, 10, 11, 19, 18, 14, 5, 7, 16, 8, 2]",940.5,2.0915749073028564
"[0, 13, 1, 17, 4, 9, 6, 15, 3, 12, 10, 11, 19, 18, 14, 5, 7, 16, 8, 2]",937.5,"[0, 13, 1, 17, 4, 9, 6, 15, 3, 12, 10, 11, 19, 18, 14, 5, 7, 16, 8, 2]",937.5,2.168968439102173
"[0, 13, 1, 17, 4, 9, 6, 15, 3, 12, 10, 11, 19, 18, 14, 5, 7, 16, 8, 2]",937.5,"[0, 13, 1, 17, 4, 9, 6, 15, 3, 12, 10, 11, 19, 18, 14, 5, 7, 16, 8, 2]",937.5,2.2419304847717285
"[0, 13, 1, 17, 4, 9, 6, 15, 3, 12, 10, 11, 19, 18, 14, 5, 7, 16, 8, 2]",937.5,"[0, 13, 1, 17, 4, 9, 6, 15, 3, 12, 10, 11, 19, 18, 14, 5, 7, 16, 8, 2]",937.5,2.313897132873535
"[0, 13, 1, 17, 4, 9, 6, 15, 3, 12, 10, 11, 19, 18, 14, 5, 7, 16, 8, 2]",937.5,"[0, 13, 1, 17, 4, 9, 6, 15, 3, 12, 10, 11, 19, 18, 14, 5, 7, 16, 8, 2]",937.5,2.389859437942505
"[0, 13, 1, 17, 4, 9, 6, 15, 3, 12, 10, 11, 19, 18, 14, 5, 7, 16, 8, 2]",937.5,"[0, 13, 1, 17, 4, 9, 6, 15, 3, 12, 10, 11, 19, 18, 14, 5, 7, 16, 8, 2]",937.5,2.4643170833587646
"[0, 13, 1, 17, 4, 9, 6, 15, 3, 12, 10, 11, 19, 18, 14, 5, 7, 16, 8, 2]",937.5,"[0, 13, 1, 17, 4, 9, 6, 15, 3, 12, 10, 11, 19, 18, 14, 5, 7, 16, 8, 2]",937.5,2.5382816791534424
"[0, 13, 1, 17, 19, 9, 6, 15, 3, 12, 10, 11, 4, 18, 14, 5, 7, 16, 8, 2]",896.5,"[0, 13, 1, 17, 19, 9, 6, 15, 3, 12, 10, 11, 4, 18, 14, 5, 7, 16, 8, 2]",896.5,2.6112453937530518
"[0, 13, 1, 17, 19, 9, 6, 15, 3, 12, 10, 11, 4, 18, 14, 5, 7, 16, 8, 2]",896.5,"[0, 13, 1, 17, 19, 9, 6, 15, 3, 12, 10, 11, 4, 18, 14, 5, 7, 16, 8, 2]",896.5,2.6842148303985596
"[0, 13, 1, 17, 19, 9, 6, 15, 3, 12, 10, 11, 4, 18, 14, 5, 7, 16, 8, 2]",896.5,"[0, 13, 1, 17, 19, 9, 6, 15, 3, 12, 10, 11, 4, 18, 14, 5, 7, 16, 8, 2]",896.5,2.753183126449585
"[0, 13, 1, 17, 19, 9, 6, 15, 3, 12, 10, 11, 4, 18, 14, 5, 7, 16, 8, 2]",896.5,"[0, 13, 1, 17, 19, 9, 6, 15, 3, 12, 10, 11, 4, 18, 14, 5, 7, 16, 8, 2]",896.5,2.8251490592956543
"[0, 13, 1, 17, 19, 9, 6, 15, 3, 12, 10, 11, 4, 18, 14, 5, 7, 16, 8, 2]",896.5,"[0, 13, 1, 17, 19, 9, 6, 15, 3, 12, 10, 11, 4, 18, 14, 5, 7, 16, 8, 2]",896.5,2.8981118202209473
"[0, 13, 1, 17, 19, 9, 6, 15, 3, 12, 10, 11, 4, 18, 14, 5, 7, 16, 8, 2]",896.5,"[0, 13, 1, 17, 19, 9, 6, 15, 3, 12, 10, 11, 4, 18, 14, 5, 7, 16, 8, 2]",896.5,2.9690845012664795
"[0, 13, 1, 17, 19, 9, 6, 15, 3, 12, 10, 11, 4, 18, 14, 5, 7, 16, 8, 2]",896.5,"[0, 13, 1, 17, 19, 9, 6, 15, 3, 12, 10, 11, 4, 18, 14, 5, 7, 16, 8, 2]",896.5,3.0390491485595703
"[0, 13, 1, 17, 19, 9, 6, 15, 3, 12, 10, 11, 4, 18, 14, 5, 7, 16, 8, 2]",896.5,"[0, 13, 1, 17, 19, 9, 6, 15, 3, 12, 10, 11, 4, 18, 14, 5, 7, 16, 8, 2]",896.5,3.109013319015503
"[0, 13, 1, 17, 19, 9, 6, 15, 3, 12, 10, 11, 4, 18, 14, 5, 7, 16, 8, 2]",896.5,"[0, 13, 1, 17, 19, 9, 6, 15, 3, 12, 10, 11, 4, 18, 14, 5, 7, 16, 8, 2]",896.5,3.1790313720703125
"[0, 15, 1, 17, 19, 9, 6, 13, 3, 12, 10, 11, 4, 18, 14, 5, 7, 16, 8, 2]",887.5,"[0, 15, 1, 17, 19, 9, 6, 13, 3, 12, 10, 11, 4, 18, 14, 5, 7, 16, 8, 2]",887.5,3.2469444274902344
"[0, 15, 1, 17, 19, 9, 6, 13, 3, 12, 10, 11, 4, 18, 14, 5, 7, 16, 8, 2]",887.5,"[0, 15, 1, 17, 19, 9, 6, 13, 3, 12, 10, 11, 4, 18, 14, 5, 7, 16, 8, 2]",887.5,3.3149173259735107
"[0, 15, 1, 17, 19, 9, 6, 13, 3, 12, 10, 11, 4, 18, 14, 5, 7, 16, 8, 2]",887.5,"[0, 15, 1, 17, 19, 9, 6, 13, 3, 12, 10, 11, 4, 18, 14, 5, 7, 16, 8, 2]",887.5,3.384885549545288
"[0, 15, 1, 17, 19, 9, 6, 13, 3, 12, 10, 11, 4, 18, 14, 5, 7, 16, 8, 2]",887.5,"[0, 15, 1, 17, 19, 9, 6, 13, 3, 12, 10, 11, 4, 18, 14, 5, 7, 16, 8, 2]",887.5,3.456850528717041
"[0, 15, 1, 17, 19, 9, 6, 13, 3, 12, 10, 11, 4, 18, 14, 5, 7, 16, 8, 2]",887.5,"[0, 15, 1, 17, 19, 9, 6, 13, 3, 12, 10, 11, 4, 18, 14, 5, 7, 16, 8, 2]",887.5,3.5308170318603516
"[0, 15, 1, 17, 2, 9, 6, 13, 3, 12, 10, 11, 4, 18, 14, 5, 7, 16, 8, 19]",882.0,"[0, 15, 1, 17, 2, 9, 6, 13, 3, 12, 10, 11, 4, 18, 14, 5, 7, 16, 8, 19]",882.0,3.6077804565429688
"[0, 15, 1, 17, 2, 9, 6, 13, 3, 12, 10, 11, 4, 18, 14, 5, 7, 16, 8, 19]",882.0,"[0, 15, 1, 17, 2, 9, 6, 13, 3, 12, 10, 11, 4, 18, 14, 5, 7, 16, 8, 19]",882.0,3.7167246341705322
"[0, 15, 1, 17, 2, 9, 6, 13, 3, 12, 10, 11, 4, 18, 14, 5, 7, 16, 8, 19]",882.0,"[0, 15, 1, 17, 2, 9, 6, 13, 3, 12, 10, 11, 4, 18, 14, 5, 7, 16, 8, 19]",882.0,3.7917699813842773
"[0, 15, 1, 17, 2, 9, 6, 13, 3, 12, 10, 11, 4, 18, 14, 5, 7, 16, 8, 19]",882.0,"[0, 15, 1, 17, 2, 9, 6, 13, 3, 12, 10, 11, 4, 18, 14, 5, 7, 16, 8, 19]",882.0,3.8706512451171875
"[0, 15, 1, 17, 2, 9, 6, 13, 3, 12, 10, 11, 4, 18, 14, 5, 7, 16, 8, 19]",882.0,"[0, 15, 1, 17, 2, 9, 6, 13, 3, 12, 10, 11, 4, 18, 14, 5, 7, 16, 8, 19]",882.0,3.941620111465454
"[0, 15, 1, 17, 2, 9, 6, 13, 3, 12, 10, 11, 4, 18, 14, 5, 7, 16, 8, 19]",882.0,"[0, 15, 1, 17, 2, 9, 6, 13, 3, 12, 10, 11, 4, 18, 14, 5, 7, 16, 8, 19]",882.0,4.011587619781494
"[0, 15, 1, 17, 2, 9, 6, 13, 3, 12, 10, 11, 4, 18, 14, 5, 7, 16, 8, 19]",882.0,"[0, 15, 1, 17, 2, 9, 6, 13, 3, 12, 10, 11, 4, 18, 14, 5, 7, 16, 8, 19]",882.0,4.082553863525391
"[0, 15, 1, 17, 2, 9, 6, 13, 3, 12, 10, 11, 4, 18, 14, 5, 7, 16, 8, 19]",882.0,"[0, 15, 1, 17, 2, 9, 6, 13, 3, 12, 10, 11, 4, 18, 14, 5, 7, 16, 8, 19]",882.0,4.154523134231567
"[0, 15, 1, 17, 2, 9, 6, 13, 3, 12, 10, 11, 4, 18, 14, 5, 7, 16, 8, 19]",882.0,"[0, 15, 1, 17, 2, 9, 6, 13, 3, 12, 10, 11, 4, 18, 14, 5, 7, 16, 8, 19]",882.0,4.226484537124634
"[0, 15, 1, 17, 2, 9, 6, 13, 3, 12, 10, 11, 4, 18, 14, 5, 7, 16, 8, 19]",882.0,"[0, 15, 1, 17, 2, 9, 6, 13, 3, 12, 10, 11, 4, 18, 14, 5, 7, 16, 8, 19]",882.0,4.306446075439453
"[0, 15, 1, 17, 2, 9, 6, 13, 3, 12, 10, 11, 4, 18, 14, 5, 7, 16, 8, 19]",882.0,"[0, 15, 1, 17, 2, 9, 6, 13, 3, 12, 10, 11, 4, 18, 14, 5, 7, 16, 8, 19]",882.0,4.381424427032471
"[0, 15, 1, 17, 2, 9, 6, 13, 3, 12, 10, 11, 4, 18, 14, 5, 7, 16, 8, 19]",882.0,"[0, 15, 1, 17, 2, 9, 6, 13, 3, 12, 10, 11, 4, 18, 14, 5, 7, 16, 8, 19]",882.0,4.455377101898193
"[0, 15, 1, 17, 2, 9, 6, 13, 3, 12, 10, 11, 4, 18, 14, 5, 7, 16, 8, 19]",882.0,"[0, 15, 1, 17, 2, 9, 6, 13, 3, 12, 10, 11, 4, 18, 14, 5, 7, 16, 8, 19]",882.0,4.526347637176514
"[0, 15, 1, 17, 2, 9, 6, 13, 3, 12, 10, 11, 4, 18, 14, 5, 7, 16, 8, 19]",882.0,"[0, 15, 1, 17, 2, 9, 6, 13, 3, 12, 10, 11, 4, 18, 14, 5, 7, 16, 8, 19]",882.0,4.598310232162476
"[0, 15, 1, 17, 2, 9, 6, 13, 3, 12, 10, 11, 4, 18, 14, 5, 7, 16, 8, 19]",882.0,"[0, 15, 1, 17, 2, 9, 6, 13, 3, 12, 10, 11, 4, 18, 14, 5, 7, 16, 8, 19]",882.0,4.66728138923645
"[0, 15, 1, 17, 2, 9, 6, 13, 3, 12, 10, 11, 4, 18, 14, 5, 7, 16, 8, 19]",882.0,"[0, 15, 1, 17, 2, 9, 6, 13, 3, 12, 10, 11, 4, 18, 14, 5, 7, 16, 8, 19]",882.0,4.736248254776001
"[0, 15, 1, 17, 2, 9, 6, 13, 3, 12, 10, 11, 4, 18, 14, 5, 7, 16, 8, 19]",882.0,"[0, 15, 1, 17, 2, 9, 6, 13, 3, 12, 10, 11, 4, 18, 14, 5, 7, 16, 8, 19]",882.0,4.806218147277832
"[0, 15, 1, 17, 2, 9, 6, 13, 3, 12, 10, 11, 4, 18, 14, 5, 7, 16, 8, 19]",882.0,"[0, 15, 1, 17, 2, 9, 6, 13, 3, 12, 10, 11, 4, 18, 14, 5, 7, 16, 8, 19]",882.0,4.877179861068726
"[0, 15, 1, 17, 2, 9, 6, 13, 3, 12, 10, 11, 4, 18, 14, 5, 7, 16, 8, 19]",882.0,"[0, 15, 1, 17, 2, 9, 6, 13, 3, 12, 10, 11, 4, 18, 14, 5, 7, 16, 8, 19]",882.0,4.945171594619751
"[0, 15, 1, 17, 2, 9, 6, 13, 3, 12, 10, 11, 4, 18, 14, 5, 7, 16, 8, 19]",882.0,"[0, 15, 1, 17, 2, 9, 6, 13, 3, 12, 10, 11, 4, 18, 14, 5, 7, 16, 8, 19]",882.0,5.015116453170776
"[0, 15, 1, 17, 2, 9, 6, 13, 3, 12, 10, 11, 4, 18, 14, 5, 7, 16, 8, 19]",882.0,"[0, 15, 1, 17, 2, 9, 6, 13, 3, 12, 10, 11, 4, 18, 14, 5, 7, 16, 8, 19]",882.0,5.084084987640381
"[0, 15, 1, 17, 2, 9, 6, 13, 3, 12, 10, 11, 4, 18, 14, 5, 7, 16, 8, 19]",882.0,"[0, 15, 1, 17, 2, 9, 6, 13, 3, 12, 10, 11, 4, 18, 14, 5, 7, 16, 8, 19]",882.0,5.153051376342773
"[0, 15, 1, 17, 2, 9, 6, 13, 3, 12, 10, 11, 4, 18, 14, 5, 7, 16, 8, 19]",882.0,"[0, 15, 1, 17, 2, 9, 6, 13, 3, 12, 10, 11, 4, 18, 14, 5, 7, 16, 8, 19]",882.0,5.223021745681763
"[0, 15, 1, 17, 2, 9, 6, 13, 3, 12, 10, 11, 4, 18, 14, 5, 7, 16, 8, 19]",882.0,"[0, 15, 1, 17, 2, 9, 6, 13, 3, 12, 10, 11, 4, 18, 14, 5, 7, 16, 8, 19]",882.0,5.290987968444824
"[0, 15, 1, 17, 2, 9, 6, 13, 3, 12, 10, 11, 4, 18, 14, 5, 7, 16, 8, 19]",882.0,"[0, 15, 1, 17, 2, 9, 6, 13, 3, 12, 10, 11, 4, 18, 14, 5, 7, 16, 8, 19]",882.0,5.361953973770142
"[0, 15, 1, 17, 2, 9, 6, 13, 3, 12, 10, 11, 4, 18, 14, 5, 7, 16, 8, 19]",882.0,"[0, 15, 1, 17, 2, 9, 6, 13, 3, 12, 10, 11, 4, 18, 14, 5, 7, 16, 8, 19]",882.0,5.431921482086182
"[0, 15, 1, 17, 2, 9, 6, 13, 3, 12, 10, 11, 4, 18, 14, 5, 7, 16, 8, 19]",882.0,"[0, 15, 1, 17, 2, 9, 6, 13, 3, 12, 10, 11, 4, 18, 14, 5, 7, 16, 8, 19]",882.0,5.500889301300049
"[0, 15, 1, 17, 2, 9, 6, 13, 3, 12, 10, 11, 4, 18, 14, 5, 7, 16, 8, 19]",882.0,"[0, 15, 1, 17, 2, 9, 6, 13, 3, 12, 10, 11, 4, 18, 14, 5, 7, 16, 8, 19]",882.0,5.569855451583862
"[0, 15, 1, 17, 2, 9, 6, 13, 3, 12, 10, 11, 4, 18, 14, 5, 7, 16, 8, 19]",882.0,"[0, 15, 1, 17, 2, 9, 6, 13, 3, 12, 10, 11, 4, 18, 14, 5, 7, 16, 8, 19]",882.0,5.637821674346924
"[0, 15, 1, 17, 2, 9, 6, 13, 3, 12, 10, 11, 4, 18, 14, 5, 7, 16, 8, 19]",882.0,"[0, 15, 1, 17, 2, 9, 6, 13, 3, 12, 10, 11, 4, 18, 14, 5, 7, 16, 8, 19]",882.0,5.7057905197143555
"[0, 15, 1, 17, 2, 9, 6, 13, 3, 12, 10, 11, 4, 18, 14, 5, 7, 16, 8, 19]",882.0,"[0, 15, 1, 17, 2, 9, 6, 13, 3, 12, 10, 11, 4, 18, 14, 5, 7, 16, 8, 19]",882.0,5.776758670806885
"[0, 15, 1, 17, 2, 9, 6, 13, 3, 12, 10, 11, 4, 18, 14, 5, 7, 16, 8, 19]",882.0,"[0, 15, 1, 17, 2, 9, 6, 13, 3, 12, 10, 11, 4, 18, 14, 5, 7, 16, 8, 19]",882.0,5.84572434425354
"[0, 15, 1, 17, 2, 9, 6, 13, 3, 12, 10, 11, 4, 18, 14, 5, 7, 16, 8, 19]",882.0,"[0, 15, 1, 17, 2, 9, 6, 13, 3, 12, 10, 11, 4, 18, 14, 5, 7, 16, 8, 19]",882.0,5.914695739746094
"[0, 15, 1, 17, 2, 9, 6, 13, 3, 12, 10, 11, 4, 18, 14, 5, 7, 16, 8, 19]",882.0,"[0, 15, 1, 17, 2, 9, 6, 13, 3, 12, 10, 11, 4, 18, 14, 5, 7, 16, 8, 19]",882.0,5.984661340713501
"[0, 15, 1, 17, 2, 9, 6, 13, 3, 12, 10, 11, 4, 18, 14, 5, 7, 16, 8, 19]",882.0,"[0, 15, 1, 17, 2, 9, 6, 13, 3, 12, 10, 11, 4, 18, 14, 5, 7, 16, 8, 19]",882.0,6.053629398345947
"[0, 15, 1, 17, 2, 9, 6, 13, 3, 12, 10, 11, 4, 18, 14, 5, 7, 16, 8, 19]",882.0,"[0, 15, 1, 17, 2, 9, 6, 13, 3, 12, 10, 11, 4, 18, 14, 5, 7, 16, 8, 19]",882.0,6.122599363327026
"[0, 15, 1, 17, 2, 9, 6, 13, 3, 12, 10, 11, 4, 18, 14, 5, 7, 16, 8, 19]",882.0,"[0, 15, 1, 17, 2, 9, 6, 13, 3, 12, 10, 11, 4, 18, 14, 5, 7, 16, 8, 19]",882.0,6.192564964294434
"[0, 15, 1, 17, 2, 9, 6, 13, 3, 12, 10, 11, 4, 18, 14, 5, 7, 16, 8, 19]",882.0,"[0, 15, 1, 17, 2, 9, 6, 13, 3, 12, 10, 11, 4, 18, 14, 5, 7, 16, 8, 19]",882.0,6.262532472610474
"[0, 15, 1, 17, 2, 9, 6, 13, 3, 12, 10, 11, 4, 18, 14, 5, 7, 16, 8, 19]",882.0,"[0, 15, 1, 17, 2, 9, 6, 13, 3, 12, 10, 11, 4, 18, 14, 5, 7, 16, 8, 19]",882.0,6.333496809005737
"[0, 15, 1, 17, 2, 9, 6, 13, 3, 12, 10, 11, 4, 18, 14, 5, 7, 16, 8, 19]",882.0,"[0, 15, 1, 17, 2, 9, 6, 13, 3, 12, 10, 11, 4, 18, 14, 5, 7, 16, 8, 19]",882.0,6.402463436126709
"[0, 15, 1, 17, 2, 9, 6, 13, 3, 12, 10, 11, 4, 18, 14, 5, 7, 16, 8, 19]",882.0,"[0, 15, 1, 17, 2, 9, 6, 13, 3, 12, 10, 11, 4, 18, 14, 5, 7, 16, 8, 19]",882.0,6.469433069229126
"[0, 15, 1, 17, 2, 9, 6, 13, 3, 12, 10, 11, 4, 18, 14, 5, 7, 16, 8, 19]",882.0,"[0, 15, 1, 17, 2, 9, 6, 13, 3, 12, 10, 11, 4, 18, 14, 5, 7, 16, 8, 19]",882.0,6.535402297973633
"[0, 15, 1, 17, 2, 9, 6, 13, 3, 12, 10, 11, 4, 18, 14, 5, 7, 16, 8, 19]",882.0,"[0, 15, 1, 17, 2, 9, 6, 13, 3, 12, 10, 11, 4, 18, 14, 5, 7, 16, 8, 19]",882.0,6.605371713638306
"[0, 15, 1, 17, 2, 9, 6, 13, 3, 12, 10, 11, 4, 18, 14, 5, 7, 16, 8, 19]",882.0,"[0, 15, 1, 17, 2, 9, 6, 13, 3, 12, 10, 11, 4, 18, 14, 5, 7, 16, 8, 19]",882.0,6.673339128494263
"[0, 15, 1, 17, 2, 9, 6, 13, 3, 12, 10, 11, 4, 18, 14, 5, 7, 16, 8, 19]",882.0,"[0, 15, 1, 17, 2, 9, 6, 13, 3, 12, 10, 11, 4, 18, 14, 5, 7, 16, 8, 19]",882.0,6.743310451507568
"[0, 15, 1, 17, 2, 9, 6, 13, 3, 12, 10, 11, 4, 18, 14, 5, 7, 16, 8, 19]",882.0,"[0, 15, 1, 17, 2, 9, 6, 13, 3, 12, 10, 11, 4, 18, 14, 5, 7, 16, 8, 19]",882.0,6.81227707862854
"[0, 15, 1, 17, 2, 9, 6, 13, 3, 12, 10, 11, 4, 18, 14, 5, 7, 16, 8, 19]",882.0,"[0, 15, 1, 17, 2, 9, 6, 13, 3, 12, 10, 11, 4, 18, 14, 5, 7, 16, 8, 19]",882.0,6.884244203567505
"[0, 15, 1, 17, 2, 9, 6, 13, 3, 12, 10, 11, 4, 18, 14, 5, 7, 16, 8, 19]",882.0,"[0, 15, 1, 17, 2, 9, 6, 13, 3, 12, 10, 11, 4, 18, 14, 5, 7, 16, 8, 19]",882.0,6.95721173286438
"[0, 15, 1, 17, 2, 9, 6, 13, 3, 12, 10, 11, 4, 18, 14, 5, 7, 16, 8, 19]",882.0,"[0, 15, 1, 17, 2, 9, 6, 13, 3, 12, 10, 11, 4, 18, 14, 5, 7, 16, 8, 19]",882.0,7.025175094604492
"[0, 15, 1, 17, 2, 9, 6, 13, 3, 12, 10, 11, 4, 18, 14, 5, 7, 16, 8, 19]",882.0,"[0, 15, 1, 17, 2, 9, 6, 13, 3, 12, 10, 11, 4, 18, 14, 5, 7, 16, 8, 19]",882.0,7.092145204544067
"[0, 15, 1, 17, 2, 9, 6, 13, 3, 12, 10, 11, 4, 18, 14, 5, 7, 16, 8, 19]",882.0,"[0, 15, 1, 17, 2, 9, 6, 13, 3, 12, 10, 11, 4, 18, 14, 5, 7, 16, 8, 19]",882.0,7.164112329483032
"[0, 15, 1, 17, 2, 9, 6, 13, 3, 12, 10, 11, 4, 18, 14, 5, 7, 16, 8, 19]",882.0,"[0, 15, 1, 17, 2, 9, 6, 13, 3, 12, 10, 11, 4, 18, 14, 5, 7, 16, 8, 19]",882.0,7.2340781688690186
"[0, 15, 1, 17, 2, 9, 6, 13, 3, 12, 10, 11, 4, 18, 14, 5, 7, 16, 8, 19]",882.0,"[0, 15, 1, 17, 2, 9, 6, 13, 3, 12, 10, 11, 4, 18, 14, 5, 7, 16, 8, 19]",882.0,7.305044412612915
"[0, 15, 1, 17, 2, 9, 6, 13, 3, 12, 10, 11, 4, 18, 14, 5, 7, 16, 8, 19]",882.0,"[0, 15, 1, 17, 2, 9, 6, 13, 3, 12, 10, 11, 4, 18, 14, 5, 7, 16, 8, 19]",882.0,7.376013278961182
"[0, 15, 1, 17, 2, 9, 6, 13, 3, 12, 10, 11, 4, 18, 14, 5, 7, 16, 8, 19]",882.0,"[0, 15, 1, 17, 2, 9, 6, 13, 3, 12, 10, 11, 4, 18, 14, 5, 7, 16, 8, 19]",882.0,7.44402551651001
"[0, 15, 1, 17, 2, 9, 6, 13, 3, 12, 10, 11, 4, 18, 14, 5, 7, 16, 8, 19]",882.0,"[0, 15, 1, 17, 2, 9, 6, 13, 3, 12, 10, 11, 4, 18, 14, 5, 7, 16, 8, 19]",882.0,7.513951063156128
"[0, 15, 1, 17, 2, 9, 6, 13, 3, 12, 10, 11, 4, 18, 14, 5, 7, 16, 8, 19]",882.0,"[0, 15, 1, 17, 2, 9, 6, 13, 3, 12, 10, 11, 4, 18, 14, 5, 7, 16, 8, 19]",882.0,7.5849199295043945
"[0, 15, 1, 17, 2, 9, 6, 13, 3, 12, 10, 11, 4, 18, 14, 5, 7, 16, 8, 19]",882.0,"[0, 15, 1, 17, 2, 9, 6, 13, 3, 12, 10, 11, 4, 18, 14, 5, 7, 16, 8, 19]",882.0,7.654895305633545
"[0, 15, 1, 17, 2, 9, 6, 13, 3, 12, 10, 11, 4, 18, 14, 5, 7, 16, 8, 19]",882.0,"[0, 15, 1, 17, 2, 9, 6, 13, 3, 12, 10, 11, 4, 18, 14, 5, 7, 16, 8, 19]",882.0,7.722858905792236
"[0, 15, 1, 17, 2, 9, 6, 13, 3, 12, 10, 11, 4, 18, 14, 5, 7, 16, 8, 19]",882.0,"[0, 15, 1, 17, 2, 9, 6, 13, 3, 12, 10, 11, 4, 18, 14, 5, 7, 16, 8, 19]",882.0,7.795818328857422
"[0, 15, 1, 17, 2, 9, 6, 13, 3, 12, 10, 11, 4, 18, 14, 5, 7, 16, 8, 19]",882.0,"[0, 15, 1, 17, 2, 9, 6, 13, 3, 12, 10, 11, 4, 18, 14, 5, 7, 16, 8, 19]",882.0,7.861790180206299
"[0, 15, 1, 17, 2, 9, 6, 13, 3, 12, 10, 11, 4, 18, 14, 5, 7, 16, 8, 19]",882.0,"[0, 15, 1, 17, 2, 9, 6, 13, 3, 12, 10, 11, 4, 18, 14, 5, 7, 16, 8, 19]",882.0,7.931756496429443
"[0, 15, 1, 17, 2, 9, 6, 13, 3, 12, 10, 11, 4, 18, 14, 5, 7, 16, 8, 19]",882.0,"[0, 15, 1, 17, 2, 9, 6, 13, 3, 12, 10, 11, 4, 18, 14, 5, 7, 16, 8, 19]",882.0,8.000724077224731
"[0, 15, 1, 17, 2, 9, 6, 13, 3, 12, 10, 11, 4, 18, 14, 5, 7, 16, 8, 19]",882.0,"[0, 15, 1, 17, 2, 9, 6, 13, 3, 12, 10, 11, 4, 18, 14, 5, 7, 16, 8, 19]",882.0,8.069701433181763
"[0, 15, 1, 17, 2, 9, 6, 13, 3, 12, 10, 11, 4, 18, 14, 5, 7, 16, 8, 19]",882.0,"[0, 15, 1, 17, 2, 9, 6, 13, 3, 12, 10, 11, 4, 18, 14, 5, 7, 16, 8, 19]",882.0,8.138660669326782
"[0, 15, 1, 17, 2, 9, 6, 13, 3, 12, 10, 11, 4, 18, 14, 5, 7, 16, 8, 19]",882.0,"[0, 15, 1, 17, 2, 9, 6, 13, 3, 12, 10, 11, 4, 18, 14, 5, 7, 16, 8, 19]",882.0,8.209627866744995
"[0, 15, 1, 17, 2, 9, 6, 13, 3, 12, 10, 11, 4, 18, 14, 5, 7, 16, 8, 19]",882.0,"[0, 15, 1, 17, 2, 9, 6, 13, 3, 12, 10, 11, 4, 18, 14, 5, 7, 16, 8, 19]",882.0,8.27959394454956
"[0, 15, 1, 17, 2, 9, 6, 13, 3, 12, 10, 11, 4, 18, 14, 5, 7, 16, 8, 19]",882.0,"[0, 15, 1, 17, 2, 9, 6, 13, 3, 12, 10, 11, 4, 18, 14, 5, 7, 16, 8, 19]",882.0,8.349568128585815
"[0, 15, 1, 17, 2, 9, 6, 13, 3, 12, 10, 11, 4, 18, 14, 5, 7, 16, 8, 19]",882.0,"[0, 15, 1, 17, 2, 9, 6, 13, 3, 12, 10, 11, 4, 18, 14, 5, 7, 16, 8, 19]",882.0,8.424607753753662
"[0, 15, 1, 17, 2, 9, 6, 13, 3, 12, 10, 11, 4, 18, 14, 5, 7, 16, 8, 19]",882.0,"[0, 15, 1, 17, 2, 9, 6, 13, 3, 12, 10, 11, 4, 18, 14, 5, 7, 16, 8, 19]",882.0,8.493514060974121
"[0, 15, 1, 17, 2, 9, 6, 13, 3, 12, 10, 11, 4, 18, 14, 5, 7, 16, 8, 19]",882.0,"[0, 15, 1, 17, 2, 9, 6, 13, 3, 12, 10, 11, 4, 18, 14, 5, 7, 16, 8, 19]",882.0,8.561464309692383
"[0, 15, 1, 17, 2, 9, 6, 13, 3, 12, 10, 11, 4, 18, 14, 5, 7, 16, 8, 19]",882.0,"[0, 15, 1, 17, 2, 9, 6, 13, 3, 12, 10, 11, 4, 18, 14, 5, 7, 16, 8, 19]",882.0,8.630431652069092
"[0, 15, 1, 17, 2, 9, 6, 13, 3, 12, 10, 11, 4, 18, 14, 5, 7, 16, 8, 19]",882.0,"[0, 15, 1, 17, 2, 9, 6, 13, 3, 12, 10, 11, 4, 18, 14, 5, 7, 16, 8, 19]",882.0,8.700397491455078
"[0, 15, 1, 17, 2, 9, 6, 13, 3, 12, 10, 11, 4, 18, 14, 5, 7, 16, 8, 19]",882.0,"[0, 15, 1, 17, 2, 9, 6, 13, 3, 12, 10, 11, 4, 18, 14, 5, 7, 16, 8, 19]",882.0,8.7743661403656
"[0, 15, 1, 17, 2, 9, 6, 13, 3, 12, 10, 11, 4, 18, 14, 5, 7, 16, 8, 19]",882.0,"[0, 15, 1, 17, 2, 9, 6, 13, 3, 12, 10, 11, 4, 18, 14, 5, 7, 16, 8, 19]",882.0,8.850330114364624
"[0, 15, 1, 17, 2, 9, 6, 13, 3, 12, 10, 11, 4, 18, 14, 5, 7, 16, 8, 19]",882.0,"[0, 15, 1, 17, 2, 9, 6, 13, 3, 12, 10, 11, 4, 18, 14, 5, 7, 16, 8, 19]",882.0,8.927295207977295
"[0, 15, 1, 17, 2, 9, 6, 13, 3, 12, 10, 11, 4, 18, 14, 5, 7, 16, 8, 19]",882.0,"[0, 15, 1, 17, 2, 9, 6, 13, 3, 12, 10, 11, 4, 18, 14, 5, 7, 16, 8, 19]",882.0,9.004262447357178
"[0, 15, 1, 17, 2, 9, 6, 13, 3, 12, 10, 11, 4, 18, 14, 5, 7, 16, 8, 19]",882.0,"[0, 15, 1, 17, 2, 9, 6, 13, 3, 12, 10, 11, 4, 18, 14, 5, 7, 16, 8, 19]",882.0,9.079223871231079
"[0, 15, 1, 17, 2, 9, 6, 13, 3, 12, 10, 11, 4, 18, 14, 5, 7, 16, 8, 19]",882.0,"[0, 15, 1, 17, 2, 9, 6, 13, 3, 12, 10, 11, 4, 18, 14, 5, 7, 16, 8, 19]",882.0,9.155184030532837
"[0, 15, 1, 17, 2, 9, 6, 13, 3, 12, 10, 11, 4, 18, 14, 5, 7, 16, 8, 19]",882.0,"[0, 15, 1, 17, 2, 9, 6, 13, 3, 12, 10, 11, 4, 18, 14, 5, 7, 16, 8, 19]",882.0,9.232235431671143
"[0, 15, 1, 17, 2, 9, 6, 13, 3, 12, 10, 11, 4, 18, 14, 5, 7, 16, 8, 19]",882.0,"[0, 15, 1, 17, 2, 9, 6, 13, 3, 12, 10, 11, 4, 18, 14, 5, 7, 16, 8, 19]",882.0,9.307113409042358
"[0, 15, 1, 17, 2, 9, 6, 13, 3, 12, 10, 11, 4, 18, 14, 5, 7, 16, 8, 19]",882.0,"[0, 15, 1, 17, 2, 9, 6, 13, 3, 12, 10, 11, 4, 18, 14, 5, 7, 16, 8, 19]",882.0,9.377085447311401
"[0, 15, 1, 17, 2, 9, 6, 13, 3, 12, 10, 11, 4, 18, 14, 5, 7, 16, 8, 19]",882.0,"[0, 15, 1, 17, 2, 9, 6, 13, 3, 12, 10, 11, 4, 18, 14, 5, 7, 16, 8, 19]",882.0,9.450052261352539
"[0, 15, 1, 17, 2, 9, 6, 13, 3, 12, 10, 11, 4, 18, 14, 5, 7, 16, 8, 19]",882.0,"[0, 15, 1, 17, 2, 9, 6, 13, 3, 12, 10, 11, 4, 18, 14, 5, 7, 16, 8, 19]",882.0,9.519020557403564
"[0, 15, 1, 17, 2, 9, 6, 13, 3, 12, 10, 11, 4, 18, 14, 5, 7, 16, 8, 19]",882.0,"[0, 15, 1, 17, 2, 9, 6, 13, 3, 12, 10, 11, 4, 18, 14, 5, 7, 16, 8, 19]",882.0,9.58798861503601
"[0, 15, 1, 17, 2, 9, 6, 13, 3, 12, 10, 11, 4, 18, 14, 5, 7, 16, 8, 19]",882.0,"[0, 15, 1, 17, 2, 9, 6, 13, 3, 12, 10, 11, 4, 18, 14, 5, 7, 16, 8, 19]",882.0,9.656954765319824
"[0, 15, 1, 17, 2, 9, 6, 13, 3, 12, 10, 11, 4, 18, 14, 5, 7, 16, 8, 19]",882.0,"[0, 15, 1, 17, 2, 9, 6, 13, 3, 12, 10, 11, 4, 18, 14, 5, 7, 16, 8, 19]",882.0,9.731920957565308
"[0, 15, 1, 17, 2, 9, 6, 13, 3, 12, 10, 11, 4, 18, 14, 5, 7, 16, 8, 19]",882.0,"[0, 15, 1, 17, 2, 9, 6, 13, 3, 12, 10, 11, 4, 18, 14, 5, 7, 16, 8, 19]",882.0,9.802892446517944
"[0, 15, 1, 17, 2, 9, 6, 13, 3, 12, 10, 11, 4, 18, 14, 5, 7, 16, 8, 19]",882.0,"[0, 15, 1, 17, 2, 9, 6, 13, 3, 12, 10, 11, 4, 18, 14, 5, 7, 16, 8, 19]",882.0,9.876855373382568
"[0, 15, 1, 17, 2, 9, 6, 13, 3, 12, 10, 11, 4, 18, 14, 5, 7, 16, 8, 19]",882.0,"[0, 15, 1, 17, 2, 9, 6, 13, 3, 12, 10, 11, 4, 18, 14, 5, 7, 16, 8, 19]",882.0,9.945824384689331
"[0, 15, 1, 17, 2, 9, 6, 13, 3, 12, 10, 11, 4, 18, 14, 5, 7, 16, 8, 19]",882.0,"[0, 15, 1, 17, 2, 9, 6, 13, 3, 12, 10, 11, 4, 18, 14, 5, 7, 16, 8, 19]",882.0,10.014795303344727
"[0, 15, 1, 17, 2, 9, 6, 13, 3, 12, 10, 11, 4, 18, 14, 5, 7, 16, 8, 19]",882.0,"[0, 15, 1, 17, 2, 9, 6, 13, 3, 12, 10, 11, 4, 18, 14, 5, 7, 16, 8, 19]",882.0,10.085758686065674
"[0, 15, 1, 17, 2, 9, 6, 13, 3, 12, 10, 11, 4, 18, 14, 5, 7, 16, 8, 19]",882.0,"[0, 15, 1, 17, 2, 9, 6, 13, 3, 12, 10, 11, 4, 18, 14, 5, 7, 16, 8, 19]",882.0,10.160729169845581
"[0, 15, 1, 17, 2, 9, 6, 13, 3, 12, 10, 11, 4, 18, 14, 5, 7, 16, 8, 19]",882.0,"[0, 15, 1, 17, 2, 9, 6, 13, 3, 12, 10, 11, 4, 18, 14, 5, 7, 16, 8, 19]",882.0,10.227695941925049
"[0, 15, 1, 17, 2, 9, 6, 13, 3, 12, 10, 11, 4, 18, 14, 5, 7, 16, 8, 19]",882.0,"[0, 15, 1, 17, 2, 9, 6, 13, 3, 12, 10, 11, 4, 18, 14, 5, 7, 16, 8, 19]",882.0,10.29766583442688
"[0, 15, 1, 17, 2, 9, 6, 13, 3, 12, 10, 11, 4, 18, 14, 5, 7, 16, 8, 19]",882.0,"[0, 15, 1, 17, 2, 9, 6, 13, 3, 12, 10, 11, 4, 18, 14, 5, 7, 16, 8, 19]",882.0,10.366630554199219
"[0, 15, 1, 17, 2, 9, 6, 13, 3, 12, 10, 11, 4, 18, 14, 5, 7, 16, 8, 19]",882.0,"[0, 15, 1, 17, 2, 9, 6, 13, 3, 12, 10, 11, 4, 18, 14, 5, 7, 16, 8, 19]",882.0,10.436596870422363
"[0, 15, 1, 17, 2, 9, 6, 13, 3, 12, 10, 11, 4, 18, 14, 5, 7, 16, 8, 19]",882.0,"[0, 15, 1, 17, 2, 9, 6, 13, 3, 12, 10, 11, 4, 18, 14, 5, 7, 16, 8, 19]",882.0,10.507566452026367
"[0, 15, 1, 17, 2, 9, 6, 13, 3, 12, 10, 11, 4, 18, 14, 5, 7, 16, 8, 19]",882.0,"[0, 15, 1, 17, 2, 9, 6, 13, 3, 12, 10, 11, 4, 18, 14, 5, 7, 16, 8, 19]",882.0,10.576535940170288
"[0, 15, 1, 17, 2, 9, 6, 13, 3, 12, 10, 11, 4, 18, 14, 5, 7, 16, 8, 19]",882.0,"[0, 15, 1, 17, 2, 9, 6, 13, 3, 12, 10, 11, 4, 18, 14, 5, 7, 16, 8, 19]",882.0,10.64550518989563
"[0, 15, 1, 17, 2, 9, 6, 13, 3, 12, 10, 11, 4, 18, 14, 5, 7, 16, 8, 19]",882.0,"[0, 15, 1, 17, 2, 9, 6, 13, 3, 12, 10, 11, 4, 18, 14, 5, 7, 16, 8, 19]",882.0,10.715487718582153
"[0, 15, 1, 17, 2, 9, 6, 13, 3, 12, 10, 11, 4, 18, 14, 5, 7, 16, 8, 19]",882.0,"[0, 15, 1, 17, 2, 9, 6, 13, 3, 12, 10, 11, 4, 18, 14, 5, 7, 16, 8, 19]",882.0,10.79343295097351
"[0, 15, 1, 17, 2, 9, 6, 13, 3, 12, 10, 11, 4, 18, 14, 5, 7, 16, 8, 19]",882.0,"[0, 15, 1, 17, 2, 9, 6, 13, 3, 12, 10, 11, 4, 18, 14, 5, 7, 16, 8, 19]",882.0,10.866400718688965
"[0, 15, 1, 17, 2, 9, 6, 13, 3, 12, 10, 11, 4, 18, 14, 5, 7, 16, 8, 19]",882.0,"[0, 15, 1, 17, 2, 9, 6, 13, 3, 12, 10, 11, 4, 18, 14, 5, 7, 16, 8, 19]",882.0,10.936393022537231
"[0, 15, 1, 17, 2, 9, 6, 13, 3, 12, 10, 11, 4, 18, 14, 5, 7, 16, 8, 19]",882.0,"[0, 15, 1, 17, 2, 9, 6, 13, 3, 12, 10, 11, 4, 18, 14, 5, 7, 16, 8, 19]",882.0,11.005336046218872
"[0, 15, 1, 17, 2, 9, 6, 13, 3, 12, 10, 11, 4, 18, 14, 5, 7, 16, 8, 19]",882.0,"[0, 15, 1, 17, 2, 9, 6, 13, 3, 12, 10, 11, 4, 18, 14, 5, 7, 16, 8, 19]",882.0,11.07630467414856
"[0, 15, 1, 17, 2, 9, 6, 13, 3, 12, 10, 11, 4, 18, 14, 5, 7, 16, 8, 19]",882.0,"[0, 15, 1, 17, 2, 9, 6, 13, 3, 12, 10, 11, 4, 18, 14, 5, 7, 16, 8, 19]",882.0,11.146273851394653
"[0, 15, 1, 17, 2, 9, 6, 13, 3, 12, 10, 11, 4, 18, 14, 5, 7, 16, 8, 19]",882.0,"[0, 15, 1, 17, 2, 9, 6, 13, 3, 12, 10, 11, 4, 18, 14, 5, 7, 16, 8, 19]",882.0,11.214239597320557
"[0, 15, 1, 17, 2, 9, 6, 13, 3, 12, 10, 11, 4, 18, 14, 5, 7, 16, 8, 19]",882.0,"[0, 15, 1, 17, 2, 9, 6, 13, 3, 12, 10, 11, 4, 18, 14, 5, 7, 16, 8, 19]",882.0,11.283210277557373
"[0, 15, 1, 17, 2, 9, 6, 13, 3, 12, 10, 11, 4, 18, 14, 5, 7, 16, 8, 19]",882.0,"[0, 15, 1, 17, 2, 9, 6, 13, 3, 12, 10, 11, 4, 18, 14, 5, 7, 16, 8, 19]",882.0,11.352176427841187
"[0, 15, 1, 17, 2, 9, 6, 13, 3, 12, 10, 11, 4, 18, 14, 5, 7, 16, 8, 19]",882.0,"[0, 15, 1, 17, 2, 9, 6, 13, 3, 12, 10, 11, 4, 18, 14, 5, 7, 16, 8, 19]",882.0,11.42014765739441
"[0, 15, 1, 17, 2, 9, 6, 13, 3, 12, 10, 11, 4, 18, 14, 5, 7, 16, 8, 19]",882.0,"[0, 15, 1, 17, 2, 9, 6, 13, 3, 12, 10, 11, 4, 18, 14, 5, 7, 16, 8, 19]",882.0,11.492115259170532
"[0, 15, 1, 17, 2, 9, 6, 13, 3, 12, 10, 11, 4, 18, 14, 5, 7, 16, 8, 19]",882.0,"[0, 15, 1, 17, 2, 9, 6, 13, 3, 12, 10, 11, 4, 18, 14, 5, 7, 16, 8, 19]",882.0,11.560085773468018
"[0, 15, 1, 17, 2, 9, 6, 13, 3, 12, 10, 11, 4, 18, 14, 5, 7, 16, 8, 19]",882.0,"[0, 15, 1, 17, 2, 9, 6, 13, 3, 12, 10, 11, 4, 18, 14, 5, 7, 16, 8, 19]",882.0,11.629052877426147
"[0, 15, 1, 17, 2, 9, 6, 13, 3, 12, 10, 11, 4, 18, 14, 5, 7, 16, 8, 19]",882.0,"[0, 15, 1, 17, 2, 9, 6, 13, 3, 12, 10, 11, 4, 18, 14, 5, 7, 16, 8, 19]",882.0,11.697023153305054
"[0, 15, 1, 17, 2, 9, 6, 13, 3, 12, 10, 11, 4, 18, 14, 5, 7, 16, 8, 19]",882.0,"[0, 15, 1, 17, 2, 9, 6, 13, 3, 12, 10, 11, 4, 18, 14, 5, 7, 16, 8, 19]",882.0,11.789990186691284
"[0, 15, 1, 17, 2, 9, 6, 13, 3, 12, 10, 11, 4, 18, 14, 5, 7, 16, 8, 19]",882.0,"[0, 15, 1, 17, 2, 9, 6, 13, 3, 12, 10, 11, 4, 18, 14, 5, 7, 16, 8, 19]",882.0,11.859947443008423
"[0, 15, 1, 17, 2, 9, 6, 13, 3, 12, 10, 11, 4, 18, 14, 5, 7, 16, 8, 19]",882.0,"[0, 15, 1, 17, 2, 9, 6, 13, 3, 12, 10, 11, 4, 18, 14, 5, 7, 16, 8, 19]",882.0,11.928932905197144
"[0, 15, 1, 17, 2, 9, 6, 13, 3, 12, 10, 11, 4, 18, 14, 5, 7, 16, 8, 19]",882.0,"[0, 15, 1, 17, 2, 9, 6, 13, 3, 12, 10, 11, 4, 18, 14, 5, 7, 16, 8, 19]",882.0,11.996885299682617
"[0, 15, 1, 17, 2, 9, 6, 13, 3, 12, 10, 11, 4, 18, 14, 5, 7, 16, 8, 19]",882.0,"[0, 15, 1, 17, 2, 9, 6, 13, 3, 12, 10, 11, 4, 18, 14, 5, 7, 16, 8, 19]",882.0,12.06684923171997
"[0, 15, 1, 17, 2, 9, 6, 13, 3, 12, 10, 11, 4, 18, 14, 5, 7, 16, 8, 19]",882.0,"[0, 15, 1, 17, 2, 9, 6, 13, 3, 12, 10, 11, 4, 18, 14, 5, 7, 16, 8, 19]",882.0,12.135822057723999
"[0, 15, 1, 17, 2, 9, 6, 13, 3, 12, 10, 11, 4, 18, 14, 5, 7, 16, 8, 19]",882.0,"[0, 15, 1, 17, 2, 9, 6, 13, 3, 12, 10, 11, 4, 18, 14, 5, 7, 16, 8, 19]",882.0,12.205790758132935
"[0, 15, 1, 17, 2, 9, 6, 13, 3, 12, 10, 11, 4, 18, 14, 5, 7, 16, 8, 19]",882.0,"[0, 15, 1, 17, 2, 9, 6, 13, 3, 12, 10, 11, 4, 18, 14, 5, 7, 16, 8, 19]",882.0,12.273765802383423
"[0, 15, 1, 17, 2, 9, 6, 13, 3, 12, 10, 11, 4, 18, 14, 5, 7, 16, 8, 19]",882.0,"[0, 15, 1, 17, 2, 9, 6, 13, 3, 12, 10, 11, 4, 18, 14, 5, 7, 16, 8, 19]",882.0,12.346721887588501
"[0, 15, 1, 17, 2, 9, 6, 13, 3, 12, 10, 11, 4, 18, 14, 5, 7, 16, 8, 19]",882.0,"[0, 15, 1, 17, 2, 9, 6, 13, 3, 12, 10, 11, 4, 18, 14, 5, 7, 16, 8, 19]",882.0,12.416691780090332
"[0, 15, 1, 17, 2, 9, 6, 13, 3, 12, 10, 11, 4, 18, 14, 5, 7, 16, 8, 19]",882.0,"[0, 15, 1, 17, 2, 9, 6, 13, 3, 12, 10, 11, 4, 18, 14, 5, 7, 16, 8, 19]",882.0,12.485660791397095
"[0, 15, 1, 17, 2, 9, 6, 13, 3, 12, 10, 11, 4, 18, 14, 5, 7, 16, 8, 19]",882.0,"[0, 15, 1, 17, 2, 9, 6, 13, 3, 12, 10, 11, 4, 18, 14, 5, 7, 16, 8, 19]",882.0,12.558629512786865
"[0, 15, 1, 17, 2, 9, 6, 13, 3, 12, 10, 11, 4, 18, 14, 5, 7, 16, 8, 19]",882.0,"[0, 15, 1, 17, 2, 9, 6, 13, 3, 12, 10, 11, 4, 18, 14, 5, 7, 16, 8, 19]",882.0,12.626598834991455
"[0, 15, 1, 17, 2, 9, 6, 13, 3, 12, 10, 11, 4, 18, 14, 5, 7, 16, 8, 19]",882.0,"[0, 15, 1, 17, 2, 9, 6, 13, 3, 12, 10, 11, 4, 18, 14, 5, 7, 16, 8, 19]",882.0,12.696566820144653
"[0, 15, 1, 17, 2, 9, 6, 13, 3, 12, 10, 11, 4, 18, 14, 5, 7, 16, 8, 19]",882.0,"[0, 15, 1, 17, 2, 9, 6, 13, 3, 12, 10, 11, 4, 18, 14, 5, 7, 16, 8, 19]",882.0,12.76353645324707
"[0, 15, 1, 17, 2, 9, 6, 13, 3, 12, 10, 11, 4, 18, 14, 5, 7, 16, 8, 19]",882.0,"[0, 15, 1, 17, 2, 9, 6, 13, 3, 12, 10, 11, 4, 18, 14, 5, 7, 16, 8, 19]",882.0,12.83250093460083
"[0, 15, 1, 17, 2, 9, 6, 13, 3, 12, 10, 11, 4, 18, 14, 5, 7, 16, 8, 19]",882.0,"[0, 15, 1, 17, 2, 9, 6, 13, 3, 12, 10, 11, 4, 18, 14, 5, 7, 16, 8, 19]",882.0,12.903470039367676
"[0, 15, 1, 17, 2, 9, 6, 13, 3, 12, 10, 11, 4, 18, 14, 5, 7, 16, 8, 19]",882.0,"[0, 15, 1, 17, 2, 9, 6, 13, 3, 12, 10, 11, 4, 18, 14, 5, 7, 16, 8, 19]",882.0,12.972440004348755
"[0, 15, 1, 17, 2, 9, 6, 13, 3, 12, 10, 11, 4, 18, 14, 5, 7, 16, 8, 19]",882.0,"[0, 15, 1, 17, 2, 9, 6, 13, 3, 12, 10, 11, 4, 18, 14, 5, 7, 16, 8, 19]",882.0,13.041411399841309
"[0, 15, 1, 17, 2, 9, 6, 13, 3, 12, 10, 11, 4, 18, 14, 5, 7, 16, 8, 19]",882.0,"[0, 15, 1, 17, 2, 9, 6, 13, 3, 12, 10, 11, 4, 18, 14, 5, 7, 16, 8, 19]",882.0,13.11438274383545
"[0, 15, 1, 17, 2, 9, 6, 13, 3, 12, 10, 11, 4, 18, 14, 5, 7, 16, 8, 19]",882.0,"[0, 15, 1, 17, 2, 9, 6, 13, 3, 12, 10, 11, 4, 18, 14, 5, 7, 16, 8, 19]",882.0,13.187343835830688
"[0, 15, 1, 17, 2, 9, 6, 13, 3, 12, 10, 11, 4, 18, 14, 5, 7, 16, 8, 19]",882.0,"[0, 15, 1, 17, 2, 9, 6, 13, 3, 12, 10, 11, 4, 18, 14, 5, 7, 16, 8, 19]",882.0,13.257310628890991
"[0, 15, 1, 17, 2, 9, 6, 13, 3, 12, 10, 11, 4, 18, 14, 5, 7, 16, 8, 19]",882.0,"[0, 15, 1, 17, 2, 9, 6, 13, 3, 12, 10, 11, 4, 18, 14, 5, 7, 16, 8, 19]",882.0,13.326278924942017
"[0, 15, 1, 17, 2, 9, 6, 13, 3, 12, 10, 11, 4, 18, 14, 5, 7, 16, 8, 19]",882.0,"[0, 15, 1, 17, 2, 9, 6, 13, 3, 12, 10, 11, 4, 18, 14, 5, 7, 16, 8, 19]",882.0,13.39724349975586
"[0, 15, 1, 17, 2, 9, 6, 13, 3, 12, 10, 11, 4, 18, 14, 5, 7, 16, 8, 19]",882.0,"[0, 15, 1, 17, 2, 9, 6, 13, 3, 12, 10, 11, 4, 18, 14, 5, 7, 16, 8, 19]",882.0,13.463216066360474
"[0, 15, 1, 17, 2, 9, 6, 13, 3, 12, 10, 11, 4, 18, 14, 5, 7, 16, 8, 19]",882.0,"[0, 15, 1, 17, 2, 9, 6, 13, 3, 12, 10, 11, 4, 18, 14, 5, 7, 16, 8, 19]",882.0,13.531185150146484
"[0, 15, 1, 17, 2, 9, 6, 13, 3, 12, 10, 11, 4, 18, 14, 5, 7, 16, 8, 19]",882.0,"[0, 15, 1, 17, 2, 9, 6, 13, 3, 12, 10, 11, 4, 18, 14, 5, 7, 16, 8, 19]",882.0,13.60215449333191
"[0, 15, 1, 17, 2, 9, 6, 13, 3, 12, 10, 11, 4, 18, 14, 5, 7, 16, 8, 19]",882.0,"[0, 15, 1, 17, 2, 9, 6, 13, 3, 12, 10, 11, 4, 18, 14, 5, 7, 16, 8, 19]",882.0,13.671123266220093
"[0, 15, 1, 17, 2, 9, 6, 13, 3, 12, 10, 11, 4, 18, 14, 5, 7, 16, 8, 19]",882.0,"[0, 15, 1, 17, 2, 9, 6, 13, 3, 12, 10, 11, 4, 18, 14, 5, 7, 16, 8, 19]",882.0,13.741092205047607
"[0, 15, 1, 17, 2, 9, 6, 13, 3, 12, 10, 11, 4, 18, 14, 5, 7, 16, 8, 19]",882.0,"[0, 15, 1, 17, 2, 9, 6, 13, 3, 12, 10, 11, 4, 18, 14, 5, 7, 16, 8, 19]",882.0,13.811057567596436
"[0, 15, 1, 17, 2, 9, 6, 13, 3, 12, 10, 11, 4, 18, 14, 5, 7, 16, 8, 19]",882.0,"[0, 15, 1, 17, 2, 9, 6, 13, 3, 12, 10, 11, 4, 18, 14, 5, 7, 16, 8, 19]",882.0,13.880025148391724
"[0, 15, 1, 17, 2, 9, 6, 13, 3, 12, 10, 11, 4, 18, 14, 5, 7, 16, 8, 19]",882.0,"[0, 15, 1, 17, 2, 9, 6, 13, 3, 12, 10, 11, 4, 18, 14, 5, 7, 16, 8, 19]",882.0,13.948993682861328
"[0, 15, 1, 17, 2, 9, 6, 13, 3, 12, 10, 11, 4, 18, 14, 5, 7, 16, 8, 19]",882.0,"[0, 15, 1, 17, 2, 9, 6, 13, 3, 12, 10, 11, 4, 18, 14, 5, 7, 16, 8, 19]",882.0,14.020965099334717
"[0, 15, 1, 17, 2, 9, 6, 13, 3, 12, 10, 11, 4, 18, 14, 5, 7, 16, 8, 19]",882.0,"[0, 15, 1, 17, 2, 9, 6, 13, 3, 12, 10, 11, 4, 18, 14, 5, 7, 16, 8, 19]",882.0,14.08993148803711
"[0, 15, 1, 17, 2, 9, 6, 13, 3, 12, 10, 11, 4, 18, 14, 5, 7, 16, 8, 19]",882.0,"[0, 15, 1, 17, 2, 9, 6, 13, 3, 12, 10, 11, 4, 18, 14, 5, 7, 16, 8, 19]",882.0,14.159902095794678
