Sequence,Fitness,Best_sequence,Best_fitness,Time
"[3, 16, 6, 10, 2, 14, 4, 17, 7, 1, 13, 0, 19, 18, 9, 15, 8, 12, 11, 5]",973.5,"[3, 16, 6, 10, 2, 14, 4, 17, 7, 1, 13, 0, 19, 18, 9, 15, 8, 12, 11, 5]",973.5,0.0
"[3, 16, 6, 10, 2, 14, 4, 17, 7, 1, 13, 0, 19, 18, 9, 15, 8, 12, 11, 5]",973.5,"[3, 16, 6, 10, 2, 14, 4, 17, 7, 1, 13, 0, 19, 18, 9, 15, 8, 12, 11, 5]",973.5,0.04801297187805176
"[3, 16, 6, 10, 2, 14, 4, 17, 7, 1, 13, 11, 19, 18, 9, 15, 8, 12, 0, 5]",895.5,"[3, 16, 6, 10, 2, 14, 4, 17, 7, 1, 13, 11, 19, 18, 9, 15, 8, 12, 0, 5]",895.5,0.09499883651733398
"[3, 16, 6, 10, 2, 14, 4, 17, 7, 1, 13, 11, 19, 18, 9, 15, 8, 12, 0, 5]",895.5,"[3, 16, 6, 10, 2, 14, 4, 17, 7, 1, 13, 11, 19, 18, 9, 15, 8, 12, 0, 5]",895.5,0.14299964904785156
"[3, 16, 6, 10, 2, 14, 4, 17, 7, 1, 13, 11, 19, 18, 9, 15, 8, 12, 0, 5]",895.5,"[3, 16, 6, 10, 2, 14, 4, 17, 7, 1, 13, 11, 19, 18, 9, 15, 8, 12, 0, 5]",895.5,0.19100117683410645
"[3, 16, 6, 10, 2, 14, 4, 17, 7, 1, 13, 11, 19, 18, 9, 15, 8, 12, 0, 5]",895.5,"[3, 16, 6, 10, 2, 14, 4, 17, 7, 1, 13, 11, 19, 18, 9, 15, 8, 12, 0, 5]",895.5,0.23900151252746582
"[3, 16, 6, 10, 2, 14, 4, 17, 7, 1, 13, 11, 19, 18, 9, 15, 8, 12, 0, 5]",895.5,"[3, 16, 6, 10, 2, 14, 4, 17, 7, 1, 13, 11, 19, 18, 9, 15, 8, 12, 0, 5]",895.5,0.288010835647583
"[3, 16, 6, 10, 2, 14, 4, 17, 7, 1, 13, 11, 19, 18, 9, 15, 8, 12, 0, 5]",895.5,"[3, 16, 6, 10, 2, 14, 4, 17, 7, 1, 13, 11, 19, 18, 9, 15, 8, 12, 0, 5]",895.5,0.3350057601928711
"[3, 16, 6, 10, 2, 14, 4, 17, 7, 1, 13, 11, 19, 18, 9, 15, 8, 12, 0, 5]",895.5,"[3, 16, 6, 10, 2, 14, 4, 17, 7, 1, 13, 11, 19, 18, 9, 15, 8, 12, 0, 5]",895.5,0.38601112365722656
"[3, 16, 6, 10, 2, 14, 4, 17, 7, 1, 13, 11, 19, 18, 9, 15, 8, 12, 0, 5]",895.5,"[3, 16, 6, 10, 2, 14, 4, 17, 7, 1, 13, 11, 19, 18, 9, 15, 8, 12, 0, 5]",895.5,0.438007116317749
"[3, 16, 6, 10, 2, 14, 4, 17, 7, 1, 13, 11, 19, 18, 9, 15, 8, 12, 0, 5]",895.5,"[3, 16, 6, 10, 2, 14, 4, 17, 7, 1, 13, 11, 19, 18, 9, 15, 8, 12, 0, 5]",895.5,0.4860067367553711
"[3, 16, 6, 10, 2, 14, 4, 17, 7, 1, 13, 11, 19, 18, 9, 15, 8, 12, 0, 5]",895.5,"[3, 16, 6, 10, 2, 14, 4, 17, 7, 1, 13, 11, 19, 18, 9, 15, 8, 12, 0, 5]",895.5,0.5340077877044678
"[3, 16, 6, 10, 2, 14, 4, 17, 7, 1, 13, 11, 19, 18, 9, 15, 8, 12, 0, 5]",895.5,"[3, 16, 6, 10, 2, 14, 4, 17, 7, 1, 13, 11, 19, 18, 9, 15, 8, 12, 0, 5]",895.5,0.5790069103240967
"[3, 16, 6, 10, 2, 14, 4, 17, 7, 1, 13, 11, 19, 18, 9, 15, 8, 12, 0, 5]",895.5,"[3, 16, 6, 10, 2, 14, 4, 17, 7, 1, 13, 11, 19, 18, 9, 15, 8, 12, 0, 5]",895.5,0.6270091533660889
"[3, 16, 6, 10, 2, 14, 4, 17, 7, 1, 13, 11, 19, 18, 9, 15, 8, 12, 0, 5]",895.5,"[3, 16, 6, 10, 2, 14, 4, 17, 7, 1, 13, 11, 19, 18, 9, 15, 8, 12, 0, 5]",895.5,0.6740105152130127
"[3, 16, 6, 10, 2, 14, 4, 17, 7, 1, 13, 11, 19, 18, 9, 15, 8, 12, 0, 5]",895.5,"[3, 16, 6, 10, 2, 14, 4, 17, 7, 1, 13, 11, 19, 18, 9, 15, 8, 12, 0, 5]",895.5,0.7210111618041992
"[3, 16, 6, 10, 2, 14, 4, 17, 7, 1, 13, 11, 19, 18, 9, 15, 8, 12, 0, 5]",895.5,"[3, 16, 6, 10, 2, 14, 4, 17, 7, 1, 13, 11, 19, 18, 9, 15, 8, 12, 0, 5]",895.5,0.7690355777740479
"[3, 16, 6, 10, 2, 14, 4, 17, 7, 1, 13, 11, 8, 18, 9, 15, 19, 12, 0, 5]",877.0,"[3, 16, 6, 10, 2, 14, 4, 17, 7, 1, 13, 11, 8, 18, 9, 15, 19, 12, 0, 5]",877.0,0.8170158863067627
"[3, 16, 6, 10, 2, 14, 4, 17, 7, 1, 13, 11, 8, 18, 9, 15, 19, 12, 0, 5]",877.0,"[3, 16, 6, 10, 2, 14, 4, 17, 7, 1, 13, 11, 8, 18, 9, 15, 19, 12, 0, 5]",877.0,0.8650190830230713
"[3, 16, 6, 10, 2, 14, 4, 17, 7, 1, 13, 11, 8, 18, 9, 15, 19, 12, 0, 5]",877.0,"[3, 16, 6, 10, 2, 14, 4, 17, 7, 1, 13, 11, 8, 18, 9, 15, 19, 12, 0, 5]",877.0,0.9130134582519531
"[3, 16, 6, 10, 2, 14, 4, 17, 7, 1, 13, 11, 8, 18, 9, 15, 19, 12, 0, 5]",877.0,"[3, 16, 6, 10, 2, 14, 4, 17, 7, 1, 13, 11, 8, 18, 9, 15, 19, 12, 0, 5]",877.0,0.9620156288146973
"[3, 16, 6, 10, 2, 14, 4, 17, 7, 1, 13, 11, 8, 18, 9, 15, 19, 12, 0, 5]",877.0,"[3, 16, 6, 10, 2, 14, 4, 17, 7, 1, 13, 11, 8, 18, 9, 15, 19, 12, 0, 5]",877.0,1.010014533996582
"[3, 16, 6, 10, 2, 14, 4, 17, 7, 1, 13, 11, 8, 18, 9, 15, 19, 12, 0, 5]",877.0,"[3, 16, 6, 10, 2, 14, 4, 17, 7, 1, 13, 11, 8, 18, 9, 15, 19, 12, 0, 5]",877.0,1.0580174922943115
"[3, 16, 6, 10, 2, 14, 4, 17, 7, 1, 13, 11, 8, 18, 9, 15, 19, 12, 0, 5]",877.0,"[3, 16, 6, 10, 2, 14, 4, 17, 7, 1, 13, 11, 8, 18, 9, 15, 19, 12, 0, 5]",877.0,1.1040189266204834
"[3, 16, 6, 10, 2, 14, 4, 17, 7, 1, 13, 11, 8, 18, 9, 15, 19, 12, 0, 5]",877.0,"[3, 16, 6, 10, 2, 14, 4, 17, 7, 1, 13, 11, 8, 18, 9, 15, 19, 12, 0, 5]",877.0,1.1530187129974365
"[3, 16, 6, 10, 2, 14, 4, 17, 7, 1, 13, 11, 8, 18, 9, 15, 19, 12, 0, 5]",877.0,"[3, 16, 6, 10, 2, 14, 4, 17, 7, 1, 13, 11, 8, 18, 9, 15, 19, 12, 0, 5]",877.0,1.2010202407836914
"[3, 16, 6, 10, 2, 14, 4, 17, 7, 1, 13, 11, 8, 18, 9, 15, 19, 12, 0, 5]",877.0,"[3, 16, 6, 10, 2, 14, 4, 17, 7, 1, 13, 11, 8, 18, 9, 15, 19, 12, 0, 5]",877.0,1.2510221004486084
"[3, 16, 6, 10, 2, 14, 4, 17, 7, 1, 13, 11, 8, 18, 9, 15, 19, 12, 0, 5]",877.0,"[3, 16, 6, 10, 2, 14, 4, 17, 7, 1, 13, 11, 8, 18, 9, 15, 19, 12, 0, 5]",877.0,1.2980237007141113
"[3, 16, 6, 10, 2, 14, 4, 17, 7, 1, 13, 11, 8, 18, 9, 15, 19, 12, 0, 5]",877.0,"[3, 16, 6, 10, 2, 14, 4, 17, 7, 1, 13, 11, 8, 18, 9, 15, 19, 12, 0, 5]",877.0,1.3460276126861572
"[3, 16, 6, 10, 2, 14, 4, 17, 7, 1, 13, 11, 8, 18, 9, 15, 19, 12, 0, 5]",877.0,"[3, 16, 6, 10, 2, 14, 4, 17, 7, 1, 13, 11, 8, 18, 9, 15, 19, 12, 0, 5]",877.0,1.3920247554779053
"[3, 16, 6, 10, 2, 14, 4, 17, 7, 1, 13, 11, 8, 18, 9, 15, 19, 12, 0, 5]",877.0,"[3, 16, 6, 10, 2, 14, 4, 17, 7, 1, 13, 11, 8, 18, 9, 15, 19, 12, 0, 5]",877.0,1.4400241374969482
"[3, 16, 6, 10, 2, 14, 4, 17, 7, 1, 13, 11, 8, 18, 9, 15, 19, 12, 0, 5]",877.0,"[3, 16, 6, 10, 2, 14, 4, 17, 7, 1, 13, 11, 8, 18, 9, 15, 19, 12, 0, 5]",877.0,1.488027811050415
"[3, 16, 6, 10, 2, 14, 4, 17, 7, 1, 13, 11, 8, 18, 9, 15, 19, 12, 0, 5]",877.0,"[3, 16, 6, 10, 2, 14, 4, 17, 7, 1, 13, 11, 8, 18, 9, 15, 19, 12, 0, 5]",877.0,1.534027338027954
"[3, 16, 6, 10, 2, 14, 4, 17, 7, 1, 13, 11, 8, 12, 9, 15, 19, 18, 0, 5]",871.0,"[3, 16, 6, 10, 2, 14, 4, 17, 7, 1, 13, 11, 8, 12, 9, 15, 19, 18, 0, 5]",871.0,1.5800364017486572
"[3, 16, 6, 10, 2, 14, 4, 17, 7, 1, 13, 11, 8, 12, 9, 15, 19, 18, 0, 5]",871.0,"[3, 16, 6, 10, 2, 14, 4, 17, 7, 1, 13, 11, 8, 12, 9, 15, 19, 18, 0, 5]",871.0,1.6290283203125
"[3, 16, 6, 10, 2, 14, 12, 17, 7, 1, 13, 11, 8, 4, 9, 15, 19, 18, 0, 5]",861.5,"[3, 16, 6, 10, 2, 14, 12, 17, 7, 1, 13, 11, 8, 4, 9, 15, 19, 18, 0, 5]",861.5,1.6760292053222656
"[3, 16, 6, 10, 2, 14, 12, 17, 7, 1, 13, 11, 8, 4, 9, 15, 19, 18, 0, 5]",861.5,"[3, 16, 6, 10, 2, 14, 12, 17, 7, 1, 13, 11, 8, 4, 9, 15, 19, 18, 0, 5]",861.5,1.7230298519134521
"[3, 16, 6, 10, 2, 14, 12, 17, 7, 1, 13, 11, 8, 4, 9, 15, 19, 18, 0, 5]",861.5,"[3, 16, 6, 10, 2, 14, 12, 17, 7, 1, 13, 11, 8, 4, 9, 15, 19, 18, 0, 5]",861.5,1.7720329761505127
"[3, 16, 6, 10, 2, 14, 12, 17, 7, 1, 13, 11, 8, 4, 9, 15, 19, 18, 0, 5]",861.5,"[3, 16, 6, 10, 2, 14, 12, 17, 7, 1, 13, 11, 8, 4, 9, 15, 19, 18, 0, 5]",861.5,1.8210322856903076
"[3, 16, 6, 10, 2, 14, 12, 17, 11, 1, 13, 7, 8, 4, 9, 15, 19, 18, 0, 5]",860.5,"[3, 16, 6, 10, 2, 14, 12, 17, 11, 1, 13, 7, 8, 4, 9, 15, 19, 18, 0, 5]",860.5,1.870032787322998
"[3, 16, 6, 10, 2, 14, 12, 17, 11, 1, 13, 7, 8, 4, 9, 15, 19, 18, 0, 5]",860.5,"[3, 16, 6, 10, 2, 14, 12, 17, 11, 1, 13, 7, 8, 4, 9, 15, 19, 18, 0, 5]",860.5,1.919034481048584
"[3, 16, 6, 10, 2, 14, 12, 17, 11, 1, 13, 7, 8, 4, 9, 15, 19, 18, 0, 5]",860.5,"[3, 16, 6, 10, 2, 14, 12, 17, 11, 1, 13, 7, 8, 4, 9, 15, 19, 18, 0, 5]",860.5,1.9680330753326416
"[3, 16, 6, 10, 2, 14, 12, 17, 11, 1, 13, 7, 8, 4, 9, 15, 19, 18, 0, 5]",860.5,"[3, 16, 6, 10, 2, 14, 12, 17, 11, 1, 13, 7, 8, 4, 9, 15, 19, 18, 0, 5]",860.5,2.017035961151123
"[3, 16, 6, 10, 2, 14, 12, 17, 11, 1, 13, 7, 8, 4, 9, 15, 19, 18, 0, 5]",860.5,"[3, 16, 6, 10, 2, 14, 12, 17, 11, 1, 13, 7, 8, 4, 9, 15, 19, 18, 0, 5]",860.5,2.0670368671417236
"[3, 16, 6, 10, 2, 14, 12, 17, 11, 1, 13, 7, 8, 4, 9, 15, 19, 18, 0, 5]",860.5,"[3, 16, 6, 10, 2, 14, 12, 17, 11, 1, 13, 7, 8, 4, 9, 15, 19, 18, 0, 5]",860.5,2.1150381565093994
"[3, 16, 6, 10, 2, 14, 12, 17, 11, 1, 13, 7, 8, 4, 9, 15, 19, 18, 0, 5]",860.5,"[3, 16, 6, 10, 2, 14, 12, 17, 11, 1, 13, 7, 8, 4, 9, 15, 19, 18, 0, 5]",860.5,2.162038803100586
"[3, 16, 6, 10, 2, 14, 12, 17, 11, 1, 13, 7, 8, 4, 9, 15, 19, 18, 0, 5]",860.5,"[3, 16, 6, 10, 2, 14, 12, 17, 11, 1, 13, 7, 8, 4, 9, 15, 19, 18, 0, 5]",860.5,2.2090394496917725
"[3, 16, 6, 10, 2, 14, 12, 17, 11, 1, 13, 7, 8, 4, 9, 15, 19, 18, 0, 5]",860.5,"[3, 16, 6, 10, 2, 14, 12, 17, 11, 1, 13, 7, 8, 4, 9, 15, 19, 18, 0, 5]",860.5,2.258040428161621
"[3, 16, 6, 10, 2, 14, 12, 17, 11, 1, 13, 7, 8, 4, 9, 15, 19, 18, 0, 5]",860.5,"[3, 16, 6, 10, 2, 14, 12, 17, 11, 1, 13, 7, 8, 4, 9, 15, 19, 18, 0, 5]",860.5,2.306041717529297
"[3, 16, 6, 10, 2, 14, 12, 17, 11, 1, 13, 7, 8, 4, 9, 15, 19, 18, 0, 5]",860.5,"[3, 16, 6, 10, 2, 14, 12, 17, 11, 1, 13, 7, 8, 4, 9, 15, 19, 18, 0, 5]",860.5,2.35404372215271
"[3, 16, 6, 10, 2, 14, 12, 17, 11, 1, 13, 7, 8, 4, 9, 15, 19, 18, 0, 5]",860.5,"[3, 16, 6, 10, 2, 14, 12, 17, 11, 1, 13, 7, 8, 4, 9, 15, 19, 18, 0, 5]",860.5,2.405042886734009
"[3, 16, 6, 10, 2, 14, 12, 17, 11, 1, 13, 7, 8, 4, 9, 15, 19, 18, 0, 5]",860.5,"[3, 16, 6, 10, 2, 14, 12, 17, 11, 1, 13, 7, 8, 4, 9, 15, 19, 18, 0, 5]",860.5,2.4530439376831055
"[3, 16, 6, 10, 2, 14, 12, 17, 11, 1, 13, 7, 8, 4, 9, 15, 19, 18, 0, 5]",860.5,"[3, 16, 6, 10, 2, 14, 12, 17, 11, 1, 13, 7, 8, 4, 9, 15, 19, 18, 0, 5]",860.5,2.500044584274292
"[3, 16, 6, 10, 2, 14, 12, 17, 11, 1, 13, 7, 8, 4, 9, 15, 19, 18, 0, 5]",860.5,"[3, 16, 6, 10, 2, 14, 12, 17, 11, 1, 13, 7, 8, 4, 9, 15, 19, 18, 0, 5]",860.5,2.549086093902588
"[3, 16, 6, 10, 2, 14, 12, 17, 11, 1, 13, 7, 8, 4, 9, 15, 19, 18, 0, 5]",860.5,"[3, 16, 6, 10, 2, 14, 12, 17, 11, 1, 13, 7, 8, 4, 9, 15, 19, 18, 0, 5]",860.5,2.5970466136932373
"[3, 16, 6, 10, 2, 14, 12, 17, 11, 1, 13, 7, 8, 4, 9, 15, 19, 18, 0, 5]",860.5,"[3, 16, 6, 10, 2, 14, 12, 17, 11, 1, 13, 7, 8, 4, 9, 15, 19, 18, 0, 5]",860.5,2.646044969558716
"[3, 16, 6, 10, 2, 14, 12, 17, 11, 1, 13, 7, 8, 4, 9, 15, 19, 18, 0, 5]",860.5,"[3, 16, 6, 10, 2, 14, 12, 17, 11, 1, 13, 7, 8, 4, 9, 15, 19, 18, 0, 5]",860.5,2.693049669265747
"[3, 16, 6, 10, 2, 14, 12, 17, 11, 1, 13, 7, 8, 4, 9, 15, 19, 18, 0, 5]",860.5,"[3, 16, 6, 10, 2, 14, 12, 17, 11, 1, 13, 7, 8, 4, 9, 15, 19, 18, 0, 5]",860.5,2.7400550842285156
"[3, 16, 6, 10, 2, 14, 12, 17, 11, 1, 13, 7, 8, 4, 9, 15, 19, 18, 0, 5]",860.5,"[3, 16, 6, 10, 2, 14, 12, 17, 11, 1, 13, 7, 8, 4, 9, 15, 19, 18, 0, 5]",860.5,2.7860498428344727
"[3, 16, 6, 10, 2, 14, 12, 17, 11, 1, 13, 7, 8, 4, 9, 15, 19, 18, 0, 5]",860.5,"[3, 16, 6, 10, 2, 14, 12, 17, 11, 1, 13, 7, 8, 4, 9, 15, 19, 18, 0, 5]",860.5,2.8340508937835693
"[3, 16, 6, 10, 2, 14, 12, 17, 11, 1, 13, 7, 8, 4, 9, 15, 19, 18, 0, 5]",860.5,"[3, 16, 6, 10, 2, 14, 12, 17, 11, 1, 13, 7, 8, 4, 9, 15, 19, 18, 0, 5]",860.5,2.882051944732666
"[3, 16, 6, 10, 2, 14, 12, 17, 11, 1, 13, 7, 8, 4, 9, 15, 19, 18, 0, 5]",860.5,"[3, 16, 6, 10, 2, 14, 12, 17, 11, 1, 13, 7, 8, 4, 9, 15, 19, 18, 0, 5]",860.5,2.9290499687194824
"[3, 16, 6, 10, 2, 14, 12, 17, 11, 1, 13, 7, 8, 4, 9, 15, 19, 18, 0, 5]",860.5,"[3, 16, 6, 10, 2, 14, 12, 17, 11, 1, 13, 7, 8, 4, 9, 15, 19, 18, 0, 5]",860.5,2.9770569801330566
"[3, 16, 6, 10, 2, 14, 12, 17, 11, 1, 13, 7, 8, 4, 9, 15, 19, 18, 0, 5]",860.5,"[3, 16, 6, 10, 2, 14, 12, 17, 11, 1, 13, 7, 8, 4, 9, 15, 19, 18, 0, 5]",860.5,3.02606201171875
"[3, 16, 6, 10, 2, 14, 12, 17, 11, 1, 13, 7, 8, 4, 9, 15, 19, 18, 0, 5]",860.5,"[3, 16, 6, 10, 2, 14, 12, 17, 11, 1, 13, 7, 8, 4, 9, 15, 19, 18, 0, 5]",860.5,3.0740561485290527
"[3, 16, 6, 10, 2, 14, 12, 17, 11, 1, 13, 7, 8, 4, 9, 15, 19, 18, 0, 5]",860.5,"[3, 16, 6, 10, 2, 14, 12, 17, 11, 1, 13, 7, 8, 4, 9, 15, 19, 18, 0, 5]",860.5,3.1230573654174805
"[3, 16, 6, 10, 2, 14, 12, 17, 11, 1, 13, 7, 8, 4, 9, 15, 19, 18, 0, 5]",860.5,"[3, 16, 6, 10, 2, 14, 12, 17, 11, 1, 13, 7, 8, 4, 9, 15, 19, 18, 0, 5]",860.5,3.1710572242736816
"[3, 16, 6, 10, 2, 14, 12, 17, 11, 1, 13, 7, 8, 4, 9, 15, 19, 18, 0, 5]",860.5,"[3, 16, 6, 10, 2, 14, 12, 17, 11, 1, 13, 7, 8, 4, 9, 15, 19, 18, 0, 5]",860.5,3.2210586071014404
"[3, 16, 6, 10, 2, 14, 12, 17, 11, 1, 13, 7, 8, 4, 9, 15, 19, 18, 0, 5]",860.5,"[3, 16, 6, 10, 2, 14, 12, 17, 11, 1, 13, 7, 8, 4, 9, 15, 19, 18, 0, 5]",860.5,3.2950642108917236
"[3, 16, 6, 10, 2, 14, 12, 17, 11, 1, 13, 7, 8, 4, 9, 15, 19, 18, 0, 5]",860.5,"[3, 16, 6, 10, 2, 14, 12, 17, 11, 1, 13, 7, 8, 4, 9, 15, 19, 18, 0, 5]",860.5,3.3420660495758057
"[3, 16, 6, 10, 2, 14, 12, 17, 11, 1, 13, 7, 8, 4, 9, 15, 19, 18, 0, 5]",860.5,"[3, 16, 6, 10, 2, 14, 12, 17, 11, 1, 13, 7, 8, 4, 9, 15, 19, 18, 0, 5]",860.5,3.3900649547576904
"[3, 16, 6, 10, 2, 14, 12, 17, 11, 1, 13, 7, 8, 4, 9, 15, 19, 18, 0, 5]",860.5,"[3, 16, 6, 10, 2, 14, 12, 17, 11, 1, 13, 7, 8, 4, 9, 15, 19, 18, 0, 5]",860.5,3.437091588973999
"[3, 16, 6, 10, 2, 14, 12, 17, 11, 1, 13, 7, 8, 4, 9, 15, 19, 18, 0, 5]",860.5,"[3, 16, 6, 10, 2, 14, 12, 17, 11, 1, 13, 7, 8, 4, 9, 15, 19, 18, 0, 5]",860.5,3.4840621948242188
"[3, 16, 6, 10, 2, 14, 12, 17, 11, 1, 13, 7, 8, 4, 9, 15, 19, 18, 0, 5]",860.5,"[3, 16, 6, 10, 2, 14, 12, 17, 11, 1, 13, 7, 8, 4, 9, 15, 19, 18, 0, 5]",860.5,3.5330650806427
"[3, 16, 6, 10, 2, 14, 12, 17, 11, 1, 13, 7, 8, 4, 9, 15, 19, 18, 0, 5]",860.5,"[3, 16, 6, 10, 2, 14, 12, 17, 11, 1, 13, 7, 8, 4, 9, 15, 19, 18, 0, 5]",860.5,3.581066131591797
"[3, 16, 6, 10, 2, 14, 12, 17, 11, 1, 13, 7, 8, 4, 9, 15, 19, 18, 0, 5]",860.5,"[3, 16, 6, 10, 2, 14, 12, 17, 11, 1, 13, 7, 8, 4, 9, 15, 19, 18, 0, 5]",860.5,3.6270668506622314
"[3, 16, 6, 10, 2, 14, 12, 17, 11, 1, 13, 7, 8, 4, 9, 15, 19, 18, 0, 5]",860.5,"[3, 16, 6, 10, 2, 14, 12, 17, 11, 1, 13, 7, 8, 4, 9, 15, 19, 18, 0, 5]",860.5,3.673067331314087
"[3, 16, 6, 10, 2, 14, 12, 17, 11, 1, 13, 7, 8, 4, 9, 15, 19, 18, 0, 5]",860.5,"[3, 16, 6, 10, 2, 14, 12, 17, 11, 1, 13, 7, 8, 4, 9, 15, 19, 18, 0, 5]",860.5,3.720065116882324
"[3, 16, 6, 10, 2, 14, 12, 17, 11, 1, 13, 7, 8, 4, 9, 15, 19, 18, 0, 5]",860.5,"[3, 16, 6, 10, 2, 14, 12, 17, 11, 1, 13, 7, 8, 4, 9, 15, 19, 18, 0, 5]",860.5,3.7670695781707764
"[3, 16, 6, 10, 2, 14, 12, 17, 11, 1, 13, 7, 8, 4, 9, 15, 19, 18, 0, 5]",860.5,"[3, 16, 6, 10, 2, 14, 12, 17, 11, 1, 13, 7, 8, 4, 9, 15, 19, 18, 0, 5]",860.5,3.81207013130188
"[3, 16, 6, 10, 2, 14, 12, 17, 11, 1, 13, 7, 8, 4, 9, 15, 19, 18, 0, 5]",860.5,"[3, 16, 6, 10, 2, 14, 12, 17, 11, 1, 13, 7, 8, 4, 9, 15, 19, 18, 0, 5]",860.5,3.8600711822509766
"[3, 6, 16, 10, 2, 14, 12, 17, 11, 1, 13, 7, 8, 4, 9, 15, 19, 18, 0, 5]",859.0,"[3, 6, 16, 10, 2, 14, 12, 17, 11, 1, 13, 7, 8, 4, 9, 15, 19, 18, 0, 5]",859.0,3.9090681076049805
"[3, 6, 16, 10, 2, 14, 12, 17, 11, 1, 13, 7, 8, 4, 9, 15, 19, 18, 0, 5]",859.0,"[3, 6, 16, 10, 2, 14, 12, 17, 11, 1, 13, 7, 8, 4, 9, 15, 19, 18, 0, 5]",859.0,3.9570717811584473
"[3, 6, 16, 10, 2, 14, 12, 17, 11, 1, 13, 7, 8, 4, 9, 15, 19, 18, 0, 5]",859.0,"[3, 6, 16, 10, 2, 14, 12, 17, 11, 1, 13, 7, 8, 4, 9, 15, 19, 18, 0, 5]",859.0,4.005079507827759
"[3, 6, 16, 10, 2, 14, 12, 17, 11, 1, 13, 7, 8, 4, 9, 15, 19, 18, 0, 5]",859.0,"[3, 6, 16, 10, 2, 14, 12, 17, 11, 1, 13, 7, 8, 4, 9, 15, 19, 18, 0, 5]",859.0,4.051075458526611
"[3, 6, 16, 10, 2, 14, 12, 17, 11, 1, 13, 7, 8, 4, 9, 15, 19, 18, 0, 5]",859.0,"[3, 6, 16, 10, 2, 14, 12, 17, 11, 1, 13, 7, 8, 4, 9, 15, 19, 18, 0, 5]",859.0,4.099074602127075
"[3, 6, 16, 10, 2, 14, 12, 17, 11, 1, 13, 7, 8, 4, 9, 15, 19, 18, 0, 5]",859.0,"[3, 6, 16, 10, 2, 14, 12, 17, 11, 1, 13, 7, 8, 4, 9, 15, 19, 18, 0, 5]",859.0,4.1460771560668945
"[3, 6, 16, 10, 2, 14, 12, 17, 11, 1, 13, 7, 8, 4, 9, 15, 19, 18, 0, 5]",859.0,"[3, 6, 16, 10, 2, 14, 12, 17, 11, 1, 13, 7, 8, 4, 9, 15, 19, 18, 0, 5]",859.0,4.1960790157318115
"[3, 6, 16, 10, 2, 14, 12, 17, 11, 1, 13, 7, 8, 4, 9, 15, 19, 18, 0, 5]",859.0,"[3, 6, 16, 10, 2, 14, 12, 17, 11, 1, 13, 7, 8, 4, 9, 15, 19, 18, 0, 5]",859.0,4.245081663131714
"[3, 6, 16, 10, 2, 14, 12, 17, 11, 1, 13, 7, 8, 4, 9, 15, 19, 18, 0, 5]",859.0,"[3, 6, 16, 10, 2, 14, 12, 17, 11, 1, 13, 7, 8, 4, 9, 15, 19, 18, 0, 5]",859.0,4.292081117630005
"[3, 6, 16, 10, 2, 14, 12, 17, 11, 1, 13, 7, 8, 4, 9, 15, 19, 18, 0, 5]",859.0,"[3, 6, 16, 10, 2, 14, 12, 17, 11, 1, 13, 7, 8, 4, 9, 15, 19, 18, 0, 5]",859.0,4.340078353881836
"[3, 6, 16, 10, 2, 14, 12, 17, 11, 1, 13, 7, 8, 4, 9, 15, 19, 18, 0, 5]",859.0,"[3, 6, 16, 10, 2, 14, 12, 17, 11, 1, 13, 7, 8, 4, 9, 15, 19, 18, 0, 5]",859.0,4.387088775634766
"[3, 6, 16, 10, 2, 14, 12, 17, 11, 1, 13, 7, 8, 4, 9, 15, 19, 18, 0, 5]",859.0,"[3, 6, 16, 10, 2, 14, 12, 17, 11, 1, 13, 7, 8, 4, 9, 15, 19, 18, 0, 5]",859.0,4.435081720352173
"[3, 6, 16, 10, 2, 14, 12, 17, 11, 1, 13, 7, 8, 4, 9, 15, 19, 18, 0, 5]",859.0,"[3, 6, 16, 10, 2, 14, 12, 17, 11, 1, 13, 7, 8, 4, 9, 15, 19, 18, 0, 5]",859.0,4.4840826988220215
"[3, 6, 16, 10, 2, 14, 12, 17, 11, 1, 13, 7, 8, 4, 9, 15, 19, 18, 0, 5]",859.0,"[3, 6, 16, 10, 2, 14, 12, 17, 11, 1, 13, 7, 8, 4, 9, 15, 19, 18, 0, 5]",859.0,4.532083988189697
"[3, 6, 16, 10, 2, 14, 12, 17, 11, 1, 13, 7, 8, 4, 9, 15, 19, 18, 0, 5]",859.0,"[3, 6, 16, 10, 2, 14, 12, 17, 11, 1, 13, 7, 8, 4, 9, 15, 19, 18, 0, 5]",859.0,4.580083847045898
"[3, 6, 16, 10, 2, 14, 12, 17, 11, 1, 13, 7, 8, 4, 9, 15, 19, 18, 0, 5]",859.0,"[3, 6, 16, 10, 2, 14, 12, 17, 11, 1, 13, 7, 8, 4, 9, 15, 19, 18, 0, 5]",859.0,4.629084825515747
"[3, 6, 16, 10, 2, 14, 12, 17, 11, 1, 13, 7, 8, 4, 9, 15, 19, 18, 0, 5]",859.0,"[3, 6, 16, 10, 2, 14, 12, 17, 11, 1, 13, 7, 8, 4, 9, 15, 19, 18, 0, 5]",859.0,4.677088022232056
"[3, 6, 16, 10, 2, 14, 12, 17, 11, 1, 13, 7, 8, 4, 9, 15, 19, 18, 0, 5]",859.0,"[3, 6, 16, 10, 2, 14, 12, 17, 11, 1, 13, 7, 8, 4, 9, 15, 19, 18, 0, 5]",859.0,4.7240986824035645
"[3, 6, 16, 10, 2, 14, 12, 17, 11, 1, 13, 7, 8, 4, 9, 15, 19, 18, 0, 5]",859.0,"[3, 6, 16, 10, 2, 14, 12, 17, 11, 1, 13, 7, 8, 4, 9, 15, 19, 18, 0, 5]",859.0,4.772108793258667
"[3, 6, 16, 10, 2, 14, 12, 17, 11, 1, 13, 7, 8, 4, 9, 15, 19, 18, 0, 5]",859.0,"[3, 6, 16, 10, 2, 14, 12, 17, 11, 1, 13, 7, 8, 4, 9, 15, 19, 18, 0, 5]",859.0,4.820091247558594
"[3, 6, 16, 10, 2, 14, 15, 17, 11, 1, 13, 7, 8, 4, 9, 12, 19, 18, 0, 5]",858.0,"[3, 6, 16, 10, 2, 14, 15, 17, 11, 1, 13, 7, 8, 4, 9, 12, 19, 18, 0, 5]",858.0,4.86809778213501
"[3, 6, 16, 10, 2, 14, 15, 17, 11, 1, 13, 7, 8, 4, 9, 12, 19, 18, 0, 5]",858.0,"[3, 6, 16, 10, 2, 14, 15, 17, 11, 1, 13, 7, 8, 4, 9, 12, 19, 18, 0, 5]",858.0,4.916143894195557
"[3, 6, 16, 10, 2, 14, 15, 17, 11, 1, 13, 7, 8, 4, 9, 12, 19, 18, 0, 5]",858.0,"[3, 6, 16, 10, 2, 14, 15, 17, 11, 1, 13, 7, 8, 4, 9, 12, 19, 18, 0, 5]",858.0,4.963092803955078
"[3, 6, 16, 10, 2, 14, 15, 17, 11, 1, 13, 7, 8, 4, 9, 12, 19, 18, 0, 5]",858.0,"[3, 6, 16, 10, 2, 14, 15, 17, 11, 1, 13, 7, 8, 4, 9, 12, 19, 18, 0, 5]",858.0,5.010095596313477
"[3, 6, 16, 10, 2, 14, 15, 17, 11, 1, 13, 7, 8, 4, 9, 12, 19, 18, 0, 5]",858.0,"[3, 6, 16, 10, 2, 14, 15, 17, 11, 1, 13, 7, 8, 4, 9, 12, 19, 18, 0, 5]",858.0,5.06009316444397
"[3, 6, 16, 10, 2, 14, 15, 17, 11, 1, 13, 7, 8, 4, 9, 12, 19, 18, 0, 5]",858.0,"[3, 6, 16, 10, 2, 14, 15, 17, 11, 1, 13, 7, 8, 4, 9, 12, 19, 18, 0, 5]",858.0,5.109094142913818
"[3, 6, 16, 10, 2, 14, 15, 17, 11, 1, 13, 7, 8, 4, 9, 12, 19, 18, 0, 5]",858.0,"[3, 6, 16, 10, 2, 14, 15, 17, 11, 1, 13, 7, 8, 4, 9, 12, 19, 18, 0, 5]",858.0,5.158095121383667
"[3, 6, 16, 10, 2, 14, 15, 17, 11, 1, 13, 7, 8, 4, 9, 12, 19, 18, 0, 5]",858.0,"[3, 6, 16, 10, 2, 14, 15, 17, 11, 1, 13, 7, 8, 4, 9, 12, 19, 18, 0, 5]",858.0,5.205096006393433
"[3, 6, 16, 10, 2, 14, 15, 17, 11, 1, 13, 7, 8, 4, 9, 12, 19, 18, 0, 5]",858.0,"[3, 6, 16, 10, 2, 14, 15, 17, 11, 1, 13, 7, 8, 4, 9, 12, 19, 18, 0, 5]",858.0,5.252096891403198
"[3, 6, 16, 10, 2, 14, 15, 17, 11, 1, 13, 7, 8, 4, 9, 12, 19, 18, 0, 5]",858.0,"[3, 6, 16, 10, 2, 14, 15, 17, 11, 1, 13, 7, 8, 4, 9, 12, 19, 18, 0, 5]",858.0,5.301097869873047
"[3, 6, 16, 10, 2, 14, 15, 17, 11, 1, 13, 7, 8, 4, 9, 12, 19, 18, 0, 5]",858.0,"[3, 6, 16, 10, 2, 14, 15, 17, 11, 1, 13, 7, 8, 4, 9, 12, 19, 18, 0, 5]",858.0,5.350098371505737
"[3, 6, 16, 10, 2, 14, 15, 17, 11, 1, 13, 7, 8, 4, 9, 12, 19, 18, 0, 5]",858.0,"[3, 6, 16, 10, 2, 14, 15, 17, 11, 1, 13, 7, 8, 4, 9, 12, 19, 18, 0, 5]",858.0,5.396100044250488
"[3, 6, 16, 10, 2, 14, 15, 17, 11, 1, 13, 7, 8, 4, 9, 12, 19, 18, 0, 5]",858.0,"[3, 6, 16, 10, 2, 14, 15, 17, 11, 1, 13, 7, 8, 4, 9, 12, 19, 18, 0, 5]",858.0,5.446100950241089
"[3, 6, 16, 10, 2, 14, 15, 17, 11, 1, 13, 7, 8, 4, 9, 12, 19, 18, 0, 5]",858.0,"[3, 6, 16, 10, 2, 14, 15, 17, 11, 1, 13, 7, 8, 4, 9, 12, 19, 18, 0, 5]",858.0,5.495101690292358
"[3, 6, 16, 10, 2, 14, 15, 17, 11, 1, 13, 7, 8, 4, 9, 12, 19, 18, 0, 5]",858.0,"[3, 6, 16, 10, 2, 14, 15, 17, 11, 1, 13, 7, 8, 4, 9, 12, 19, 18, 0, 5]",858.0,5.543102264404297
"[3, 6, 16, 10, 2, 14, 15, 17, 11, 1, 13, 7, 8, 4, 9, 12, 19, 18, 0, 5]",858.0,"[3, 6, 16, 10, 2, 14, 15, 17, 11, 1, 13, 7, 8, 4, 9, 12, 19, 18, 0, 5]",858.0,5.593103408813477
"[3, 6, 16, 10, 2, 14, 15, 17, 11, 1, 13, 7, 8, 4, 9, 12, 19, 18, 0, 5]",858.0,"[3, 6, 16, 10, 2, 14, 15, 17, 11, 1, 13, 7, 8, 4, 9, 12, 19, 18, 0, 5]",858.0,5.643104314804077
"[3, 6, 16, 10, 2, 14, 15, 17, 11, 1, 13, 7, 8, 4, 9, 12, 19, 18, 0, 5]",858.0,"[3, 6, 16, 10, 2, 14, 15, 17, 11, 1, 13, 7, 8, 4, 9, 12, 19, 18, 0, 5]",858.0,5.6901068687438965
"[3, 6, 16, 10, 2, 14, 15, 17, 11, 1, 13, 7, 8, 4, 9, 12, 19, 18, 0, 5]",858.0,"[3, 6, 16, 10, 2, 14, 15, 17, 11, 1, 13, 7, 8, 4, 9, 12, 19, 18, 0, 5]",858.0,5.739108085632324
"[3, 6, 16, 10, 2, 14, 15, 17, 11, 1, 13, 7, 8, 4, 9, 12, 19, 18, 0, 5]",858.0,"[3, 6, 16, 10, 2, 14, 15, 17, 11, 1, 13, 7, 8, 4, 9, 12, 19, 18, 0, 5]",858.0,5.788110256195068
"[3, 6, 16, 10, 2, 14, 15, 17, 11, 1, 13, 7, 8, 4, 9, 12, 19, 18, 0, 5]",858.0,"[3, 6, 16, 10, 2, 14, 15, 17, 11, 1, 13, 7, 8, 4, 9, 12, 19, 18, 0, 5]",858.0,5.837116003036499
"[3, 6, 16, 10, 2, 14, 15, 17, 11, 1, 13, 7, 8, 4, 9, 12, 19, 18, 0, 5]",858.0,"[3, 6, 16, 10, 2, 14, 15, 17, 11, 1, 13, 7, 8, 4, 9, 12, 19, 18, 0, 5]",858.0,5.885109186172485
"[3, 6, 16, 10, 2, 14, 15, 17, 11, 1, 13, 7, 8, 4, 9, 12, 19, 18, 0, 5]",858.0,"[3, 6, 16, 10, 2, 14, 15, 17, 11, 1, 13, 7, 8, 4, 9, 12, 19, 18, 0, 5]",858.0,5.934110641479492
"[3, 6, 16, 10, 2, 14, 15, 17, 11, 1, 13, 7, 8, 4, 9, 12, 19, 18, 0, 5]",858.0,"[3, 6, 16, 10, 2, 14, 15, 17, 11, 1, 13, 7, 8, 4, 9, 12, 19, 18, 0, 5]",858.0,5.984111547470093
"[3, 6, 16, 10, 2, 14, 15, 17, 11, 1, 13, 7, 8, 4, 9, 12, 19, 18, 0, 5]",858.0,"[3, 6, 16, 10, 2, 14, 15, 17, 11, 1, 13, 7, 8, 4, 9, 12, 19, 18, 0, 5]",858.0,6.035111665725708
"[3, 6, 16, 10, 2, 14, 15, 17, 11, 1, 13, 7, 8, 4, 9, 12, 19, 18, 0, 5]",858.0,"[3, 6, 16, 10, 2, 14, 15, 17, 11, 1, 13, 7, 8, 4, 9, 12, 19, 18, 0, 5]",858.0,6.087111949920654
"[3, 6, 16, 10, 2, 14, 15, 17, 11, 1, 13, 7, 8, 4, 9, 12, 19, 18, 0, 5]",858.0,"[3, 6, 16, 10, 2, 14, 15, 17, 11, 1, 13, 7, 8, 4, 9, 12, 19, 18, 0, 5]",858.0,6.14211630821228
"[3, 6, 16, 10, 2, 14, 15, 17, 11, 1, 13, 7, 8, 4, 9, 12, 19, 18, 0, 5]",858.0,"[3, 6, 16, 10, 2, 14, 15, 17, 11, 1, 13, 7, 8, 4, 9, 12, 19, 18, 0, 5]",858.0,6.198116302490234
"[3, 6, 16, 10, 2, 14, 15, 17, 11, 1, 13, 7, 8, 4, 9, 12, 19, 18, 0, 5]",858.0,"[3, 6, 16, 10, 2, 14, 15, 17, 11, 1, 13, 7, 8, 4, 9, 12, 19, 18, 0, 5]",858.0,6.253113508224487
"[3, 6, 16, 10, 2, 14, 15, 17, 11, 1, 13, 7, 8, 4, 9, 12, 19, 18, 0, 5]",858.0,"[3, 6, 16, 10, 2, 14, 15, 17, 11, 1, 13, 7, 8, 4, 9, 12, 19, 18, 0, 5]",858.0,6.305115699768066
"[3, 6, 16, 10, 2, 14, 15, 17, 11, 1, 13, 7, 8, 4, 9, 12, 19, 18, 0, 5]",858.0,"[3, 6, 16, 10, 2, 14, 15, 17, 11, 1, 13, 7, 8, 4, 9, 12, 19, 18, 0, 5]",858.0,6.358118534088135
"[3, 6, 16, 10, 2, 14, 15, 17, 11, 1, 13, 7, 8, 4, 9, 12, 19, 18, 0, 5]",858.0,"[3, 6, 16, 10, 2, 14, 15, 17, 11, 1, 13, 7, 8, 4, 9, 12, 19, 18, 0, 5]",858.0,6.407118797302246
"[3, 6, 16, 10, 2, 14, 15, 17, 11, 1, 13, 7, 8, 4, 9, 12, 19, 18, 0, 5]",858.0,"[3, 6, 16, 10, 2, 14, 15, 17, 11, 1, 13, 7, 8, 4, 9, 12, 19, 18, 0, 5]",858.0,6.456119537353516
"[3, 6, 16, 10, 2, 14, 15, 17, 11, 1, 13, 7, 8, 4, 9, 12, 19, 18, 0, 5]",858.0,"[3, 6, 16, 10, 2, 14, 15, 17, 11, 1, 13, 7, 8, 4, 9, 12, 19, 18, 0, 5]",858.0,6.505120515823364
"[3, 6, 16, 10, 2, 14, 15, 17, 11, 1, 13, 7, 8, 4, 9, 12, 19, 18, 0, 5]",858.0,"[3, 6, 16, 10, 2, 14, 15, 17, 11, 1, 13, 7, 8, 4, 9, 12, 19, 18, 0, 5]",858.0,6.5571229457855225
"[3, 6, 16, 10, 2, 14, 15, 17, 11, 1, 13, 7, 8, 4, 9, 12, 19, 18, 0, 5]",858.0,"[3, 6, 16, 10, 2, 14, 15, 17, 11, 1, 13, 7, 8, 4, 9, 12, 19, 18, 0, 5]",858.0,6.605121374130249
"[3, 6, 16, 10, 2, 14, 15, 17, 11, 1, 13, 7, 8, 4, 9, 12, 19, 18, 0, 5]",858.0,"[3, 6, 16, 10, 2, 14, 15, 17, 11, 1, 13, 7, 8, 4, 9, 12, 19, 18, 0, 5]",858.0,6.653146505355835
"[3, 6, 16, 10, 2, 14, 15, 17, 11, 1, 13, 7, 8, 4, 9, 12, 19, 18, 0, 5]",858.0,"[3, 6, 16, 10, 2, 14, 15, 17, 11, 1, 13, 7, 8, 4, 9, 12, 19, 18, 0, 5]",858.0,6.6991260051727295
"[3, 6, 16, 10, 2, 14, 15, 17, 11, 1, 13, 7, 8, 4, 9, 12, 19, 18, 0, 5]",858.0,"[3, 6, 16, 10, 2, 14, 15, 17, 11, 1, 13, 7, 8, 4, 9, 12, 19, 18, 0, 5]",858.0,6.749125719070435
"[3, 6, 16, 10, 2, 14, 15, 17, 11, 1, 13, 7, 8, 4, 9, 12, 19, 18, 0, 5]",858.0,"[3, 6, 16, 10, 2, 14, 15, 17, 11, 1, 13, 7, 8, 4, 9, 12, 19, 18, 0, 5]",858.0,6.796211004257202
"[3, 6, 16, 10, 2, 14, 15, 17, 11, 1, 13, 7, 8, 4, 9, 12, 19, 18, 0, 5]",858.0,"[3, 6, 16, 10, 2, 14, 15, 17, 11, 1, 13, 7, 8, 4, 9, 12, 19, 18, 0, 5]",858.0,6.845128774642944
"[3, 6, 16, 10, 2, 14, 15, 17, 11, 1, 13, 7, 8, 4, 9, 12, 19, 18, 0, 5]",858.0,"[3, 6, 16, 10, 2, 14, 15, 17, 11, 1, 13, 7, 8, 4, 9, 12, 19, 18, 0, 5]",858.0,6.894130706787109
"[3, 6, 16, 10, 2, 14, 15, 17, 11, 1, 13, 7, 8, 4, 9, 12, 19, 18, 0, 5]",858.0,"[3, 6, 16, 10, 2, 14, 15, 17, 11, 1, 13, 7, 8, 4, 9, 12, 19, 18, 0, 5]",858.0,6.942131519317627
"[3, 6, 16, 10, 2, 14, 15, 17, 11, 1, 13, 7, 8, 4, 9, 12, 19, 18, 0, 5]",858.0,"[3, 6, 16, 10, 2, 14, 15, 17, 11, 1, 13, 7, 8, 4, 9, 12, 19, 18, 0, 5]",858.0,6.991167306900024
"[3, 6, 16, 10, 2, 14, 15, 17, 11, 1, 13, 7, 8, 4, 9, 12, 19, 18, 0, 5]",858.0,"[3, 6, 16, 10, 2, 14, 15, 17, 11, 1, 13, 7, 8, 4, 9, 12, 19, 18, 0, 5]",858.0,7.041134357452393
"[3, 6, 16, 10, 2, 14, 15, 17, 11, 1, 13, 7, 8, 4, 9, 12, 19, 18, 0, 5]",858.0,"[3, 6, 16, 10, 2, 14, 15, 17, 11, 1, 13, 7, 8, 4, 9, 12, 19, 18, 0, 5]",858.0,7.091132402420044
"[3, 6, 16, 10, 2, 14, 15, 17, 11, 1, 13, 7, 8, 4, 9, 12, 19, 18, 0, 5]",858.0,"[3, 6, 16, 10, 2, 14, 15, 17, 11, 1, 13, 7, 8, 4, 9, 12, 19, 18, 0, 5]",858.0,7.140133380889893
"[3, 6, 16, 10, 2, 14, 15, 17, 11, 1, 13, 7, 8, 4, 9, 12, 19, 18, 0, 5]",858.0,"[3, 6, 16, 10, 2, 14, 15, 17, 11, 1, 13, 7, 8, 4, 9, 12, 19, 18, 0, 5]",858.0,7.189134120941162
"[3, 6, 16, 10, 2, 14, 15, 17, 11, 1, 13, 7, 8, 4, 9, 12, 19, 18, 0, 5]",858.0,"[3, 6, 16, 10, 2, 14, 15, 17, 11, 1, 13, 7, 8, 4, 9, 12, 19, 18, 0, 5]",858.0,7.239134788513184
"[3, 6, 16, 10, 2, 14, 15, 17, 11, 1, 13, 7, 8, 4, 9, 12, 19, 18, 0, 5]",858.0,"[3, 6, 16, 10, 2, 14, 15, 17, 11, 1, 13, 7, 8, 4, 9, 12, 19, 18, 0, 5]",858.0,7.287135601043701
"[3, 6, 16, 10, 2, 14, 15, 17, 11, 1, 13, 7, 8, 4, 9, 12, 19, 18, 0, 5]",858.0,"[3, 6, 16, 10, 2, 14, 15, 17, 11, 1, 13, 7, 8, 4, 9, 12, 19, 18, 0, 5]",858.0,7.333137273788452
"[3, 6, 16, 10, 2, 14, 15, 17, 11, 1, 13, 7, 8, 4, 9, 12, 19, 18, 0, 5]",858.0,"[3, 6, 16, 10, 2, 14, 15, 17, 11, 1, 13, 7, 8, 4, 9, 12, 19, 18, 0, 5]",858.0,7.382137060165405
"[3, 6, 16, 10, 2, 14, 15, 17, 11, 1, 13, 7, 8, 4, 9, 12, 19, 18, 0, 5]",858.0,"[3, 6, 16, 10, 2, 14, 15, 17, 11, 1, 13, 7, 8, 4, 9, 12, 19, 18, 0, 5]",858.0,7.431139230728149
"[3, 6, 16, 10, 2, 14, 15, 17, 11, 1, 13, 7, 8, 4, 9, 12, 19, 18, 0, 5]",858.0,"[3, 6, 16, 10, 2, 14, 15, 17, 11, 1, 13, 7, 8, 4, 9, 12, 19, 18, 0, 5]",858.0,7.481139898300171
"[3, 6, 16, 10, 2, 14, 15, 17, 11, 1, 13, 7, 8, 4, 9, 12, 19, 18, 0, 5]",858.0,"[3, 6, 16, 10, 2, 14, 15, 17, 11, 1, 13, 7, 8, 4, 9, 12, 19, 18, 0, 5]",858.0,7.529141426086426
"[3, 6, 16, 10, 2, 14, 15, 17, 11, 1, 13, 7, 8, 4, 9, 12, 19, 18, 0, 5]",858.0,"[3, 6, 16, 10, 2, 14, 15, 17, 11, 1, 13, 7, 8, 4, 9, 12, 19, 18, 0, 5]",858.0,7.576152086257935
"[3, 6, 16, 10, 2, 14, 15, 17, 11, 1, 13, 7, 8, 4, 9, 12, 19, 18, 0, 5]",858.0,"[3, 6, 16, 10, 2, 14, 15, 17, 11, 1, 13, 7, 8, 4, 9, 12, 19, 18, 0, 5]",858.0,7.624142408370972
"[3, 6, 16, 10, 2, 14, 15, 17, 11, 1, 13, 7, 8, 4, 9, 12, 19, 18, 0, 5]",858.0,"[3, 6, 16, 10, 2, 14, 15, 17, 11, 1, 13, 7, 8, 4, 9, 12, 19, 18, 0, 5]",858.0,7.672139644622803
"[3, 6, 16, 10, 2, 14, 15, 17, 11, 1, 13, 7, 8, 4, 9, 12, 19, 18, 0, 5]",858.0,"[3, 6, 16, 10, 2, 14, 15, 17, 11, 1, 13, 7, 8, 4, 9, 12, 19, 18, 0, 5]",858.0,7.721145153045654
"[3, 6, 16, 10, 2, 14, 15, 17, 11, 1, 13, 7, 8, 4, 9, 12, 19, 18, 0, 5]",858.0,"[3, 6, 16, 10, 2, 14, 15, 17, 11, 1, 13, 7, 8, 4, 9, 12, 19, 18, 0, 5]",858.0,7.792139530181885
"[3, 6, 16, 10, 2, 14, 15, 17, 11, 1, 13, 7, 8, 4, 9, 12, 19, 18, 0, 5]",858.0,"[3, 6, 16, 10, 2, 14, 15, 17, 11, 1, 13, 7, 8, 4, 9, 12, 19, 18, 0, 5]",858.0,7.839147329330444
"[3, 6, 16, 10, 2, 14, 15, 17, 11, 1, 13, 7, 8, 4, 9, 12, 19, 18, 0, 5]",858.0,"[3, 6, 16, 10, 2, 14, 15, 17, 11, 1, 13, 7, 8, 4, 9, 12, 19, 18, 0, 5]",858.0,7.884147644042969
"[3, 6, 16, 10, 2, 14, 15, 17, 11, 1, 13, 7, 8, 4, 9, 12, 19, 18, 0, 5]",858.0,"[3, 6, 16, 10, 2, 14, 15, 17, 11, 1, 13, 7, 8, 4, 9, 12, 19, 18, 0, 5]",858.0,7.929149627685547
"[3, 6, 16, 10, 2, 14, 15, 17, 11, 1, 13, 7, 8, 4, 9, 12, 19, 18, 0, 5]",858.0,"[3, 6, 16, 10, 2, 14, 15, 17, 11, 1, 13, 7, 8, 4, 9, 12, 19, 18, 0, 5]",858.0,7.974151134490967
"[3, 6, 16, 10, 2, 14, 15, 17, 11, 1, 13, 7, 8, 4, 9, 12, 19, 18, 0, 5]",858.0,"[3, 6, 16, 10, 2, 14, 15, 17, 11, 1, 13, 7, 8, 4, 9, 12, 19, 18, 0, 5]",858.0,8.023149728775024
"[3, 6, 16, 10, 2, 14, 15, 17, 11, 1, 13, 7, 8, 4, 9, 12, 19, 18, 0, 5]",858.0,"[3, 6, 16, 10, 2, 14, 15, 17, 11, 1, 13, 7, 8, 4, 9, 12, 19, 18, 0, 5]",858.0,8.072150230407715
"[3, 6, 16, 10, 2, 14, 15, 17, 11, 1, 13, 7, 8, 4, 9, 12, 19, 18, 0, 5]",858.0,"[3, 6, 16, 10, 2, 14, 15, 17, 11, 1, 13, 7, 8, 4, 9, 12, 19, 18, 0, 5]",858.0,8.119151592254639
"[3, 6, 16, 10, 2, 14, 15, 17, 11, 1, 13, 7, 8, 4, 9, 12, 19, 18, 0, 5]",858.0,"[3, 6, 16, 10, 2, 14, 15, 17, 11, 1, 13, 7, 8, 4, 9, 12, 19, 18, 0, 5]",858.0,8.167151927947998
"[3, 6, 16, 10, 2, 14, 15, 17, 11, 1, 13, 7, 8, 4, 9, 12, 19, 18, 0, 5]",858.0,"[3, 6, 16, 10, 2, 14, 15, 17, 11, 1, 13, 7, 8, 4, 9, 12, 19, 18, 0, 5]",858.0,8.216153144836426
"[3, 6, 16, 10, 2, 14, 15, 17, 11, 1, 13, 7, 8, 4, 9, 12, 19, 18, 0, 5]",858.0,"[3, 6, 16, 10, 2, 14, 15, 17, 11, 1, 13, 7, 8, 4, 9, 12, 19, 18, 0, 5]",858.0,8.268158435821533
"[3, 6, 16, 10, 2, 14, 15, 17, 11, 1, 13, 7, 8, 4, 9, 12, 19, 18, 0, 5]",858.0,"[3, 6, 16, 10, 2, 14, 15, 17, 11, 1, 13, 7, 8, 4, 9, 12, 19, 18, 0, 5]",858.0,8.317156076431274
"[3, 6, 16, 10, 2, 14, 15, 17, 11, 1, 13, 7, 8, 4, 9, 12, 19, 18, 0, 5]",858.0,"[3, 6, 16, 10, 2, 14, 15, 17, 11, 1, 13, 7, 8, 4, 9, 12, 19, 18, 0, 5]",858.0,8.364156007766724
"[3, 6, 16, 10, 2, 14, 15, 17, 11, 1, 13, 7, 8, 4, 9, 12, 19, 18, 0, 5]",858.0,"[3, 6, 16, 10, 2, 14, 15, 17, 11, 1, 13, 7, 8, 4, 9, 12, 19, 18, 0, 5]",858.0,8.412156581878662
"[3, 6, 16, 10, 2, 14, 15, 17, 11, 1, 13, 7, 8, 4, 9, 12, 19, 18, 0, 5]",858.0,"[3, 6, 16, 10, 2, 14, 15, 17, 11, 1, 13, 7, 8, 4, 9, 12, 19, 18, 0, 5]",858.0,8.459157943725586
"[3, 6, 16, 10, 2, 14, 15, 17, 11, 1, 13, 7, 8, 4, 9, 12, 19, 18, 0, 5]",858.0,"[3, 6, 16, 10, 2, 14, 15, 17, 11, 1, 13, 7, 8, 4, 9, 12, 19, 18, 0, 5]",858.0,8.508158922195435
"[3, 6, 16, 10, 2, 14, 15, 17, 11, 1, 13, 7, 8, 4, 9, 12, 19, 18, 0, 5]",858.0,"[3, 6, 16, 10, 2, 14, 15, 17, 11, 1, 13, 7, 8, 4, 9, 12, 19, 18, 0, 5]",858.0,8.557159662246704
"[3, 6, 16, 10, 2, 14, 15, 17, 11, 1, 13, 7, 8, 4, 9, 12, 19, 18, 0, 5]",858.0,"[3, 6, 16, 10, 2, 14, 15, 17, 11, 1, 13, 7, 8, 4, 9, 12, 19, 18, 0, 5]",858.0,8.606160879135132
"[3, 6, 16, 10, 2, 14, 15, 17, 11, 1, 13, 7, 8, 4, 9, 12, 19, 18, 0, 5]",858.0,"[3, 6, 16, 10, 2, 14, 15, 17, 11, 1, 13, 7, 8, 4, 9, 12, 19, 18, 0, 5]",858.0,8.652160882949829
"[3, 6, 16, 10, 2, 14, 15, 17, 11, 1, 13, 7, 8, 4, 9, 12, 19, 18, 0, 5]",858.0,"[3, 6, 16, 10, 2, 14, 15, 17, 11, 1, 13, 7, 8, 4, 9, 12, 19, 18, 0, 5]",858.0,8.702162265777588
"[3, 6, 16, 10, 2, 14, 15, 17, 11, 1, 13, 7, 8, 4, 9, 12, 19, 18, 0, 5]",858.0,"[3, 6, 16, 10, 2, 14, 15, 17, 11, 1, 13, 7, 8, 4, 9, 12, 19, 18, 0, 5]",858.0,8.748162984848022
"[3, 6, 16, 10, 2, 14, 15, 17, 11, 1, 13, 7, 8, 4, 9, 12, 19, 18, 0, 5]",858.0,"[3, 6, 16, 10, 2, 14, 15, 17, 11, 1, 13, 7, 8, 4, 9, 12, 19, 18, 0, 5]",858.0,8.797163486480713
"[3, 6, 16, 10, 2, 14, 15, 17, 11, 1, 13, 7, 8, 4, 9, 12, 19, 18, 0, 5]",858.0,"[3, 6, 16, 10, 2, 14, 15, 17, 11, 1, 13, 7, 8, 4, 9, 12, 19, 18, 0, 5]",858.0,8.845167875289917
"[3, 6, 16, 10, 2, 14, 15, 17, 11, 1, 13, 7, 8, 4, 9, 12, 19, 18, 0, 5]",858.0,"[3, 6, 16, 10, 2, 14, 15, 17, 11, 1, 13, 7, 8, 4, 9, 12, 19, 18, 0, 5]",858.0,8.893174648284912
"[3, 6, 16, 10, 2, 14, 15, 17, 11, 1, 13, 7, 8, 4, 9, 12, 19, 18, 0, 5]",858.0,"[3, 6, 16, 10, 2, 14, 15, 17, 11, 1, 13, 7, 8, 4, 9, 12, 19, 18, 0, 5]",858.0,8.93916916847229
"[3, 6, 16, 10, 2, 14, 15, 17, 11, 1, 13, 7, 8, 4, 9, 12, 19, 18, 0, 5]",858.0,"[3, 6, 16, 10, 2, 14, 15, 17, 11, 1, 13, 7, 8, 4, 9, 12, 19, 18, 0, 5]",858.0,8.987168073654175
"[3, 6, 16, 10, 2, 14, 15, 17, 11, 1, 13, 7, 8, 4, 9, 12, 19, 18, 0, 5]",858.0,"[3, 6, 16, 10, 2, 14, 15, 17, 11, 1, 13, 7, 8, 4, 9, 12, 19, 18, 0, 5]",858.0,9.035171270370483
"[3, 6, 16, 10, 2, 14, 15, 17, 11, 1, 13, 7, 8, 4, 9, 12, 19, 18, 0, 5]",858.0,"[3, 6, 16, 10, 2, 14, 15, 17, 11, 1, 13, 7, 8, 4, 9, 12, 19, 18, 0, 5]",858.0,9.085169792175293
"[3, 6, 16, 10, 2, 14, 15, 17, 11, 1, 13, 7, 8, 4, 9, 12, 19, 18, 0, 5]",858.0,"[3, 6, 16, 10, 2, 14, 15, 17, 11, 1, 13, 7, 8, 4, 9, 12, 19, 18, 0, 5]",858.0,9.134170532226562
"[3, 6, 16, 10, 2, 14, 15, 17, 11, 1, 13, 7, 8, 4, 9, 12, 19, 18, 0, 5]",858.0,"[3, 6, 16, 10, 2, 14, 15, 17, 11, 1, 13, 7, 8, 4, 9, 12, 19, 18, 0, 5]",858.0,9.183171510696411
"[3, 6, 16, 10, 2, 14, 15, 17, 11, 1, 13, 7, 8, 4, 9, 12, 19, 18, 0, 5]",858.0,"[3, 6, 16, 10, 2, 14, 15, 17, 11, 1, 13, 7, 8, 4, 9, 12, 19, 18, 0, 5]",858.0,9.23216962814331
"[3, 6, 16, 10, 2, 14, 15, 17, 11, 1, 13, 7, 8, 4, 9, 12, 19, 18, 0, 5]",858.0,"[3, 6, 16, 10, 2, 14, 15, 17, 11, 1, 13, 7, 8, 4, 9, 12, 19, 18, 0, 5]",858.0,9.282171487808228
"[3, 6, 16, 10, 2, 14, 15, 17, 11, 1, 13, 7, 8, 4, 9, 12, 19, 18, 0, 5]",858.0,"[3, 6, 16, 10, 2, 14, 15, 17, 11, 1, 13, 7, 8, 4, 9, 12, 19, 18, 0, 5]",858.0,9.330202341079712
"[3, 6, 16, 10, 2, 14, 15, 17, 11, 1, 13, 7, 8, 4, 9, 12, 19, 18, 0, 5]",858.0,"[3, 6, 16, 10, 2, 14, 15, 17, 11, 1, 13, 7, 8, 4, 9, 12, 19, 18, 0, 5]",858.0,9.378176927566528
"[3, 6, 16, 10, 2, 14, 15, 17, 11, 1, 13, 7, 8, 4, 9, 12, 19, 18, 0, 5]",858.0,"[3, 6, 16, 10, 2, 14, 15, 17, 11, 1, 13, 7, 8, 4, 9, 12, 19, 18, 0, 5]",858.0,9.426177501678467
"[3, 6, 16, 10, 2, 14, 15, 17, 11, 1, 13, 7, 8, 4, 9, 12, 19, 18, 0, 5]",858.0,"[3, 6, 16, 10, 2, 14, 15, 17, 11, 1, 13, 7, 8, 4, 9, 12, 19, 18, 0, 5]",858.0,9.474190950393677
"[3, 6, 16, 10, 2, 14, 15, 17, 11, 1, 13, 7, 8, 4, 9, 12, 19, 18, 0, 5]",858.0,"[3, 6, 16, 10, 2, 14, 15, 17, 11, 1, 13, 7, 8, 4, 9, 12, 19, 18, 0, 5]",858.0,9.523181438446045
"[3, 6, 16, 10, 2, 14, 15, 17, 11, 1, 13, 7, 8, 4, 9, 12, 19, 18, 0, 5]",858.0,"[3, 6, 16, 10, 2, 14, 15, 17, 11, 1, 13, 7, 8, 4, 9, 12, 19, 18, 0, 5]",858.0,9.568177223205566
"[3, 6, 16, 10, 2, 14, 15, 17, 11, 1, 13, 7, 8, 4, 9, 12, 19, 18, 0, 5]",858.0,"[3, 6, 16, 10, 2, 14, 15, 17, 11, 1, 13, 7, 8, 4, 9, 12, 19, 18, 0, 5]",858.0,9.616194248199463
"[3, 6, 16, 10, 2, 14, 15, 17, 11, 1, 13, 7, 8, 4, 9, 12, 19, 18, 0, 5]",858.0,"[3, 6, 16, 10, 2, 14, 15, 17, 11, 1, 13, 7, 8, 4, 9, 12, 19, 18, 0, 5]",858.0,9.666180849075317
"[3, 6, 16, 10, 2, 14, 15, 17, 11, 1, 13, 7, 8, 4, 9, 12, 19, 18, 0, 5]",858.0,"[3, 6, 16, 10, 2, 14, 15, 17, 11, 1, 13, 7, 8, 4, 9, 12, 19, 18, 0, 5]",858.0,9.71718144416809
