Sequence,Fitness,Best_sequence,Best_fitness,Time
"[12, 4, 18, 0, 9, 5, 3, 10, 1, 17, 7, 16, 14, 2, 11, 6, 19, 13, 15, 8]",1017.5,"[12, 4, 18, 0, 9, 5, 3, 10, 1, 17, 7, 16, 14, 2, 11, 6, 19, 13, 15, 8]",1017.5,0.0
"[12, 4, 18, 0, 9, 5, 3, 10, 1, 17, 7, 16, 14, 2, 11, 6, 19, 13, 15, 8]",1017.5,"[12, 4, 18, 0, 9, 5, 3, 10, 1, 17, 7, 16, 14, 2, 11, 6, 19, 13, 15, 8]",1017.5,0.06399273872375488
"[12, 4, 18, 0, 9, 10, 3, 5, 1, 17, 7, 16, 14, 2, 11, 6, 19, 13, 15, 8]",1005.5,"[12, 4, 18, 0, 9, 10, 3, 5, 1, 17, 7, 16, 14, 2, 11, 6, 19, 13, 15, 8]",1005.5,0.12999343872070312
"[12, 4, 18, 0, 9, 10, 3, 5, 1, 17, 7, 16, 14, 2, 11, 6, 19, 13, 15, 8]",1005.5,"[12, 4, 18, 0, 9, 10, 3, 5, 1, 17, 7, 16, 14, 2, 11, 6, 19, 13, 15, 8]",1005.5,0.20299363136291504
"[12, 4, 18, 0, 9, 10, 3, 5, 1, 17, 7, 16, 14, 2, 11, 6, 19, 13, 15, 8]",1005.5,"[12, 4, 18, 0, 9, 10, 3, 5, 1, 17, 7, 16, 14, 2, 11, 6, 19, 13, 15, 8]",1005.5,0.27001523971557617
"[12, 4, 18, 0, 9, 10, 3, 5, 1, 17, 7, 8, 14, 2, 11, 6, 19, 13, 15, 16]",946.5,"[12, 4, 18, 0, 9, 10, 3, 5, 1, 17, 7, 8, 14, 2, 11, 6, 19, 13, 15, 16]",946.5,0.33603763580322266
"[12, 4, 18, 0, 9, 10, 3, 5, 1, 17, 7, 8, 14, 2, 11, 6, 19, 13, 15, 16]",946.5,"[12, 4, 18, 0, 9, 10, 3, 5, 1, 17, 7, 8, 14, 2, 11, 6, 19, 13, 15, 16]",946.5,0.4019923210144043
"[12, 4, 18, 0, 9, 10, 3, 5, 1, 17, 7, 8, 14, 2, 11, 6, 19, 13, 15, 16]",946.5,"[12, 4, 18, 0, 9, 10, 3, 5, 1, 17, 7, 8, 14, 2, 11, 6, 19, 13, 15, 16]",946.5,0.46799182891845703
"[12, 4, 18, 10, 9, 0, 3, 5, 1, 17, 7, 8, 14, 2, 11, 6, 19, 13, 15, 16]",940.0,"[12, 4, 18, 10, 9, 0, 3, 5, 1, 17, 7, 8, 14, 2, 11, 6, 19, 13, 15, 16]",940.0,0.5339932441711426
"[12, 4, 18, 10, 11, 0, 3, 5, 1, 17, 7, 8, 14, 2, 9, 6, 19, 13, 15, 16]",926.0,"[12, 4, 18, 10, 11, 0, 3, 5, 1, 17, 7, 8, 14, 2, 9, 6, 19, 13, 15, 16]",926.0,0.604999303817749
"[12, 4, 18, 10, 11, 0, 16, 5, 1, 17, 7, 8, 14, 2, 9, 6, 19, 13, 15, 3]",898.5,"[12, 4, 18, 10, 11, 0, 16, 5, 1, 17, 7, 8, 14, 2, 9, 6, 19, 13, 15, 3]",898.5,0.6719930171966553
"[12, 4, 18, 10, 11, 0, 16, 5, 1, 17, 7, 8, 14, 2, 9, 6, 19, 13, 15, 3]",898.5,"[12, 4, 18, 10, 11, 0, 16, 5, 1, 17, 7, 8, 14, 2, 9, 6, 19, 13, 15, 3]",898.5,0.7399911880493164
"[12, 4, 18, 10, 11, 0, 16, 5, 1, 17, 7, 8, 9, 2, 14, 6, 19, 13, 15, 3]",889.5,"[12, 4, 18, 10, 11, 0, 16, 5, 1, 17, 7, 8, 9, 2, 14, 6, 19, 13, 15, 3]",889.5,0.8029911518096924
"[12, 4, 18, 10, 11, 0, 16, 5, 1, 17, 7, 8, 9, 2, 14, 6, 19, 13, 15, 3]",889.5,"[12, 4, 18, 10, 11, 0, 16, 5, 1, 17, 7, 8, 9, 2, 14, 6, 19, 13, 15, 3]",889.5,0.8689947128295898
"[12, 4, 18, 10, 11, 0, 16, 5, 1, 17, 7, 8, 9, 2, 14, 13, 19, 6, 15, 3]",843.5,"[12, 4, 18, 10, 11, 0, 16, 5, 1, 17, 7, 8, 9, 2, 14, 13, 19, 6, 15, 3]",843.5,0.9349949359893799
"[12, 4, 18, 10, 11, 0, 16, 5, 1, 17, 7, 8, 9, 2, 14, 13, 19, 6, 15, 3]",843.5,"[12, 4, 18, 10, 11, 0, 16, 5, 1, 17, 7, 8, 9, 2, 14, 13, 19, 6, 15, 3]",843.5,1.0039939880371094
"[12, 4, 18, 10, 11, 0, 16, 5, 1, 17, 7, 8, 9, 2, 14, 13, 19, 6, 15, 3]",843.5,"[12, 4, 18, 10, 11, 0, 16, 5, 1, 17, 7, 8, 9, 2, 14, 13, 19, 6, 15, 3]",843.5,1.0719921588897705
"[12, 4, 18, 10, 11, 0, 16, 5, 1, 17, 7, 8, 9, 2, 14, 13, 19, 6, 15, 3]",843.5,"[12, 4, 18, 10, 11, 0, 16, 5, 1, 17, 7, 8, 9, 2, 14, 13, 19, 6, 15, 3]",843.5,1.1369941234588623
"[12, 4, 18, 10, 11, 0, 16, 5, 1, 17, 7, 8, 9, 2, 14, 13, 19, 6, 15, 3]",843.5,"[12, 4, 18, 10, 11, 0, 16, 5, 1, 17, 7, 8, 9, 2, 14, 13, 19, 6, 15, 3]",843.5,1.2029995918273926
"[12, 4, 18, 10, 11, 0, 16, 5, 1, 17, 7, 8, 9, 2, 14, 13, 19, 6, 15, 3]",843.5,"[12, 4, 18, 10, 11, 0, 16, 5, 1, 17, 7, 8, 9, 2, 14, 13, 19, 6, 15, 3]",843.5,1.2689943313598633
"[12, 4, 18, 10, 11, 0, 16, 5, 1, 17, 7, 8, 9, 2, 14, 13, 19, 6, 15, 3]",843.5,"[12, 4, 18, 10, 11, 0, 16, 5, 1, 17, 7, 8, 9, 2, 14, 13, 19, 6, 15, 3]",843.5,1.3339958190917969
"[12, 4, 18, 10, 11, 0, 16, 5, 1, 17, 7, 8, 9, 2, 14, 13, 19, 6, 15, 3]",843.5,"[12, 4, 18, 10, 11, 0, 16, 5, 1, 17, 7, 8, 9, 2, 14, 13, 19, 6, 15, 3]",843.5,1.3999934196472168
"[8, 4, 18, 10, 11, 0, 16, 5, 1, 17, 7, 12, 9, 2, 14, 13, 19, 6, 15, 3]",831.5,"[8, 4, 18, 10, 11, 0, 16, 5, 1, 17, 7, 12, 9, 2, 14, 13, 19, 6, 15, 3]",831.5,1.48899507522583
"[8, 4, 18, 10, 11, 0, 16, 5, 1, 17, 7, 12, 9, 2, 14, 13, 19, 6, 15, 3]",831.5,"[8, 4, 18, 10, 11, 0, 16, 5, 1, 17, 7, 12, 9, 2, 14, 13, 19, 6, 15, 3]",831.5,1.5540204048156738
"[8, 4, 18, 10, 11, 0, 16, 5, 1, 17, 7, 12, 9, 2, 14, 13, 19, 6, 15, 3]",831.5,"[8, 4, 18, 10, 11, 0, 16, 5, 1, 17, 7, 12, 9, 2, 14, 13, 19, 6, 15, 3]",831.5,1.6199898719787598
"[8, 4, 18, 10, 11, 0, 16, 5, 1, 17, 7, 12, 9, 2, 14, 13, 19, 6, 15, 3]",831.5,"[8, 4, 18, 10, 11, 0, 16, 5, 1, 17, 7, 12, 9, 2, 14, 13, 19, 6, 15, 3]",831.5,1.6870014667510986
"[8, 4, 18, 10, 11, 0, 16, 5, 1, 17, 7, 12, 9, 2, 14, 13, 19, 6, 15, 3]",831.5,"[8, 4, 18, 10, 11, 0, 16, 5, 1, 17, 7, 12, 9, 2, 14, 13, 19, 6, 15, 3]",831.5,1.7519943714141846
"[8, 4, 18, 10, 11, 0, 16, 5, 1, 17, 7, 12, 9, 2, 14, 13, 19, 6, 15, 3]",831.5,"[8, 4, 18, 10, 11, 0, 16, 5, 1, 17, 7, 12, 9, 2, 14, 13, 19, 6, 15, 3]",831.5,1.8139941692352295
"[8, 4, 18, 10, 11, 0, 16, 5, 1, 17, 7, 12, 9, 2, 14, 13, 19, 6, 15, 3]",831.5,"[8, 4, 18, 10, 11, 0, 16, 5, 1, 17, 7, 12, 9, 2, 14, 13, 19, 6, 15, 3]",831.5,1.8779914379119873
"[8, 4, 18, 10, 11, 0, 16, 5, 1, 17, 7, 12, 9, 2, 14, 13, 19, 6, 15, 3]",831.5,"[8, 4, 18, 10, 11, 0, 16, 5, 1, 17, 7, 12, 9, 2, 14, 13, 19, 6, 15, 3]",831.5,1.9470012187957764
"[8, 4, 18, 10, 11, 0, 16, 5, 1, 17, 7, 12, 9, 2, 14, 13, 19, 6, 15, 3]",831.5,"[8, 4, 18, 10, 11, 0, 16, 5, 1, 17, 7, 12, 9, 2, 14, 13, 19, 6, 15, 3]",831.5,2.0099942684173584
"[8, 4, 18, 10, 11, 0, 16, 5, 1, 17, 7, 12, 9, 2, 14, 13, 19, 6, 15, 3]",831.5,"[8, 4, 18, 10, 11, 0, 16, 5, 1, 17, 7, 12, 9, 2, 14, 13, 19, 6, 15, 3]",831.5,2.073998212814331
"[8, 4, 18, 10, 11, 0, 16, 5, 1, 17, 7, 12, 9, 2, 14, 13, 19, 6, 15, 3]",831.5,"[8, 4, 18, 10, 11, 0, 16, 5, 1, 17, 7, 12, 9, 2, 14, 13, 19, 6, 15, 3]",831.5,2.1409928798675537
"[8, 4, 18, 10, 11, 0, 16, 5, 1, 17, 7, 12, 9, 2, 14, 13, 19, 6, 15, 3]",831.5,"[8, 4, 18, 10, 11, 0, 16, 5, 1, 17, 7, 12, 9, 2, 14, 13, 19, 6, 15, 3]",831.5,2.20601487159729
"[8, 4, 18, 10, 11, 0, 16, 5, 1, 17, 7, 12, 9, 2, 14, 13, 19, 6, 15, 3]",831.5,"[8, 4, 18, 10, 11, 0, 16, 5, 1, 17, 7, 12, 9, 2, 14, 13, 19, 6, 15, 3]",831.5,2.2729902267456055
"[8, 4, 18, 10, 11, 0, 16, 5, 1, 17, 7, 12, 9, 2, 14, 13, 19, 6, 15, 3]",831.5,"[8, 4, 18, 10, 11, 0, 16, 5, 1, 17, 7, 12, 9, 2, 14, 13, 19, 6, 15, 3]",831.5,2.3419930934906006
"[8, 4, 18, 10, 11, 0, 16, 5, 1, 17, 7, 12, 9, 2, 14, 13, 19, 6, 15, 3]",831.5,"[8, 4, 18, 10, 11, 0, 16, 5, 1, 17, 7, 12, 9, 2, 14, 13, 19, 6, 15, 3]",831.5,2.4059901237487793
"[8, 4, 18, 10, 11, 0, 16, 5, 1, 17, 7, 12, 9, 2, 14, 13, 19, 6, 15, 3]",831.5,"[8, 4, 18, 10, 11, 0, 16, 5, 1, 17, 7, 12, 9, 2, 14, 13, 19, 6, 15, 3]",831.5,2.470989942550659
"[8, 4, 18, 10, 11, 0, 16, 5, 1, 17, 7, 12, 9, 2, 14, 13, 19, 6, 15, 3]",831.5,"[8, 4, 18, 10, 11, 0, 16, 5, 1, 17, 7, 12, 9, 2, 14, 13, 19, 6, 15, 3]",831.5,2.535994529724121
"[8, 4, 18, 10, 11, 0, 16, 5, 1, 17, 7, 12, 9, 2, 14, 13, 19, 6, 15, 3]",831.5,"[8, 4, 18, 10, 11, 0, 16, 5, 1, 17, 7, 12, 9, 2, 14, 13, 19, 6, 15, 3]",831.5,2.603013515472412
"[8, 4, 18, 10, 11, 0, 16, 5, 1, 17, 7, 12, 9, 2, 14, 13, 19, 6, 15, 3]",831.5,"[8, 4, 18, 10, 11, 0, 16, 5, 1, 17, 7, 12, 9, 2, 14, 13, 19, 6, 15, 3]",831.5,2.6679930686950684
"[8, 4, 18, 10, 11, 0, 16, 5, 1, 17, 7, 12, 9, 2, 14, 13, 19, 6, 15, 3]",831.5,"[8, 4, 18, 10, 11, 0, 16, 5, 1, 17, 7, 12, 9, 2, 14, 13, 19, 6, 15, 3]",831.5,2.730997085571289
"[8, 4, 18, 10, 11, 0, 16, 5, 1, 17, 7, 12, 9, 2, 14, 13, 19, 6, 15, 3]",831.5,"[8, 4, 18, 10, 11, 0, 16, 5, 1, 17, 7, 12, 9, 2, 14, 13, 19, 6, 15, 3]",831.5,2.795989751815796
"[8, 4, 18, 10, 11, 0, 16, 5, 1, 17, 7, 12, 9, 2, 14, 13, 19, 6, 15, 3]",831.5,"[8, 4, 18, 10, 11, 0, 16, 5, 1, 17, 7, 12, 9, 2, 14, 13, 19, 6, 15, 3]",831.5,2.8589913845062256
"[8, 4, 18, 10, 11, 0, 16, 5, 1, 17, 7, 12, 9, 2, 14, 13, 19, 6, 15, 3]",831.5,"[8, 4, 18, 10, 11, 0, 16, 5, 1, 17, 7, 12, 9, 2, 14, 13, 19, 6, 15, 3]",831.5,2.921992063522339
"[8, 4, 18, 10, 11, 0, 16, 5, 1, 17, 7, 12, 9, 2, 14, 13, 19, 6, 15, 3]",831.5,"[8, 4, 18, 10, 11, 0, 16, 5, 1, 17, 7, 12, 9, 2, 14, 13, 19, 6, 15, 3]",831.5,2.9859936237335205
"[8, 4, 18, 10, 11, 0, 16, 5, 1, 17, 7, 12, 9, 2, 14, 13, 19, 6, 15, 3]",831.5,"[8, 4, 18, 10, 11, 0, 16, 5, 1, 17, 7, 12, 9, 2, 14, 13, 19, 6, 15, 3]",831.5,3.051992177963257
"[8, 4, 18, 10, 11, 0, 16, 5, 1, 17, 7, 12, 9, 2, 14, 13, 19, 6, 15, 3]",831.5,"[8, 4, 18, 10, 11, 0, 16, 5, 1, 17, 7, 12, 9, 2, 14, 13, 19, 6, 15, 3]",831.5,3.1149938106536865
"[8, 4, 18, 10, 11, 0, 16, 5, 1, 17, 7, 12, 9, 2, 14, 13, 19, 6, 15, 3]",831.5,"[8, 4, 18, 10, 11, 0, 16, 5, 1, 17, 7, 12, 9, 2, 14, 13, 19, 6, 15, 3]",831.5,3.1759893894195557
"[8, 4, 18, 10, 11, 0, 16, 5, 1, 17, 7, 12, 9, 2, 14, 13, 19, 6, 15, 3]",831.5,"[8, 4, 18, 10, 11, 0, 16, 5, 1, 17, 7, 12, 9, 2, 14, 13, 19, 6, 15, 3]",831.5,3.2399892807006836
"[8, 4, 18, 10, 11, 0, 16, 5, 1, 17, 7, 12, 9, 2, 14, 13, 19, 6, 15, 3]",831.5,"[8, 4, 18, 10, 11, 0, 16, 5, 1, 17, 7, 12, 9, 2, 14, 13, 19, 6, 15, 3]",831.5,3.3049914836883545
"[8, 4, 18, 10, 11, 0, 16, 5, 1, 17, 7, 12, 9, 2, 14, 13, 19, 6, 15, 3]",831.5,"[8, 4, 18, 10, 11, 0, 16, 5, 1, 17, 7, 12, 9, 2, 14, 13, 19, 6, 15, 3]",831.5,3.3699951171875
"[8, 4, 18, 10, 11, 0, 16, 5, 1, 17, 7, 12, 9, 2, 14, 13, 19, 6, 15, 3]",831.5,"[8, 4, 18, 10, 11, 0, 16, 5, 1, 17, 7, 12, 9, 2, 14, 13, 19, 6, 15, 3]",831.5,3.4329936504364014
"[8, 4, 18, 10, 11, 0, 16, 5, 1, 17, 7, 12, 9, 2, 14, 13, 19, 6, 15, 3]",831.5,"[8, 4, 18, 10, 11, 0, 16, 5, 1, 17, 7, 12, 9, 2, 14, 13, 19, 6, 15, 3]",831.5,3.4989914894104004
"[8, 4, 18, 10, 11, 0, 16, 5, 1, 17, 7, 12, 9, 2, 14, 13, 19, 6, 15, 3]",831.5,"[8, 4, 18, 10, 11, 0, 16, 5, 1, 17, 7, 12, 9, 2, 14, 13, 19, 6, 15, 3]",831.5,3.563988208770752
"[8, 4, 18, 10, 11, 0, 16, 5, 1, 17, 7, 12, 9, 2, 14, 13, 19, 6, 15, 3]",831.5,"[8, 4, 18, 10, 11, 0, 16, 5, 1, 17, 7, 12, 9, 2, 14, 13, 19, 6, 15, 3]",831.5,3.634991407394409
"[8, 4, 18, 10, 11, 0, 16, 5, 1, 17, 7, 12, 9, 2, 14, 13, 19, 6, 15, 3]",831.5,"[8, 4, 18, 10, 11, 0, 16, 5, 1, 17, 7, 12, 9, 2, 14, 13, 19, 6, 15, 3]",831.5,3.7030210494995117
"[8, 4, 18, 10, 11, 0, 16, 5, 1, 17, 7, 12, 9, 2, 14, 13, 19, 6, 15, 3]",831.5,"[8, 4, 18, 10, 11, 0, 16, 5, 1, 17, 7, 12, 9, 2, 14, 13, 19, 6, 15, 3]",831.5,3.767990827560425
"[8, 4, 18, 10, 11, 0, 16, 5, 1, 17, 7, 12, 9, 2, 14, 13, 19, 6, 15, 3]",831.5,"[8, 4, 18, 10, 11, 0, 16, 5, 1, 17, 7, 12, 9, 2, 14, 13, 19, 6, 15, 3]",831.5,3.833991289138794
"[8, 4, 18, 10, 11, 0, 16, 5, 1, 17, 7, 12, 9, 2, 14, 13, 19, 6, 15, 3]",831.5,"[8, 4, 18, 10, 11, 0, 16, 5, 1, 17, 7, 12, 9, 2, 14, 13, 19, 6, 15, 3]",831.5,3.8959875106811523
"[8, 4, 18, 10, 11, 0, 16, 5, 1, 17, 7, 12, 9, 2, 14, 13, 19, 6, 15, 3]",831.5,"[8, 4, 18, 10, 11, 0, 16, 5, 1, 17, 7, 12, 9, 2, 14, 13, 19, 6, 15, 3]",831.5,3.959991693496704
"[8, 4, 18, 10, 11, 0, 16, 5, 1, 17, 7, 12, 9, 2, 14, 13, 19, 6, 15, 3]",831.5,"[8, 4, 18, 10, 11, 0, 16, 5, 1, 17, 7, 12, 9, 2, 14, 13, 19, 6, 15, 3]",831.5,4.022991895675659
"[8, 4, 18, 10, 11, 0, 16, 5, 1, 17, 7, 12, 9, 2, 14, 13, 19, 6, 15, 3]",831.5,"[8, 4, 18, 10, 11, 0, 16, 5, 1, 17, 7, 12, 9, 2, 14, 13, 19, 6, 15, 3]",831.5,4.089991807937622
"[8, 4, 18, 10, 11, 0, 16, 5, 1, 17, 7, 12, 9, 2, 14, 13, 19, 6, 15, 3]",831.5,"[8, 4, 18, 10, 11, 0, 16, 5, 1, 17, 7, 12, 9, 2, 14, 13, 19, 6, 15, 3]",831.5,4.1539881229400635
"[8, 4, 18, 10, 11, 0, 16, 5, 1, 17, 7, 12, 9, 2, 14, 13, 19, 6, 15, 3]",831.5,"[8, 4, 18, 10, 11, 0, 16, 5, 1, 17, 7, 12, 9, 2, 14, 13, 19, 6, 15, 3]",831.5,4.219989776611328
"[8, 4, 18, 10, 11, 0, 16, 5, 1, 17, 7, 12, 9, 2, 14, 13, 19, 6, 15, 3]",831.5,"[8, 4, 18, 10, 11, 0, 16, 5, 1, 17, 7, 12, 9, 2, 14, 13, 19, 6, 15, 3]",831.5,4.28899073600769
"[8, 4, 18, 10, 11, 0, 16, 5, 1, 17, 7, 12, 9, 2, 14, 13, 19, 6, 15, 3]",831.5,"[8, 4, 18, 10, 11, 0, 16, 5, 1, 17, 7, 12, 9, 2, 14, 13, 19, 6, 15, 3]",831.5,4.3579888343811035
"[8, 4, 18, 10, 11, 0, 16, 5, 1, 17, 7, 12, 9, 2, 14, 13, 19, 6, 15, 3]",831.5,"[8, 4, 18, 10, 11, 0, 16, 5, 1, 17, 7, 12, 9, 2, 14, 13, 19, 6, 15, 3]",831.5,4.423990726470947
"[8, 4, 18, 10, 11, 0, 16, 5, 1, 17, 7, 12, 9, 2, 14, 13, 19, 6, 15, 3]",831.5,"[8, 4, 18, 10, 11, 0, 16, 5, 1, 17, 7, 12, 9, 2, 14, 13, 19, 6, 15, 3]",831.5,4.485991477966309
"[8, 4, 18, 10, 11, 0, 16, 5, 1, 17, 7, 12, 9, 2, 14, 13, 19, 6, 15, 3]",831.5,"[8, 4, 18, 10, 11, 0, 16, 5, 1, 17, 7, 12, 9, 2, 14, 13, 19, 6, 15, 3]",831.5,4.549989461898804
"[8, 4, 18, 10, 11, 0, 16, 5, 1, 17, 7, 12, 9, 2, 14, 13, 19, 6, 15, 3]",831.5,"[8, 4, 18, 10, 11, 0, 16, 5, 1, 17, 7, 12, 9, 2, 14, 13, 19, 6, 15, 3]",831.5,4.615987300872803
"[8, 4, 18, 10, 11, 0, 16, 5, 1, 17, 7, 12, 9, 2, 14, 13, 19, 6, 15, 3]",831.5,"[8, 4, 18, 10, 11, 0, 16, 5, 1, 17, 7, 12, 9, 2, 14, 13, 19, 6, 15, 3]",831.5,4.679991960525513
"[8, 4, 18, 10, 11, 0, 16, 5, 1, 17, 7, 12, 9, 2, 14, 13, 19, 6, 15, 3]",831.5,"[8, 4, 18, 10, 11, 0, 16, 5, 1, 17, 7, 12, 9, 2, 14, 13, 19, 6, 15, 3]",831.5,4.745996475219727
"[8, 4, 18, 10, 11, 0, 16, 5, 1, 17, 7, 12, 9, 2, 14, 13, 19, 6, 15, 3]",831.5,"[8, 4, 18, 10, 11, 0, 16, 5, 1, 17, 7, 12, 9, 2, 14, 13, 19, 6, 15, 3]",831.5,4.81099271774292
"[8, 4, 18, 10, 11, 0, 16, 5, 1, 17, 7, 12, 9, 2, 14, 13, 19, 6, 15, 3]",831.5,"[8, 4, 18, 10, 11, 0, 16, 5, 1, 17, 7, 12, 9, 2, 14, 13, 19, 6, 15, 3]",831.5,4.87199330329895
"[8, 4, 18, 10, 11, 0, 16, 5, 1, 17, 7, 12, 9, 2, 14, 13, 19, 6, 15, 3]",831.5,"[8, 4, 18, 10, 11, 0, 16, 5, 1, 17, 7, 12, 9, 2, 14, 13, 19, 6, 15, 3]",831.5,4.936990976333618
"[8, 4, 18, 10, 11, 0, 16, 5, 1, 17, 7, 12, 9, 2, 14, 13, 19, 6, 15, 3]",831.5,"[8, 4, 18, 10, 11, 0, 16, 5, 1, 17, 7, 12, 9, 2, 14, 13, 19, 6, 15, 3]",831.5,5.0029919147491455
"[8, 4, 18, 10, 11, 0, 16, 5, 1, 17, 7, 12, 9, 2, 14, 13, 19, 6, 15, 3]",831.5,"[8, 4, 18, 10, 11, 0, 16, 5, 1, 17, 7, 12, 9, 2, 14, 13, 19, 6, 15, 3]",831.5,5.066990852355957
"[8, 4, 18, 10, 11, 0, 16, 5, 1, 17, 7, 12, 9, 2, 14, 13, 19, 6, 15, 3]",831.5,"[8, 4, 18, 10, 11, 0, 16, 5, 1, 17, 7, 12, 9, 2, 14, 13, 19, 6, 15, 3]",831.5,5.131994724273682
"[8, 4, 18, 10, 11, 0, 16, 5, 1, 17, 7, 12, 9, 2, 14, 13, 19, 6, 15, 3]",831.5,"[8, 4, 18, 10, 11, 0, 16, 5, 1, 17, 7, 12, 9, 2, 14, 13, 19, 6, 15, 3]",831.5,5.198988676071167
"[8, 4, 18, 13, 11, 0, 16, 5, 1, 17, 7, 12, 9, 2, 14, 10, 19, 6, 15, 3]",824.0,"[8, 4, 18, 13, 11, 0, 16, 5, 1, 17, 7, 12, 9, 2, 14, 10, 19, 6, 15, 3]",824.0,5.262993812561035
"[8, 4, 18, 13, 11, 0, 16, 5, 1, 17, 7, 12, 9, 2, 14, 10, 19, 6, 15, 3]",824.0,"[8, 4, 18, 13, 11, 0, 16, 5, 1, 17, 7, 12, 9, 2, 14, 10, 19, 6, 15, 3]",824.0,5.333992958068848
"[8, 4, 18, 13, 11, 0, 16, 5, 1, 17, 7, 12, 9, 2, 14, 10, 19, 6, 15, 3]",824.0,"[8, 4, 18, 13, 11, 0, 16, 5, 1, 17, 7, 12, 9, 2, 14, 10, 19, 6, 15, 3]",824.0,5.40301251411438
"[8, 4, 18, 13, 11, 0, 16, 5, 1, 17, 7, 12, 9, 2, 14, 10, 19, 6, 15, 3]",824.0,"[8, 4, 18, 13, 11, 0, 16, 5, 1, 17, 7, 12, 9, 2, 14, 10, 19, 6, 15, 3]",824.0,5.466992616653442
"[8, 4, 18, 13, 11, 0, 16, 5, 1, 17, 7, 12, 9, 2, 14, 10, 19, 6, 15, 3]",824.0,"[8, 4, 18, 13, 11, 0, 16, 5, 1, 17, 7, 12, 9, 2, 14, 10, 19, 6, 15, 3]",824.0,5.535990238189697
"[8, 4, 18, 13, 11, 0, 16, 5, 1, 17, 7, 12, 9, 2, 14, 10, 19, 6, 15, 3]",824.0,"[8, 4, 18, 13, 11, 0, 16, 5, 1, 17, 7, 12, 9, 2, 14, 10, 19, 6, 15, 3]",824.0,5.607989311218262
"[8, 4, 18, 13, 11, 0, 16, 5, 1, 17, 7, 12, 9, 2, 14, 10, 19, 6, 15, 3]",824.0,"[8, 4, 18, 13, 11, 0, 16, 5, 1, 17, 7, 12, 9, 2, 14, 10, 19, 6, 15, 3]",824.0,5.672990798950195
"[8, 4, 18, 13, 11, 0, 16, 5, 1, 17, 7, 12, 9, 2, 14, 10, 19, 6, 15, 3]",824.0,"[8, 4, 18, 13, 11, 0, 16, 5, 1, 17, 7, 12, 9, 2, 14, 10, 19, 6, 15, 3]",824.0,5.736990690231323
"[8, 4, 18, 13, 11, 0, 16, 5, 1, 17, 7, 12, 9, 2, 14, 10, 19, 6, 15, 3]",824.0,"[8, 4, 18, 13, 11, 0, 16, 5, 1, 17, 7, 12, 9, 2, 14, 10, 19, 6, 15, 3]",824.0,5.806990623474121
"[8, 4, 18, 13, 11, 0, 16, 5, 1, 17, 7, 12, 9, 2, 14, 10, 19, 6, 15, 3]",824.0,"[8, 4, 18, 13, 11, 0, 16, 5, 1, 17, 7, 12, 9, 2, 14, 10, 19, 6, 15, 3]",824.0,5.874990463256836
"[8, 4, 18, 13, 11, 0, 16, 5, 1, 17, 7, 12, 9, 2, 14, 10, 19, 6, 15, 3]",824.0,"[8, 4, 18, 13, 11, 0, 16, 5, 1, 17, 7, 12, 9, 2, 14, 10, 19, 6, 15, 3]",824.0,5.938987493515015
"[8, 4, 18, 13, 11, 0, 16, 5, 1, 17, 7, 12, 9, 2, 14, 10, 19, 6, 15, 3]",824.0,"[8, 4, 18, 13, 11, 0, 16, 5, 1, 17, 7, 12, 9, 2, 14, 10, 19, 6, 15, 3]",824.0,6.005992412567139
"[8, 4, 18, 13, 11, 0, 16, 5, 1, 17, 7, 12, 9, 2, 14, 10, 19, 6, 15, 3]",824.0,"[8, 4, 18, 13, 11, 0, 16, 5, 1, 17, 7, 12, 9, 2, 14, 10, 19, 6, 15, 3]",824.0,6.076991081237793
"[8, 4, 18, 13, 11, 0, 16, 5, 1, 17, 7, 12, 9, 2, 14, 10, 19, 6, 15, 3]",824.0,"[8, 4, 18, 13, 11, 0, 16, 5, 1, 17, 7, 12, 9, 2, 14, 10, 19, 6, 15, 3]",824.0,6.146990060806274
"[8, 4, 18, 13, 11, 0, 16, 5, 1, 17, 7, 12, 9, 2, 14, 10, 19, 6, 15, 3]",824.0,"[8, 4, 18, 13, 11, 0, 16, 5, 1, 17, 7, 12, 9, 2, 14, 10, 19, 6, 15, 3]",824.0,6.216992378234863
"[8, 4, 18, 13, 11, 0, 16, 5, 1, 17, 7, 12, 9, 2, 14, 10, 19, 6, 15, 3]",824.0,"[8, 4, 18, 13, 11, 0, 16, 5, 1, 17, 7, 12, 9, 2, 14, 10, 19, 6, 15, 3]",824.0,6.284987688064575
"[8, 4, 18, 13, 11, 0, 16, 5, 1, 17, 7, 12, 9, 2, 14, 10, 19, 6, 15, 3]",824.0,"[8, 4, 18, 13, 11, 0, 16, 5, 1, 17, 7, 12, 9, 2, 14, 10, 19, 6, 15, 3]",824.0,6.353989362716675
"[8, 4, 18, 13, 11, 0, 16, 5, 1, 17, 7, 12, 9, 2, 14, 10, 19, 6, 15, 3]",824.0,"[8, 4, 18, 13, 11, 0, 16, 5, 1, 17, 7, 12, 9, 2, 14, 10, 19, 6, 15, 3]",824.0,6.424991130828857
"[8, 4, 18, 13, 11, 0, 16, 5, 1, 17, 7, 12, 9, 2, 14, 10, 19, 6, 15, 3]",824.0,"[8, 4, 18, 13, 11, 0, 16, 5, 1, 17, 7, 12, 9, 2, 14, 10, 19, 6, 15, 3]",824.0,6.491999864578247
"[8, 4, 18, 13, 11, 0, 16, 5, 1, 17, 7, 12, 9, 2, 14, 10, 19, 6, 15, 3]",824.0,"[8, 4, 18, 13, 11, 0, 16, 5, 1, 17, 7, 12, 9, 2, 14, 10, 19, 6, 15, 3]",824.0,6.5599915981292725
"[8, 4, 18, 13, 11, 0, 16, 5, 1, 17, 7, 12, 9, 2, 14, 10, 19, 6, 15, 3]",824.0,"[8, 4, 18, 13, 11, 0, 16, 5, 1, 17, 7, 12, 9, 2, 14, 10, 19, 6, 15, 3]",824.0,6.6289918422698975
"[8, 4, 18, 13, 11, 0, 16, 5, 1, 17, 7, 12, 9, 2, 14, 10, 19, 6, 15, 3]",824.0,"[8, 4, 18, 13, 11, 0, 16, 5, 1, 17, 7, 12, 9, 2, 14, 10, 19, 6, 15, 3]",824.0,6.698995351791382
"[8, 4, 18, 13, 11, 0, 16, 5, 1, 17, 7, 12, 9, 2, 14, 10, 19, 6, 15, 3]",824.0,"[8, 4, 18, 13, 11, 0, 16, 5, 1, 17, 7, 12, 9, 2, 14, 10, 19, 6, 15, 3]",824.0,6.765991449356079
"[8, 4, 18, 13, 11, 0, 16, 5, 1, 17, 7, 12, 9, 2, 14, 10, 19, 6, 15, 3]",824.0,"[8, 4, 18, 13, 11, 0, 16, 5, 1, 17, 7, 12, 9, 2, 14, 10, 19, 6, 15, 3]",824.0,6.831988334655762
"[8, 4, 18, 13, 11, 0, 16, 5, 1, 17, 7, 12, 9, 2, 14, 10, 19, 6, 15, 3]",824.0,"[8, 4, 18, 13, 11, 0, 16, 5, 1, 17, 7, 12, 9, 2, 14, 10, 19, 6, 15, 3]",824.0,6.897988319396973
"[8, 4, 18, 13, 11, 0, 16, 5, 1, 17, 7, 12, 9, 2, 14, 10, 19, 6, 15, 3]",824.0,"[8, 4, 18, 13, 11, 0, 16, 5, 1, 17, 7, 12, 9, 2, 14, 10, 19, 6, 15, 3]",824.0,6.965989589691162
"[8, 4, 18, 13, 11, 0, 16, 5, 1, 17, 7, 12, 9, 2, 14, 10, 19, 6, 15, 3]",824.0,"[8, 4, 18, 13, 11, 0, 16, 5, 1, 17, 7, 12, 9, 2, 14, 10, 19, 6, 15, 3]",824.0,7.033987998962402
"[8, 4, 18, 13, 11, 0, 16, 5, 1, 17, 7, 12, 9, 2, 14, 10, 19, 6, 15, 3]",824.0,"[8, 4, 18, 13, 11, 0, 16, 5, 1, 17, 7, 12, 9, 2, 14, 10, 19, 6, 15, 3]",824.0,7.104993581771851
"[8, 4, 18, 13, 11, 0, 16, 5, 1, 17, 7, 12, 9, 2, 14, 10, 19, 6, 15, 3]",824.0,"[8, 4, 18, 13, 11, 0, 16, 5, 1, 17, 7, 12, 9, 2, 14, 10, 19, 6, 15, 3]",824.0,7.167990684509277
"[8, 4, 18, 13, 11, 0, 16, 5, 1, 17, 7, 12, 9, 2, 14, 10, 19, 6, 15, 3]",824.0,"[8, 4, 18, 13, 11, 0, 16, 5, 1, 17, 7, 12, 9, 2, 14, 10, 19, 6, 15, 3]",824.0,7.237987518310547
"[8, 4, 18, 13, 11, 0, 16, 5, 1, 17, 7, 12, 9, 2, 14, 10, 19, 6, 15, 3]",824.0,"[8, 4, 18, 13, 11, 0, 16, 5, 1, 17, 7, 12, 9, 2, 14, 10, 19, 6, 15, 3]",824.0,7.302988052368164
"[8, 4, 18, 13, 11, 0, 16, 5, 1, 17, 7, 12, 9, 2, 14, 10, 19, 6, 15, 3]",824.0,"[8, 4, 18, 13, 11, 0, 16, 5, 1, 17, 7, 12, 9, 2, 14, 10, 19, 6, 15, 3]",824.0,7.372987985610962
"[8, 4, 18, 13, 11, 0, 16, 5, 1, 17, 7, 12, 9, 2, 14, 10, 19, 6, 15, 3]",824.0,"[8, 4, 18, 13, 11, 0, 16, 5, 1, 17, 7, 12, 9, 2, 14, 10, 19, 6, 15, 3]",824.0,7.442991495132446
"[8, 4, 18, 13, 11, 0, 16, 5, 1, 17, 7, 12, 9, 2, 14, 10, 19, 6, 15, 3]",824.0,"[8, 4, 18, 13, 11, 0, 16, 5, 1, 17, 7, 12, 9, 2, 14, 10, 19, 6, 15, 3]",824.0,7.513988971710205
"[8, 4, 18, 13, 11, 0, 16, 5, 1, 17, 7, 12, 9, 2, 14, 10, 19, 6, 15, 3]",824.0,"[8, 4, 18, 13, 11, 0, 16, 5, 1, 17, 7, 12, 9, 2, 14, 10, 19, 6, 15, 3]",824.0,7.589264631271362
"[8, 4, 18, 13, 11, 0, 16, 5, 1, 17, 7, 12, 9, 2, 14, 10, 19, 6, 15, 3]",824.0,"[8, 4, 18, 13, 11, 0, 16, 5, 1, 17, 7, 12, 9, 2, 14, 10, 19, 6, 15, 3]",824.0,7.658987760543823
"[8, 4, 18, 13, 11, 0, 16, 5, 1, 17, 7, 12, 9, 2, 14, 10, 19, 6, 15, 3]",824.0,"[8, 4, 18, 13, 11, 0, 16, 5, 1, 17, 7, 12, 9, 2, 14, 10, 19, 6, 15, 3]",824.0,7.733989238739014
"[8, 4, 18, 13, 11, 0, 16, 5, 1, 17, 7, 12, 9, 2, 14, 10, 19, 6, 15, 3]",824.0,"[8, 4, 18, 13, 11, 0, 16, 5, 1, 17, 7, 12, 9, 2, 14, 10, 19, 6, 15, 3]",824.0,7.79999041557312
"[8, 4, 18, 13, 11, 0, 16, 5, 1, 17, 7, 12, 9, 2, 14, 10, 19, 6, 15, 3]",824.0,"[8, 4, 18, 13, 11, 0, 16, 5, 1, 17, 7, 12, 9, 2, 14, 10, 19, 6, 15, 3]",824.0,7.8669891357421875
"[8, 4, 18, 13, 11, 0, 16, 5, 1, 17, 7, 12, 9, 2, 14, 10, 19, 6, 15, 3]",824.0,"[8, 4, 18, 13, 11, 0, 16, 5, 1, 17, 7, 12, 9, 2, 14, 10, 19, 6, 15, 3]",824.0,7.948988199234009
"[8, 4, 18, 13, 11, 0, 16, 5, 1, 17, 7, 12, 9, 2, 14, 10, 19, 6, 15, 3]",824.0,"[8, 4, 18, 13, 11, 0, 16, 5, 1, 17, 7, 12, 9, 2, 14, 10, 19, 6, 15, 3]",824.0,8.018989562988281
"[8, 4, 18, 13, 11, 0, 16, 5, 1, 17, 7, 12, 9, 2, 14, 10, 19, 6, 15, 3]",824.0,"[8, 4, 18, 13, 11, 0, 16, 5, 1, 17, 7, 12, 9, 2, 14, 10, 19, 6, 15, 3]",824.0,8.085984706878662
"[8, 4, 18, 13, 11, 0, 16, 5, 1, 17, 7, 12, 9, 2, 14, 10, 19, 6, 15, 3]",824.0,"[8, 4, 18, 13, 11, 0, 16, 5, 1, 17, 7, 12, 9, 2, 14, 10, 19, 6, 15, 3]",824.0,8.150989770889282
"[8, 4, 18, 13, 11, 0, 16, 5, 1, 17, 7, 12, 9, 2, 14, 10, 19, 6, 15, 3]",824.0,"[8, 4, 18, 13, 11, 0, 16, 5, 1, 17, 7, 12, 9, 2, 14, 10, 19, 6, 15, 3]",824.0,8.223989725112915
"[8, 4, 18, 13, 11, 0, 16, 5, 1, 17, 7, 12, 9, 2, 14, 10, 19, 6, 15, 3]",824.0,"[8, 4, 18, 13, 11, 0, 16, 5, 1, 17, 7, 12, 9, 2, 14, 10, 19, 6, 15, 3]",824.0,8.292990446090698
"[8, 4, 18, 13, 11, 0, 16, 5, 1, 17, 7, 12, 9, 2, 14, 10, 19, 6, 15, 3]",824.0,"[8, 4, 18, 13, 11, 0, 16, 5, 1, 17, 7, 12, 9, 2, 14, 10, 19, 6, 15, 3]",824.0,8.360993385314941
"[8, 4, 18, 13, 11, 0, 16, 5, 1, 17, 7, 12, 9, 2, 14, 10, 19, 6, 15, 3]",824.0,"[8, 4, 18, 13, 11, 0, 16, 5, 1, 17, 7, 12, 9, 2, 14, 10, 19, 6, 15, 3]",824.0,8.42499041557312
"[8, 4, 18, 13, 11, 0, 16, 5, 1, 17, 7, 12, 9, 2, 14, 10, 19, 6, 15, 3]",824.0,"[8, 4, 18, 13, 11, 0, 16, 5, 1, 17, 7, 12, 9, 2, 14, 10, 19, 6, 15, 3]",824.0,8.492527484893799
"[8, 4, 18, 13, 11, 0, 16, 5, 1, 17, 7, 12, 9, 2, 14, 10, 19, 6, 15, 3]",824.0,"[8, 4, 18, 13, 11, 0, 16, 5, 1, 17, 7, 12, 9, 2, 14, 10, 19, 6, 15, 3]",824.0,8.557527303695679
"[8, 18, 4, 13, 11, 0, 16, 5, 1, 17, 7, 12, 9, 2, 14, 10, 19, 6, 15, 3]",822.5,"[8, 18, 4, 13, 11, 0, 16, 5, 1, 17, 7, 12, 9, 2, 14, 10, 19, 6, 15, 3]",822.5,8.620555400848389
"[8, 18, 4, 13, 11, 0, 16, 5, 1, 17, 7, 12, 9, 2, 14, 10, 19, 6, 15, 3]",822.5,"[8, 18, 4, 13, 11, 0, 16, 5, 1, 17, 7, 12, 9, 2, 14, 10, 19, 6, 15, 3]",822.5,8.684529781341553
"[8, 18, 4, 13, 11, 0, 16, 5, 1, 17, 7, 12, 9, 2, 14, 10, 19, 6, 15, 3]",822.5,"[8, 18, 4, 13, 11, 0, 16, 5, 1, 17, 7, 12, 9, 2, 14, 10, 19, 6, 15, 3]",822.5,8.749532461166382
"[8, 18, 4, 13, 11, 0, 16, 5, 1, 17, 7, 12, 9, 2, 14, 10, 19, 6, 15, 3]",822.5,"[8, 18, 4, 13, 11, 0, 16, 5, 1, 17, 7, 12, 9, 2, 14, 10, 19, 6, 15, 3]",822.5,8.817526817321777
"[8, 18, 4, 13, 11, 0, 16, 5, 1, 17, 7, 12, 9, 2, 14, 10, 19, 6, 15, 3]",822.5,"[8, 18, 4, 13, 11, 0, 16, 5, 1, 17, 7, 12, 9, 2, 14, 10, 19, 6, 15, 3]",822.5,8.887529611587524
"[8, 18, 4, 13, 11, 0, 16, 5, 1, 17, 7, 12, 9, 2, 14, 10, 19, 6, 15, 3]",822.5,"[8, 18, 4, 13, 11, 0, 16, 5, 1, 17, 7, 12, 9, 2, 14, 10, 19, 6, 15, 3]",822.5,8.954530715942383
"[8, 18, 4, 13, 11, 0, 16, 5, 1, 17, 7, 12, 9, 2, 14, 10, 19, 6, 15, 3]",822.5,"[8, 18, 4, 13, 11, 0, 16, 5, 1, 17, 7, 12, 9, 2, 14, 10, 19, 6, 15, 3]",822.5,9.021528959274292
"[8, 18, 4, 13, 11, 0, 16, 5, 1, 17, 7, 12, 9, 2, 14, 10, 19, 6, 15, 3]",822.5,"[8, 18, 4, 13, 11, 0, 16, 5, 1, 17, 7, 12, 9, 2, 14, 10, 19, 6, 15, 3]",822.5,9.090527296066284
"[8, 18, 4, 13, 11, 0, 16, 5, 1, 17, 7, 12, 9, 2, 14, 10, 19, 6, 15, 3]",822.5,"[8, 18, 4, 13, 11, 0, 16, 5, 1, 17, 7, 12, 9, 2, 14, 10, 19, 6, 15, 3]",822.5,9.157531499862671
"[8, 18, 4, 13, 11, 0, 16, 5, 1, 17, 7, 12, 9, 2, 14, 10, 19, 6, 15, 3]",822.5,"[8, 18, 4, 13, 11, 0, 16, 5, 1, 17, 7, 12, 9, 2, 14, 10, 19, 6, 15, 3]",822.5,9.22452998161316
"[8, 18, 4, 13, 11, 0, 16, 5, 1, 17, 7, 12, 9, 2, 14, 10, 19, 6, 15, 3]",822.5,"[8, 18, 4, 13, 11, 0, 16, 5, 1, 17, 7, 12, 9, 2, 14, 10, 19, 6, 15, 3]",822.5,9.289528131484985
"[8, 18, 4, 13, 11, 0, 16, 5, 1, 17, 7, 12, 9, 2, 14, 10, 19, 6, 15, 3]",822.5,"[8, 18, 4, 13, 11, 0, 16, 5, 1, 17, 7, 12, 9, 2, 14, 10, 19, 6, 15, 3]",822.5,9.355533123016357
"[8, 18, 4, 13, 11, 0, 16, 5, 1, 17, 7, 12, 9, 2, 14, 10, 19, 6, 15, 3]",822.5,"[8, 18, 4, 13, 11, 0, 16, 5, 1, 17, 7, 12, 9, 2, 14, 10, 19, 6, 15, 3]",822.5,9.422530174255371
"[8, 18, 4, 13, 11, 0, 16, 5, 1, 17, 7, 12, 9, 2, 14, 10, 19, 6, 15, 3]",822.5,"[8, 18, 4, 13, 11, 0, 16, 5, 1, 17, 7, 12, 9, 2, 14, 10, 19, 6, 15, 3]",822.5,9.51352858543396
"[8, 18, 4, 13, 11, 0, 16, 5, 1, 17, 7, 12, 9, 2, 14, 10, 19, 6, 15, 3]",822.5,"[8, 18, 4, 13, 11, 0, 16, 5, 1, 17, 7, 12, 9, 2, 14, 10, 19, 6, 15, 3]",822.5,9.577526807785034
"[8, 18, 4, 13, 11, 0, 16, 5, 1, 17, 7, 12, 9, 2, 14, 10, 19, 6, 15, 3]",822.5,"[8, 18, 4, 13, 11, 0, 16, 5, 1, 17, 7, 12, 9, 2, 14, 10, 19, 6, 15, 3]",822.5,9.639532804489136
"[8, 18, 4, 13, 11, 0, 16, 5, 1, 17, 7, 12, 9, 2, 14, 10, 19, 6, 15, 3]",822.5,"[8, 18, 4, 13, 11, 0, 16, 5, 1, 17, 7, 12, 9, 2, 14, 10, 19, 6, 15, 3]",822.5,9.707537174224854
"[8, 18, 4, 13, 11, 0, 16, 5, 1, 17, 7, 12, 9, 2, 14, 10, 19, 6, 15, 3]",822.5,"[8, 18, 4, 13, 11, 0, 16, 5, 1, 17, 7, 12, 9, 2, 14, 10, 19, 6, 15, 3]",822.5,9.771531105041504
"[8, 18, 4, 13, 11, 0, 16, 5, 1, 17, 7, 12, 9, 2, 14, 10, 19, 6, 15, 3]",822.5,"[8, 18, 4, 13, 11, 0, 16, 5, 1, 17, 7, 12, 9, 2, 14, 10, 19, 6, 15, 3]",822.5,9.838529586791992
"[8, 18, 4, 13, 11, 0, 16, 5, 1, 17, 7, 12, 9, 2, 14, 10, 19, 6, 15, 3]",822.5,"[8, 18, 4, 13, 11, 0, 16, 5, 1, 17, 7, 12, 9, 2, 14, 10, 19, 6, 15, 3]",822.5,9.902530908584595
"[8, 18, 4, 13, 11, 0, 16, 5, 1, 17, 7, 12, 9, 2, 14, 10, 19, 6, 15, 3]",822.5,"[8, 18, 4, 13, 11, 0, 16, 5, 1, 17, 7, 12, 9, 2, 14, 10, 19, 6, 15, 3]",822.5,9.96852970123291
"[8, 18, 4, 13, 11, 0, 16, 5, 1, 17, 7, 12, 9, 2, 14, 10, 19, 6, 15, 3]",822.5,"[8, 18, 4, 13, 11, 0, 16, 5, 1, 17, 7, 12, 9, 2, 14, 10, 19, 6, 15, 3]",822.5,10.03352975845337
"[8, 18, 4, 13, 11, 0, 16, 5, 10, 17, 7, 12, 9, 2, 14, 1, 19, 6, 15, 3]",816.5,"[8, 18, 4, 13, 11, 0, 16, 5, 10, 17, 7, 12, 9, 2, 14, 1, 19, 6, 15, 3]",816.5,10.098532915115356
"[8, 18, 4, 13, 11, 0, 16, 5, 10, 17, 7, 12, 9, 2, 14, 1, 19, 6, 15, 3]",816.5,"[8, 18, 4, 13, 11, 0, 16, 5, 10, 17, 7, 12, 9, 2, 14, 1, 19, 6, 15, 3]",816.5,10.165529727935791
"[8, 18, 4, 13, 11, 0, 16, 5, 10, 17, 7, 12, 9, 2, 14, 1, 19, 6, 15, 3]",816.5,"[8, 18, 4, 13, 11, 0, 16, 5, 10, 17, 7, 12, 9, 2, 14, 1, 19, 6, 15, 3]",816.5,10.22753119468689
"[8, 18, 4, 13, 11, 0, 16, 5, 10, 17, 7, 12, 9, 2, 14, 1, 19, 6, 15, 3]",816.5,"[8, 18, 4, 13, 11, 0, 16, 5, 10, 17, 7, 12, 9, 2, 14, 1, 19, 6, 15, 3]",816.5,10.295526504516602
"[8, 18, 4, 13, 11, 0, 16, 5, 10, 17, 7, 12, 9, 2, 14, 1, 19, 6, 15, 3]",816.5,"[8, 18, 4, 13, 11, 0, 16, 5, 10, 17, 7, 12, 9, 2, 14, 1, 19, 6, 15, 3]",816.5,10.36052942276001
"[8, 18, 4, 13, 11, 0, 16, 5, 10, 17, 7, 12, 9, 2, 14, 1, 19, 6, 15, 3]",816.5,"[8, 18, 4, 13, 11, 0, 16, 5, 10, 17, 7, 12, 9, 2, 14, 1, 19, 6, 15, 3]",816.5,10.425529479980469
"[8, 18, 4, 13, 11, 0, 16, 5, 10, 17, 7, 12, 9, 2, 14, 1, 19, 6, 15, 3]",816.5,"[8, 18, 4, 13, 11, 0, 16, 5, 10, 17, 7, 12, 9, 2, 14, 1, 19, 6, 15, 3]",816.5,10.48652958869934
"[8, 18, 4, 13, 11, 0, 16, 5, 10, 17, 7, 12, 9, 2, 14, 1, 19, 6, 15, 3]",816.5,"[8, 18, 4, 13, 11, 0, 16, 5, 10, 17, 7, 12, 9, 2, 14, 1, 19, 6, 15, 3]",816.5,10.552531242370605
"[8, 18, 4, 13, 11, 0, 16, 5, 10, 17, 7, 12, 9, 2, 14, 1, 19, 6, 15, 3]",816.5,"[8, 18, 4, 13, 11, 0, 16, 5, 10, 17, 7, 12, 9, 2, 14, 1, 19, 6, 15, 3]",816.5,10.616526126861572
"[8, 18, 4, 13, 11, 0, 16, 5, 10, 17, 7, 12, 9, 2, 14, 1, 19, 6, 15, 3]",816.5,"[8, 18, 4, 13, 11, 0, 16, 5, 10, 17, 7, 12, 9, 2, 14, 1, 19, 6, 15, 3]",816.5,10.682528972625732
"[8, 18, 4, 13, 11, 0, 16, 5, 10, 17, 7, 12, 9, 2, 14, 1, 19, 6, 15, 3]",816.5,"[8, 18, 4, 13, 11, 0, 16, 5, 10, 17, 7, 12, 9, 2, 14, 1, 19, 6, 15, 3]",816.5,10.749529123306274
"[8, 18, 4, 13, 11, 0, 16, 5, 10, 17, 7, 12, 9, 2, 14, 1, 19, 6, 15, 3]",816.5,"[8, 18, 4, 13, 11, 0, 16, 5, 10, 17, 7, 12, 9, 2, 14, 1, 19, 6, 15, 3]",816.5,10.817529439926147
"[8, 18, 4, 13, 11, 0, 16, 5, 10, 17, 7, 12, 9, 2, 14, 1, 19, 6, 15, 3]",816.5,"[8, 18, 4, 13, 11, 0, 16, 5, 10, 17, 7, 12, 9, 2, 14, 1, 19, 6, 15, 3]",816.5,10.883526802062988
"[8, 18, 4, 13, 11, 0, 16, 5, 10, 17, 7, 12, 9, 2, 14, 1, 19, 6, 15, 3]",816.5,"[8, 18, 4, 13, 11, 0, 16, 5, 10, 17, 7, 12, 9, 2, 14, 1, 19, 6, 15, 3]",816.5,10.951526641845703
"[8, 18, 4, 13, 11, 0, 16, 5, 10, 17, 7, 12, 9, 2, 14, 1, 19, 6, 15, 3]",816.5,"[8, 18, 4, 13, 11, 0, 16, 5, 10, 17, 7, 12, 9, 2, 14, 1, 19, 6, 15, 3]",816.5,11.01752519607544
"[8, 18, 4, 13, 11, 0, 16, 5, 10, 17, 7, 12, 9, 2, 14, 1, 19, 6, 15, 3]",816.5,"[8, 18, 4, 13, 11, 0, 16, 5, 10, 17, 7, 12, 9, 2, 14, 1, 19, 6, 15, 3]",816.5,11.083527326583862
"[8, 18, 4, 13, 11, 0, 16, 5, 10, 17, 7, 12, 9, 2, 14, 1, 19, 6, 15, 3]",816.5,"[8, 18, 4, 13, 11, 0, 16, 5, 10, 17, 7, 12, 9, 2, 14, 1, 19, 6, 15, 3]",816.5,11.146526575088501
"[8, 18, 4, 13, 11, 0, 16, 5, 10, 17, 7, 12, 9, 2, 14, 1, 19, 6, 15, 3]",816.5,"[8, 18, 4, 13, 11, 0, 16, 5, 10, 17, 7, 12, 9, 2, 14, 1, 19, 6, 15, 3]",816.5,11.210528135299683
"[8, 18, 4, 13, 11, 0, 16, 5, 10, 17, 7, 12, 9, 2, 14, 1, 19, 6, 15, 3]",816.5,"[8, 18, 4, 13, 11, 0, 16, 5, 10, 17, 7, 12, 9, 2, 14, 1, 19, 6, 15, 3]",816.5,11.276526689529419
"[8, 18, 4, 13, 11, 0, 16, 5, 10, 17, 7, 12, 9, 2, 14, 1, 19, 6, 15, 3]",816.5,"[8, 18, 4, 13, 11, 0, 16, 5, 10, 17, 7, 12, 9, 2, 14, 1, 19, 6, 15, 3]",816.5,11.350526571273804
"[8, 18, 4, 13, 11, 0, 16, 5, 10, 17, 7, 12, 9, 2, 14, 1, 19, 6, 15, 3]",816.5,"[8, 18, 4, 13, 11, 0, 16, 5, 10, 17, 7, 12, 9, 2, 14, 1, 19, 6, 15, 3]",816.5,11.425529956817627
"[8, 18, 4, 13, 11, 0, 16, 5, 10, 17, 7, 12, 9, 2, 14, 1, 19, 6, 15, 3]",816.5,"[8, 18, 4, 13, 11, 0, 16, 5, 10, 17, 7, 12, 9, 2, 14, 1, 19, 6, 15, 3]",816.5,11.494529485702515
"[8, 18, 4, 13, 11, 0, 16, 5, 10, 17, 7, 12, 9, 2, 14, 1, 19, 6, 15, 3]",816.5,"[8, 18, 4, 13, 11, 0, 16, 5, 10, 17, 7, 12, 9, 2, 14, 1, 19, 6, 15, 3]",816.5,11.56152606010437
"[8, 18, 4, 13, 11, 0, 16, 5, 10, 17, 7, 12, 9, 2, 14, 1, 19, 6, 15, 3]",816.5,"[8, 18, 4, 13, 11, 0, 16, 5, 10, 17, 7, 12, 9, 2, 14, 1, 19, 6, 15, 3]",816.5,11.628527879714966
"[8, 18, 4, 13, 11, 0, 16, 5, 10, 17, 7, 12, 9, 2, 14, 1, 19, 6, 15, 3]",816.5,"[8, 18, 4, 13, 11, 0, 16, 5, 10, 17, 7, 12, 9, 2, 14, 1, 19, 6, 15, 3]",816.5,11.693526268005371
"[8, 18, 4, 13, 11, 0, 16, 5, 10, 17, 7, 12, 9, 2, 14, 1, 19, 6, 15, 3]",816.5,"[8, 18, 4, 13, 11, 0, 16, 5, 10, 17, 7, 12, 9, 2, 14, 1, 19, 6, 15, 3]",816.5,11.758533954620361
"[8, 18, 4, 13, 11, 0, 16, 5, 10, 17, 7, 12, 9, 2, 14, 1, 19, 6, 15, 3]",816.5,"[8, 18, 4, 13, 11, 0, 16, 5, 10, 17, 7, 12, 9, 2, 14, 1, 19, 6, 15, 3]",816.5,11.826528310775757
"[8, 18, 4, 13, 11, 0, 16, 5, 10, 17, 7, 12, 9, 2, 14, 1, 19, 6, 15, 3]",816.5,"[8, 18, 4, 13, 11, 0, 16, 5, 10, 17, 7, 12, 9, 2, 14, 1, 19, 6, 15, 3]",816.5,11.894526243209839
"[8, 18, 4, 13, 11, 0, 16, 5, 10, 17, 7, 12, 9, 2, 14, 1, 19, 6, 15, 3]",816.5,"[8, 18, 4, 13, 11, 0, 16, 5, 10, 17, 7, 12, 9, 2, 14, 1, 19, 6, 15, 3]",816.5,11.961531162261963
"[8, 18, 4, 13, 11, 0, 16, 5, 10, 17, 7, 12, 9, 2, 14, 1, 19, 6, 15, 3]",816.5,"[8, 18, 4, 13, 11, 0, 16, 5, 10, 17, 7, 12, 9, 2, 14, 1, 19, 6, 15, 3]",816.5,12.033524513244629
"[8, 18, 4, 13, 11, 0, 16, 5, 10, 17, 7, 12, 9, 2, 14, 1, 19, 6, 15, 3]",816.5,"[8, 18, 4, 13, 11, 0, 16, 5, 10, 17, 7, 12, 9, 2, 14, 1, 19, 6, 15, 3]",816.5,12.100526809692383
"[8, 18, 4, 13, 11, 0, 16, 5, 10, 17, 7, 12, 9, 2, 14, 1, 19, 6, 15, 3]",816.5,"[8, 18, 4, 13, 11, 0, 16, 5, 10, 17, 7, 12, 9, 2, 14, 1, 19, 6, 15, 3]",816.5,12.165533542633057
"[8, 18, 4, 13, 11, 0, 16, 5, 10, 17, 7, 12, 9, 2, 14, 1, 19, 6, 15, 3]",816.5,"[8, 18, 4, 13, 11, 0, 16, 5, 10, 17, 7, 12, 9, 2, 14, 1, 19, 6, 15, 3]",816.5,12.23452877998352
"[8, 18, 4, 13, 11, 0, 16, 5, 10, 17, 7, 12, 9, 2, 14, 1, 19, 6, 15, 3]",816.5,"[8, 18, 4, 13, 11, 0, 16, 5, 10, 17, 7, 12, 9, 2, 14, 1, 19, 6, 15, 3]",816.5,12.296529293060303
"[8, 18, 4, 13, 11, 0, 16, 5, 10, 17, 7, 12, 9, 2, 14, 1, 19, 6, 15, 3]",816.5,"[8, 18, 4, 13, 11, 0, 16, 5, 10, 17, 7, 12, 9, 2, 14, 1, 19, 6, 15, 3]",816.5,12.36052918434143
"[8, 18, 4, 13, 11, 0, 16, 5, 10, 17, 7, 12, 9, 2, 14, 1, 19, 6, 15, 3]",816.5,"[8, 18, 4, 13, 11, 0, 16, 5, 10, 17, 7, 12, 9, 2, 14, 1, 19, 6, 15, 3]",816.5,12.425527334213257
"[8, 18, 4, 13, 11, 0, 16, 5, 10, 17, 7, 12, 9, 2, 14, 1, 19, 6, 15, 3]",816.5,"[8, 18, 4, 13, 11, 0, 16, 5, 10, 17, 7, 12, 9, 2, 14, 1, 19, 6, 15, 3]",816.5,12.489528179168701
"[8, 18, 4, 13, 11, 0, 16, 5, 10, 17, 7, 12, 9, 2, 14, 1, 19, 6, 15, 3]",816.5,"[8, 18, 4, 13, 11, 0, 16, 5, 10, 17, 7, 12, 9, 2, 14, 1, 19, 6, 15, 3]",816.5,12.557525396347046
"[8, 18, 4, 13, 11, 0, 16, 5, 10, 17, 7, 12, 9, 2, 14, 1, 19, 6, 15, 3]",816.5,"[8, 18, 4, 13, 11, 0, 16, 5, 10, 17, 7, 12, 9, 2, 14, 1, 19, 6, 15, 3]",816.5,12.620526313781738
"[8, 18, 4, 13, 11, 0, 16, 5, 10, 17, 7, 12, 9, 2, 14, 1, 19, 6, 15, 3]",816.5,"[8, 18, 4, 13, 11, 0, 16, 5, 10, 17, 7, 12, 9, 2, 14, 1, 19, 6, 15, 3]",816.5,12.685527801513672
"[8, 18, 4, 13, 11, 0, 16, 5, 10, 17, 7, 12, 9, 2, 14, 1, 19, 6, 15, 3]",816.5,"[8, 18, 4, 13, 11, 0, 16, 5, 10, 17, 7, 12, 9, 2, 14, 1, 19, 6, 15, 3]",816.5,12.749533653259277
"[8, 18, 4, 13, 11, 0, 16, 5, 10, 17, 7, 12, 9, 2, 14, 1, 19, 6, 15, 3]",816.5,"[8, 18, 4, 13, 11, 0, 16, 5, 10, 17, 7, 12, 9, 2, 14, 1, 19, 6, 15, 3]",816.5,12.811529159545898
"[8, 18, 4, 13, 11, 0, 16, 5, 10, 17, 7, 12, 9, 2, 14, 1, 19, 6, 15, 3]",816.5,"[8, 18, 4, 13, 11, 0, 16, 5, 10, 17, 7, 12, 9, 2, 14, 1, 19, 6, 15, 3]",816.5,12.875526666641235
"[8, 18, 4, 13, 11, 0, 16, 5, 10, 17, 7, 12, 9, 2, 14, 1, 19, 6, 15, 3]",816.5,"[8, 18, 4, 13, 11, 0, 16, 5, 10, 17, 7, 12, 9, 2, 14, 1, 19, 6, 15, 3]",816.5,12.941526412963867
"[8, 18, 4, 13, 11, 0, 16, 5, 10, 17, 7, 12, 9, 2, 14, 1, 19, 6, 15, 3]",816.5,"[8, 18, 4, 13, 11, 0, 16, 5, 10, 17, 7, 12, 9, 2, 14, 1, 19, 6, 15, 3]",816.5,13.006526708602905
"[8, 18, 4, 13, 11, 0, 16, 5, 10, 17, 7, 12, 9, 2, 14, 1, 19, 6, 15, 3]",816.5,"[8, 18, 4, 13, 11, 0, 16, 5, 10, 17, 7, 12, 9, 2, 14, 1, 19, 6, 15, 3]",816.5,13.073530912399292
"[8, 18, 4, 13, 11, 0, 16, 5, 10, 17, 7, 12, 9, 2, 14, 1, 19, 6, 15, 3]",816.5,"[8, 18, 4, 13, 11, 0, 16, 5, 10, 17, 7, 12, 9, 2, 14, 1, 19, 6, 15, 3]",816.5,13.139527559280396
"[8, 18, 4, 13, 11, 0, 16, 5, 10, 17, 7, 12, 9, 2, 14, 1, 19, 6, 15, 3]",816.5,"[8, 18, 4, 13, 11, 0, 16, 5, 10, 17, 7, 12, 9, 2, 14, 1, 19, 6, 15, 3]",816.5,13.21053147315979
"[8, 18, 4, 13, 11, 0, 16, 5, 10, 17, 7, 12, 9, 2, 14, 1, 19, 6, 15, 3]",816.5,"[8, 18, 4, 13, 11, 0, 16, 5, 10, 17, 7, 12, 9, 2, 14, 1, 19, 6, 15, 3]",816.5,13.2755286693573
"[8, 18, 4, 13, 11, 0, 16, 5, 10, 17, 7, 12, 9, 2, 14, 1, 19, 6, 15, 3]",816.5,"[8, 18, 4, 13, 11, 0, 16, 5, 10, 17, 7, 12, 9, 2, 14, 1, 19, 6, 15, 3]",816.5,13.3465256690979
