Sequence,Fitness,Best_sequence,Best_fitness,Time
"[2, 31, 3, 21, 27, 29, 22, 39, 19, 26, 32, 17, 30, 36, 33, 28, 4, 14, 10, 35, 23, 24, 34, 20, 18, 25, 6, 13, 7, 38, 1, 16, 0, 15, 5, 11, 9, 8, 12, 37]",4238.0,"[2, 31, 3, 21, 27, 29, 22, 39, 19, 26, 32, 17, 30, 36, 33, 28, 4, 14, 10, 35, 23, 24, 34, 20, 18, 25, 6, 13, 7, 38, 1, 16, 0, 15, 5, 11, 9, 8, 12, 37]",4238.0,0.0
"[2, 31, 3, 21, 27, 29, 22, 39, 19, 26, 32, 17, 30, 36, 33, 28, 4, 14, 10, 35, 23, 24, 34, 20, 18, 25, 6, 13, 7, 38, 1, 16, 0, 15, 5, 11, 9, 8, 12, 37]",4238.0,"[2, 31, 3, 21, 27, 29, 22, 39, 19, 26, 32, 17, 30, 36, 33, 28, 4, 14, 10, 35, 23, 24, 34, 20, 18, 25, 6, 13, 7, 38, 1, 16, 0, 15, 5, 11, 9, 8, 12, 37]",4238.0,0.15800118446350098
"[2, 31, 3, 21, 27, 29, 22, 39, 18, 26, 32, 17, 30, 36, 33, 28, 4, 14, 10, 35, 23, 24, 34, 20, 19, 25, 6, 13, 7, 38, 1, 16, 0, 15, 5, 11, 9, 8, 12, 37]",4172.5,"[2, 31, 3, 21, 27, 29, 22, 39, 18, 26, 32, 17, 30, 36, 33, 28, 4, 14, 10, 35, 23, 24, 34, 20, 19, 25, 6, 13, 7, 38, 1, 16, 0, 15, 5, 11, 9, 8, 12, 37]",4172.5,0.31600284576416016
"[2, 31, 3, 21, 27, 29, 22, 39, 18, 26, 32, 17, 30, 36, 33, 28, 4, 14, 10, 35, 23, 24, 34, 20, 19, 25, 6, 13, 7, 38, 1, 16, 0, 15, 5, 11, 9, 8, 12, 37]",4172.5,"[2, 31, 3, 21, 27, 29, 22, 39, 18, 26, 32, 17, 30, 36, 33, 28, 4, 14, 10, 35, 23, 24, 34, 20, 19, 25, 6, 13, 7, 38, 1, 16, 0, 15, 5, 11, 9, 8, 12, 37]",4172.5,0.47800683975219727
"[2, 31, 3, 21, 27, 29, 22, 1, 18, 26, 32, 17, 30, 36, 33, 28, 4, 14, 10, 35, 23, 24, 34, 20, 19, 25, 6, 13, 7, 38, 39, 16, 0, 15, 5, 11, 9, 8, 12, 37]",3981.5,"[2, 31, 3, 21, 27, 29, 22, 1, 18, 26, 32, 17, 30, 36, 33, 28, 4, 14, 10, 35, 23, 24, 34, 20, 19, 25, 6, 13, 7, 38, 39, 16, 0, 15, 5, 11, 9, 8, 12, 37]",3981.5,0.646014928817749
"[2, 31, 3, 21, 27, 29, 22, 1, 18, 26, 32, 17, 30, 36, 33, 28, 4, 14, 10, 35, 23, 24, 34, 20, 19, 25, 6, 13, 7, 38, 39, 16, 0, 15, 5, 11, 9, 8, 12, 37]",3981.5,"[2, 31, 3, 21, 27, 29, 22, 1, 18, 26, 32, 17, 30, 36, 33, 28, 4, 14, 10, 35, 23, 24, 34, 20, 19, 25, 6, 13, 7, 38, 39, 16, 0, 15, 5, 11, 9, 8, 12, 37]",3981.5,0.8080060482025146
"[2, 31, 3, 21, 27, 29, 22, 1, 18, 26, 32, 17, 30, 36, 33, 28, 4, 14, 10, 35, 23, 24, 34, 20, 19, 25, 6, 13, 7, 38, 39, 16, 0, 15, 5, 11, 9, 8, 12, 37]",3981.5,"[2, 31, 3, 21, 27, 29, 22, 1, 18, 26, 32, 17, 30, 36, 33, 28, 4, 14, 10, 35, 23, 24, 34, 20, 19, 25, 6, 13, 7, 38, 39, 16, 0, 15, 5, 11, 9, 8, 12, 37]",3981.5,0.9670126438140869
"[2, 31, 3, 21, 19, 29, 22, 1, 18, 26, 32, 17, 30, 36, 33, 28, 4, 14, 10, 35, 23, 24, 34, 20, 27, 25, 6, 13, 7, 38, 39, 16, 0, 15, 5, 11, 9, 8, 12, 37]",3800.0,"[2, 31, 3, 21, 19, 29, 22, 1, 18, 26, 32, 17, 30, 36, 33, 28, 4, 14, 10, 35, 23, 24, 34, 20, 27, 25, 6, 13, 7, 38, 39, 16, 0, 15, 5, 11, 9, 8, 12, 37]",3800.0,1.12501859664917
"[2, 31, 3, 21, 19, 29, 22, 1, 18, 26, 32, 17, 6, 36, 33, 28, 4, 14, 10, 35, 23, 24, 34, 20, 27, 25, 30, 13, 7, 38, 39, 16, 0, 15, 5, 11, 9, 8, 12, 37]",3731.5,"[2, 31, 3, 21, 19, 29, 22, 1, 18, 26, 32, 17, 6, 36, 33, 28, 4, 14, 10, 35, 23, 24, 34, 20, 27, 25, 30, 13, 7, 38, 39, 16, 0, 15, 5, 11, 9, 8, 12, 37]",3731.5,1.280048131942749
"[2, 31, 3, 21, 19, 29, 22, 1, 18, 26, 32, 17, 6, 36, 33, 28, 10, 14, 4, 35, 23, 24, 34, 20, 27, 25, 30, 13, 7, 38, 39, 16, 0, 15, 5, 11, 9, 8, 12, 37]",3726.0,"[2, 31, 3, 21, 19, 29, 22, 1, 18, 26, 32, 17, 6, 36, 33, 28, 10, 14, 4, 35, 23, 24, 34, 20, 27, 25, 30, 13, 7, 38, 39, 16, 0, 15, 5, 11, 9, 8, 12, 37]",3726.0,1.4410111904144287
"[2, 31, 3, 21, 19, 29, 22, 1, 18, 26, 32, 17, 6, 36, 33, 28, 10, 14, 4, 35, 23, 24, 34, 20, 27, 25, 30, 13, 7, 38, 39, 16, 0, 15, 5, 11, 9, 8, 12, 37]",3726.0,"[2, 31, 3, 21, 19, 29, 22, 1, 18, 26, 32, 17, 6, 36, 33, 28, 10, 14, 4, 35, 23, 24, 34, 20, 27, 25, 30, 13, 7, 38, 39, 16, 0, 15, 5, 11, 9, 8, 12, 37]",3726.0,1.6070201396942139
"[2, 31, 3, 21, 19, 29, 22, 1, 18, 26, 32, 17, 6, 36, 33, 28, 10, 14, 4, 35, 23, 24, 34, 20, 27, 25, 30, 13, 7, 38, 39, 16, 0, 15, 5, 11, 9, 8, 12, 37]",3726.0,"[2, 31, 3, 21, 19, 29, 22, 1, 18, 26, 32, 17, 6, 36, 33, 28, 10, 14, 4, 35, 23, 24, 34, 20, 27, 25, 30, 13, 7, 38, 39, 16, 0, 15, 5, 11, 9, 8, 12, 37]",3726.0,1.7690186500549316
"[2, 31, 3, 21, 19, 29, 22, 1, 18, 26, 32, 17, 6, 36, 33, 28, 10, 14, 4, 35, 23, 24, 34, 5, 27, 25, 30, 13, 7, 38, 39, 16, 0, 15, 20, 11, 9, 8, 12, 37]",3597.0,"[2, 31, 3, 21, 19, 29, 22, 1, 18, 26, 32, 17, 6, 36, 33, 28, 10, 14, 4, 35, 23, 24, 34, 5, 27, 25, 30, 13, 7, 38, 39, 16, 0, 15, 20, 11, 9, 8, 12, 37]",3597.0,1.9250645637512207
"[2, 31, 3, 21, 19, 29, 22, 1, 18, 26, 32, 17, 6, 36, 33, 28, 10, 14, 4, 35, 23, 24, 34, 5, 27, 25, 30, 13, 7, 38, 39, 16, 0, 15, 20, 11, 9, 8, 12, 37]",3597.0,"[2, 31, 3, 21, 19, 29, 22, 1, 18, 26, 32, 17, 6, 36, 33, 28, 10, 14, 4, 35, 23, 24, 34, 5, 27, 25, 30, 13, 7, 38, 39, 16, 0, 15, 20, 11, 9, 8, 12, 37]",3597.0,2.0860235691070557
"[2, 31, 3, 21, 19, 29, 22, 1, 18, 26, 32, 17, 6, 36, 33, 28, 10, 14, 4, 35, 23, 24, 34, 5, 27, 25, 30, 13, 7, 38, 39, 16, 0, 15, 20, 11, 9, 8, 12, 37]",3597.0,"[2, 31, 3, 21, 19, 29, 22, 1, 18, 26, 32, 17, 6, 36, 33, 28, 10, 14, 4, 35, 23, 24, 34, 5, 27, 25, 30, 13, 7, 38, 39, 16, 0, 15, 20, 11, 9, 8, 12, 37]",3597.0,2.240025281906128
"[2, 31, 3, 21, 19, 29, 22, 1, 18, 26, 32, 17, 6, 36, 33, 28, 10, 14, 4, 35, 23, 24, 34, 5, 27, 25, 30, 13, 7, 38, 39, 16, 0, 15, 20, 11, 9, 8, 12, 37]",3597.0,"[2, 31, 3, 21, 19, 29, 22, 1, 18, 26, 32, 17, 6, 36, 33, 28, 10, 14, 4, 35, 23, 24, 34, 5, 27, 25, 30, 13, 7, 38, 39, 16, 0, 15, 20, 11, 9, 8, 12, 37]",3597.0,2.394024133682251
"[2, 31, 3, 21, 19, 29, 22, 1, 18, 26, 32, 17, 6, 36, 33, 28, 10, 14, 4, 35, 23, 24, 34, 5, 27, 25, 30, 13, 7, 38, 39, 16, 0, 15, 20, 11, 9, 8, 12, 37]",3597.0,"[2, 31, 3, 21, 19, 29, 22, 1, 18, 26, 32, 17, 6, 36, 33, 28, 10, 14, 4, 35, 23, 24, 34, 5, 27, 25, 30, 13, 7, 38, 39, 16, 0, 15, 20, 11, 9, 8, 12, 37]",3597.0,2.549028158187866
"[2, 31, 3, 21, 19, 29, 22, 1, 18, 26, 32, 17, 6, 36, 33, 28, 10, 14, 4, 35, 23, 24, 34, 5, 27, 25, 30, 9, 7, 38, 39, 16, 0, 15, 20, 11, 13, 8, 12, 37]",3566.5,"[2, 31, 3, 21, 19, 29, 22, 1, 18, 26, 32, 17, 6, 36, 33, 28, 10, 14, 4, 35, 23, 24, 34, 5, 27, 25, 30, 9, 7, 38, 39, 16, 0, 15, 20, 11, 13, 8, 12, 37]",3566.5,2.7060317993164062
"[2, 31, 3, 21, 19, 29, 22, 1, 18, 26, 32, 17, 6, 36, 33, 28, 10, 14, 4, 8, 23, 24, 34, 5, 27, 25, 30, 9, 7, 38, 39, 16, 0, 15, 20, 11, 13, 35, 12, 37]",3432.0,"[2, 31, 3, 21, 19, 29, 22, 1, 18, 26, 32, 17, 6, 36, 33, 28, 10, 14, 4, 8, 23, 24, 34, 5, 27, 25, 30, 9, 7, 38, 39, 16, 0, 15, 20, 11, 13, 35, 12, 37]",3432.0,2.865032911300659
"[2, 31, 3, 21, 19, 29, 22, 1, 18, 26, 32, 17, 6, 36, 33, 28, 10, 14, 4, 8, 23, 24, 34, 5, 27, 25, 30, 9, 7, 38, 39, 16, 0, 15, 20, 11, 13, 35, 12, 37]",3432.0,"[2, 31, 3, 21, 19, 29, 22, 1, 18, 26, 32, 17, 6, 36, 33, 28, 10, 14, 4, 8, 23, 24, 34, 5, 27, 25, 30, 9, 7, 38, 39, 16, 0, 15, 20, 11, 13, 35, 12, 37]",3432.0,3.0230331420898438
"[2, 31, 3, 21, 19, 29, 22, 1, 18, 26, 32, 17, 6, 36, 33, 28, 10, 14, 4, 8, 23, 24, 34, 5, 27, 25, 30, 9, 7, 38, 39, 16, 0, 15, 20, 11, 13, 35, 12, 37]",3432.0,"[2, 31, 3, 21, 19, 29, 22, 1, 18, 26, 32, 17, 6, 36, 33, 28, 10, 14, 4, 8, 23, 24, 34, 5, 27, 25, 30, 9, 7, 38, 39, 16, 0, 15, 20, 11, 13, 35, 12, 37]",3432.0,3.18503737449646
"[2, 31, 3, 21, 19, 29, 22, 1, 18, 26, 5, 17, 6, 36, 33, 28, 10, 14, 4, 8, 23, 24, 34, 32, 27, 25, 30, 9, 7, 38, 39, 16, 0, 15, 20, 11, 13, 35, 12, 37]",3098.5,"[2, 31, 3, 21, 19, 29, 22, 1, 18, 26, 5, 17, 6, 36, 33, 28, 10, 14, 4, 8, 23, 24, 34, 32, 27, 25, 30, 9, 7, 38, 39, 16, 0, 15, 20, 11, 13, 35, 12, 37]",3098.5,3.3470382690429688
"[2, 31, 3, 21, 19, 29, 22, 1, 18, 26, 5, 17, 6, 36, 33, 28, 10, 14, 4, 8, 23, 24, 34, 32, 27, 25, 30, 9, 7, 38, 39, 16, 0, 15, 20, 11, 13, 35, 12, 37]",3098.5,"[2, 31, 3, 21, 19, 29, 22, 1, 18, 26, 5, 17, 6, 36, 33, 28, 10, 14, 4, 8, 23, 24, 34, 32, 27, 25, 30, 9, 7, 38, 39, 16, 0, 15, 20, 11, 13, 35, 12, 37]",3098.5,3.518047332763672
"[2, 31, 3, 21, 19, 29, 22, 1, 18, 26, 5, 17, 6, 36, 33, 28, 10, 14, 4, 8, 23, 24, 34, 32, 27, 25, 30, 9, 7, 38, 39, 16, 0, 15, 20, 11, 13, 35, 12, 37]",3098.5,"[2, 31, 3, 21, 19, 29, 22, 1, 18, 26, 5, 17, 6, 36, 33, 28, 10, 14, 4, 8, 23, 24, 34, 32, 27, 25, 30, 9, 7, 38, 39, 16, 0, 15, 20, 11, 13, 35, 12, 37]",3098.5,3.696043014526367
"[2, 31, 3, 21, 19, 29, 22, 1, 18, 26, 7, 17, 6, 36, 33, 28, 10, 14, 4, 8, 23, 24, 34, 32, 27, 25, 30, 9, 5, 38, 39, 16, 0, 15, 20, 11, 13, 35, 12, 37]",3034.5,"[2, 31, 3, 21, 19, 29, 22, 1, 18, 26, 7, 17, 6, 36, 33, 28, 10, 14, 4, 8, 23, 24, 34, 32, 27, 25, 30, 9, 5, 38, 39, 16, 0, 15, 20, 11, 13, 35, 12, 37]",3034.5,3.8570497035980225
"[2, 31, 3, 21, 19, 29, 22, 1, 18, 26, 7, 17, 6, 36, 33, 28, 10, 14, 4, 8, 23, 24, 34, 32, 0, 25, 30, 9, 5, 38, 39, 16, 27, 15, 20, 11, 13, 35, 12, 37]",2818.0,"[2, 31, 3, 21, 19, 29, 22, 1, 18, 26, 7, 17, 6, 36, 33, 28, 10, 14, 4, 8, 23, 24, 34, 32, 0, 25, 30, 9, 5, 38, 39, 16, 27, 15, 20, 11, 13, 35, 12, 37]",2818.0,4.015050411224365
"[2, 31, 3, 21, 19, 29, 22, 1, 18, 26, 7, 17, 6, 36, 33, 28, 10, 14, 4, 8, 23, 24, 34, 32, 0, 25, 30, 9, 5, 38, 39, 16, 27, 15, 20, 11, 13, 35, 12, 37]",2818.0,"[2, 31, 3, 21, 19, 29, 22, 1, 18, 26, 7, 17, 6, 36, 33, 28, 10, 14, 4, 8, 23, 24, 34, 32, 0, 25, 30, 9, 5, 38, 39, 16, 27, 15, 20, 11, 13, 35, 12, 37]",2818.0,4.17205023765564
"[2, 31, 3, 36, 19, 29, 22, 1, 18, 26, 7, 17, 6, 21, 33, 28, 10, 14, 4, 8, 23, 24, 34, 32, 0, 25, 30, 9, 5, 38, 39, 16, 27, 15, 20, 11, 13, 35, 12, 37]",2741.5,"[2, 31, 3, 36, 19, 29, 22, 1, 18, 26, 7, 17, 6, 21, 33, 28, 10, 14, 4, 8, 23, 24, 34, 32, 0, 25, 30, 9, 5, 38, 39, 16, 27, 15, 20, 11, 13, 35, 12, 37]",2741.5,4.333050489425659
"[21, 31, 3, 36, 19, 29, 22, 1, 18, 26, 7, 17, 6, 2, 33, 28, 10, 14, 4, 8, 23, 24, 34, 32, 0, 25, 30, 9, 5, 38, 39, 16, 27, 15, 20, 11, 13, 35, 12, 37]",2727.5,"[21, 31, 3, 36, 19, 29, 22, 1, 18, 26, 7, 17, 6, 2, 33, 28, 10, 14, 4, 8, 23, 24, 34, 32, 0, 25, 30, 9, 5, 38, 39, 16, 27, 15, 20, 11, 13, 35, 12, 37]",2727.5,4.497052431106567
"[21, 31, 3, 36, 19, 29, 22, 1, 18, 26, 7, 17, 6, 2, 33, 28, 10, 14, 4, 8, 23, 24, 34, 32, 0, 25, 30, 9, 5, 38, 39, 16, 27, 15, 20, 11, 13, 35, 12, 37]",2727.5,"[21, 31, 3, 36, 19, 29, 22, 1, 18, 26, 7, 17, 6, 2, 33, 28, 10, 14, 4, 8, 23, 24, 34, 32, 0, 25, 30, 9, 5, 38, 39, 16, 27, 15, 20, 11, 13, 35, 12, 37]",2727.5,4.6530539989471436
"[21, 31, 22, 36, 19, 29, 3, 1, 18, 26, 7, 17, 6, 2, 33, 28, 10, 14, 4, 8, 23, 24, 34, 32, 0, 25, 30, 9, 5, 38, 39, 16, 27, 15, 20, 11, 13, 35, 12, 37]",2717.0,"[21, 31, 22, 36, 19, 29, 3, 1, 18, 26, 7, 17, 6, 2, 33, 28, 10, 14, 4, 8, 23, 24, 34, 32, 0, 25, 30, 9, 5, 38, 39, 16, 27, 15, 20, 11, 13, 35, 12, 37]",2717.0,4.804068088531494
"[21, 31, 22, 36, 19, 29, 3, 1, 18, 26, 7, 17, 6, 2, 33, 28, 10, 14, 4, 8, 23, 24, 34, 32, 0, 25, 30, 9, 5, 38, 39, 16, 27, 15, 20, 11, 13, 35, 12, 37]",2717.0,"[21, 31, 22, 36, 19, 29, 3, 1, 18, 26, 7, 17, 6, 2, 33, 28, 10, 14, 4, 8, 23, 24, 34, 32, 0, 25, 30, 9, 5, 38, 39, 16, 27, 15, 20, 11, 13, 35, 12, 37]",2717.0,4.950055360794067
"[21, 31, 22, 36, 19, 29, 3, 1, 18, 26, 7, 17, 6, 2, 33, 28, 10, 14, 4, 8, 23, 24, 34, 32, 0, 25, 30, 9, 5, 38, 39, 16, 27, 15, 20, 11, 13, 35, 12, 37]",2717.0,"[21, 31, 22, 36, 19, 29, 3, 1, 18, 26, 7, 17, 6, 2, 33, 28, 10, 14, 4, 8, 23, 24, 34, 32, 0, 25, 30, 9, 5, 38, 39, 16, 27, 15, 20, 11, 13, 35, 12, 37]",2717.0,5.09906268119812
"[21, 31, 22, 36, 19, 29, 3, 1, 18, 26, 7, 17, 6, 2, 33, 28, 10, 14, 4, 8, 23, 24, 34, 32, 0, 25, 30, 9, 5, 38, 39, 16, 27, 15, 20, 11, 13, 35, 12, 37]",2717.0,"[21, 31, 22, 36, 19, 29, 3, 1, 18, 26, 7, 17, 6, 2, 33, 28, 10, 14, 4, 8, 23, 24, 34, 32, 0, 25, 30, 9, 5, 38, 39, 16, 27, 15, 20, 11, 13, 35, 12, 37]",2717.0,5.249060869216919
"[21, 31, 22, 36, 19, 29, 3, 1, 18, 26, 7, 17, 6, 2, 33, 28, 10, 14, 4, 8, 23, 24, 34, 32, 0, 25, 30, 9, 5, 38, 39, 16, 27, 15, 20, 11, 13, 35, 12, 37]",2717.0,"[21, 31, 22, 36, 19, 29, 3, 1, 18, 26, 7, 17, 6, 2, 33, 28, 10, 14, 4, 8, 23, 24, 34, 32, 0, 25, 30, 9, 5, 38, 39, 16, 27, 15, 20, 11, 13, 35, 12, 37]",2717.0,5.396064281463623
"[21, 31, 22, 36, 19, 29, 3, 1, 18, 26, 7, 17, 23, 2, 33, 28, 10, 14, 4, 8, 6, 24, 34, 32, 0, 25, 30, 9, 5, 38, 39, 16, 27, 15, 20, 11, 13, 35, 12, 37]",2707.0,"[21, 31, 22, 36, 19, 29, 3, 1, 18, 26, 7, 17, 23, 2, 33, 28, 10, 14, 4, 8, 6, 24, 34, 32, 0, 25, 30, 9, 5, 38, 39, 16, 27, 15, 20, 11, 13, 35, 12, 37]",2707.0,5.544069766998291
"[21, 31, 22, 36, 19, 29, 3, 1, 18, 26, 7, 17, 23, 2, 33, 28, 10, 14, 4, 8, 6, 24, 34, 32, 0, 25, 30, 9, 5, 38, 13, 16, 27, 15, 20, 11, 39, 35, 12, 37]",2560.5,"[21, 31, 22, 36, 19, 29, 3, 1, 18, 26, 7, 17, 23, 2, 33, 28, 10, 14, 4, 8, 6, 24, 34, 32, 0, 25, 30, 9, 5, 38, 13, 16, 27, 15, 20, 11, 39, 35, 12, 37]",2560.5,5.694067478179932
"[21, 31, 22, 36, 19, 29, 3, 1, 18, 26, 7, 17, 23, 2, 33, 28, 10, 14, 4, 8, 6, 24, 34, 32, 0, 25, 30, 9, 5, 38, 13, 16, 27, 15, 20, 11, 39, 35, 12, 37]",2560.5,"[21, 31, 22, 36, 19, 29, 3, 1, 18, 26, 7, 17, 23, 2, 33, 28, 10, 14, 4, 8, 6, 24, 34, 32, 0, 25, 30, 9, 5, 38, 13, 16, 27, 15, 20, 11, 39, 35, 12, 37]",2560.5,5.847135782241821
"[21, 31, 22, 36, 19, 29, 3, 1, 18, 26, 7, 17, 23, 2, 33, 28, 10, 14, 4, 8, 6, 24, 34, 32, 0, 25, 30, 9, 5, 38, 13, 16, 27, 15, 20, 11, 39, 35, 12, 37]",2560.5,"[21, 31, 22, 36, 19, 29, 3, 1, 18, 26, 7, 17, 23, 2, 33, 28, 10, 14, 4, 8, 6, 24, 34, 32, 0, 25, 30, 9, 5, 38, 13, 16, 27, 15, 20, 11, 39, 35, 12, 37]",2560.5,5.996068954467773
"[21, 31, 22, 36, 19, 29, 3, 1, 18, 26, 7, 17, 23, 2, 33, 28, 10, 14, 4, 8, 6, 24, 34, 32, 0, 25, 30, 9, 5, 38, 13, 16, 27, 15, 20, 11, 39, 35, 12, 37]",2560.5,"[21, 31, 22, 36, 19, 29, 3, 1, 18, 26, 7, 17, 23, 2, 33, 28, 10, 14, 4, 8, 6, 24, 34, 32, 0, 25, 30, 9, 5, 38, 13, 16, 27, 15, 20, 11, 39, 35, 12, 37]",2560.5,6.155077934265137
"[21, 31, 22, 36, 19, 29, 3, 1, 18, 26, 7, 17, 23, 2, 33, 28, 10, 14, 4, 8, 6, 24, 34, 32, 0, 25, 30, 9, 5, 38, 13, 16, 27, 15, 20, 11, 39, 35, 12, 37]",2560.5,"[21, 31, 22, 36, 19, 29, 3, 1, 18, 26, 7, 17, 23, 2, 33, 28, 10, 14, 4, 8, 6, 24, 34, 32, 0, 25, 30, 9, 5, 38, 13, 16, 27, 15, 20, 11, 39, 35, 12, 37]",2560.5,6.314073801040649
"[21, 31, 22, 36, 19, 29, 3, 1, 18, 26, 7, 17, 23, 2, 33, 28, 10, 14, 4, 8, 6, 24, 34, 32, 0, 25, 30, 9, 5, 38, 13, 16, 27, 15, 20, 11, 39, 35, 12, 37]",2560.5,"[21, 31, 22, 36, 19, 29, 3, 1, 18, 26, 7, 17, 23, 2, 33, 28, 10, 14, 4, 8, 6, 24, 34, 32, 0, 25, 30, 9, 5, 38, 13, 16, 27, 15, 20, 11, 39, 35, 12, 37]",2560.5,6.464078426361084
"[21, 31, 22, 36, 19, 29, 3, 1, 18, 26, 7, 17, 23, 2, 33, 28, 10, 14, 4, 8, 6, 24, 34, 32, 0, 25, 30, 9, 5, 38, 13, 16, 27, 15, 20, 11, 39, 35, 12, 37]",2560.5,"[21, 31, 22, 36, 19, 29, 3, 1, 18, 26, 7, 17, 23, 2, 33, 28, 10, 14, 4, 8, 6, 24, 34, 32, 0, 25, 30, 9, 5, 38, 13, 16, 27, 15, 20, 11, 39, 35, 12, 37]",2560.5,6.61208438873291
"[21, 31, 22, 36, 19, 29, 3, 1, 18, 26, 7, 17, 23, 2, 33, 28, 10, 14, 4, 8, 6, 24, 34, 32, 0, 25, 30, 9, 5, 38, 13, 16, 27, 15, 20, 11, 39, 35, 12, 37]",2560.5,"[21, 31, 22, 36, 19, 29, 3, 1, 18, 26, 7, 17, 23, 2, 33, 28, 10, 14, 4, 8, 6, 24, 34, 32, 0, 25, 30, 9, 5, 38, 13, 16, 27, 15, 20, 11, 39, 35, 12, 37]",2560.5,6.7900779247283936
"[21, 31, 22, 36, 19, 29, 3, 1, 18, 26, 7, 17, 23, 2, 33, 28, 10, 14, 4, 8, 6, 24, 34, 32, 0, 25, 30, 9, 5, 38, 13, 16, 27, 15, 20, 11, 39, 35, 12, 37]",2560.5,"[21, 31, 22, 36, 19, 29, 3, 1, 18, 26, 7, 17, 23, 2, 33, 28, 10, 14, 4, 8, 6, 24, 34, 32, 0, 25, 30, 9, 5, 38, 13, 16, 27, 15, 20, 11, 39, 35, 12, 37]",2560.5,6.9410834312438965
"[21, 13, 22, 36, 19, 29, 3, 1, 18, 26, 7, 17, 23, 2, 33, 28, 10, 14, 4, 8, 6, 24, 34, 32, 0, 25, 30, 9, 5, 38, 31, 16, 27, 15, 20, 11, 39, 35, 12, 37]",2269.0,"[21, 13, 22, 36, 19, 29, 3, 1, 18, 26, 7, 17, 23, 2, 33, 28, 10, 14, 4, 8, 6, 24, 34, 32, 0, 25, 30, 9, 5, 38, 31, 16, 27, 15, 20, 11, 39, 35, 12, 37]",2269.0,7.096107006072998
"[21, 13, 22, 36, 19, 29, 3, 1, 18, 26, 7, 17, 23, 2, 33, 28, 10, 14, 4, 8, 6, 24, 34, 32, 0, 25, 30, 9, 5, 38, 31, 16, 27, 15, 20, 11, 39, 35, 12, 37]",2269.0,"[21, 13, 22, 36, 19, 29, 3, 1, 18, 26, 7, 17, 23, 2, 33, 28, 10, 14, 4, 8, 6, 24, 34, 32, 0, 25, 30, 9, 5, 38, 31, 16, 27, 15, 20, 11, 39, 35, 12, 37]",2269.0,7.256086826324463
"[21, 13, 15, 36, 19, 29, 3, 1, 18, 26, 7, 17, 23, 2, 33, 28, 10, 14, 4, 8, 6, 24, 34, 32, 0, 25, 30, 9, 5, 38, 31, 16, 27, 22, 20, 11, 39, 35, 12, 37]",2134.5,"[21, 13, 15, 36, 19, 29, 3, 1, 18, 26, 7, 17, 23, 2, 33, 28, 10, 14, 4, 8, 6, 24, 34, 32, 0, 25, 30, 9, 5, 38, 31, 16, 27, 22, 20, 11, 39, 35, 12, 37]",2134.5,7.42222261428833
"[21, 13, 15, 36, 19, 29, 3, 1, 18, 26, 7, 17, 23, 2, 33, 28, 10, 14, 4, 8, 6, 24, 34, 32, 0, 25, 30, 9, 5, 38, 31, 16, 27, 22, 20, 11, 39, 35, 12, 37]",2134.5,"[21, 13, 15, 36, 19, 29, 3, 1, 18, 26, 7, 17, 23, 2, 33, 28, 10, 14, 4, 8, 6, 24, 34, 32, 0, 25, 30, 9, 5, 38, 31, 16, 27, 22, 20, 11, 39, 35, 12, 37]",2134.5,7.587094068527222
"[21, 13, 15, 36, 19, 29, 3, 1, 18, 26, 7, 17, 23, 2, 33, 28, 10, 14, 4, 8, 6, 24, 34, 32, 0, 25, 30, 9, 5, 38, 31, 16, 27, 22, 20, 11, 39, 35, 12, 37]",2134.5,"[21, 13, 15, 36, 19, 29, 3, 1, 18, 26, 7, 17, 23, 2, 33, 28, 10, 14, 4, 8, 6, 24, 34, 32, 0, 25, 30, 9, 5, 38, 31, 16, 27, 22, 20, 11, 39, 35, 12, 37]",2134.5,7.75508975982666
"[21, 13, 15, 36, 19, 29, 3, 1, 18, 26, 7, 17, 23, 2, 33, 28, 10, 14, 4, 8, 6, 24, 34, 32, 0, 25, 30, 9, 5, 38, 31, 16, 27, 22, 20, 11, 39, 35, 12, 37]",2134.5,"[21, 13, 15, 36, 19, 29, 3, 1, 18, 26, 7, 17, 23, 2, 33, 28, 10, 14, 4, 8, 6, 24, 34, 32, 0, 25, 30, 9, 5, 38, 31, 16, 27, 22, 20, 11, 39, 35, 12, 37]",2134.5,7.919098854064941
"[21, 13, 15, 36, 19, 29, 3, 1, 18, 26, 7, 17, 23, 2, 33, 28, 10, 14, 4, 8, 6, 24, 34, 32, 0, 25, 30, 9, 5, 38, 31, 16, 27, 22, 20, 11, 39, 35, 12, 37]",2134.5,"[21, 13, 15, 36, 19, 29, 3, 1, 18, 26, 7, 17, 23, 2, 33, 28, 10, 14, 4, 8, 6, 24, 34, 32, 0, 25, 30, 9, 5, 38, 31, 16, 27, 22, 20, 11, 39, 35, 12, 37]",2134.5,8.077101945877075
"[21, 13, 1, 36, 19, 29, 3, 15, 18, 26, 7, 17, 23, 2, 33, 28, 10, 14, 4, 8, 6, 24, 34, 32, 0, 25, 30, 9, 5, 38, 31, 16, 27, 22, 20, 11, 39, 35, 12, 37]",2101.5,"[21, 13, 1, 36, 19, 29, 3, 15, 18, 26, 7, 17, 23, 2, 33, 28, 10, 14, 4, 8, 6, 24, 34, 32, 0, 25, 30, 9, 5, 38, 31, 16, 27, 22, 20, 11, 39, 35, 12, 37]",2101.5,8.238105058670044
"[21, 13, 1, 36, 19, 29, 3, 15, 18, 26, 7, 17, 23, 2, 33, 37, 10, 14, 4, 8, 6, 24, 34, 32, 0, 25, 30, 9, 5, 38, 31, 16, 27, 22, 20, 11, 39, 35, 12, 28]",2072.5,"[21, 13, 1, 36, 19, 29, 3, 15, 18, 26, 7, 17, 23, 2, 33, 37, 10, 14, 4, 8, 6, 24, 34, 32, 0, 25, 30, 9, 5, 38, 31, 16, 27, 22, 20, 11, 39, 35, 12, 28]",2072.5,8.392155885696411
"[21, 13, 1, 36, 19, 14, 3, 15, 18, 26, 7, 17, 23, 2, 33, 37, 10, 29, 4, 8, 6, 24, 34, 32, 0, 25, 30, 9, 5, 38, 31, 16, 27, 22, 20, 11, 39, 35, 12, 28]",2060.5,"[21, 13, 1, 36, 19, 14, 3, 15, 18, 26, 7, 17, 23, 2, 33, 37, 10, 29, 4, 8, 6, 24, 34, 32, 0, 25, 30, 9, 5, 38, 31, 16, 27, 22, 20, 11, 39, 35, 12, 28]",2060.5,8.546100854873657
"[21, 13, 1, 36, 19, 14, 3, 15, 18, 26, 7, 17, 23, 2, 33, 37, 10, 29, 4, 8, 6, 24, 34, 32, 0, 25, 30, 9, 5, 38, 31, 16, 27, 22, 20, 11, 39, 35, 12, 28]",2060.5,"[21, 13, 1, 36, 19, 14, 3, 15, 18, 26, 7, 17, 23, 2, 33, 37, 10, 29, 4, 8, 6, 24, 34, 32, 0, 25, 30, 9, 5, 38, 31, 16, 27, 22, 20, 11, 39, 35, 12, 28]",2060.5,8.706101894378662
"[21, 13, 1, 36, 19, 14, 3, 15, 18, 26, 7, 17, 23, 2, 33, 37, 10, 29, 4, 8, 6, 24, 34, 32, 0, 25, 30, 9, 5, 38, 31, 16, 27, 22, 20, 11, 39, 35, 12, 28]",2060.5,"[21, 13, 1, 36, 19, 14, 3, 15, 18, 26, 7, 17, 23, 2, 33, 37, 10, 29, 4, 8, 6, 24, 34, 32, 0, 25, 30, 9, 5, 38, 31, 16, 27, 22, 20, 11, 39, 35, 12, 28]",2060.5,8.861104011535645
"[21, 13, 1, 36, 19, 14, 3, 15, 18, 26, 7, 17, 23, 2, 33, 37, 10, 29, 4, 8, 6, 24, 34, 32, 0, 25, 30, 9, 5, 38, 31, 16, 27, 22, 20, 11, 39, 35, 12, 28]",2060.5,"[21, 13, 1, 36, 19, 14, 3, 15, 18, 26, 7, 17, 23, 2, 33, 37, 10, 29, 4, 8, 6, 24, 34, 32, 0, 25, 30, 9, 5, 38, 31, 16, 27, 22, 20, 11, 39, 35, 12, 28]",2060.5,9.023106336593628
"[21, 13, 1, 36, 19, 14, 3, 15, 18, 26, 7, 17, 23, 2, 33, 37, 10, 29, 4, 8, 6, 24, 34, 32, 0, 25, 30, 9, 5, 38, 31, 16, 27, 22, 20, 11, 39, 35, 12, 28]",2060.5,"[21, 13, 1, 36, 19, 14, 3, 15, 18, 26, 7, 17, 23, 2, 33, 37, 10, 29, 4, 8, 6, 24, 34, 32, 0, 25, 30, 9, 5, 38, 31, 16, 27, 22, 20, 11, 39, 35, 12, 28]",2060.5,9.193156480789185
"[21, 13, 1, 36, 19, 14, 3, 15, 18, 26, 7, 17, 23, 2, 33, 37, 10, 29, 4, 8, 6, 24, 34, 32, 0, 25, 30, 9, 5, 38, 31, 16, 27, 22, 20, 11, 39, 35, 12, 28]",2060.5,"[21, 13, 1, 36, 19, 14, 3, 15, 18, 26, 7, 17, 23, 2, 33, 37, 10, 29, 4, 8, 6, 24, 34, 32, 0, 25, 30, 9, 5, 38, 31, 16, 27, 22, 20, 11, 39, 35, 12, 28]",2060.5,9.360116004943848
"[21, 13, 1, 36, 19, 14, 3, 15, 18, 26, 7, 17, 23, 2, 33, 37, 10, 29, 4, 8, 6, 24, 34, 32, 0, 25, 30, 9, 5, 38, 31, 16, 28, 22, 20, 11, 39, 35, 12, 27]",1998.0,"[21, 13, 1, 36, 19, 14, 3, 15, 18, 26, 7, 17, 23, 2, 33, 37, 10, 29, 4, 8, 6, 24, 34, 32, 0, 25, 30, 9, 5, 38, 31, 16, 28, 22, 20, 11, 39, 35, 12, 27]",1998.0,9.518115997314453
"[21, 13, 1, 36, 19, 14, 3, 15, 18, 26, 7, 17, 23, 2, 33, 37, 10, 29, 4, 8, 6, 24, 34, 32, 0, 25, 30, 9, 5, 38, 31, 16, 28, 22, 20, 11, 39, 35, 12, 27]",1998.0,"[21, 13, 1, 36, 19, 14, 3, 15, 18, 26, 7, 17, 23, 2, 33, 37, 10, 29, 4, 8, 6, 24, 34, 32, 0, 25, 30, 9, 5, 38, 31, 16, 28, 22, 20, 11, 39, 35, 12, 27]",1998.0,9.674116849899292
"[21, 13, 1, 36, 19, 14, 3, 15, 18, 26, 7, 17, 23, 2, 33, 37, 10, 29, 4, 8, 6, 24, 34, 32, 0, 25, 30, 9, 5, 38, 31, 16, 28, 22, 20, 11, 39, 35, 12, 27]",1998.0,"[21, 13, 1, 36, 19, 14, 3, 15, 18, 26, 7, 17, 23, 2, 33, 37, 10, 29, 4, 8, 6, 24, 34, 32, 0, 25, 30, 9, 5, 38, 31, 16, 28, 22, 20, 11, 39, 35, 12, 27]",1998.0,9.830121278762817
"[21, 13, 1, 36, 19, 14, 3, 15, 18, 26, 7, 17, 23, 2, 33, 37, 10, 29, 4, 8, 6, 24, 34, 32, 0, 25, 30, 9, 5, 38, 31, 16, 28, 22, 20, 11, 39, 35, 12, 27]",1998.0,"[21, 13, 1, 36, 19, 14, 3, 15, 18, 26, 7, 17, 23, 2, 33, 37, 10, 29, 4, 8, 6, 24, 34, 32, 0, 25, 30, 9, 5, 38, 31, 16, 28, 22, 20, 11, 39, 35, 12, 27]",1998.0,9.985121488571167
"[21, 13, 1, 36, 19, 14, 3, 15, 18, 26, 7, 17, 23, 2, 33, 37, 10, 29, 4, 8, 6, 24, 34, 32, 0, 25, 30, 9, 5, 38, 31, 16, 28, 22, 20, 11, 39, 35, 12, 27]",1998.0,"[21, 13, 1, 36, 19, 14, 3, 15, 18, 26, 7, 17, 23, 2, 33, 37, 10, 29, 4, 8, 6, 24, 34, 32, 0, 25, 30, 9, 5, 38, 31, 16, 28, 22, 20, 11, 39, 35, 12, 27]",1998.0,10.141119241714478
"[21, 13, 1, 36, 19, 14, 3, 15, 18, 0, 7, 17, 23, 2, 33, 37, 10, 29, 4, 8, 6, 24, 34, 32, 26, 25, 30, 9, 5, 38, 31, 16, 28, 22, 20, 11, 39, 35, 12, 27]",1888.5,"[21, 13, 1, 36, 19, 14, 3, 15, 18, 0, 7, 17, 23, 2, 33, 37, 10, 29, 4, 8, 6, 24, 34, 32, 26, 25, 30, 9, 5, 38, 31, 16, 28, 22, 20, 11, 39, 35, 12, 27]",1888.5,10.306123971939087
"[21, 13, 1, 36, 19, 14, 3, 15, 18, 0, 7, 17, 23, 2, 33, 37, 10, 29, 4, 8, 6, 24, 34, 32, 26, 25, 30, 9, 5, 38, 31, 16, 28, 22, 20, 11, 39, 35, 12, 27]",1888.5,"[21, 13, 1, 36, 19, 14, 3, 15, 18, 0, 7, 17, 23, 2, 33, 37, 10, 29, 4, 8, 6, 24, 34, 32, 26, 25, 30, 9, 5, 38, 31, 16, 28, 22, 20, 11, 39, 35, 12, 27]",1888.5,10.472123622894287
"[21, 13, 1, 36, 19, 14, 3, 15, 18, 0, 7, 17, 23, 2, 33, 37, 10, 29, 4, 8, 6, 24, 34, 32, 26, 25, 30, 9, 5, 38, 31, 16, 28, 22, 20, 11, 39, 35, 12, 27]",1888.5,"[21, 13, 1, 36, 19, 14, 3, 15, 18, 0, 7, 17, 23, 2, 33, 37, 10, 29, 4, 8, 6, 24, 34, 32, 26, 25, 30, 9, 5, 38, 31, 16, 28, 22, 20, 11, 39, 35, 12, 27]",1888.5,10.639206886291504
"[21, 13, 1, 36, 19, 14, 3, 15, 18, 0, 7, 17, 23, 2, 33, 37, 10, 29, 4, 8, 6, 24, 34, 32, 26, 25, 30, 9, 5, 38, 31, 16, 28, 22, 20, 11, 39, 35, 12, 27]",1888.5,"[21, 13, 1, 36, 19, 14, 3, 15, 18, 0, 7, 17, 23, 2, 33, 37, 10, 29, 4, 8, 6, 24, 34, 32, 26, 25, 30, 9, 5, 38, 31, 16, 28, 22, 20, 11, 39, 35, 12, 27]",1888.5,10.812129497528076
"[21, 13, 1, 36, 19, 14, 3, 15, 18, 0, 7, 17, 23, 2, 33, 37, 10, 29, 4, 8, 6, 24, 34, 32, 26, 25, 30, 9, 5, 38, 31, 16, 28, 22, 20, 11, 39, 35, 12, 27]",1888.5,"[21, 13, 1, 36, 19, 14, 3, 15, 18, 0, 7, 17, 23, 2, 33, 37, 10, 29, 4, 8, 6, 24, 34, 32, 26, 25, 30, 9, 5, 38, 31, 16, 28, 22, 20, 11, 39, 35, 12, 27]",1888.5,10.978127002716064
"[21, 13, 1, 36, 19, 14, 3, 15, 18, 0, 7, 17, 23, 2, 33, 37, 10, 29, 4, 8, 6, 24, 34, 32, 26, 25, 30, 9, 5, 38, 31, 16, 28, 22, 20, 11, 39, 35, 12, 27]",1888.5,"[21, 13, 1, 36, 19, 14, 3, 15, 18, 0, 7, 17, 23, 2, 33, 37, 10, 29, 4, 8, 6, 24, 34, 32, 26, 25, 30, 9, 5, 38, 31, 16, 28, 22, 20, 11, 39, 35, 12, 27]",1888.5,11.139129877090454
"[21, 13, 1, 36, 19, 14, 3, 15, 18, 0, 7, 17, 23, 2, 33, 37, 10, 29, 4, 8, 6, 24, 34, 32, 26, 25, 30, 9, 5, 38, 31, 16, 28, 22, 20, 11, 39, 35, 12, 27]",1888.5,"[21, 13, 1, 36, 19, 14, 3, 15, 18, 0, 7, 17, 23, 2, 33, 37, 10, 29, 4, 8, 6, 24, 34, 32, 26, 25, 30, 9, 5, 38, 31, 16, 28, 22, 20, 11, 39, 35, 12, 27]",1888.5,11.287133932113647
"[21, 13, 1, 5, 19, 14, 3, 15, 18, 0, 7, 17, 23, 2, 33, 37, 10, 29, 4, 8, 6, 24, 34, 32, 26, 25, 30, 9, 36, 38, 31, 16, 28, 22, 20, 11, 39, 35, 12, 27]",1767.0,"[21, 13, 1, 5, 19, 14, 3, 15, 18, 0, 7, 17, 23, 2, 33, 37, 10, 29, 4, 8, 6, 24, 34, 32, 26, 25, 30, 9, 36, 38, 31, 16, 28, 22, 20, 11, 39, 35, 12, 27]",1767.0,11.442139387130737
"[21, 13, 1, 5, 19, 14, 3, 15, 18, 0, 7, 17, 23, 2, 33, 37, 10, 29, 4, 8, 6, 24, 34, 32, 26, 25, 30, 9, 36, 38, 31, 16, 28, 22, 20, 11, 39, 35, 12, 27]",1767.0,"[21, 13, 1, 5, 19, 14, 3, 15, 18, 0, 7, 17, 23, 2, 33, 37, 10, 29, 4, 8, 6, 24, 34, 32, 26, 25, 30, 9, 36, 38, 31, 16, 28, 22, 20, 11, 39, 35, 12, 27]",1767.0,11.611154556274414
"[38, 13, 1, 5, 19, 14, 3, 15, 18, 0, 7, 17, 23, 2, 33, 37, 10, 29, 4, 8, 6, 24, 34, 32, 26, 25, 30, 9, 36, 21, 31, 16, 28, 22, 20, 11, 39, 35, 12, 27]",1662.0,"[38, 13, 1, 5, 19, 14, 3, 15, 18, 0, 7, 17, 23, 2, 33, 37, 10, 29, 4, 8, 6, 24, 34, 32, 26, 25, 30, 9, 36, 21, 31, 16, 28, 22, 20, 11, 39, 35, 12, 27]",1662.0,11.78013563156128
"[38, 13, 1, 5, 19, 14, 3, 15, 18, 0, 7, 17, 23, 2, 33, 37, 10, 29, 4, 8, 6, 24, 34, 32, 26, 25, 30, 9, 36, 21, 31, 16, 28, 22, 20, 11, 39, 35, 12, 27]",1662.0,"[38, 13, 1, 5, 19, 14, 3, 15, 18, 0, 7, 17, 23, 2, 33, 37, 10, 29, 4, 8, 6, 24, 34, 32, 26, 25, 30, 9, 36, 21, 31, 16, 28, 22, 20, 11, 39, 35, 12, 27]",1662.0,11.938141584396362
"[38, 13, 1, 5, 19, 14, 3, 15, 18, 0, 7, 17, 23, 2, 33, 37, 10, 29, 4, 8, 6, 24, 34, 32, 26, 25, 30, 9, 36, 22, 31, 16, 28, 21, 20, 11, 39, 35, 12, 27]",1583.0,"[38, 13, 1, 5, 19, 14, 3, 15, 18, 0, 7, 17, 23, 2, 33, 37, 10, 29, 4, 8, 6, 24, 34, 32, 26, 25, 30, 9, 36, 22, 31, 16, 28, 21, 20, 11, 39, 35, 12, 27]",1583.0,12.09415078163147
"[38, 13, 1, 5, 19, 14, 3, 15, 18, 0, 7, 17, 23, 2, 33, 37, 10, 29, 4, 8, 6, 24, 34, 32, 26, 25, 30, 9, 36, 22, 31, 16, 28, 21, 20, 11, 39, 35, 12, 27]",1583.0,"[38, 13, 1, 5, 19, 14, 3, 15, 18, 0, 7, 17, 23, 2, 33, 37, 10, 29, 4, 8, 6, 24, 34, 32, 26, 25, 30, 9, 36, 22, 31, 16, 28, 21, 20, 11, 39, 35, 12, 27]",1583.0,12.251142978668213
"[38, 13, 1, 5, 19, 14, 3, 15, 18, 0, 7, 17, 23, 2, 33, 37, 10, 29, 4, 8, 6, 24, 34, 32, 26, 25, 30, 9, 36, 22, 31, 16, 28, 21, 20, 11, 39, 35, 12, 27]",1583.0,"[38, 13, 1, 5, 19, 14, 3, 15, 18, 0, 7, 17, 23, 2, 33, 37, 10, 29, 4, 8, 6, 24, 34, 32, 26, 25, 30, 9, 36, 22, 31, 16, 28, 21, 20, 11, 39, 35, 12, 27]",1583.0,12.40414834022522
"[38, 13, 1, 5, 19, 14, 3, 15, 18, 0, 7, 17, 23, 2, 33, 37, 10, 29, 4, 8, 6, 24, 34, 32, 26, 25, 30, 9, 36, 22, 31, 16, 28, 21, 20, 11, 39, 35, 12, 27]",1583.0,"[38, 13, 1, 5, 19, 14, 3, 15, 18, 0, 7, 17, 23, 2, 33, 37, 10, 29, 4, 8, 6, 24, 34, 32, 26, 25, 30, 9, 36, 22, 31, 16, 28, 21, 20, 11, 39, 35, 12, 27]",1583.0,12.558151960372925
"[38, 13, 1, 5, 19, 14, 3, 15, 18, 0, 7, 17, 23, 2, 33, 37, 10, 29, 4, 8, 6, 24, 34, 32, 26, 25, 30, 9, 36, 22, 31, 16, 28, 21, 20, 11, 39, 35, 12, 27]",1583.0,"[38, 13, 1, 5, 19, 14, 3, 15, 18, 0, 7, 17, 23, 2, 33, 37, 10, 29, 4, 8, 6, 24, 34, 32, 26, 25, 30, 9, 36, 22, 31, 16, 28, 21, 20, 11, 39, 35, 12, 27]",1583.0,12.71414828300476
"[38, 13, 1, 5, 19, 14, 3, 15, 18, 0, 7, 17, 23, 2, 33, 37, 10, 29, 4, 8, 6, 24, 34, 32, 26, 25, 30, 9, 36, 22, 31, 16, 28, 21, 20, 11, 39, 35, 12, 27]",1583.0,"[38, 13, 1, 5, 19, 14, 3, 15, 18, 0, 7, 17, 23, 2, 33, 37, 10, 29, 4, 8, 6, 24, 34, 32, 26, 25, 30, 9, 36, 22, 31, 16, 28, 21, 20, 11, 39, 35, 12, 27]",1583.0,12.87317156791687
"[38, 13, 1, 5, 19, 14, 3, 15, 18, 0, 7, 17, 23, 2, 33, 37, 10, 29, 4, 8, 6, 24, 34, 32, 26, 25, 30, 9, 36, 22, 31, 16, 28, 21, 20, 11, 39, 35, 12, 27]",1583.0,"[38, 13, 1, 5, 19, 14, 3, 15, 18, 0, 7, 17, 23, 2, 33, 37, 10, 29, 4, 8, 6, 24, 34, 32, 26, 25, 30, 9, 36, 22, 31, 16, 28, 21, 20, 11, 39, 35, 12, 27]",1583.0,13.03516149520874
"[38, 13, 1, 5, 19, 14, 3, 15, 18, 0, 7, 17, 23, 2, 33, 37, 10, 29, 4, 8, 6, 24, 34, 32, 26, 25, 30, 9, 36, 22, 31, 16, 28, 21, 20, 11, 39, 35, 12, 27]",1583.0,"[38, 13, 1, 5, 19, 14, 3, 15, 18, 0, 7, 17, 23, 2, 33, 37, 10, 29, 4, 8, 6, 24, 34, 32, 26, 25, 30, 9, 36, 22, 31, 16, 28, 21, 20, 11, 39, 35, 12, 27]",1583.0,13.191152334213257
"[38, 13, 1, 5, 19, 14, 3, 15, 18, 0, 7, 17, 23, 6, 33, 37, 10, 29, 4, 8, 2, 24, 34, 32, 26, 25, 30, 9, 36, 22, 31, 16, 28, 21, 20, 11, 39, 35, 12, 27]",1555.0,"[38, 13, 1, 5, 19, 14, 3, 15, 18, 0, 7, 17, 23, 6, 33, 37, 10, 29, 4, 8, 2, 24, 34, 32, 26, 25, 30, 9, 36, 22, 31, 16, 28, 21, 20, 11, 39, 35, 12, 27]",1555.0,13.347157001495361
"[38, 13, 1, 5, 19, 14, 3, 15, 18, 0, 7, 17, 23, 6, 33, 37, 10, 29, 4, 8, 2, 24, 34, 32, 26, 25, 30, 9, 36, 22, 31, 16, 28, 21, 20, 11, 39, 35, 12, 27]",1555.0,"[38, 13, 1, 5, 19, 14, 3, 15, 18, 0, 7, 17, 23, 6, 33, 37, 10, 29, 4, 8, 2, 24, 34, 32, 26, 25, 30, 9, 36, 22, 31, 16, 28, 21, 20, 11, 39, 35, 12, 27]",1555.0,13.507161140441895
"[38, 13, 1, 5, 19, 14, 3, 15, 18, 0, 7, 17, 23, 6, 33, 37, 10, 29, 4, 8, 2, 24, 34, 32, 26, 25, 30, 9, 36, 22, 31, 16, 28, 21, 20, 11, 39, 35, 12, 27]",1555.0,"[38, 13, 1, 5, 19, 14, 3, 15, 18, 0, 7, 17, 23, 6, 33, 37, 10, 29, 4, 8, 2, 24, 34, 32, 26, 25, 30, 9, 36, 22, 31, 16, 28, 21, 20, 11, 39, 35, 12, 27]",1555.0,13.667160749435425
"[38, 13, 1, 5, 19, 14, 3, 15, 18, 0, 7, 17, 23, 6, 33, 37, 10, 29, 4, 8, 2, 24, 34, 32, 26, 25, 30, 9, 36, 22, 31, 16, 28, 21, 20, 11, 39, 35, 12, 27]",1555.0,"[38, 13, 1, 5, 19, 14, 3, 15, 18, 0, 7, 17, 23, 6, 33, 37, 10, 29, 4, 8, 2, 24, 34, 32, 26, 25, 30, 9, 36, 22, 31, 16, 28, 21, 20, 11, 39, 35, 12, 27]",1555.0,13.854160070419312
"[38, 13, 1, 5, 19, 14, 3, 15, 18, 0, 7, 17, 23, 6, 33, 37, 10, 29, 4, 8, 2, 24, 34, 32, 26, 25, 30, 9, 36, 22, 31, 16, 28, 21, 20, 11, 39, 35, 12, 27]",1555.0,"[38, 13, 1, 5, 19, 14, 3, 15, 18, 0, 7, 17, 23, 6, 33, 37, 10, 29, 4, 8, 2, 24, 34, 32, 26, 25, 30, 9, 36, 22, 31, 16, 28, 21, 20, 11, 39, 35, 12, 27]",1555.0,14.010167360305786
"[38, 13, 1, 5, 19, 14, 3, 15, 18, 0, 7, 17, 23, 6, 33, 37, 10, 29, 4, 8, 2, 24, 34, 32, 26, 25, 30, 9, 36, 22, 31, 16, 28, 21, 20, 11, 39, 35, 12, 27]",1555.0,"[38, 13, 1, 5, 19, 14, 3, 15, 18, 0, 7, 17, 23, 6, 33, 37, 10, 29, 4, 8, 2, 24, 34, 32, 26, 25, 30, 9, 36, 22, 31, 16, 28, 21, 20, 11, 39, 35, 12, 27]",1555.0,14.16517186164856
"[38, 13, 1, 5, 19, 14, 3, 15, 18, 0, 7, 17, 23, 6, 33, 37, 10, 29, 4, 8, 2, 24, 34, 32, 26, 25, 30, 9, 36, 22, 31, 16, 28, 21, 20, 11, 39, 35, 12, 27]",1555.0,"[38, 13, 1, 5, 19, 14, 3, 15, 18, 0, 7, 17, 23, 6, 33, 37, 10, 29, 4, 8, 2, 24, 34, 32, 26, 25, 30, 9, 36, 22, 31, 16, 28, 21, 20, 11, 39, 35, 12, 27]",1555.0,14.324167490005493
"[38, 13, 1, 5, 19, 14, 3, 15, 18, 0, 7, 17, 23, 6, 33, 37, 10, 29, 4, 8, 2, 24, 34, 32, 26, 25, 30, 9, 36, 22, 31, 16, 28, 21, 20, 11, 39, 35, 12, 27]",1555.0,"[38, 13, 1, 5, 19, 14, 3, 15, 18, 0, 7, 17, 23, 6, 33, 37, 10, 29, 4, 8, 2, 24, 34, 32, 26, 25, 30, 9, 36, 22, 31, 16, 28, 21, 20, 11, 39, 35, 12, 27]",1555.0,14.480167865753174
"[38, 13, 1, 5, 19, 14, 3, 15, 18, 0, 7, 17, 23, 6, 33, 37, 10, 29, 4, 8, 2, 24, 34, 32, 26, 25, 30, 9, 36, 22, 31, 16, 28, 21, 20, 11, 39, 35, 12, 27]",1555.0,"[38, 13, 1, 5, 19, 14, 3, 15, 18, 0, 7, 17, 23, 6, 33, 37, 10, 29, 4, 8, 2, 24, 34, 32, 26, 25, 30, 9, 36, 22, 31, 16, 28, 21, 20, 11, 39, 35, 12, 27]",1555.0,14.635189294815063
"[38, 13, 1, 5, 19, 14, 3, 15, 18, 0, 7, 17, 23, 6, 33, 37, 10, 29, 4, 8, 2, 24, 34, 32, 26, 25, 30, 9, 36, 22, 31, 16, 28, 21, 20, 11, 39, 35, 12, 27]",1555.0,"[38, 13, 1, 5, 19, 14, 3, 15, 18, 0, 7, 17, 23, 6, 33, 37, 10, 29, 4, 8, 2, 24, 34, 32, 26, 25, 30, 9, 36, 22, 31, 16, 28, 21, 20, 11, 39, 35, 12, 27]",1555.0,14.788181781768799
"[38, 13, 1, 5, 19, 14, 3, 15, 18, 0, 7, 17, 23, 6, 33, 37, 10, 29, 4, 8, 2, 24, 34, 32, 26, 25, 30, 9, 36, 22, 31, 16, 28, 21, 20, 11, 39, 35, 12, 27]",1555.0,"[38, 13, 1, 5, 19, 14, 3, 15, 18, 0, 7, 17, 23, 6, 33, 37, 10, 29, 4, 8, 2, 24, 34, 32, 26, 25, 30, 9, 36, 22, 31, 16, 28, 21, 20, 11, 39, 35, 12, 27]",1555.0,14.953176259994507
"[38, 13, 1, 5, 19, 14, 3, 15, 18, 0, 7, 17, 23, 6, 33, 37, 10, 29, 4, 8, 2, 24, 34, 32, 26, 25, 30, 9, 36, 22, 31, 16, 28, 21, 20, 11, 39, 35, 12, 27]",1555.0,"[38, 13, 1, 5, 19, 14, 3, 15, 18, 0, 7, 17, 23, 6, 33, 37, 10, 29, 4, 8, 2, 24, 34, 32, 26, 25, 30, 9, 36, 22, 31, 16, 28, 21, 20, 11, 39, 35, 12, 27]",1555.0,15.114176988601685
"[38, 13, 1, 5, 19, 14, 3, 15, 18, 0, 7, 17, 23, 6, 33, 37, 10, 29, 4, 8, 2, 24, 34, 32, 26, 25, 30, 9, 36, 22, 31, 16, 28, 21, 20, 11, 39, 35, 12, 27]",1555.0,"[38, 13, 1, 5, 19, 14, 3, 15, 18, 0, 7, 17, 23, 6, 33, 37, 10, 29, 4, 8, 2, 24, 34, 32, 26, 25, 30, 9, 36, 22, 31, 16, 28, 21, 20, 11, 39, 35, 12, 27]",1555.0,15.27517557144165
"[38, 13, 1, 5, 19, 14, 3, 15, 18, 0, 7, 17, 23, 6, 33, 37, 10, 29, 4, 8, 2, 24, 34, 32, 26, 25, 30, 9, 36, 22, 31, 16, 28, 21, 20, 11, 39, 35, 12, 27]",1555.0,"[38, 13, 1, 5, 19, 14, 3, 15, 18, 0, 7, 17, 23, 6, 33, 37, 10, 29, 4, 8, 2, 24, 34, 32, 26, 25, 30, 9, 36, 22, 31, 16, 28, 21, 20, 11, 39, 35, 12, 27]",1555.0,15.429181575775146
"[38, 13, 1, 5, 19, 14, 3, 15, 18, 0, 7, 17, 23, 6, 33, 37, 10, 29, 4, 8, 2, 24, 34, 32, 26, 25, 30, 9, 36, 22, 31, 16, 28, 21, 20, 11, 39, 35, 12, 27]",1555.0,"[38, 13, 1, 5, 19, 14, 3, 15, 18, 0, 7, 17, 23, 6, 33, 37, 10, 29, 4, 8, 2, 24, 34, 32, 26, 25, 30, 9, 36, 22, 31, 16, 28, 21, 20, 11, 39, 35, 12, 27]",1555.0,15.586188793182373
"[38, 13, 1, 5, 19, 14, 3, 15, 18, 0, 7, 17, 23, 6, 33, 37, 10, 29, 4, 8, 2, 24, 34, 32, 26, 25, 30, 9, 36, 22, 31, 16, 28, 21, 20, 11, 39, 35, 12, 27]",1555.0,"[38, 13, 1, 5, 19, 14, 3, 15, 18, 0, 7, 17, 23, 6, 33, 37, 10, 29, 4, 8, 2, 24, 34, 32, 26, 25, 30, 9, 36, 22, 31, 16, 28, 21, 20, 11, 39, 35, 12, 27]",1555.0,15.736185312271118
"[38, 13, 1, 5, 19, 14, 3, 15, 18, 0, 7, 17, 23, 6, 33, 37, 10, 29, 4, 8, 2, 24, 34, 32, 26, 25, 30, 9, 36, 22, 31, 16, 28, 21, 20, 11, 39, 35, 12, 27]",1555.0,"[38, 13, 1, 5, 19, 14, 3, 15, 18, 0, 7, 17, 23, 6, 33, 37, 10, 29, 4, 8, 2, 24, 34, 32, 26, 25, 30, 9, 36, 22, 31, 16, 28, 21, 20, 11, 39, 35, 12, 27]",1555.0,15.893189668655396
"[38, 13, 1, 5, 19, 14, 3, 15, 18, 0, 7, 17, 23, 6, 33, 37, 10, 29, 4, 8, 2, 24, 34, 32, 26, 25, 30, 9, 36, 22, 31, 16, 28, 21, 20, 11, 39, 35, 12, 27]",1555.0,"[38, 13, 1, 5, 19, 14, 3, 15, 18, 0, 7, 17, 23, 6, 33, 37, 10, 29, 4, 8, 2, 24, 34, 32, 26, 25, 30, 9, 36, 22, 31, 16, 28, 21, 20, 11, 39, 35, 12, 27]",1555.0,16.051181316375732
"[38, 13, 1, 5, 19, 14, 3, 15, 18, 0, 7, 17, 23, 6, 33, 37, 10, 31, 4, 8, 2, 24, 34, 32, 26, 25, 30, 9, 36, 22, 29, 16, 28, 21, 20, 11, 39, 35, 12, 27]",1552.0,"[38, 13, 1, 5, 19, 14, 3, 15, 18, 0, 7, 17, 23, 6, 33, 37, 10, 31, 4, 8, 2, 24, 34, 32, 26, 25, 30, 9, 36, 22, 29, 16, 28, 21, 20, 11, 39, 35, 12, 27]",1552.0,16.212193250656128
"[38, 13, 1, 5, 19, 14, 3, 15, 18, 0, 7, 17, 23, 6, 33, 37, 10, 31, 4, 8, 2, 24, 34, 32, 26, 25, 30, 9, 36, 22, 29, 16, 28, 21, 20, 11, 39, 35, 12, 27]",1552.0,"[38, 13, 1, 5, 19, 14, 3, 15, 18, 0, 7, 17, 23, 6, 33, 37, 10, 31, 4, 8, 2, 24, 34, 32, 26, 25, 30, 9, 36, 22, 29, 16, 28, 21, 20, 11, 39, 35, 12, 27]",1552.0,16.366191625595093
"[38, 13, 1, 5, 19, 14, 3, 15, 18, 0, 7, 17, 23, 6, 33, 37, 10, 31, 4, 8, 2, 24, 34, 32, 26, 25, 30, 9, 36, 22, 29, 16, 28, 21, 20, 11, 39, 35, 12, 27]",1552.0,"[38, 13, 1, 5, 19, 14, 3, 15, 18, 0, 7, 17, 23, 6, 33, 37, 10, 31, 4, 8, 2, 24, 34, 32, 26, 25, 30, 9, 36, 22, 29, 16, 28, 21, 20, 11, 39, 35, 12, 27]",1552.0,16.522191762924194
"[38, 13, 1, 5, 19, 14, 3, 15, 18, 0, 7, 17, 23, 6, 33, 37, 10, 31, 4, 8, 2, 24, 34, 32, 26, 25, 30, 9, 36, 22, 29, 16, 28, 21, 20, 11, 39, 35, 12, 27]",1552.0,"[38, 13, 1, 5, 19, 14, 3, 15, 18, 0, 7, 17, 23, 6, 33, 37, 10, 31, 4, 8, 2, 24, 34, 32, 26, 25, 30, 9, 36, 22, 29, 16, 28, 21, 20, 11, 39, 35, 12, 27]",1552.0,16.677196264266968
"[38, 13, 1, 5, 19, 14, 3, 15, 18, 0, 7, 17, 23, 6, 33, 37, 10, 36, 4, 8, 2, 24, 34, 32, 26, 25, 30, 9, 31, 22, 29, 16, 28, 21, 20, 11, 39, 35, 12, 27]",1530.0,"[38, 13, 1, 5, 19, 14, 3, 15, 18, 0, 7, 17, 23, 6, 33, 37, 10, 36, 4, 8, 2, 24, 34, 32, 26, 25, 30, 9, 31, 22, 29, 16, 28, 21, 20, 11, 39, 35, 12, 27]",1530.0,16.833198070526123
"[38, 13, 1, 5, 19, 14, 3, 15, 18, 0, 7, 17, 23, 6, 33, 37, 10, 36, 4, 8, 2, 24, 12, 32, 26, 25, 30, 9, 31, 22, 29, 16, 28, 21, 20, 11, 39, 35, 34, 27]",1300.0,"[38, 13, 1, 5, 19, 14, 3, 15, 18, 0, 7, 17, 23, 6, 33, 37, 10, 36, 4, 8, 2, 24, 12, 32, 26, 25, 30, 9, 31, 22, 29, 16, 28, 21, 20, 11, 39, 35, 34, 27]",1300.0,16.990199327468872
"[38, 13, 1, 5, 19, 14, 3, 15, 18, 0, 7, 17, 23, 6, 33, 37, 10, 36, 4, 8, 2, 24, 12, 32, 26, 25, 30, 9, 31, 22, 29, 16, 28, 21, 20, 11, 39, 35, 34, 27]",1300.0,"[38, 13, 1, 5, 19, 14, 3, 15, 18, 0, 7, 17, 23, 6, 33, 37, 10, 36, 4, 8, 2, 24, 12, 32, 26, 25, 30, 9, 31, 22, 29, 16, 28, 21, 20, 11, 39, 35, 34, 27]",1300.0,17.14620018005371
"[38, 13, 1, 5, 19, 14, 3, 15, 18, 0, 7, 17, 23, 6, 33, 37, 10, 36, 4, 8, 2, 24, 12, 32, 26, 25, 30, 9, 31, 22, 29, 16, 28, 21, 20, 11, 39, 35, 34, 27]",1300.0,"[38, 13, 1, 5, 19, 14, 3, 15, 18, 0, 7, 17, 23, 6, 33, 37, 10, 36, 4, 8, 2, 24, 12, 32, 26, 25, 30, 9, 31, 22, 29, 16, 28, 21, 20, 11, 39, 35, 34, 27]",1300.0,17.30320644378662
"[38, 13, 1, 5, 19, 14, 3, 15, 18, 0, 7, 17, 23, 6, 33, 37, 10, 36, 4, 8, 2, 24, 12, 32, 26, 25, 30, 9, 31, 22, 29, 16, 28, 21, 20, 11, 39, 35, 34, 27]",1300.0,"[38, 13, 1, 5, 19, 14, 3, 15, 18, 0, 7, 17, 23, 6, 33, 37, 10, 36, 4, 8, 2, 24, 12, 32, 26, 25, 30, 9, 31, 22, 29, 16, 28, 21, 20, 11, 39, 35, 34, 27]",1300.0,17.455206155776978
"[38, 13, 1, 5, 19, 14, 3, 15, 18, 0, 7, 17, 23, 6, 33, 37, 12, 36, 4, 8, 2, 24, 10, 32, 26, 25, 30, 9, 31, 22, 29, 16, 28, 21, 20, 11, 39, 35, 34, 27]",1266.0,"[38, 13, 1, 5, 19, 14, 3, 15, 18, 0, 7, 17, 23, 6, 33, 37, 12, 36, 4, 8, 2, 24, 10, 32, 26, 25, 30, 9, 31, 22, 29, 16, 28, 21, 20, 11, 39, 35, 34, 27]",1266.0,17.61022925376892
"[38, 13, 1, 5, 19, 14, 3, 15, 18, 0, 7, 17, 23, 6, 33, 37, 12, 36, 4, 8, 2, 24, 10, 32, 26, 25, 30, 9, 31, 22, 29, 16, 28, 21, 20, 11, 39, 35, 34, 27]",1266.0,"[38, 13, 1, 5, 19, 14, 3, 15, 18, 0, 7, 17, 23, 6, 33, 37, 12, 36, 4, 8, 2, 24, 10, 32, 26, 25, 30, 9, 31, 22, 29, 16, 28, 21, 20, 11, 39, 35, 34, 27]",1266.0,17.76620650291443
"[38, 13, 1, 5, 19, 14, 3, 15, 18, 0, 7, 17, 23, 6, 33, 37, 12, 36, 4, 8, 2, 24, 10, 32, 26, 25, 30, 9, 31, 22, 29, 16, 28, 21, 20, 11, 39, 35, 34, 27]",1266.0,"[38, 13, 1, 5, 19, 14, 3, 15, 18, 0, 7, 17, 23, 6, 33, 37, 12, 36, 4, 8, 2, 24, 10, 32, 26, 25, 30, 9, 31, 22, 29, 16, 28, 21, 20, 11, 39, 35, 34, 27]",1266.0,17.922212839126587
"[38, 13, 1, 5, 19, 14, 3, 15, 18, 0, 7, 17, 23, 6, 33, 37, 12, 36, 4, 8, 2, 24, 10, 32, 26, 25, 30, 9, 31, 22, 29, 16, 28, 21, 20, 11, 39, 35, 34, 27]",1266.0,"[38, 13, 1, 5, 19, 14, 3, 15, 18, 0, 7, 17, 23, 6, 33, 37, 12, 36, 4, 8, 2, 24, 10, 32, 26, 25, 30, 9, 31, 22, 29, 16, 28, 21, 20, 11, 39, 35, 34, 27]",1266.0,18.0762197971344
"[38, 13, 1, 5, 19, 14, 3, 15, 18, 0, 7, 17, 23, 6, 33, 37, 12, 36, 4, 8, 2, 24, 10, 32, 26, 25, 30, 9, 31, 22, 29, 16, 28, 21, 20, 11, 39, 35, 34, 27]",1266.0,"[38, 13, 1, 5, 19, 14, 3, 15, 18, 0, 7, 17, 23, 6, 33, 37, 12, 36, 4, 8, 2, 24, 10, 32, 26, 25, 30, 9, 31, 22, 29, 16, 28, 21, 20, 11, 39, 35, 34, 27]",1266.0,18.23021364212036
"[38, 13, 1, 5, 19, 14, 3, 15, 18, 0, 7, 17, 23, 6, 33, 37, 12, 36, 4, 8, 2, 24, 10, 32, 26, 25, 30, 9, 31, 22, 29, 16, 28, 21, 20, 11, 39, 35, 34, 27]",1266.0,"[38, 13, 1, 5, 19, 14, 3, 15, 18, 0, 7, 17, 23, 6, 33, 37, 12, 36, 4, 8, 2, 24, 10, 32, 26, 25, 30, 9, 31, 22, 29, 16, 28, 21, 20, 11, 39, 35, 34, 27]",1266.0,18.3852641582489
"[38, 13, 1, 5, 19, 14, 3, 15, 18, 0, 7, 17, 23, 6, 33, 12, 37, 36, 4, 8, 2, 24, 10, 32, 26, 25, 30, 9, 31, 22, 29, 16, 28, 21, 20, 11, 39, 35, 34, 27]",1250.0,"[38, 13, 1, 5, 19, 14, 3, 15, 18, 0, 7, 17, 23, 6, 33, 12, 37, 36, 4, 8, 2, 24, 10, 32, 26, 25, 30, 9, 31, 22, 29, 16, 28, 21, 20, 11, 39, 35, 34, 27]",1250.0,18.536213874816895
"[38, 13, 1, 5, 19, 14, 3, 15, 18, 0, 7, 17, 23, 6, 33, 12, 37, 36, 4, 8, 2, 24, 10, 32, 26, 25, 30, 9, 31, 22, 29, 16, 28, 21, 20, 11, 39, 35, 34, 27]",1250.0,"[38, 13, 1, 5, 19, 14, 3, 15, 18, 0, 7, 17, 23, 6, 33, 12, 37, 36, 4, 8, 2, 24, 10, 32, 26, 25, 30, 9, 31, 22, 29, 16, 28, 21, 20, 11, 39, 35, 34, 27]",1250.0,18.68821907043457
"[38, 13, 1, 5, 19, 14, 3, 15, 18, 0, 7, 17, 23, 6, 33, 12, 37, 36, 4, 8, 2, 24, 10, 32, 26, 25, 30, 9, 31, 22, 29, 16, 28, 21, 20, 11, 39, 35, 34, 27]",1250.0,"[38, 13, 1, 5, 19, 14, 3, 15, 18, 0, 7, 17, 23, 6, 33, 12, 37, 36, 4, 8, 2, 24, 10, 32, 26, 25, 30, 9, 31, 22, 29, 16, 28, 21, 20, 11, 39, 35, 34, 27]",1250.0,18.842225790023804
"[38, 13, 1, 5, 19, 14, 3, 15, 18, 0, 7, 17, 23, 6, 33, 12, 37, 36, 4, 8, 2, 24, 10, 32, 26, 25, 30, 9, 31, 22, 29, 16, 28, 21, 20, 11, 39, 35, 34, 27]",1250.0,"[38, 13, 1, 5, 19, 14, 3, 15, 18, 0, 7, 17, 23, 6, 33, 12, 37, 36, 4, 8, 2, 24, 10, 32, 26, 25, 30, 9, 31, 22, 29, 16, 28, 21, 20, 11, 39, 35, 34, 27]",1250.0,18.991246938705444
"[38, 13, 1, 5, 19, 14, 3, 15, 18, 0, 7, 17, 23, 6, 33, 12, 37, 36, 4, 8, 2, 22, 10, 32, 26, 25, 30, 9, 31, 24, 29, 16, 28, 21, 20, 11, 39, 35, 34, 27]",1238.0,"[38, 13, 1, 5, 19, 14, 3, 15, 18, 0, 7, 17, 23, 6, 33, 12, 37, 36, 4, 8, 2, 22, 10, 32, 26, 25, 30, 9, 31, 24, 29, 16, 28, 21, 20, 11, 39, 35, 34, 27]",1238.0,19.14221954345703
"[38, 13, 1, 5, 19, 14, 3, 15, 18, 0, 7, 17, 23, 6, 33, 12, 37, 36, 4, 8, 2, 22, 10, 32, 26, 25, 30, 9, 31, 24, 29, 16, 28, 21, 20, 11, 39, 35, 34, 27]",1238.0,"[38, 13, 1, 5, 19, 14, 3, 15, 18, 0, 7, 17, 23, 6, 33, 12, 37, 36, 4, 8, 2, 22, 10, 32, 26, 25, 30, 9, 31, 24, 29, 16, 28, 21, 20, 11, 39, 35, 34, 27]",1238.0,19.290224313735962
"[38, 13, 1, 5, 19, 14, 3, 15, 18, 0, 7, 17, 9, 6, 33, 12, 37, 36, 4, 8, 2, 22, 10, 32, 26, 25, 30, 23, 31, 24, 29, 16, 28, 21, 20, 11, 39, 35, 34, 27]",1191.5,"[38, 13, 1, 5, 19, 14, 3, 15, 18, 0, 7, 17, 9, 6, 33, 12, 37, 36, 4, 8, 2, 22, 10, 32, 26, 25, 30, 23, 31, 24, 29, 16, 28, 21, 20, 11, 39, 35, 34, 27]",1191.5,19.44222903251648
"[38, 13, 1, 5, 19, 14, 3, 15, 18, 0, 7, 17, 9, 6, 33, 12, 37, 36, 4, 8, 2, 22, 10, 32, 26, 25, 30, 23, 31, 24, 29, 16, 28, 21, 20, 11, 39, 35, 34, 27]",1191.5,"[38, 13, 1, 5, 19, 14, 3, 15, 18, 0, 7, 17, 9, 6, 33, 12, 37, 36, 4, 8, 2, 22, 10, 32, 26, 25, 30, 23, 31, 24, 29, 16, 28, 21, 20, 11, 39, 35, 34, 27]",1191.5,19.595226049423218
"[38, 13, 1, 5, 19, 14, 3, 9, 18, 0, 7, 17, 15, 6, 33, 12, 37, 36, 4, 8, 2, 22, 10, 32, 26, 25, 30, 23, 31, 24, 29, 16, 28, 21, 20, 11, 39, 35, 34, 27]",1186.0,"[38, 13, 1, 5, 19, 14, 3, 9, 18, 0, 7, 17, 15, 6, 33, 12, 37, 36, 4, 8, 2, 22, 10, 32, 26, 25, 30, 23, 31, 24, 29, 16, 28, 21, 20, 11, 39, 35, 34, 27]",1186.0,19.746231079101562
"[38, 13, 1, 5, 19, 14, 3, 9, 18, 0, 7, 17, 15, 6, 33, 12, 37, 36, 4, 8, 2, 22, 10, 32, 26, 25, 30, 23, 31, 24, 29, 16, 28, 21, 20, 11, 39, 35, 34, 27]",1186.0,"[38, 13, 1, 5, 19, 14, 3, 9, 18, 0, 7, 17, 15, 6, 33, 12, 37, 36, 4, 8, 2, 22, 10, 32, 26, 25, 30, 23, 31, 24, 29, 16, 28, 21, 20, 11, 39, 35, 34, 27]",1186.0,19.90123176574707
"[38, 13, 1, 5, 19, 14, 3, 9, 18, 0, 7, 17, 15, 6, 33, 12, 37, 36, 4, 8, 2, 22, 10, 32, 26, 25, 30, 23, 31, 24, 29, 16, 28, 21, 20, 11, 39, 35, 34, 27]",1186.0,"[38, 13, 1, 5, 19, 14, 3, 9, 18, 0, 7, 17, 15, 6, 33, 12, 37, 36, 4, 8, 2, 22, 10, 32, 26, 25, 30, 23, 31, 24, 29, 16, 28, 21, 20, 11, 39, 35, 34, 27]",1186.0,20.049230575561523
"[38, 13, 1, 5, 19, 14, 3, 9, 18, 0, 7, 17, 15, 6, 33, 12, 37, 36, 4, 8, 2, 22, 10, 32, 26, 25, 30, 23, 31, 24, 29, 16, 28, 21, 20, 11, 39, 35, 34, 27]",1186.0,"[38, 13, 1, 5, 19, 14, 3, 9, 18, 0, 7, 17, 15, 6, 33, 12, 37, 36, 4, 8, 2, 22, 10, 32, 26, 25, 30, 23, 31, 24, 29, 16, 28, 21, 20, 11, 39, 35, 34, 27]",1186.0,20.199238061904907
"[38, 13, 1, 5, 19, 14, 3, 9, 18, 0, 7, 17, 15, 6, 33, 12, 37, 36, 4, 8, 2, 22, 10, 32, 26, 25, 30, 23, 31, 24, 29, 16, 28, 21, 20, 11, 39, 35, 34, 27]",1186.0,"[38, 13, 1, 5, 19, 14, 3, 9, 18, 0, 7, 17, 15, 6, 33, 12, 37, 36, 4, 8, 2, 22, 10, 32, 26, 25, 30, 23, 31, 24, 29, 16, 28, 21, 20, 11, 39, 35, 34, 27]",1186.0,20.378242015838623
"[38, 13, 1, 5, 19, 14, 3, 9, 18, 0, 7, 17, 15, 6, 33, 12, 37, 36, 4, 8, 2, 22, 10, 32, 26, 25, 30, 23, 31, 24, 29, 16, 28, 21, 20, 11, 39, 35, 34, 27]",1186.0,"[38, 13, 1, 5, 19, 14, 3, 9, 18, 0, 7, 17, 15, 6, 33, 12, 37, 36, 4, 8, 2, 22, 10, 32, 26, 25, 30, 23, 31, 24, 29, 16, 28, 21, 20, 11, 39, 35, 34, 27]",1186.0,20.53124189376831
"[38, 13, 1, 5, 19, 14, 3, 9, 18, 0, 7, 17, 15, 6, 33, 12, 37, 36, 4, 8, 2, 22, 10, 32, 26, 25, 30, 23, 31, 24, 29, 16, 28, 21, 20, 11, 39, 35, 34, 27]",1186.0,"[38, 13, 1, 5, 19, 14, 3, 9, 18, 0, 7, 17, 15, 6, 33, 12, 37, 36, 4, 8, 2, 22, 10, 32, 26, 25, 30, 23, 31, 24, 29, 16, 28, 21, 20, 11, 39, 35, 34, 27]",1186.0,20.680243253707886
"[38, 13, 1, 5, 19, 14, 3, 9, 18, 0, 7, 17, 15, 6, 33, 12, 37, 36, 4, 8, 2, 22, 10, 32, 26, 25, 30, 23, 31, 24, 29, 16, 28, 21, 20, 11, 39, 35, 34, 27]",1186.0,"[38, 13, 1, 5, 19, 14, 3, 9, 18, 0, 7, 17, 15, 6, 33, 12, 37, 36, 4, 8, 2, 22, 10, 32, 26, 25, 30, 23, 31, 24, 29, 16, 28, 21, 20, 11, 39, 35, 34, 27]",1186.0,20.831244707107544
"[38, 13, 1, 5, 19, 14, 3, 9, 18, 0, 7, 17, 15, 6, 33, 12, 37, 36, 4, 8, 2, 22, 10, 32, 26, 25, 30, 23, 31, 24, 29, 16, 28, 21, 20, 11, 39, 35, 34, 27]",1186.0,"[38, 13, 1, 5, 19, 14, 3, 9, 18, 0, 7, 17, 15, 6, 33, 12, 37, 36, 4, 8, 2, 22, 10, 32, 26, 25, 30, 23, 31, 24, 29, 16, 28, 21, 20, 11, 39, 35, 34, 27]",1186.0,20.98424220085144
"[38, 13, 1, 5, 19, 14, 3, 9, 18, 0, 7, 17, 15, 6, 33, 12, 37, 36, 4, 8, 2, 22, 10, 32, 26, 25, 30, 23, 31, 24, 29, 16, 28, 21, 20, 11, 39, 35, 34, 27]",1186.0,"[38, 13, 1, 5, 19, 14, 3, 9, 18, 0, 7, 17, 15, 6, 33, 12, 37, 36, 4, 8, 2, 22, 10, 32, 26, 25, 30, 23, 31, 24, 29, 16, 28, 21, 20, 11, 39, 35, 34, 27]",1186.0,21.144248247146606
"[38, 13, 1, 5, 19, 14, 3, 9, 18, 0, 7, 17, 15, 6, 33, 12, 37, 36, 4, 8, 2, 22, 10, 32, 26, 25, 30, 23, 31, 24, 29, 16, 28, 21, 20, 11, 39, 35, 34, 27]",1186.0,"[38, 13, 1, 5, 19, 14, 3, 9, 18, 0, 7, 17, 15, 6, 33, 12, 37, 36, 4, 8, 2, 22, 10, 32, 26, 25, 30, 23, 31, 24, 29, 16, 28, 21, 20, 11, 39, 35, 34, 27]",1186.0,21.297256231307983
"[38, 13, 1, 5, 19, 14, 3, 9, 18, 0, 7, 17, 15, 6, 33, 12, 37, 36, 4, 8, 2, 22, 10, 32, 26, 25, 30, 23, 31, 24, 29, 16, 28, 21, 20, 11, 39, 35, 34, 27]",1186.0,"[38, 13, 1, 5, 19, 14, 3, 9, 18, 0, 7, 17, 15, 6, 33, 12, 37, 36, 4, 8, 2, 22, 10, 32, 26, 25, 30, 23, 31, 24, 29, 16, 28, 21, 20, 11, 39, 35, 34, 27]",1186.0,21.44825553894043
"[38, 13, 1, 5, 19, 14, 3, 9, 18, 0, 7, 17, 15, 6, 33, 12, 37, 36, 4, 8, 2, 22, 10, 32, 26, 25, 30, 23, 31, 24, 29, 16, 28, 21, 20, 11, 39, 35, 34, 27]",1186.0,"[38, 13, 1, 5, 19, 14, 3, 9, 18, 0, 7, 17, 15, 6, 33, 12, 37, 36, 4, 8, 2, 22, 10, 32, 26, 25, 30, 23, 31, 24, 29, 16, 28, 21, 20, 11, 39, 35, 34, 27]",1186.0,21.597254514694214
"[38, 13, 1, 3, 19, 14, 5, 9, 18, 0, 7, 17, 15, 6, 33, 12, 37, 36, 4, 8, 2, 22, 10, 32, 26, 25, 30, 23, 31, 24, 29, 16, 28, 21, 20, 11, 39, 35, 34, 27]",1184.0,"[38, 13, 1, 3, 19, 14, 5, 9, 18, 0, 7, 17, 15, 6, 33, 12, 37, 36, 4, 8, 2, 22, 10, 32, 26, 25, 30, 23, 31, 24, 29, 16, 28, 21, 20, 11, 39, 35, 34, 27]",1184.0,21.748262882232666
"[38, 13, 1, 3, 19, 14, 5, 9, 18, 0, 7, 17, 15, 6, 33, 12, 37, 36, 4, 8, 2, 22, 10, 32, 26, 25, 30, 23, 31, 24, 29, 16, 28, 21, 20, 11, 39, 35, 34, 27]",1184.0,"[38, 13, 1, 3, 19, 14, 5, 9, 18, 0, 7, 17, 15, 6, 33, 12, 37, 36, 4, 8, 2, 22, 10, 32, 26, 25, 30, 23, 31, 24, 29, 16, 28, 21, 20, 11, 39, 35, 34, 27]",1184.0,21.90125823020935
"[38, 13, 1, 3, 19, 14, 5, 9, 18, 0, 7, 17, 15, 6, 33, 12, 37, 36, 4, 8, 2, 22, 10, 32, 26, 25, 30, 23, 31, 24, 29, 16, 28, 21, 20, 11, 39, 35, 34, 27]",1184.0,"[38, 13, 1, 3, 19, 14, 5, 9, 18, 0, 7, 17, 15, 6, 33, 12, 37, 36, 4, 8, 2, 22, 10, 32, 26, 25, 30, 23, 31, 24, 29, 16, 28, 21, 20, 11, 39, 35, 34, 27]",1184.0,22.0512592792511
"[38, 13, 1, 3, 19, 14, 5, 9, 18, 0, 7, 17, 15, 6, 33, 12, 37, 36, 4, 8, 2, 22, 10, 32, 26, 25, 30, 23, 31, 24, 29, 16, 28, 21, 20, 11, 39, 35, 34, 27]",1184.0,"[38, 13, 1, 3, 19, 14, 5, 9, 18, 0, 7, 17, 15, 6, 33, 12, 37, 36, 4, 8, 2, 22, 10, 32, 26, 25, 30, 23, 31, 24, 29, 16, 28, 21, 20, 11, 39, 35, 34, 27]",1184.0,22.200260400772095
"[38, 13, 1, 3, 19, 14, 5, 9, 18, 0, 7, 17, 15, 6, 33, 12, 37, 36, 4, 8, 2, 22, 10, 32, 26, 25, 30, 23, 31, 24, 29, 16, 28, 21, 20, 11, 39, 35, 34, 27]",1184.0,"[38, 13, 1, 3, 19, 14, 5, 9, 18, 0, 7, 17, 15, 6, 33, 12, 37, 36, 4, 8, 2, 22, 10, 32, 26, 25, 30, 23, 31, 24, 29, 16, 28, 21, 20, 11, 39, 35, 34, 27]",1184.0,22.35430073738098
"[38, 13, 10, 3, 19, 14, 5, 9, 18, 0, 7, 17, 15, 6, 33, 12, 37, 36, 4, 8, 2, 22, 1, 32, 26, 25, 30, 23, 31, 24, 29, 16, 28, 21, 20, 11, 39, 35, 34, 27]",1153.0,"[38, 13, 10, 3, 19, 14, 5, 9, 18, 0, 7, 17, 15, 6, 33, 12, 37, 36, 4, 8, 2, 22, 1, 32, 26, 25, 30, 23, 31, 24, 29, 16, 28, 21, 20, 11, 39, 35, 34, 27]",1153.0,22.509268283843994
"[38, 13, 10, 3, 19, 14, 5, 9, 18, 0, 7, 17, 15, 6, 33, 12, 37, 36, 4, 8, 2, 22, 1, 32, 26, 25, 30, 23, 31, 24, 29, 16, 28, 21, 20, 11, 39, 35, 34, 27]",1153.0,"[38, 13, 10, 3, 19, 14, 5, 9, 18, 0, 7, 17, 15, 6, 33, 12, 37, 36, 4, 8, 2, 22, 1, 32, 26, 25, 30, 23, 31, 24, 29, 16, 28, 21, 20, 11, 39, 35, 34, 27]",1153.0,22.664268255233765
"[38, 13, 10, 3, 19, 14, 5, 9, 18, 0, 7, 17, 15, 6, 33, 12, 37, 36, 4, 8, 2, 22, 1, 32, 26, 25, 30, 23, 31, 24, 29, 16, 28, 21, 20, 11, 39, 35, 34, 27]",1153.0,"[38, 13, 10, 3, 19, 14, 5, 9, 18, 0, 7, 17, 15, 6, 33, 12, 37, 36, 4, 8, 2, 22, 1, 32, 26, 25, 30, 23, 31, 24, 29, 16, 28, 21, 20, 11, 39, 35, 34, 27]",1153.0,22.823267698287964
"[38, 13, 10, 3, 19, 14, 5, 9, 18, 0, 7, 17, 15, 6, 33, 12, 37, 36, 4, 8, 2, 22, 1, 32, 26, 25, 30, 23, 31, 24, 29, 16, 28, 21, 20, 11, 39, 35, 34, 27]",1153.0,"[38, 13, 10, 3, 19, 14, 5, 9, 18, 0, 7, 17, 15, 6, 33, 12, 37, 36, 4, 8, 2, 22, 1, 32, 26, 25, 30, 23, 31, 24, 29, 16, 28, 21, 20, 11, 39, 35, 34, 27]",1153.0,22.975265979766846
"[38, 13, 10, 3, 19, 14, 5, 9, 18, 0, 7, 17, 15, 6, 33, 12, 37, 36, 4, 8, 2, 22, 1, 32, 26, 25, 30, 23, 31, 24, 29, 16, 28, 21, 20, 11, 39, 35, 34, 27]",1153.0,"[38, 13, 10, 3, 19, 14, 5, 9, 18, 0, 7, 17, 15, 6, 33, 12, 37, 36, 4, 8, 2, 22, 1, 32, 26, 25, 30, 23, 31, 24, 29, 16, 28, 21, 20, 11, 39, 35, 34, 27]",1153.0,23.12527084350586
"[38, 13, 10, 3, 19, 14, 5, 9, 18, 0, 7, 17, 15, 6, 33, 12, 39, 36, 4, 8, 2, 22, 1, 32, 26, 25, 30, 23, 31, 24, 29, 16, 28, 21, 20, 11, 37, 35, 34, 27]",1150.5,"[38, 13, 10, 3, 19, 14, 5, 9, 18, 0, 7, 17, 15, 6, 33, 12, 39, 36, 4, 8, 2, 22, 1, 32, 26, 25, 30, 23, 31, 24, 29, 16, 28, 21, 20, 11, 37, 35, 34, 27]",1150.5,23.278276205062866
"[38, 13, 10, 3, 19, 14, 5, 9, 18, 0, 7, 17, 15, 6, 33, 12, 39, 36, 4, 8, 2, 22, 1, 32, 26, 25, 30, 23, 31, 24, 29, 16, 28, 21, 20, 11, 37, 35, 34, 27]",1150.5,"[38, 13, 10, 3, 19, 14, 5, 9, 18, 0, 7, 17, 15, 6, 33, 12, 39, 36, 4, 8, 2, 22, 1, 32, 26, 25, 30, 23, 31, 24, 29, 16, 28, 21, 20, 11, 37, 35, 34, 27]",1150.5,23.430296897888184
"[38, 13, 10, 3, 19, 14, 5, 9, 18, 0, 7, 17, 15, 6, 33, 12, 39, 36, 4, 8, 2, 22, 1, 32, 26, 25, 30, 23, 31, 24, 29, 16, 28, 21, 20, 11, 37, 35, 34, 27]",1150.5,"[38, 13, 10, 3, 19, 14, 5, 9, 18, 0, 7, 17, 15, 6, 33, 12, 39, 36, 4, 8, 2, 22, 1, 32, 26, 25, 30, 23, 31, 24, 29, 16, 28, 21, 20, 11, 37, 35, 34, 27]",1150.5,23.58835530281067
"[38, 13, 10, 3, 19, 14, 5, 9, 18, 0, 7, 17, 15, 6, 33, 12, 39, 36, 4, 8, 2, 22, 1, 32, 26, 25, 30, 23, 31, 24, 29, 16, 28, 21, 20, 11, 37, 35, 34, 27]",1150.5,"[38, 13, 10, 3, 19, 14, 5, 9, 18, 0, 7, 17, 15, 6, 33, 12, 39, 36, 4, 8, 2, 22, 1, 32, 26, 25, 30, 23, 31, 24, 29, 16, 28, 21, 20, 11, 37, 35, 34, 27]",1150.5,23.743276596069336
"[38, 13, 10, 3, 19, 14, 5, 9, 18, 0, 7, 17, 15, 6, 33, 12, 39, 36, 4, 8, 2, 22, 1, 32, 26, 25, 30, 23, 31, 24, 29, 16, 28, 21, 20, 11, 37, 35, 34, 27]",1150.5,"[38, 13, 10, 3, 19, 14, 5, 9, 18, 0, 7, 17, 15, 6, 33, 12, 39, 36, 4, 8, 2, 22, 1, 32, 26, 25, 30, 23, 31, 24, 29, 16, 28, 21, 20, 11, 37, 35, 34, 27]",1150.5,23.91228199005127
"[38, 13, 10, 3, 19, 14, 5, 9, 18, 0, 7, 17, 15, 6, 33, 12, 39, 36, 4, 8, 2, 22, 1, 32, 26, 25, 30, 23, 31, 24, 29, 16, 28, 21, 20, 11, 37, 35, 34, 27]",1150.5,"[38, 13, 10, 3, 19, 14, 5, 9, 18, 0, 7, 17, 15, 6, 33, 12, 39, 36, 4, 8, 2, 22, 1, 32, 26, 25, 30, 23, 31, 24, 29, 16, 28, 21, 20, 11, 37, 35, 34, 27]",1150.5,24.070281505584717
"[38, 13, 10, 3, 19, 14, 5, 9, 18, 0, 7, 17, 15, 6, 33, 12, 39, 36, 4, 8, 2, 22, 1, 32, 26, 25, 30, 23, 31, 24, 29, 16, 28, 21, 20, 11, 37, 35, 34, 27]",1150.5,"[38, 13, 10, 3, 19, 14, 5, 9, 18, 0, 7, 17, 15, 6, 33, 12, 39, 36, 4, 8, 2, 22, 1, 32, 26, 25, 30, 23, 31, 24, 29, 16, 28, 21, 20, 11, 37, 35, 34, 27]",1150.5,24.22429084777832
"[38, 13, 10, 3, 19, 14, 5, 9, 18, 0, 7, 17, 15, 6, 33, 12, 39, 36, 4, 8, 2, 22, 1, 32, 26, 25, 30, 23, 31, 24, 29, 16, 28, 21, 20, 11, 37, 35, 34, 27]",1150.5,"[38, 13, 10, 3, 19, 14, 5, 9, 18, 0, 7, 17, 15, 6, 33, 12, 39, 36, 4, 8, 2, 22, 1, 32, 26, 25, 30, 23, 31, 24, 29, 16, 28, 21, 20, 11, 37, 35, 34, 27]",1150.5,24.379290103912354
"[38, 13, 10, 3, 19, 14, 5, 9, 18, 0, 7, 17, 15, 6, 33, 12, 39, 36, 4, 8, 2, 22, 1, 32, 26, 25, 30, 23, 31, 24, 29, 16, 28, 21, 20, 11, 37, 35, 34, 27]",1150.5,"[38, 13, 10, 3, 19, 14, 5, 9, 18, 0, 7, 17, 15, 6, 33, 12, 39, 36, 4, 8, 2, 22, 1, 32, 26, 25, 30, 23, 31, 24, 29, 16, 28, 21, 20, 11, 37, 35, 34, 27]",1150.5,24.533289432525635
"[38, 13, 10, 3, 19, 14, 5, 9, 18, 0, 7, 17, 15, 6, 33, 12, 39, 36, 4, 8, 2, 22, 1, 32, 26, 25, 30, 23, 31, 24, 29, 16, 28, 21, 20, 11, 37, 35, 34, 27]",1150.5,"[38, 13, 10, 3, 19, 14, 5, 9, 18, 0, 7, 17, 15, 6, 33, 12, 39, 36, 4, 8, 2, 22, 1, 32, 26, 25, 30, 23, 31, 24, 29, 16, 28, 21, 20, 11, 37, 35, 34, 27]",1150.5,24.687292098999023
"[38, 13, 10, 3, 19, 14, 5, 9, 18, 0, 7, 17, 15, 6, 33, 12, 39, 36, 4, 8, 2, 22, 1, 32, 26, 25, 30, 23, 31, 24, 29, 16, 28, 21, 20, 11, 37, 35, 34, 27]",1150.5,"[38, 13, 10, 3, 19, 14, 5, 9, 18, 0, 7, 17, 15, 6, 33, 12, 39, 36, 4, 8, 2, 22, 1, 32, 26, 25, 30, 23, 31, 24, 29, 16, 28, 21, 20, 11, 37, 35, 34, 27]",1150.5,24.8532931804657
"[38, 13, 10, 3, 19, 14, 5, 9, 18, 0, 7, 17, 15, 6, 33, 12, 39, 36, 4, 8, 2, 22, 1, 32, 26, 25, 30, 23, 31, 24, 29, 16, 28, 21, 20, 11, 37, 35, 34, 27]",1150.5,"[38, 13, 10, 3, 19, 14, 5, 9, 18, 0, 7, 17, 15, 6, 33, 12, 39, 36, 4, 8, 2, 22, 1, 32, 26, 25, 30, 23, 31, 24, 29, 16, 28, 21, 20, 11, 37, 35, 34, 27]",1150.5,25.013290405273438
"[38, 13, 10, 3, 19, 14, 5, 9, 18, 0, 7, 17, 15, 6, 33, 12, 39, 36, 4, 8, 2, 22, 1, 32, 26, 25, 30, 23, 31, 24, 29, 16, 28, 21, 20, 11, 37, 35, 34, 27]",1150.5,"[38, 13, 10, 3, 19, 14, 5, 9, 18, 0, 7, 17, 15, 6, 33, 12, 39, 36, 4, 8, 2, 22, 1, 32, 26, 25, 30, 23, 31, 24, 29, 16, 28, 21, 20, 11, 37, 35, 34, 27]",1150.5,25.16429591178894
"[38, 13, 10, 3, 19, 14, 5, 9, 18, 0, 7, 17, 15, 6, 33, 12, 39, 36, 4, 8, 2, 22, 1, 32, 26, 25, 30, 23, 31, 24, 29, 16, 28, 21, 20, 11, 37, 35, 34, 27]",1150.5,"[38, 13, 10, 3, 19, 14, 5, 9, 18, 0, 7, 17, 15, 6, 33, 12, 39, 36, 4, 8, 2, 22, 1, 32, 26, 25, 30, 23, 31, 24, 29, 16, 28, 21, 20, 11, 37, 35, 34, 27]",1150.5,25.315297842025757
"[38, 13, 10, 3, 19, 14, 5, 9, 18, 0, 7, 17, 15, 6, 33, 12, 39, 36, 4, 8, 2, 22, 1, 32, 26, 25, 30, 23, 31, 24, 29, 16, 28, 21, 20, 11, 37, 35, 34, 27]",1150.5,"[38, 13, 10, 3, 19, 14, 5, 9, 18, 0, 7, 17, 15, 6, 33, 12, 39, 36, 4, 8, 2, 22, 1, 32, 26, 25, 30, 23, 31, 24, 29, 16, 28, 21, 20, 11, 37, 35, 34, 27]",1150.5,25.47729778289795
"[38, 13, 10, 3, 19, 14, 5, 9, 18, 0, 7, 17, 15, 6, 33, 12, 39, 36, 4, 8, 2, 22, 1, 32, 26, 25, 30, 23, 31, 24, 29, 16, 28, 21, 20, 11, 37, 35, 34, 27]",1150.5,"[38, 13, 10, 3, 19, 14, 5, 9, 18, 0, 7, 17, 15, 6, 33, 12, 39, 36, 4, 8, 2, 22, 1, 32, 26, 25, 30, 23, 31, 24, 29, 16, 28, 21, 20, 11, 37, 35, 34, 27]",1150.5,25.645309686660767
"[38, 13, 10, 3, 19, 14, 5, 9, 18, 0, 7, 17, 15, 6, 33, 12, 39, 36, 4, 8, 2, 22, 1, 32, 26, 25, 30, 23, 31, 24, 29, 16, 28, 21, 20, 11, 37, 35, 34, 27]",1150.5,"[38, 13, 10, 3, 19, 14, 5, 9, 18, 0, 7, 17, 15, 6, 33, 12, 39, 36, 4, 8, 2, 22, 1, 32, 26, 25, 30, 23, 31, 24, 29, 16, 28, 21, 20, 11, 37, 35, 34, 27]",1150.5,25.80829930305481
"[38, 13, 10, 3, 19, 14, 5, 9, 18, 0, 7, 17, 15, 6, 33, 12, 39, 36, 4, 8, 2, 22, 1, 32, 26, 25, 30, 23, 31, 24, 29, 16, 28, 21, 20, 11, 37, 35, 34, 27]",1150.5,"[38, 13, 10, 3, 19, 14, 5, 9, 18, 0, 7, 17, 15, 6, 33, 12, 39, 36, 4, 8, 2, 22, 1, 32, 26, 25, 30, 23, 31, 24, 29, 16, 28, 21, 20, 11, 37, 35, 34, 27]",1150.5,25.965304613113403
"[38, 13, 10, 3, 19, 14, 1, 9, 18, 0, 7, 17, 15, 6, 33, 12, 39, 36, 4, 8, 2, 22, 5, 32, 26, 25, 30, 23, 31, 24, 29, 16, 28, 21, 20, 11, 37, 35, 34, 27]",1146.0,"[38, 13, 10, 3, 19, 14, 1, 9, 18, 0, 7, 17, 15, 6, 33, 12, 39, 36, 4, 8, 2, 22, 5, 32, 26, 25, 30, 23, 31, 24, 29, 16, 28, 21, 20, 11, 37, 35, 34, 27]",1146.0,26.114311933517456
"[38, 13, 10, 3, 19, 14, 1, 9, 18, 0, 7, 17, 15, 6, 33, 12, 39, 36, 4, 8, 2, 22, 5, 32, 26, 25, 30, 23, 31, 24, 29, 16, 28, 21, 20, 11, 37, 35, 34, 27]",1146.0,"[38, 13, 10, 3, 19, 14, 1, 9, 18, 0, 7, 17, 15, 6, 33, 12, 39, 36, 4, 8, 2, 22, 5, 32, 26, 25, 30, 23, 31, 24, 29, 16, 28, 21, 20, 11, 37, 35, 34, 27]",1146.0,26.261325359344482
"[38, 13, 10, 3, 19, 14, 1, 9, 18, 0, 7, 17, 15, 6, 33, 12, 39, 36, 4, 8, 2, 22, 5, 32, 26, 25, 30, 23, 31, 24, 29, 16, 28, 21, 20, 11, 37, 35, 34, 27]",1146.0,"[38, 13, 10, 3, 19, 14, 1, 9, 18, 0, 7, 17, 15, 6, 33, 12, 39, 36, 4, 8, 2, 22, 5, 32, 26, 25, 30, 23, 31, 24, 29, 16, 28, 21, 20, 11, 37, 35, 34, 27]",1146.0,26.423309087753296
"[38, 13, 10, 3, 19, 14, 1, 9, 18, 0, 7, 17, 15, 6, 33, 12, 39, 36, 4, 8, 2, 22, 5, 32, 26, 25, 30, 23, 31, 24, 29, 16, 28, 21, 20, 11, 37, 35, 34, 27]",1146.0,"[38, 13, 10, 3, 19, 14, 1, 9, 18, 0, 7, 17, 15, 6, 33, 12, 39, 36, 4, 8, 2, 22, 5, 32, 26, 25, 30, 23, 31, 24, 29, 16, 28, 21, 20, 11, 37, 35, 34, 27]",1146.0,26.576311588287354
"[38, 13, 10, 3, 19, 14, 1, 9, 18, 0, 7, 17, 15, 6, 33, 12, 39, 36, 4, 8, 2, 22, 5, 32, 26, 25, 30, 28, 31, 24, 29, 16, 23, 21, 20, 11, 37, 35, 34, 27]",1144.0,"[38, 13, 10, 3, 19, 14, 1, 9, 18, 0, 7, 17, 15, 6, 33, 12, 39, 36, 4, 8, 2, 22, 5, 32, 26, 25, 30, 28, 31, 24, 29, 16, 23, 21, 20, 11, 37, 35, 34, 27]",1144.0,26.73132586479187
"[38, 13, 10, 3, 19, 14, 1, 9, 18, 0, 7, 17, 15, 6, 33, 12, 39, 36, 4, 8, 2, 22, 5, 32, 26, 25, 30, 28, 31, 24, 29, 16, 23, 21, 20, 11, 37, 35, 34, 27]",1144.0,"[38, 13, 10, 3, 19, 14, 1, 9, 18, 0, 7, 17, 15, 6, 33, 12, 39, 36, 4, 8, 2, 22, 5, 32, 26, 25, 30, 28, 31, 24, 29, 16, 23, 21, 20, 11, 37, 35, 34, 27]",1144.0,26.88331437110901
"[38, 13, 10, 3, 19, 14, 1, 9, 18, 0, 7, 17, 15, 6, 33, 12, 39, 36, 4, 8, 2, 22, 5, 32, 26, 25, 30, 28, 31, 24, 29, 16, 23, 21, 20, 11, 37, 35, 34, 27]",1144.0,"[38, 13, 10, 3, 19, 14, 1, 9, 18, 0, 7, 17, 15, 6, 33, 12, 39, 36, 4, 8, 2, 22, 5, 32, 26, 25, 30, 28, 31, 24, 29, 16, 23, 21, 20, 11, 37, 35, 34, 27]",1144.0,27.040327310562134
"[38, 13, 10, 3, 19, 14, 1, 9, 18, 0, 7, 17, 15, 6, 33, 12, 39, 36, 4, 8, 2, 22, 5, 32, 26, 25, 30, 28, 31, 24, 29, 16, 23, 21, 20, 11, 37, 35, 34, 27]",1144.0,"[38, 13, 10, 3, 19, 14, 1, 9, 18, 0, 7, 17, 15, 6, 33, 12, 39, 36, 4, 8, 2, 22, 5, 32, 26, 25, 30, 28, 31, 24, 29, 16, 23, 21, 20, 11, 37, 35, 34, 27]",1144.0,27.197317600250244
"[38, 13, 10, 3, 19, 14, 1, 9, 18, 0, 7, 17, 15, 6, 33, 12, 39, 36, 4, 8, 2, 22, 5, 32, 26, 25, 30, 28, 31, 24, 29, 16, 23, 21, 20, 11, 37, 35, 34, 27]",1144.0,"[38, 13, 10, 3, 19, 14, 1, 9, 18, 0, 7, 17, 15, 6, 33, 12, 39, 36, 4, 8, 2, 22, 5, 32, 26, 25, 30, 28, 31, 24, 29, 16, 23, 21, 20, 11, 37, 35, 34, 27]",1144.0,27.35032057762146
"[38, 13, 10, 3, 19, 14, 1, 9, 18, 0, 7, 17, 15, 6, 33, 12, 39, 36, 4, 8, 2, 22, 5, 32, 26, 25, 30, 28, 31, 24, 29, 16, 23, 21, 20, 11, 37, 35, 34, 27]",1144.0,"[38, 13, 10, 3, 19, 14, 1, 9, 18, 0, 7, 17, 15, 6, 33, 12, 39, 36, 4, 8, 2, 22, 5, 32, 26, 25, 30, 28, 31, 24, 29, 16, 23, 21, 20, 11, 37, 35, 34, 27]",1144.0,27.501322507858276
"[38, 13, 10, 3, 19, 14, 1, 9, 18, 0, 7, 17, 15, 6, 33, 12, 39, 36, 4, 8, 2, 22, 5, 32, 26, 25, 30, 28, 31, 24, 29, 16, 23, 21, 20, 11, 37, 35, 34, 27]",1144.0,"[38, 13, 10, 3, 19, 14, 1, 9, 18, 0, 7, 17, 15, 6, 33, 12, 39, 36, 4, 8, 2, 22, 5, 32, 26, 25, 30, 28, 31, 24, 29, 16, 23, 21, 20, 11, 37, 35, 34, 27]",1144.0,27.661325216293335
"[38, 13, 10, 3, 19, 14, 1, 9, 18, 0, 7, 17, 15, 6, 33, 12, 39, 36, 4, 8, 2, 22, 5, 32, 26, 25, 30, 28, 31, 24, 29, 16, 23, 21, 20, 11, 37, 35, 34, 27]",1144.0,"[38, 13, 10, 3, 19, 14, 1, 9, 18, 0, 7, 17, 15, 6, 33, 12, 39, 36, 4, 8, 2, 22, 5, 32, 26, 25, 30, 28, 31, 24, 29, 16, 23, 21, 20, 11, 37, 35, 34, 27]",1144.0,27.856340408325195
"[38, 13, 10, 3, 19, 14, 1, 9, 18, 0, 7, 17, 15, 6, 33, 12, 39, 36, 4, 8, 2, 22, 5, 32, 26, 25, 30, 28, 31, 24, 29, 16, 23, 21, 20, 11, 37, 35, 34, 27]",1144.0,"[38, 13, 10, 3, 19, 14, 1, 9, 18, 0, 7, 17, 15, 6, 33, 12, 39, 36, 4, 8, 2, 22, 5, 32, 26, 25, 30, 28, 31, 24, 29, 16, 23, 21, 20, 11, 37, 35, 34, 27]",1144.0,28.009348154067993
"[38, 13, 10, 3, 19, 14, 1, 9, 18, 0, 7, 17, 15, 6, 33, 12, 39, 36, 4, 8, 2, 22, 5, 32, 26, 25, 30, 28, 31, 24, 29, 16, 23, 21, 20, 11, 37, 35, 34, 27]",1144.0,"[38, 13, 10, 3, 19, 14, 1, 9, 18, 0, 7, 17, 15, 6, 33, 12, 39, 36, 4, 8, 2, 22, 5, 32, 26, 25, 30, 28, 31, 24, 29, 16, 23, 21, 20, 11, 37, 35, 34, 27]",1144.0,28.167327165603638
"[38, 13, 10, 3, 19, 14, 1, 9, 18, 0, 7, 17, 15, 6, 33, 12, 39, 36, 4, 8, 2, 22, 5, 32, 26, 25, 30, 28, 31, 24, 29, 16, 23, 21, 20, 11, 37, 35, 34, 27]",1144.0,"[38, 13, 10, 3, 19, 14, 1, 9, 18, 0, 7, 17, 15, 6, 33, 12, 39, 36, 4, 8, 2, 22, 5, 32, 26, 25, 30, 28, 31, 24, 29, 16, 23, 21, 20, 11, 37, 35, 34, 27]",1144.0,28.321333646774292
"[38, 13, 10, 3, 19, 14, 1, 9, 18, 0, 7, 17, 15, 6, 33, 12, 39, 36, 4, 8, 2, 22, 5, 32, 26, 25, 30, 28, 31, 24, 29, 16, 23, 21, 20, 11, 37, 35, 34, 27]",1144.0,"[38, 13, 10, 3, 19, 14, 1, 9, 18, 0, 7, 17, 15, 6, 33, 12, 39, 36, 4, 8, 2, 22, 5, 32, 26, 25, 30, 28, 31, 24, 29, 16, 23, 21, 20, 11, 37, 35, 34, 27]",1144.0,28.475332498550415
"[38, 13, 10, 3, 19, 14, 1, 9, 18, 0, 7, 17, 15, 6, 33, 12, 39, 36, 4, 8, 2, 22, 5, 32, 26, 25, 30, 28, 31, 24, 29, 16, 23, 21, 20, 11, 37, 35, 34, 27]",1144.0,"[38, 13, 10, 3, 19, 14, 1, 9, 18, 0, 7, 17, 15, 6, 33, 12, 39, 36, 4, 8, 2, 22, 5, 32, 26, 25, 30, 28, 31, 24, 29, 16, 23, 21, 20, 11, 37, 35, 34, 27]",1144.0,28.62833309173584
"[38, 13, 10, 3, 19, 14, 1, 9, 18, 0, 7, 17, 15, 6, 33, 12, 39, 36, 4, 8, 2, 22, 5, 32, 26, 25, 30, 28, 31, 24, 29, 16, 23, 21, 20, 11, 37, 35, 34, 27]",1144.0,"[38, 13, 10, 3, 19, 14, 1, 9, 18, 0, 7, 17, 15, 6, 33, 12, 39, 36, 4, 8, 2, 22, 5, 32, 26, 25, 30, 28, 31, 24, 29, 16, 23, 21, 20, 11, 37, 35, 34, 27]",1144.0,28.78133749961853
"[38, 13, 10, 3, 19, 14, 1, 9, 18, 0, 7, 17, 15, 6, 33, 12, 39, 36, 4, 8, 2, 22, 5, 32, 26, 25, 30, 28, 31, 24, 29, 16, 23, 21, 20, 11, 37, 35, 34, 27]",1144.0,"[38, 13, 10, 3, 19, 14, 1, 9, 18, 0, 7, 17, 15, 6, 33, 12, 39, 36, 4, 8, 2, 22, 5, 32, 26, 25, 30, 28, 31, 24, 29, 16, 23, 21, 20, 11, 37, 35, 34, 27]",1144.0,28.930336475372314
"[38, 13, 10, 3, 19, 14, 1, 9, 18, 0, 7, 17, 15, 6, 33, 12, 39, 36, 4, 8, 2, 22, 5, 32, 26, 25, 30, 28, 31, 24, 29, 16, 23, 21, 20, 11, 37, 35, 34, 27]",1144.0,"[38, 13, 10, 3, 19, 14, 1, 9, 18, 0, 7, 17, 15, 6, 33, 12, 39, 36, 4, 8, 2, 22, 5, 32, 26, 25, 30, 28, 31, 24, 29, 16, 23, 21, 20, 11, 37, 35, 34, 27]",1144.0,29.0863516330719
"[38, 13, 10, 3, 19, 14, 1, 9, 18, 0, 7, 17, 15, 6, 33, 12, 39, 36, 4, 8, 2, 22, 5, 32, 26, 25, 30, 28, 31, 24, 29, 16, 23, 21, 20, 11, 37, 35, 34, 27]",1144.0,"[38, 13, 10, 3, 19, 14, 1, 9, 18, 0, 7, 17, 15, 6, 33, 12, 39, 36, 4, 8, 2, 22, 5, 32, 26, 25, 30, 28, 31, 24, 29, 16, 23, 21, 20, 11, 37, 35, 34, 27]",1144.0,29.238356590270996
"[38, 13, 10, 3, 19, 14, 1, 9, 18, 0, 7, 17, 15, 6, 33, 12, 39, 36, 4, 8, 2, 22, 5, 32, 26, 25, 30, 28, 31, 24, 29, 16, 23, 21, 20, 11, 37, 35, 34, 27]",1144.0,"[38, 13, 10, 3, 19, 14, 1, 9, 18, 0, 7, 17, 15, 6, 33, 12, 39, 36, 4, 8, 2, 22, 5, 32, 26, 25, 30, 28, 31, 24, 29, 16, 23, 21, 20, 11, 37, 35, 34, 27]",1144.0,29.386343717575073
"[38, 13, 10, 3, 19, 14, 1, 9, 18, 0, 7, 17, 15, 6, 33, 12, 39, 36, 4, 8, 2, 22, 5, 32, 26, 25, 30, 28, 31, 24, 29, 16, 23, 21, 20, 11, 37, 35, 34, 27]",1144.0,"[38, 13, 10, 3, 19, 14, 1, 9, 18, 0, 7, 17, 15, 6, 33, 12, 39, 36, 4, 8, 2, 22, 5, 32, 26, 25, 30, 28, 31, 24, 29, 16, 23, 21, 20, 11, 37, 35, 34, 27]",1144.0,29.535348176956177
"[38, 13, 10, 3, 19, 14, 1, 9, 18, 0, 7, 17, 15, 6, 33, 12, 39, 36, 4, 8, 2, 22, 5, 32, 26, 25, 30, 28, 31, 24, 29, 16, 23, 21, 20, 11, 37, 35, 34, 27]",1144.0,"[38, 13, 10, 3, 19, 14, 1, 9, 18, 0, 7, 17, 15, 6, 33, 12, 39, 36, 4, 8, 2, 22, 5, 32, 26, 25, 30, 28, 31, 24, 29, 16, 23, 21, 20, 11, 37, 35, 34, 27]",1144.0,29.690346479415894
"[38, 13, 10, 3, 19, 14, 1, 9, 18, 0, 7, 17, 15, 6, 33, 12, 39, 36, 4, 8, 2, 22, 5, 32, 26, 25, 30, 28, 31, 24, 29, 16, 23, 21, 20, 11, 37, 35, 34, 27]",1144.0,"[38, 13, 10, 3, 19, 14, 1, 9, 18, 0, 7, 17, 15, 6, 33, 12, 39, 36, 4, 8, 2, 22, 5, 32, 26, 25, 30, 28, 31, 24, 29, 16, 23, 21, 20, 11, 37, 35, 34, 27]",1144.0,29.83935284614563
"[38, 13, 10, 3, 19, 14, 1, 9, 18, 0, 7, 17, 15, 6, 33, 12, 39, 36, 4, 8, 2, 22, 5, 32, 26, 25, 30, 28, 31, 24, 29, 16, 23, 21, 20, 11, 37, 35, 34, 27]",1144.0,"[38, 13, 10, 3, 19, 14, 1, 9, 18, 0, 7, 17, 15, 6, 33, 12, 39, 36, 4, 8, 2, 22, 5, 32, 26, 25, 30, 28, 31, 24, 29, 16, 23, 21, 20, 11, 37, 35, 34, 27]",1144.0,29.99534773826599
"[38, 13, 10, 3, 19, 14, 1, 9, 18, 0, 7, 17, 15, 6, 33, 12, 39, 36, 4, 8, 2, 22, 5, 32, 26, 25, 30, 28, 31, 24, 29, 16, 23, 21, 20, 11, 37, 35, 34, 27]",1144.0,"[38, 13, 10, 3, 19, 14, 1, 9, 18, 0, 7, 17, 15, 6, 33, 12, 39, 36, 4, 8, 2, 22, 5, 32, 26, 25, 30, 28, 31, 24, 29, 16, 23, 21, 20, 11, 37, 35, 34, 27]",1144.0,30.146353244781494
"[38, 13, 10, 3, 19, 14, 1, 9, 18, 0, 7, 17, 15, 6, 33, 12, 39, 36, 4, 8, 2, 22, 5, 32, 26, 25, 30, 28, 31, 24, 29, 16, 23, 21, 20, 11, 37, 35, 34, 27]",1144.0,"[38, 13, 10, 3, 19, 14, 1, 9, 18, 0, 7, 17, 15, 6, 33, 12, 39, 36, 4, 8, 2, 22, 5, 32, 26, 25, 30, 28, 31, 24, 29, 16, 23, 21, 20, 11, 37, 35, 34, 27]",1144.0,30.302353382110596
"[38, 13, 10, 3, 19, 14, 1, 9, 18, 0, 7, 17, 15, 6, 33, 12, 39, 36, 4, 8, 2, 22, 5, 32, 26, 25, 30, 28, 31, 24, 29, 16, 23, 21, 20, 11, 37, 35, 34, 27]",1144.0,"[38, 13, 10, 3, 19, 14, 1, 9, 18, 0, 7, 17, 15, 6, 33, 12, 39, 36, 4, 8, 2, 22, 5, 32, 26, 25, 30, 28, 31, 24, 29, 16, 23, 21, 20, 11, 37, 35, 34, 27]",1144.0,30.45136308670044
"[38, 13, 10, 3, 19, 14, 1, 9, 18, 0, 7, 17, 15, 6, 33, 12, 39, 36, 4, 8, 2, 22, 5, 32, 26, 25, 30, 28, 31, 24, 29, 16, 23, 21, 20, 11, 37, 35, 34, 27]",1144.0,"[38, 13, 10, 3, 19, 14, 1, 9, 18, 0, 7, 17, 15, 6, 33, 12, 39, 36, 4, 8, 2, 22, 5, 32, 26, 25, 30, 28, 31, 24, 29, 16, 23, 21, 20, 11, 37, 35, 34, 27]",1144.0,30.600356578826904
"[38, 13, 10, 19, 3, 14, 1, 9, 18, 0, 7, 17, 15, 6, 33, 12, 39, 36, 4, 8, 2, 22, 5, 32, 26, 25, 30, 28, 31, 24, 29, 16, 23, 21, 20, 11, 37, 35, 34, 27]",1141.0,"[38, 13, 10, 19, 3, 14, 1, 9, 18, 0, 7, 17, 15, 6, 33, 12, 39, 36, 4, 8, 2, 22, 5, 32, 26, 25, 30, 28, 31, 24, 29, 16, 23, 21, 20, 11, 37, 35, 34, 27]",1141.0,30.75336718559265
"[38, 13, 10, 19, 3, 14, 1, 9, 18, 0, 7, 17, 15, 6, 33, 12, 39, 36, 4, 8, 2, 22, 5, 32, 26, 25, 30, 28, 31, 24, 29, 16, 23, 21, 20, 11, 37, 35, 34, 27]",1141.0,"[38, 13, 10, 19, 3, 14, 1, 9, 18, 0, 7, 17, 15, 6, 33, 12, 39, 36, 4, 8, 2, 22, 5, 32, 26, 25, 30, 28, 31, 24, 29, 16, 23, 21, 20, 11, 37, 35, 34, 27]",1141.0,30.905361890792847
"[38, 13, 10, 19, 3, 14, 1, 9, 18, 0, 7, 17, 15, 6, 33, 12, 39, 36, 4, 8, 2, 22, 5, 32, 26, 25, 30, 28, 31, 24, 29, 16, 23, 21, 20, 11, 37, 35, 34, 27]",1141.0,"[38, 13, 10, 19, 3, 14, 1, 9, 18, 0, 7, 17, 15, 6, 33, 12, 39, 36, 4, 8, 2, 22, 5, 32, 26, 25, 30, 28, 31, 24, 29, 16, 23, 21, 20, 11, 37, 35, 34, 27]",1141.0,31.05538272857666
"[38, 13, 10, 19, 3, 14, 1, 9, 18, 0, 7, 17, 15, 6, 33, 12, 39, 36, 4, 8, 2, 22, 5, 32, 26, 25, 30, 28, 31, 24, 29, 16, 23, 21, 20, 11, 37, 35, 34, 27]",1141.0,"[38, 13, 10, 19, 3, 14, 1, 9, 18, 0, 7, 17, 15, 6, 33, 12, 39, 36, 4, 8, 2, 22, 5, 32, 26, 25, 30, 28, 31, 24, 29, 16, 23, 21, 20, 11, 37, 35, 34, 27]",1141.0,31.20336675643921
"[38, 13, 10, 19, 3, 14, 1, 9, 18, 0, 7, 17, 15, 6, 33, 12, 39, 36, 4, 8, 2, 22, 5, 32, 26, 25, 30, 28, 31, 24, 29, 16, 23, 21, 20, 11, 37, 35, 34, 27]",1141.0,"[38, 13, 10, 19, 3, 14, 1, 9, 18, 0, 7, 17, 15, 6, 33, 12, 39, 36, 4, 8, 2, 22, 5, 32, 26, 25, 30, 28, 31, 24, 29, 16, 23, 21, 20, 11, 37, 35, 34, 27]",1141.0,31.356390714645386
