Sequence,Fitness,Best_sequence,Best_fitness,Time
"[0, 1, 2, 3, 4, 5, 6, 7, 8, 9, 10, 11, 12, 13, 14, 15, 16, 17, 18, 19]",971.5,"[0, 1, 2, 3, 4, 5, 6, 7, 8, 9, 10, 11, 12, 13, 14, 15, 16, 17, 18, 19]",971.5,0.0
"[0, 1, 2, 3, 4, 5, 6, 7, 8, 9, 10, 11, 12, 13, 14, 15, 16, 17, 18, 19]",971.5,"[0, 1, 2, 3, 4, 5, 6, 7, 8, 9, 10, 11, 12, 13, 14, 15, 16, 17, 18, 19]",971.5,0.06099867820739746
"[0, 1, 2, 3, 4, 5, 6, 7, 8, 9, 10, 11, 12, 13, 14, 15, 16, 17, 18, 19]",971.5,"[0, 1, 2, 3, 4, 5, 6, 7, 8, 9, 10, 11, 12, 13, 14, 15, 16, 17, 18, 19]",971.5,0.12200284004211426
"[0, 1, 2, 3, 4, 5, 6, 7, 8, 9, 10, 11, 12, 13, 14, 15, 16, 17, 18, 19]",971.5,"[0, 1, 2, 3, 4, 5, 6, 7, 8, 9, 10, 11, 12, 13, 14, 15, 16, 17, 18, 19]",971.5,0.18200039863586426
"[0, 1, 2, 3, 4, 5, 6, 7, 8, 9, 10, 18, 12, 13, 14, 15, 16, 17, 11, 19]",969.0,"[0, 1, 2, 3, 4, 5, 6, 7, 8, 9, 10, 18, 12, 13, 14, 15, 16, 17, 11, 19]",969.0,0.24299955368041992
"[0, 1, 2, 3, 4, 5, 6, 7, 8, 9, 10, 18, 12, 13, 14, 15, 16, 17, 11, 19]",969.0,"[0, 1, 2, 3, 4, 5, 6, 7, 8, 9, 10, 18, 12, 13, 14, 15, 16, 17, 11, 19]",969.0,0.30300164222717285
"[0, 1, 2, 3, 4, 5, 6, 7, 8, 9, 10, 18, 12, 13, 14, 15, 16, 17, 11, 19]",969.0,"[0, 1, 2, 3, 4, 5, 6, 7, 8, 9, 10, 18, 12, 13, 14, 15, 16, 17, 11, 19]",969.0,0.3619980812072754
"[0, 1, 2, 3, 4, 5, 6, 7, 8, 9, 10, 17, 12, 13, 14, 15, 16, 18, 11, 19]",952.5,"[0, 1, 2, 3, 4, 5, 6, 7, 8, 9, 10, 17, 12, 13, 14, 15, 16, 18, 11, 19]",952.5,0.42400312423706055
"[0, 1, 2, 3, 4, 5, 6, 7, 8, 9, 10, 17, 12, 13, 14, 15, 16, 18, 11, 19]",952.5,"[0, 1, 2, 3, 4, 5, 6, 7, 8, 9, 10, 17, 12, 13, 14, 15, 16, 18, 11, 19]",952.5,0.48399925231933594
"[0, 1, 2, 3, 4, 5, 6, 7, 8, 9, 10, 17, 12, 13, 14, 15, 16, 18, 11, 19]",952.5,"[0, 1, 2, 3, 4, 5, 6, 7, 8, 9, 10, 17, 12, 13, 14, 15, 16, 18, 11, 19]",952.5,0.5450413227081299
"[0, 1, 2, 3, 4, 5, 6, 7, 8, 9, 10, 17, 12, 13, 14, 15, 16, 18, 11, 19]",952.5,"[0, 1, 2, 3, 4, 5, 6, 7, 8, 9, 10, 17, 12, 13, 14, 15, 16, 18, 11, 19]",952.5,0.6040003299713135
"[0, 1, 2, 3, 4, 5, 6, 7, 8, 9, 17, 10, 12, 13, 14, 15, 16, 18, 11, 19]",943.5,"[0, 1, 2, 3, 4, 5, 6, 7, 8, 9, 17, 10, 12, 13, 14, 15, 16, 18, 11, 19]",943.5,0.6640040874481201
"[0, 1, 2, 3, 4, 5, 6, 7, 8, 9, 17, 10, 12, 13, 14, 15, 16, 18, 11, 19]",943.5,"[0, 1, 2, 3, 4, 5, 6, 7, 8, 9, 17, 10, 12, 13, 14, 15, 16, 18, 11, 19]",943.5,0.7250053882598877
"[0, 1, 2, 3, 4, 5, 6, 7, 8, 9, 17, 10, 12, 13, 14, 15, 16, 18, 11, 19]",943.5,"[0, 1, 2, 3, 4, 5, 6, 7, 8, 9, 17, 10, 12, 13, 14, 15, 16, 18, 11, 19]",943.5,0.7840070724487305
"[0, 1, 2, 3, 4, 5, 6, 7, 8, 9, 17, 10, 12, 13, 14, 15, 16, 18, 11, 19]",943.5,"[0, 1, 2, 3, 4, 5, 6, 7, 8, 9, 17, 10, 12, 13, 14, 15, 16, 18, 11, 19]",943.5,0.846003532409668
"[0, 1, 2, 3, 4, 5, 6, 7, 8, 9, 17, 10, 12, 13, 14, 15, 16, 18, 11, 19]",943.5,"[0, 1, 2, 3, 4, 5, 6, 7, 8, 9, 17, 10, 12, 13, 14, 15, 16, 18, 11, 19]",943.5,0.9050002098083496
"[0, 1, 2, 3, 4, 5, 6, 7, 8, 9, 17, 10, 12, 13, 14, 15, 16, 18, 11, 19]",943.5,"[0, 1, 2, 3, 4, 5, 6, 7, 8, 9, 17, 10, 12, 13, 14, 15, 16, 18, 11, 19]",943.5,0.9700033664703369
"[0, 1, 19, 3, 4, 5, 6, 7, 8, 9, 17, 10, 12, 13, 14, 15, 16, 18, 11, 2]",883.0,"[0, 1, 19, 3, 4, 5, 6, 7, 8, 9, 17, 10, 12, 13, 14, 15, 16, 18, 11, 2]",883.0,1.0320019721984863
"[0, 1, 19, 3, 4, 5, 6, 7, 8, 9, 17, 10, 12, 13, 14, 15, 16, 18, 11, 2]",883.0,"[0, 1, 19, 3, 4, 5, 6, 7, 8, 9, 17, 10, 12, 13, 14, 15, 16, 18, 11, 2]",883.0,1.0980017185211182
"[0, 1, 19, 3, 4, 5, 6, 7, 8, 9, 17, 10, 12, 13, 14, 15, 16, 18, 11, 2]",883.0,"[0, 1, 19, 3, 4, 5, 6, 7, 8, 9, 17, 10, 12, 13, 14, 15, 16, 18, 11, 2]",883.0,1.1590075492858887
"[0, 1, 19, 3, 4, 5, 6, 7, 8, 9, 17, 10, 12, 13, 14, 15, 16, 18, 11, 2]",883.0,"[0, 1, 19, 3, 4, 5, 6, 7, 8, 9, 17, 10, 12, 13, 14, 15, 16, 18, 11, 2]",883.0,1.2260024547576904
"[0, 1, 19, 3, 4, 5, 6, 7, 8, 9, 17, 10, 12, 13, 14, 15, 16, 18, 11, 2]",883.0,"[0, 1, 19, 3, 4, 5, 6, 7, 8, 9, 17, 10, 12, 13, 14, 15, 16, 18, 11, 2]",883.0,1.3200006484985352
"[0, 1, 19, 3, 4, 5, 6, 7, 8, 9, 17, 10, 12, 13, 14, 15, 16, 18, 11, 2]",883.0,"[0, 1, 19, 3, 4, 5, 6, 7, 8, 9, 17, 10, 12, 13, 14, 15, 16, 18, 11, 2]",883.0,1.3819985389709473
"[0, 1, 19, 3, 4, 5, 6, 7, 8, 9, 17, 10, 12, 13, 14, 15, 16, 18, 11, 2]",883.0,"[0, 1, 19, 3, 4, 5, 6, 7, 8, 9, 17, 10, 12, 13, 14, 15, 16, 18, 11, 2]",883.0,1.4450030326843262
"[0, 1, 19, 3, 4, 5, 6, 7, 8, 9, 17, 10, 12, 13, 14, 15, 16, 18, 11, 2]",883.0,"[0, 1, 19, 3, 4, 5, 6, 7, 8, 9, 17, 10, 12, 13, 14, 15, 16, 18, 11, 2]",883.0,1.5120048522949219
"[0, 1, 19, 3, 4, 5, 6, 7, 8, 9, 17, 10, 12, 13, 14, 15, 16, 18, 11, 2]",883.0,"[0, 1, 19, 3, 4, 5, 6, 7, 8, 9, 17, 10, 12, 13, 14, 15, 16, 18, 11, 2]",883.0,1.5760021209716797
"[0, 1, 19, 3, 4, 5, 6, 7, 8, 9, 17, 10, 12, 13, 14, 15, 16, 18, 11, 2]",883.0,"[0, 1, 19, 3, 4, 5, 6, 7, 8, 9, 17, 10, 12, 13, 14, 15, 16, 18, 11, 2]",883.0,1.6480035781860352
"[0, 1, 19, 3, 4, 5, 6, 7, 8, 9, 17, 10, 12, 13, 14, 15, 16, 18, 11, 2]",883.0,"[0, 1, 19, 3, 4, 5, 6, 7, 8, 9, 17, 10, 12, 13, 14, 15, 16, 18, 11, 2]",883.0,1.7150027751922607
"[0, 1, 19, 3, 4, 5, 6, 7, 8, 9, 17, 10, 12, 13, 14, 15, 16, 18, 11, 2]",883.0,"[0, 1, 19, 3, 4, 5, 6, 7, 8, 9, 17, 10, 12, 13, 14, 15, 16, 18, 11, 2]",883.0,1.7780005931854248
"[0, 1, 19, 3, 4, 5, 6, 7, 8, 9, 17, 10, 12, 13, 14, 15, 16, 18, 11, 2]",883.0,"[0, 1, 19, 3, 4, 5, 6, 7, 8, 9, 17, 10, 12, 13, 14, 15, 16, 18, 11, 2]",883.0,1.8400051593780518
"[0, 1, 19, 3, 4, 5, 6, 7, 8, 9, 17, 10, 12, 13, 14, 15, 16, 18, 11, 2]",883.0,"[0, 1, 19, 3, 4, 5, 6, 7, 8, 9, 17, 10, 12, 13, 14, 15, 16, 18, 11, 2]",883.0,1.9040017127990723
"[0, 1, 19, 3, 4, 5, 6, 7, 8, 9, 17, 10, 12, 13, 14, 15, 16, 18, 11, 2]",883.0,"[0, 1, 19, 3, 4, 5, 6, 7, 8, 9, 17, 10, 12, 13, 14, 15, 16, 18, 11, 2]",883.0,1.9650063514709473
"[0, 1, 19, 3, 4, 5, 6, 7, 8, 9, 17, 10, 12, 13, 14, 15, 16, 18, 11, 2]",883.0,"[0, 1, 19, 3, 4, 5, 6, 7, 8, 9, 17, 10, 12, 13, 14, 15, 16, 18, 11, 2]",883.0,2.0290024280548096
"[0, 1, 19, 3, 4, 5, 6, 7, 8, 9, 17, 10, 12, 13, 14, 15, 16, 18, 11, 2]",883.0,"[0, 1, 19, 3, 4, 5, 6, 7, 8, 9, 17, 10, 12, 13, 14, 15, 16, 18, 11, 2]",883.0,2.092076539993286
"[0, 1, 19, 3, 4, 5, 6, 7, 8, 9, 17, 10, 12, 13, 14, 15, 16, 18, 11, 2]",883.0,"[0, 1, 19, 3, 4, 5, 6, 7, 8, 9, 17, 10, 12, 13, 14, 15, 16, 18, 11, 2]",883.0,2.1530044078826904
"[0, 1, 19, 3, 4, 5, 6, 7, 8, 9, 17, 10, 12, 13, 14, 15, 16, 18, 11, 2]",883.0,"[0, 1, 19, 3, 4, 5, 6, 7, 8, 9, 17, 10, 12, 13, 14, 15, 16, 18, 11, 2]",883.0,2.2160050868988037
"[0, 1, 19, 3, 4, 5, 6, 7, 8, 9, 17, 10, 12, 13, 14, 15, 16, 18, 11, 2]",883.0,"[0, 1, 19, 3, 4, 5, 6, 7, 8, 9, 17, 10, 12, 13, 14, 15, 16, 18, 11, 2]",883.0,2.2800076007843018
"[0, 1, 19, 3, 4, 5, 6, 7, 8, 9, 17, 10, 12, 13, 14, 15, 16, 18, 11, 2]",883.0,"[0, 1, 19, 3, 4, 5, 6, 7, 8, 9, 17, 10, 12, 13, 14, 15, 16, 18, 11, 2]",883.0,2.3450026512145996
"[0, 1, 19, 3, 4, 5, 6, 7, 8, 9, 17, 10, 12, 13, 14, 15, 16, 18, 11, 2]",883.0,"[0, 1, 19, 3, 4, 5, 6, 7, 8, 9, 17, 10, 12, 13, 14, 15, 16, 18, 11, 2]",883.0,2.4110116958618164
"[0, 1, 19, 3, 4, 5, 6, 7, 8, 9, 17, 10, 12, 13, 14, 15, 16, 18, 11, 2]",883.0,"[0, 1, 19, 3, 4, 5, 6, 7, 8, 9, 17, 10, 12, 13, 14, 15, 16, 18, 11, 2]",883.0,2.4750044345855713
"[0, 1, 19, 3, 4, 5, 6, 7, 8, 9, 17, 10, 12, 13, 14, 15, 16, 18, 11, 2]",883.0,"[0, 1, 19, 3, 4, 5, 6, 7, 8, 9, 17, 10, 12, 13, 14, 15, 16, 18, 11, 2]",883.0,2.5410022735595703
"[0, 1, 19, 3, 4, 5, 6, 7, 8, 9, 17, 10, 12, 13, 14, 15, 16, 18, 11, 2]",883.0,"[0, 1, 19, 3, 4, 5, 6, 7, 8, 9, 17, 10, 12, 13, 14, 15, 16, 18, 11, 2]",883.0,2.6050069332122803
"[0, 1, 19, 3, 4, 5, 6, 7, 8, 9, 17, 10, 12, 13, 14, 15, 16, 18, 11, 2]",883.0,"[0, 1, 19, 3, 4, 5, 6, 7, 8, 9, 17, 10, 12, 13, 14, 15, 16, 18, 11, 2]",883.0,2.6700074672698975
"[0, 1, 19, 3, 4, 5, 6, 7, 8, 9, 17, 10, 12, 13, 14, 15, 16, 18, 11, 2]",883.0,"[0, 1, 19, 3, 4, 5, 6, 7, 8, 9, 17, 10, 12, 13, 14, 15, 16, 18, 11, 2]",883.0,2.7350094318389893
"[0, 1, 19, 3, 4, 5, 6, 7, 8, 9, 17, 10, 12, 13, 14, 15, 16, 18, 11, 2]",883.0,"[0, 1, 19, 3, 4, 5, 6, 7, 8, 9, 17, 10, 12, 13, 14, 15, 16, 18, 11, 2]",883.0,2.7980055809020996
"[0, 1, 19, 3, 4, 5, 6, 7, 8, 9, 17, 10, 12, 13, 14, 15, 16, 18, 11, 2]",883.0,"[0, 1, 19, 3, 4, 5, 6, 7, 8, 9, 17, 10, 12, 13, 14, 15, 16, 18, 11, 2]",883.0,2.8610055446624756
"[0, 1, 19, 3, 4, 5, 6, 7, 8, 9, 17, 10, 12, 13, 14, 15, 16, 18, 11, 2]",883.0,"[0, 1, 19, 3, 4, 5, 6, 7, 8, 9, 17, 10, 12, 13, 14, 15, 16, 18, 11, 2]",883.0,2.9220051765441895
"[0, 1, 19, 3, 4, 5, 6, 7, 8, 9, 17, 10, 12, 13, 14, 15, 16, 18, 11, 2]",883.0,"[0, 1, 19, 3, 4, 5, 6, 7, 8, 9, 17, 10, 12, 13, 14, 15, 16, 18, 11, 2]",883.0,2.9860033988952637
"[0, 1, 19, 3, 4, 5, 6, 7, 8, 9, 17, 10, 12, 13, 14, 15, 16, 18, 11, 2]",883.0,"[0, 1, 19, 3, 4, 5, 6, 7, 8, 9, 17, 10, 12, 13, 14, 15, 16, 18, 11, 2]",883.0,3.0460078716278076
"[0, 1, 19, 3, 4, 5, 6, 7, 8, 9, 17, 10, 12, 13, 14, 15, 16, 18, 11, 2]",883.0,"[0, 1, 19, 3, 4, 5, 6, 7, 8, 9, 17, 10, 12, 13, 14, 15, 16, 18, 11, 2]",883.0,3.107006549835205
"[0, 1, 19, 3, 4, 5, 6, 7, 8, 9, 17, 10, 12, 13, 14, 15, 16, 18, 11, 2]",883.0,"[0, 1, 19, 3, 4, 5, 6, 7, 8, 9, 17, 10, 12, 13, 14, 15, 16, 18, 11, 2]",883.0,3.1690406799316406
"[0, 1, 19, 3, 4, 5, 6, 7, 8, 9, 17, 10, 12, 13, 14, 15, 16, 18, 11, 2]",883.0,"[0, 1, 19, 3, 4, 5, 6, 7, 8, 9, 17, 10, 12, 13, 14, 15, 16, 18, 11, 2]",883.0,3.231006383895874
"[0, 1, 19, 3, 4, 5, 6, 7, 8, 9, 17, 10, 12, 13, 14, 15, 16, 18, 11, 2]",883.0,"[0, 1, 19, 3, 4, 5, 6, 7, 8, 9, 17, 10, 12, 13, 14, 15, 16, 18, 11, 2]",883.0,3.293003559112549
"[0, 1, 19, 3, 4, 5, 6, 7, 8, 9, 17, 10, 12, 13, 11, 15, 16, 18, 14, 2]",882.5,"[0, 1, 19, 3, 4, 5, 6, 7, 8, 9, 17, 10, 12, 13, 11, 15, 16, 18, 14, 2]",882.5,3.3550076484680176
"[0, 1, 19, 3, 4, 5, 6, 7, 8, 9, 17, 10, 12, 13, 11, 15, 16, 18, 14, 2]",882.5,"[0, 1, 19, 3, 4, 5, 6, 7, 8, 9, 17, 10, 12, 13, 11, 15, 16, 18, 14, 2]",882.5,3.4170048236846924
"[0, 1, 19, 3, 4, 5, 6, 7, 8, 9, 17, 10, 12, 13, 11, 15, 16, 18, 14, 2]",882.5,"[0, 1, 19, 3, 4, 5, 6, 7, 8, 9, 17, 10, 12, 13, 11, 15, 16, 18, 14, 2]",882.5,3.47800350189209
"[0, 1, 19, 3, 4, 5, 6, 7, 8, 9, 17, 10, 12, 13, 11, 15, 16, 18, 14, 2]",882.5,"[0, 1, 19, 3, 4, 5, 6, 7, 8, 9, 17, 10, 12, 13, 11, 15, 16, 18, 14, 2]",882.5,3.541006565093994
"[0, 1, 19, 3, 4, 5, 6, 7, 8, 9, 17, 10, 12, 13, 11, 15, 16, 18, 14, 2]",882.5,"[0, 1, 19, 3, 4, 5, 6, 7, 8, 9, 17, 10, 12, 13, 11, 15, 16, 18, 14, 2]",882.5,3.6030049324035645
"[0, 1, 19, 3, 4, 5, 6, 7, 8, 9, 17, 10, 12, 13, 11, 15, 16, 18, 14, 2]",882.5,"[0, 1, 19, 3, 4, 5, 6, 7, 8, 9, 17, 10, 12, 13, 11, 15, 16, 18, 14, 2]",882.5,3.6650092601776123
"[0, 1, 19, 3, 4, 5, 6, 7, 8, 9, 17, 10, 12, 13, 11, 15, 16, 18, 14, 2]",882.5,"[0, 1, 19, 3, 4, 5, 6, 7, 8, 9, 17, 10, 12, 13, 11, 15, 16, 18, 14, 2]",882.5,3.729006052017212
"[0, 1, 19, 3, 4, 5, 6, 7, 8, 11, 17, 10, 12, 13, 9, 15, 16, 18, 14, 2]",869.5,"[0, 1, 19, 3, 4, 5, 6, 7, 8, 11, 17, 10, 12, 13, 9, 15, 16, 18, 14, 2]",869.5,3.79400372505188
"[0, 1, 19, 3, 4, 5, 6, 7, 8, 11, 17, 10, 12, 13, 9, 15, 16, 18, 14, 2]",869.5,"[0, 1, 19, 3, 4, 5, 6, 7, 8, 11, 17, 10, 12, 13, 9, 15, 16, 18, 14, 2]",869.5,3.8560047149658203
"[0, 1, 19, 3, 4, 5, 6, 7, 8, 11, 17, 10, 12, 13, 9, 15, 16, 18, 14, 2]",869.5,"[0, 1, 19, 3, 4, 5, 6, 7, 8, 11, 17, 10, 12, 13, 9, 15, 16, 18, 14, 2]",869.5,3.920008659362793
"[0, 1, 19, 3, 4, 5, 6, 7, 8, 11, 17, 10, 12, 13, 9, 15, 16, 18, 14, 2]",869.5,"[0, 1, 19, 3, 4, 5, 6, 7, 8, 11, 17, 10, 12, 13, 9, 15, 16, 18, 14, 2]",869.5,3.980006217956543
"[0, 1, 19, 3, 4, 5, 6, 7, 8, 11, 17, 10, 12, 13, 9, 15, 16, 18, 14, 2]",869.5,"[0, 1, 19, 3, 4, 5, 6, 7, 8, 11, 17, 10, 12, 13, 9, 15, 16, 18, 14, 2]",869.5,4.042019844055176
"[0, 1, 19, 3, 4, 5, 6, 7, 8, 11, 17, 10, 12, 13, 9, 15, 16, 18, 14, 2]",869.5,"[0, 1, 19, 3, 4, 5, 6, 7, 8, 11, 17, 10, 12, 13, 9, 15, 16, 18, 14, 2]",869.5,4.116724967956543
"[0, 1, 19, 3, 4, 5, 6, 7, 8, 11, 17, 10, 12, 13, 9, 15, 16, 18, 14, 2]",869.5,"[0, 1, 19, 3, 4, 5, 6, 7, 8, 11, 17, 10, 12, 13, 9, 15, 16, 18, 14, 2]",869.5,4.186725854873657
"[0, 1, 19, 3, 4, 5, 6, 7, 8, 11, 17, 10, 12, 13, 9, 15, 16, 18, 14, 2]",869.5,"[0, 1, 19, 3, 4, 5, 6, 7, 8, 11, 17, 10, 12, 13, 9, 15, 16, 18, 14, 2]",869.5,4.256825923919678
"[0, 1, 19, 3, 4, 5, 6, 7, 8, 11, 17, 10, 12, 13, 9, 15, 16, 18, 14, 2]",869.5,"[0, 1, 19, 3, 4, 5, 6, 7, 8, 11, 17, 10, 12, 13, 9, 15, 16, 18, 14, 2]",869.5,4.320829153060913
"[0, 1, 19, 3, 4, 5, 6, 7, 8, 11, 17, 10, 12, 13, 9, 15, 16, 18, 14, 2]",869.5,"[0, 1, 19, 3, 4, 5, 6, 7, 8, 11, 17, 10, 12, 13, 9, 15, 16, 18, 14, 2]",869.5,4.395519495010376
"[0, 1, 19, 3, 4, 5, 6, 7, 8, 11, 17, 10, 12, 13, 9, 15, 16, 18, 14, 2]",869.5,"[0, 1, 19, 3, 4, 5, 6, 7, 8, 11, 17, 10, 12, 13, 9, 15, 16, 18, 14, 2]",869.5,4.467520713806152
"[0, 1, 19, 3, 4, 5, 6, 7, 8, 11, 17, 10, 12, 13, 9, 15, 16, 18, 14, 2]",869.5,"[0, 1, 19, 3, 4, 5, 6, 7, 8, 11, 17, 10, 12, 13, 9, 15, 16, 18, 14, 2]",869.5,4.539519786834717
"[0, 1, 19, 3, 4, 5, 6, 7, 8, 11, 17, 10, 12, 13, 9, 15, 16, 18, 14, 2]",869.5,"[0, 1, 19, 3, 4, 5, 6, 7, 8, 11, 17, 10, 12, 13, 9, 15, 16, 18, 14, 2]",869.5,4.603523254394531
"[0, 1, 5, 3, 4, 19, 6, 7, 8, 11, 17, 10, 12, 13, 9, 15, 16, 18, 14, 2]",866.5,"[0, 1, 5, 3, 4, 19, 6, 7, 8, 11, 17, 10, 12, 13, 9, 15, 16, 18, 14, 2]",866.5,4.666521072387695
"[0, 1, 5, 3, 4, 19, 6, 7, 8, 11, 17, 10, 12, 13, 9, 15, 16, 18, 14, 2]",866.5,"[0, 1, 5, 3, 4, 19, 6, 7, 8, 11, 17, 10, 12, 13, 9, 15, 16, 18, 14, 2]",866.5,4.7275238037109375
"[0, 1, 5, 3, 4, 19, 6, 7, 8, 11, 17, 10, 12, 13, 9, 15, 16, 18, 14, 2]",866.5,"[0, 1, 5, 3, 4, 19, 6, 7, 8, 11, 17, 10, 12, 13, 9, 15, 16, 18, 14, 2]",866.5,4.790522336959839
"[0, 1, 5, 3, 4, 19, 6, 7, 8, 11, 17, 10, 12, 13, 9, 15, 16, 18, 14, 2]",866.5,"[0, 1, 5, 3, 4, 19, 6, 7, 8, 11, 17, 10, 12, 13, 9, 15, 16, 18, 14, 2]",866.5,4.853522539138794
"[0, 1, 5, 3, 4, 19, 6, 7, 8, 11, 17, 10, 12, 13, 9, 15, 16, 18, 14, 2]",866.5,"[0, 1, 5, 3, 4, 19, 6, 7, 8, 11, 17, 10, 12, 13, 9, 15, 16, 18, 14, 2]",866.5,4.9205217361450195
"[0, 1, 5, 3, 4, 19, 6, 7, 8, 11, 17, 10, 12, 13, 9, 15, 16, 18, 14, 2]",866.5,"[0, 1, 5, 3, 4, 19, 6, 7, 8, 11, 17, 10, 12, 13, 9, 15, 16, 18, 14, 2]",866.5,4.989518404006958
"[0, 1, 5, 3, 4, 19, 6, 7, 8, 11, 17, 10, 12, 13, 9, 15, 16, 18, 14, 2]",866.5,"[0, 1, 5, 3, 4, 19, 6, 7, 8, 11, 17, 10, 12, 13, 9, 15, 16, 18, 14, 2]",866.5,5.059520483016968
"[0, 1, 5, 3, 4, 19, 6, 7, 8, 11, 17, 10, 12, 13, 9, 15, 16, 18, 14, 2]",866.5,"[0, 1, 5, 3, 4, 19, 6, 7, 8, 11, 17, 10, 12, 13, 9, 15, 16, 18, 14, 2]",866.5,5.129523277282715
"[0, 1, 5, 3, 4, 19, 6, 7, 8, 11, 17, 10, 12, 13, 9, 15, 16, 18, 14, 2]",866.5,"[0, 1, 5, 3, 4, 19, 6, 7, 8, 11, 17, 10, 12, 13, 9, 15, 16, 18, 14, 2]",866.5,5.193526029586792
"[0, 1, 5, 3, 4, 19, 6, 7, 8, 11, 17, 10, 12, 13, 9, 15, 16, 18, 14, 2]",866.5,"[0, 1, 5, 3, 4, 19, 6, 7, 8, 11, 17, 10, 12, 13, 9, 15, 16, 18, 14, 2]",866.5,5.252521514892578
"[0, 1, 5, 3, 4, 19, 6, 7, 8, 11, 17, 10, 12, 13, 9, 15, 16, 18, 14, 2]",866.5,"[0, 1, 5, 3, 4, 19, 6, 7, 8, 11, 17, 10, 12, 13, 9, 15, 16, 18, 14, 2]",866.5,5.314527750015259
"[0, 1, 5, 3, 4, 19, 6, 7, 8, 11, 17, 10, 12, 13, 9, 15, 16, 18, 14, 2]",866.5,"[0, 1, 5, 3, 4, 19, 6, 7, 8, 11, 17, 10, 12, 13, 9, 15, 16, 18, 14, 2]",866.5,5.3785200119018555
"[0, 1, 5, 3, 4, 19, 6, 7, 8, 11, 17, 10, 12, 13, 9, 15, 16, 18, 14, 2]",866.5,"[0, 1, 5, 3, 4, 19, 6, 7, 8, 11, 17, 10, 12, 13, 9, 15, 16, 18, 14, 2]",866.5,5.444521427154541
"[0, 1, 5, 3, 4, 19, 6, 7, 8, 11, 17, 10, 12, 13, 9, 15, 16, 18, 14, 2]",866.5,"[0, 1, 5, 3, 4, 19, 6, 7, 8, 11, 17, 10, 12, 13, 9, 15, 16, 18, 14, 2]",866.5,5.508523941040039
"[0, 1, 5, 3, 4, 19, 6, 7, 8, 11, 17, 10, 12, 13, 9, 15, 16, 18, 14, 2]",866.5,"[0, 1, 5, 3, 4, 19, 6, 7, 8, 11, 17, 10, 12, 13, 9, 15, 16, 18, 14, 2]",866.5,5.571523904800415
"[0, 1, 5, 3, 4, 19, 6, 7, 8, 11, 17, 10, 12, 13, 9, 15, 16, 18, 14, 2]",866.5,"[0, 1, 5, 3, 4, 19, 6, 7, 8, 11, 17, 10, 12, 13, 9, 15, 16, 18, 14, 2]",866.5,5.634524345397949
"[0, 1, 5, 3, 4, 14, 6, 7, 8, 11, 17, 10, 12, 13, 9, 15, 16, 18, 19, 2]",863.0,"[0, 1, 5, 3, 4, 14, 6, 7, 8, 11, 17, 10, 12, 13, 9, 15, 16, 18, 19, 2]",863.0,5.696521997451782
"[0, 1, 5, 3, 4, 14, 6, 7, 8, 11, 17, 10, 12, 13, 9, 15, 16, 18, 19, 2]",863.0,"[0, 1, 5, 3, 4, 14, 6, 7, 8, 11, 17, 10, 12, 13, 9, 15, 16, 18, 19, 2]",863.0,5.7605273723602295
"[0, 1, 5, 3, 4, 14, 6, 7, 8, 11, 17, 10, 12, 13, 9, 15, 16, 18, 19, 2]",863.0,"[0, 1, 5, 3, 4, 14, 6, 7, 8, 11, 17, 10, 12, 13, 9, 15, 16, 18, 19, 2]",863.0,5.824526309967041
"[0, 1, 5, 3, 4, 14, 6, 7, 8, 11, 17, 10, 12, 13, 9, 15, 16, 18, 19, 2]",863.0,"[0, 1, 5, 3, 4, 14, 6, 7, 8, 11, 17, 10, 12, 13, 9, 15, 16, 18, 19, 2]",863.0,5.8875250816345215
"[0, 1, 5, 3, 4, 14, 6, 7, 8, 11, 17, 10, 12, 13, 9, 15, 16, 18, 19, 2]",863.0,"[0, 1, 5, 3, 4, 14, 6, 7, 8, 11, 17, 10, 12, 13, 9, 15, 16, 18, 19, 2]",863.0,5.952522277832031
"[0, 1, 5, 3, 4, 14, 6, 7, 8, 11, 17, 10, 12, 13, 9, 15, 16, 18, 19, 2]",863.0,"[0, 1, 5, 3, 4, 14, 6, 7, 8, 11, 17, 10, 12, 13, 9, 15, 16, 18, 19, 2]",863.0,6.013526916503906
"[0, 1, 5, 3, 4, 14, 6, 7, 8, 11, 17, 10, 12, 13, 9, 15, 16, 18, 19, 2]",863.0,"[0, 1, 5, 3, 4, 14, 6, 7, 8, 11, 17, 10, 12, 13, 9, 15, 16, 18, 19, 2]",863.0,6.076539754867554
"[0, 1, 5, 3, 4, 14, 6, 7, 8, 11, 17, 10, 12, 13, 9, 15, 16, 18, 19, 2]",863.0,"[0, 1, 5, 3, 4, 14, 6, 7, 8, 11, 17, 10, 12, 13, 9, 15, 16, 18, 19, 2]",863.0,6.139526128768921
"[0, 1, 5, 3, 4, 14, 6, 7, 8, 11, 17, 10, 12, 13, 9, 15, 16, 18, 19, 2]",863.0,"[0, 1, 5, 3, 4, 14, 6, 7, 8, 11, 17, 10, 12, 13, 9, 15, 16, 18, 19, 2]",863.0,6.201526165008545
"[0, 1, 5, 3, 4, 14, 6, 7, 8, 11, 17, 10, 12, 13, 9, 15, 16, 18, 19, 2]",863.0,"[0, 1, 5, 3, 4, 14, 6, 7, 8, 11, 17, 10, 12, 13, 9, 15, 16, 18, 19, 2]",863.0,6.263601303100586
"[0, 1, 5, 3, 4, 14, 6, 7, 8, 11, 17, 10, 12, 13, 9, 15, 16, 18, 19, 2]",863.0,"[0, 1, 5, 3, 4, 14, 6, 7, 8, 11, 17, 10, 12, 13, 9, 15, 16, 18, 19, 2]",863.0,6.326539754867554
"[0, 1, 5, 3, 4, 14, 6, 7, 8, 11, 17, 10, 12, 13, 9, 15, 16, 18, 19, 2]",863.0,"[0, 1, 5, 3, 4, 14, 6, 7, 8, 11, 17, 10, 12, 13, 9, 15, 16, 18, 19, 2]",863.0,6.388528108596802
"[0, 1, 5, 3, 4, 14, 6, 7, 8, 11, 17, 10, 12, 13, 9, 15, 16, 18, 19, 2]",863.0,"[0, 1, 5, 3, 4, 14, 6, 7, 8, 11, 17, 10, 12, 13, 9, 15, 16, 18, 19, 2]",863.0,6.450524091720581
"[0, 1, 5, 3, 4, 14, 16, 7, 8, 11, 17, 10, 12, 13, 9, 15, 6, 18, 19, 2]",850.5,"[0, 1, 5, 3, 4, 14, 16, 7, 8, 11, 17, 10, 12, 13, 9, 15, 6, 18, 19, 2]",850.5,6.511525630950928
"[0, 1, 5, 3, 4, 14, 16, 7, 8, 11, 17, 10, 12, 13, 9, 15, 6, 18, 19, 2]",850.5,"[0, 1, 5, 3, 4, 14, 16, 7, 8, 11, 17, 10, 12, 13, 9, 15, 6, 18, 19, 2]",850.5,6.578524827957153
"[0, 1, 5, 3, 4, 14, 16, 7, 8, 11, 17, 10, 12, 13, 9, 15, 6, 18, 19, 2]",850.5,"[0, 1, 5, 3, 4, 14, 16, 7, 8, 11, 17, 10, 12, 13, 9, 15, 6, 18, 19, 2]",850.5,6.667525768280029
"[0, 1, 5, 3, 4, 14, 16, 7, 8, 11, 17, 10, 12, 13, 9, 15, 6, 18, 19, 2]",850.5,"[0, 1, 5, 3, 4, 14, 16, 7, 8, 11, 17, 10, 12, 13, 9, 15, 6, 18, 19, 2]",850.5,6.728527069091797
"[0, 1, 5, 3, 4, 14, 16, 7, 8, 11, 17, 10, 12, 13, 9, 15, 6, 18, 19, 2]",850.5,"[0, 1, 5, 3, 4, 14, 16, 7, 8, 11, 17, 10, 12, 13, 9, 15, 6, 18, 19, 2]",850.5,6.7885284423828125
"[0, 1, 5, 3, 4, 14, 16, 7, 8, 11, 17, 10, 12, 13, 9, 15, 6, 18, 19, 2]",850.5,"[0, 1, 5, 3, 4, 14, 16, 7, 8, 11, 17, 10, 12, 13, 9, 15, 6, 18, 19, 2]",850.5,6.847526550292969
"[0, 1, 5, 3, 4, 14, 16, 7, 8, 11, 17, 10, 12, 13, 9, 15, 6, 18, 19, 2]",850.5,"[0, 1, 5, 3, 4, 14, 16, 7, 8, 11, 17, 10, 12, 13, 9, 15, 6, 18, 19, 2]",850.5,6.908526420593262
"[0, 1, 5, 3, 4, 14, 16, 7, 8, 11, 17, 10, 12, 13, 9, 15, 6, 18, 19, 2]",850.5,"[0, 1, 5, 3, 4, 14, 16, 7, 8, 11, 17, 10, 12, 13, 9, 15, 6, 18, 19, 2]",850.5,6.970526218414307
"[0, 1, 5, 3, 4, 14, 16, 7, 8, 11, 17, 10, 12, 13, 9, 15, 6, 18, 19, 2]",850.5,"[0, 1, 5, 3, 4, 14, 16, 7, 8, 11, 17, 10, 12, 13, 9, 15, 6, 18, 19, 2]",850.5,7.03152871131897
"[0, 1, 5, 3, 4, 14, 16, 7, 8, 11, 17, 10, 12, 13, 9, 15, 6, 18, 19, 2]",850.5,"[0, 1, 5, 3, 4, 14, 16, 7, 8, 11, 17, 10, 12, 13, 9, 15, 6, 18, 19, 2]",850.5,7.093526601791382
"[0, 1, 5, 3, 4, 14, 16, 7, 8, 11, 17, 10, 12, 13, 9, 15, 6, 18, 19, 2]",850.5,"[0, 1, 5, 3, 4, 14, 16, 7, 8, 11, 17, 10, 12, 13, 9, 15, 6, 18, 19, 2]",850.5,7.155524969100952
"[0, 1, 5, 3, 4, 14, 16, 7, 8, 11, 17, 10, 12, 13, 9, 15, 6, 18, 19, 2]",850.5,"[0, 1, 5, 3, 4, 14, 16, 7, 8, 11, 17, 10, 12, 13, 9, 15, 6, 18, 19, 2]",850.5,7.217522382736206
"[0, 1, 5, 3, 4, 14, 16, 7, 8, 11, 17, 10, 12, 13, 9, 15, 6, 18, 19, 2]",850.5,"[0, 1, 5, 3, 4, 14, 16, 7, 8, 11, 17, 10, 12, 13, 9, 15, 6, 18, 19, 2]",850.5,7.280537366867065
"[0, 1, 5, 3, 4, 14, 16, 7, 8, 11, 17, 10, 12, 13, 9, 15, 6, 18, 19, 2]",850.5,"[0, 1, 5, 3, 4, 14, 16, 7, 8, 11, 17, 10, 12, 13, 9, 15, 6, 18, 19, 2]",850.5,7.341525554656982
"[0, 1, 5, 3, 4, 14, 16, 7, 8, 11, 17, 10, 12, 13, 9, 15, 6, 18, 19, 2]",850.5,"[0, 1, 5, 3, 4, 14, 16, 7, 8, 11, 17, 10, 12, 13, 9, 15, 6, 18, 19, 2]",850.5,7.402528285980225
"[0, 1, 5, 3, 4, 14, 16, 7, 8, 11, 17, 10, 12, 13, 9, 15, 6, 18, 19, 2]",850.5,"[0, 1, 5, 3, 4, 14, 16, 7, 8, 11, 17, 10, 12, 13, 9, 15, 6, 18, 19, 2]",850.5,7.466542482376099
"[0, 1, 5, 3, 4, 14, 16, 7, 8, 11, 17, 10, 12, 13, 9, 15, 6, 18, 19, 2]",850.5,"[0, 1, 5, 3, 4, 14, 16, 7, 8, 11, 17, 10, 12, 13, 9, 15, 6, 18, 19, 2]",850.5,7.527533769607544
"[0, 1, 5, 3, 4, 14, 16, 7, 8, 11, 17, 10, 12, 13, 9, 15, 6, 18, 19, 2]",850.5,"[0, 1, 5, 3, 4, 14, 16, 7, 8, 11, 17, 10, 12, 13, 9, 15, 6, 18, 19, 2]",850.5,7.588637113571167
"[0, 1, 5, 3, 4, 14, 16, 7, 8, 11, 17, 10, 12, 13, 9, 15, 6, 18, 19, 2]",850.5,"[0, 1, 5, 3, 4, 14, 16, 7, 8, 11, 17, 10, 12, 13, 9, 15, 6, 18, 19, 2]",850.5,7.649524688720703
"[0, 1, 5, 3, 4, 14, 16, 7, 8, 11, 17, 10, 12, 13, 9, 15, 6, 18, 19, 2]",850.5,"[0, 1, 5, 3, 4, 14, 16, 7, 8, 11, 17, 10, 12, 13, 9, 15, 6, 18, 19, 2]",850.5,7.711551666259766
"[0, 1, 5, 3, 4, 14, 16, 7, 8, 11, 17, 10, 12, 13, 9, 15, 6, 18, 19, 2]",850.5,"[0, 1, 5, 3, 4, 14, 16, 7, 8, 11, 17, 10, 12, 13, 9, 15, 6, 18, 19, 2]",850.5,7.772531509399414
"[0, 1, 5, 3, 4, 14, 16, 7, 8, 11, 17, 10, 12, 13, 9, 15, 6, 18, 19, 2]",850.5,"[0, 1, 5, 3, 4, 14, 16, 7, 8, 11, 17, 10, 12, 13, 9, 15, 6, 18, 19, 2]",850.5,7.831526041030884
"[0, 1, 5, 3, 4, 14, 16, 7, 8, 11, 17, 10, 12, 13, 9, 15, 6, 18, 19, 2]",850.5,"[0, 1, 5, 3, 4, 14, 16, 7, 8, 11, 17, 10, 12, 13, 9, 15, 6, 18, 19, 2]",850.5,7.89652681350708
"[0, 1, 5, 3, 4, 14, 16, 7, 8, 11, 17, 10, 12, 13, 9, 15, 6, 18, 19, 2]",850.5,"[0, 1, 5, 3, 4, 14, 16, 7, 8, 11, 17, 10, 12, 13, 9, 15, 6, 18, 19, 2]",850.5,7.957533836364746
"[0, 1, 5, 3, 4, 14, 16, 7, 8, 11, 17, 10, 12, 13, 9, 15, 6, 18, 19, 2]",850.5,"[0, 1, 5, 3, 4, 14, 16, 7, 8, 11, 17, 10, 12, 13, 9, 15, 6, 18, 19, 2]",850.5,8.019530296325684
"[0, 1, 5, 3, 4, 14, 16, 7, 8, 11, 17, 10, 12, 13, 9, 15, 6, 18, 19, 2]",850.5,"[0, 1, 5, 3, 4, 14, 16, 7, 8, 11, 17, 10, 12, 13, 9, 15, 6, 18, 19, 2]",850.5,8.082529306411743
"[0, 1, 5, 3, 4, 14, 16, 7, 8, 11, 17, 10, 12, 13, 9, 15, 6, 18, 19, 2]",850.5,"[0, 1, 5, 3, 4, 14, 16, 7, 8, 11, 17, 10, 12, 13, 9, 15, 6, 18, 19, 2]",850.5,8.14353060722351
"[0, 1, 5, 3, 4, 14, 16, 7, 8, 11, 17, 10, 12, 13, 9, 15, 6, 18, 19, 2]",850.5,"[0, 1, 5, 3, 4, 14, 16, 7, 8, 11, 17, 10, 12, 13, 9, 15, 6, 18, 19, 2]",850.5,8.205846786499023
"[0, 1, 5, 3, 4, 14, 16, 7, 8, 11, 17, 10, 12, 13, 9, 15, 6, 18, 19, 2]",850.5,"[0, 1, 5, 3, 4, 14, 16, 7, 8, 11, 17, 10, 12, 13, 9, 15, 6, 18, 19, 2]",850.5,8.266533136367798
"[0, 1, 5, 3, 4, 14, 16, 7, 8, 11, 17, 10, 12, 13, 9, 15, 6, 18, 19, 2]",850.5,"[0, 1, 5, 3, 4, 14, 16, 7, 8, 11, 17, 10, 12, 13, 9, 15, 6, 18, 19, 2]",850.5,8.327530145645142
"[0, 1, 5, 3, 4, 14, 16, 7, 8, 11, 17, 10, 12, 13, 9, 15, 6, 18, 19, 2]",850.5,"[0, 1, 5, 3, 4, 14, 16, 7, 8, 11, 17, 10, 12, 13, 9, 15, 6, 18, 19, 2]",850.5,8.388531923294067
"[0, 1, 5, 3, 4, 14, 16, 7, 8, 11, 17, 10, 12, 13, 9, 15, 6, 18, 19, 2]",850.5,"[0, 1, 5, 3, 4, 14, 16, 7, 8, 11, 17, 10, 12, 13, 9, 15, 6, 18, 19, 2]",850.5,8.450522661209106
"[0, 1, 5, 3, 4, 14, 16, 7, 8, 11, 17, 10, 12, 13, 9, 15, 6, 18, 19, 2]",850.5,"[0, 1, 5, 3, 4, 14, 16, 7, 8, 11, 17, 10, 12, 13, 9, 15, 6, 18, 19, 2]",850.5,8.515540361404419
"[0, 1, 5, 3, 4, 14, 16, 7, 8, 11, 17, 10, 12, 13, 9, 15, 6, 18, 19, 2]",850.5,"[0, 1, 5, 3, 4, 14, 16, 7, 8, 11, 17, 10, 12, 13, 9, 15, 6, 18, 19, 2]",850.5,8.578526020050049
"[0, 1, 5, 3, 4, 14, 16, 7, 8, 11, 17, 10, 12, 13, 9, 15, 6, 18, 19, 2]",850.5,"[0, 1, 5, 3, 4, 14, 16, 7, 8, 11, 17, 10, 12, 13, 9, 15, 6, 18, 19, 2]",850.5,8.64153265953064
"[0, 1, 5, 3, 4, 14, 16, 7, 8, 11, 17, 10, 12, 13, 9, 15, 6, 18, 19, 2]",850.5,"[0, 1, 5, 3, 4, 14, 16, 7, 8, 11, 17, 10, 12, 13, 9, 15, 6, 18, 19, 2]",850.5,8.701580286026001
"[0, 1, 5, 3, 4, 14, 16, 7, 8, 11, 17, 10, 12, 13, 9, 15, 6, 18, 19, 2]",850.5,"[0, 1, 5, 3, 4, 14, 16, 7, 8, 11, 17, 10, 12, 13, 9, 15, 6, 18, 19, 2]",850.5,8.762526512145996
"[0, 1, 5, 3, 4, 14, 16, 7, 8, 11, 17, 10, 12, 13, 9, 15, 6, 18, 19, 2]",850.5,"[0, 1, 5, 3, 4, 14, 16, 7, 8, 11, 17, 10, 12, 13, 9, 15, 6, 18, 19, 2]",850.5,8.824528694152832
"[0, 1, 5, 3, 4, 14, 16, 7, 8, 11, 17, 10, 12, 13, 9, 15, 6, 18, 19, 2]",850.5,"[0, 1, 5, 3, 4, 14, 16, 7, 8, 11, 17, 10, 12, 13, 9, 15, 6, 18, 19, 2]",850.5,8.887526273727417
"[0, 1, 5, 3, 4, 14, 16, 7, 8, 11, 17, 10, 12, 13, 9, 15, 6, 18, 19, 2]",850.5,"[0, 1, 5, 3, 4, 14, 16, 7, 8, 11, 17, 10, 12, 13, 9, 15, 6, 18, 19, 2]",850.5,8.948530435562134
"[0, 1, 5, 3, 4, 14, 16, 7, 8, 11, 17, 10, 12, 13, 9, 15, 6, 18, 19, 2]",850.5,"[0, 1, 5, 3, 4, 14, 16, 7, 8, 11, 17, 10, 12, 13, 9, 15, 6, 18, 19, 2]",850.5,9.009531259536743
"[0, 1, 5, 3, 4, 14, 16, 7, 8, 11, 17, 10, 12, 13, 9, 15, 6, 18, 19, 2]",850.5,"[0, 1, 5, 3, 4, 14, 16, 7, 8, 11, 17, 10, 12, 13, 9, 15, 6, 18, 19, 2]",850.5,9.069526433944702
"[0, 1, 5, 3, 4, 14, 16, 7, 8, 11, 17, 10, 12, 13, 9, 15, 6, 18, 19, 2]",850.5,"[0, 1, 5, 3, 4, 14, 16, 7, 8, 11, 17, 10, 12, 13, 9, 15, 6, 18, 19, 2]",850.5,9.129537343978882
"[0, 1, 5, 3, 4, 14, 16, 7, 8, 11, 17, 10, 12, 13, 9, 15, 6, 18, 19, 2]",850.5,"[0, 1, 5, 3, 4, 14, 16, 7, 8, 11, 17, 10, 12, 13, 9, 15, 6, 18, 19, 2]",850.5,9.191529273986816
"[0, 1, 5, 3, 4, 14, 16, 7, 8, 11, 17, 10, 12, 13, 9, 15, 6, 18, 19, 2]",850.5,"[0, 1, 5, 3, 4, 14, 16, 7, 8, 11, 17, 10, 12, 13, 9, 15, 6, 18, 19, 2]",850.5,9.25252914428711
"[0, 1, 5, 3, 4, 14, 16, 7, 8, 11, 17, 10, 12, 13, 9, 15, 6, 18, 19, 2]",850.5,"[0, 1, 5, 3, 4, 14, 16, 7, 8, 11, 17, 10, 12, 13, 9, 15, 6, 18, 19, 2]",850.5,9.317527055740356
"[0, 1, 5, 3, 4, 14, 16, 7, 8, 11, 17, 10, 12, 13, 9, 15, 6, 18, 19, 2]",850.5,"[0, 1, 5, 3, 4, 14, 16, 7, 8, 11, 17, 10, 12, 13, 9, 15, 6, 18, 19, 2]",850.5,9.379527568817139
"[0, 1, 5, 3, 4, 14, 16, 7, 8, 11, 17, 10, 12, 13, 9, 15, 6, 18, 19, 2]",850.5,"[0, 1, 5, 3, 4, 14, 16, 7, 8, 11, 17, 10, 12, 13, 9, 15, 6, 18, 19, 2]",850.5,9.444731712341309
"[0, 1, 5, 3, 4, 14, 16, 7, 8, 11, 17, 10, 12, 13, 9, 15, 6, 18, 19, 2]",850.5,"[0, 1, 5, 3, 4, 14, 16, 7, 8, 11, 17, 10, 12, 13, 9, 15, 6, 18, 19, 2]",850.5,9.509530305862427
"[0, 1, 5, 3, 4, 14, 16, 7, 8, 11, 17, 10, 12, 13, 9, 15, 6, 18, 19, 2]",850.5,"[0, 1, 5, 3, 4, 14, 16, 7, 8, 11, 17, 10, 12, 13, 9, 15, 6, 18, 19, 2]",850.5,9.574531555175781
"[0, 1, 5, 3, 4, 14, 16, 7, 8, 11, 17, 10, 12, 13, 9, 15, 6, 18, 19, 2]",850.5,"[0, 1, 5, 3, 4, 14, 16, 7, 8, 11, 17, 10, 12, 13, 9, 15, 6, 18, 19, 2]",850.5,9.634528636932373
"[0, 1, 5, 3, 4, 14, 16, 7, 8, 11, 17, 10, 12, 13, 9, 15, 6, 18, 19, 2]",850.5,"[0, 1, 5, 3, 4, 14, 16, 7, 8, 11, 17, 10, 12, 13, 9, 15, 6, 18, 19, 2]",850.5,9.702531814575195
"[0, 1, 5, 3, 4, 14, 16, 7, 8, 11, 17, 10, 12, 13, 9, 15, 6, 18, 19, 2]",850.5,"[0, 1, 5, 3, 4, 14, 16, 7, 8, 11, 17, 10, 12, 13, 9, 15, 6, 18, 19, 2]",850.5,9.772531986236572
"[0, 1, 5, 3, 4, 14, 16, 7, 8, 11, 17, 10, 12, 13, 9, 15, 6, 18, 19, 2]",850.5,"[0, 1, 5, 3, 4, 14, 16, 7, 8, 11, 17, 10, 12, 13, 9, 15, 6, 18, 19, 2]",850.5,9.839530229568481
"[0, 1, 5, 3, 4, 14, 16, 7, 8, 11, 17, 10, 12, 13, 9, 15, 6, 18, 19, 2]",850.5,"[0, 1, 5, 3, 4, 14, 16, 7, 8, 11, 17, 10, 12, 13, 9, 15, 6, 18, 19, 2]",850.5,9.905531644821167
"[0, 1, 5, 3, 4, 14, 16, 7, 8, 11, 17, 10, 12, 13, 9, 15, 6, 18, 19, 2]",850.5,"[0, 1, 5, 3, 4, 14, 16, 7, 8, 11, 17, 10, 12, 13, 9, 15, 6, 18, 19, 2]",850.5,9.968530178070068
"[0, 1, 5, 3, 4, 14, 16, 7, 8, 11, 17, 10, 12, 13, 9, 15, 6, 18, 19, 2]",850.5,"[0, 1, 5, 3, 4, 14, 16, 7, 8, 11, 17, 10, 12, 13, 9, 15, 6, 18, 19, 2]",850.5,10.030530452728271
"[0, 1, 5, 3, 4, 14, 16, 7, 8, 11, 17, 10, 12, 13, 9, 15, 6, 18, 19, 2]",850.5,"[0, 1, 5, 3, 4, 14, 16, 7, 8, 11, 17, 10, 12, 13, 9, 15, 6, 18, 19, 2]",850.5,10.097533464431763
"[0, 1, 5, 3, 4, 14, 16, 7, 8, 11, 17, 10, 12, 13, 9, 15, 6, 18, 19, 2]",850.5,"[0, 1, 5, 3, 4, 14, 16, 7, 8, 11, 17, 10, 12, 13, 9, 15, 6, 18, 19, 2]",850.5,10.160529136657715
"[0, 1, 5, 3, 4, 14, 16, 7, 8, 11, 17, 10, 12, 13, 9, 15, 6, 18, 19, 2]",850.5,"[0, 1, 5, 3, 4, 14, 16, 7, 8, 11, 17, 10, 12, 13, 9, 15, 6, 18, 19, 2]",850.5,10.223531723022461
"[0, 1, 5, 3, 4, 14, 16, 7, 8, 11, 17, 10, 12, 13, 9, 15, 6, 18, 19, 2]",850.5,"[0, 1, 5, 3, 4, 14, 16, 7, 8, 11, 17, 10, 12, 13, 9, 15, 6, 18, 19, 2]",850.5,10.287529706954956
"[0, 1, 5, 3, 4, 14, 16, 7, 8, 11, 17, 10, 12, 13, 9, 15, 6, 18, 19, 2]",850.5,"[0, 1, 5, 3, 4, 14, 16, 7, 8, 11, 17, 10, 12, 13, 9, 15, 6, 18, 19, 2]",850.5,10.355530977249146
"[0, 1, 5, 3, 4, 14, 16, 7, 8, 11, 17, 10, 12, 13, 9, 15, 6, 18, 19, 2]",850.5,"[0, 1, 5, 3, 4, 14, 16, 7, 8, 11, 17, 10, 12, 13, 9, 15, 6, 18, 19, 2]",850.5,10.41753363609314
"[0, 1, 5, 3, 4, 14, 16, 7, 8, 11, 17, 10, 12, 13, 9, 15, 6, 18, 19, 2]",850.5,"[0, 1, 5, 3, 4, 14, 16, 7, 8, 11, 17, 10, 12, 13, 9, 15, 6, 18, 19, 2]",850.5,10.47853422164917
"[0, 1, 5, 3, 4, 14, 16, 7, 8, 11, 17, 10, 12, 13, 9, 15, 6, 18, 19, 2]",850.5,"[0, 1, 5, 3, 4, 14, 16, 7, 8, 11, 17, 10, 12, 13, 9, 15, 6, 18, 19, 2]",850.5,10.540529012680054
"[0, 1, 5, 3, 4, 14, 16, 7, 8, 11, 17, 10, 12, 13, 9, 15, 6, 18, 19, 2]",850.5,"[0, 1, 5, 3, 4, 14, 16, 7, 8, 11, 17, 10, 12, 13, 9, 15, 6, 18, 19, 2]",850.5,10.601532697677612
"[0, 1, 5, 3, 4, 14, 16, 7, 8, 11, 17, 10, 12, 13, 9, 15, 6, 18, 19, 2]",850.5,"[0, 1, 5, 3, 4, 14, 16, 7, 8, 11, 17, 10, 12, 13, 9, 15, 6, 18, 19, 2]",850.5,10.662529468536377
"[0, 1, 5, 3, 4, 14, 16, 7, 8, 11, 17, 10, 12, 13, 9, 15, 6, 18, 19, 2]",850.5,"[0, 1, 5, 3, 4, 14, 16, 7, 8, 11, 17, 10, 12, 13, 9, 15, 6, 18, 19, 2]",850.5,10.72353720664978
"[0, 1, 5, 3, 4, 14, 16, 7, 8, 11, 17, 10, 12, 13, 9, 15, 6, 18, 19, 2]",850.5,"[0, 1, 5, 3, 4, 14, 16, 7, 8, 11, 17, 10, 12, 13, 9, 15, 6, 18, 19, 2]",850.5,10.787537813186646
"[0, 1, 5, 3, 4, 14, 16, 7, 8, 11, 17, 10, 12, 13, 9, 15, 6, 18, 19, 2]",850.5,"[0, 1, 5, 3, 4, 14, 16, 7, 8, 11, 17, 10, 12, 13, 9, 15, 6, 18, 19, 2]",850.5,10.84953236579895
"[0, 1, 5, 3, 4, 14, 16, 7, 8, 11, 17, 10, 12, 13, 9, 15, 6, 18, 19, 2]",850.5,"[0, 1, 5, 3, 4, 14, 16, 7, 8, 11, 17, 10, 12, 13, 9, 15, 6, 18, 19, 2]",850.5,10.911540031433105
"[0, 1, 5, 3, 4, 14, 16, 7, 8, 11, 17, 10, 12, 13, 9, 15, 6, 18, 19, 2]",850.5,"[0, 1, 5, 3, 4, 14, 16, 7, 8, 11, 17, 10, 12, 13, 9, 15, 6, 18, 19, 2]",850.5,10.976531505584717
"[0, 1, 5, 3, 4, 14, 16, 7, 8, 11, 17, 10, 12, 13, 9, 15, 6, 18, 19, 2]",850.5,"[0, 1, 5, 3, 4, 14, 16, 7, 8, 11, 17, 10, 12, 13, 9, 15, 6, 18, 19, 2]",850.5,11.040532350540161
"[0, 1, 5, 3, 4, 14, 16, 7, 8, 11, 17, 10, 12, 13, 9, 15, 6, 18, 19, 2]",850.5,"[0, 1, 5, 3, 4, 14, 16, 7, 8, 11, 17, 10, 12, 13, 9, 15, 6, 18, 19, 2]",850.5,11.105533123016357
"[0, 1, 5, 3, 4, 14, 16, 7, 8, 11, 17, 10, 12, 13, 9, 15, 6, 18, 19, 2]",850.5,"[0, 1, 5, 3, 4, 14, 16, 7, 8, 11, 17, 10, 12, 13, 9, 15, 6, 18, 19, 2]",850.5,11.169531106948853
"[0, 1, 5, 3, 4, 14, 16, 7, 8, 11, 17, 10, 12, 13, 9, 15, 6, 18, 19, 2]",850.5,"[0, 1, 5, 3, 4, 14, 16, 7, 8, 11, 17, 10, 12, 13, 9, 15, 6, 18, 19, 2]",850.5,11.23353385925293
"[0, 1, 5, 3, 4, 14, 16, 7, 8, 11, 17, 10, 12, 13, 9, 15, 6, 18, 19, 2]",850.5,"[0, 1, 5, 3, 4, 14, 16, 7, 8, 11, 17, 10, 12, 13, 9, 15, 6, 18, 19, 2]",850.5,11.296533823013306
"[0, 1, 5, 3, 4, 14, 16, 7, 8, 11, 17, 10, 12, 13, 9, 15, 6, 18, 19, 2]",850.5,"[0, 1, 5, 3, 4, 14, 16, 7, 8, 11, 17, 10, 12, 13, 9, 15, 6, 18, 19, 2]",850.5,11.35753345489502
"[0, 1, 5, 3, 4, 14, 16, 7, 8, 11, 17, 10, 12, 13, 9, 15, 6, 18, 19, 2]",850.5,"[0, 1, 5, 3, 4, 14, 16, 7, 8, 11, 17, 10, 12, 13, 9, 15, 6, 18, 19, 2]",850.5,11.420531272888184
"[0, 1, 5, 3, 4, 14, 16, 7, 8, 11, 17, 10, 12, 13, 9, 15, 6, 18, 19, 2]",850.5,"[0, 1, 5, 3, 4, 14, 16, 7, 8, 11, 17, 10, 12, 13, 9, 15, 6, 18, 19, 2]",850.5,11.490082502365112
"[0, 1, 5, 3, 4, 14, 16, 7, 8, 11, 17, 10, 12, 13, 9, 15, 6, 18, 19, 2]",850.5,"[0, 1, 5, 3, 4, 14, 16, 7, 8, 11, 17, 10, 12, 13, 9, 15, 6, 18, 19, 2]",850.5,11.551087617874146
"[0, 1, 5, 3, 4, 14, 16, 7, 8, 11, 17, 10, 12, 13, 9, 15, 6, 18, 19, 2]",850.5,"[0, 1, 5, 3, 4, 14, 16, 7, 8, 11, 17, 10, 12, 13, 9, 15, 6, 18, 19, 2]",850.5,11.615618228912354
"[0, 1, 5, 3, 4, 14, 16, 7, 8, 11, 17, 10, 12, 13, 9, 15, 6, 18, 19, 2]",850.5,"[0, 1, 5, 3, 4, 14, 16, 7, 8, 11, 17, 10, 12, 13, 9, 15, 6, 18, 19, 2]",850.5,11.679612874984741
"[0, 1, 5, 3, 4, 14, 16, 7, 8, 11, 17, 10, 12, 13, 9, 15, 6, 18, 19, 2]",850.5,"[0, 1, 5, 3, 4, 14, 16, 7, 8, 11, 17, 10, 12, 13, 9, 15, 6, 18, 19, 2]",850.5,11.749616622924805
"[0, 1, 5, 3, 4, 14, 16, 7, 8, 11, 17, 10, 12, 13, 9, 15, 6, 18, 19, 2]",850.5,"[0, 1, 5, 3, 4, 14, 16, 7, 8, 11, 17, 10, 12, 13, 9, 15, 6, 18, 19, 2]",850.5,11.813619375228882
"[0, 1, 5, 3, 4, 14, 16, 7, 8, 11, 17, 10, 12, 13, 9, 15, 6, 18, 19, 2]",850.5,"[0, 1, 5, 3, 4, 14, 16, 7, 8, 11, 17, 10, 12, 13, 9, 15, 6, 18, 19, 2]",850.5,11.877617835998535
"[0, 1, 5, 3, 4, 14, 16, 7, 8, 11, 17, 10, 12, 13, 9, 15, 6, 18, 19, 2]",850.5,"[0, 1, 5, 3, 4, 14, 16, 7, 8, 11, 17, 10, 12, 13, 9, 15, 6, 18, 19, 2]",850.5,11.940616846084595
"[0, 1, 5, 3, 4, 14, 16, 7, 8, 11, 17, 10, 12, 13, 9, 15, 6, 18, 19, 2]",850.5,"[0, 1, 5, 3, 4, 14, 16, 7, 8, 11, 17, 10, 12, 13, 9, 15, 6, 18, 19, 2]",850.5,12.001646280288696
"[0, 1, 5, 3, 4, 14, 16, 7, 8, 11, 17, 10, 12, 13, 9, 15, 6, 18, 19, 2]",850.5,"[0, 1, 5, 3, 4, 14, 16, 7, 8, 11, 17, 10, 12, 13, 9, 15, 6, 18, 19, 2]",850.5,12.062617540359497
"[0, 1, 5, 3, 4, 14, 16, 7, 8, 11, 17, 10, 12, 13, 9, 15, 6, 18, 19, 2]",850.5,"[0, 1, 5, 3, 4, 14, 16, 7, 8, 11, 17, 10, 12, 13, 9, 15, 6, 18, 19, 2]",850.5,12.12364149093628
"[0, 1, 5, 3, 4, 14, 16, 7, 8, 11, 17, 10, 12, 13, 9, 15, 6, 18, 19, 2]",850.5,"[0, 1, 5, 3, 4, 14, 16, 7, 8, 11, 17, 10, 12, 13, 9, 15, 6, 18, 19, 2]",850.5,12.186648845672607
"[0, 1, 5, 3, 4, 14, 16, 7, 8, 11, 17, 10, 12, 13, 9, 15, 6, 18, 19, 2]",850.5,"[0, 1, 5, 3, 4, 14, 16, 7, 8, 11, 17, 10, 12, 13, 9, 15, 6, 18, 19, 2]",850.5,12.275638341903687
"[0, 1, 5, 3, 4, 14, 16, 7, 8, 11, 17, 10, 12, 13, 9, 15, 6, 18, 19, 2]",850.5,"[0, 1, 5, 3, 4, 14, 16, 7, 8, 11, 17, 10, 12, 13, 9, 15, 6, 18, 19, 2]",850.5,12.338640689849854
"[0, 1, 5, 3, 4, 14, 16, 7, 8, 11, 17, 10, 12, 13, 9, 15, 6, 18, 19, 2]",850.5,"[0, 1, 5, 3, 4, 14, 16, 7, 8, 11, 17, 10, 12, 13, 9, 15, 6, 18, 19, 2]",850.5,12.40264105796814
"[0, 1, 5, 3, 4, 14, 16, 7, 8, 11, 17, 10, 12, 13, 9, 15, 6, 18, 19, 2]",850.5,"[0, 1, 5, 3, 4, 14, 16, 7, 8, 11, 17, 10, 12, 13, 9, 15, 6, 18, 19, 2]",850.5,12.466636419296265
"[0, 1, 5, 3, 4, 14, 16, 7, 8, 11, 17, 10, 12, 13, 9, 15, 6, 18, 19, 2]",850.5,"[0, 1, 5, 3, 4, 14, 16, 7, 8, 11, 17, 10, 12, 13, 9, 15, 6, 18, 19, 2]",850.5,12.529642820358276
"[0, 1, 5, 3, 4, 14, 16, 7, 8, 11, 17, 10, 12, 13, 9, 15, 6, 18, 19, 2]",850.5,"[0, 1, 5, 3, 4, 14, 16, 7, 8, 11, 17, 10, 12, 13, 9, 15, 6, 18, 19, 2]",850.5,12.59463906288147
"[0, 1, 5, 3, 4, 14, 16, 7, 8, 11, 17, 10, 12, 13, 9, 15, 6, 18, 19, 2]",850.5,"[0, 1, 5, 3, 4, 14, 16, 7, 8, 11, 17, 10, 12, 13, 9, 15, 6, 18, 19, 2]",850.5,12.66164517402649
"[0, 1, 5, 3, 13, 14, 16, 7, 8, 11, 17, 10, 12, 4, 9, 15, 6, 18, 19, 2]",843.0,"[0, 1, 5, 3, 13, 14, 16, 7, 8, 11, 17, 10, 12, 4, 9, 15, 6, 18, 19, 2]",843.0,12.725639820098877
