Sequence,Fitness,Best_sequence,Best_fitness,Time
"[2, 31, 3, 21, 27, 29, 22, 39, 19, 26, 32, 17, 30, 36, 33, 28, 4, 14, 10, 35, 23, 24, 34, 20, 18, 25, 6, 13, 7, 38, 1, 16, 0, 15, 5, 11, 9, 8, 12, 37]",4059.0,"[2, 31, 3, 21, 27, 29, 22, 39, 19, 26, 32, 17, 30, 36, 33, 28, 4, 14, 10, 35, 23, 24, 34, 20, 18, 25, 6, 13, 7, 38, 1, 16, 0, 15, 5, 11, 9, 8, 12, 37]",4059.0,0.0
"[2, 31, 3, 21, 27, 29, 22, 39, 19, 26, 32, 17, 30, 36, 33, 28, 4, 14, 10, 35, 23, 24, 34, 20, 18, 25, 6, 13, 7, 38, 1, 16, 0, 15, 5, 11, 9, 8, 12, 37]",4059.0,"[2, 31, 3, 21, 27, 29, 22, 39, 19, 26, 32, 17, 30, 36, 33, 28, 4, 14, 10, 35, 23, 24, 34, 20, 18, 25, 6, 13, 7, 38, 1, 16, 0, 15, 5, 11, 9, 8, 12, 37]",4059.0,0.1659984588623047
"[2, 31, 3, 21, 27, 29, 22, 39, 19, 26, 32, 17, 30, 36, 33, 28, 4, 14, 10, 35, 23, 24, 34, 20, 18, 25, 6, 13, 7, 38, 1, 16, 0, 15, 5, 11, 9, 8, 12, 37]",4059.0,"[2, 31, 3, 21, 27, 29, 22, 39, 19, 26, 32, 17, 30, 36, 33, 28, 4, 14, 10, 35, 23, 24, 34, 20, 18, 25, 6, 13, 7, 38, 1, 16, 0, 15, 5, 11, 9, 8, 12, 37]",4059.0,0.33699750900268555
"[2, 31, 3, 21, 27, 29, 22, 39, 19, 26, 32, 17, 30, 36, 33, 28, 4, 14, 10, 35, 23, 24, 34, 20, 18, 25, 6, 13, 7, 38, 1, 16, 0, 15, 5, 11, 9, 8, 12, 37]",4059.0,"[2, 31, 3, 21, 27, 29, 22, 39, 19, 26, 32, 17, 30, 36, 33, 28, 4, 14, 10, 35, 23, 24, 34, 20, 18, 25, 6, 13, 7, 38, 1, 16, 0, 15, 5, 11, 9, 8, 12, 37]",4059.0,0.5119965076446533
"[2, 31, 3, 21, 27, 29, 22, 1, 19, 26, 32, 17, 30, 36, 33, 28, 4, 14, 10, 35, 23, 24, 34, 20, 18, 25, 6, 13, 7, 38, 39, 16, 0, 15, 5, 11, 9, 8, 12, 37]",3850.5,"[2, 31, 3, 21, 27, 29, 22, 1, 19, 26, 32, 17, 30, 36, 33, 28, 4, 14, 10, 35, 23, 24, 34, 20, 18, 25, 6, 13, 7, 38, 39, 16, 0, 15, 5, 11, 9, 8, 12, 37]",3850.5,0.674994707107544
"[2, 31, 3, 21, 27, 29, 22, 1, 19, 26, 32, 17, 30, 36, 33, 28, 4, 14, 10, 35, 23, 24, 34, 20, 18, 25, 6, 13, 7, 38, 39, 16, 0, 15, 5, 11, 9, 8, 12, 37]",3850.5,"[2, 31, 3, 21, 27, 29, 22, 1, 19, 26, 32, 17, 30, 36, 33, 28, 4, 14, 10, 35, 23, 24, 34, 20, 18, 25, 6, 13, 7, 38, 39, 16, 0, 15, 5, 11, 9, 8, 12, 37]",3850.5,0.8430004119873047
"[2, 31, 3, 21, 27, 29, 22, 1, 19, 26, 32, 17, 30, 36, 33, 28, 4, 14, 10, 35, 23, 24, 34, 20, 18, 25, 6, 13, 7, 38, 39, 16, 0, 15, 5, 11, 9, 8, 12, 37]",3850.5,"[2, 31, 3, 21, 27, 29, 22, 1, 19, 26, 32, 17, 30, 36, 33, 28, 4, 14, 10, 35, 23, 24, 34, 20, 18, 25, 6, 13, 7, 38, 39, 16, 0, 15, 5, 11, 9, 8, 12, 37]",3850.5,1.0070044994354248
"[2, 31, 3, 21, 18, 29, 22, 1, 19, 26, 32, 17, 30, 36, 33, 28, 4, 14, 10, 35, 23, 24, 34, 20, 27, 25, 6, 13, 7, 38, 39, 16, 0, 15, 5, 11, 9, 8, 12, 37]",3721.0,"[2, 31, 3, 21, 18, 29, 22, 1, 19, 26, 32, 17, 30, 36, 33, 28, 4, 14, 10, 35, 23, 24, 34, 20, 27, 25, 6, 13, 7, 38, 39, 16, 0, 15, 5, 11, 9, 8, 12, 37]",3721.0,1.166057825088501
"[2, 31, 3, 21, 18, 29, 22, 1, 19, 26, 32, 17, 6, 36, 33, 28, 4, 14, 10, 35, 23, 24, 34, 20, 27, 25, 30, 13, 7, 38, 39, 16, 0, 15, 5, 11, 9, 8, 12, 37]",3482.0,"[2, 31, 3, 21, 18, 29, 22, 1, 19, 26, 32, 17, 6, 36, 33, 28, 4, 14, 10, 35, 23, 24, 34, 20, 27, 25, 30, 13, 7, 38, 39, 16, 0, 15, 5, 11, 9, 8, 12, 37]",3482.0,1.3498520851135254
"[2, 31, 3, 21, 18, 29, 22, 1, 19, 26, 32, 17, 6, 36, 33, 28, 4, 14, 10, 35, 23, 24, 34, 20, 27, 25, 30, 13, 7, 38, 39, 16, 0, 15, 5, 11, 9, 8, 12, 37]",3482.0,"[2, 31, 3, 21, 18, 29, 22, 1, 19, 26, 32, 17, 6, 36, 33, 28, 4, 14, 10, 35, 23, 24, 34, 20, 27, 25, 30, 13, 7, 38, 39, 16, 0, 15, 5, 11, 9, 8, 12, 37]",3482.0,1.5468533039093018
"[2, 31, 3, 21, 18, 29, 22, 1, 19, 26, 32, 17, 6, 36, 33, 28, 4, 14, 10, 35, 23, 24, 34, 20, 27, 25, 30, 13, 7, 38, 39, 16, 0, 15, 5, 11, 9, 8, 12, 37]",3482.0,"[2, 31, 3, 21, 18, 29, 22, 1, 19, 26, 32, 17, 6, 36, 33, 28, 4, 14, 10, 35, 23, 24, 34, 20, 27, 25, 30, 13, 7, 38, 39, 16, 0, 15, 5, 11, 9, 8, 12, 37]",3482.0,1.7098593711853027
"[2, 31, 3, 21, 18, 29, 22, 1, 19, 26, 32, 17, 6, 36, 33, 28, 4, 14, 10, 35, 23, 24, 34, 20, 27, 25, 30, 13, 7, 38, 39, 16, 0, 15, 5, 11, 9, 8, 12, 37]",3482.0,"[2, 31, 3, 21, 18, 29, 22, 1, 19, 26, 32, 17, 6, 36, 33, 28, 4, 14, 10, 35, 23, 24, 34, 20, 27, 25, 30, 13, 7, 38, 39, 16, 0, 15, 5, 11, 9, 8, 12, 37]",3482.0,1.8729679584503174
"[2, 31, 3, 21, 18, 29, 22, 1, 19, 26, 32, 17, 6, 36, 33, 28, 4, 14, 10, 35, 23, 24, 34, 5, 27, 25, 30, 13, 7, 38, 39, 16, 0, 15, 20, 11, 9, 8, 12, 37]",3298.0,"[2, 31, 3, 21, 18, 29, 22, 1, 19, 26, 32, 17, 6, 36, 33, 28, 4, 14, 10, 35, 23, 24, 34, 5, 27, 25, 30, 13, 7, 38, 39, 16, 0, 15, 20, 11, 9, 8, 12, 37]",3298.0,2.0388669967651367
"[2, 31, 3, 21, 18, 29, 22, 1, 19, 26, 32, 17, 6, 36, 33, 28, 4, 14, 10, 35, 23, 24, 34, 5, 27, 25, 30, 13, 7, 38, 39, 16, 0, 15, 20, 11, 9, 8, 12, 37]",3298.0,"[2, 31, 3, 21, 18, 29, 22, 1, 19, 26, 32, 17, 6, 36, 33, 28, 4, 14, 10, 35, 23, 24, 34, 5, 27, 25, 30, 13, 7, 38, 39, 16, 0, 15, 20, 11, 9, 8, 12, 37]",3298.0,2.2018630504608154
"[2, 31, 3, 21, 18, 29, 22, 1, 19, 26, 32, 17, 6, 36, 33, 28, 4, 14, 10, 35, 23, 24, 34, 5, 27, 25, 30, 13, 7, 38, 39, 16, 0, 15, 20, 11, 9, 8, 12, 37]",3298.0,"[2, 31, 3, 21, 18, 29, 22, 1, 19, 26, 32, 17, 6, 36, 33, 28, 4, 14, 10, 35, 23, 24, 34, 5, 27, 25, 30, 13, 7, 38, 39, 16, 0, 15, 20, 11, 9, 8, 12, 37]",3298.0,2.363891124725342
"[2, 31, 3, 21, 18, 29, 22, 1, 19, 26, 32, 17, 6, 36, 33, 28, 4, 14, 10, 35, 23, 24, 34, 5, 27, 25, 30, 13, 7, 38, 39, 16, 0, 15, 20, 11, 9, 8, 12, 37]",3298.0,"[2, 31, 3, 21, 18, 29, 22, 1, 19, 26, 32, 17, 6, 36, 33, 28, 4, 14, 10, 35, 23, 24, 34, 5, 27, 25, 30, 13, 7, 38, 39, 16, 0, 15, 20, 11, 9, 8, 12, 37]",3298.0,2.5298938751220703
"[2, 31, 3, 21, 18, 29, 22, 1, 19, 26, 32, 17, 6, 36, 33, 28, 4, 14, 10, 35, 23, 24, 34, 5, 27, 25, 30, 13, 7, 38, 39, 16, 0, 15, 20, 11, 9, 8, 12, 37]",3298.0,"[2, 31, 3, 21, 18, 29, 22, 1, 19, 26, 32, 17, 6, 36, 33, 28, 4, 14, 10, 35, 23, 24, 34, 5, 27, 25, 30, 13, 7, 38, 39, 16, 0, 15, 20, 11, 9, 8, 12, 37]",3298.0,2.6909103393554688
"[2, 31, 3, 21, 18, 29, 22, 1, 19, 26, 32, 17, 6, 36, 33, 28, 4, 14, 10, 35, 23, 24, 34, 5, 27, 25, 30, 9, 7, 38, 39, 16, 0, 15, 20, 11, 13, 8, 12, 37]",3267.5,"[2, 31, 3, 21, 18, 29, 22, 1, 19, 26, 32, 17, 6, 36, 33, 28, 4, 14, 10, 35, 23, 24, 34, 5, 27, 25, 30, 9, 7, 38, 39, 16, 0, 15, 20, 11, 13, 8, 12, 37]",3267.5,2.8578999042510986
"[2, 31, 3, 21, 18, 29, 22, 1, 19, 26, 32, 17, 6, 36, 33, 28, 4, 14, 10, 8, 23, 24, 34, 5, 27, 25, 30, 9, 7, 38, 39, 16, 0, 15, 20, 11, 13, 35, 12, 37]",3167.0,"[2, 31, 3, 21, 18, 29, 22, 1, 19, 26, 32, 17, 6, 36, 33, 28, 4, 14, 10, 8, 23, 24, 34, 5, 27, 25, 30, 9, 7, 38, 39, 16, 0, 15, 20, 11, 13, 35, 12, 37]",3167.0,3.0269031524658203
"[2, 31, 3, 21, 18, 29, 22, 1, 19, 26, 32, 17, 6, 36, 33, 28, 4, 14, 10, 8, 23, 24, 34, 5, 27, 25, 30, 9, 7, 38, 39, 16, 0, 15, 20, 11, 13, 35, 12, 37]",3167.0,"[2, 31, 3, 21, 18, 29, 22, 1, 19, 26, 32, 17, 6, 36, 33, 28, 4, 14, 10, 8, 23, 24, 34, 5, 27, 25, 30, 9, 7, 38, 39, 16, 0, 15, 20, 11, 13, 35, 12, 37]",3167.0,3.2059054374694824
"[2, 31, 3, 21, 18, 29, 22, 1, 19, 26, 32, 17, 6, 36, 33, 28, 4, 14, 10, 8, 23, 24, 34, 5, 27, 25, 30, 9, 7, 38, 39, 16, 0, 15, 20, 11, 13, 35, 12, 37]",3167.0,"[2, 31, 3, 21, 18, 29, 22, 1, 19, 26, 32, 17, 6, 36, 33, 28, 4, 14, 10, 8, 23, 24, 34, 5, 27, 25, 30, 9, 7, 38, 39, 16, 0, 15, 20, 11, 13, 35, 12, 37]",3167.0,3.3719091415405273
"[2, 31, 3, 21, 18, 29, 22, 1, 19, 26, 5, 17, 6, 36, 33, 28, 4, 14, 10, 8, 23, 24, 34, 32, 27, 25, 30, 9, 7, 38, 39, 16, 0, 15, 20, 11, 13, 35, 12, 37]",3029.0,"[2, 31, 3, 21, 18, 29, 22, 1, 19, 26, 5, 17, 6, 36, 33, 28, 4, 14, 10, 8, 23, 24, 34, 32, 27, 25, 30, 9, 7, 38, 39, 16, 0, 15, 20, 11, 13, 35, 12, 37]",3029.0,3.530911922454834
"[2, 31, 3, 21, 18, 29, 22, 1, 19, 26, 5, 17, 6, 36, 33, 28, 4, 14, 10, 8, 23, 24, 34, 32, 27, 25, 30, 9, 7, 38, 39, 16, 0, 15, 20, 11, 13, 35, 12, 37]",3029.0,"[2, 31, 3, 21, 18, 29, 22, 1, 19, 26, 5, 17, 6, 36, 33, 28, 4, 14, 10, 8, 23, 24, 34, 32, 27, 25, 30, 9, 7, 38, 39, 16, 0, 15, 20, 11, 13, 35, 12, 37]",3029.0,3.6899118423461914
"[2, 31, 3, 21, 18, 29, 22, 1, 19, 26, 5, 17, 6, 36, 33, 28, 4, 14, 10, 8, 23, 24, 34, 32, 27, 25, 30, 9, 7, 38, 39, 16, 0, 15, 20, 11, 13, 35, 12, 37]",3029.0,"[2, 31, 3, 21, 18, 29, 22, 1, 19, 26, 5, 17, 6, 36, 33, 28, 4, 14, 10, 8, 23, 24, 34, 32, 27, 25, 30, 9, 7, 38, 39, 16, 0, 15, 20, 11, 13, 35, 12, 37]",3029.0,3.84991455078125
"[2, 31, 3, 21, 18, 29, 22, 1, 19, 26, 7, 17, 6, 36, 33, 28, 4, 14, 10, 8, 23, 24, 34, 32, 27, 25, 30, 9, 5, 38, 39, 16, 0, 15, 20, 11, 13, 35, 12, 37]",2995.5,"[2, 31, 3, 21, 18, 29, 22, 1, 19, 26, 7, 17, 6, 36, 33, 28, 4, 14, 10, 8, 23, 24, 34, 32, 27, 25, 30, 9, 5, 38, 39, 16, 0, 15, 20, 11, 13, 35, 12, 37]",2995.5,4.013912200927734
"[2, 31, 3, 21, 18, 29, 22, 1, 19, 26, 7, 17, 6, 36, 33, 28, 4, 14, 10, 8, 23, 24, 34, 32, 0, 25, 30, 9, 5, 38, 39, 16, 27, 15, 20, 11, 13, 35, 12, 37]",2931.5,"[2, 31, 3, 21, 18, 29, 22, 1, 19, 26, 7, 17, 6, 36, 33, 28, 4, 14, 10, 8, 23, 24, 34, 32, 0, 25, 30, 9, 5, 38, 39, 16, 27, 15, 20, 11, 13, 35, 12, 37]",2931.5,4.173917770385742
"[2, 31, 3, 21, 18, 29, 22, 1, 19, 26, 7, 17, 6, 36, 33, 28, 4, 14, 10, 8, 23, 24, 34, 32, 0, 25, 30, 9, 5, 38, 39, 16, 27, 15, 20, 11, 13, 35, 12, 37]",2931.5,"[2, 31, 3, 21, 18, 29, 22, 1, 19, 26, 7, 17, 6, 36, 33, 28, 4, 14, 10, 8, 23, 24, 34, 32, 0, 25, 30, 9, 5, 38, 39, 16, 27, 15, 20, 11, 13, 35, 12, 37]",2931.5,4.338953971862793
"[2, 31, 3, 21, 18, 29, 22, 1, 19, 26, 7, 17, 6, 36, 33, 28, 4, 14, 10, 8, 23, 24, 34, 32, 0, 25, 30, 9, 5, 38, 39, 16, 27, 15, 20, 11, 13, 35, 12, 37]",2931.5,"[2, 31, 3, 21, 18, 29, 22, 1, 19, 26, 7, 17, 6, 36, 33, 28, 4, 14, 10, 8, 23, 24, 34, 32, 0, 25, 30, 9, 5, 38, 39, 16, 27, 15, 20, 11, 13, 35, 12, 37]",2931.5,4.502919435501099
"[2, 31, 3, 21, 18, 29, 22, 1, 19, 26, 7, 17, 6, 36, 33, 28, 4, 14, 10, 8, 23, 24, 34, 32, 0, 25, 30, 9, 5, 38, 39, 16, 27, 15, 20, 11, 13, 35, 12, 37]",2931.5,"[2, 31, 3, 21, 18, 29, 22, 1, 19, 26, 7, 17, 6, 36, 33, 28, 4, 14, 10, 8, 23, 24, 34, 32, 0, 25, 30, 9, 5, 38, 39, 16, 27, 15, 20, 11, 13, 35, 12, 37]",2931.5,4.664925575256348
"[2, 31, 3, 21, 18, 29, 22, 1, 19, 26, 7, 17, 6, 36, 33, 28, 4, 14, 10, 8, 23, 24, 34, 32, 0, 25, 30, 9, 5, 38, 39, 16, 27, 15, 20, 11, 13, 35, 12, 37]",2931.5,"[2, 31, 3, 21, 18, 29, 22, 1, 19, 26, 7, 17, 6, 36, 33, 28, 4, 14, 10, 8, 23, 24, 34, 32, 0, 25, 30, 9, 5, 38, 39, 16, 27, 15, 20, 11, 13, 35, 12, 37]",2931.5,4.826925992965698
"[2, 31, 3, 21, 18, 29, 22, 1, 19, 26, 7, 17, 6, 36, 33, 28, 4, 14, 10, 8, 23, 24, 34, 32, 0, 25, 30, 9, 5, 38, 39, 16, 27, 15, 20, 11, 13, 35, 12, 37]",2931.5,"[2, 31, 3, 21, 18, 29, 22, 1, 19, 26, 7, 17, 6, 36, 33, 28, 4, 14, 10, 8, 23, 24, 34, 32, 0, 25, 30, 9, 5, 38, 39, 16, 27, 15, 20, 11, 13, 35, 12, 37]",2931.5,4.985927581787109
"[2, 31, 3, 21, 18, 29, 22, 1, 19, 26, 7, 17, 9, 36, 33, 28, 4, 14, 10, 8, 23, 24, 34, 32, 0, 25, 30, 6, 5, 38, 39, 16, 27, 15, 20, 11, 13, 35, 12, 37]",2897.0,"[2, 31, 3, 21, 18, 29, 22, 1, 19, 26, 7, 17, 9, 36, 33, 28, 4, 14, 10, 8, 23, 24, 34, 32, 0, 25, 30, 6, 5, 38, 39, 16, 27, 15, 20, 11, 13, 35, 12, 37]",2897.0,5.14293360710144
"[2, 31, 3, 21, 18, 29, 22, 1, 19, 26, 7, 17, 9, 36, 33, 28, 4, 14, 10, 8, 23, 24, 34, 32, 0, 25, 30, 6, 5, 38, 39, 16, 27, 15, 20, 11, 13, 35, 12, 37]",2897.0,"[2, 31, 3, 21, 18, 29, 22, 1, 19, 26, 7, 17, 9, 36, 33, 28, 4, 14, 10, 8, 23, 24, 34, 32, 0, 25, 30, 6, 5, 38, 39, 16, 27, 15, 20, 11, 13, 35, 12, 37]",2897.0,5.299934387207031
"[2, 31, 3, 21, 18, 29, 22, 1, 19, 26, 7, 17, 9, 36, 33, 28, 4, 14, 10, 8, 23, 24, 34, 32, 0, 25, 30, 6, 5, 38, 39, 16, 27, 15, 20, 11, 13, 35, 12, 37]",2897.0,"[2, 31, 3, 21, 18, 29, 22, 1, 19, 26, 7, 17, 9, 36, 33, 28, 4, 14, 10, 8, 23, 24, 34, 32, 0, 25, 30, 6, 5, 38, 39, 16, 27, 15, 20, 11, 13, 35, 12, 37]",2897.0,5.455956220626831
"[2, 31, 3, 21, 18, 29, 22, 1, 19, 26, 7, 17, 9, 36, 33, 28, 4, 14, 10, 8, 23, 24, 34, 32, 0, 25, 30, 6, 5, 38, 39, 16, 27, 15, 20, 11, 13, 35, 12, 37]",2897.0,"[2, 31, 3, 21, 18, 29, 22, 1, 19, 26, 7, 17, 9, 36, 33, 28, 4, 14, 10, 8, 23, 24, 34, 32, 0, 25, 30, 6, 5, 38, 39, 16, 27, 15, 20, 11, 13, 35, 12, 37]",2897.0,5.616933584213257
"[2, 31, 3, 21, 18, 29, 22, 1, 19, 26, 7, 17, 9, 36, 33, 28, 4, 14, 10, 8, 23, 24, 34, 32, 0, 25, 30, 6, 5, 38, 39, 16, 27, 15, 20, 11, 13, 35, 12, 37]",2897.0,"[2, 31, 3, 21, 18, 29, 22, 1, 19, 26, 7, 17, 9, 36, 33, 28, 4, 14, 10, 8, 23, 24, 34, 32, 0, 25, 30, 6, 5, 38, 39, 16, 27, 15, 20, 11, 13, 35, 12, 37]",2897.0,5.779934644699097
"[2, 31, 3, 21, 18, 29, 22, 1, 19, 26, 7, 17, 9, 36, 33, 28, 4, 14, 10, 8, 23, 24, 34, 32, 0, 25, 30, 6, 5, 38, 39, 16, 27, 15, 20, 11, 13, 35, 12, 37]",2897.0,"[2, 31, 3, 21, 18, 29, 22, 1, 19, 26, 7, 17, 9, 36, 33, 28, 4, 14, 10, 8, 23, 24, 34, 32, 0, 25, 30, 6, 5, 38, 39, 16, 27, 15, 20, 11, 13, 35, 12, 37]",2897.0,5.939946174621582
"[2, 31, 3, 21, 18, 29, 22, 1, 19, 26, 7, 17, 9, 36, 33, 28, 4, 14, 10, 8, 23, 24, 34, 32, 0, 25, 30, 6, 5, 38, 39, 16, 27, 15, 20, 11, 13, 35, 12, 37]",2897.0,"[2, 31, 3, 21, 18, 29, 22, 1, 19, 26, 7, 17, 9, 36, 33, 28, 4, 14, 10, 8, 23, 24, 34, 32, 0, 25, 30, 6, 5, 38, 39, 16, 27, 15, 20, 11, 13, 35, 12, 37]",2897.0,6.10094141960144
"[2, 31, 3, 21, 18, 29, 22, 1, 19, 26, 7, 17, 9, 36, 33, 28, 4, 14, 10, 8, 23, 24, 34, 32, 0, 25, 30, 6, 5, 38, 39, 16, 27, 15, 20, 11, 13, 35, 12, 37]",2897.0,"[2, 31, 3, 21, 18, 29, 22, 1, 19, 26, 7, 17, 9, 36, 33, 28, 4, 14, 10, 8, 23, 24, 34, 32, 0, 25, 30, 6, 5, 38, 39, 16, 27, 15, 20, 11, 13, 35, 12, 37]",2897.0,6.259944200515747
"[2, 31, 3, 21, 18, 29, 22, 1, 19, 26, 7, 17, 9, 27, 33, 28, 4, 14, 10, 8, 23, 24, 34, 32, 0, 25, 30, 6, 5, 38, 39, 16, 36, 15, 20, 11, 13, 35, 12, 37]",2853.0,"[2, 31, 3, 21, 18, 29, 22, 1, 19, 26, 7, 17, 9, 27, 33, 28, 4, 14, 10, 8, 23, 24, 34, 32, 0, 25, 30, 6, 5, 38, 39, 16, 36, 15, 20, 11, 13, 35, 12, 37]",2853.0,6.415947914123535
"[2, 31, 3, 21, 18, 29, 22, 1, 19, 26, 7, 17, 9, 27, 33, 28, 4, 14, 10, 8, 23, 24, 34, 32, 0, 25, 30, 6, 5, 38, 39, 16, 36, 15, 20, 11, 13, 35, 12, 37]",2853.0,"[2, 31, 3, 21, 18, 29, 22, 1, 19, 26, 7, 17, 9, 27, 33, 28, 4, 14, 10, 8, 23, 24, 34, 32, 0, 25, 30, 6, 5, 38, 39, 16, 36, 15, 20, 11, 13, 35, 12, 37]",2853.0,6.5709404945373535
"[2, 31, 3, 21, 18, 29, 22, 1, 19, 26, 7, 17, 9, 27, 33, 28, 4, 14, 10, 8, 23, 24, 34, 32, 0, 25, 30, 6, 5, 38, 39, 16, 36, 15, 20, 11, 13, 35, 12, 37]",2853.0,"[2, 31, 3, 21, 18, 29, 22, 1, 19, 26, 7, 17, 9, 27, 33, 28, 4, 14, 10, 8, 23, 24, 34, 32, 0, 25, 30, 6, 5, 38, 39, 16, 36, 15, 20, 11, 13, 35, 12, 37]",2853.0,6.7279462814331055
"[2, 31, 3, 21, 18, 29, 22, 1, 19, 26, 7, 17, 9, 27, 33, 28, 4, 14, 10, 8, 23, 24, 34, 32, 0, 25, 30, 6, 5, 38, 39, 16, 36, 15, 20, 11, 13, 35, 12, 37]",2853.0,"[2, 31, 3, 21, 18, 29, 22, 1, 19, 26, 7, 17, 9, 27, 33, 28, 4, 14, 10, 8, 23, 24, 34, 32, 0, 25, 30, 6, 5, 38, 39, 16, 36, 15, 20, 11, 13, 35, 12, 37]",2853.0,6.882952690124512
"[2, 31, 3, 21, 18, 29, 22, 1, 19, 26, 7, 17, 9, 27, 33, 28, 4, 14, 10, 8, 23, 24, 34, 32, 0, 25, 30, 6, 5, 38, 39, 16, 36, 15, 20, 11, 13, 35, 12, 37]",2853.0,"[2, 31, 3, 21, 18, 29, 22, 1, 19, 26, 7, 17, 9, 27, 33, 28, 4, 14, 10, 8, 23, 24, 34, 32, 0, 25, 30, 6, 5, 38, 39, 16, 36, 15, 20, 11, 13, 35, 12, 37]",2853.0,7.0439536571502686
"[2, 31, 3, 21, 18, 29, 22, 1, 19, 26, 7, 17, 9, 27, 33, 28, 4, 14, 10, 8, 23, 24, 34, 32, 0, 25, 30, 6, 5, 38, 39, 16, 36, 15, 20, 11, 13, 35, 12, 37]",2853.0,"[2, 31, 3, 21, 18, 29, 22, 1, 19, 26, 7, 17, 9, 27, 33, 28, 4, 14, 10, 8, 23, 24, 34, 32, 0, 25, 30, 6, 5, 38, 39, 16, 36, 15, 20, 11, 13, 35, 12, 37]",2853.0,7.216953992843628
"[2, 31, 3, 21, 18, 29, 22, 1, 19, 26, 7, 17, 9, 27, 33, 28, 4, 14, 10, 8, 23, 24, 34, 32, 0, 25, 30, 6, 5, 38, 39, 16, 36, 15, 20, 11, 13, 35, 12, 37]",2853.0,"[2, 31, 3, 21, 18, 29, 22, 1, 19, 26, 7, 17, 9, 27, 33, 28, 4, 14, 10, 8, 23, 24, 34, 32, 0, 25, 30, 6, 5, 38, 39, 16, 36, 15, 20, 11, 13, 35, 12, 37]",2853.0,7.375960111618042
"[2, 31, 3, 21, 18, 29, 22, 1, 19, 26, 7, 17, 9, 27, 33, 28, 4, 14, 10, 8, 23, 24, 34, 32, 0, 25, 30, 6, 5, 38, 39, 16, 36, 15, 20, 11, 13, 35, 12, 37]",2853.0,"[2, 31, 3, 21, 18, 29, 22, 1, 19, 26, 7, 17, 9, 27, 33, 28, 4, 14, 10, 8, 23, 24, 34, 32, 0, 25, 30, 6, 5, 38, 39, 16, 36, 15, 20, 11, 13, 35, 12, 37]",2853.0,7.533958673477173
"[2, 31, 3, 21, 18, 29, 22, 1, 19, 26, 7, 17, 9, 27, 33, 28, 4, 14, 10, 8, 23, 24, 34, 32, 0, 25, 30, 6, 5, 38, 39, 16, 36, 15, 20, 11, 13, 35, 12, 37]",2853.0,"[2, 31, 3, 21, 18, 29, 22, 1, 19, 26, 7, 17, 9, 27, 33, 28, 4, 14, 10, 8, 23, 24, 34, 32, 0, 25, 30, 6, 5, 38, 39, 16, 36, 15, 20, 11, 13, 35, 12, 37]",2853.0,7.688982248306274
"[2, 31, 3, 21, 18, 29, 22, 1, 19, 26, 7, 17, 9, 27, 33, 28, 4, 14, 10, 8, 23, 24, 34, 32, 0, 25, 30, 6, 5, 38, 39, 16, 36, 15, 20, 11, 13, 35, 12, 37]",2853.0,"[2, 31, 3, 21, 18, 29, 22, 1, 19, 26, 7, 17, 9, 27, 33, 28, 4, 14, 10, 8, 23, 24, 34, 32, 0, 25, 30, 6, 5, 38, 39, 16, 36, 15, 20, 11, 13, 35, 12, 37]",2853.0,7.84696364402771
"[2, 31, 3, 21, 18, 29, 22, 1, 19, 26, 7, 17, 9, 27, 33, 28, 4, 14, 10, 8, 23, 24, 34, 32, 0, 25, 30, 6, 5, 38, 39, 16, 36, 15, 20, 11, 13, 35, 12, 37]",2853.0,"[2, 31, 3, 21, 18, 29, 22, 1, 19, 26, 7, 17, 9, 27, 33, 28, 4, 14, 10, 8, 23, 24, 34, 32, 0, 25, 30, 6, 5, 38, 39, 16, 36, 15, 20, 11, 13, 35, 12, 37]",2853.0,8.027976274490356
"[2, 31, 3, 21, 18, 29, 22, 1, 19, 26, 7, 17, 9, 27, 33, 28, 4, 14, 10, 8, 23, 24, 34, 32, 0, 25, 30, 6, 5, 38, 39, 16, 36, 15, 20, 11, 13, 35, 12, 37]",2853.0,"[2, 31, 3, 21, 18, 29, 22, 1, 19, 26, 7, 17, 9, 27, 33, 28, 4, 14, 10, 8, 23, 24, 34, 32, 0, 25, 30, 6, 5, 38, 39, 16, 36, 15, 20, 11, 13, 35, 12, 37]",2853.0,8.184970378875732
"[2, 31, 3, 21, 18, 29, 22, 1, 19, 26, 7, 17, 9, 27, 33, 28, 4, 14, 10, 8, 23, 24, 34, 32, 0, 25, 30, 6, 5, 38, 39, 16, 36, 15, 20, 11, 13, 35, 12, 37]",2853.0,"[2, 31, 3, 21, 18, 29, 22, 1, 19, 26, 7, 17, 9, 27, 33, 28, 4, 14, 10, 8, 23, 24, 34, 32, 0, 25, 30, 6, 5, 38, 39, 16, 36, 15, 20, 11, 13, 35, 12, 37]",2853.0,8.343967914581299
"[2, 31, 3, 21, 18, 29, 22, 1, 19, 26, 7, 17, 9, 27, 33, 28, 4, 14, 10, 8, 23, 24, 34, 32, 0, 25, 30, 6, 5, 38, 39, 16, 36, 15, 20, 11, 13, 35, 12, 37]",2853.0,"[2, 31, 3, 21, 18, 29, 22, 1, 19, 26, 7, 17, 9, 27, 33, 28, 4, 14, 10, 8, 23, 24, 34, 32, 0, 25, 30, 6, 5, 38, 39, 16, 36, 15, 20, 11, 13, 35, 12, 37]",2853.0,8.502973556518555
"[2, 31, 3, 21, 18, 29, 22, 1, 19, 26, 7, 17, 9, 27, 33, 28, 4, 14, 10, 8, 23, 24, 34, 32, 0, 25, 30, 6, 5, 38, 39, 16, 36, 15, 20, 11, 13, 35, 12, 37]",2853.0,"[2, 31, 3, 21, 18, 29, 22, 1, 19, 26, 7, 17, 9, 27, 33, 28, 4, 14, 10, 8, 23, 24, 34, 32, 0, 25, 30, 6, 5, 38, 39, 16, 36, 15, 20, 11, 13, 35, 12, 37]",2853.0,8.658977270126343
"[2, 31, 3, 21, 18, 29, 22, 1, 19, 26, 7, 17, 9, 27, 33, 28, 4, 14, 10, 8, 23, 24, 34, 32, 0, 25, 30, 6, 5, 38, 39, 16, 36, 15, 20, 11, 13, 35, 12, 37]",2853.0,"[2, 31, 3, 21, 18, 29, 22, 1, 19, 26, 7, 17, 9, 27, 33, 28, 4, 14, 10, 8, 23, 24, 34, 32, 0, 25, 30, 6, 5, 38, 39, 16, 36, 15, 20, 11, 13, 35, 12, 37]",2853.0,8.820971727371216
"[2, 31, 3, 21, 18, 29, 22, 1, 19, 26, 7, 17, 9, 27, 33, 28, 4, 14, 10, 8, 23, 24, 34, 32, 0, 25, 30, 6, 5, 38, 39, 16, 36, 15, 20, 11, 13, 35, 12, 37]",2853.0,"[2, 31, 3, 21, 18, 29, 22, 1, 19, 26, 7, 17, 9, 27, 33, 28, 4, 14, 10, 8, 23, 24, 34, 32, 0, 25, 30, 6, 5, 38, 39, 16, 36, 15, 20, 11, 13, 35, 12, 37]",2853.0,8.990082025527954
"[2, 31, 3, 21, 18, 29, 22, 1, 19, 26, 7, 17, 9, 27, 33, 28, 4, 14, 10, 8, 23, 24, 34, 32, 0, 25, 30, 6, 5, 38, 39, 16, 36, 15, 20, 11, 13, 35, 12, 37]",2853.0,"[2, 31, 3, 21, 18, 29, 22, 1, 19, 26, 7, 17, 9, 27, 33, 28, 4, 14, 10, 8, 23, 24, 34, 32, 0, 25, 30, 6, 5, 38, 39, 16, 36, 15, 20, 11, 13, 35, 12, 37]",2853.0,9.162977457046509
"[2, 31, 3, 21, 18, 29, 22, 1, 19, 26, 7, 17, 9, 27, 33, 28, 4, 14, 10, 8, 15, 24, 34, 32, 0, 25, 30, 6, 5, 38, 39, 16, 36, 23, 20, 11, 13, 35, 12, 37]",2747.0,"[2, 31, 3, 21, 18, 29, 22, 1, 19, 26, 7, 17, 9, 27, 33, 28, 4, 14, 10, 8, 15, 24, 34, 32, 0, 25, 30, 6, 5, 38, 39, 16, 36, 23, 20, 11, 13, 35, 12, 37]",2747.0,9.321982383728027
"[2, 31, 3, 21, 18, 29, 22, 1, 19, 26, 7, 17, 9, 27, 33, 28, 4, 14, 10, 8, 15, 24, 34, 32, 0, 25, 30, 6, 5, 38, 39, 16, 36, 23, 20, 11, 13, 35, 12, 37]",2747.0,"[2, 31, 3, 21, 18, 29, 22, 1, 19, 26, 7, 17, 9, 27, 33, 28, 4, 14, 10, 8, 15, 24, 34, 32, 0, 25, 30, 6, 5, 38, 39, 16, 36, 23, 20, 11, 13, 35, 12, 37]",2747.0,9.493981838226318
"[2, 31, 3, 21, 18, 29, 22, 1, 19, 26, 7, 17, 9, 27, 33, 28, 4, 14, 10, 8, 15, 24, 34, 32, 0, 25, 30, 6, 5, 38, 39, 16, 36, 23, 20, 11, 13, 35, 12, 37]",2747.0,"[2, 31, 3, 21, 18, 29, 22, 1, 19, 26, 7, 17, 9, 27, 33, 28, 4, 14, 10, 8, 15, 24, 34, 32, 0, 25, 30, 6, 5, 38, 39, 16, 36, 23, 20, 11, 13, 35, 12, 37]",2747.0,9.652988910675049
"[2, 31, 3, 21, 18, 29, 22, 1, 19, 26, 7, 17, 9, 27, 33, 28, 4, 14, 10, 8, 15, 24, 34, 32, 0, 25, 30, 6, 5, 38, 39, 16, 36, 23, 20, 11, 13, 35, 12, 37]",2747.0,"[2, 31, 3, 21, 18, 29, 22, 1, 19, 26, 7, 17, 9, 27, 33, 28, 4, 14, 10, 8, 15, 24, 34, 32, 0, 25, 30, 6, 5, 38, 39, 16, 36, 23, 20, 11, 13, 35, 12, 37]",2747.0,9.809988498687744
"[2, 31, 3, 21, 18, 29, 22, 1, 19, 26, 7, 17, 9, 27, 33, 28, 4, 14, 10, 8, 15, 24, 34, 32, 0, 25, 30, 6, 5, 38, 39, 16, 36, 23, 20, 11, 13, 35, 12, 37]",2747.0,"[2, 31, 3, 21, 18, 29, 22, 1, 19, 26, 7, 17, 9, 27, 33, 28, 4, 14, 10, 8, 15, 24, 34, 32, 0, 25, 30, 6, 5, 38, 39, 16, 36, 23, 20, 11, 13, 35, 12, 37]",2747.0,9.965993404388428
"[2, 31, 3, 21, 18, 29, 22, 1, 19, 26, 7, 17, 9, 27, 33, 28, 4, 14, 10, 8, 15, 24, 34, 32, 0, 25, 30, 6, 5, 38, 39, 16, 36, 23, 20, 11, 13, 35, 12, 37]",2747.0,"[2, 31, 3, 21, 18, 29, 22, 1, 19, 26, 7, 17, 9, 27, 33, 28, 4, 14, 10, 8, 15, 24, 34, 32, 0, 25, 30, 6, 5, 38, 39, 16, 36, 23, 20, 11, 13, 35, 12, 37]",2747.0,10.119991302490234
"[2, 31, 3, 21, 18, 29, 15, 1, 19, 26, 7, 17, 9, 27, 33, 28, 4, 14, 10, 8, 22, 24, 34, 32, 0, 25, 30, 6, 5, 38, 39, 16, 36, 23, 20, 11, 13, 35, 12, 37]",2740.0,"[2, 31, 3, 21, 18, 29, 15, 1, 19, 26, 7, 17, 9, 27, 33, 28, 4, 14, 10, 8, 22, 24, 34, 32, 0, 25, 30, 6, 5, 38, 39, 16, 36, 23, 20, 11, 13, 35, 12, 37]",2740.0,10.275992155075073
"[2, 31, 3, 21, 18, 29, 15, 1, 19, 26, 7, 17, 9, 27, 33, 28, 4, 14, 10, 8, 22, 24, 34, 32, 0, 25, 30, 6, 5, 38, 39, 16, 36, 23, 20, 11, 13, 35, 12, 37]",2740.0,"[2, 31, 3, 21, 18, 29, 15, 1, 19, 26, 7, 17, 9, 27, 33, 28, 4, 14, 10, 8, 22, 24, 34, 32, 0, 25, 30, 6, 5, 38, 39, 16, 36, 23, 20, 11, 13, 35, 12, 37]",2740.0,10.438995122909546
"[2, 31, 3, 21, 18, 29, 15, 1, 19, 0, 7, 17, 9, 27, 33, 28, 4, 14, 10, 8, 22, 24, 34, 32, 26, 25, 30, 6, 5, 38, 39, 16, 36, 23, 20, 11, 13, 35, 12, 37]",2718.5,"[2, 31, 3, 21, 18, 29, 15, 1, 19, 0, 7, 17, 9, 27, 33, 28, 4, 14, 10, 8, 22, 24, 34, 32, 26, 25, 30, 6, 5, 38, 39, 16, 36, 23, 20, 11, 13, 35, 12, 37]",2718.5,10.60400104522705
"[2, 31, 3, 21, 18, 29, 15, 1, 19, 0, 7, 17, 9, 27, 33, 28, 4, 14, 10, 8, 22, 24, 34, 32, 26, 25, 30, 6, 5, 38, 39, 16, 36, 23, 20, 11, 13, 35, 12, 37]",2718.5,"[2, 31, 3, 21, 18, 29, 15, 1, 19, 0, 7, 17, 9, 27, 33, 28, 4, 14, 10, 8, 22, 24, 34, 32, 26, 25, 30, 6, 5, 38, 39, 16, 36, 23, 20, 11, 13, 35, 12, 37]",2718.5,10.762004852294922
"[2, 31, 3, 21, 18, 13, 15, 1, 19, 0, 7, 17, 9, 27, 33, 28, 4, 14, 10, 8, 22, 24, 34, 32, 26, 25, 30, 6, 5, 38, 39, 16, 36, 23, 20, 11, 29, 35, 12, 37]",2243.5,"[2, 31, 3, 21, 18, 13, 15, 1, 19, 0, 7, 17, 9, 27, 33, 28, 4, 14, 10, 8, 22, 24, 34, 32, 26, 25, 30, 6, 5, 38, 39, 16, 36, 23, 20, 11, 29, 35, 12, 37]",2243.5,10.921002388000488
"[2, 31, 3, 21, 18, 13, 15, 1, 19, 0, 7, 17, 9, 27, 33, 28, 4, 14, 10, 8, 22, 24, 34, 32, 26, 25, 30, 6, 5, 38, 39, 16, 36, 23, 20, 11, 29, 35, 12, 37]",2243.5,"[2, 31, 3, 21, 18, 13, 15, 1, 19, 0, 7, 17, 9, 27, 33, 28, 4, 14, 10, 8, 22, 24, 34, 32, 26, 25, 30, 6, 5, 38, 39, 16, 36, 23, 20, 11, 29, 35, 12, 37]",2243.5,11.088006734848022
"[2, 31, 3, 21, 18, 13, 15, 1, 19, 0, 7, 17, 9, 6, 33, 28, 4, 14, 10, 8, 22, 24, 34, 32, 26, 25, 30, 27, 5, 38, 39, 16, 36, 23, 20, 11, 29, 35, 12, 37]",2036.0,"[2, 31, 3, 21, 18, 13, 15, 1, 19, 0, 7, 17, 9, 6, 33, 28, 4, 14, 10, 8, 22, 24, 34, 32, 26, 25, 30, 27, 5, 38, 39, 16, 36, 23, 20, 11, 29, 35, 12, 37]",2036.0,11.249001741409302
"[2, 31, 3, 21, 18, 13, 15, 1, 19, 0, 7, 17, 9, 6, 33, 28, 4, 14, 10, 8, 22, 24, 34, 32, 26, 25, 30, 27, 5, 38, 39, 16, 36, 23, 20, 11, 29, 35, 12, 37]",2036.0,"[2, 31, 3, 21, 18, 13, 15, 1, 19, 0, 7, 17, 9, 6, 33, 28, 4, 14, 10, 8, 22, 24, 34, 32, 26, 25, 30, 27, 5, 38, 39, 16, 36, 23, 20, 11, 29, 35, 12, 37]",2036.0,11.40700650215149
"[2, 31, 3, 21, 18, 13, 15, 1, 19, 0, 7, 17, 9, 6, 33, 28, 4, 14, 10, 8, 22, 24, 34, 32, 26, 25, 30, 27, 5, 38, 39, 16, 36, 23, 20, 11, 29, 35, 12, 37]",2036.0,"[2, 31, 3, 21, 18, 13, 15, 1, 19, 0, 7, 17, 9, 6, 33, 28, 4, 14, 10, 8, 22, 24, 34, 32, 26, 25, 30, 27, 5, 38, 39, 16, 36, 23, 20, 11, 29, 35, 12, 37]",2036.0,11.563008069992065
"[2, 31, 3, 5, 18, 13, 15, 1, 19, 0, 7, 17, 9, 6, 33, 28, 4, 14, 10, 8, 22, 24, 34, 32, 26, 25, 30, 27, 21, 38, 39, 16, 36, 23, 20, 11, 29, 35, 12, 37]",2014.0,"[2, 31, 3, 5, 18, 13, 15, 1, 19, 0, 7, 17, 9, 6, 33, 28, 4, 14, 10, 8, 22, 24, 34, 32, 26, 25, 30, 27, 21, 38, 39, 16, 36, 23, 20, 11, 29, 35, 12, 37]",2014.0,11.715007543563843
"[2, 31, 3, 5, 18, 13, 15, 1, 19, 0, 7, 17, 9, 6, 33, 28, 4, 14, 10, 8, 22, 24, 34, 32, 26, 25, 30, 27, 21, 38, 39, 16, 36, 23, 20, 11, 29, 35, 12, 37]",2014.0,"[2, 31, 3, 5, 18, 13, 15, 1, 19, 0, 7, 17, 9, 6, 33, 28, 4, 14, 10, 8, 22, 24, 34, 32, 26, 25, 30, 27, 21, 38, 39, 16, 36, 23, 20, 11, 29, 35, 12, 37]",2014.0,11.877012968063354
"[2, 31, 3, 5, 18, 13, 15, 1, 19, 0, 7, 17, 9, 6, 33, 28, 4, 14, 10, 8, 22, 24, 34, 32, 26, 25, 30, 27, 21, 38, 39, 16, 36, 23, 20, 11, 29, 35, 12, 37]",2014.0,"[2, 31, 3, 5, 18, 13, 15, 1, 19, 0, 7, 17, 9, 6, 33, 28, 4, 14, 10, 8, 22, 24, 34, 32, 26, 25, 30, 27, 21, 38, 39, 16, 36, 23, 20, 11, 29, 35, 12, 37]",2014.0,12.037028789520264
"[2, 31, 3, 5, 18, 13, 15, 1, 19, 0, 7, 17, 9, 6, 33, 28, 4, 14, 10, 8, 22, 24, 34, 32, 26, 25, 30, 27, 21, 38, 39, 16, 36, 23, 20, 11, 29, 35, 12, 37]",2014.0,"[2, 31, 3, 5, 18, 13, 15, 1, 19, 0, 7, 17, 9, 6, 33, 28, 4, 14, 10, 8, 22, 24, 34, 32, 26, 25, 30, 27, 21, 38, 39, 16, 36, 23, 20, 11, 29, 35, 12, 37]",2014.0,12.199023723602295
"[2, 31, 3, 5, 18, 13, 15, 1, 19, 0, 7, 17, 9, 6, 33, 28, 4, 14, 10, 8, 22, 24, 34, 32, 26, 25, 30, 27, 21, 38, 39, 16, 36, 23, 20, 11, 29, 35, 12, 37]",2014.0,"[2, 31, 3, 5, 18, 13, 15, 1, 19, 0, 7, 17, 9, 6, 33, 28, 4, 14, 10, 8, 22, 24, 34, 32, 26, 25, 30, 27, 21, 38, 39, 16, 36, 23, 20, 11, 29, 35, 12, 37]",2014.0,12.355043172836304
"[2, 31, 3, 5, 18, 13, 15, 1, 19, 0, 7, 17, 9, 6, 33, 28, 4, 14, 10, 8, 22, 24, 34, 32, 26, 25, 30, 27, 21, 38, 39, 16, 36, 23, 20, 11, 29, 35, 12, 37]",2014.0,"[2, 31, 3, 5, 18, 13, 15, 1, 19, 0, 7, 17, 9, 6, 33, 28, 4, 14, 10, 8, 22, 24, 34, 32, 26, 25, 30, 27, 21, 38, 39, 16, 36, 23, 20, 11, 29, 35, 12, 37]",2014.0,12.513020753860474
"[2, 31, 3, 5, 18, 13, 15, 1, 19, 0, 7, 17, 9, 6, 33, 28, 4, 14, 10, 8, 22, 24, 34, 32, 26, 25, 30, 27, 21, 38, 39, 16, 36, 23, 20, 11, 29, 35, 12, 37]",2014.0,"[2, 31, 3, 5, 18, 13, 15, 1, 19, 0, 7, 17, 9, 6, 33, 28, 4, 14, 10, 8, 22, 24, 34, 32, 26, 25, 30, 27, 21, 38, 39, 16, 36, 23, 20, 11, 29, 35, 12, 37]",2014.0,12.670026063919067
"[2, 31, 3, 5, 18, 13, 15, 1, 19, 0, 7, 17, 9, 6, 33, 28, 4, 14, 10, 8, 22, 24, 34, 32, 26, 25, 30, 27, 21, 38, 39, 16, 36, 23, 20, 11, 29, 35, 12, 37]",2014.0,"[2, 31, 3, 5, 18, 13, 15, 1, 19, 0, 7, 17, 9, 6, 33, 28, 4, 14, 10, 8, 22, 24, 34, 32, 26, 25, 30, 27, 21, 38, 39, 16, 36, 23, 20, 11, 29, 35, 12, 37]",2014.0,12.823028087615967
"[2, 31, 3, 5, 18, 13, 15, 1, 19, 0, 7, 17, 9, 6, 33, 28, 4, 14, 10, 8, 22, 24, 34, 32, 26, 25, 30, 27, 21, 38, 39, 16, 36, 23, 20, 11, 29, 35, 12, 37]",2014.0,"[2, 31, 3, 5, 18, 13, 15, 1, 19, 0, 7, 17, 9, 6, 33, 28, 4, 14, 10, 8, 22, 24, 34, 32, 26, 25, 30, 27, 21, 38, 39, 16, 36, 23, 20, 11, 29, 35, 12, 37]",2014.0,12.979036092758179
"[2, 31, 3, 5, 18, 13, 15, 1, 19, 0, 7, 17, 9, 6, 33, 28, 4, 14, 10, 8, 22, 24, 34, 32, 26, 25, 30, 27, 21, 38, 39, 16, 36, 23, 20, 11, 29, 35, 12, 37]",2014.0,"[2, 31, 3, 5, 18, 13, 15, 1, 19, 0, 7, 17, 9, 6, 33, 28, 4, 14, 10, 8, 22, 24, 34, 32, 26, 25, 30, 27, 21, 38, 39, 16, 36, 23, 20, 11, 29, 35, 12, 37]",2014.0,13.150131225585938
"[2, 31, 3, 5, 18, 13, 15, 1, 19, 0, 7, 17, 9, 6, 33, 28, 4, 14, 10, 8, 22, 24, 34, 32, 26, 25, 30, 27, 21, 38, 39, 16, 36, 23, 20, 11, 29, 35, 12, 37]",2014.0,"[2, 31, 3, 5, 18, 13, 15, 1, 19, 0, 7, 17, 9, 6, 33, 28, 4, 14, 10, 8, 22, 24, 34, 32, 26, 25, 30, 27, 21, 38, 39, 16, 36, 23, 20, 11, 29, 35, 12, 37]",2014.0,13.321050882339478
"[2, 31, 3, 5, 18, 13, 15, 1, 19, 0, 7, 17, 9, 6, 33, 28, 4, 14, 10, 8, 22, 24, 34, 32, 26, 25, 30, 27, 21, 38, 39, 16, 36, 23, 20, 11, 29, 35, 12, 37]",2014.0,"[2, 31, 3, 5, 18, 13, 15, 1, 19, 0, 7, 17, 9, 6, 33, 28, 4, 14, 10, 8, 22, 24, 34, 32, 26, 25, 30, 27, 21, 38, 39, 16, 36, 23, 20, 11, 29, 35, 12, 37]",2014.0,13.484033346176147
"[2, 31, 3, 5, 18, 13, 15, 1, 19, 0, 7, 17, 9, 6, 33, 28, 4, 14, 10, 8, 22, 24, 34, 32, 26, 25, 30, 27, 21, 38, 39, 16, 36, 23, 20, 11, 29, 35, 12, 37]",2014.0,"[2, 31, 3, 5, 18, 13, 15, 1, 19, 0, 7, 17, 9, 6, 33, 28, 4, 14, 10, 8, 22, 24, 34, 32, 26, 25, 30, 27, 21, 38, 39, 16, 36, 23, 20, 11, 29, 35, 12, 37]",2014.0,13.643031120300293
"[2, 31, 3, 5, 18, 13, 15, 1, 19, 0, 7, 17, 9, 6, 33, 28, 4, 14, 10, 8, 22, 24, 34, 32, 26, 25, 30, 27, 21, 38, 39, 16, 36, 23, 20, 11, 29, 35, 12, 37]",2014.0,"[2, 31, 3, 5, 18, 13, 15, 1, 19, 0, 7, 17, 9, 6, 33, 28, 4, 14, 10, 8, 22, 24, 34, 32, 26, 25, 30, 27, 21, 38, 39, 16, 36, 23, 20, 11, 29, 35, 12, 37]",2014.0,13.802035331726074
"[2, 31, 3, 5, 18, 13, 15, 1, 19, 0, 7, 17, 9, 6, 33, 28, 4, 14, 10, 8, 22, 24, 34, 32, 26, 25, 30, 27, 21, 38, 39, 16, 36, 23, 20, 11, 29, 35, 12, 37]",2014.0,"[2, 31, 3, 5, 18, 13, 15, 1, 19, 0, 7, 17, 9, 6, 33, 28, 4, 14, 10, 8, 22, 24, 34, 32, 26, 25, 30, 27, 21, 38, 39, 16, 36, 23, 20, 11, 29, 35, 12, 37]",2014.0,13.964057922363281
"[2, 31, 3, 5, 18, 13, 15, 1, 19, 0, 7, 17, 9, 6, 33, 28, 4, 14, 10, 8, 22, 24, 34, 32, 26, 25, 30, 27, 21, 38, 39, 16, 36, 23, 20, 11, 29, 35, 12, 37]",2014.0,"[2, 31, 3, 5, 18, 13, 15, 1, 19, 0, 7, 17, 9, 6, 33, 28, 4, 14, 10, 8, 22, 24, 34, 32, 26, 25, 30, 27, 21, 38, 39, 16, 36, 23, 20, 11, 29, 35, 12, 37]",2014.0,14.118041276931763
"[2, 31, 3, 5, 18, 13, 15, 1, 19, 0, 7, 17, 9, 6, 33, 28, 4, 14, 10, 8, 22, 24, 34, 32, 26, 25, 30, 27, 21, 38, 39, 16, 36, 23, 20, 11, 29, 35, 12, 37]",2014.0,"[2, 31, 3, 5, 18, 13, 15, 1, 19, 0, 7, 17, 9, 6, 33, 28, 4, 14, 10, 8, 22, 24, 34, 32, 26, 25, 30, 27, 21, 38, 39, 16, 36, 23, 20, 11, 29, 35, 12, 37]",2014.0,14.277040481567383
"[2, 31, 3, 5, 18, 13, 15, 1, 19, 0, 7, 17, 9, 6, 33, 28, 4, 14, 10, 8, 22, 24, 34, 32, 26, 25, 30, 27, 21, 38, 39, 16, 36, 23, 20, 11, 29, 35, 12, 37]",2014.0,"[2, 31, 3, 5, 18, 13, 15, 1, 19, 0, 7, 17, 9, 6, 33, 28, 4, 14, 10, 8, 22, 24, 34, 32, 26, 25, 30, 27, 21, 38, 39, 16, 36, 23, 20, 11, 29, 35, 12, 37]",2014.0,14.434044361114502
"[2, 31, 3, 5, 18, 13, 15, 1, 19, 0, 7, 17, 9, 6, 33, 28, 4, 14, 10, 8, 22, 24, 34, 32, 26, 25, 30, 27, 21, 38, 39, 16, 36, 23, 20, 11, 29, 35, 12, 37]",2014.0,"[2, 31, 3, 5, 18, 13, 15, 1, 19, 0, 7, 17, 9, 6, 33, 28, 4, 14, 10, 8, 22, 24, 34, 32, 26, 25, 30, 27, 21, 38, 39, 16, 36, 23, 20, 11, 29, 35, 12, 37]",2014.0,14.592046976089478
"[2, 31, 3, 5, 18, 13, 15, 1, 19, 0, 7, 17, 9, 6, 33, 28, 4, 14, 10, 8, 22, 24, 34, 32, 26, 25, 30, 27, 21, 38, 39, 16, 36, 23, 20, 11, 29, 35, 12, 37]",2014.0,"[2, 31, 3, 5, 18, 13, 15, 1, 19, 0, 7, 17, 9, 6, 33, 28, 4, 14, 10, 8, 22, 24, 34, 32, 26, 25, 30, 27, 21, 38, 39, 16, 36, 23, 20, 11, 29, 35, 12, 37]",2014.0,14.747046709060669
"[2, 31, 3, 5, 18, 13, 15, 1, 19, 0, 7, 17, 9, 6, 33, 28, 4, 14, 10, 8, 22, 24, 34, 32, 26, 25, 30, 27, 21, 38, 39, 16, 36, 23, 20, 11, 29, 35, 12, 37]",2014.0,"[2, 31, 3, 5, 18, 13, 15, 1, 19, 0, 7, 17, 9, 6, 33, 28, 4, 14, 10, 8, 22, 24, 34, 32, 26, 25, 30, 27, 21, 38, 39, 16, 36, 23, 20, 11, 29, 35, 12, 37]",2014.0,14.905049085617065
"[2, 31, 3, 5, 18, 13, 15, 1, 19, 0, 7, 17, 9, 6, 33, 28, 4, 14, 10, 8, 22, 24, 34, 32, 26, 25, 30, 27, 21, 38, 39, 16, 36, 23, 20, 11, 29, 35, 12, 37]",2014.0,"[2, 31, 3, 5, 18, 13, 15, 1, 19, 0, 7, 17, 9, 6, 33, 28, 4, 14, 10, 8, 22, 24, 34, 32, 26, 25, 30, 27, 21, 38, 39, 16, 36, 23, 20, 11, 29, 35, 12, 37]",2014.0,15.093052864074707
"[2, 31, 3, 5, 18, 13, 15, 1, 19, 0, 7, 17, 9, 6, 33, 28, 4, 14, 10, 8, 22, 24, 34, 32, 26, 25, 30, 27, 21, 38, 39, 16, 36, 23, 20, 11, 29, 35, 12, 37]",2014.0,"[2, 31, 3, 5, 18, 13, 15, 1, 19, 0, 7, 17, 9, 6, 33, 28, 4, 14, 10, 8, 22, 24, 34, 32, 26, 25, 30, 27, 21, 38, 39, 16, 36, 23, 20, 11, 29, 35, 12, 37]",2014.0,15.253053188323975
"[2, 31, 3, 5, 18, 13, 15, 1, 19, 0, 7, 17, 9, 6, 33, 28, 4, 14, 10, 8, 22, 24, 34, 32, 26, 25, 30, 27, 21, 38, 39, 16, 36, 23, 20, 11, 29, 35, 12, 37]",2014.0,"[2, 31, 3, 5, 18, 13, 15, 1, 19, 0, 7, 17, 9, 6, 33, 28, 4, 14, 10, 8, 22, 24, 34, 32, 26, 25, 30, 27, 21, 38, 39, 16, 36, 23, 20, 11, 29, 35, 12, 37]",2014.0,15.410057783126831
"[2, 31, 3, 5, 18, 13, 15, 1, 19, 0, 7, 17, 9, 6, 33, 28, 4, 14, 10, 8, 22, 24, 34, 32, 26, 25, 30, 27, 21, 38, 39, 16, 36, 23, 20, 11, 29, 35, 12, 37]",2014.0,"[2, 31, 3, 5, 18, 13, 15, 1, 19, 0, 7, 17, 9, 6, 33, 28, 4, 14, 10, 8, 22, 24, 34, 32, 26, 25, 30, 27, 21, 38, 39, 16, 36, 23, 20, 11, 29, 35, 12, 37]",2014.0,15.565057516098022
"[2, 31, 3, 5, 18, 13, 15, 1, 19, 0, 7, 17, 9, 6, 33, 28, 4, 14, 10, 8, 22, 24, 34, 32, 26, 25, 30, 27, 21, 38, 39, 16, 36, 23, 20, 11, 29, 35, 12, 37]",2014.0,"[2, 31, 3, 5, 18, 13, 15, 1, 19, 0, 7, 17, 9, 6, 33, 28, 4, 14, 10, 8, 22, 24, 34, 32, 26, 25, 30, 27, 21, 38, 39, 16, 36, 23, 20, 11, 29, 35, 12, 37]",2014.0,15.720096588134766
"[2, 31, 3, 5, 18, 28, 15, 1, 19, 0, 7, 17, 9, 6, 33, 13, 4, 14, 10, 8, 22, 24, 34, 32, 26, 25, 30, 27, 21, 38, 39, 16, 36, 23, 20, 11, 29, 35, 12, 37]",2011.5,"[2, 31, 3, 5, 18, 28, 15, 1, 19, 0, 7, 17, 9, 6, 33, 13, 4, 14, 10, 8, 22, 24, 34, 32, 26, 25, 30, 27, 21, 38, 39, 16, 36, 23, 20, 11, 29, 35, 12, 37]",2011.5,15.875059366226196
"[2, 31, 3, 5, 18, 28, 15, 1, 19, 0, 7, 17, 9, 6, 33, 13, 4, 14, 10, 8, 22, 24, 34, 32, 26, 25, 30, 27, 21, 38, 39, 16, 36, 23, 20, 11, 29, 35, 12, 37]",2011.5,"[2, 31, 3, 5, 18, 28, 15, 1, 19, 0, 7, 17, 9, 6, 33, 13, 4, 14, 10, 8, 22, 24, 34, 32, 26, 25, 30, 27, 21, 38, 39, 16, 36, 23, 20, 11, 29, 35, 12, 37]",2011.5,16.028063535690308
"[2, 31, 3, 5, 18, 28, 15, 1, 19, 0, 7, 17, 9, 6, 33, 13, 4, 14, 10, 8, 22, 24, 34, 32, 26, 25, 30, 27, 21, 38, 39, 16, 36, 23, 20, 11, 29, 35, 12, 37]",2011.5,"[2, 31, 3, 5, 18, 28, 15, 1, 19, 0, 7, 17, 9, 6, 33, 13, 4, 14, 10, 8, 22, 24, 34, 32, 26, 25, 30, 27, 21, 38, 39, 16, 36, 23, 20, 11, 29, 35, 12, 37]",2011.5,16.18706512451172
