Sequence,Fitness,Best_sequence,Best_fitness,Time
"[3, 16, 6, 10, 2, 14, 4, 17, 7, 1, 13, 0, 19, 18, 9, 15, 8, 12, 11, 5]",993.0,"[3, 16, 6, 10, 2, 14, 4, 17, 7, 1, 13, 0, 19, 18, 9, 15, 8, 12, 11, 5]",993.0,0.0009362697601318359
"[3, 16, 6, 10, 2, 14, 4, 17, 7, 1, 13, 0, 19, 18, 9, 15, 8, 12, 11, 5]",993.0,"[3, 16, 6, 10, 2, 14, 4, 17, 7, 1, 13, 0, 19, 18, 9, 15, 8, 12, 11, 5]",993.0,0.06693458557128906
"[3, 16, 6, 10, 2, 14, 4, 17, 7, 1, 13, 0, 19, 18, 9, 15, 8, 12, 11, 5]",993.0,"[3, 16, 6, 10, 2, 14, 4, 17, 7, 1, 13, 0, 19, 18, 9, 15, 8, 12, 11, 5]",993.0,0.13494348526000977
"[3, 16, 6, 10, 2, 14, 4, 17, 7, 1, 13, 0, 19, 18, 9, 15, 8, 12, 11, 5]",993.0,"[3, 16, 6, 10, 2, 14, 4, 17, 7, 1, 13, 0, 19, 18, 9, 15, 8, 12, 11, 5]",993.0,0.2049407958984375
"[3, 16, 6, 10, 11, 14, 4, 17, 7, 1, 13, 0, 19, 18, 9, 15, 8, 12, 2, 5]",952.0,"[3, 16, 6, 10, 11, 14, 4, 17, 7, 1, 13, 0, 19, 18, 9, 15, 8, 12, 2, 5]",952.0,0.27495241165161133
"[3, 16, 6, 10, 11, 14, 4, 17, 7, 12, 13, 0, 19, 18, 9, 15, 8, 1, 2, 5]",945.0,"[3, 16, 6, 10, 11, 14, 4, 17, 7, 12, 13, 0, 19, 18, 9, 15, 8, 1, 2, 5]",945.0,0.34194087982177734
"[3, 16, 6, 10, 11, 14, 4, 17, 7, 12, 13, 0, 19, 18, 9, 15, 8, 1, 2, 5]",945.0,"[3, 16, 6, 10, 11, 14, 4, 17, 7, 12, 13, 0, 19, 18, 9, 15, 8, 1, 2, 5]",945.0,0.4101741313934326
"[3, 16, 6, 10, 11, 14, 4, 17, 7, 12, 13, 0, 19, 18, 9, 15, 8, 1, 2, 5]",945.0,"[3, 16, 6, 10, 11, 14, 4, 17, 7, 12, 13, 0, 19, 18, 9, 15, 8, 1, 2, 5]",945.0,0.4859483242034912
"[3, 16, 6, 10, 11, 14, 4, 17, 7, 12, 13, 0, 19, 18, 9, 15, 8, 1, 2, 5]",945.0,"[3, 16, 6, 10, 11, 14, 4, 17, 7, 12, 13, 0, 19, 18, 9, 15, 8, 1, 2, 5]",945.0,0.554955005645752
"[3, 16, 6, 10, 11, 14, 4, 17, 7, 12, 13, 0, 19, 18, 9, 15, 8, 1, 2, 5]",945.0,"[3, 16, 6, 10, 11, 14, 4, 17, 7, 12, 13, 0, 19, 18, 9, 15, 8, 1, 2, 5]",945.0,0.6259458065032959
"[3, 16, 6, 10, 11, 14, 4, 17, 7, 12, 13, 0, 19, 18, 9, 15, 8, 1, 2, 5]",945.0,"[3, 16, 6, 10, 11, 14, 4, 17, 7, 12, 13, 0, 19, 18, 9, 15, 8, 1, 2, 5]",945.0,0.693943977355957
"[3, 16, 6, 10, 11, 14, 4, 17, 7, 12, 13, 0, 19, 18, 9, 15, 8, 1, 2, 5]",945.0,"[3, 16, 6, 10, 11, 14, 4, 17, 7, 12, 13, 0, 19, 18, 9, 15, 8, 1, 2, 5]",945.0,0.7619450092315674
"[3, 16, 6, 10, 11, 14, 4, 17, 7, 12, 13, 0, 19, 18, 9, 15, 8, 1, 2, 5]",945.0,"[3, 16, 6, 10, 11, 14, 4, 17, 7, 12, 13, 0, 19, 18, 9, 15, 8, 1, 2, 5]",945.0,0.829948902130127
"[3, 16, 6, 10, 11, 14, 4, 17, 7, 12, 13, 0, 19, 18, 9, 15, 8, 1, 2, 5]",945.0,"[3, 16, 6, 10, 11, 14, 4, 17, 7, 12, 13, 0, 19, 18, 9, 15, 8, 1, 2, 5]",945.0,0.8959488868713379
"[3, 16, 6, 10, 11, 14, 4, 17, 7, 12, 13, 0, 19, 18, 9, 15, 8, 1, 2, 5]",945.0,"[3, 16, 6, 10, 11, 14, 4, 17, 7, 12, 13, 0, 19, 18, 9, 15, 8, 1, 2, 5]",945.0,0.9759411811828613
"[3, 16, 6, 10, 11, 14, 4, 17, 7, 12, 13, 0, 19, 18, 9, 15, 8, 1, 2, 5]",945.0,"[3, 16, 6, 10, 11, 14, 4, 17, 7, 12, 13, 0, 19, 18, 9, 15, 8, 1, 2, 5]",945.0,1.0599465370178223
"[3, 16, 6, 10, 11, 14, 4, 17, 7, 12, 13, 0, 19, 18, 9, 15, 8, 1, 2, 5]",945.0,"[3, 16, 6, 10, 11, 14, 4, 17, 7, 12, 13, 0, 19, 18, 9, 15, 8, 1, 2, 5]",945.0,1.1319544315338135
"[3, 16, 6, 10, 11, 14, 4, 17, 7, 12, 13, 0, 19, 18, 9, 15, 8, 1, 2, 5]",945.0,"[3, 16, 6, 10, 11, 14, 4, 17, 7, 12, 13, 0, 19, 18, 9, 15, 8, 1, 2, 5]",945.0,1.200951099395752
"[3, 16, 6, 10, 11, 14, 4, 17, 7, 12, 13, 0, 19, 18, 9, 15, 8, 1, 2, 5]",945.0,"[3, 16, 6, 10, 11, 14, 4, 17, 7, 12, 13, 0, 19, 18, 9, 15, 8, 1, 2, 5]",945.0,1.2649526596069336
"[3, 16, 6, 10, 11, 14, 4, 17, 7, 12, 13, 0, 19, 18, 9, 15, 8, 1, 2, 5]",945.0,"[3, 16, 6, 10, 11, 14, 4, 17, 7, 12, 13, 0, 19, 18, 9, 15, 8, 1, 2, 5]",945.0,1.3299648761749268
"[15, 16, 6, 10, 11, 14, 4, 17, 7, 12, 13, 0, 19, 18, 9, 3, 8, 1, 2, 5]",936.5,"[15, 16, 6, 10, 11, 14, 4, 17, 7, 12, 13, 0, 19, 18, 9, 3, 8, 1, 2, 5]",936.5,1.3959589004516602
"[15, 16, 6, 10, 11, 14, 4, 17, 7, 12, 13, 0, 19, 18, 9, 3, 8, 1, 2, 5]",936.5,"[15, 16, 6, 10, 11, 14, 4, 17, 7, 12, 13, 0, 19, 18, 9, 3, 8, 1, 2, 5]",936.5,1.4939534664154053
"[15, 16, 6, 10, 11, 14, 4, 17, 7, 12, 13, 0, 19, 18, 9, 3, 8, 1, 2, 5]",936.5,"[15, 16, 6, 10, 11, 14, 4, 17, 7, 12, 13, 0, 19, 18, 9, 3, 8, 1, 2, 5]",936.5,1.5639533996582031
"[15, 16, 6, 10, 11, 14, 4, 17, 7, 12, 13, 0, 19, 18, 9, 3, 8, 1, 2, 5]",936.5,"[15, 16, 6, 10, 11, 14, 4, 17, 7, 12, 13, 0, 19, 18, 9, 3, 8, 1, 2, 5]",936.5,1.6389753818511963
"[15, 16, 6, 10, 11, 14, 4, 17, 7, 12, 13, 0, 19, 18, 9, 3, 8, 1, 2, 5]",936.5,"[15, 16, 6, 10, 11, 14, 4, 17, 7, 12, 13, 0, 19, 18, 9, 3, 8, 1, 2, 5]",936.5,1.7079567909240723
"[15, 16, 6, 10, 11, 14, 4, 17, 7, 12, 13, 0, 19, 18, 9, 3, 8, 1, 2, 5]",936.5,"[15, 16, 6, 10, 11, 14, 4, 17, 7, 12, 13, 0, 19, 18, 9, 3, 8, 1, 2, 5]",936.5,1.77595853805542
"[15, 16, 6, 10, 11, 14, 4, 17, 7, 12, 13, 0, 19, 18, 9, 3, 8, 1, 2, 5]",936.5,"[15, 16, 6, 10, 11, 14, 4, 17, 7, 12, 13, 0, 19, 18, 9, 3, 8, 1, 2, 5]",936.5,1.8419570922851562
"[15, 16, 6, 10, 11, 14, 4, 17, 7, 12, 13, 0, 19, 18, 9, 3, 8, 1, 2, 5]",936.5,"[15, 16, 6, 10, 11, 14, 4, 17, 7, 12, 13, 0, 19, 18, 9, 3, 8, 1, 2, 5]",936.5,1.9079551696777344
"[15, 16, 6, 10, 11, 14, 4, 17, 7, 12, 13, 0, 19, 18, 9, 3, 8, 1, 2, 5]",936.5,"[15, 16, 6, 10, 11, 14, 4, 17, 7, 12, 13, 0, 19, 18, 9, 3, 8, 1, 2, 5]",936.5,1.9769721031188965
"[15, 16, 6, 10, 11, 14, 4, 17, 7, 12, 13, 0, 19, 18, 9, 3, 8, 1, 2, 5]",936.5,"[15, 16, 6, 10, 11, 14, 4, 17, 7, 12, 13, 0, 19, 18, 9, 3, 8, 1, 2, 5]",936.5,2.043968677520752
"[15, 16, 6, 10, 11, 14, 4, 17, 7, 12, 13, 0, 19, 18, 9, 3, 8, 1, 2, 5]",936.5,"[15, 16, 6, 10, 11, 14, 4, 17, 7, 12, 13, 0, 19, 18, 9, 3, 8, 1, 2, 5]",936.5,2.1089587211608887
"[15, 16, 6, 10, 11, 14, 4, 17, 7, 12, 13, 0, 19, 18, 9, 3, 8, 1, 2, 5]",936.5,"[15, 16, 6, 10, 11, 14, 4, 17, 7, 12, 13, 0, 19, 18, 9, 3, 8, 1, 2, 5]",936.5,2.1749730110168457
"[16, 15, 6, 10, 11, 14, 4, 17, 7, 12, 13, 0, 19, 18, 9, 3, 8, 1, 2, 5]",933.5,"[16, 15, 6, 10, 11, 14, 4, 17, 7, 12, 13, 0, 19, 18, 9, 3, 8, 1, 2, 5]",933.5,2.244962215423584
"[16, 15, 6, 10, 11, 14, 4, 17, 7, 12, 13, 0, 19, 18, 9, 3, 8, 1, 2, 5]",933.5,"[16, 15, 6, 10, 11, 14, 4, 17, 7, 12, 13, 0, 19, 18, 9, 3, 8, 1, 2, 5]",933.5,2.311960458755493
"[16, 15, 6, 10, 11, 14, 4, 17, 7, 12, 13, 0, 19, 18, 9, 3, 8, 1, 2, 5]",933.5,"[16, 15, 6, 10, 11, 14, 4, 17, 7, 12, 13, 0, 19, 18, 9, 3, 8, 1, 2, 5]",933.5,2.3789632320404053
"[16, 15, 6, 10, 11, 14, 4, 17, 7, 12, 13, 0, 19, 18, 9, 3, 8, 1, 2, 5]",933.5,"[16, 15, 6, 10, 11, 14, 4, 17, 7, 12, 13, 0, 19, 18, 9, 3, 8, 1, 2, 5]",933.5,2.447967767715454
"[16, 15, 6, 10, 11, 14, 4, 17, 7, 12, 13, 0, 19, 18, 9, 3, 8, 1, 2, 5]",933.5,"[16, 15, 6, 10, 11, 14, 4, 17, 7, 12, 13, 0, 19, 18, 9, 3, 8, 1, 2, 5]",933.5,2.5129661560058594
"[16, 15, 6, 10, 11, 14, 4, 17, 7, 12, 13, 0, 19, 18, 9, 3, 8, 1, 2, 5]",933.5,"[16, 15, 6, 10, 11, 14, 4, 17, 7, 12, 13, 0, 19, 18, 9, 3, 8, 1, 2, 5]",933.5,2.579968214035034
"[16, 15, 6, 10, 11, 14, 4, 17, 7, 12, 13, 0, 19, 18, 9, 3, 8, 1, 2, 5]",933.5,"[16, 15, 6, 10, 11, 14, 4, 17, 7, 12, 13, 0, 19, 18, 9, 3, 8, 1, 2, 5]",933.5,2.646970748901367
"[16, 15, 6, 10, 11, 14, 4, 17, 7, 12, 13, 0, 19, 18, 9, 3, 8, 1, 2, 5]",933.5,"[16, 15, 6, 10, 11, 14, 4, 17, 7, 12, 13, 0, 19, 18, 9, 3, 8, 1, 2, 5]",933.5,2.7139649391174316
"[16, 15, 6, 10, 11, 14, 4, 17, 7, 12, 13, 0, 19, 18, 9, 3, 8, 1, 2, 5]",933.5,"[16, 15, 6, 10, 11, 14, 4, 17, 7, 12, 13, 0, 19, 18, 9, 3, 8, 1, 2, 5]",933.5,2.7789719104766846
"[16, 15, 6, 10, 11, 14, 4, 17, 7, 12, 13, 0, 19, 18, 9, 3, 8, 1, 2, 5]",933.5,"[16, 15, 6, 10, 11, 14, 4, 17, 7, 12, 13, 0, 19, 18, 9, 3, 8, 1, 2, 5]",933.5,2.8459692001342773
"[16, 15, 6, 10, 11, 14, 4, 17, 7, 12, 13, 0, 19, 18, 9, 3, 8, 1, 2, 5]",933.5,"[16, 15, 6, 10, 11, 14, 4, 17, 7, 12, 13, 0, 19, 18, 9, 3, 8, 1, 2, 5]",933.5,2.912968397140503
"[16, 15, 6, 10, 11, 14, 4, 17, 7, 12, 13, 0, 19, 18, 9, 3, 8, 1, 2, 5]",933.5,"[16, 15, 6, 10, 11, 14, 4, 17, 7, 12, 13, 0, 19, 18, 9, 3, 8, 1, 2, 5]",933.5,2.974973678588867
"[2, 15, 6, 10, 11, 14, 4, 17, 7, 12, 13, 0, 19, 18, 9, 3, 8, 1, 16, 5]",902.0,"[2, 15, 6, 10, 11, 14, 4, 17, 7, 12, 13, 0, 19, 18, 9, 3, 8, 1, 16, 5]",902.0,3.042203426361084
"[2, 15, 6, 10, 11, 14, 4, 17, 7, 12, 13, 0, 19, 18, 9, 3, 8, 1, 16, 5]",902.0,"[2, 15, 6, 10, 11, 14, 4, 17, 7, 12, 13, 0, 19, 18, 9, 3, 8, 1, 16, 5]",902.0,3.1069717407226562
"[2, 15, 6, 10, 11, 14, 4, 17, 7, 12, 13, 0, 19, 18, 9, 3, 8, 1, 16, 5]",902.0,"[2, 15, 6, 10, 11, 14, 4, 17, 7, 12, 13, 0, 19, 18, 9, 3, 8, 1, 16, 5]",902.0,3.1749706268310547
"[2, 15, 6, 10, 11, 14, 4, 17, 7, 12, 13, 0, 19, 18, 9, 3, 8, 1, 16, 5]",902.0,"[2, 15, 6, 10, 11, 14, 4, 17, 7, 12, 13, 0, 19, 18, 9, 3, 8, 1, 16, 5]",902.0,3.2442047595977783
"[2, 15, 6, 10, 11, 14, 4, 17, 7, 12, 13, 0, 19, 18, 9, 3, 8, 1, 16, 5]",902.0,"[2, 15, 6, 10, 11, 14, 4, 17, 7, 12, 13, 0, 19, 18, 9, 3, 8, 1, 16, 5]",902.0,3.3119771480560303
"[2, 15, 6, 10, 11, 14, 4, 17, 7, 12, 13, 0, 19, 18, 9, 3, 8, 1, 16, 5]",902.0,"[2, 15, 6, 10, 11, 14, 4, 17, 7, 12, 13, 0, 19, 18, 9, 3, 8, 1, 16, 5]",902.0,3.375988721847534
"[2, 15, 6, 10, 11, 14, 4, 17, 7, 12, 13, 0, 19, 18, 9, 3, 8, 1, 16, 5]",902.0,"[2, 15, 6, 10, 11, 14, 4, 17, 7, 12, 13, 0, 19, 18, 9, 3, 8, 1, 16, 5]",902.0,3.4389731884002686
"[2, 15, 6, 10, 11, 14, 4, 17, 7, 12, 13, 0, 19, 18, 9, 3, 8, 1, 16, 5]",902.0,"[2, 15, 6, 10, 11, 14, 4, 17, 7, 12, 13, 0, 19, 18, 9, 3, 8, 1, 16, 5]",902.0,3.501979351043701
"[2, 15, 6, 10, 11, 14, 4, 17, 7, 12, 13, 0, 19, 18, 9, 3, 8, 1, 16, 5]",902.0,"[2, 15, 6, 10, 11, 14, 4, 17, 7, 12, 13, 0, 19, 18, 9, 3, 8, 1, 16, 5]",902.0,3.5669775009155273
"[2, 15, 6, 10, 11, 14, 4, 17, 7, 12, 13, 0, 19, 18, 9, 3, 8, 1, 16, 5]",902.0,"[2, 15, 6, 10, 11, 14, 4, 17, 7, 12, 13, 0, 19, 18, 9, 3, 8, 1, 16, 5]",902.0,3.6289830207824707
"[2, 15, 6, 10, 11, 14, 4, 17, 7, 12, 13, 0, 19, 18, 9, 3, 8, 1, 16, 5]",902.0,"[2, 15, 6, 10, 11, 14, 4, 17, 7, 12, 13, 0, 19, 18, 9, 3, 8, 1, 16, 5]",902.0,3.693988561630249
"[2, 15, 6, 10, 11, 14, 4, 17, 7, 12, 13, 0, 19, 18, 9, 3, 8, 1, 16, 5]",902.0,"[2, 15, 6, 10, 11, 14, 4, 17, 7, 12, 13, 0, 19, 18, 9, 3, 8, 1, 16, 5]",902.0,3.7569773197174072
"[2, 15, 6, 10, 11, 14, 4, 17, 7, 12, 13, 0, 19, 18, 9, 3, 8, 1, 16, 5]",902.0,"[2, 15, 6, 10, 11, 14, 4, 17, 7, 12, 13, 0, 19, 18, 9, 3, 8, 1, 16, 5]",902.0,3.8199803829193115
"[2, 15, 6, 10, 11, 14, 4, 17, 7, 12, 13, 0, 19, 18, 9, 3, 8, 1, 16, 5]",902.0,"[2, 15, 6, 10, 11, 14, 4, 17, 7, 12, 13, 0, 19, 18, 9, 3, 8, 1, 16, 5]",902.0,3.883033037185669
"[2, 15, 6, 10, 11, 14, 4, 17, 7, 12, 13, 0, 19, 18, 9, 3, 8, 1, 16, 5]",902.0,"[2, 15, 6, 10, 11, 14, 4, 17, 7, 12, 13, 0, 19, 18, 9, 3, 8, 1, 16, 5]",902.0,3.9449849128723145
"[2, 15, 6, 10, 11, 14, 4, 17, 7, 12, 8, 0, 19, 18, 9, 3, 13, 1, 16, 5]",878.0,"[2, 15, 6, 10, 11, 14, 4, 17, 7, 12, 8, 0, 19, 18, 9, 3, 13, 1, 16, 5]",878.0,4.006981372833252
"[2, 15, 6, 10, 11, 14, 4, 17, 7, 12, 8, 0, 19, 18, 9, 3, 13, 1, 16, 5]",878.0,"[2, 15, 6, 10, 11, 14, 4, 17, 7, 12, 8, 0, 19, 18, 9, 3, 13, 1, 16, 5]",878.0,4.071983575820923
"[2, 15, 6, 10, 11, 14, 4, 17, 7, 12, 8, 0, 19, 18, 9, 3, 13, 1, 16, 5]",878.0,"[2, 15, 6, 10, 11, 14, 4, 17, 7, 12, 8, 0, 19, 18, 9, 3, 13, 1, 16, 5]",878.0,4.135019063949585
"[2, 15, 6, 10, 11, 14, 4, 17, 7, 12, 8, 0, 19, 18, 9, 3, 13, 1, 16, 5]",878.0,"[2, 15, 6, 10, 11, 14, 4, 17, 7, 12, 8, 0, 19, 18, 9, 3, 13, 1, 16, 5]",878.0,4.199992895126343
"[2, 15, 6, 10, 11, 14, 4, 17, 7, 12, 8, 0, 19, 18, 9, 3, 13, 1, 16, 5]",878.0,"[2, 15, 6, 10, 11, 14, 4, 17, 7, 12, 8, 0, 19, 18, 9, 3, 13, 1, 16, 5]",878.0,4.264996528625488
"[2, 15, 6, 10, 11, 14, 4, 17, 7, 12, 8, 0, 19, 18, 9, 3, 13, 1, 16, 5]",878.0,"[2, 15, 6, 10, 11, 14, 4, 17, 7, 12, 8, 0, 19, 18, 9, 3, 13, 1, 16, 5]",878.0,4.325988054275513
"[2, 15, 6, 10, 11, 14, 4, 17, 7, 12, 8, 0, 19, 18, 9, 3, 13, 1, 16, 5]",878.0,"[2, 15, 6, 10, 11, 14, 4, 17, 7, 12, 8, 0, 19, 18, 9, 3, 13, 1, 16, 5]",878.0,4.387984275817871
"[2, 15, 6, 10, 11, 14, 4, 17, 7, 12, 8, 0, 19, 18, 9, 3, 13, 1, 16, 5]",878.0,"[2, 15, 6, 10, 11, 14, 4, 17, 7, 12, 8, 0, 19, 18, 9, 3, 13, 1, 16, 5]",878.0,4.4499876499176025
"[2, 15, 6, 10, 11, 14, 4, 17, 7, 12, 8, 0, 19, 18, 9, 3, 13, 1, 16, 5]",878.0,"[2, 15, 6, 10, 11, 14, 4, 17, 7, 12, 8, 0, 19, 18, 9, 3, 13, 1, 16, 5]",878.0,4.509986877441406
"[2, 15, 6, 10, 11, 14, 4, 17, 7, 12, 8, 0, 19, 18, 9, 3, 13, 1, 16, 5]",878.0,"[2, 15, 6, 10, 11, 14, 4, 17, 7, 12, 8, 0, 19, 18, 9, 3, 13, 1, 16, 5]",878.0,4.57298731803894
"[2, 15, 6, 10, 11, 14, 4, 17, 7, 12, 8, 0, 19, 18, 9, 3, 13, 1, 16, 5]",878.0,"[2, 15, 6, 10, 11, 14, 4, 17, 7, 12, 8, 0, 19, 18, 9, 3, 13, 1, 16, 5]",878.0,4.635988712310791
"[2, 15, 6, 10, 11, 14, 4, 17, 7, 12, 8, 0, 19, 18, 9, 3, 13, 1, 16, 5]",878.0,"[2, 15, 6, 10, 11, 14, 4, 17, 7, 12, 8, 0, 19, 18, 9, 3, 13, 1, 16, 5]",878.0,4.697988271713257
"[2, 15, 6, 10, 11, 14, 4, 17, 7, 12, 8, 0, 19, 18, 9, 3, 13, 1, 16, 5]",878.0,"[2, 15, 6, 10, 11, 14, 4, 17, 7, 12, 8, 0, 19, 18, 9, 3, 13, 1, 16, 5]",878.0,4.760998010635376
"[2, 15, 6, 10, 11, 14, 4, 17, 7, 12, 8, 0, 19, 18, 9, 3, 13, 1, 16, 5]",878.0,"[2, 15, 6, 10, 11, 14, 4, 17, 7, 12, 8, 0, 19, 18, 9, 3, 13, 1, 16, 5]",878.0,4.824992418289185
"[2, 15, 6, 10, 11, 14, 4, 17, 7, 12, 8, 0, 19, 18, 9, 1, 13, 3, 16, 5]",864.5,"[2, 15, 6, 10, 11, 14, 4, 17, 7, 12, 8, 0, 19, 18, 9, 1, 13, 3, 16, 5]",864.5,4.886996269226074
"[2, 15, 6, 10, 11, 14, 4, 17, 7, 12, 8, 0, 19, 18, 9, 1, 13, 3, 16, 5]",864.5,"[2, 15, 6, 10, 11, 14, 4, 17, 7, 12, 8, 0, 19, 18, 9, 1, 13, 3, 16, 5]",864.5,4.95099401473999
"[2, 15, 6, 10, 11, 14, 4, 17, 7, 12, 8, 0, 19, 18, 9, 1, 13, 3, 16, 5]",864.5,"[2, 15, 6, 10, 11, 14, 4, 17, 7, 12, 8, 0, 19, 18, 9, 1, 13, 3, 16, 5]",864.5,5.012990474700928
"[2, 15, 6, 10, 11, 14, 4, 17, 7, 12, 8, 0, 19, 18, 9, 1, 13, 3, 16, 5]",864.5,"[2, 15, 6, 10, 11, 14, 4, 17, 7, 12, 8, 0, 19, 18, 9, 1, 13, 3, 16, 5]",864.5,5.074996471405029
"[2, 15, 6, 10, 11, 14, 4, 17, 7, 12, 8, 0, 19, 18, 9, 1, 13, 3, 16, 5]",864.5,"[2, 15, 6, 10, 11, 14, 4, 17, 7, 12, 8, 0, 19, 18, 9, 1, 13, 3, 16, 5]",864.5,5.136996507644653
"[2, 15, 6, 10, 11, 14, 4, 17, 7, 12, 8, 0, 19, 18, 9, 1, 13, 3, 16, 5]",864.5,"[2, 15, 6, 10, 11, 14, 4, 17, 7, 12, 8, 0, 19, 18, 9, 1, 13, 3, 16, 5]",864.5,5.197997808456421
"[9, 15, 6, 10, 11, 14, 4, 17, 7, 12, 8, 0, 19, 18, 2, 1, 13, 3, 16, 5]",845.5,"[9, 15, 6, 10, 11, 14, 4, 17, 7, 12, 8, 0, 19, 18, 2, 1, 13, 3, 16, 5]",845.5,5.257997512817383
"[9, 15, 6, 10, 11, 14, 4, 17, 7, 12, 8, 0, 19, 18, 2, 1, 13, 3, 16, 5]",845.5,"[9, 15, 6, 10, 11, 14, 4, 17, 7, 12, 8, 0, 19, 18, 2, 1, 13, 3, 16, 5]",845.5,5.3219969272613525
"[9, 6, 15, 10, 11, 14, 4, 17, 7, 12, 8, 0, 19, 18, 2, 1, 13, 3, 16, 5]",844.0,"[9, 6, 15, 10, 11, 14, 4, 17, 7, 12, 8, 0, 19, 18, 2, 1, 13, 3, 16, 5]",844.0,5.382997035980225
"[9, 6, 15, 10, 11, 14, 4, 17, 7, 12, 8, 0, 19, 18, 2, 1, 13, 3, 16, 5]",844.0,"[9, 6, 15, 10, 11, 14, 4, 17, 7, 12, 8, 0, 19, 18, 2, 1, 13, 3, 16, 5]",844.0,5.446011543273926
"[9, 6, 15, 10, 11, 14, 4, 17, 7, 12, 8, 0, 19, 18, 2, 1, 13, 3, 16, 5]",844.0,"[9, 6, 15, 10, 11, 14, 4, 17, 7, 12, 8, 0, 19, 18, 2, 1, 13, 3, 16, 5]",844.0,5.508010149002075
"[9, 6, 15, 10, 11, 14, 4, 17, 7, 12, 8, 0, 19, 18, 2, 1, 13, 3, 16, 5]",844.0,"[9, 6, 15, 10, 11, 14, 4, 17, 7, 12, 8, 0, 19, 18, 2, 1, 13, 3, 16, 5]",844.0,5.570023059844971
"[9, 6, 15, 10, 11, 14, 4, 17, 7, 12, 8, 0, 19, 18, 2, 1, 13, 3, 16, 5]",844.0,"[9, 6, 15, 10, 11, 14, 4, 17, 7, 12, 8, 0, 19, 18, 2, 1, 13, 3, 16, 5]",844.0,5.632002115249634
"[9, 6, 15, 10, 11, 14, 4, 17, 7, 12, 8, 0, 19, 18, 2, 1, 13, 3, 16, 5]",844.0,"[9, 6, 15, 10, 11, 14, 4, 17, 7, 12, 8, 0, 19, 18, 2, 1, 13, 3, 16, 5]",844.0,5.693001747131348
"[9, 6, 15, 10, 11, 14, 4, 17, 7, 12, 8, 0, 19, 18, 2, 1, 13, 3, 16, 5]",844.0,"[9, 6, 15, 10, 11, 14, 4, 17, 7, 12, 8, 0, 19, 18, 2, 1, 13, 3, 16, 5]",844.0,5.755001068115234
"[9, 6, 15, 10, 11, 14, 4, 17, 7, 12, 8, 0, 19, 18, 2, 1, 13, 3, 16, 5]",844.0,"[9, 6, 15, 10, 11, 14, 4, 17, 7, 12, 8, 0, 19, 18, 2, 1, 13, 3, 16, 5]",844.0,5.820001840591431
"[9, 6, 15, 10, 11, 14, 4, 17, 7, 12, 8, 0, 19, 18, 2, 1, 13, 3, 16, 5]",844.0,"[9, 6, 15, 10, 11, 14, 4, 17, 7, 12, 8, 0, 19, 18, 2, 1, 13, 3, 16, 5]",844.0,5.882004737854004
"[9, 6, 15, 10, 11, 14, 4, 17, 7, 12, 8, 0, 19, 18, 2, 1, 13, 3, 16, 5]",844.0,"[9, 6, 15, 10, 11, 14, 4, 17, 7, 12, 8, 0, 19, 18, 2, 1, 13, 3, 16, 5]",844.0,5.946004152297974
"[9, 6, 15, 10, 11, 14, 4, 17, 7, 12, 8, 0, 19, 18, 2, 1, 13, 3, 16, 5]",844.0,"[9, 6, 15, 10, 11, 14, 4, 17, 7, 12, 8, 0, 19, 18, 2, 1, 13, 3, 16, 5]",844.0,6.010002613067627
"[9, 6, 15, 10, 11, 14, 4, 17, 7, 12, 8, 0, 19, 18, 2, 1, 13, 3, 16, 5]",844.0,"[9, 6, 15, 10, 11, 14, 4, 17, 7, 12, 8, 0, 19, 18, 2, 1, 13, 3, 16, 5]",844.0,6.073004722595215
"[9, 6, 15, 10, 11, 14, 4, 17, 7, 12, 8, 0, 19, 18, 2, 1, 13, 3, 16, 5]",844.0,"[9, 6, 15, 10, 11, 14, 4, 17, 7, 12, 8, 0, 19, 18, 2, 1, 13, 3, 16, 5]",844.0,6.137029647827148
"[9, 6, 15, 10, 11, 14, 4, 17, 7, 12, 8, 0, 19, 18, 2, 1, 13, 3, 16, 5]",844.0,"[9, 6, 15, 10, 11, 14, 4, 17, 7, 12, 8, 0, 19, 18, 2, 1, 13, 3, 16, 5]",844.0,6.208008289337158
"[9, 6, 15, 10, 11, 14, 4, 17, 7, 12, 8, 0, 19, 18, 2, 1, 13, 3, 16, 5]",844.0,"[9, 6, 15, 10, 11, 14, 4, 17, 7, 12, 8, 0, 19, 18, 2, 1, 13, 3, 16, 5]",844.0,6.27200984954834
"[9, 6, 15, 10, 11, 14, 4, 17, 7, 12, 8, 0, 19, 18, 2, 1, 13, 3, 16, 5]",844.0,"[9, 6, 15, 10, 11, 14, 4, 17, 7, 12, 8, 0, 19, 18, 2, 1, 13, 3, 16, 5]",844.0,6.335028648376465
"[9, 6, 15, 10, 11, 14, 4, 17, 7, 12, 8, 0, 19, 18, 2, 1, 13, 3, 16, 5]",844.0,"[9, 6, 15, 10, 11, 14, 4, 17, 7, 12, 8, 0, 19, 18, 2, 1, 13, 3, 16, 5]",844.0,6.399009466171265
"[9, 6, 15, 10, 11, 14, 4, 17, 7, 12, 8, 0, 19, 18, 2, 1, 13, 3, 16, 5]",844.0,"[9, 6, 15, 10, 11, 14, 4, 17, 7, 12, 8, 0, 19, 18, 2, 1, 13, 3, 16, 5]",844.0,6.46601414680481
"[9, 6, 15, 10, 11, 14, 4, 17, 7, 12, 8, 0, 19, 18, 2, 1, 13, 3, 16, 5]",844.0,"[9, 6, 15, 10, 11, 14, 4, 17, 7, 12, 8, 0, 19, 18, 2, 1, 13, 3, 16, 5]",844.0,6.530011177062988
"[9, 6, 15, 10, 11, 14, 4, 17, 7, 12, 8, 0, 19, 18, 2, 1, 13, 3, 16, 5]",844.0,"[9, 6, 15, 10, 11, 14, 4, 17, 7, 12, 8, 0, 19, 18, 2, 1, 13, 3, 16, 5]",844.0,6.594013690948486
"[9, 6, 15, 10, 11, 14, 4, 17, 7, 12, 8, 0, 19, 18, 2, 1, 13, 3, 16, 5]",844.0,"[9, 6, 15, 10, 11, 14, 4, 17, 7, 12, 8, 0, 19, 18, 2, 1, 13, 3, 16, 5]",844.0,6.656018495559692
"[9, 6, 15, 10, 11, 14, 4, 17, 7, 12, 8, 0, 19, 18, 2, 1, 13, 3, 16, 5]",844.0,"[9, 6, 15, 10, 11, 14, 4, 17, 7, 12, 8, 0, 19, 18, 2, 1, 13, 3, 16, 5]",844.0,6.719014883041382
"[9, 6, 15, 10, 11, 14, 4, 17, 7, 12, 8, 0, 19, 18, 2, 1, 13, 3, 16, 5]",844.0,"[9, 6, 15, 10, 11, 14, 4, 17, 7, 12, 8, 0, 19, 18, 2, 1, 13, 3, 16, 5]",844.0,6.782015323638916
"[9, 6, 15, 10, 11, 14, 4, 17, 7, 12, 8, 0, 19, 18, 2, 1, 13, 3, 16, 5]",844.0,"[9, 6, 15, 10, 11, 14, 4, 17, 7, 12, 8, 0, 19, 18, 2, 1, 13, 3, 16, 5]",844.0,6.844018936157227
"[9, 6, 15, 10, 11, 14, 4, 17, 7, 12, 8, 0, 19, 18, 2, 1, 13, 3, 16, 5]",844.0,"[9, 6, 15, 10, 11, 14, 4, 17, 7, 12, 8, 0, 19, 18, 2, 1, 13, 3, 16, 5]",844.0,6.914015531539917
"[9, 6, 15, 10, 11, 14, 4, 17, 7, 12, 8, 0, 19, 18, 2, 1, 13, 3, 16, 5]",844.0,"[9, 6, 15, 10, 11, 14, 4, 17, 7, 12, 8, 0, 19, 18, 2, 1, 13, 3, 16, 5]",844.0,6.978016138076782
"[9, 6, 15, 10, 11, 14, 4, 17, 7, 12, 8, 0, 19, 18, 2, 1, 13, 3, 16, 5]",844.0,"[9, 6, 15, 10, 11, 14, 4, 17, 7, 12, 8, 0, 19, 18, 2, 1, 13, 3, 16, 5]",844.0,7.050015926361084
"[9, 6, 15, 10, 11, 14, 4, 17, 7, 12, 8, 0, 19, 18, 2, 1, 13, 3, 16, 5]",844.0,"[9, 6, 15, 10, 11, 14, 4, 17, 7, 12, 8, 0, 19, 18, 2, 1, 13, 3, 16, 5]",844.0,7.113023042678833
"[9, 6, 15, 10, 11, 14, 4, 17, 7, 12, 8, 0, 19, 18, 2, 1, 13, 3, 16, 5]",844.0,"[9, 6, 15, 10, 11, 14, 4, 17, 7, 12, 8, 0, 19, 18, 2, 1, 13, 3, 16, 5]",844.0,7.175024509429932
"[9, 6, 15, 10, 11, 14, 4, 17, 7, 12, 8, 0, 19, 18, 2, 1, 13, 3, 16, 5]",844.0,"[9, 6, 15, 10, 11, 14, 4, 17, 7, 12, 8, 0, 19, 18, 2, 1, 13, 3, 16, 5]",844.0,7.237020492553711
"[9, 6, 15, 10, 11, 14, 4, 17, 7, 12, 8, 0, 19, 18, 2, 1, 13, 3, 16, 5]",844.0,"[9, 6, 15, 10, 11, 14, 4, 17, 7, 12, 8, 0, 19, 18, 2, 1, 13, 3, 16, 5]",844.0,7.299031972885132
"[9, 6, 15, 10, 11, 14, 4, 17, 7, 12, 8, 0, 19, 18, 2, 1, 13, 3, 16, 5]",844.0,"[9, 6, 15, 10, 11, 14, 4, 17, 7, 12, 8, 0, 19, 18, 2, 1, 13, 3, 16, 5]",844.0,7.363025188446045
"[9, 6, 15, 10, 11, 14, 4, 17, 7, 12, 8, 0, 19, 18, 2, 1, 13, 3, 16, 5]",844.0,"[9, 6, 15, 10, 11, 14, 4, 17, 7, 12, 8, 0, 19, 18, 2, 1, 13, 3, 16, 5]",844.0,7.426019906997681
"[9, 6, 15, 10, 11, 14, 4, 17, 7, 12, 8, 0, 19, 18, 2, 1, 13, 3, 16, 5]",844.0,"[9, 6, 15, 10, 11, 14, 4, 17, 7, 12, 8, 0, 19, 18, 2, 1, 13, 3, 16, 5]",844.0,7.487040996551514
"[9, 6, 15, 10, 11, 14, 4, 17, 7, 12, 8, 0, 19, 18, 2, 1, 13, 3, 16, 5]",844.0,"[9, 6, 15, 10, 11, 14, 4, 17, 7, 12, 8, 0, 19, 18, 2, 1, 13, 3, 16, 5]",844.0,7.553028345108032
"[9, 6, 15, 10, 11, 14, 4, 17, 7, 12, 8, 0, 19, 18, 2, 1, 13, 3, 16, 5]",844.0,"[9, 6, 15, 10, 11, 14, 4, 17, 7, 12, 8, 0, 19, 18, 2, 1, 13, 3, 16, 5]",844.0,7.619024038314819
"[9, 6, 15, 10, 11, 14, 4, 17, 7, 12, 8, 0, 19, 18, 2, 1, 13, 3, 16, 5]",844.0,"[9, 6, 15, 10, 11, 14, 4, 17, 7, 12, 8, 0, 19, 18, 2, 1, 13, 3, 16, 5]",844.0,7.684022665023804
"[9, 6, 15, 10, 11, 14, 4, 17, 7, 12, 8, 0, 19, 18, 2, 1, 13, 3, 16, 5]",844.0,"[9, 6, 15, 10, 11, 14, 4, 17, 7, 12, 8, 0, 19, 18, 2, 1, 13, 3, 16, 5]",844.0,7.749022006988525
"[9, 6, 15, 10, 11, 14, 4, 17, 7, 12, 8, 0, 19, 18, 2, 1, 13, 3, 16, 5]",844.0,"[9, 6, 15, 10, 11, 14, 4, 17, 7, 12, 8, 0, 19, 18, 2, 1, 13, 3, 16, 5]",844.0,7.81402325630188
"[9, 6, 15, 10, 11, 14, 4, 17, 7, 12, 8, 0, 19, 18, 2, 1, 13, 3, 16, 5]",844.0,"[9, 6, 15, 10, 11, 14, 4, 17, 7, 12, 8, 0, 19, 18, 2, 1, 13, 3, 16, 5]",844.0,7.877027988433838
"[9, 6, 15, 10, 11, 14, 4, 17, 7, 12, 8, 0, 19, 18, 2, 1, 13, 3, 16, 5]",844.0,"[9, 6, 15, 10, 11, 14, 4, 17, 7, 12, 8, 0, 19, 18, 2, 1, 13, 3, 16, 5]",844.0,7.940028667449951
"[9, 6, 15, 10, 11, 14, 4, 17, 7, 12, 8, 0, 19, 18, 2, 1, 13, 3, 16, 5]",844.0,"[9, 6, 15, 10, 11, 14, 4, 17, 7, 12, 8, 0, 19, 18, 2, 1, 13, 3, 16, 5]",844.0,8.003027439117432
"[9, 6, 15, 10, 11, 14, 4, 17, 7, 12, 8, 0, 19, 18, 2, 1, 13, 3, 16, 5]",844.0,"[9, 6, 15, 10, 11, 14, 4, 17, 7, 12, 8, 0, 19, 18, 2, 1, 13, 3, 16, 5]",844.0,8.067028999328613
"[9, 6, 15, 10, 11, 14, 4, 17, 7, 12, 8, 0, 19, 18, 2, 1, 13, 3, 16, 5]",844.0,"[9, 6, 15, 10, 11, 14, 4, 17, 7, 12, 8, 0, 19, 18, 2, 1, 13, 3, 16, 5]",844.0,8.132031440734863
"[9, 6, 15, 10, 11, 14, 4, 17, 7, 12, 8, 0, 19, 18, 2, 1, 13, 3, 16, 5]",844.0,"[9, 6, 15, 10, 11, 14, 4, 17, 7, 12, 8, 0, 19, 18, 2, 1, 13, 3, 16, 5]",844.0,8.194035768508911
"[9, 6, 15, 10, 11, 14, 4, 17, 7, 12, 8, 0, 19, 18, 2, 1, 13, 3, 16, 5]",844.0,"[9, 6, 15, 10, 11, 14, 4, 17, 7, 12, 8, 0, 19, 18, 2, 1, 13, 3, 16, 5]",844.0,8.256097793579102
"[9, 6, 15, 10, 11, 14, 4, 17, 7, 12, 8, 0, 19, 18, 2, 1, 13, 3, 16, 5]",844.0,"[9, 6, 15, 10, 11, 14, 4, 17, 7, 12, 8, 0, 19, 18, 2, 1, 13, 3, 16, 5]",844.0,8.318033933639526
"[9, 6, 15, 10, 11, 14, 4, 17, 7, 12, 8, 0, 19, 18, 2, 1, 13, 3, 16, 5]",844.0,"[9, 6, 15, 10, 11, 14, 4, 17, 7, 12, 8, 0, 19, 18, 2, 1, 13, 3, 16, 5]",844.0,8.380037546157837
"[9, 6, 15, 10, 11, 14, 4, 17, 7, 12, 8, 0, 19, 18, 2, 1, 13, 3, 16, 5]",844.0,"[9, 6, 15, 10, 11, 14, 4, 17, 7, 12, 8, 0, 19, 18, 2, 1, 13, 3, 16, 5]",844.0,8.443033933639526
"[9, 6, 15, 10, 11, 14, 4, 17, 7, 12, 8, 0, 19, 18, 2, 1, 13, 3, 16, 5]",844.0,"[9, 6, 15, 10, 11, 14, 4, 17, 7, 12, 8, 0, 19, 18, 2, 1, 13, 3, 16, 5]",844.0,8.509034395217896
"[9, 6, 15, 10, 11, 14, 4, 17, 7, 12, 8, 0, 19, 18, 2, 1, 13, 3, 16, 5]",844.0,"[9, 6, 15, 10, 11, 14, 4, 17, 7, 12, 8, 0, 19, 18, 2, 1, 13, 3, 16, 5]",844.0,8.575038433074951
"[9, 6, 15, 10, 11, 14, 4, 17, 7, 12, 8, 0, 19, 18, 2, 1, 13, 3, 16, 5]",844.0,"[9, 6, 15, 10, 11, 14, 4, 17, 7, 12, 8, 0, 19, 18, 2, 1, 13, 3, 16, 5]",844.0,8.638035774230957
"[9, 6, 15, 10, 11, 14, 4, 17, 7, 12, 8, 0, 19, 18, 2, 1, 13, 3, 16, 5]",844.0,"[9, 6, 15, 10, 11, 14, 4, 17, 7, 12, 8, 0, 19, 18, 2, 1, 13, 3, 16, 5]",844.0,8.701036214828491
"[9, 6, 15, 10, 11, 14, 4, 17, 7, 12, 8, 0, 19, 18, 2, 1, 13, 3, 16, 5]",844.0,"[9, 6, 15, 10, 11, 14, 4, 17, 7, 12, 8, 0, 19, 18, 2, 1, 13, 3, 16, 5]",844.0,8.764036178588867
"[9, 6, 15, 10, 11, 14, 4, 17, 7, 12, 8, 0, 19, 18, 2, 1, 13, 3, 16, 5]",844.0,"[9, 6, 15, 10, 11, 14, 4, 17, 7, 12, 8, 0, 19, 18, 2, 1, 13, 3, 16, 5]",844.0,8.826035976409912
"[9, 16, 15, 10, 11, 14, 4, 17, 7, 12, 8, 0, 19, 18, 2, 1, 13, 3, 6, 5]",831.5,"[9, 16, 15, 10, 11, 14, 4, 17, 7, 12, 8, 0, 19, 18, 2, 1, 13, 3, 6, 5]",831.5,8.892044067382812
"[9, 16, 15, 10, 11, 14, 4, 17, 7, 12, 8, 0, 19, 18, 2, 1, 13, 3, 6, 5]",831.5,"[9, 16, 15, 10, 11, 14, 4, 17, 7, 12, 8, 0, 19, 18, 2, 1, 13, 3, 6, 5]",831.5,8.955055236816406
"[9, 16, 15, 10, 11, 14, 4, 17, 7, 12, 8, 0, 19, 18, 2, 1, 13, 3, 6, 5]",831.5,"[9, 16, 15, 10, 11, 14, 4, 17, 7, 12, 8, 0, 19, 18, 2, 1, 13, 3, 6, 5]",831.5,9.016036987304688
"[9, 16, 15, 10, 11, 14, 4, 17, 7, 12, 8, 0, 19, 18, 2, 1, 13, 3, 6, 5]",831.5,"[9, 16, 15, 10, 11, 14, 4, 17, 7, 12, 8, 0, 19, 18, 2, 1, 13, 3, 6, 5]",831.5,9.079039096832275
"[9, 16, 15, 10, 11, 14, 4, 17, 7, 12, 8, 0, 19, 18, 2, 1, 13, 3, 6, 5]",831.5,"[9, 16, 15, 10, 11, 14, 4, 17, 7, 12, 8, 0, 19, 18, 2, 1, 13, 3, 6, 5]",831.5,9.145050048828125
"[9, 16, 15, 10, 11, 14, 4, 17, 7, 12, 8, 0, 19, 18, 2, 1, 13, 3, 6, 5]",831.5,"[9, 16, 15, 10, 11, 14, 4, 17, 7, 12, 8, 0, 19, 18, 2, 1, 13, 3, 6, 5]",831.5,9.239041328430176
"[9, 16, 15, 10, 11, 14, 4, 17, 7, 12, 8, 0, 19, 18, 2, 13, 1, 3, 6, 5]",818.0,"[9, 16, 15, 10, 11, 14, 4, 17, 7, 12, 8, 0, 19, 18, 2, 13, 1, 3, 6, 5]",818.0,9.303043365478516
"[9, 16, 15, 10, 11, 14, 4, 17, 7, 12, 8, 0, 19, 18, 2, 13, 1, 3, 6, 5]",818.0,"[9, 16, 15, 10, 11, 14, 4, 17, 7, 12, 8, 0, 19, 18, 2, 13, 1, 3, 6, 5]",818.0,9.366044044494629
"[9, 16, 15, 10, 11, 14, 4, 17, 7, 12, 8, 0, 19, 18, 2, 13, 1, 3, 6, 5]",818.0,"[9, 16, 15, 10, 11, 14, 4, 17, 7, 12, 8, 0, 19, 18, 2, 13, 1, 3, 6, 5]",818.0,9.429044961929321
"[9, 16, 15, 10, 11, 14, 4, 17, 7, 12, 8, 0, 19, 18, 2, 13, 1, 3, 6, 5]",818.0,"[9, 16, 15, 10, 11, 14, 4, 17, 7, 12, 8, 0, 19, 18, 2, 13, 1, 3, 6, 5]",818.0,9.494045734405518
"[9, 16, 15, 10, 11, 14, 4, 17, 7, 12, 8, 0, 19, 18, 2, 13, 1, 3, 6, 5]",818.0,"[9, 16, 15, 10, 11, 14, 4, 17, 7, 12, 8, 0, 19, 18, 2, 13, 1, 3, 6, 5]",818.0,9.558049201965332
"[9, 16, 15, 10, 11, 14, 4, 17, 7, 12, 8, 0, 19, 18, 2, 13, 1, 3, 6, 5]",818.0,"[9, 16, 15, 10, 11, 14, 4, 17, 7, 12, 8, 0, 19, 18, 2, 13, 1, 3, 6, 5]",818.0,9.61904525756836
"[9, 16, 15, 10, 11, 14, 4, 17, 7, 12, 8, 0, 19, 18, 2, 13, 1, 3, 6, 5]",818.0,"[9, 16, 15, 10, 11, 14, 4, 17, 7, 12, 8, 0, 19, 18, 2, 13, 1, 3, 6, 5]",818.0,9.680060625076294
"[9, 16, 15, 10, 11, 14, 4, 17, 7, 12, 8, 0, 19, 18, 2, 13, 1, 3, 6, 5]",818.0,"[9, 16, 15, 10, 11, 14, 4, 17, 7, 12, 8, 0, 19, 18, 2, 13, 1, 3, 6, 5]",818.0,9.741060018539429
"[9, 16, 15, 10, 11, 14, 4, 17, 7, 12, 8, 0, 19, 18, 2, 13, 1, 3, 6, 5]",818.0,"[9, 16, 15, 10, 11, 14, 4, 17, 7, 12, 8, 0, 19, 18, 2, 13, 1, 3, 6, 5]",818.0,9.803048133850098
"[9, 16, 15, 10, 11, 14, 4, 17, 7, 12, 8, 0, 19, 18, 2, 13, 1, 3, 6, 5]",818.0,"[9, 16, 15, 10, 11, 14, 4, 17, 7, 12, 8, 0, 19, 18, 2, 13, 1, 3, 6, 5]",818.0,9.877281427383423
"[9, 16, 15, 10, 11, 14, 4, 17, 7, 12, 8, 0, 19, 18, 2, 13, 1, 3, 6, 5]",818.0,"[9, 16, 15, 10, 11, 14, 4, 17, 7, 12, 8, 0, 19, 18, 2, 13, 1, 3, 6, 5]",818.0,9.958047151565552
"[9, 16, 15, 10, 11, 14, 4, 17, 7, 12, 8, 0, 19, 18, 2, 13, 1, 3, 6, 5]",818.0,"[9, 16, 15, 10, 11, 14, 4, 17, 7, 12, 8, 0, 19, 18, 2, 13, 1, 3, 6, 5]",818.0,10.025057315826416
"[9, 16, 15, 10, 11, 14, 4, 17, 7, 12, 8, 0, 19, 18, 2, 13, 1, 3, 6, 5]",818.0,"[9, 16, 15, 10, 11, 14, 4, 17, 7, 12, 8, 0, 19, 18, 2, 13, 1, 3, 6, 5]",818.0,10.096055269241333
"[9, 16, 15, 10, 11, 14, 4, 17, 7, 12, 8, 0, 19, 18, 2, 13, 1, 3, 6, 5]",818.0,"[9, 16, 15, 10, 11, 14, 4, 17, 7, 12, 8, 0, 19, 18, 2, 13, 1, 3, 6, 5]",818.0,10.171048879623413
"[9, 16, 15, 10, 11, 14, 4, 17, 7, 12, 8, 0, 19, 18, 2, 13, 1, 3, 6, 5]",818.0,"[9, 16, 15, 10, 11, 14, 4, 17, 7, 12, 8, 0, 19, 18, 2, 13, 1, 3, 6, 5]",818.0,10.235050916671753
"[9, 16, 15, 10, 11, 14, 4, 17, 7, 12, 8, 0, 19, 18, 2, 13, 1, 3, 6, 5]",818.0,"[9, 16, 15, 10, 11, 14, 4, 17, 7, 12, 8, 0, 19, 18, 2, 13, 1, 3, 6, 5]",818.0,10.298072338104248
"[9, 16, 15, 10, 11, 14, 4, 17, 7, 12, 8, 0, 19, 18, 2, 13, 1, 3, 6, 5]",818.0,"[9, 16, 15, 10, 11, 14, 4, 17, 7, 12, 8, 0, 19, 18, 2, 13, 1, 3, 6, 5]",818.0,10.361063718795776
"[9, 16, 15, 10, 11, 14, 4, 17, 7, 12, 8, 0, 19, 18, 2, 13, 1, 3, 6, 5]",818.0,"[9, 16, 15, 10, 11, 14, 4, 17, 7, 12, 8, 0, 19, 18, 2, 13, 1, 3, 6, 5]",818.0,10.424052953720093
"[9, 16, 15, 10, 11, 14, 4, 17, 7, 12, 8, 0, 19, 18, 2, 13, 1, 3, 6, 5]",818.0,"[9, 16, 15, 10, 11, 14, 4, 17, 7, 12, 8, 0, 19, 18, 2, 13, 1, 3, 6, 5]",818.0,10.488068103790283
"[9, 16, 15, 10, 11, 14, 4, 17, 7, 12, 8, 0, 19, 18, 2, 13, 1, 3, 6, 5]",818.0,"[9, 16, 15, 10, 11, 14, 4, 17, 7, 12, 8, 0, 19, 18, 2, 13, 1, 3, 6, 5]",818.0,10.5490562915802
"[9, 16, 15, 10, 11, 14, 4, 17, 7, 12, 8, 0, 19, 18, 2, 13, 1, 3, 6, 5]",818.0,"[9, 16, 15, 10, 11, 14, 4, 17, 7, 12, 8, 0, 19, 18, 2, 13, 1, 3, 6, 5]",818.0,10.614060878753662
"[9, 16, 15, 10, 11, 14, 4, 17, 7, 12, 8, 0, 19, 18, 2, 13, 1, 3, 6, 5]",818.0,"[9, 16, 15, 10, 11, 14, 4, 17, 7, 12, 8, 0, 19, 18, 2, 13, 1, 3, 6, 5]",818.0,10.677059650421143
"[9, 16, 15, 10, 11, 14, 4, 17, 7, 12, 8, 0, 19, 18, 2, 13, 1, 3, 6, 5]",818.0,"[9, 16, 15, 10, 11, 14, 4, 17, 7, 12, 8, 0, 19, 18, 2, 13, 1, 3, 6, 5]",818.0,10.74205994606018
"[9, 16, 15, 10, 11, 14, 4, 17, 7, 12, 8, 0, 19, 18, 2, 13, 1, 3, 6, 5]",818.0,"[9, 16, 15, 10, 11, 14, 4, 17, 7, 12, 8, 0, 19, 18, 2, 13, 1, 3, 6, 5]",818.0,10.810057163238525
"[9, 16, 15, 10, 11, 14, 4, 17, 7, 12, 8, 0, 19, 18, 2, 13, 1, 3, 6, 5]",818.0,"[9, 16, 15, 10, 11, 14, 4, 17, 7, 12, 8, 0, 19, 18, 2, 13, 1, 3, 6, 5]",818.0,10.875058650970459
"[9, 16, 15, 10, 11, 14, 4, 17, 7, 12, 8, 0, 19, 18, 2, 13, 1, 3, 6, 5]",818.0,"[9, 16, 15, 10, 11, 14, 4, 17, 7, 12, 8, 0, 19, 18, 2, 13, 1, 3, 6, 5]",818.0,10.946059942245483
"[9, 16, 15, 10, 11, 14, 4, 17, 7, 12, 8, 0, 19, 18, 2, 13, 1, 3, 6, 5]",818.0,"[9, 16, 15, 10, 11, 14, 4, 17, 7, 12, 8, 0, 19, 18, 2, 13, 1, 3, 6, 5]",818.0,11.008064985275269
"[9, 16, 15, 10, 11, 14, 4, 17, 7, 12, 8, 0, 19, 18, 2, 13, 1, 3, 6, 5]",818.0,"[9, 16, 15, 10, 11, 14, 4, 17, 7, 12, 8, 0, 19, 18, 2, 13, 1, 3, 6, 5]",818.0,11.071064472198486
"[9, 16, 15, 10, 11, 14, 4, 17, 7, 12, 8, 0, 19, 18, 2, 13, 1, 3, 6, 5]",818.0,"[9, 16, 15, 10, 11, 14, 4, 17, 7, 12, 8, 0, 19, 18, 2, 13, 1, 3, 6, 5]",818.0,11.138065814971924
"[9, 16, 15, 10, 11, 14, 4, 17, 7, 12, 8, 0, 19, 18, 2, 13, 1, 3, 6, 5]",818.0,"[9, 16, 15, 10, 11, 14, 4, 17, 7, 12, 8, 0, 19, 18, 2, 13, 1, 3, 6, 5]",818.0,11.203062534332275
"[9, 16, 15, 10, 11, 14, 4, 17, 7, 12, 8, 0, 19, 18, 2, 13, 1, 3, 6, 5]",818.0,"[9, 16, 15, 10, 11, 14, 4, 17, 7, 12, 8, 0, 19, 18, 2, 13, 1, 3, 6, 5]",818.0,11.266063928604126
"[9, 16, 15, 10, 11, 14, 4, 17, 7, 12, 8, 0, 19, 18, 2, 13, 1, 3, 6, 5]",818.0,"[9, 16, 15, 10, 11, 14, 4, 17, 7, 12, 8, 0, 19, 18, 2, 13, 1, 3, 6, 5]",818.0,11.328071355819702
"[9, 16, 15, 10, 11, 14, 4, 17, 7, 12, 8, 0, 19, 18, 2, 13, 1, 3, 6, 5]",818.0,"[9, 16, 15, 10, 11, 14, 4, 17, 7, 12, 8, 0, 19, 18, 2, 13, 1, 3, 6, 5]",818.0,11.390069484710693
"[9, 16, 15, 10, 11, 14, 4, 17, 7, 12, 8, 0, 19, 18, 2, 13, 1, 3, 6, 5]",818.0,"[9, 16, 15, 10, 11, 14, 4, 17, 7, 12, 8, 0, 19, 18, 2, 13, 1, 3, 6, 5]",818.0,11.453065633773804
"[16, 9, 15, 10, 11, 14, 4, 17, 7, 12, 8, 0, 19, 18, 2, 13, 1, 3, 6, 5]",816.5,"[16, 9, 15, 10, 11, 14, 4, 17, 7, 12, 8, 0, 19, 18, 2, 13, 1, 3, 6, 5]",816.5,11.518069505691528
"[16, 9, 15, 10, 11, 14, 4, 17, 7, 12, 8, 0, 19, 18, 2, 13, 1, 3, 6, 5]",816.5,"[16, 9, 15, 10, 11, 14, 4, 17, 7, 12, 8, 0, 19, 18, 2, 13, 1, 3, 6, 5]",816.5,11.583065748214722
"[16, 9, 15, 10, 11, 14, 4, 17, 7, 12, 8, 0, 19, 18, 2, 13, 1, 3, 6, 5]",816.5,"[16, 9, 15, 10, 11, 14, 4, 17, 7, 12, 8, 0, 19, 18, 2, 13, 1, 3, 6, 5]",816.5,11.648067235946655
"[16, 9, 15, 10, 11, 14, 4, 17, 7, 12, 8, 0, 19, 18, 2, 13, 1, 3, 6, 5]",816.5,"[16, 9, 15, 10, 11, 14, 4, 17, 7, 12, 8, 0, 19, 18, 2, 13, 1, 3, 6, 5]",816.5,11.711074352264404
"[16, 9, 15, 10, 11, 14, 4, 17, 7, 12, 8, 0, 19, 18, 2, 13, 1, 3, 6, 5]",816.5,"[16, 9, 15, 10, 11, 14, 4, 17, 7, 12, 8, 0, 19, 18, 2, 13, 1, 3, 6, 5]",816.5,11.774081230163574
"[16, 9, 15, 10, 11, 14, 4, 17, 7, 12, 8, 0, 19, 18, 2, 13, 1, 3, 6, 5]",816.5,"[16, 9, 15, 10, 11, 14, 4, 17, 7, 12, 8, 0, 19, 18, 2, 13, 1, 3, 6, 5]",816.5,11.837073564529419
"[16, 9, 15, 10, 11, 14, 4, 17, 7, 12, 8, 0, 19, 18, 2, 13, 1, 3, 6, 5]",816.5,"[16, 9, 15, 10, 11, 14, 4, 17, 7, 12, 8, 0, 19, 18, 2, 13, 1, 3, 6, 5]",816.5,11.899078607559204
"[16, 9, 15, 10, 11, 14, 4, 17, 7, 12, 8, 0, 19, 18, 2, 13, 1, 3, 6, 5]",816.5,"[16, 9, 15, 10, 11, 14, 4, 17, 7, 12, 8, 0, 19, 18, 2, 13, 1, 3, 6, 5]",816.5,11.96307373046875
"[16, 9, 15, 10, 11, 14, 4, 17, 7, 12, 8, 0, 19, 18, 2, 13, 1, 3, 6, 5]",816.5,"[16, 9, 15, 10, 11, 14, 4, 17, 7, 12, 8, 0, 19, 18, 2, 13, 1, 3, 6, 5]",816.5,12.028077125549316
"[16, 9, 15, 10, 11, 14, 4, 17, 7, 12, 8, 0, 19, 18, 2, 13, 1, 3, 6, 5]",816.5,"[16, 9, 15, 10, 11, 14, 4, 17, 7, 12, 8, 0, 19, 18, 2, 13, 1, 3, 6, 5]",816.5,12.091076135635376
"[16, 9, 15, 10, 11, 14, 4, 17, 7, 12, 8, 0, 19, 18, 2, 13, 1, 3, 6, 5]",816.5,"[16, 9, 15, 10, 11, 14, 4, 17, 7, 12, 8, 0, 19, 18, 2, 13, 1, 3, 6, 5]",816.5,12.158109188079834
"[16, 9, 15, 10, 11, 14, 4, 17, 7, 12, 8, 0, 19, 18, 2, 13, 1, 3, 6, 5]",816.5,"[16, 9, 15, 10, 11, 14, 4, 17, 7, 12, 8, 0, 19, 18, 2, 13, 1, 3, 6, 5]",816.5,12.229077339172363
"[16, 9, 15, 10, 11, 14, 4, 17, 7, 12, 8, 0, 19, 18, 2, 13, 1, 3, 6, 5]",816.5,"[16, 9, 15, 10, 11, 14, 4, 17, 7, 12, 8, 0, 19, 18, 2, 13, 1, 3, 6, 5]",816.5,12.294103860855103
"[16, 9, 15, 10, 11, 14, 4, 17, 7, 12, 8, 0, 19, 18, 2, 13, 1, 3, 6, 5]",816.5,"[16, 9, 15, 10, 11, 14, 4, 17, 7, 12, 8, 0, 19, 18, 2, 13, 1, 3, 6, 5]",816.5,12.359078645706177
"[16, 9, 15, 10, 11, 14, 4, 17, 7, 12, 8, 0, 19, 18, 2, 13, 1, 3, 6, 5]",816.5,"[16, 9, 15, 10, 11, 14, 4, 17, 7, 12, 8, 0, 19, 18, 2, 13, 1, 3, 6, 5]",816.5,12.42707872390747
"[16, 9, 15, 10, 11, 14, 4, 17, 7, 12, 8, 0, 19, 18, 2, 13, 1, 3, 6, 5]",816.5,"[16, 9, 15, 10, 11, 14, 4, 17, 7, 12, 8, 0, 19, 18, 2, 13, 1, 3, 6, 5]",816.5,12.491081714630127
"[16, 9, 15, 10, 11, 14, 4, 17, 7, 12, 8, 0, 19, 18, 2, 13, 1, 3, 6, 5]",816.5,"[16, 9, 15, 10, 11, 14, 4, 17, 7, 12, 8, 0, 19, 18, 2, 13, 1, 3, 6, 5]",816.5,12.556080341339111
"[16, 9, 15, 10, 11, 14, 4, 17, 7, 12, 8, 0, 19, 18, 2, 13, 1, 3, 6, 5]",816.5,"[16, 9, 15, 10, 11, 14, 4, 17, 7, 12, 8, 0, 19, 18, 2, 13, 1, 3, 6, 5]",816.5,12.62008261680603
"[16, 9, 15, 10, 11, 14, 4, 17, 7, 12, 8, 0, 19, 18, 2, 13, 1, 3, 6, 5]",816.5,"[16, 9, 15, 10, 11, 14, 4, 17, 7, 12, 8, 0, 19, 18, 2, 13, 1, 3, 6, 5]",816.5,12.68208622932434
"[16, 9, 15, 10, 11, 14, 4, 17, 7, 12, 8, 0, 19, 18, 2, 13, 1, 3, 6, 5]",816.5,"[16, 9, 15, 10, 11, 14, 4, 17, 7, 12, 8, 0, 19, 18, 2, 13, 1, 3, 6, 5]",816.5,12.746084213256836
"[16, 9, 15, 10, 11, 14, 4, 17, 7, 12, 8, 0, 19, 18, 2, 13, 1, 3, 6, 5]",816.5,"[16, 9, 15, 10, 11, 14, 4, 17, 7, 12, 8, 0, 19, 18, 2, 13, 1, 3, 6, 5]",816.5,12.811084508895874
"[16, 9, 15, 10, 11, 14, 4, 17, 7, 12, 8, 0, 19, 18, 2, 13, 1, 3, 6, 5]",816.5,"[16, 9, 15, 10, 11, 14, 4, 17, 7, 12, 8, 0, 19, 18, 2, 13, 1, 3, 6, 5]",816.5,12.876085042953491
"[16, 9, 15, 10, 11, 14, 4, 17, 7, 12, 8, 0, 19, 18, 2, 13, 1, 3, 6, 5]",816.5,"[16, 9, 15, 10, 11, 14, 4, 17, 7, 12, 8, 0, 19, 18, 2, 13, 1, 3, 6, 5]",816.5,12.936086654663086
"[16, 9, 15, 10, 11, 14, 4, 17, 7, 12, 8, 0, 19, 18, 2, 13, 1, 3, 6, 5]",816.5,"[16, 9, 15, 10, 11, 14, 4, 17, 7, 12, 8, 0, 19, 18, 2, 13, 1, 3, 6, 5]",816.5,12.99908971786499
"[16, 9, 15, 10, 11, 14, 4, 17, 7, 12, 8, 0, 19, 18, 2, 13, 1, 3, 6, 5]",816.5,"[16, 9, 15, 10, 11, 14, 4, 17, 7, 12, 8, 0, 19, 18, 2, 13, 1, 3, 6, 5]",816.5,13.064091444015503
"[16, 9, 15, 10, 11, 14, 4, 17, 7, 12, 8, 0, 19, 18, 2, 13, 1, 3, 6, 5]",816.5,"[16, 9, 15, 10, 11, 14, 4, 17, 7, 12, 8, 0, 19, 18, 2, 13, 1, 3, 6, 5]",816.5,13.129087686538696
"[16, 9, 15, 10, 11, 14, 4, 17, 7, 12, 8, 0, 19, 18, 2, 13, 1, 3, 6, 5]",816.5,"[16, 9, 15, 10, 11, 14, 4, 17, 7, 12, 8, 0, 19, 18, 2, 13, 1, 3, 6, 5]",816.5,13.194085836410522
"[16, 9, 15, 10, 11, 14, 4, 17, 7, 12, 8, 0, 19, 18, 2, 13, 1, 3, 6, 5]",816.5,"[16, 9, 15, 10, 11, 14, 4, 17, 7, 12, 8, 0, 19, 18, 2, 13, 1, 3, 6, 5]",816.5,13.255096912384033
"[16, 9, 15, 10, 11, 14, 4, 17, 7, 12, 8, 0, 19, 18, 2, 13, 1, 3, 6, 5]",816.5,"[16, 9, 15, 10, 11, 14, 4, 17, 7, 12, 8, 0, 19, 18, 2, 13, 1, 3, 6, 5]",816.5,13.318089962005615
"[16, 9, 15, 10, 11, 14, 4, 17, 7, 12, 8, 0, 19, 18, 2, 13, 1, 3, 6, 5]",816.5,"[16, 9, 15, 10, 11, 14, 4, 17, 7, 12, 8, 0, 19, 18, 2, 13, 1, 3, 6, 5]",816.5,13.382092714309692
"[16, 9, 15, 10, 11, 14, 4, 17, 7, 12, 8, 0, 19, 18, 2, 13, 1, 3, 6, 5]",816.5,"[16, 9, 15, 10, 11, 14, 4, 17, 7, 12, 8, 0, 19, 18, 2, 13, 1, 3, 6, 5]",816.5,13.444095134735107
"[16, 9, 15, 10, 11, 14, 4, 17, 7, 12, 8, 0, 19, 18, 2, 13, 1, 3, 6, 5]",816.5,"[16, 9, 15, 10, 11, 14, 4, 17, 7, 12, 8, 0, 19, 18, 2, 13, 1, 3, 6, 5]",816.5,13.507102727890015
"[16, 9, 15, 10, 11, 14, 4, 17, 7, 12, 8, 0, 19, 18, 2, 13, 1, 3, 6, 5]",816.5,"[16, 9, 15, 10, 11, 14, 4, 17, 7, 12, 8, 0, 19, 18, 2, 13, 1, 3, 6, 5]",816.5,13.574092626571655
"[16, 9, 15, 10, 11, 14, 4, 17, 7, 12, 8, 0, 19, 18, 2, 13, 1, 3, 6, 5]",816.5,"[16, 9, 15, 10, 11, 14, 4, 17, 7, 12, 8, 0, 19, 18, 2, 13, 1, 3, 6, 5]",816.5,13.638094902038574
"[16, 9, 15, 10, 11, 14, 4, 17, 7, 12, 8, 0, 19, 18, 2, 13, 1, 3, 6, 5]",816.5,"[16, 9, 15, 10, 11, 14, 4, 17, 7, 12, 8, 0, 19, 18, 2, 13, 1, 3, 6, 5]",816.5,13.708324432373047
"[16, 9, 15, 10, 11, 14, 4, 17, 7, 12, 8, 0, 19, 18, 2, 13, 1, 3, 6, 5]",816.5,"[16, 9, 15, 10, 11, 14, 4, 17, 7, 12, 8, 0, 19, 18, 2, 13, 1, 3, 6, 5]",816.5,13.779093503952026
"[16, 9, 15, 10, 11, 14, 4, 17, 7, 12, 8, 0, 19, 18, 2, 13, 1, 3, 6, 5]",816.5,"[16, 9, 15, 10, 11, 14, 4, 17, 7, 12, 8, 0, 19, 18, 2, 13, 1, 3, 6, 5]",816.5,13.845120668411255
"[16, 9, 15, 10, 11, 14, 4, 17, 7, 12, 8, 0, 19, 18, 2, 13, 1, 3, 6, 5]",816.5,"[16, 9, 15, 10, 11, 14, 4, 17, 7, 12, 8, 0, 19, 18, 2, 13, 1, 3, 6, 5]",816.5,13.910094499588013
"[16, 9, 15, 10, 11, 14, 4, 17, 7, 12, 8, 0, 19, 18, 2, 13, 1, 3, 6, 5]",816.5,"[16, 9, 15, 10, 11, 14, 4, 17, 7, 12, 8, 0, 19, 18, 2, 13, 1, 3, 6, 5]",816.5,14.002102613449097
"[16, 9, 15, 10, 11, 14, 4, 17, 7, 12, 8, 0, 19, 18, 2, 13, 1, 3, 6, 5]",816.5,"[16, 9, 15, 10, 11, 14, 4, 17, 7, 12, 8, 0, 19, 18, 2, 13, 1, 3, 6, 5]",816.5,14.068097114562988
"[16, 9, 15, 10, 11, 14, 4, 17, 7, 12, 8, 0, 19, 18, 2, 13, 1, 3, 6, 5]",816.5,"[16, 9, 15, 10, 11, 14, 4, 17, 7, 12, 8, 0, 19, 18, 2, 13, 1, 3, 6, 5]",816.5,14.132102966308594
"[16, 9, 15, 10, 11, 14, 4, 17, 7, 12, 8, 0, 19, 18, 2, 13, 1, 3, 6, 5]",816.5,"[16, 9, 15, 10, 11, 14, 4, 17, 7, 12, 8, 0, 19, 18, 2, 13, 1, 3, 6, 5]",816.5,14.195106029510498
"[16, 9, 15, 10, 11, 14, 4, 17, 7, 12, 8, 0, 19, 18, 2, 13, 1, 3, 6, 5]",816.5,"[16, 9, 15, 10, 11, 14, 4, 17, 7, 12, 8, 0, 19, 18, 2, 13, 1, 3, 6, 5]",816.5,14.258105993270874
"[16, 9, 15, 10, 11, 14, 4, 17, 7, 12, 8, 0, 19, 18, 2, 13, 1, 3, 6, 5]",816.5,"[16, 9, 15, 10, 11, 14, 4, 17, 7, 12, 8, 0, 19, 18, 2, 13, 1, 3, 6, 5]",816.5,14.32014536857605
"[16, 9, 15, 10, 11, 14, 4, 17, 7, 12, 8, 0, 19, 18, 2, 13, 1, 3, 6, 5]",816.5,"[16, 9, 15, 10, 11, 14, 4, 17, 7, 12, 8, 0, 19, 18, 2, 13, 1, 3, 6, 5]",816.5,14.384109020233154
"[16, 9, 15, 10, 11, 14, 4, 17, 7, 12, 8, 0, 19, 18, 2, 13, 1, 3, 6, 5]",816.5,"[16, 9, 15, 10, 11, 14, 4, 17, 7, 12, 8, 0, 19, 18, 2, 13, 1, 3, 6, 5]",816.5,14.4481041431427
"[16, 9, 15, 10, 11, 14, 4, 17, 7, 12, 8, 0, 19, 18, 2, 13, 1, 3, 6, 5]",816.5,"[16, 9, 15, 10, 11, 14, 4, 17, 7, 12, 8, 0, 19, 18, 2, 13, 1, 3, 6, 5]",816.5,14.51010537147522
"[16, 9, 15, 10, 11, 14, 4, 17, 7, 12, 8, 0, 19, 18, 2, 13, 1, 3, 6, 5]",816.5,"[16, 9, 15, 10, 11, 14, 4, 17, 7, 12, 8, 0, 19, 18, 2, 13, 1, 3, 6, 5]",816.5,14.573107719421387
"[16, 9, 15, 10, 11, 14, 4, 17, 7, 12, 8, 0, 19, 18, 2, 13, 1, 3, 6, 5]",816.5,"[16, 9, 15, 10, 11, 14, 4, 17, 7, 12, 8, 0, 19, 18, 2, 13, 1, 3, 6, 5]",816.5,14.637103080749512
"[16, 9, 15, 10, 11, 14, 4, 17, 7, 12, 8, 0, 19, 18, 2, 13, 1, 3, 6, 5]",816.5,"[16, 9, 15, 10, 11, 14, 4, 17, 7, 12, 8, 0, 19, 18, 2, 13, 1, 3, 6, 5]",816.5,14.700104475021362
"[16, 9, 15, 10, 11, 14, 4, 17, 7, 12, 8, 0, 19, 18, 2, 13, 1, 3, 6, 5]",816.5,"[16, 9, 15, 10, 11, 14, 4, 17, 7, 12, 8, 0, 19, 18, 2, 13, 1, 3, 6, 5]",816.5,14.764110803604126
"[16, 9, 15, 10, 11, 14, 4, 17, 7, 12, 8, 0, 19, 18, 2, 13, 1, 3, 6, 5]",816.5,"[16, 9, 15, 10, 11, 14, 4, 17, 7, 12, 8, 0, 19, 18, 2, 13, 1, 3, 6, 5]",816.5,14.828112363815308
"[16, 9, 15, 10, 11, 14, 4, 17, 7, 12, 8, 0, 19, 18, 2, 13, 1, 3, 6, 5]",816.5,"[16, 9, 15, 10, 11, 14, 4, 17, 7, 12, 8, 0, 19, 18, 2, 13, 1, 3, 6, 5]",816.5,14.89110779762268
"[16, 9, 15, 10, 11, 14, 4, 17, 7, 12, 8, 0, 19, 18, 2, 13, 1, 3, 6, 5]",816.5,"[16, 9, 15, 10, 11, 14, 4, 17, 7, 12, 8, 0, 19, 18, 2, 13, 1, 3, 6, 5]",816.5,14.955108642578125
"[16, 9, 15, 10, 11, 14, 4, 17, 7, 12, 8, 0, 19, 18, 2, 13, 1, 3, 6, 5]",816.5,"[16, 9, 15, 10, 11, 14, 4, 17, 7, 12, 8, 0, 19, 18, 2, 13, 1, 3, 6, 5]",816.5,15.02111005783081
"[16, 9, 15, 10, 11, 14, 4, 17, 7, 12, 8, 0, 19, 18, 2, 13, 1, 3, 6, 5]",816.5,"[16, 9, 15, 10, 11, 14, 4, 17, 7, 12, 8, 0, 19, 18, 2, 13, 1, 3, 6, 5]",816.5,15.087116241455078
"[16, 9, 15, 10, 11, 14, 4, 17, 7, 12, 8, 0, 19, 18, 2, 13, 1, 3, 6, 5]",816.5,"[16, 9, 15, 10, 11, 14, 4, 17, 7, 12, 8, 0, 19, 18, 2, 13, 1, 3, 6, 5]",816.5,15.155113220214844
"[16, 9, 15, 10, 11, 14, 4, 17, 7, 12, 8, 0, 19, 18, 2, 13, 1, 3, 6, 5]",816.5,"[16, 9, 15, 10, 11, 14, 4, 17, 7, 12, 8, 0, 19, 18, 2, 13, 1, 3, 6, 5]",816.5,15.220136880874634
"[16, 9, 15, 10, 11, 14, 4, 17, 7, 12, 8, 0, 19, 18, 2, 13, 1, 3, 6, 5]",816.5,"[16, 9, 15, 10, 11, 14, 4, 17, 7, 12, 8, 0, 19, 18, 2, 13, 1, 3, 6, 5]",816.5,15.285121440887451
"[16, 9, 15, 10, 11, 14, 4, 17, 7, 12, 8, 0, 19, 18, 2, 13, 1, 3, 6, 5]",816.5,"[16, 9, 15, 10, 11, 14, 4, 17, 7, 12, 8, 0, 19, 18, 2, 13, 1, 3, 6, 5]",816.5,15.350120067596436
"[16, 9, 15, 10, 11, 14, 4, 17, 7, 12, 8, 0, 19, 18, 2, 13, 1, 3, 6, 5]",816.5,"[16, 9, 15, 10, 11, 14, 4, 17, 7, 12, 8, 0, 19, 18, 2, 13, 1, 3, 6, 5]",816.5,15.414119005203247
"[16, 9, 15, 10, 11, 14, 4, 17, 7, 12, 8, 0, 19, 18, 2, 13, 1, 3, 6, 5]",816.5,"[16, 9, 15, 10, 11, 14, 4, 17, 7, 12, 8, 0, 19, 18, 2, 13, 1, 3, 6, 5]",816.5,15.481119871139526
"[16, 9, 15, 10, 11, 14, 4, 17, 7, 12, 8, 0, 19, 18, 2, 13, 1, 3, 6, 5]",816.5,"[16, 9, 15, 10, 11, 14, 4, 17, 7, 12, 8, 0, 19, 18, 2, 13, 1, 3, 6, 5]",816.5,15.544117212295532
"[16, 9, 15, 10, 11, 14, 4, 17, 7, 12, 8, 0, 19, 18, 2, 13, 1, 3, 6, 5]",816.5,"[16, 9, 15, 10, 11, 14, 4, 17, 7, 12, 8, 0, 19, 18, 2, 13, 1, 3, 6, 5]",816.5,15.607136011123657
"[16, 9, 15, 10, 11, 14, 4, 17, 7, 12, 8, 0, 19, 18, 2, 13, 1, 3, 6, 5]",816.5,"[16, 9, 15, 10, 11, 14, 4, 17, 7, 12, 8, 0, 19, 18, 2, 13, 1, 3, 6, 5]",816.5,15.670118808746338
"[16, 9, 15, 10, 11, 14, 4, 17, 7, 12, 8, 0, 19, 18, 2, 13, 1, 3, 6, 5]",816.5,"[16, 9, 15, 10, 11, 14, 4, 17, 7, 12, 8, 0, 19, 18, 2, 13, 1, 3, 6, 5]",816.5,15.736127376556396
"[16, 9, 15, 10, 11, 14, 4, 17, 7, 12, 8, 0, 19, 18, 2, 13, 1, 3, 6, 5]",816.5,"[16, 9, 15, 10, 11, 14, 4, 17, 7, 12, 8, 0, 19, 18, 2, 13, 1, 3, 6, 5]",816.5,15.800121545791626
"[16, 9, 15, 10, 11, 14, 4, 17, 7, 12, 8, 0, 19, 18, 2, 13, 1, 3, 6, 5]",816.5,"[16, 9, 15, 10, 11, 14, 4, 17, 7, 12, 8, 0, 19, 18, 2, 13, 1, 3, 6, 5]",816.5,15.866129875183105
"[16, 9, 15, 10, 11, 14, 4, 17, 7, 12, 8, 0, 19, 18, 2, 13, 1, 3, 6, 5]",816.5,"[16, 9, 15, 10, 11, 14, 4, 17, 7, 12, 8, 0, 19, 18, 2, 13, 1, 3, 6, 5]",816.5,15.931220531463623
"[16, 9, 15, 10, 11, 14, 4, 17, 7, 12, 8, 0, 19, 18, 2, 13, 1, 3, 6, 5]",816.5,"[16, 9, 15, 10, 11, 14, 4, 17, 7, 12, 8, 0, 19, 18, 2, 13, 1, 3, 6, 5]",816.5,15.994136095046997
"[16, 9, 15, 10, 11, 14, 4, 17, 7, 12, 8, 0, 19, 18, 2, 13, 1, 3, 6, 5]",816.5,"[16, 9, 15, 10, 11, 14, 4, 17, 7, 12, 8, 0, 19, 18, 2, 13, 1, 3, 6, 5]",816.5,16.061121940612793
"[16, 9, 15, 10, 11, 14, 4, 17, 7, 12, 8, 0, 19, 18, 2, 13, 1, 3, 6, 5]",816.5,"[16, 9, 15, 10, 11, 14, 4, 17, 7, 12, 8, 0, 19, 18, 2, 13, 1, 3, 6, 5]",816.5,16.13112235069275
"[16, 9, 15, 10, 11, 14, 4, 17, 7, 12, 8, 0, 19, 18, 2, 13, 1, 3, 6, 5]",816.5,"[16, 9, 15, 10, 11, 14, 4, 17, 7, 12, 8, 0, 19, 18, 2, 13, 1, 3, 6, 5]",816.5,16.199352025985718
"[16, 9, 15, 10, 11, 14, 4, 17, 7, 12, 8, 0, 19, 18, 2, 13, 1, 3, 6, 5]",816.5,"[16, 9, 15, 10, 11, 14, 4, 17, 7, 12, 8, 0, 19, 18, 2, 13, 1, 3, 6, 5]",816.5,16.2641282081604
"[16, 9, 15, 10, 11, 14, 4, 17, 7, 12, 8, 0, 19, 18, 2, 13, 1, 3, 6, 5]",816.5,"[16, 9, 15, 10, 11, 14, 4, 17, 7, 12, 8, 0, 19, 18, 2, 13, 1, 3, 6, 5]",816.5,16.330180883407593
"[16, 9, 15, 10, 11, 14, 4, 17, 7, 12, 8, 0, 19, 18, 2, 13, 1, 3, 6, 5]",816.5,"[16, 9, 15, 10, 11, 14, 4, 17, 7, 12, 8, 0, 19, 18, 2, 13, 1, 3, 6, 5]",816.5,16.39412832260132
"[16, 9, 15, 10, 11, 14, 4, 17, 7, 12, 8, 0, 19, 18, 2, 13, 1, 3, 6, 5]",816.5,"[16, 9, 15, 10, 11, 14, 4, 17, 7, 12, 8, 0, 19, 18, 2, 13, 1, 3, 6, 5]",816.5,16.459128618240356
"[16, 9, 15, 10, 11, 14, 4, 17, 7, 12, 8, 0, 19, 18, 2, 13, 1, 3, 6, 5]",816.5,"[16, 9, 15, 10, 11, 14, 4, 17, 7, 12, 8, 0, 19, 18, 2, 13, 1, 3, 6, 5]",816.5,16.52313470840454
"[16, 9, 15, 10, 11, 14, 4, 17, 7, 12, 8, 0, 19, 18, 2, 13, 1, 3, 6, 5]",816.5,"[16, 9, 15, 10, 11, 14, 4, 17, 7, 12, 8, 0, 19, 18, 2, 13, 1, 3, 6, 5]",816.5,16.588149547576904
"[16, 9, 15, 10, 11, 14, 4, 17, 7, 12, 8, 0, 19, 18, 2, 13, 1, 3, 6, 5]",816.5,"[16, 9, 15, 10, 11, 14, 4, 17, 7, 12, 8, 0, 19, 18, 2, 13, 1, 3, 6, 5]",816.5,16.65812921524048
"[16, 9, 15, 10, 11, 14, 4, 17, 7, 12, 8, 0, 19, 18, 2, 13, 1, 3, 6, 5]",816.5,"[16, 9, 15, 10, 11, 14, 4, 17, 7, 12, 8, 0, 19, 18, 2, 13, 1, 3, 6, 5]",816.5,16.724127531051636
"[16, 9, 15, 10, 11, 14, 4, 17, 7, 12, 8, 0, 19, 18, 2, 13, 1, 3, 6, 5]",816.5,"[16, 9, 15, 10, 11, 14, 4, 17, 7, 12, 8, 0, 19, 18, 2, 13, 1, 3, 6, 5]",816.5,16.791131258010864
"[16, 9, 15, 10, 11, 14, 4, 17, 7, 12, 8, 0, 19, 18, 2, 13, 1, 3, 6, 5]",816.5,"[16, 9, 15, 10, 11, 14, 4, 17, 7, 12, 8, 0, 19, 18, 2, 13, 1, 3, 6, 5]",816.5,16.85824203491211
"[16, 9, 15, 10, 11, 14, 4, 17, 7, 12, 8, 0, 19, 18, 2, 13, 1, 3, 6, 5]",816.5,"[16, 9, 15, 10, 11, 14, 4, 17, 7, 12, 8, 0, 19, 18, 2, 13, 1, 3, 6, 5]",816.5,16.922133445739746
"[16, 9, 15, 10, 11, 14, 4, 17, 7, 12, 8, 0, 19, 18, 2, 13, 1, 3, 6, 5]",816.5,"[16, 9, 15, 10, 11, 14, 4, 17, 7, 12, 8, 0, 19, 18, 2, 13, 1, 3, 6, 5]",816.5,16.986252307891846
"[16, 9, 15, 10, 11, 14, 4, 17, 7, 12, 8, 0, 19, 18, 2, 13, 1, 3, 6, 5]",816.5,"[16, 9, 15, 10, 11, 14, 4, 17, 7, 12, 8, 0, 19, 18, 2, 13, 1, 3, 6, 5]",816.5,17.057136297225952
"[16, 9, 15, 10, 11, 14, 4, 17, 7, 12, 8, 0, 19, 18, 2, 13, 1, 3, 6, 5]",816.5,"[16, 9, 15, 10, 11, 14, 4, 17, 7, 12, 8, 0, 19, 18, 2, 13, 1, 3, 6, 5]",816.5,17.11913561820984
"[16, 9, 15, 10, 11, 14, 4, 17, 7, 12, 8, 0, 19, 18, 2, 13, 1, 3, 6, 5]",816.5,"[16, 9, 15, 10, 11, 14, 4, 17, 7, 12, 8, 0, 19, 18, 2, 13, 1, 3, 6, 5]",816.5,17.182135820388794
"[16, 9, 15, 10, 11, 14, 4, 17, 7, 12, 8, 0, 19, 18, 2, 13, 1, 3, 6, 5]",816.5,"[16, 9, 15, 10, 11, 14, 4, 17, 7, 12, 8, 0, 19, 18, 2, 13, 1, 3, 6, 5]",816.5,17.24614381790161
"[16, 9, 15, 10, 11, 14, 4, 17, 7, 12, 8, 0, 19, 18, 2, 13, 1, 3, 6, 5]",816.5,"[16, 9, 15, 10, 11, 14, 4, 17, 7, 12, 8, 0, 19, 18, 2, 13, 1, 3, 6, 5]",816.5,17.310325622558594
"[16, 9, 15, 10, 11, 14, 4, 17, 7, 12, 8, 0, 19, 18, 2, 13, 1, 3, 6, 5]",816.5,"[16, 9, 15, 10, 11, 14, 4, 17, 7, 12, 8, 0, 19, 18, 2, 13, 1, 3, 6, 5]",816.5,17.374390602111816
"[16, 9, 15, 10, 11, 14, 4, 17, 7, 12, 8, 0, 19, 18, 2, 13, 1, 3, 6, 5]",816.5,"[16, 9, 15, 10, 11, 14, 4, 17, 7, 12, 8, 0, 19, 18, 2, 13, 1, 3, 6, 5]",816.5,17.43913769721985
"[16, 9, 15, 10, 11, 14, 4, 17, 7, 12, 8, 0, 19, 18, 2, 13, 1, 3, 6, 5]",816.5,"[16, 9, 15, 10, 11, 14, 4, 17, 7, 12, 8, 0, 19, 18, 2, 13, 1, 3, 6, 5]",816.5,17.50613808631897
"[16, 9, 15, 10, 11, 14, 4, 17, 7, 12, 8, 0, 19, 18, 2, 13, 1, 3, 6, 5]",816.5,"[16, 9, 15, 10, 11, 14, 4, 17, 7, 12, 8, 0, 19, 18, 2, 13, 1, 3, 6, 5]",816.5,17.572139263153076
"[16, 9, 15, 10, 11, 14, 4, 17, 7, 12, 8, 0, 19, 18, 2, 13, 1, 3, 6, 5]",816.5,"[16, 9, 15, 10, 11, 14, 4, 17, 7, 12, 8, 0, 19, 18, 2, 13, 1, 3, 6, 5]",816.5,17.63613986968994
"[16, 9, 15, 10, 11, 14, 4, 17, 7, 12, 8, 0, 19, 18, 2, 13, 1, 3, 6, 5]",816.5,"[16, 9, 15, 10, 11, 14, 4, 17, 7, 12, 8, 0, 19, 18, 2, 13, 1, 3, 6, 5]",816.5,17.70214033126831
"[16, 9, 15, 10, 11, 14, 4, 17, 7, 12, 8, 0, 19, 18, 2, 13, 1, 3, 6, 5]",816.5,"[16, 9, 15, 10, 11, 14, 4, 17, 7, 12, 8, 0, 19, 18, 2, 13, 1, 3, 6, 5]",816.5,17.76614284515381
"[16, 9, 15, 10, 11, 14, 4, 17, 7, 12, 8, 0, 19, 18, 2, 13, 1, 3, 6, 5]",816.5,"[16, 9, 15, 10, 11, 14, 4, 17, 7, 12, 8, 0, 19, 18, 2, 13, 1, 3, 6, 5]",816.5,17.83216404914856
"[16, 9, 15, 10, 11, 14, 4, 17, 7, 12, 8, 0, 19, 18, 2, 13, 1, 3, 6, 5]",816.5,"[16, 9, 15, 10, 11, 14, 4, 17, 7, 12, 8, 0, 19, 18, 2, 13, 1, 3, 6, 5]",816.5,17.895144939422607
"[16, 9, 15, 10, 11, 14, 4, 17, 7, 12, 8, 0, 19, 18, 2, 13, 1, 3, 6, 5]",816.5,"[16, 9, 15, 10, 11, 14, 4, 17, 7, 12, 8, 0, 19, 18, 2, 13, 1, 3, 6, 5]",816.5,17.95914387702942
"[16, 9, 15, 10, 11, 14, 4, 17, 7, 12, 8, 0, 19, 18, 2, 13, 1, 3, 6, 5]",816.5,"[16, 9, 15, 10, 11, 14, 4, 17, 7, 12, 8, 0, 19, 18, 2, 13, 1, 3, 6, 5]",816.5,18.026154041290283
"[16, 9, 15, 10, 11, 14, 4, 17, 7, 12, 8, 0, 19, 18, 2, 13, 1, 3, 6, 5]",816.5,"[16, 9, 15, 10, 11, 14, 4, 17, 7, 12, 8, 0, 19, 18, 2, 13, 1, 3, 6, 5]",816.5,18.093144416809082
"[16, 9, 15, 10, 11, 14, 4, 17, 7, 12, 8, 0, 19, 18, 2, 13, 1, 3, 6, 5]",816.5,"[16, 9, 15, 10, 11, 14, 4, 17, 7, 12, 8, 0, 19, 18, 2, 13, 1, 3, 6, 5]",816.5,18.159147024154663
"[16, 9, 15, 10, 11, 14, 4, 17, 7, 12, 8, 0, 19, 18, 2, 13, 1, 3, 6, 5]",816.5,"[16, 9, 15, 10, 11, 14, 4, 17, 7, 12, 8, 0, 19, 18, 2, 13, 1, 3, 6, 5]",816.5,18.226152896881104
"[16, 9, 15, 10, 11, 14, 4, 17, 7, 12, 8, 0, 19, 18, 2, 13, 1, 3, 6, 5]",816.5,"[16, 9, 15, 10, 11, 14, 4, 17, 7, 12, 8, 0, 19, 18, 2, 13, 1, 3, 6, 5]",816.5,18.294147491455078
"[16, 9, 15, 10, 11, 14, 4, 17, 7, 12, 8, 0, 19, 18, 2, 13, 1, 3, 6, 5]",816.5,"[16, 9, 15, 10, 11, 14, 4, 17, 7, 12, 8, 0, 19, 18, 2, 13, 1, 3, 6, 5]",816.5,18.36415719985962
"[16, 9, 15, 10, 11, 14, 4, 17, 7, 12, 8, 0, 19, 18, 2, 13, 1, 3, 6, 5]",816.5,"[16, 9, 15, 10, 11, 14, 4, 17, 7, 12, 8, 0, 19, 18, 2, 13, 1, 3, 6, 5]",816.5,18.437159299850464
"[16, 9, 15, 10, 11, 14, 4, 17, 7, 12, 8, 0, 19, 18, 2, 13, 1, 3, 6, 5]",816.5,"[16, 9, 15, 10, 11, 14, 4, 17, 7, 12, 8, 0, 19, 18, 2, 13, 1, 3, 6, 5]",816.5,18.50315809249878
"[16, 9, 15, 10, 11, 14, 4, 17, 7, 12, 8, 0, 19, 18, 2, 13, 1, 3, 6, 5]",816.5,"[16, 9, 15, 10, 11, 14, 4, 17, 7, 12, 8, 0, 19, 18, 2, 13, 1, 3, 6, 5]",816.5,18.568148851394653
"[16, 9, 15, 10, 11, 14, 4, 17, 7, 12, 8, 0, 19, 18, 2, 13, 1, 3, 6, 5]",816.5,"[16, 9, 15, 10, 11, 14, 4, 17, 7, 12, 8, 0, 19, 18, 2, 13, 1, 3, 6, 5]",816.5,18.630151748657227
"[16, 9, 15, 10, 11, 14, 4, 17, 7, 12, 8, 0, 19, 18, 2, 13, 1, 3, 6, 5]",816.5,"[16, 9, 15, 10, 11, 14, 4, 17, 7, 12, 8, 0, 19, 18, 2, 13, 1, 3, 6, 5]",816.5,18.693157196044922
"[16, 9, 15, 10, 11, 14, 4, 17, 7, 12, 8, 0, 19, 18, 2, 13, 1, 3, 6, 5]",816.5,"[16, 9, 15, 10, 11, 14, 4, 17, 7, 12, 8, 0, 19, 18, 2, 13, 1, 3, 6, 5]",816.5,18.755163192749023
"[16, 9, 15, 10, 11, 14, 4, 17, 7, 12, 8, 0, 19, 18, 2, 13, 1, 3, 6, 5]",816.5,"[16, 9, 15, 10, 11, 14, 4, 17, 7, 12, 8, 0, 19, 18, 2, 13, 1, 3, 6, 5]",816.5,18.820152759552002
"[16, 9, 15, 10, 11, 14, 4, 17, 7, 12, 8, 0, 19, 18, 2, 13, 1, 3, 6, 5]",816.5,"[16, 9, 15, 10, 11, 14, 4, 17, 7, 12, 8, 0, 19, 18, 2, 13, 1, 3, 6, 5]",816.5,18.88315224647522
"[16, 9, 15, 10, 11, 14, 4, 17, 7, 12, 8, 0, 19, 18, 2, 13, 1, 3, 6, 5]",816.5,"[16, 9, 15, 10, 11, 14, 4, 17, 7, 12, 8, 0, 19, 18, 2, 13, 1, 3, 6, 5]",816.5,18.94915461540222
"[16, 9, 15, 10, 11, 14, 4, 17, 7, 12, 8, 0, 19, 18, 2, 13, 1, 3, 6, 5]",816.5,"[16, 9, 15, 10, 11, 14, 4, 17, 7, 12, 8, 0, 19, 18, 2, 13, 1, 3, 6, 5]",816.5,19.01415491104126
"[16, 9, 15, 10, 11, 14, 4, 17, 7, 12, 8, 0, 19, 18, 2, 13, 1, 3, 6, 5]",816.5,"[16, 9, 15, 10, 11, 14, 4, 17, 7, 12, 8, 0, 19, 18, 2, 13, 1, 3, 6, 5]",816.5,19.077186346054077
"[16, 9, 15, 10, 11, 14, 4, 17, 7, 12, 8, 0, 19, 18, 2, 13, 1, 3, 6, 5]",816.5,"[16, 9, 15, 10, 11, 14, 4, 17, 7, 12, 8, 0, 19, 18, 2, 13, 1, 3, 6, 5]",816.5,19.143157482147217
"[16, 9, 15, 10, 11, 14, 4, 17, 7, 12, 8, 0, 19, 18, 2, 13, 1, 3, 6, 5]",816.5,"[16, 9, 15, 10, 11, 14, 4, 17, 7, 12, 8, 0, 19, 18, 2, 13, 1, 3, 6, 5]",816.5,19.208155393600464
"[16, 9, 15, 10, 11, 14, 4, 17, 7, 12, 8, 0, 19, 18, 2, 13, 1, 3, 6, 5]",816.5,"[16, 9, 15, 10, 11, 14, 4, 17, 7, 12, 8, 0, 19, 18, 2, 13, 1, 3, 6, 5]",816.5,19.27216339111328
"[16, 9, 15, 10, 11, 14, 4, 17, 7, 12, 8, 0, 19, 18, 2, 13, 1, 3, 6, 5]",816.5,"[16, 9, 15, 10, 11, 14, 4, 17, 7, 12, 8, 0, 19, 18, 2, 13, 1, 3, 6, 5]",816.5,19.33716130256653
"[16, 9, 15, 10, 11, 14, 4, 17, 7, 12, 8, 0, 19, 18, 2, 13, 1, 3, 6, 5]",816.5,"[16, 9, 15, 10, 11, 14, 4, 17, 7, 12, 8, 0, 19, 18, 2, 13, 1, 3, 6, 5]",816.5,19.399203062057495
"[16, 9, 15, 10, 11, 14, 4, 17, 7, 12, 8, 0, 19, 18, 2, 13, 1, 3, 6, 5]",816.5,"[16, 9, 15, 10, 11, 14, 4, 17, 7, 12, 8, 0, 19, 18, 2, 13, 1, 3, 6, 5]",816.5,19.46416139602661
"[16, 9, 15, 10, 11, 14, 4, 17, 7, 12, 8, 0, 19, 18, 2, 13, 1, 3, 6, 5]",816.5,"[16, 9, 15, 10, 11, 14, 4, 17, 7, 12, 8, 0, 19, 18, 2, 13, 1, 3, 6, 5]",816.5,19.53016495704651
"[16, 9, 15, 10, 11, 14, 4, 17, 7, 12, 8, 0, 19, 18, 2, 13, 1, 3, 6, 5]",816.5,"[16, 9, 15, 10, 11, 14, 4, 17, 7, 12, 8, 0, 19, 18, 2, 13, 1, 3, 6, 5]",816.5,19.59616231918335
"[16, 9, 15, 10, 11, 14, 4, 17, 7, 12, 8, 0, 19, 18, 2, 13, 1, 3, 6, 5]",816.5,"[16, 9, 15, 10, 11, 14, 4, 17, 7, 12, 8, 0, 19, 18, 2, 13, 1, 3, 6, 5]",816.5,19.66316270828247
"[16, 9, 15, 10, 11, 14, 4, 17, 7, 12, 8, 0, 19, 18, 2, 13, 1, 3, 6, 5]",816.5,"[16, 9, 15, 10, 11, 14, 4, 17, 7, 12, 8, 0, 19, 18, 2, 13, 1, 3, 6, 5]",816.5,19.730164766311646
"[16, 9, 15, 10, 11, 14, 4, 17, 7, 12, 8, 0, 19, 18, 2, 13, 1, 3, 6, 5]",816.5,"[16, 9, 15, 10, 11, 14, 4, 17, 7, 12, 8, 0, 19, 18, 2, 13, 1, 3, 6, 5]",816.5,19.80416774749756
"[16, 9, 15, 10, 11, 14, 4, 17, 7, 12, 8, 0, 19, 18, 2, 13, 1, 3, 6, 5]",816.5,"[16, 9, 15, 10, 11, 14, 4, 17, 7, 12, 8, 0, 19, 18, 2, 13, 1, 3, 6, 5]",816.5,19.87517023086548
"[16, 9, 15, 10, 11, 14, 4, 17, 7, 12, 8, 0, 19, 18, 2, 13, 1, 3, 6, 5]",816.5,"[16, 9, 15, 10, 11, 14, 4, 17, 7, 12, 8, 0, 19, 18, 2, 13, 1, 3, 6, 5]",816.5,19.93916392326355
"[16, 9, 15, 10, 11, 14, 4, 17, 7, 12, 8, 0, 19, 18, 2, 13, 1, 3, 6, 5]",816.5,"[16, 9, 15, 10, 11, 14, 4, 17, 7, 12, 8, 0, 19, 18, 2, 13, 1, 3, 6, 5]",816.5,20.004167556762695
"[16, 9, 15, 10, 11, 14, 4, 17, 7, 12, 8, 0, 19, 18, 2, 13, 1, 3, 6, 5]",816.5,"[16, 9, 15, 10, 11, 14, 4, 17, 7, 12, 8, 0, 19, 18, 2, 13, 1, 3, 6, 5]",816.5,20.068167448043823
"[16, 9, 15, 10, 11, 14, 4, 17, 7, 12, 8, 0, 19, 18, 2, 13, 1, 3, 6, 5]",816.5,"[16, 9, 15, 10, 11, 14, 4, 17, 7, 12, 8, 0, 19, 18, 2, 13, 1, 3, 6, 5]",816.5,20.132169246673584
"[16, 9, 15, 10, 11, 14, 4, 17, 7, 12, 8, 0, 19, 18, 2, 13, 1, 3, 6, 5]",816.5,"[16, 9, 15, 10, 11, 14, 4, 17, 7, 12, 8, 0, 19, 18, 2, 13, 1, 3, 6, 5]",816.5,20.197168111801147
"[16, 9, 15, 10, 11, 14, 4, 17, 7, 12, 8, 0, 19, 18, 2, 13, 1, 3, 6, 5]",816.5,"[16, 9, 15, 10, 11, 14, 4, 17, 7, 12, 8, 0, 19, 18, 2, 13, 1, 3, 6, 5]",816.5,20.259170532226562
"[16, 9, 15, 10, 11, 14, 4, 17, 7, 12, 8, 0, 19, 18, 2, 13, 1, 3, 6, 5]",816.5,"[16, 9, 15, 10, 11, 14, 4, 17, 7, 12, 8, 0, 19, 18, 2, 13, 1, 3, 6, 5]",816.5,20.32116985321045
"[16, 9, 15, 10, 11, 14, 4, 17, 7, 12, 8, 0, 19, 18, 2, 13, 1, 3, 6, 5]",816.5,"[16, 9, 15, 10, 11, 14, 4, 17, 7, 12, 8, 0, 19, 18, 2, 13, 1, 3, 6, 5]",816.5,20.386181116104126
"[16, 9, 15, 10, 11, 14, 4, 17, 7, 12, 8, 0, 19, 18, 2, 13, 1, 3, 6, 5]",816.5,"[16, 9, 15, 10, 11, 14, 4, 17, 7, 12, 8, 0, 19, 18, 2, 13, 1, 3, 6, 5]",816.5,20.450173377990723
"[16, 9, 15, 10, 11, 14, 4, 17, 7, 12, 8, 0, 19, 18, 2, 13, 1, 3, 6, 5]",816.5,"[16, 9, 15, 10, 11, 14, 4, 17, 7, 12, 8, 0, 19, 18, 2, 13, 1, 3, 6, 5]",816.5,20.516176223754883
"[16, 9, 15, 10, 11, 14, 4, 17, 7, 12, 8, 0, 19, 18, 2, 13, 1, 3, 6, 5]",816.5,"[16, 9, 15, 10, 11, 14, 4, 17, 7, 12, 8, 0, 19, 18, 2, 13, 1, 3, 6, 5]",816.5,20.57917094230652
"[16, 9, 15, 10, 11, 14, 4, 17, 7, 12, 8, 0, 19, 18, 2, 13, 1, 3, 6, 5]",816.5,"[16, 9, 15, 10, 11, 14, 4, 17, 7, 12, 8, 0, 19, 18, 2, 13, 1, 3, 6, 5]",816.5,20.643173933029175
"[16, 9, 15, 10, 11, 14, 4, 17, 7, 12, 8, 0, 19, 18, 2, 13, 1, 3, 6, 5]",816.5,"[16, 9, 15, 10, 11, 14, 4, 17, 7, 12, 8, 0, 19, 18, 2, 13, 1, 3, 6, 5]",816.5,20.705177545547485
"[16, 9, 15, 10, 11, 14, 4, 17, 7, 12, 8, 0, 19, 18, 2, 13, 1, 3, 6, 5]",816.5,"[16, 9, 15, 10, 11, 14, 4, 17, 7, 12, 8, 0, 19, 18, 2, 13, 1, 3, 6, 5]",816.5,20.769176721572876
"[16, 9, 15, 10, 11, 14, 4, 17, 7, 12, 8, 0, 19, 18, 2, 13, 1, 3, 6, 5]",816.5,"[16, 9, 15, 10, 11, 14, 4, 17, 7, 12, 8, 0, 19, 18, 2, 13, 1, 3, 6, 5]",816.5,20.832176446914673
"[16, 9, 15, 10, 11, 14, 4, 17, 7, 12, 8, 0, 19, 18, 2, 13, 1, 3, 6, 5]",816.5,"[16, 9, 15, 10, 11, 14, 4, 17, 7, 12, 8, 0, 19, 18, 2, 13, 1, 3, 6, 5]",816.5,20.893178701400757
"[16, 9, 15, 10, 11, 14, 4, 17, 7, 12, 8, 0, 19, 18, 2, 13, 1, 3, 6, 5]",816.5,"[16, 9, 15, 10, 11, 14, 4, 17, 7, 12, 8, 0, 19, 18, 2, 13, 1, 3, 6, 5]",816.5,20.95617914199829
"[16, 9, 15, 10, 11, 14, 4, 17, 7, 12, 8, 0, 19, 18, 2, 13, 1, 3, 6, 5]",816.5,"[16, 9, 15, 10, 11, 14, 4, 17, 7, 12, 8, 0, 19, 18, 2, 13, 1, 3, 6, 5]",816.5,21.01918125152588
"[16, 9, 15, 10, 11, 14, 4, 17, 7, 12, 8, 0, 19, 18, 2, 13, 1, 3, 6, 5]",816.5,"[16, 9, 15, 10, 11, 14, 4, 17, 7, 12, 8, 0, 19, 18, 2, 13, 1, 3, 6, 5]",816.5,21.084177017211914
"[16, 9, 15, 10, 11, 14, 4, 17, 7, 12, 8, 0, 19, 18, 2, 13, 1, 3, 6, 5]",816.5,"[16, 9, 15, 10, 11, 14, 4, 17, 7, 12, 8, 0, 19, 18, 2, 13, 1, 3, 6, 5]",816.5,21.150178909301758
"[16, 9, 15, 10, 11, 14, 4, 17, 7, 12, 8, 0, 19, 18, 2, 13, 1, 3, 6, 5]",816.5,"[16, 9, 15, 10, 11, 14, 4, 17, 7, 12, 8, 0, 19, 18, 2, 13, 1, 3, 6, 5]",816.5,21.213191747665405
"[16, 9, 15, 10, 11, 14, 4, 17, 7, 12, 8, 0, 19, 18, 2, 13, 1, 3, 6, 5]",816.5,"[16, 9, 15, 10, 11, 14, 4, 17, 7, 12, 8, 0, 19, 18, 2, 13, 1, 3, 6, 5]",816.5,21.276179790496826
"[16, 9, 15, 10, 11, 14, 4, 17, 7, 12, 8, 0, 19, 18, 2, 13, 1, 3, 6, 5]",816.5,"[16, 9, 15, 10, 11, 14, 4, 17, 7, 12, 8, 0, 19, 18, 2, 13, 1, 3, 6, 5]",816.5,21.341236352920532
"[16, 9, 15, 10, 11, 14, 4, 17, 7, 12, 8, 0, 19, 18, 2, 13, 1, 3, 6, 5]",816.5,"[16, 9, 15, 10, 11, 14, 4, 17, 7, 12, 8, 0, 19, 18, 2, 13, 1, 3, 6, 5]",816.5,21.407184839248657
"[16, 9, 15, 10, 11, 14, 4, 17, 7, 12, 8, 0, 19, 18, 2, 13, 1, 3, 6, 5]",816.5,"[16, 9, 15, 10, 11, 14, 4, 17, 7, 12, 8, 0, 19, 18, 2, 13, 1, 3, 6, 5]",816.5,21.47319507598877
"[16, 9, 15, 10, 11, 14, 4, 17, 7, 12, 8, 0, 19, 18, 2, 13, 1, 3, 6, 5]",816.5,"[16, 9, 15, 10, 11, 14, 4, 17, 7, 12, 8, 0, 19, 18, 2, 13, 1, 3, 6, 5]",816.5,21.54022741317749
"[16, 9, 15, 10, 11, 14, 4, 17, 7, 12, 8, 0, 19, 18, 2, 13, 1, 3, 6, 5]",816.5,"[16, 9, 15, 10, 11, 14, 4, 17, 7, 12, 8, 0, 19, 18, 2, 13, 1, 3, 6, 5]",816.5,21.605194568634033
"[16, 9, 15, 10, 11, 14, 4, 17, 7, 12, 8, 0, 19, 18, 2, 13, 1, 3, 6, 5]",816.5,"[16, 9, 15, 10, 11, 14, 4, 17, 7, 12, 8, 0, 19, 18, 2, 13, 1, 3, 6, 5]",816.5,21.668184757232666
"[16, 9, 15, 10, 11, 14, 4, 17, 7, 12, 8, 0, 19, 18, 2, 13, 1, 3, 6, 5]",816.5,"[16, 9, 15, 10, 11, 14, 4, 17, 7, 12, 8, 0, 19, 18, 2, 13, 1, 3, 6, 5]",816.5,21.731210947036743
"[16, 9, 15, 10, 11, 14, 4, 17, 7, 12, 8, 0, 19, 18, 2, 13, 1, 3, 6, 5]",816.5,"[16, 9, 15, 10, 11, 14, 4, 17, 7, 12, 8, 0, 19, 18, 2, 13, 1, 3, 6, 5]",816.5,21.825194120407104
"[16, 9, 15, 10, 11, 14, 4, 17, 7, 12, 8, 0, 19, 18, 2, 13, 1, 3, 6, 5]",816.5,"[16, 9, 15, 10, 11, 14, 4, 17, 7, 12, 8, 0, 19, 18, 2, 13, 1, 3, 6, 5]",816.5,21.888187408447266
"[16, 9, 15, 10, 11, 14, 4, 17, 7, 12, 8, 0, 19, 18, 2, 13, 1, 3, 6, 5]",816.5,"[16, 9, 15, 10, 11, 14, 4, 17, 7, 12, 8, 0, 19, 18, 2, 13, 1, 3, 6, 5]",816.5,21.951189756393433
"[16, 9, 15, 10, 11, 14, 4, 17, 7, 12, 8, 0, 19, 18, 2, 13, 1, 3, 6, 5]",816.5,"[16, 9, 15, 10, 11, 14, 4, 17, 7, 12, 8, 0, 19, 18, 2, 13, 1, 3, 6, 5]",816.5,22.01619052886963
"[16, 9, 15, 10, 11, 14, 4, 17, 7, 12, 8, 0, 19, 18, 2, 13, 1, 3, 6, 5]",816.5,"[16, 9, 15, 10, 11, 14, 4, 17, 7, 12, 8, 0, 19, 18, 2, 13, 1, 3, 6, 5]",816.5,22.080188035964966
"[16, 9, 15, 10, 11, 14, 4, 17, 7, 12, 8, 0, 19, 18, 2, 13, 1, 3, 6, 5]",816.5,"[16, 9, 15, 10, 11, 14, 4, 17, 7, 12, 8, 0, 19, 18, 2, 13, 1, 3, 6, 5]",816.5,22.143240213394165
"[16, 9, 15, 10, 11, 14, 4, 17, 7, 12, 8, 0, 19, 18, 2, 13, 1, 3, 6, 5]",816.5,"[16, 9, 15, 10, 11, 14, 4, 17, 7, 12, 8, 0, 19, 18, 2, 13, 1, 3, 6, 5]",816.5,22.2061927318573
"[16, 9, 15, 10, 11, 14, 4, 17, 7, 12, 8, 0, 19, 18, 2, 13, 1, 3, 6, 5]",816.5,"[16, 9, 15, 10, 11, 14, 4, 17, 7, 12, 8, 0, 19, 18, 2, 13, 1, 3, 6, 5]",816.5,22.27119469642639
"[16, 9, 15, 10, 11, 14, 4, 17, 7, 12, 8, 0, 19, 18, 2, 13, 1, 3, 6, 5]",816.5,"[16, 9, 15, 10, 11, 14, 4, 17, 7, 12, 8, 0, 19, 18, 2, 13, 1, 3, 6, 5]",816.5,22.334213972091675
"[16, 9, 15, 10, 11, 14, 4, 17, 7, 12, 8, 0, 19, 18, 2, 13, 1, 3, 6, 5]",816.5,"[16, 9, 15, 10, 11, 14, 4, 17, 7, 12, 8, 0, 19, 18, 2, 13, 1, 3, 6, 5]",816.5,22.397193908691406
"[16, 9, 15, 10, 11, 14, 4, 17, 7, 12, 8, 0, 19, 18, 2, 13, 1, 3, 6, 5]",816.5,"[16, 9, 15, 10, 11, 14, 4, 17, 7, 12, 8, 0, 19, 18, 2, 13, 1, 3, 6, 5]",816.5,22.458198070526123
"[16, 9, 15, 10, 11, 14, 4, 17, 7, 12, 8, 0, 19, 18, 2, 13, 1, 3, 6, 5]",816.5,"[16, 9, 15, 10, 11, 14, 4, 17, 7, 12, 8, 0, 19, 18, 2, 13, 1, 3, 6, 5]",816.5,22.522196769714355
"[16, 9, 15, 10, 11, 14, 4, 17, 7, 12, 8, 0, 19, 18, 2, 13, 1, 3, 6, 5]",816.5,"[16, 9, 15, 10, 11, 14, 4, 17, 7, 12, 8, 0, 19, 18, 2, 13, 1, 3, 6, 5]",816.5,22.587201595306396
"[16, 9, 15, 10, 11, 14, 4, 17, 7, 12, 8, 0, 19, 18, 2, 13, 1, 3, 6, 5]",816.5,"[16, 9, 15, 10, 11, 14, 4, 17, 7, 12, 8, 0, 19, 18, 2, 13, 1, 3, 6, 5]",816.5,22.653199195861816
"[16, 9, 15, 10, 11, 14, 4, 17, 7, 12, 8, 0, 19, 18, 2, 13, 1, 3, 6, 5]",816.5,"[16, 9, 15, 10, 11, 14, 4, 17, 7, 12, 8, 0, 19, 18, 2, 13, 1, 3, 6, 5]",816.5,22.71824836730957
"[16, 9, 15, 10, 11, 14, 4, 17, 7, 12, 8, 0, 19, 18, 2, 13, 1, 3, 6, 5]",816.5,"[16, 9, 15, 10, 11, 14, 4, 17, 7, 12, 8, 0, 19, 18, 2, 13, 1, 3, 6, 5]",816.5,22.784201860427856
"[16, 9, 15, 10, 11, 14, 4, 17, 7, 12, 8, 0, 19, 18, 2, 13, 1, 3, 6, 5]",816.5,"[16, 9, 15, 10, 11, 14, 4, 17, 7, 12, 8, 0, 19, 18, 2, 13, 1, 3, 6, 5]",816.5,22.854598999023438
"[16, 9, 15, 10, 11, 14, 4, 17, 7, 12, 8, 0, 19, 18, 2, 13, 1, 3, 6, 5]",816.5,"[16, 9, 15, 10, 11, 14, 4, 17, 7, 12, 8, 0, 19, 18, 2, 13, 1, 3, 6, 5]",816.5,22.926203966140747
"[16, 9, 15, 10, 11, 14, 4, 17, 7, 12, 8, 0, 19, 18, 2, 13, 1, 3, 6, 5]",816.5,"[16, 9, 15, 10, 11, 14, 4, 17, 7, 12, 8, 0, 19, 18, 2, 13, 1, 3, 6, 5]",816.5,22.997199296951294
"[16, 9, 15, 10, 11, 14, 4, 17, 7, 12, 8, 0, 19, 18, 2, 13, 1, 3, 6, 5]",816.5,"[16, 9, 15, 10, 11, 14, 4, 17, 7, 12, 8, 0, 19, 18, 2, 13, 1, 3, 6, 5]",816.5,23.065217971801758
"[16, 9, 15, 10, 11, 14, 4, 17, 7, 12, 8, 0, 19, 18, 2, 13, 1, 3, 6, 5]",816.5,"[16, 9, 15, 10, 11, 14, 4, 17, 7, 12, 8, 0, 19, 18, 2, 13, 1, 3, 6, 5]",816.5,23.130204439163208
"[16, 9, 15, 10, 11, 14, 4, 17, 7, 12, 8, 0, 19, 18, 2, 13, 1, 3, 6, 5]",816.5,"[16, 9, 15, 10, 11, 14, 4, 17, 7, 12, 8, 0, 19, 18, 2, 13, 1, 3, 6, 5]",816.5,23.19528293609619
"[16, 9, 15, 10, 11, 14, 4, 17, 7, 12, 8, 0, 19, 18, 2, 13, 1, 3, 6, 5]",816.5,"[16, 9, 15, 10, 11, 14, 4, 17, 7, 12, 8, 0, 19, 18, 2, 13, 1, 3, 6, 5]",816.5,23.260204553604126
"[16, 9, 15, 10, 11, 14, 4, 17, 7, 12, 8, 0, 19, 18, 2, 13, 1, 3, 6, 5]",816.5,"[16, 9, 15, 10, 11, 14, 4, 17, 7, 12, 8, 0, 19, 18, 2, 13, 1, 3, 6, 5]",816.5,23.32421112060547
"[16, 9, 15, 10, 11, 14, 4, 17, 7, 12, 8, 0, 19, 18, 2, 13, 1, 3, 6, 5]",816.5,"[16, 9, 15, 10, 11, 14, 4, 17, 7, 12, 8, 0, 19, 18, 2, 13, 1, 3, 6, 5]",816.5,23.388232231140137
"[16, 9, 15, 10, 11, 14, 4, 17, 7, 12, 8, 0, 19, 18, 2, 13, 1, 3, 6, 5]",816.5,"[16, 9, 15, 10, 11, 14, 4, 17, 7, 12, 8, 0, 19, 18, 2, 13, 1, 3, 6, 5]",816.5,23.452211618423462
"[16, 9, 15, 10, 11, 14, 4, 17, 7, 12, 8, 0, 19, 18, 2, 13, 1, 3, 6, 5]",816.5,"[16, 9, 15, 10, 11, 14, 4, 17, 7, 12, 8, 0, 19, 18, 2, 13, 1, 3, 6, 5]",816.5,23.515210151672363
"[16, 9, 15, 10, 11, 14, 4, 17, 7, 12, 8, 0, 19, 18, 2, 13, 1, 3, 6, 5]",816.5,"[16, 9, 15, 10, 11, 14, 4, 17, 7, 12, 8, 0, 19, 18, 2, 13, 1, 3, 6, 5]",816.5,23.579228162765503
"[16, 9, 15, 10, 11, 14, 4, 17, 7, 12, 8, 0, 19, 18, 2, 13, 1, 3, 6, 5]",816.5,"[16, 9, 15, 10, 11, 14, 4, 17, 7, 12, 8, 0, 19, 18, 2, 13, 1, 3, 6, 5]",816.5,23.643224954605103
"[16, 9, 15, 10, 11, 14, 4, 17, 7, 12, 8, 0, 19, 18, 2, 13, 1, 3, 6, 5]",816.5,"[16, 9, 15, 10, 11, 14, 4, 17, 7, 12, 8, 0, 19, 18, 2, 13, 1, 3, 6, 5]",816.5,23.707215547561646
"[16, 9, 15, 10, 11, 14, 4, 17, 7, 12, 8, 0, 19, 18, 2, 13, 1, 3, 6, 5]",816.5,"[16, 9, 15, 10, 11, 14, 4, 17, 7, 12, 8, 0, 19, 18, 2, 13, 1, 3, 6, 5]",816.5,23.771212339401245
"[16, 9, 15, 10, 11, 14, 4, 17, 7, 12, 8, 0, 19, 18, 2, 13, 1, 3, 6, 5]",816.5,"[16, 9, 15, 10, 11, 14, 4, 17, 7, 12, 8, 0, 19, 18, 2, 13, 1, 3, 6, 5]",816.5,23.8352153301239
"[16, 9, 15, 10, 11, 14, 4, 17, 7, 12, 8, 0, 19, 18, 2, 13, 1, 3, 6, 5]",816.5,"[16, 9, 15, 10, 11, 14, 4, 17, 7, 12, 8, 0, 19, 18, 2, 13, 1, 3, 6, 5]",816.5,23.898213863372803
"[16, 9, 15, 10, 11, 14, 4, 17, 7, 12, 8, 0, 19, 18, 2, 13, 1, 3, 6, 5]",816.5,"[16, 9, 15, 10, 11, 14, 4, 17, 7, 12, 8, 0, 19, 18, 2, 13, 1, 3, 6, 5]",816.5,23.960216283798218
"[16, 9, 15, 10, 11, 14, 4, 17, 7, 12, 8, 0, 19, 18, 2, 13, 1, 3, 6, 5]",816.5,"[16, 9, 15, 10, 11, 14, 4, 17, 7, 12, 8, 0, 19, 18, 2, 13, 1, 3, 6, 5]",816.5,24.026216983795166
"[16, 9, 15, 10, 11, 14, 4, 17, 7, 12, 8, 0, 19, 18, 2, 13, 1, 3, 6, 5]",816.5,"[16, 9, 15, 10, 11, 14, 4, 17, 7, 12, 8, 0, 19, 18, 2, 13, 1, 3, 6, 5]",816.5,24.091217756271362
"[16, 9, 15, 10, 11, 14, 4, 17, 7, 12, 8, 0, 19, 18, 2, 13, 1, 3, 6, 5]",816.5,"[16, 9, 15, 10, 11, 14, 4, 17, 7, 12, 8, 0, 19, 18, 2, 13, 1, 3, 6, 5]",816.5,24.158226013183594
"[16, 9, 15, 10, 11, 14, 4, 17, 7, 12, 8, 0, 19, 18, 2, 13, 1, 3, 6, 5]",816.5,"[16, 9, 15, 10, 11, 14, 4, 17, 7, 12, 8, 0, 19, 18, 2, 13, 1, 3, 6, 5]",816.5,24.224220991134644
"[16, 9, 15, 10, 11, 14, 4, 17, 7, 12, 8, 0, 19, 18, 2, 13, 1, 3, 6, 5]",816.5,"[16, 9, 15, 10, 11, 14, 4, 17, 7, 12, 8, 0, 19, 18, 2, 13, 1, 3, 6, 5]",816.5,24.290218591690063
"[16, 9, 15, 10, 11, 14, 4, 17, 7, 12, 8, 0, 19, 18, 2, 13, 1, 3, 6, 5]",816.5,"[16, 9, 15, 10, 11, 14, 4, 17, 7, 12, 8, 0, 19, 18, 2, 13, 1, 3, 6, 5]",816.5,24.35923981666565
"[16, 9, 15, 10, 11, 14, 4, 17, 7, 12, 8, 0, 19, 18, 2, 13, 1, 3, 6, 5]",816.5,"[16, 9, 15, 10, 11, 14, 4, 17, 7, 12, 8, 0, 19, 18, 2, 13, 1, 3, 6, 5]",816.5,24.42522382736206
"[16, 9, 15, 10, 11, 14, 4, 17, 7, 12, 8, 0, 19, 18, 2, 13, 1, 3, 6, 5]",816.5,"[16, 9, 15, 10, 11, 14, 4, 17, 7, 12, 8, 0, 19, 18, 2, 13, 1, 3, 6, 5]",816.5,24.49222731590271
"[16, 9, 15, 10, 11, 14, 4, 17, 7, 12, 8, 0, 19, 18, 2, 13, 1, 3, 6, 5]",816.5,"[16, 9, 15, 10, 11, 14, 4, 17, 7, 12, 8, 0, 19, 18, 2, 13, 1, 3, 6, 5]",816.5,24.55722165107727
"[16, 9, 15, 10, 11, 14, 4, 17, 7, 12, 8, 0, 19, 18, 2, 13, 1, 3, 6, 5]",816.5,"[16, 9, 15, 10, 11, 14, 4, 17, 7, 12, 8, 0, 19, 18, 2, 13, 1, 3, 6, 5]",816.5,24.625224828720093
"[16, 9, 15, 10, 11, 14, 4, 17, 7, 12, 8, 0, 19, 18, 2, 13, 1, 3, 6, 5]",816.5,"[16, 9, 15, 10, 11, 14, 4, 17, 7, 12, 8, 0, 19, 18, 2, 13, 1, 3, 6, 5]",816.5,24.690255880355835
"[16, 9, 15, 10, 11, 14, 4, 17, 7, 12, 8, 0, 19, 18, 2, 13, 1, 3, 6, 5]",816.5,"[16, 9, 15, 10, 11, 14, 4, 17, 7, 12, 8, 0, 19, 18, 2, 13, 1, 3, 6, 5]",816.5,24.7552330493927
"[16, 9, 15, 10, 11, 14, 4, 17, 7, 12, 8, 0, 19, 18, 2, 13, 1, 3, 6, 5]",816.5,"[16, 9, 15, 10, 11, 14, 4, 17, 7, 12, 8, 0, 19, 18, 2, 13, 1, 3, 6, 5]",816.5,24.818260431289673
"[16, 9, 15, 10, 11, 14, 4, 17, 7, 12, 8, 0, 19, 18, 2, 13, 1, 3, 6, 5]",816.5,"[16, 9, 15, 10, 11, 14, 4, 17, 7, 12, 8, 0, 19, 18, 2, 13, 1, 3, 6, 5]",816.5,24.882251262664795
"[16, 9, 15, 10, 11, 14, 4, 17, 7, 12, 8, 0, 19, 18, 2, 13, 1, 3, 6, 5]",816.5,"[16, 9, 15, 10, 11, 14, 4, 17, 7, 12, 8, 0, 19, 18, 2, 13, 1, 3, 6, 5]",816.5,24.94423007965088
"[16, 9, 15, 10, 11, 14, 4, 17, 7, 12, 8, 0, 19, 18, 2, 13, 1, 3, 6, 5]",816.5,"[16, 9, 15, 10, 11, 14, 4, 17, 7, 12, 8, 0, 19, 18, 2, 13, 1, 3, 6, 5]",816.5,25.0072283744812
"[16, 9, 15, 10, 11, 14, 4, 17, 7, 12, 8, 0, 19, 18, 2, 13, 1, 3, 6, 5]",816.5,"[16, 9, 15, 10, 11, 14, 4, 17, 7, 12, 8, 0, 19, 18, 2, 13, 1, 3, 6, 5]",816.5,25.070228099822998
"[16, 9, 15, 10, 11, 14, 4, 17, 7, 12, 8, 0, 19, 18, 2, 13, 1, 3, 6, 5]",816.5,"[16, 9, 15, 10, 11, 14, 4, 17, 7, 12, 8, 0, 19, 18, 2, 13, 1, 3, 6, 5]",816.5,25.133248329162598
"[16, 9, 15, 10, 11, 14, 4, 17, 7, 12, 8, 0, 19, 18, 2, 13, 1, 3, 6, 5]",816.5,"[16, 9, 15, 10, 11, 14, 4, 17, 7, 12, 8, 0, 19, 18, 2, 13, 1, 3, 6, 5]",816.5,25.198256969451904
"[16, 9, 15, 10, 11, 14, 4, 17, 7, 12, 8, 0, 19, 18, 2, 13, 1, 3, 6, 5]",816.5,"[16, 9, 15, 10, 11, 14, 4, 17, 7, 12, 8, 0, 19, 18, 2, 13, 1, 3, 6, 5]",816.5,25.262233018875122
"[16, 9, 15, 10, 11, 14, 4, 17, 7, 12, 8, 0, 19, 18, 2, 13, 1, 3, 6, 5]",816.5,"[16, 9, 15, 10, 11, 14, 4, 17, 7, 12, 8, 0, 19, 18, 2, 13, 1, 3, 6, 5]",816.5,25.328229665756226
"[16, 9, 15, 10, 11, 14, 4, 17, 7, 12, 8, 0, 19, 18, 2, 13, 1, 3, 6, 5]",816.5,"[16, 9, 15, 10, 11, 14, 4, 17, 7, 12, 8, 0, 19, 18, 2, 13, 1, 3, 6, 5]",816.5,25.39123249053955
"[16, 9, 15, 10, 11, 14, 4, 17, 7, 12, 8, 0, 19, 18, 2, 13, 1, 3, 6, 5]",816.5,"[16, 9, 15, 10, 11, 14, 4, 17, 7, 12, 8, 0, 19, 18, 2, 13, 1, 3, 6, 5]",816.5,25.45223307609558
"[16, 9, 15, 10, 11, 14, 4, 17, 7, 12, 8, 0, 19, 18, 2, 13, 1, 3, 6, 5]",816.5,"[16, 9, 15, 10, 11, 14, 4, 17, 7, 12, 8, 0, 19, 18, 2, 13, 1, 3, 6, 5]",816.5,25.515235900878906
"[16, 9, 15, 10, 11, 14, 4, 17, 7, 12, 8, 0, 19, 18, 2, 13, 1, 3, 6, 5]",816.5,"[16, 9, 15, 10, 11, 14, 4, 17, 7, 12, 8, 0, 19, 18, 2, 13, 1, 3, 6, 5]",816.5,25.580232858657837
"[16, 9, 15, 10, 11, 14, 4, 17, 7, 12, 8, 0, 19, 18, 2, 13, 1, 3, 6, 5]",816.5,"[16, 9, 15, 10, 11, 14, 4, 17, 7, 12, 8, 0, 19, 18, 2, 13, 1, 3, 6, 5]",816.5,25.646233558654785
"[16, 9, 15, 10, 11, 14, 4, 17, 7, 12, 8, 0, 19, 18, 2, 13, 1, 3, 6, 5]",816.5,"[16, 9, 15, 10, 11, 14, 4, 17, 7, 12, 8, 0, 19, 18, 2, 13, 1, 3, 6, 5]",816.5,25.713305234909058
"[16, 9, 15, 10, 11, 14, 4, 17, 7, 12, 8, 0, 19, 18, 2, 13, 1, 3, 6, 5]",816.5,"[16, 9, 15, 10, 11, 14, 4, 17, 7, 12, 8, 0, 19, 18, 2, 13, 1, 3, 6, 5]",816.5,25.779239416122437
"[16, 9, 15, 10, 11, 14, 4, 17, 7, 12, 8, 0, 19, 18, 2, 13, 1, 3, 6, 5]",816.5,"[16, 9, 15, 10, 11, 14, 4, 17, 7, 12, 8, 0, 19, 18, 2, 13, 1, 3, 6, 5]",816.5,25.847236394882202
"[16, 9, 15, 10, 11, 14, 4, 17, 7, 12, 8, 0, 19, 18, 2, 13, 1, 3, 6, 5]",816.5,"[16, 9, 15, 10, 11, 14, 4, 17, 7, 12, 8, 0, 19, 18, 2, 13, 1, 3, 6, 5]",816.5,25.91423535346985
"[16, 9, 15, 10, 11, 14, 4, 17, 7, 12, 8, 0, 19, 18, 2, 13, 1, 3, 6, 5]",816.5,"[16, 9, 15, 10, 11, 14, 4, 17, 7, 12, 8, 0, 19, 18, 2, 13, 1, 3, 6, 5]",816.5,25.985236406326294
"[16, 9, 15, 10, 11, 14, 4, 17, 7, 12, 8, 0, 19, 18, 2, 13, 1, 3, 6, 5]",816.5,"[16, 9, 15, 10, 11, 14, 4, 17, 7, 12, 8, 0, 19, 18, 2, 13, 1, 3, 6, 5]",816.5,26.05024027824402
"[16, 9, 15, 10, 11, 14, 4, 17, 7, 12, 8, 0, 19, 18, 2, 13, 1, 3, 6, 5]",816.5,"[16, 9, 15, 10, 11, 14, 4, 17, 7, 12, 8, 0, 19, 18, 2, 13, 1, 3, 6, 5]",816.5,26.115241289138794
