Sequence,Fitness,Best_sequence,Best_fitness,Time
"[0, 1, 2, 3, 4, 5, 6, 7, 8, 9, 10, 11, 12, 13, 14, 15, 16, 17, 18, 19, 20, 21, 22, 23, 24, 25, 26, 27, 28, 29, 30, 31, 32, 33, 34, 35, 36, 37, 38, 39]",1109.0,"[0, 1, 2, 3, 4, 5, 6, 7, 8, 9, 10, 11, 12, 13, 14, 15, 16, 17, 18, 19, 20, 21, 22, 23, 24, 25, 26, 27, 28, 29, 30, 31, 32, 33, 34, 35, 36, 37, 38, 39]",1109.0,0.0
"[0, 1, 2, 3, 4, 5, 6, 7, 8, 9, 10, 11, 12, 13, 14, 15, 16, 17, 18, 19, 20, 21, 22, 23, 24, 25, 26, 27, 28, 29, 30, 31, 32, 33, 34, 35, 36, 37, 38, 39]",1109.0,"[0, 1, 2, 3, 4, 5, 6, 7, 8, 9, 10, 11, 12, 13, 14, 15, 16, 17, 18, 19, 20, 21, 22, 23, 24, 25, 26, 27, 28, 29, 30, 31, 32, 33, 34, 35, 36, 37, 38, 39]",1109.0,0.16555094718933105
"[0, 1, 2, 3, 4, 5, 6, 7, 8, 9, 10, 11, 12, 13, 14, 15, 16, 17, 18, 19, 20, 21, 22, 23, 24, 25, 26, 27, 28, 29, 30, 31, 32, 33, 34, 35, 36, 37, 38, 39]",1109.0,"[0, 1, 2, 3, 4, 5, 6, 7, 8, 9, 10, 11, 12, 13, 14, 15, 16, 17, 18, 19, 20, 21, 22, 23, 24, 25, 26, 27, 28, 29, 30, 31, 32, 33, 34, 35, 36, 37, 38, 39]",1109.0,0.3275487422943115
"[0, 1, 2, 3, 4, 5, 6, 7, 8, 9, 10, 11, 12, 13, 14, 15, 16, 17, 18, 19, 20, 21, 22, 23, 24, 25, 26, 27, 28, 29, 30, 31, 32, 33, 34, 35, 36, 37, 38, 39]",1109.0,"[0, 1, 2, 3, 4, 5, 6, 7, 8, 9, 10, 11, 12, 13, 14, 15, 16, 17, 18, 19, 20, 21, 22, 23, 24, 25, 26, 27, 28, 29, 30, 31, 32, 33, 34, 35, 36, 37, 38, 39]",1109.0,0.48655056953430176
"[0, 1, 2, 3, 4, 5, 6, 7, 8, 9, 10, 11, 12, 13, 14, 15, 16, 17, 18, 19, 20, 21, 22, 23, 24, 25, 26, 27, 28, 29, 30, 31, 32, 33, 34, 35, 36, 37, 38, 39]",1109.0,"[0, 1, 2, 3, 4, 5, 6, 7, 8, 9, 10, 11, 12, 13, 14, 15, 16, 17, 18, 19, 20, 21, 22, 23, 24, 25, 26, 27, 28, 29, 30, 31, 32, 33, 34, 35, 36, 37, 38, 39]",1109.0,0.6475529670715332
"[0, 1, 2, 3, 4, 5, 6, 7, 8, 9, 10, 11, 12, 13, 14, 15, 16, 17, 18, 19, 20, 21, 22, 23, 24, 25, 26, 27, 28, 29, 30, 31, 32, 33, 34, 35, 36, 37, 38, 39]",1109.0,"[0, 1, 2, 3, 4, 5, 6, 7, 8, 9, 10, 11, 12, 13, 14, 15, 16, 17, 18, 19, 20, 21, 22, 23, 24, 25, 26, 27, 28, 29, 30, 31, 32, 33, 34, 35, 36, 37, 38, 39]",1109.0,0.7975564002990723
"[0, 1, 2, 3, 4, 5, 6, 7, 8, 9, 10, 11, 12, 13, 14, 15, 16, 17, 18, 19, 20, 21, 22, 23, 24, 25, 26, 27, 28, 29, 30, 31, 32, 33, 34, 35, 36, 37, 38, 39]",1109.0,"[0, 1, 2, 3, 4, 5, 6, 7, 8, 9, 10, 11, 12, 13, 14, 15, 16, 17, 18, 19, 20, 21, 22, 23, 24, 25, 26, 27, 28, 29, 30, 31, 32, 33, 34, 35, 36, 37, 38, 39]",1109.0,0.9625580310821533
"[0, 1, 2, 3, 4, 5, 6, 7, 8, 9, 10, 11, 12, 13, 14, 15, 16, 17, 18, 19, 20, 21, 22, 23, 24, 25, 26, 27, 28, 29, 30, 31, 32, 33, 34, 35, 36, 37, 38, 39]",1109.0,"[0, 1, 2, 3, 4, 5, 6, 7, 8, 9, 10, 11, 12, 13, 14, 15, 16, 17, 18, 19, 20, 21, 22, 23, 24, 25, 26, 27, 28, 29, 30, 31, 32, 33, 34, 35, 36, 37, 38, 39]",1109.0,1.1195616722106934
"[0, 1, 2, 3, 4, 5, 6, 7, 8, 9, 10, 11, 12, 13, 14, 15, 16, 17, 18, 19, 20, 21, 22, 23, 24, 25, 26, 27, 28, 29, 30, 31, 32, 33, 34, 35, 36, 37, 38, 39]",1109.0,"[0, 1, 2, 3, 4, 5, 6, 7, 8, 9, 10, 11, 12, 13, 14, 15, 16, 17, 18, 19, 20, 21, 22, 23, 24, 25, 26, 27, 28, 29, 30, 31, 32, 33, 34, 35, 36, 37, 38, 39]",1109.0,1.2765865325927734
"[0, 1, 2, 3, 4, 5, 6, 7, 8, 9, 10, 11, 12, 13, 14, 15, 16, 17, 18, 19, 37, 21, 22, 23, 24, 25, 26, 27, 28, 29, 30, 31, 32, 33, 34, 35, 36, 20, 38, 39]",1086.5,"[0, 1, 2, 3, 4, 5, 6, 7, 8, 9, 10, 11, 12, 13, 14, 15, 16, 17, 18, 19, 37, 21, 22, 23, 24, 25, 26, 27, 28, 29, 30, 31, 32, 33, 34, 35, 36, 20, 38, 39]",1086.5,1.4535858631134033
"[0, 1, 2, 3, 4, 5, 6, 7, 8, 9, 10, 11, 12, 13, 14, 15, 16, 17, 18, 19, 37, 21, 22, 23, 24, 25, 26, 27, 28, 29, 30, 31, 32, 33, 34, 35, 36, 20, 38, 39]",1086.5,"[0, 1, 2, 3, 4, 5, 6, 7, 8, 9, 10, 11, 12, 13, 14, 15, 16, 17, 18, 19, 37, 21, 22, 23, 24, 25, 26, 27, 28, 29, 30, 31, 32, 33, 34, 35, 36, 20, 38, 39]",1086.5,1.6255910396575928
"[0, 1, 2, 3, 4, 5, 6, 7, 8, 9, 10, 11, 12, 13, 14, 15, 16, 17, 18, 19, 37, 21, 22, 23, 24, 25, 26, 27, 28, 29, 30, 31, 32, 33, 34, 35, 36, 20, 38, 39]",1086.5,"[0, 1, 2, 3, 4, 5, 6, 7, 8, 9, 10, 11, 12, 13, 14, 15, 16, 17, 18, 19, 37, 21, 22, 23, 24, 25, 26, 27, 28, 29, 30, 31, 32, 33, 34, 35, 36, 20, 38, 39]",1086.5,1.7813918590545654
"[0, 1, 2, 3, 4, 5, 6, 7, 8, 9, 10, 11, 12, 13, 14, 15, 16, 17, 18, 19, 37, 21, 22, 23, 24, 25, 26, 27, 28, 29, 30, 31, 32, 33, 34, 35, 36, 20, 38, 39]",1086.5,"[0, 1, 2, 3, 4, 5, 6, 7, 8, 9, 10, 11, 12, 13, 14, 15, 16, 17, 18, 19, 37, 21, 22, 23, 24, 25, 26, 27, 28, 29, 30, 31, 32, 33, 34, 35, 36, 20, 38, 39]",1086.5,1.941392183303833
"[0, 1, 2, 3, 4, 5, 6, 7, 8, 9, 10, 11, 12, 13, 14, 15, 16, 17, 18, 19, 37, 21, 22, 23, 24, 25, 26, 27, 28, 29, 30, 31, 32, 33, 34, 35, 36, 20, 38, 39]",1086.5,"[0, 1, 2, 3, 4, 5, 6, 7, 8, 9, 10, 11, 12, 13, 14, 15, 16, 17, 18, 19, 37, 21, 22, 23, 24, 25, 26, 27, 28, 29, 30, 31, 32, 33, 34, 35, 36, 20, 38, 39]",1086.5,2.102397918701172
"[0, 1, 2, 3, 4, 5, 6, 7, 8, 9, 10, 11, 12, 13, 14, 15, 16, 17, 18, 19, 37, 21, 22, 23, 24, 25, 26, 27, 28, 29, 30, 31, 32, 33, 34, 35, 36, 20, 38, 39]",1086.5,"[0, 1, 2, 3, 4, 5, 6, 7, 8, 9, 10, 11, 12, 13, 14, 15, 16, 17, 18, 19, 37, 21, 22, 23, 24, 25, 26, 27, 28, 29, 30, 31, 32, 33, 34, 35, 36, 20, 38, 39]",1086.5,2.257399559020996
"[0, 1, 2, 3, 4, 5, 6, 7, 8, 9, 10, 11, 12, 13, 14, 15, 16, 17, 18, 19, 37, 21, 22, 23, 24, 25, 26, 27, 28, 29, 30, 31, 32, 33, 34, 35, 36, 20, 38, 39]",1086.5,"[0, 1, 2, 3, 4, 5, 6, 7, 8, 9, 10, 11, 12, 13, 14, 15, 16, 17, 18, 19, 37, 21, 22, 23, 24, 25, 26, 27, 28, 29, 30, 31, 32, 33, 34, 35, 36, 20, 38, 39]",1086.5,2.417400360107422
"[0, 1, 2, 3, 4, 5, 6, 7, 8, 9, 10, 11, 12, 13, 14, 15, 16, 17, 18, 19, 37, 21, 22, 23, 24, 25, 26, 27, 28, 29, 30, 31, 32, 33, 34, 35, 36, 20, 38, 39]",1086.5,"[0, 1, 2, 3, 4, 5, 6, 7, 8, 9, 10, 11, 12, 13, 14, 15, 16, 17, 18, 19, 37, 21, 22, 23, 24, 25, 26, 27, 28, 29, 30, 31, 32, 33, 34, 35, 36, 20, 38, 39]",1086.5,2.579406261444092
"[0, 1, 2, 3, 4, 5, 6, 7, 8, 9, 10, 11, 12, 13, 14, 15, 16, 17, 18, 19, 37, 21, 22, 23, 24, 25, 26, 27, 28, 29, 30, 31, 32, 33, 34, 35, 36, 20, 38, 39]",1086.5,"[0, 1, 2, 3, 4, 5, 6, 7, 8, 9, 10, 11, 12, 13, 14, 15, 16, 17, 18, 19, 37, 21, 22, 23, 24, 25, 26, 27, 28, 29, 30, 31, 32, 33, 34, 35, 36, 20, 38, 39]",1086.5,2.739400863647461
"[0, 1, 2, 3, 4, 5, 6, 7, 8, 9, 10, 11, 12, 13, 14, 15, 16, 17, 18, 19, 37, 21, 22, 23, 24, 25, 26, 27, 28, 29, 30, 31, 32, 33, 34, 35, 36, 20, 38, 39]",1086.5,"[0, 1, 2, 3, 4, 5, 6, 7, 8, 9, 10, 11, 12, 13, 14, 15, 16, 17, 18, 19, 37, 21, 22, 23, 24, 25, 26, 27, 28, 29, 30, 31, 32, 33, 34, 35, 36, 20, 38, 39]",1086.5,2.9304041862487793
"[0, 1, 2, 3, 4, 5, 6, 7, 8, 9, 10, 11, 12, 13, 14, 15, 16, 17, 18, 19, 37, 21, 22, 23, 24, 25, 26, 27, 28, 29, 30, 31, 32, 33, 34, 35, 36, 20, 38, 39]",1086.5,"[0, 1, 2, 3, 4, 5, 6, 7, 8, 9, 10, 11, 12, 13, 14, 15, 16, 17, 18, 19, 37, 21, 22, 23, 24, 25, 26, 27, 28, 29, 30, 31, 32, 33, 34, 35, 36, 20, 38, 39]",1086.5,3.0944063663482666
"[0, 1, 2, 3, 4, 5, 6, 7, 8, 9, 10, 11, 12, 13, 14, 15, 16, 17, 18, 19, 37, 21, 22, 23, 24, 25, 26, 27, 28, 29, 30, 31, 32, 33, 34, 35, 36, 20, 38, 39]",1086.5,"[0, 1, 2, 3, 4, 5, 6, 7, 8, 9, 10, 11, 12, 13, 14, 15, 16, 17, 18, 19, 37, 21, 22, 23, 24, 25, 26, 27, 28, 29, 30, 31, 32, 33, 34, 35, 36, 20, 38, 39]",1086.5,3.262420177459717
"[0, 1, 2, 3, 4, 5, 6, 7, 8, 9, 10, 11, 12, 13, 14, 15, 16, 17, 18, 19, 37, 21, 22, 23, 24, 25, 26, 27, 28, 29, 30, 31, 32, 33, 34, 35, 36, 20, 38, 39]",1086.5,"[0, 1, 2, 3, 4, 5, 6, 7, 8, 9, 10, 11, 12, 13, 14, 15, 16, 17, 18, 19, 37, 21, 22, 23, 24, 25, 26, 27, 28, 29, 30, 31, 32, 33, 34, 35, 36, 20, 38, 39]",1086.5,3.418412446975708
"[0, 1, 2, 3, 4, 5, 6, 7, 8, 9, 10, 11, 12, 13, 14, 15, 16, 17, 18, 19, 37, 21, 22, 23, 24, 25, 26, 27, 28, 29, 30, 31, 32, 33, 34, 35, 36, 20, 38, 39]",1086.5,"[0, 1, 2, 3, 4, 5, 6, 7, 8, 9, 10, 11, 12, 13, 14, 15, 16, 17, 18, 19, 37, 21, 22, 23, 24, 25, 26, 27, 28, 29, 30, 31, 32, 33, 34, 35, 36, 20, 38, 39]",1086.5,3.581421136856079
"[0, 1, 2, 3, 4, 5, 6, 7, 8, 9, 10, 11, 12, 13, 14, 15, 16, 17, 18, 19, 37, 21, 22, 23, 24, 25, 26, 27, 28, 29, 30, 31, 32, 33, 34, 35, 36, 20, 38, 39]",1086.5,"[0, 1, 2, 3, 4, 5, 6, 7, 8, 9, 10, 11, 12, 13, 14, 15, 16, 17, 18, 19, 37, 21, 22, 23, 24, 25, 26, 27, 28, 29, 30, 31, 32, 33, 34, 35, 36, 20, 38, 39]",1086.5,3.7404134273529053
"[0, 1, 2, 3, 4, 5, 6, 7, 8, 9, 10, 11, 12, 13, 14, 15, 16, 17, 18, 19, 37, 21, 22, 23, 24, 25, 26, 27, 28, 29, 30, 31, 32, 33, 34, 35, 36, 20, 38, 39]",1086.5,"[0, 1, 2, 3, 4, 5, 6, 7, 8, 9, 10, 11, 12, 13, 14, 15, 16, 17, 18, 19, 37, 21, 22, 23, 24, 25, 26, 27, 28, 29, 30, 31, 32, 33, 34, 35, 36, 20, 38, 39]",1086.5,3.8984193801879883
"[0, 1, 2, 3, 4, 5, 6, 7, 8, 9, 10, 11, 12, 13, 14, 15, 16, 17, 18, 19, 37, 21, 22, 23, 24, 25, 26, 27, 28, 29, 30, 31, 32, 33, 34, 35, 36, 20, 38, 39]",1086.5,"[0, 1, 2, 3, 4, 5, 6, 7, 8, 9, 10, 11, 12, 13, 14, 15, 16, 17, 18, 19, 37, 21, 22, 23, 24, 25, 26, 27, 28, 29, 30, 31, 32, 33, 34, 35, 36, 20, 38, 39]",1086.5,4.053433895111084
"[0, 1, 2, 3, 4, 5, 6, 7, 8, 9, 10, 11, 12, 13, 14, 15, 16, 17, 18, 19, 37, 21, 22, 23, 24, 25, 26, 27, 28, 29, 30, 31, 32, 33, 34, 35, 36, 20, 38, 39]",1086.5,"[0, 1, 2, 3, 4, 5, 6, 7, 8, 9, 10, 11, 12, 13, 14, 15, 16, 17, 18, 19, 37, 21, 22, 23, 24, 25, 26, 27, 28, 29, 30, 31, 32, 33, 34, 35, 36, 20, 38, 39]",1086.5,4.212419509887695
"[0, 1, 2, 3, 4, 5, 6, 7, 8, 9, 10, 11, 12, 13, 14, 18, 16, 17, 15, 19, 37, 21, 22, 23, 24, 25, 26, 27, 28, 29, 30, 31, 32, 33, 34, 35, 36, 20, 38, 39]",1082.0,"[0, 1, 2, 3, 4, 5, 6, 7, 8, 9, 10, 11, 12, 13, 14, 18, 16, 17, 15, 19, 37, 21, 22, 23, 24, 25, 26, 27, 28, 29, 30, 31, 32, 33, 34, 35, 36, 20, 38, 39]",1082.0,4.363425016403198
"[0, 1, 2, 3, 4, 5, 6, 7, 8, 9, 10, 11, 12, 13, 14, 18, 16, 17, 15, 19, 37, 21, 22, 23, 24, 25, 26, 27, 28, 29, 30, 31, 32, 33, 34, 35, 36, 20, 38, 39]",1082.0,"[0, 1, 2, 3, 4, 5, 6, 7, 8, 9, 10, 11, 12, 13, 14, 18, 16, 17, 15, 19, 37, 21, 22, 23, 24, 25, 26, 27, 28, 29, 30, 31, 32, 33, 34, 35, 36, 20, 38, 39]",1082.0,4.521421909332275
"[0, 1, 2, 3, 4, 5, 6, 7, 8, 9, 10, 11, 12, 13, 14, 18, 16, 17, 15, 19, 37, 21, 22, 23, 24, 25, 26, 27, 28, 29, 30, 31, 32, 33, 34, 35, 36, 20, 38, 39]",1082.0,"[0, 1, 2, 3, 4, 5, 6, 7, 8, 9, 10, 11, 12, 13, 14, 18, 16, 17, 15, 19, 37, 21, 22, 23, 24, 25, 26, 27, 28, 29, 30, 31, 32, 33, 34, 35, 36, 20, 38, 39]",1082.0,4.687443017959595
"[0, 1, 2, 3, 4, 5, 6, 7, 8, 9, 10, 11, 12, 13, 14, 18, 16, 17, 15, 19, 37, 21, 22, 23, 24, 25, 26, 27, 28, 29, 30, 31, 32, 33, 34, 35, 36, 20, 38, 39]",1082.0,"[0, 1, 2, 3, 4, 5, 6, 7, 8, 9, 10, 11, 12, 13, 14, 18, 16, 17, 15, 19, 37, 21, 22, 23, 24, 25, 26, 27, 28, 29, 30, 31, 32, 33, 34, 35, 36, 20, 38, 39]",1082.0,4.843434810638428
"[0, 1, 2, 3, 4, 5, 6, 7, 8, 9, 10, 11, 12, 13, 14, 18, 16, 17, 15, 19, 37, 21, 22, 23, 24, 25, 26, 27, 28, 29, 30, 31, 32, 33, 34, 35, 36, 20, 38, 39]",1082.0,"[0, 1, 2, 3, 4, 5, 6, 7, 8, 9, 10, 11, 12, 13, 14, 18, 16, 17, 15, 19, 37, 21, 22, 23, 24, 25, 26, 27, 28, 29, 30, 31, 32, 33, 34, 35, 36, 20, 38, 39]",1082.0,5.000436782836914
"[0, 1, 2, 3, 4, 5, 6, 7, 8, 9, 10, 11, 12, 13, 14, 18, 16, 17, 15, 19, 37, 21, 22, 23, 24, 25, 26, 27, 28, 29, 30, 31, 32, 33, 34, 35, 36, 20, 38, 39]",1082.0,"[0, 1, 2, 3, 4, 5, 6, 7, 8, 9, 10, 11, 12, 13, 14, 18, 16, 17, 15, 19, 37, 21, 22, 23, 24, 25, 26, 27, 28, 29, 30, 31, 32, 33, 34, 35, 36, 20, 38, 39]",1082.0,5.158429861068726
"[0, 1, 2, 3, 4, 5, 6, 7, 8, 9, 10, 11, 12, 13, 14, 18, 16, 17, 15, 19, 37, 21, 22, 23, 24, 25, 26, 27, 28, 29, 30, 31, 32, 33, 34, 35, 36, 20, 38, 39]",1082.0,"[0, 1, 2, 3, 4, 5, 6, 7, 8, 9, 10, 11, 12, 13, 14, 18, 16, 17, 15, 19, 37, 21, 22, 23, 24, 25, 26, 27, 28, 29, 30, 31, 32, 33, 34, 35, 36, 20, 38, 39]",1082.0,5.313439846038818
"[0, 1, 2, 3, 4, 5, 6, 7, 8, 9, 10, 11, 12, 13, 14, 18, 16, 17, 15, 19, 37, 21, 22, 23, 24, 25, 26, 27, 28, 29, 30, 31, 32, 33, 34, 35, 36, 20, 38, 39]",1082.0,"[0, 1, 2, 3, 4, 5, 6, 7, 8, 9, 10, 11, 12, 13, 14, 18, 16, 17, 15, 19, 37, 21, 22, 23, 24, 25, 26, 27, 28, 29, 30, 31, 32, 33, 34, 35, 36, 20, 38, 39]",1082.0,5.47043514251709
"[0, 1, 2, 3, 4, 5, 6, 7, 8, 9, 10, 11, 12, 13, 14, 18, 16, 17, 15, 19, 37, 21, 22, 23, 24, 25, 26, 20, 28, 29, 30, 31, 32, 33, 34, 35, 36, 27, 38, 39]",1068.0,"[0, 1, 2, 3, 4, 5, 6, 7, 8, 9, 10, 11, 12, 13, 14, 18, 16, 17, 15, 19, 37, 21, 22, 23, 24, 25, 26, 20, 28, 29, 30, 31, 32, 33, 34, 35, 36, 27, 38, 39]",1068.0,5.631437063217163
"[0, 1, 2, 3, 4, 5, 6, 7, 8, 9, 10, 11, 12, 13, 14, 18, 16, 17, 15, 19, 37, 21, 22, 23, 24, 25, 26, 20, 28, 29, 30, 31, 32, 33, 34, 35, 36, 27, 38, 39]",1068.0,"[0, 1, 2, 3, 4, 5, 6, 7, 8, 9, 10, 11, 12, 13, 14, 18, 16, 17, 15, 19, 37, 21, 22, 23, 24, 25, 26, 20, 28, 29, 30, 31, 32, 33, 34, 35, 36, 27, 38, 39]",1068.0,5.786438703536987
"[0, 1, 2, 3, 4, 5, 6, 7, 8, 9, 10, 11, 12, 13, 14, 18, 16, 17, 15, 19, 37, 21, 22, 23, 24, 25, 26, 20, 28, 29, 30, 31, 32, 33, 34, 35, 36, 27, 38, 39]",1068.0,"[0, 1, 2, 3, 4, 5, 6, 7, 8, 9, 10, 11, 12, 13, 14, 18, 16, 17, 15, 19, 37, 21, 22, 23, 24, 25, 26, 20, 28, 29, 30, 31, 32, 33, 34, 35, 36, 27, 38, 39]",1068.0,5.94844126701355
"[0, 1, 2, 3, 4, 5, 6, 7, 8, 9, 10, 11, 12, 13, 14, 18, 16, 17, 15, 19, 37, 21, 22, 23, 24, 25, 26, 20, 28, 29, 30, 31, 32, 33, 34, 35, 36, 27, 38, 39]",1068.0,"[0, 1, 2, 3, 4, 5, 6, 7, 8, 9, 10, 11, 12, 13, 14, 18, 16, 17, 15, 19, 37, 21, 22, 23, 24, 25, 26, 20, 28, 29, 30, 31, 32, 33, 34, 35, 36, 27, 38, 39]",1068.0,6.11144757270813
"[0, 1, 2, 3, 4, 5, 6, 7, 8, 9, 10, 11, 12, 13, 14, 18, 16, 17, 15, 19, 37, 21, 22, 23, 24, 25, 26, 20, 28, 29, 30, 31, 32, 33, 34, 35, 36, 27, 38, 39]",1068.0,"[0, 1, 2, 3, 4, 5, 6, 7, 8, 9, 10, 11, 12, 13, 14, 18, 16, 17, 15, 19, 37, 21, 22, 23, 24, 25, 26, 20, 28, 29, 30, 31, 32, 33, 34, 35, 36, 27, 38, 39]",1068.0,6.272444725036621
"[0, 1, 2, 3, 4, 5, 6, 7, 8, 9, 10, 11, 12, 13, 14, 18, 16, 17, 15, 19, 37, 21, 22, 23, 24, 25, 26, 20, 28, 29, 30, 31, 32, 33, 34, 35, 36, 27, 38, 39]",1068.0,"[0, 1, 2, 3, 4, 5, 6, 7, 8, 9, 10, 11, 12, 13, 14, 18, 16, 17, 15, 19, 37, 21, 22, 23, 24, 25, 26, 20, 28, 29, 30, 31, 32, 33, 34, 35, 36, 27, 38, 39]",1068.0,6.436446905136108
"[0, 1, 2, 3, 4, 5, 6, 7, 8, 9, 10, 11, 12, 13, 14, 18, 16, 17, 15, 19, 37, 21, 22, 23, 24, 25, 26, 20, 28, 29, 30, 31, 32, 33, 34, 35, 36, 27, 38, 39]",1068.0,"[0, 1, 2, 3, 4, 5, 6, 7, 8, 9, 10, 11, 12, 13, 14, 18, 16, 17, 15, 19, 37, 21, 22, 23, 24, 25, 26, 20, 28, 29, 30, 31, 32, 33, 34, 35, 36, 27, 38, 39]",1068.0,6.586446285247803
"[0, 1, 2, 3, 4, 5, 6, 7, 8, 9, 10, 11, 12, 13, 14, 18, 16, 17, 15, 19, 37, 21, 22, 23, 24, 25, 26, 20, 28, 29, 30, 31, 32, 33, 34, 35, 36, 27, 38, 39]",1068.0,"[0, 1, 2, 3, 4, 5, 6, 7, 8, 9, 10, 11, 12, 13, 14, 18, 16, 17, 15, 19, 37, 21, 22, 23, 24, 25, 26, 20, 28, 29, 30, 31, 32, 33, 34, 35, 36, 27, 38, 39]",1068.0,6.741450309753418
"[0, 1, 2, 3, 4, 5, 6, 7, 8, 9, 10, 11, 12, 13, 14, 18, 16, 17, 15, 19, 37, 21, 22, 23, 24, 25, 26, 20, 28, 29, 30, 31, 32, 33, 34, 35, 36, 27, 38, 39]",1068.0,"[0, 1, 2, 3, 4, 5, 6, 7, 8, 9, 10, 11, 12, 13, 14, 18, 16, 17, 15, 19, 37, 21, 22, 23, 24, 25, 26, 20, 28, 29, 30, 31, 32, 33, 34, 35, 36, 27, 38, 39]",1068.0,6.895460367202759
"[0, 1, 2, 3, 4, 5, 6, 7, 8, 9, 10, 11, 12, 13, 14, 18, 16, 17, 15, 19, 37, 21, 22, 23, 24, 25, 26, 20, 28, 29, 30, 31, 32, 33, 34, 35, 36, 27, 38, 39]",1068.0,"[0, 1, 2, 3, 4, 5, 6, 7, 8, 9, 10, 11, 12, 13, 14, 18, 16, 17, 15, 19, 37, 21, 22, 23, 24, 25, 26, 20, 28, 29, 30, 31, 32, 33, 34, 35, 36, 27, 38, 39]",1068.0,7.0524516105651855
"[0, 1, 2, 3, 4, 5, 6, 7, 8, 9, 10, 11, 12, 13, 14, 18, 16, 17, 15, 19, 37, 21, 22, 23, 24, 25, 26, 20, 28, 29, 30, 31, 32, 33, 34, 35, 36, 27, 38, 39]",1068.0,"[0, 1, 2, 3, 4, 5, 6, 7, 8, 9, 10, 11, 12, 13, 14, 18, 16, 17, 15, 19, 37, 21, 22, 23, 24, 25, 26, 20, 28, 29, 30, 31, 32, 33, 34, 35, 36, 27, 38, 39]",1068.0,7.2134552001953125
"[0, 1, 2, 3, 4, 5, 13, 7, 8, 9, 10, 11, 12, 6, 14, 18, 16, 17, 15, 19, 37, 21, 22, 23, 24, 25, 26, 20, 28, 29, 30, 31, 32, 33, 34, 35, 36, 27, 38, 39]",1066.5,"[0, 1, 2, 3, 4, 5, 13, 7, 8, 9, 10, 11, 12, 6, 14, 18, 16, 17, 15, 19, 37, 21, 22, 23, 24, 25, 26, 20, 28, 29, 30, 31, 32, 33, 34, 35, 36, 27, 38, 39]",1066.5,7.367461442947388
"[0, 1, 2, 3, 4, 5, 13, 7, 8, 9, 10, 11, 12, 6, 14, 18, 16, 17, 15, 19, 37, 21, 22, 23, 24, 25, 26, 20, 28, 29, 30, 31, 32, 33, 34, 35, 36, 27, 38, 39]",1066.5,"[0, 1, 2, 3, 4, 5, 13, 7, 8, 9, 10, 11, 12, 6, 14, 18, 16, 17, 15, 19, 37, 21, 22, 23, 24, 25, 26, 20, 28, 29, 30, 31, 32, 33, 34, 35, 36, 27, 38, 39]",1066.5,7.530456781387329
"[0, 1, 2, 3, 4, 5, 13, 7, 8, 9, 10, 11, 12, 6, 14, 18, 16, 17, 15, 19, 37, 21, 22, 23, 24, 25, 26, 20, 28, 29, 30, 31, 32, 33, 34, 35, 36, 27, 38, 39]",1066.5,"[0, 1, 2, 3, 4, 5, 13, 7, 8, 9, 10, 11, 12, 6, 14, 18, 16, 17, 15, 19, 37, 21, 22, 23, 24, 25, 26, 20, 28, 29, 30, 31, 32, 33, 34, 35, 36, 27, 38, 39]",1066.5,7.696461915969849
"[0, 1, 2, 3, 4, 5, 13, 7, 8, 9, 10, 11, 12, 6, 14, 18, 16, 17, 15, 19, 37, 21, 22, 23, 24, 25, 26, 20, 28, 29, 30, 31, 32, 33, 34, 35, 36, 27, 38, 39]",1066.5,"[0, 1, 2, 3, 4, 5, 13, 7, 8, 9, 10, 11, 12, 6, 14, 18, 16, 17, 15, 19, 37, 21, 22, 23, 24, 25, 26, 20, 28, 29, 30, 31, 32, 33, 34, 35, 36, 27, 38, 39]",1066.5,7.858463764190674
"[0, 1, 2, 3, 4, 5, 13, 7, 8, 9, 10, 11, 12, 6, 14, 18, 16, 17, 15, 19, 37, 21, 22, 23, 24, 25, 26, 20, 28, 29, 30, 31, 32, 33, 34, 35, 36, 27, 38, 39]",1066.5,"[0, 1, 2, 3, 4, 5, 13, 7, 8, 9, 10, 11, 12, 6, 14, 18, 16, 17, 15, 19, 37, 21, 22, 23, 24, 25, 26, 20, 28, 29, 30, 31, 32, 33, 34, 35, 36, 27, 38, 39]",1066.5,8.018467903137207
"[0, 1, 2, 3, 4, 5, 13, 7, 8, 9, 10, 11, 12, 6, 14, 18, 16, 17, 15, 19, 37, 21, 22, 23, 24, 25, 26, 20, 28, 29, 30, 31, 32, 33, 34, 35, 36, 27, 38, 39]",1066.5,"[0, 1, 2, 3, 4, 5, 13, 7, 8, 9, 10, 11, 12, 6, 14, 18, 16, 17, 15, 19, 37, 21, 22, 23, 24, 25, 26, 20, 28, 29, 30, 31, 32, 33, 34, 35, 36, 27, 38, 39]",1066.5,8.178467273712158
"[0, 1, 2, 3, 4, 5, 13, 7, 8, 9, 10, 11, 12, 6, 14, 18, 16, 17, 15, 19, 37, 21, 22, 23, 24, 25, 26, 20, 28, 29, 30, 31, 32, 33, 34, 35, 36, 27, 38, 39]",1066.5,"[0, 1, 2, 3, 4, 5, 13, 7, 8, 9, 10, 11, 12, 6, 14, 18, 16, 17, 15, 19, 37, 21, 22, 23, 24, 25, 26, 20, 28, 29, 30, 31, 32, 33, 34, 35, 36, 27, 38, 39]",1066.5,8.336467027664185
"[0, 1, 2, 3, 4, 5, 13, 7, 8, 9, 10, 11, 12, 6, 14, 18, 16, 17, 15, 19, 37, 21, 22, 23, 24, 25, 26, 20, 28, 29, 30, 31, 32, 33, 34, 35, 36, 27, 38, 39]",1066.5,"[0, 1, 2, 3, 4, 5, 13, 7, 8, 9, 10, 11, 12, 6, 14, 18, 16, 17, 15, 19, 37, 21, 22, 23, 24, 25, 26, 20, 28, 29, 30, 31, 32, 33, 34, 35, 36, 27, 38, 39]",1066.5,8.496469736099243
"[0, 1, 2, 3, 4, 5, 13, 7, 8, 9, 10, 11, 12, 6, 14, 18, 16, 17, 15, 19, 37, 21, 22, 23, 24, 25, 26, 20, 28, 29, 30, 31, 32, 33, 34, 35, 39, 27, 38, 36]",1010.0,"[0, 1, 2, 3, 4, 5, 13, 7, 8, 9, 10, 11, 12, 6, 14, 18, 16, 17, 15, 19, 37, 21, 22, 23, 24, 25, 26, 20, 28, 29, 30, 31, 32, 33, 34, 35, 39, 27, 38, 36]",1010.0,8.655473470687866
"[0, 1, 2, 3, 4, 5, 13, 7, 8, 9, 10, 11, 12, 6, 14, 18, 16, 17, 15, 19, 37, 21, 22, 23, 24, 25, 26, 20, 28, 29, 30, 31, 32, 33, 34, 35, 39, 27, 38, 36]",1010.0,"[0, 1, 2, 3, 4, 5, 13, 7, 8, 9, 10, 11, 12, 6, 14, 18, 16, 17, 15, 19, 37, 21, 22, 23, 24, 25, 26, 20, 28, 29, 30, 31, 32, 33, 34, 35, 39, 27, 38, 36]",1010.0,8.811467170715332
"[0, 1, 2, 3, 4, 5, 13, 7, 8, 9, 10, 11, 12, 6, 14, 18, 16, 17, 15, 19, 37, 21, 22, 23, 24, 25, 26, 20, 28, 29, 30, 31, 32, 33, 34, 35, 39, 27, 38, 36]",1010.0,"[0, 1, 2, 3, 4, 5, 13, 7, 8, 9, 10, 11, 12, 6, 14, 18, 16, 17, 15, 19, 37, 21, 22, 23, 24, 25, 26, 20, 28, 29, 30, 31, 32, 33, 34, 35, 39, 27, 38, 36]",1010.0,8.970487356185913
"[0, 1, 2, 3, 4, 5, 13, 7, 8, 9, 6, 11, 12, 10, 14, 18, 16, 17, 15, 19, 37, 21, 22, 23, 24, 25, 26, 20, 28, 29, 30, 31, 32, 33, 34, 35, 39, 27, 38, 36]",1009.5,"[0, 1, 2, 3, 4, 5, 13, 7, 8, 9, 6, 11, 12, 10, 14, 18, 16, 17, 15, 19, 37, 21, 22, 23, 24, 25, 26, 20, 28, 29, 30, 31, 32, 33, 34, 35, 39, 27, 38, 36]",1009.5,9.13048267364502
"[0, 1, 2, 3, 4, 5, 13, 7, 8, 9, 6, 11, 12, 10, 14, 18, 16, 17, 15, 19, 37, 21, 22, 23, 24, 25, 26, 20, 28, 29, 30, 31, 32, 33, 34, 35, 39, 27, 38, 36]",1009.5,"[0, 1, 2, 3, 4, 5, 13, 7, 8, 9, 6, 11, 12, 10, 14, 18, 16, 17, 15, 19, 37, 21, 22, 23, 24, 25, 26, 20, 28, 29, 30, 31, 32, 33, 34, 35, 39, 27, 38, 36]",1009.5,9.28148102760315
"[0, 1, 2, 3, 4, 5, 13, 7, 8, 9, 6, 11, 12, 10, 14, 18, 16, 17, 15, 19, 37, 21, 22, 23, 24, 25, 26, 20, 28, 29, 30, 31, 32, 33, 34, 35, 39, 27, 38, 36]",1009.5,"[0, 1, 2, 3, 4, 5, 13, 7, 8, 9, 6, 11, 12, 10, 14, 18, 16, 17, 15, 19, 37, 21, 22, 23, 24, 25, 26, 20, 28, 29, 30, 31, 32, 33, 34, 35, 39, 27, 38, 36]",1009.5,9.439481258392334
"[0, 1, 2, 3, 4, 5, 13, 7, 8, 9, 6, 11, 12, 10, 14, 18, 16, 17, 15, 19, 37, 21, 22, 23, 24, 25, 26, 20, 28, 29, 30, 31, 32, 33, 34, 35, 39, 27, 38, 36]",1009.5,"[0, 1, 2, 3, 4, 5, 13, 7, 8, 9, 6, 11, 12, 10, 14, 18, 16, 17, 15, 19, 37, 21, 22, 23, 24, 25, 26, 20, 28, 29, 30, 31, 32, 33, 34, 35, 39, 27, 38, 36]",1009.5,9.6274893283844
"[0, 1, 2, 3, 4, 5, 13, 7, 8, 9, 6, 11, 12, 10, 14, 18, 16, 17, 15, 19, 37, 21, 22, 23, 24, 25, 26, 20, 28, 29, 30, 31, 32, 33, 34, 35, 39, 27, 38, 36]",1009.5,"[0, 1, 2, 3, 4, 5, 13, 7, 8, 9, 6, 11, 12, 10, 14, 18, 16, 17, 15, 19, 37, 21, 22, 23, 24, 25, 26, 20, 28, 29, 30, 31, 32, 33, 34, 35, 39, 27, 38, 36]",1009.5,9.786485195159912
"[0, 1, 2, 3, 4, 5, 13, 7, 8, 9, 6, 11, 12, 10, 14, 18, 16, 17, 15, 19, 37, 21, 22, 23, 24, 25, 26, 20, 28, 29, 30, 31, 32, 33, 34, 35, 39, 27, 38, 36]",1009.5,"[0, 1, 2, 3, 4, 5, 13, 7, 8, 9, 6, 11, 12, 10, 14, 18, 16, 17, 15, 19, 37, 21, 22, 23, 24, 25, 26, 20, 28, 29, 30, 31, 32, 33, 34, 35, 39, 27, 38, 36]",1009.5,9.9464852809906
"[0, 1, 2, 3, 4, 5, 13, 7, 8, 9, 6, 11, 12, 10, 14, 18, 16, 17, 15, 19, 37, 21, 22, 23, 24, 25, 26, 20, 28, 29, 30, 31, 32, 33, 34, 35, 39, 27, 38, 36]",1009.5,"[0, 1, 2, 3, 4, 5, 13, 7, 8, 9, 6, 11, 12, 10, 14, 18, 16, 17, 15, 19, 37, 21, 22, 23, 24, 25, 26, 20, 28, 29, 30, 31, 32, 33, 34, 35, 39, 27, 38, 36]",1009.5,10.106496334075928
"[0, 1, 2, 3, 4, 5, 13, 7, 8, 9, 6, 11, 12, 10, 14, 18, 16, 17, 15, 19, 37, 21, 22, 23, 24, 25, 26, 20, 28, 29, 30, 31, 32, 33, 34, 35, 39, 27, 38, 36]",1009.5,"[0, 1, 2, 3, 4, 5, 13, 7, 8, 9, 6, 11, 12, 10, 14, 18, 16, 17, 15, 19, 37, 21, 22, 23, 24, 25, 26, 20, 28, 29, 30, 31, 32, 33, 34, 35, 39, 27, 38, 36]",1009.5,10.275502920150757
"[0, 1, 2, 3, 4, 5, 13, 7, 8, 9, 6, 11, 12, 10, 14, 18, 16, 17, 15, 19, 37, 21, 22, 23, 24, 25, 26, 20, 28, 29, 30, 31, 32, 33, 34, 35, 39, 27, 38, 36]",1009.5,"[0, 1, 2, 3, 4, 5, 13, 7, 8, 9, 6, 11, 12, 10, 14, 18, 16, 17, 15, 19, 37, 21, 22, 23, 24, 25, 26, 20, 28, 29, 30, 31, 32, 33, 34, 35, 39, 27, 38, 36]",1009.5,10.438491821289062
"[0, 1, 2, 3, 4, 5, 13, 7, 8, 9, 6, 11, 12, 10, 14, 18, 16, 17, 15, 19, 37, 21, 22, 23, 24, 25, 26, 20, 28, 29, 30, 31, 32, 33, 34, 35, 39, 27, 38, 36]",1009.5,"[0, 1, 2, 3, 4, 5, 13, 7, 8, 9, 6, 11, 12, 10, 14, 18, 16, 17, 15, 19, 37, 21, 22, 23, 24, 25, 26, 20, 28, 29, 30, 31, 32, 33, 34, 35, 39, 27, 38, 36]",1009.5,10.606496095657349
"[0, 1, 2, 3, 4, 5, 13, 7, 8, 9, 6, 11, 12, 10, 14, 18, 16, 17, 15, 19, 37, 21, 22, 23, 24, 25, 26, 20, 28, 29, 30, 31, 32, 33, 34, 35, 39, 27, 38, 36]",1009.5,"[0, 1, 2, 3, 4, 5, 13, 7, 8, 9, 6, 11, 12, 10, 14, 18, 16, 17, 15, 19, 37, 21, 22, 23, 24, 25, 26, 20, 28, 29, 30, 31, 32, 33, 34, 35, 39, 27, 38, 36]",1009.5,10.76949405670166
"[0, 1, 2, 3, 4, 5, 13, 7, 8, 9, 6, 11, 12, 10, 14, 18, 16, 17, 15, 19, 37, 21, 22, 23, 24, 25, 26, 20, 28, 29, 30, 31, 32, 33, 34, 35, 39, 27, 38, 36]",1009.5,"[0, 1, 2, 3, 4, 5, 13, 7, 8, 9, 6, 11, 12, 10, 14, 18, 16, 17, 15, 19, 37, 21, 22, 23, 24, 25, 26, 20, 28, 29, 30, 31, 32, 33, 34, 35, 39, 27, 38, 36]",1009.5,10.926502704620361
"[0, 1, 2, 3, 4, 5, 13, 7, 8, 9, 6, 11, 12, 10, 14, 18, 16, 17, 15, 19, 37, 21, 22, 23, 24, 25, 26, 20, 28, 29, 30, 31, 32, 33, 34, 35, 39, 27, 38, 36]",1009.5,"[0, 1, 2, 3, 4, 5, 13, 7, 8, 9, 6, 11, 12, 10, 14, 18, 16, 17, 15, 19, 37, 21, 22, 23, 24, 25, 26, 20, 28, 29, 30, 31, 32, 33, 34, 35, 39, 27, 38, 36]",1009.5,11.080503463745117
"[0, 1, 2, 3, 4, 5, 13, 7, 8, 9, 6, 11, 12, 10, 14, 18, 16, 17, 15, 19, 37, 21, 22, 23, 24, 25, 26, 20, 28, 29, 30, 31, 32, 33, 34, 35, 39, 27, 38, 36]",1009.5,"[0, 1, 2, 3, 4, 5, 13, 7, 8, 9, 6, 11, 12, 10, 14, 18, 16, 17, 15, 19, 37, 21, 22, 23, 24, 25, 26, 20, 28, 29, 30, 31, 32, 33, 34, 35, 39, 27, 38, 36]",1009.5,11.240501403808594
"[0, 1, 2, 3, 4, 5, 13, 7, 8, 9, 6, 11, 12, 10, 14, 18, 16, 17, 15, 19, 37, 21, 22, 23, 24, 25, 26, 20, 28, 29, 30, 31, 32, 33, 34, 35, 39, 27, 38, 36]",1009.5,"[0, 1, 2, 3, 4, 5, 13, 7, 8, 9, 6, 11, 12, 10, 14, 18, 16, 17, 15, 19, 37, 21, 22, 23, 24, 25, 26, 20, 28, 29, 30, 31, 32, 33, 34, 35, 39, 27, 38, 36]",1009.5,11.394505739212036
"[0, 1, 2, 3, 4, 5, 13, 7, 8, 9, 6, 11, 12, 10, 14, 18, 16, 17, 15, 19, 37, 21, 22, 23, 24, 25, 26, 20, 28, 29, 30, 31, 32, 33, 34, 35, 39, 27, 38, 36]",1009.5,"[0, 1, 2, 3, 4, 5, 13, 7, 8, 9, 6, 11, 12, 10, 14, 18, 16, 17, 15, 19, 37, 21, 22, 23, 24, 25, 26, 20, 28, 29, 30, 31, 32, 33, 34, 35, 39, 27, 38, 36]",1009.5,11.552507400512695
"[0, 1, 2, 3, 4, 5, 13, 7, 8, 9, 6, 11, 12, 10, 14, 18, 16, 17, 15, 19, 37, 21, 22, 23, 24, 25, 26, 20, 28, 29, 30, 31, 32, 33, 34, 35, 39, 27, 38, 36]",1009.5,"[0, 1, 2, 3, 4, 5, 13, 7, 8, 9, 6, 11, 12, 10, 14, 18, 16, 17, 15, 19, 37, 21, 22, 23, 24, 25, 26, 20, 28, 29, 30, 31, 32, 33, 34, 35, 39, 27, 38, 36]",1009.5,11.713509321212769
"[0, 1, 2, 3, 4, 5, 13, 7, 8, 9, 6, 11, 12, 10, 14, 18, 16, 17, 15, 19, 37, 21, 22, 23, 24, 25, 26, 20, 28, 29, 30, 31, 32, 33, 34, 35, 39, 27, 38, 36]",1009.5,"[0, 1, 2, 3, 4, 5, 13, 7, 8, 9, 6, 11, 12, 10, 14, 18, 16, 17, 15, 19, 37, 21, 22, 23, 24, 25, 26, 20, 28, 29, 30, 31, 32, 33, 34, 35, 39, 27, 38, 36]",1009.5,11.877511501312256
"[0, 1, 2, 3, 4, 5, 13, 7, 8, 9, 6, 11, 12, 10, 14, 18, 16, 17, 15, 19, 37, 21, 22, 23, 24, 25, 26, 20, 28, 29, 30, 31, 32, 33, 34, 35, 39, 27, 38, 36]",1009.5,"[0, 1, 2, 3, 4, 5, 13, 7, 8, 9, 6, 11, 12, 10, 14, 18, 16, 17, 15, 19, 37, 21, 22, 23, 24, 25, 26, 20, 28, 29, 30, 31, 32, 33, 34, 35, 39, 27, 38, 36]",1009.5,12.042508840560913
"[0, 1, 2, 3, 4, 5, 13, 7, 8, 9, 6, 11, 12, 10, 14, 18, 16, 17, 15, 19, 37, 21, 22, 23, 24, 25, 26, 20, 28, 29, 30, 31, 32, 33, 34, 35, 39, 27, 38, 36]",1009.5,"[0, 1, 2, 3, 4, 5, 13, 7, 8, 9, 6, 11, 12, 10, 14, 18, 16, 17, 15, 19, 37, 21, 22, 23, 24, 25, 26, 20, 28, 29, 30, 31, 32, 33, 34, 35, 39, 27, 38, 36]",1009.5,12.2065110206604
"[0, 1, 2, 3, 4, 5, 13, 7, 8, 9, 6, 11, 12, 10, 14, 18, 16, 17, 15, 19, 37, 21, 22, 23, 24, 25, 26, 20, 28, 29, 30, 31, 32, 33, 34, 35, 39, 27, 38, 36]",1009.5,"[0, 1, 2, 3, 4, 5, 13, 7, 8, 9, 6, 11, 12, 10, 14, 18, 16, 17, 15, 19, 37, 21, 22, 23, 24, 25, 26, 20, 28, 29, 30, 31, 32, 33, 34, 35, 39, 27, 38, 36]",1009.5,12.378515481948853
"[0, 1, 2, 3, 4, 5, 13, 7, 8, 9, 6, 11, 12, 10, 14, 18, 16, 17, 15, 19, 37, 21, 22, 23, 24, 25, 26, 20, 28, 29, 30, 31, 32, 33, 34, 35, 39, 27, 38, 36]",1009.5,"[0, 1, 2, 3, 4, 5, 13, 7, 8, 9, 6, 11, 12, 10, 14, 18, 16, 17, 15, 19, 37, 21, 22, 23, 24, 25, 26, 20, 28, 29, 30, 31, 32, 33, 34, 35, 39, 27, 38, 36]",1009.5,12.538517236709595
"[0, 1, 2, 3, 4, 5, 13, 7, 8, 9, 6, 11, 12, 10, 14, 18, 16, 17, 15, 19, 37, 21, 22, 23, 24, 25, 26, 20, 28, 29, 30, 31, 32, 33, 34, 35, 39, 27, 38, 36]",1009.5,"[0, 1, 2, 3, 4, 5, 13, 7, 8, 9, 6, 11, 12, 10, 14, 18, 16, 17, 15, 19, 37, 21, 22, 23, 24, 25, 26, 20, 28, 29, 30, 31, 32, 33, 34, 35, 39, 27, 38, 36]",1009.5,12.697088479995728
"[0, 1, 2, 3, 4, 5, 13, 7, 8, 9, 6, 11, 12, 10, 14, 18, 16, 17, 15, 19, 37, 21, 22, 23, 24, 25, 26, 20, 28, 29, 30, 31, 32, 33, 34, 35, 39, 27, 38, 36]",1009.5,"[0, 1, 2, 3, 4, 5, 13, 7, 8, 9, 6, 11, 12, 10, 14, 18, 16, 17, 15, 19, 37, 21, 22, 23, 24, 25, 26, 20, 28, 29, 30, 31, 32, 33, 34, 35, 39, 27, 38, 36]",1009.5,12.855089902877808
"[0, 1, 2, 3, 4, 5, 13, 7, 8, 9, 6, 11, 12, 10, 14, 18, 16, 17, 15, 19, 37, 21, 22, 23, 24, 25, 26, 20, 28, 29, 30, 31, 32, 33, 34, 35, 39, 27, 38, 36]",1009.5,"[0, 1, 2, 3, 4, 5, 13, 7, 8, 9, 6, 11, 12, 10, 14, 18, 16, 17, 15, 19, 37, 21, 22, 23, 24, 25, 26, 20, 28, 29, 30, 31, 32, 33, 34, 35, 39, 27, 38, 36]",1009.5,13.022033929824829
"[0, 1, 2, 3, 4, 5, 13, 7, 8, 9, 6, 11, 12, 10, 14, 18, 16, 17, 15, 19, 37, 21, 22, 23, 24, 25, 26, 20, 28, 29, 30, 31, 32, 33, 34, 35, 39, 27, 38, 36]",1009.5,"[0, 1, 2, 3, 4, 5, 13, 7, 8, 9, 6, 11, 12, 10, 14, 18, 16, 17, 15, 19, 37, 21, 22, 23, 24, 25, 26, 20, 28, 29, 30, 31, 32, 33, 34, 35, 39, 27, 38, 36]",1009.5,13.18903660774231
"[0, 1, 2, 3, 4, 5, 13, 7, 8, 9, 6, 11, 12, 10, 14, 18, 16, 17, 15, 19, 37, 21, 22, 23, 24, 25, 26, 20, 28, 29, 30, 31, 32, 33, 34, 35, 39, 27, 38, 36]",1009.5,"[0, 1, 2, 3, 4, 5, 13, 7, 8, 9, 6, 11, 12, 10, 14, 18, 16, 17, 15, 19, 37, 21, 22, 23, 24, 25, 26, 20, 28, 29, 30, 31, 32, 33, 34, 35, 39, 27, 38, 36]",1009.5,13.349041223526001
"[0, 1, 2, 3, 4, 5, 13, 7, 8, 9, 6, 11, 12, 10, 14, 18, 16, 17, 15, 19, 37, 21, 22, 23, 24, 25, 26, 20, 28, 29, 30, 31, 32, 33, 34, 35, 39, 27, 38, 36]",1009.5,"[0, 1, 2, 3, 4, 5, 13, 7, 8, 9, 6, 11, 12, 10, 14, 18, 16, 17, 15, 19, 37, 21, 22, 23, 24, 25, 26, 20, 28, 29, 30, 31, 32, 33, 34, 35, 39, 27, 38, 36]",1009.5,13.508038759231567
"[0, 1, 2, 3, 4, 5, 13, 7, 8, 9, 6, 11, 12, 10, 14, 18, 16, 17, 15, 19, 37, 21, 22, 23, 24, 25, 26, 20, 28, 29, 30, 31, 32, 33, 34, 35, 39, 27, 38, 36]",1009.5,"[0, 1, 2, 3, 4, 5, 13, 7, 8, 9, 6, 11, 12, 10, 14, 18, 16, 17, 15, 19, 37, 21, 22, 23, 24, 25, 26, 20, 28, 29, 30, 31, 32, 33, 34, 35, 39, 27, 38, 36]",1009.5,13.667038440704346
"[0, 1, 2, 3, 4, 5, 13, 7, 8, 9, 6, 11, 12, 10, 14, 18, 16, 17, 15, 19, 37, 21, 22, 23, 24, 25, 26, 20, 28, 29, 30, 31, 32, 33, 34, 35, 39, 27, 38, 36]",1009.5,"[0, 1, 2, 3, 4, 5, 13, 7, 8, 9, 6, 11, 12, 10, 14, 18, 16, 17, 15, 19, 37, 21, 22, 23, 24, 25, 26, 20, 28, 29, 30, 31, 32, 33, 34, 35, 39, 27, 38, 36]",1009.5,13.827041387557983
"[0, 1, 2, 3, 4, 5, 13, 7, 8, 9, 6, 11, 12, 10, 14, 18, 16, 17, 15, 19, 37, 21, 22, 23, 24, 25, 26, 20, 28, 29, 30, 31, 32, 33, 34, 35, 39, 27, 38, 36]",1009.5,"[0, 1, 2, 3, 4, 5, 13, 7, 8, 9, 6, 11, 12, 10, 14, 18, 16, 17, 15, 19, 37, 21, 22, 23, 24, 25, 26, 20, 28, 29, 30, 31, 32, 33, 34, 35, 39, 27, 38, 36]",1009.5,13.989044427871704
"[0, 1, 2, 3, 4, 5, 13, 7, 8, 9, 6, 11, 12, 10, 14, 18, 16, 17, 15, 19, 37, 21, 22, 23, 24, 25, 26, 20, 28, 29, 30, 31, 32, 33, 34, 35, 39, 27, 38, 36]",1009.5,"[0, 1, 2, 3, 4, 5, 13, 7, 8, 9, 6, 11, 12, 10, 14, 18, 16, 17, 15, 19, 37, 21, 22, 23, 24, 25, 26, 20, 28, 29, 30, 31, 32, 33, 34, 35, 39, 27, 38, 36]",1009.5,14.150047779083252
"[0, 1, 2, 3, 4, 5, 13, 7, 8, 9, 6, 11, 12, 10, 14, 18, 16, 17, 15, 19, 37, 21, 22, 23, 24, 25, 26, 20, 28, 29, 30, 31, 32, 33, 34, 35, 39, 27, 38, 36]",1009.5,"[0, 1, 2, 3, 4, 5, 13, 7, 8, 9, 6, 11, 12, 10, 14, 18, 16, 17, 15, 19, 37, 21, 22, 23, 24, 25, 26, 20, 28, 29, 30, 31, 32, 33, 34, 35, 39, 27, 38, 36]",1009.5,14.308067083358765
"[0, 1, 2, 3, 4, 5, 13, 7, 8, 9, 6, 11, 12, 10, 14, 18, 16, 17, 15, 19, 37, 21, 22, 23, 24, 25, 26, 20, 28, 29, 30, 31, 32, 33, 34, 35, 39, 27, 38, 36]",1009.5,"[0, 1, 2, 3, 4, 5, 13, 7, 8, 9, 6, 11, 12, 10, 14, 18, 16, 17, 15, 19, 37, 21, 22, 23, 24, 25, 26, 20, 28, 29, 30, 31, 32, 33, 34, 35, 39, 27, 38, 36]",1009.5,14.4670729637146
"[14, 1, 2, 3, 4, 5, 13, 7, 8, 9, 6, 11, 12, 10, 0, 18, 16, 17, 15, 19, 37, 21, 22, 23, 24, 25, 26, 20, 28, 29, 30, 31, 32, 33, 34, 35, 39, 27, 38, 36]",1004.0,"[14, 1, 2, 3, 4, 5, 13, 7, 8, 9, 6, 11, 12, 10, 0, 18, 16, 17, 15, 19, 37, 21, 22, 23, 24, 25, 26, 20, 28, 29, 30, 31, 32, 33, 34, 35, 39, 27, 38, 36]",1004.0,14.631051778793335
"[14, 1, 2, 3, 4, 5, 13, 7, 8, 9, 6, 11, 12, 10, 0, 18, 16, 17, 15, 19, 37, 21, 22, 23, 24, 25, 26, 20, 28, 29, 30, 31, 32, 33, 34, 35, 39, 27, 38, 36]",1004.0,"[14, 1, 2, 3, 4, 5, 13, 7, 8, 9, 6, 11, 12, 10, 0, 18, 16, 17, 15, 19, 37, 21, 22, 23, 24, 25, 26, 20, 28, 29, 30, 31, 32, 33, 34, 35, 39, 27, 38, 36]",1004.0,14.798051834106445
"[14, 1, 2, 3, 4, 5, 13, 7, 8, 9, 6, 11, 12, 10, 0, 18, 16, 17, 15, 19, 37, 21, 22, 23, 24, 25, 26, 20, 28, 29, 30, 31, 32, 33, 34, 35, 39, 27, 38, 36]",1004.0,"[14, 1, 2, 3, 4, 5, 13, 7, 8, 9, 6, 11, 12, 10, 0, 18, 16, 17, 15, 19, 37, 21, 22, 23, 24, 25, 26, 20, 28, 29, 30, 31, 32, 33, 34, 35, 39, 27, 38, 36]",1004.0,14.968056917190552
"[14, 1, 2, 3, 4, 5, 13, 7, 8, 9, 6, 11, 12, 10, 0, 18, 16, 17, 15, 19, 37, 21, 22, 23, 24, 25, 26, 20, 28, 29, 30, 31, 32, 33, 34, 35, 39, 27, 38, 36]",1004.0,"[14, 1, 2, 3, 4, 5, 13, 7, 8, 9, 6, 11, 12, 10, 0, 18, 16, 17, 15, 19, 37, 21, 22, 23, 24, 25, 26, 20, 28, 29, 30, 31, 32, 33, 34, 35, 39, 27, 38, 36]",1004.0,15.135059356689453
"[14, 1, 2, 3, 4, 5, 13, 7, 8, 9, 6, 11, 12, 10, 0, 18, 16, 17, 15, 19, 37, 21, 22, 23, 24, 25, 26, 20, 28, 29, 30, 31, 32, 33, 34, 35, 39, 27, 38, 36]",1004.0,"[14, 1, 2, 3, 4, 5, 13, 7, 8, 9, 6, 11, 12, 10, 0, 18, 16, 17, 15, 19, 37, 21, 22, 23, 24, 25, 26, 20, 28, 29, 30, 31, 32, 33, 34, 35, 39, 27, 38, 36]",1004.0,15.327067613601685
"[14, 1, 2, 3, 4, 5, 13, 7, 8, 9, 6, 11, 12, 10, 0, 18, 16, 17, 15, 19, 37, 21, 22, 23, 24, 25, 26, 20, 28, 29, 30, 31, 32, 33, 34, 35, 39, 27, 38, 36]",1004.0,"[14, 1, 2, 3, 4, 5, 13, 7, 8, 9, 6, 11, 12, 10, 0, 18, 16, 17, 15, 19, 37, 21, 22, 23, 24, 25, 26, 20, 28, 29, 30, 31, 32, 33, 34, 35, 39, 27, 38, 36]",1004.0,15.488064527511597
"[14, 1, 2, 3, 4, 5, 13, 7, 8, 9, 6, 11, 12, 10, 0, 18, 16, 17, 15, 19, 37, 21, 22, 23, 24, 25, 26, 20, 28, 29, 30, 31, 32, 33, 34, 35, 39, 27, 38, 36]",1004.0,"[14, 1, 2, 3, 4, 5, 13, 7, 8, 9, 6, 11, 12, 10, 0, 18, 16, 17, 15, 19, 37, 21, 22, 23, 24, 25, 26, 20, 28, 29, 30, 31, 32, 33, 34, 35, 39, 27, 38, 36]",1004.0,15.64706563949585
"[14, 1, 2, 3, 4, 5, 13, 7, 8, 9, 6, 11, 12, 10, 0, 18, 16, 17, 15, 19, 37, 21, 22, 23, 24, 25, 26, 20, 28, 29, 30, 31, 32, 33, 34, 35, 39, 27, 38, 36]",1004.0,"[14, 1, 2, 3, 4, 5, 13, 7, 8, 9, 6, 11, 12, 10, 0, 18, 16, 17, 15, 19, 37, 21, 22, 23, 24, 25, 26, 20, 28, 29, 30, 31, 32, 33, 34, 35, 39, 27, 38, 36]",1004.0,15.81406855583191
"[14, 1, 2, 3, 4, 5, 13, 7, 8, 9, 6, 11, 12, 10, 0, 18, 16, 17, 15, 19, 37, 21, 22, 23, 24, 25, 26, 20, 28, 29, 30, 31, 32, 33, 34, 35, 39, 27, 38, 36]",1004.0,"[14, 1, 2, 3, 4, 5, 13, 7, 8, 9, 6, 11, 12, 10, 0, 18, 16, 17, 15, 19, 37, 21, 22, 23, 24, 25, 26, 20, 28, 29, 30, 31, 32, 33, 34, 35, 39, 27, 38, 36]",1004.0,15.974072217941284
"[14, 1, 2, 3, 4, 5, 13, 7, 8, 9, 6, 11, 12, 10, 0, 18, 16, 17, 15, 19, 37, 21, 22, 23, 24, 25, 26, 20, 28, 29, 30, 31, 32, 33, 34, 35, 39, 27, 38, 36]",1004.0,"[14, 1, 2, 3, 4, 5, 13, 7, 8, 9, 6, 11, 12, 10, 0, 18, 16, 17, 15, 19, 37, 21, 22, 23, 24, 25, 26, 20, 28, 29, 30, 31, 32, 33, 34, 35, 39, 27, 38, 36]",1004.0,16.136081218719482
"[14, 1, 2, 3, 4, 5, 13, 7, 8, 9, 6, 11, 12, 10, 0, 18, 16, 17, 15, 19, 37, 21, 22, 23, 24, 25, 26, 20, 28, 29, 30, 31, 32, 33, 34, 35, 39, 27, 38, 36]",1004.0,"[14, 1, 2, 3, 4, 5, 13, 7, 8, 9, 6, 11, 12, 10, 0, 18, 16, 17, 15, 19, 37, 21, 22, 23, 24, 25, 26, 20, 28, 29, 30, 31, 32, 33, 34, 35, 39, 27, 38, 36]",1004.0,16.304081678390503
"[14, 1, 2, 3, 4, 5, 13, 7, 8, 9, 6, 11, 12, 10, 0, 18, 16, 17, 15, 19, 37, 21, 22, 23, 24, 25, 26, 20, 28, 29, 30, 31, 32, 33, 34, 35, 39, 27, 38, 36]",1004.0,"[14, 1, 2, 3, 4, 5, 13, 7, 8, 9, 6, 11, 12, 10, 0, 18, 16, 17, 15, 19, 37, 21, 22, 23, 24, 25, 26, 20, 28, 29, 30, 31, 32, 33, 34, 35, 39, 27, 38, 36]",1004.0,16.47121024131775
"[14, 1, 2, 3, 4, 5, 13, 7, 8, 9, 6, 11, 12, 10, 0, 18, 16, 17, 15, 19, 37, 21, 22, 23, 24, 25, 26, 20, 28, 29, 30, 31, 32, 33, 34, 35, 39, 27, 38, 36]",1004.0,"[14, 1, 2, 3, 4, 5, 13, 7, 8, 9, 6, 11, 12, 10, 0, 18, 16, 17, 15, 19, 37, 21, 22, 23, 24, 25, 26, 20, 28, 29, 30, 31, 32, 33, 34, 35, 39, 27, 38, 36]",1004.0,16.638078689575195
"[14, 1, 2, 3, 4, 5, 13, 7, 8, 9, 6, 11, 12, 10, 0, 18, 16, 17, 15, 19, 37, 21, 22, 23, 24, 25, 26, 20, 28, 29, 30, 31, 32, 33, 34, 35, 39, 27, 38, 36]",1004.0,"[14, 1, 2, 3, 4, 5, 13, 7, 8, 9, 6, 11, 12, 10, 0, 18, 16, 17, 15, 19, 37, 21, 22, 23, 24, 25, 26, 20, 28, 29, 30, 31, 32, 33, 34, 35, 39, 27, 38, 36]",1004.0,16.80107855796814
"[14, 1, 2, 3, 4, 5, 13, 7, 8, 9, 6, 11, 12, 10, 0, 18, 16, 17, 15, 19, 37, 21, 22, 23, 24, 25, 26, 20, 28, 29, 30, 31, 32, 33, 34, 35, 39, 27, 38, 36]",1004.0,"[14, 1, 2, 3, 4, 5, 13, 7, 8, 9, 6, 11, 12, 10, 0, 18, 16, 17, 15, 19, 37, 21, 22, 23, 24, 25, 26, 20, 28, 29, 30, 31, 32, 33, 34, 35, 39, 27, 38, 36]",1004.0,16.963078260421753
"[14, 1, 2, 3, 4, 5, 13, 7, 8, 9, 6, 11, 12, 10, 0, 18, 16, 17, 15, 19, 37, 21, 22, 23, 24, 25, 26, 20, 28, 29, 30, 31, 32, 33, 34, 35, 39, 27, 38, 36]",1004.0,"[14, 1, 2, 3, 4, 5, 13, 7, 8, 9, 6, 11, 12, 10, 0, 18, 16, 17, 15, 19, 37, 21, 22, 23, 24, 25, 26, 20, 28, 29, 30, 31, 32, 33, 34, 35, 39, 27, 38, 36]",1004.0,17.133084535598755
"[14, 1, 2, 3, 4, 5, 13, 7, 8, 9, 6, 11, 12, 10, 0, 18, 16, 17, 15, 19, 37, 21, 22, 23, 24, 25, 26, 20, 28, 29, 30, 31, 32, 33, 34, 35, 39, 27, 38, 36]",1004.0,"[14, 1, 2, 3, 4, 5, 13, 7, 8, 9, 6, 11, 12, 10, 0, 18, 16, 17, 15, 19, 37, 21, 22, 23, 24, 25, 26, 20, 28, 29, 30, 31, 32, 33, 34, 35, 39, 27, 38, 36]",1004.0,17.29607892036438
"[14, 1, 2, 3, 4, 5, 13, 7, 8, 9, 6, 11, 12, 10, 0, 18, 16, 17, 15, 19, 37, 21, 22, 23, 24, 25, 26, 20, 28, 29, 30, 31, 32, 33, 34, 35, 39, 27, 38, 36]",1004.0,"[14, 1, 2, 3, 4, 5, 13, 7, 8, 9, 6, 11, 12, 10, 0, 18, 16, 17, 15, 19, 37, 21, 22, 23, 24, 25, 26, 20, 28, 29, 30, 31, 32, 33, 34, 35, 39, 27, 38, 36]",1004.0,17.457082748413086
"[14, 1, 2, 3, 4, 5, 13, 7, 8, 9, 6, 11, 12, 10, 0, 18, 16, 17, 15, 19, 37, 21, 22, 23, 24, 25, 26, 20, 28, 29, 30, 31, 32, 33, 34, 35, 39, 27, 38, 36]",1004.0,"[14, 1, 2, 3, 4, 5, 13, 7, 8, 9, 6, 11, 12, 10, 0, 18, 16, 17, 15, 19, 37, 21, 22, 23, 24, 25, 26, 20, 28, 29, 30, 31, 32, 33, 34, 35, 39, 27, 38, 36]",1004.0,17.625245332717896
"[14, 1, 2, 3, 4, 5, 13, 7, 8, 9, 6, 11, 12, 10, 0, 18, 16, 17, 15, 19, 37, 21, 22, 23, 24, 25, 26, 20, 28, 29, 30, 31, 32, 33, 34, 35, 39, 27, 38, 36]",1004.0,"[14, 1, 2, 3, 4, 5, 13, 7, 8, 9, 6, 11, 12, 10, 0, 18, 16, 17, 15, 19, 37, 21, 22, 23, 24, 25, 26, 20, 28, 29, 30, 31, 32, 33, 34, 35, 39, 27, 38, 36]",1004.0,17.794093370437622
"[14, 1, 2, 3, 4, 5, 13, 7, 8, 9, 6, 11, 12, 10, 0, 18, 16, 17, 15, 19, 37, 21, 22, 23, 24, 25, 26, 20, 28, 29, 30, 31, 32, 33, 34, 35, 39, 27, 38, 36]",1004.0,"[14, 1, 2, 3, 4, 5, 13, 7, 8, 9, 6, 11, 12, 10, 0, 18, 16, 17, 15, 19, 37, 21, 22, 23, 24, 25, 26, 20, 28, 29, 30, 31, 32, 33, 34, 35, 39, 27, 38, 36]",1004.0,17.949096202850342
"[14, 1, 2, 3, 4, 5, 13, 7, 8, 9, 6, 11, 12, 10, 0, 18, 16, 17, 15, 19, 37, 21, 22, 23, 24, 25, 26, 20, 28, 29, 30, 31, 32, 33, 34, 35, 39, 27, 38, 36]",1004.0,"[14, 1, 2, 3, 4, 5, 13, 7, 8, 9, 6, 11, 12, 10, 0, 18, 16, 17, 15, 19, 37, 21, 22, 23, 24, 25, 26, 20, 28, 29, 30, 31, 32, 33, 34, 35, 39, 27, 38, 36]",1004.0,18.125094652175903
"[14, 1, 2, 3, 4, 5, 13, 7, 8, 9, 6, 11, 12, 10, 0, 18, 16, 17, 15, 19, 37, 21, 22, 23, 24, 25, 26, 20, 28, 29, 30, 31, 32, 33, 34, 35, 39, 27, 38, 36]",1004.0,"[14, 1, 2, 3, 4, 5, 13, 7, 8, 9, 6, 11, 12, 10, 0, 18, 16, 17, 15, 19, 37, 21, 22, 23, 24, 25, 26, 20, 28, 29, 30, 31, 32, 33, 34, 35, 39, 27, 38, 36]",1004.0,18.290117025375366
"[14, 1, 2, 3, 4, 5, 13, 7, 8, 9, 6, 11, 12, 10, 0, 18, 16, 17, 15, 19, 37, 21, 22, 23, 24, 25, 26, 20, 28, 29, 38, 31, 32, 33, 34, 35, 39, 27, 30, 36]",994.0,"[14, 1, 2, 3, 4, 5, 13, 7, 8, 9, 6, 11, 12, 10, 0, 18, 16, 17, 15, 19, 37, 21, 22, 23, 24, 25, 26, 20, 28, 29, 38, 31, 32, 33, 34, 35, 39, 27, 30, 36]",994.0,18.44209361076355
"[14, 1, 2, 3, 4, 5, 13, 7, 8, 9, 6, 11, 12, 10, 0, 18, 16, 17, 15, 19, 37, 21, 22, 23, 24, 25, 26, 20, 28, 29, 38, 31, 32, 33, 34, 35, 39, 27, 30, 36]",994.0,"[14, 1, 2, 3, 4, 5, 13, 7, 8, 9, 6, 11, 12, 10, 0, 18, 16, 17, 15, 19, 37, 21, 22, 23, 24, 25, 26, 20, 28, 29, 38, 31, 32, 33, 34, 35, 39, 27, 30, 36]",994.0,18.605098247528076
"[14, 1, 2, 3, 4, 5, 13, 7, 8, 9, 6, 11, 12, 10, 0, 18, 16, 17, 15, 19, 37, 21, 22, 23, 24, 25, 26, 20, 28, 29, 38, 31, 32, 33, 34, 35, 39, 27, 30, 36]",994.0,"[14, 1, 2, 3, 4, 5, 13, 7, 8, 9, 6, 11, 12, 10, 0, 18, 16, 17, 15, 19, 37, 21, 22, 23, 24, 25, 26, 20, 28, 29, 38, 31, 32, 33, 34, 35, 39, 27, 30, 36]",994.0,18.762102127075195
"[14, 1, 2, 3, 4, 5, 13, 7, 8, 9, 6, 11, 12, 10, 0, 18, 16, 17, 15, 19, 37, 21, 22, 23, 24, 25, 26, 20, 28, 29, 38, 31, 32, 33, 34, 35, 39, 27, 30, 36]",994.0,"[14, 1, 2, 3, 4, 5, 13, 7, 8, 9, 6, 11, 12, 10, 0, 18, 16, 17, 15, 19, 37, 21, 22, 23, 24, 25, 26, 20, 28, 29, 38, 31, 32, 33, 34, 35, 39, 27, 30, 36]",994.0,18.928106784820557
"[14, 1, 2, 3, 4, 5, 13, 7, 8, 9, 6, 11, 12, 10, 0, 18, 16, 17, 15, 19, 37, 21, 22, 23, 24, 25, 26, 20, 28, 29, 38, 31, 32, 33, 34, 35, 39, 27, 30, 36]",994.0,"[14, 1, 2, 3, 4, 5, 13, 7, 8, 9, 6, 11, 12, 10, 0, 18, 16, 17, 15, 19, 37, 21, 22, 23, 24, 25, 26, 20, 28, 29, 38, 31, 32, 33, 34, 35, 39, 27, 30, 36]",994.0,19.09010362625122
"[14, 1, 2, 3, 4, 5, 13, 7, 8, 9, 6, 11, 12, 10, 0, 18, 16, 17, 15, 19, 37, 21, 22, 23, 24, 25, 26, 20, 28, 29, 38, 31, 32, 33, 34, 35, 39, 27, 30, 36]",994.0,"[14, 1, 2, 3, 4, 5, 13, 7, 8, 9, 6, 11, 12, 10, 0, 18, 16, 17, 15, 19, 37, 21, 22, 23, 24, 25, 26, 20, 28, 29, 38, 31, 32, 33, 34, 35, 39, 27, 30, 36]",994.0,19.253106594085693
"[14, 1, 2, 3, 4, 5, 13, 7, 8, 9, 6, 11, 12, 10, 0, 18, 16, 17, 15, 19, 37, 21, 22, 23, 24, 25, 26, 20, 28, 29, 38, 31, 32, 33, 34, 35, 39, 27, 30, 36]",994.0,"[14, 1, 2, 3, 4, 5, 13, 7, 8, 9, 6, 11, 12, 10, 0, 18, 16, 17, 15, 19, 37, 21, 22, 23, 24, 25, 26, 20, 28, 29, 38, 31, 32, 33, 34, 35, 39, 27, 30, 36]",994.0,19.41510510444641
"[14, 1, 2, 3, 4, 5, 13, 7, 8, 9, 6, 11, 12, 10, 0, 18, 16, 17, 15, 19, 37, 21, 22, 23, 24, 25, 26, 20, 28, 29, 38, 31, 32, 33, 34, 35, 39, 27, 30, 36]",994.0,"[14, 1, 2, 3, 4, 5, 13, 7, 8, 9, 6, 11, 12, 10, 0, 18, 16, 17, 15, 19, 37, 21, 22, 23, 24, 25, 26, 20, 28, 29, 38, 31, 32, 33, 34, 35, 39, 27, 30, 36]",994.0,19.577119827270508
"[14, 1, 2, 3, 4, 5, 13, 7, 8, 9, 6, 11, 12, 10, 0, 18, 16, 17, 15, 19, 37, 21, 22, 23, 24, 25, 26, 20, 28, 29, 38, 31, 32, 33, 34, 35, 39, 27, 30, 36]",994.0,"[14, 1, 2, 3, 4, 5, 13, 7, 8, 9, 6, 11, 12, 10, 0, 18, 16, 17, 15, 19, 37, 21, 22, 23, 24, 25, 26, 20, 28, 29, 38, 31, 32, 33, 34, 35, 39, 27, 30, 36]",994.0,19.742111682891846
"[14, 1, 2, 3, 4, 5, 13, 7, 8, 9, 6, 11, 12, 10, 0, 18, 16, 17, 15, 19, 37, 21, 22, 23, 24, 25, 26, 20, 28, 29, 38, 31, 32, 33, 34, 35, 39, 27, 30, 36]",994.0,"[14, 1, 2, 3, 4, 5, 13, 7, 8, 9, 6, 11, 12, 10, 0, 18, 16, 17, 15, 19, 37, 21, 22, 23, 24, 25, 26, 20, 28, 29, 38, 31, 32, 33, 34, 35, 39, 27, 30, 36]",994.0,19.901118516921997
"[14, 1, 2, 3, 4, 5, 13, 7, 8, 9, 6, 11, 12, 10, 0, 18, 16, 17, 15, 19, 37, 21, 22, 23, 24, 25, 26, 20, 28, 29, 38, 31, 32, 33, 34, 35, 39, 27, 30, 36]",994.0,"[14, 1, 2, 3, 4, 5, 13, 7, 8, 9, 6, 11, 12, 10, 0, 18, 16, 17, 15, 19, 37, 21, 22, 23, 24, 25, 26, 20, 28, 29, 38, 31, 32, 33, 34, 35, 39, 27, 30, 36]",994.0,20.063114166259766
"[14, 1, 2, 3, 4, 5, 13, 7, 8, 9, 6, 11, 12, 10, 0, 18, 16, 17, 15, 19, 37, 21, 22, 23, 24, 25, 26, 20, 28, 29, 38, 31, 32, 33, 34, 35, 39, 27, 30, 36]",994.0,"[14, 1, 2, 3, 4, 5, 13, 7, 8, 9, 6, 11, 12, 10, 0, 18, 16, 17, 15, 19, 37, 21, 22, 23, 24, 25, 26, 20, 28, 29, 38, 31, 32, 33, 34, 35, 39, 27, 30, 36]",994.0,20.218120574951172
"[14, 1, 2, 3, 4, 5, 13, 7, 8, 9, 6, 11, 12, 10, 0, 18, 16, 17, 15, 19, 37, 21, 22, 23, 24, 25, 26, 20, 28, 29, 38, 31, 32, 33, 34, 35, 39, 27, 30, 36]",994.0,"[14, 1, 2, 3, 4, 5, 13, 7, 8, 9, 6, 11, 12, 10, 0, 18, 16, 17, 15, 19, 37, 21, 22, 23, 24, 25, 26, 20, 28, 29, 38, 31, 32, 33, 34, 35, 39, 27, 30, 36]",994.0,20.387118101119995
"[14, 1, 2, 3, 4, 5, 13, 7, 8, 9, 6, 11, 12, 10, 0, 18, 16, 17, 15, 19, 37, 21, 22, 23, 24, 25, 26, 20, 28, 29, 38, 31, 32, 33, 34, 35, 39, 27, 30, 36]",994.0,"[14, 1, 2, 3, 4, 5, 13, 7, 8, 9, 6, 11, 12, 10, 0, 18, 16, 17, 15, 19, 37, 21, 22, 23, 24, 25, 26, 20, 28, 29, 38, 31, 32, 33, 34, 35, 39, 27, 30, 36]",994.0,20.554121255874634
"[14, 1, 2, 3, 4, 5, 13, 7, 8, 9, 6, 11, 12, 10, 0, 18, 16, 17, 15, 19, 37, 21, 22, 23, 24, 25, 26, 20, 28, 29, 38, 31, 32, 33, 34, 35, 39, 27, 30, 36]",994.0,"[14, 1, 2, 3, 4, 5, 13, 7, 8, 9, 6, 11, 12, 10, 0, 18, 16, 17, 15, 19, 37, 21, 22, 23, 24, 25, 26, 20, 28, 29, 38, 31, 32, 33, 34, 35, 39, 27, 30, 36]",994.0,20.7301242351532
"[14, 1, 2, 3, 4, 5, 13, 7, 8, 9, 6, 11, 12, 10, 0, 18, 16, 17, 15, 19, 37, 21, 22, 23, 24, 25, 26, 20, 28, 29, 38, 31, 32, 33, 34, 35, 39, 27, 30, 36]",994.0,"[14, 1, 2, 3, 4, 5, 13, 7, 8, 9, 6, 11, 12, 10, 0, 18, 16, 17, 15, 19, 37, 21, 22, 23, 24, 25, 26, 20, 28, 29, 38, 31, 32, 33, 34, 35, 39, 27, 30, 36]",994.0,20.908125638961792
"[14, 1, 2, 3, 4, 5, 13, 7, 8, 9, 6, 11, 12, 10, 0, 18, 16, 17, 15, 19, 37, 21, 22, 23, 24, 25, 26, 20, 28, 29, 38, 31, 32, 33, 34, 35, 39, 27, 30, 36]",994.0,"[14, 1, 2, 3, 4, 5, 13, 7, 8, 9, 6, 11, 12, 10, 0, 18, 16, 17, 15, 19, 37, 21, 22, 23, 24, 25, 26, 20, 28, 29, 38, 31, 32, 33, 34, 35, 39, 27, 30, 36]",994.0,21.075126886367798
"[14, 1, 2, 3, 4, 5, 13, 7, 8, 9, 6, 11, 12, 10, 0, 18, 16, 17, 15, 19, 37, 21, 22, 23, 24, 25, 26, 20, 28, 29, 38, 31, 32, 33, 34, 35, 39, 27, 30, 36]",994.0,"[14, 1, 2, 3, 4, 5, 13, 7, 8, 9, 6, 11, 12, 10, 0, 18, 16, 17, 15, 19, 37, 21, 22, 23, 24, 25, 26, 20, 28, 29, 38, 31, 32, 33, 34, 35, 39, 27, 30, 36]",994.0,21.24212622642517
"[14, 1, 2, 3, 4, 5, 13, 7, 8, 9, 6, 11, 12, 10, 0, 18, 16, 17, 15, 19, 37, 21, 22, 23, 24, 25, 26, 20, 28, 29, 38, 31, 32, 33, 34, 35, 39, 27, 30, 36]",994.0,"[14, 1, 2, 3, 4, 5, 13, 7, 8, 9, 6, 11, 12, 10, 0, 18, 16, 17, 15, 19, 37, 21, 22, 23, 24, 25, 26, 20, 28, 29, 38, 31, 32, 33, 34, 35, 39, 27, 30, 36]",994.0,21.413140773773193
"[14, 1, 2, 3, 4, 5, 13, 7, 8, 9, 6, 11, 12, 10, 0, 18, 16, 17, 15, 19, 37, 21, 22, 23, 24, 25, 26, 20, 28, 29, 38, 31, 32, 33, 34, 35, 39, 27, 30, 36]",994.0,"[14, 1, 2, 3, 4, 5, 13, 7, 8, 9, 6, 11, 12, 10, 0, 18, 16, 17, 15, 19, 37, 21, 22, 23, 24, 25, 26, 20, 28, 29, 38, 31, 32, 33, 34, 35, 39, 27, 30, 36]",994.0,21.5711350440979
"[14, 1, 2, 3, 4, 5, 13, 7, 8, 9, 6, 11, 12, 10, 0, 18, 16, 17, 15, 19, 37, 21, 22, 23, 24, 25, 26, 20, 28, 29, 38, 31, 32, 33, 34, 35, 39, 27, 30, 36]",994.0,"[14, 1, 2, 3, 4, 5, 13, 7, 8, 9, 6, 11, 12, 10, 0, 18, 16, 17, 15, 19, 37, 21, 22, 23, 24, 25, 26, 20, 28, 29, 38, 31, 32, 33, 34, 35, 39, 27, 30, 36]",994.0,21.761143922805786
"[14, 1, 2, 3, 4, 5, 13, 7, 8, 9, 6, 11, 12, 10, 0, 18, 16, 17, 15, 19, 37, 21, 22, 23, 24, 25, 26, 20, 28, 29, 38, 31, 32, 33, 34, 35, 39, 27, 30, 36]",994.0,"[14, 1, 2, 3, 4, 5, 13, 7, 8, 9, 6, 11, 12, 10, 0, 18, 16, 17, 15, 19, 37, 21, 22, 23, 24, 25, 26, 20, 28, 29, 38, 31, 32, 33, 34, 35, 39, 27, 30, 36]",994.0,21.924145936965942
"[14, 1, 2, 3, 4, 5, 13, 7, 8, 9, 6, 11, 12, 10, 0, 18, 16, 17, 15, 19, 37, 21, 22, 23, 24, 25, 26, 20, 28, 29, 38, 31, 32, 33, 34, 35, 39, 27, 30, 36]",994.0,"[14, 1, 2, 3, 4, 5, 13, 7, 8, 9, 6, 11, 12, 10, 0, 18, 16, 17, 15, 19, 37, 21, 22, 23, 24, 25, 26, 20, 28, 29, 38, 31, 32, 33, 34, 35, 39, 27, 30, 36]",994.0,22.084158420562744
"[14, 1, 2, 3, 4, 5, 13, 7, 8, 9, 6, 11, 12, 10, 0, 18, 16, 17, 15, 19, 37, 21, 22, 23, 24, 25, 26, 20, 28, 29, 38, 31, 32, 33, 34, 35, 39, 27, 30, 36]",994.0,"[14, 1, 2, 3, 4, 5, 13, 7, 8, 9, 6, 11, 12, 10, 0, 18, 16, 17, 15, 19, 37, 21, 22, 23, 24, 25, 26, 20, 28, 29, 38, 31, 32, 33, 34, 35, 39, 27, 30, 36]",994.0,22.243143796920776
"[14, 1, 2, 3, 4, 5, 13, 7, 8, 9, 6, 11, 12, 10, 0, 18, 16, 17, 15, 19, 37, 21, 22, 23, 24, 25, 26, 20, 28, 29, 38, 31, 32, 33, 34, 35, 39, 27, 30, 36]",994.0,"[14, 1, 2, 3, 4, 5, 13, 7, 8, 9, 6, 11, 12, 10, 0, 18, 16, 17, 15, 19, 37, 21, 22, 23, 24, 25, 26, 20, 28, 29, 38, 31, 32, 33, 34, 35, 39, 27, 30, 36]",994.0,22.408143997192383
"[14, 1, 2, 3, 4, 5, 13, 7, 8, 9, 6, 11, 12, 10, 0, 18, 16, 17, 15, 19, 37, 21, 22, 23, 24, 25, 26, 20, 28, 29, 38, 31, 32, 33, 34, 35, 39, 27, 30, 36]",994.0,"[14, 1, 2, 3, 4, 5, 13, 7, 8, 9, 6, 11, 12, 10, 0, 18, 16, 17, 15, 19, 37, 21, 22, 23, 24, 25, 26, 20, 28, 29, 38, 31, 32, 33, 34, 35, 39, 27, 30, 36]",994.0,22.570141077041626
"[14, 1, 2, 3, 4, 5, 13, 7, 8, 9, 6, 11, 12, 10, 0, 18, 16, 17, 15, 19, 37, 21, 22, 23, 24, 25, 26, 20, 28, 29, 38, 31, 32, 33, 34, 35, 39, 27, 30, 36]",994.0,"[14, 1, 2, 3, 4, 5, 13, 7, 8, 9, 6, 11, 12, 10, 0, 18, 16, 17, 15, 19, 37, 21, 22, 23, 24, 25, 26, 20, 28, 29, 38, 31, 32, 33, 34, 35, 39, 27, 30, 36]",994.0,22.73514485359192
"[14, 1, 2, 3, 4, 5, 13, 7, 8, 9, 6, 11, 12, 10, 0, 18, 16, 17, 15, 19, 37, 21, 22, 23, 24, 25, 26, 20, 28, 29, 38, 31, 32, 33, 34, 35, 39, 27, 30, 36]",994.0,"[14, 1, 2, 3, 4, 5, 13, 7, 8, 9, 6, 11, 12, 10, 0, 18, 16, 17, 15, 19, 37, 21, 22, 23, 24, 25, 26, 20, 28, 29, 38, 31, 32, 33, 34, 35, 39, 27, 30, 36]",994.0,22.89516258239746
"[14, 1, 2, 3, 4, 5, 13, 7, 8, 9, 6, 11, 12, 10, 0, 18, 16, 17, 15, 19, 37, 21, 22, 23, 24, 25, 26, 20, 28, 29, 38, 31, 32, 33, 34, 35, 39, 27, 30, 36]",994.0,"[14, 1, 2, 3, 4, 5, 13, 7, 8, 9, 6, 11, 12, 10, 0, 18, 16, 17, 15, 19, 37, 21, 22, 23, 24, 25, 26, 20, 28, 29, 38, 31, 32, 33, 34, 35, 39, 27, 30, 36]",994.0,23.05817222595215
"[14, 1, 2, 3, 4, 5, 13, 7, 8, 9, 6, 11, 12, 10, 0, 18, 16, 17, 15, 19, 37, 21, 22, 23, 24, 25, 26, 20, 28, 29, 38, 31, 32, 33, 34, 35, 39, 27, 30, 36]",994.0,"[14, 1, 2, 3, 4, 5, 13, 7, 8, 9, 6, 11, 12, 10, 0, 18, 16, 17, 15, 19, 37, 21, 22, 23, 24, 25, 26, 20, 28, 29, 38, 31, 32, 33, 34, 35, 39, 27, 30, 36]",994.0,23.20915412902832
"[14, 1, 2, 3, 4, 5, 13, 7, 8, 9, 6, 11, 12, 10, 0, 18, 16, 17, 15, 19, 37, 21, 22, 23, 24, 25, 26, 20, 28, 29, 38, 31, 32, 33, 34, 35, 39, 27, 30, 36]",994.0,"[14, 1, 2, 3, 4, 5, 13, 7, 8, 9, 6, 11, 12, 10, 0, 18, 16, 17, 15, 19, 37, 21, 22, 23, 24, 25, 26, 20, 28, 29, 38, 31, 32, 33, 34, 35, 39, 27, 30, 36]",994.0,23.37016773223877
"[14, 1, 2, 3, 4, 5, 13, 7, 8, 9, 6, 11, 12, 10, 0, 18, 16, 17, 15, 19, 37, 21, 22, 23, 24, 25, 26, 20, 28, 29, 38, 31, 32, 33, 34, 35, 39, 27, 30, 36]",994.0,"[14, 1, 2, 3, 4, 5, 13, 7, 8, 9, 6, 11, 12, 10, 0, 18, 16, 17, 15, 19, 37, 21, 22, 23, 24, 25, 26, 20, 28, 29, 38, 31, 32, 33, 34, 35, 39, 27, 30, 36]",994.0,23.523162603378296
"[14, 1, 2, 3, 4, 5, 13, 7, 8, 9, 6, 11, 12, 10, 0, 18, 16, 17, 15, 19, 37, 21, 22, 23, 24, 25, 26, 20, 28, 29, 38, 31, 32, 33, 34, 35, 39, 27, 30, 36]",994.0,"[14, 1, 2, 3, 4, 5, 13, 7, 8, 9, 6, 11, 12, 10, 0, 18, 16, 17, 15, 19, 37, 21, 22, 23, 24, 25, 26, 20, 28, 29, 38, 31, 32, 33, 34, 35, 39, 27, 30, 36]",994.0,23.683164358139038
"[14, 1, 2, 3, 4, 5, 13, 7, 8, 9, 6, 11, 12, 10, 0, 18, 16, 17, 15, 19, 37, 21, 22, 23, 24, 25, 26, 20, 28, 29, 38, 31, 32, 33, 34, 35, 39, 27, 30, 36]",994.0,"[14, 1, 2, 3, 4, 5, 13, 7, 8, 9, 6, 11, 12, 10, 0, 18, 16, 17, 15, 19, 37, 21, 22, 23, 24, 25, 26, 20, 28, 29, 38, 31, 32, 33, 34, 35, 39, 27, 30, 36]",994.0,23.844160318374634
"[14, 1, 2, 3, 4, 5, 13, 7, 8, 9, 6, 11, 12, 10, 0, 18, 16, 17, 15, 19, 37, 21, 22, 23, 24, 25, 26, 20, 28, 29, 38, 31, 32, 33, 34, 35, 39, 27, 30, 36]",994.0,"[14, 1, 2, 3, 4, 5, 13, 7, 8, 9, 6, 11, 12, 10, 0, 18, 16, 17, 15, 19, 37, 21, 22, 23, 24, 25, 26, 20, 28, 29, 38, 31, 32, 33, 34, 35, 39, 27, 30, 36]",994.0,24.00516176223755
"[14, 1, 2, 3, 4, 5, 13, 7, 8, 9, 6, 11, 12, 10, 0, 18, 16, 17, 15, 19, 37, 21, 22, 23, 24, 25, 26, 20, 28, 29, 38, 31, 32, 33, 34, 35, 39, 27, 30, 36]",994.0,"[14, 1, 2, 3, 4, 5, 13, 7, 8, 9, 6, 11, 12, 10, 0, 18, 16, 17, 15, 19, 37, 21, 22, 23, 24, 25, 26, 20, 28, 29, 38, 31, 32, 33, 34, 35, 39, 27, 30, 36]",994.0,24.17116069793701
"[14, 1, 2, 3, 4, 5, 13, 7, 8, 9, 6, 11, 12, 10, 0, 18, 16, 17, 15, 19, 37, 21, 22, 23, 24, 25, 26, 20, 28, 29, 38, 31, 32, 33, 34, 35, 39, 27, 30, 36]",994.0,"[14, 1, 2, 3, 4, 5, 13, 7, 8, 9, 6, 11, 12, 10, 0, 18, 16, 17, 15, 19, 37, 21, 22, 23, 24, 25, 26, 20, 28, 29, 38, 31, 32, 33, 34, 35, 39, 27, 30, 36]",994.0,24.33516216278076
"[14, 1, 2, 3, 4, 5, 13, 7, 8, 9, 6, 11, 12, 10, 0, 18, 16, 17, 15, 19, 37, 21, 22, 23, 24, 25, 26, 20, 28, 29, 38, 31, 32, 33, 34, 35, 39, 27, 30, 36]",994.0,"[14, 1, 2, 3, 4, 5, 13, 7, 8, 9, 6, 11, 12, 10, 0, 18, 16, 17, 15, 19, 37, 21, 22, 23, 24, 25, 26, 20, 28, 29, 38, 31, 32, 33, 34, 35, 39, 27, 30, 36]",994.0,24.49416756629944
"[14, 1, 2, 3, 4, 5, 13, 7, 8, 9, 6, 11, 12, 10, 0, 18, 16, 17, 15, 19, 37, 21, 22, 23, 24, 25, 26, 20, 28, 29, 38, 31, 32, 33, 34, 35, 39, 27, 30, 36]",994.0,"[14, 1, 2, 3, 4, 5, 13, 7, 8, 9, 6, 11, 12, 10, 0, 18, 16, 17, 15, 19, 37, 21, 22, 23, 24, 25, 26, 20, 28, 29, 38, 31, 32, 33, 34, 35, 39, 27, 30, 36]",994.0,24.653160572052002
"[14, 1, 2, 3, 4, 5, 13, 7, 8, 9, 6, 11, 12, 10, 0, 18, 16, 17, 15, 19, 37, 21, 22, 23, 24, 25, 26, 20, 28, 29, 38, 31, 32, 33, 34, 35, 39, 27, 30, 36]",994.0,"[14, 1, 2, 3, 4, 5, 13, 7, 8, 9, 6, 11, 12, 10, 0, 18, 16, 17, 15, 19, 37, 21, 22, 23, 24, 25, 26, 20, 28, 29, 38, 31, 32, 33, 34, 35, 39, 27, 30, 36]",994.0,24.803180694580078
"[14, 1, 2, 3, 4, 5, 13, 7, 8, 9, 6, 11, 12, 10, 0, 18, 16, 17, 15, 19, 37, 21, 22, 23, 24, 25, 26, 20, 28, 29, 38, 31, 32, 33, 34, 35, 39, 27, 30, 36]",994.0,"[14, 1, 2, 3, 4, 5, 13, 7, 8, 9, 6, 11, 12, 10, 0, 18, 16, 17, 15, 19, 37, 21, 22, 23, 24, 25, 26, 20, 28, 29, 38, 31, 32, 33, 34, 35, 39, 27, 30, 36]",994.0,24.965172290802002
"[14, 1, 2, 3, 4, 5, 13, 7, 8, 9, 6, 11, 12, 10, 0, 18, 16, 17, 15, 19, 37, 21, 22, 23, 24, 25, 26, 20, 28, 29, 38, 31, 32, 33, 34, 35, 39, 27, 30, 36]",994.0,"[14, 1, 2, 3, 4, 5, 13, 7, 8, 9, 6, 11, 12, 10, 0, 18, 16, 17, 15, 19, 37, 21, 22, 23, 24, 25, 26, 20, 28, 29, 38, 31, 32, 33, 34, 35, 39, 27, 30, 36]",994.0,25.125178575515747
"[14, 1, 2, 3, 4, 5, 13, 7, 8, 9, 6, 11, 12, 10, 0, 18, 16, 17, 15, 19, 37, 21, 22, 23, 24, 25, 26, 20, 28, 29, 38, 31, 32, 33, 34, 35, 39, 27, 30, 36]",994.0,"[14, 1, 2, 3, 4, 5, 13, 7, 8, 9, 6, 11, 12, 10, 0, 18, 16, 17, 15, 19, 37, 21, 22, 23, 24, 25, 26, 20, 28, 29, 38, 31, 32, 33, 34, 35, 39, 27, 30, 36]",994.0,25.28918218612671
"[14, 1, 2, 3, 4, 5, 13, 7, 8, 9, 6, 11, 12, 10, 0, 18, 16, 17, 15, 19, 37, 21, 22, 23, 24, 25, 26, 20, 28, 29, 38, 31, 32, 33, 34, 35, 39, 27, 30, 36]",994.0,"[14, 1, 2, 3, 4, 5, 13, 7, 8, 9, 6, 11, 12, 10, 0, 18, 16, 17, 15, 19, 37, 21, 22, 23, 24, 25, 26, 20, 28, 29, 38, 31, 32, 33, 34, 35, 39, 27, 30, 36]",994.0,25.478301763534546
"[14, 1, 2, 3, 4, 5, 13, 7, 8, 9, 6, 11, 12, 10, 0, 18, 16, 17, 15, 19, 37, 21, 22, 23, 24, 25, 26, 20, 28, 29, 38, 31, 32, 33, 34, 35, 39, 27, 30, 36]",994.0,"[14, 1, 2, 3, 4, 5, 13, 7, 8, 9, 6, 11, 12, 10, 0, 18, 16, 17, 15, 19, 37, 21, 22, 23, 24, 25, 26, 20, 28, 29, 38, 31, 32, 33, 34, 35, 39, 27, 30, 36]",994.0,25.64717698097229
"[14, 1, 2, 3, 4, 5, 13, 7, 8, 9, 6, 11, 12, 10, 0, 18, 16, 17, 15, 19, 37, 21, 22, 23, 24, 25, 26, 20, 28, 29, 38, 31, 32, 33, 34, 35, 39, 27, 30, 36]",994.0,"[14, 1, 2, 3, 4, 5, 13, 7, 8, 9, 6, 11, 12, 10, 0, 18, 16, 17, 15, 19, 37, 21, 22, 23, 24, 25, 26, 20, 28, 29, 38, 31, 32, 33, 34, 35, 39, 27, 30, 36]",994.0,25.81519317626953
"[14, 1, 2, 3, 4, 5, 13, 7, 8, 9, 6, 11, 12, 10, 0, 18, 16, 17, 15, 19, 37, 21, 22, 23, 24, 25, 26, 20, 28, 29, 38, 31, 32, 33, 34, 35, 39, 27, 30, 36]",994.0,"[14, 1, 2, 3, 4, 5, 13, 7, 8, 9, 6, 11, 12, 10, 0, 18, 16, 17, 15, 19, 37, 21, 22, 23, 24, 25, 26, 20, 28, 29, 38, 31, 32, 33, 34, 35, 39, 27, 30, 36]",994.0,25.991198778152466
"[14, 1, 2, 3, 4, 5, 13, 7, 8, 9, 6, 11, 12, 10, 0, 18, 16, 17, 15, 19, 37, 21, 22, 23, 24, 25, 26, 20, 28, 29, 38, 31, 32, 33, 34, 35, 39, 27, 30, 36]",994.0,"[14, 1, 2, 3, 4, 5, 13, 7, 8, 9, 6, 11, 12, 10, 0, 18, 16, 17, 15, 19, 37, 21, 22, 23, 24, 25, 26, 20, 28, 29, 38, 31, 32, 33, 34, 35, 39, 27, 30, 36]",994.0,26.175184965133667
"[14, 1, 2, 3, 4, 5, 13, 7, 8, 9, 6, 11, 12, 10, 0, 18, 16, 17, 15, 19, 37, 21, 22, 23, 24, 25, 26, 20, 28, 29, 38, 31, 32, 33, 34, 35, 39, 27, 30, 36]",994.0,"[14, 1, 2, 3, 4, 5, 13, 7, 8, 9, 6, 11, 12, 10, 0, 18, 16, 17, 15, 19, 37, 21, 22, 23, 24, 25, 26, 20, 28, 29, 38, 31, 32, 33, 34, 35, 39, 27, 30, 36]",994.0,26.33618927001953
"[14, 1, 2, 3, 4, 5, 13, 7, 8, 9, 6, 11, 12, 10, 0, 18, 16, 17, 15, 19, 37, 21, 22, 23, 24, 25, 26, 20, 28, 29, 38, 31, 32, 33, 34, 35, 39, 27, 30, 36]",994.0,"[14, 1, 2, 3, 4, 5, 13, 7, 8, 9, 6, 11, 12, 10, 0, 18, 16, 17, 15, 19, 37, 21, 22, 23, 24, 25, 26, 20, 28, 29, 38, 31, 32, 33, 34, 35, 39, 27, 30, 36]",994.0,26.499188661575317
"[14, 1, 2, 3, 4, 5, 13, 7, 8, 9, 6, 11, 12, 10, 0, 18, 16, 17, 15, 19, 37, 21, 22, 23, 24, 25, 26, 20, 28, 29, 38, 31, 32, 33, 34, 35, 39, 27, 30, 36]",994.0,"[14, 1, 2, 3, 4, 5, 13, 7, 8, 9, 6, 11, 12, 10, 0, 18, 16, 17, 15, 19, 37, 21, 22, 23, 24, 25, 26, 20, 28, 29, 38, 31, 32, 33, 34, 35, 39, 27, 30, 36]",994.0,26.667192935943604
"[14, 1, 2, 3, 4, 5, 13, 7, 8, 9, 6, 11, 12, 10, 0, 18, 16, 17, 15, 19, 37, 21, 22, 23, 24, 25, 26, 20, 28, 29, 38, 31, 32, 33, 34, 35, 39, 27, 30, 36]",994.0,"[14, 1, 2, 3, 4, 5, 13, 7, 8, 9, 6, 11, 12, 10, 0, 18, 16, 17, 15, 19, 37, 21, 22, 23, 24, 25, 26, 20, 28, 29, 38, 31, 32, 33, 34, 35, 39, 27, 30, 36]",994.0,26.832202672958374
"[14, 1, 2, 3, 4, 5, 13, 7, 8, 9, 6, 11, 12, 10, 0, 18, 16, 17, 15, 19, 37, 21, 22, 23, 24, 25, 26, 20, 28, 29, 38, 31, 32, 33, 34, 35, 39, 27, 30, 36]",994.0,"[14, 1, 2, 3, 4, 5, 13, 7, 8, 9, 6, 11, 12, 10, 0, 18, 16, 17, 15, 19, 37, 21, 22, 23, 24, 25, 26, 20, 28, 29, 38, 31, 32, 33, 34, 35, 39, 27, 30, 36]",994.0,26.997196912765503
"[14, 1, 2, 3, 4, 5, 13, 7, 8, 9, 6, 11, 12, 10, 0, 18, 16, 17, 15, 19, 37, 21, 22, 23, 24, 25, 26, 20, 28, 29, 38, 31, 32, 33, 34, 35, 39, 27, 30, 36]",994.0,"[14, 1, 2, 3, 4, 5, 13, 7, 8, 9, 6, 11, 12, 10, 0, 18, 16, 17, 15, 19, 37, 21, 22, 23, 24, 25, 26, 20, 28, 29, 38, 31, 32, 33, 34, 35, 39, 27, 30, 36]",994.0,27.16221022605896
"[14, 1, 17, 3, 4, 5, 13, 7, 8, 9, 6, 11, 12, 10, 0, 18, 16, 2, 15, 19, 37, 21, 22, 23, 24, 25, 26, 20, 28, 29, 38, 31, 32, 33, 34, 35, 39, 27, 30, 36]",993.5,"[14, 1, 17, 3, 4, 5, 13, 7, 8, 9, 6, 11, 12, 10, 0, 18, 16, 2, 15, 19, 37, 21, 22, 23, 24, 25, 26, 20, 28, 29, 38, 31, 32, 33, 34, 35, 39, 27, 30, 36]",993.5,27.330223083496094
"[14, 1, 17, 3, 4, 5, 13, 7, 8, 9, 6, 11, 12, 10, 0, 18, 16, 2, 15, 19, 37, 21, 22, 23, 24, 25, 26, 20, 28, 29, 38, 31, 32, 33, 34, 35, 39, 27, 30, 36]",993.5,"[14, 1, 17, 3, 4, 5, 13, 7, 8, 9, 6, 11, 12, 10, 0, 18, 16, 2, 15, 19, 37, 21, 22, 23, 24, 25, 26, 20, 28, 29, 38, 31, 32, 33, 34, 35, 39, 27, 30, 36]",993.5,27.485203742980957
"[14, 1, 17, 3, 4, 5, 13, 7, 8, 9, 6, 11, 12, 10, 0, 18, 16, 2, 15, 19, 37, 21, 22, 23, 24, 25, 26, 20, 28, 29, 38, 31, 32, 33, 34, 35, 39, 27, 30, 36]",993.5,"[14, 1, 17, 3, 4, 5, 13, 7, 8, 9, 6, 11, 12, 10, 0, 18, 16, 2, 15, 19, 37, 21, 22, 23, 24, 25, 26, 20, 28, 29, 38, 31, 32, 33, 34, 35, 39, 27, 30, 36]",993.5,27.647220134735107
"[14, 1, 17, 3, 4, 5, 13, 7, 8, 9, 6, 11, 12, 10, 0, 18, 16, 2, 15, 19, 37, 21, 22, 23, 24, 25, 26, 20, 28, 29, 38, 31, 32, 33, 34, 35, 39, 27, 30, 36]",993.5,"[14, 1, 17, 3, 4, 5, 13, 7, 8, 9, 6, 11, 12, 10, 0, 18, 16, 2, 15, 19, 37, 21, 22, 23, 24, 25, 26, 20, 28, 29, 38, 31, 32, 33, 34, 35, 39, 27, 30, 36]",993.5,27.818204164505005
"[14, 1, 17, 3, 4, 5, 13, 7, 8, 9, 6, 11, 12, 10, 0, 18, 16, 2, 15, 19, 37, 21, 22, 23, 24, 25, 26, 20, 28, 29, 38, 31, 32, 33, 34, 35, 39, 27, 30, 36]",993.5,"[14, 1, 17, 3, 4, 5, 13, 7, 8, 9, 6, 11, 12, 10, 0, 18, 16, 2, 15, 19, 37, 21, 22, 23, 24, 25, 26, 20, 28, 29, 38, 31, 32, 33, 34, 35, 39, 27, 30, 36]",993.5,27.984578132629395
"[14, 1, 17, 3, 4, 5, 13, 7, 8, 9, 6, 11, 12, 10, 0, 18, 16, 2, 15, 19, 37, 21, 22, 23, 24, 25, 26, 20, 28, 29, 38, 31, 32, 33, 34, 35, 39, 27, 30, 36]",993.5,"[14, 1, 17, 3, 4, 5, 13, 7, 8, 9, 6, 11, 12, 10, 0, 18, 16, 2, 15, 19, 37, 21, 22, 23, 24, 25, 26, 20, 28, 29, 38, 31, 32, 33, 34, 35, 39, 27, 30, 36]",993.5,28.155207633972168
"[14, 1, 17, 3, 4, 5, 13, 7, 8, 9, 6, 11, 12, 10, 0, 18, 16, 2, 15, 19, 37, 21, 22, 23, 24, 25, 26, 20, 28, 29, 38, 31, 32, 33, 34, 35, 39, 27, 30, 36]",993.5,"[14, 1, 17, 3, 4, 5, 13, 7, 8, 9, 6, 11, 12, 10, 0, 18, 16, 2, 15, 19, 37, 21, 22, 23, 24, 25, 26, 20, 28, 29, 38, 31, 32, 33, 34, 35, 39, 27, 30, 36]",993.5,28.320213079452515
"[14, 1, 17, 3, 4, 5, 13, 7, 8, 9, 6, 11, 12, 10, 0, 18, 16, 2, 15, 19, 37, 21, 22, 23, 24, 25, 26, 20, 28, 29, 38, 31, 32, 33, 34, 35, 39, 27, 30, 36]",993.5,"[14, 1, 17, 3, 4, 5, 13, 7, 8, 9, 6, 11, 12, 10, 0, 18, 16, 2, 15, 19, 37, 21, 22, 23, 24, 25, 26, 20, 28, 29, 38, 31, 32, 33, 34, 35, 39, 27, 30, 36]",993.5,28.484210968017578
"[14, 1, 17, 3, 4, 5, 13, 7, 8, 9, 6, 11, 12, 10, 0, 18, 16, 2, 15, 19, 37, 21, 22, 23, 24, 25, 26, 20, 28, 29, 38, 31, 32, 33, 34, 35, 39, 27, 30, 36]",993.5,"[14, 1, 17, 3, 4, 5, 13, 7, 8, 9, 6, 11, 12, 10, 0, 18, 16, 2, 15, 19, 37, 21, 22, 23, 24, 25, 26, 20, 28, 29, 38, 31, 32, 33, 34, 35, 39, 27, 30, 36]",993.5,28.64921283721924
"[14, 1, 17, 3, 4, 5, 13, 7, 8, 9, 6, 11, 12, 10, 0, 18, 16, 2, 15, 19, 37, 21, 22, 23, 24, 25, 26, 20, 28, 29, 38, 31, 32, 33, 34, 35, 39, 27, 30, 36]",993.5,"[14, 1, 17, 3, 4, 5, 13, 7, 8, 9, 6, 11, 12, 10, 0, 18, 16, 2, 15, 19, 37, 21, 22, 23, 24, 25, 26, 20, 28, 29, 38, 31, 32, 33, 34, 35, 39, 27, 30, 36]",993.5,28.843220710754395
"[14, 1, 17, 3, 4, 5, 13, 7, 8, 9, 6, 11, 12, 10, 0, 18, 16, 2, 15, 19, 37, 21, 22, 23, 24, 25, 26, 20, 28, 29, 38, 31, 32, 33, 34, 35, 39, 27, 30, 36]",993.5,"[14, 1, 17, 3, 4, 5, 13, 7, 8, 9, 6, 11, 12, 10, 0, 18, 16, 2, 15, 19, 37, 21, 22, 23, 24, 25, 26, 20, 28, 29, 38, 31, 32, 33, 34, 35, 39, 27, 30, 36]",993.5,29.007219791412354
"[14, 1, 17, 3, 4, 5, 13, 7, 8, 9, 6, 11, 12, 10, 0, 18, 16, 2, 15, 19, 37, 21, 22, 23, 24, 25, 26, 20, 28, 29, 38, 31, 32, 33, 34, 35, 39, 27, 30, 36]",993.5,"[14, 1, 17, 3, 4, 5, 13, 7, 8, 9, 6, 11, 12, 10, 0, 18, 16, 2, 15, 19, 37, 21, 22, 23, 24, 25, 26, 20, 28, 29, 38, 31, 32, 33, 34, 35, 39, 27, 30, 36]",993.5,29.170220136642456
"[14, 1, 17, 3, 4, 5, 13, 7, 8, 9, 6, 11, 12, 10, 0, 18, 16, 2, 15, 19, 37, 21, 22, 23, 24, 25, 26, 20, 28, 29, 38, 31, 32, 33, 34, 35, 39, 27, 30, 36]",993.5,"[14, 1, 17, 3, 4, 5, 13, 7, 8, 9, 6, 11, 12, 10, 0, 18, 16, 2, 15, 19, 37, 21, 22, 23, 24, 25, 26, 20, 28, 29, 38, 31, 32, 33, 34, 35, 39, 27, 30, 36]",993.5,29.327231645584106
"[14, 1, 17, 3, 4, 5, 13, 7, 8, 9, 6, 11, 12, 10, 0, 18, 16, 2, 15, 19, 37, 21, 22, 23, 24, 25, 26, 20, 28, 29, 38, 31, 32, 33, 34, 35, 39, 27, 30, 36]",993.5,"[14, 1, 17, 3, 4, 5, 13, 7, 8, 9, 6, 11, 12, 10, 0, 18, 16, 2, 15, 19, 37, 21, 22, 23, 24, 25, 26, 20, 28, 29, 38, 31, 32, 33, 34, 35, 39, 27, 30, 36]",993.5,29.488223791122437
"[14, 1, 17, 3, 4, 5, 13, 7, 8, 9, 6, 11, 12, 10, 0, 18, 16, 2, 15, 19, 37, 21, 22, 23, 24, 25, 26, 20, 28, 29, 38, 31, 32, 33, 34, 35, 39, 27, 30, 36]",993.5,"[14, 1, 17, 3, 4, 5, 13, 7, 8, 9, 6, 11, 12, 10, 0, 18, 16, 2, 15, 19, 37, 21, 22, 23, 24, 25, 26, 20, 28, 29, 38, 31, 32, 33, 34, 35, 39, 27, 30, 36]",993.5,29.66722059249878
"[14, 1, 17, 3, 4, 5, 13, 7, 8, 9, 6, 11, 12, 10, 0, 18, 16, 2, 15, 19, 37, 21, 22, 23, 24, 25, 26, 20, 28, 29, 38, 31, 32, 33, 34, 35, 39, 27, 30, 36]",993.5,"[14, 1, 17, 3, 4, 5, 13, 7, 8, 9, 6, 11, 12, 10, 0, 18, 16, 2, 15, 19, 37, 21, 22, 23, 24, 25, 26, 20, 28, 29, 38, 31, 32, 33, 34, 35, 39, 27, 30, 36]",993.5,29.827225923538208
"[14, 1, 17, 3, 4, 5, 13, 7, 8, 9, 6, 11, 12, 10, 0, 18, 16, 2, 15, 19, 37, 21, 22, 23, 24, 25, 26, 20, 28, 29, 38, 31, 32, 33, 34, 35, 39, 27, 30, 36]",993.5,"[14, 1, 17, 3, 4, 5, 13, 7, 8, 9, 6, 11, 12, 10, 0, 18, 16, 2, 15, 19, 37, 21, 22, 23, 24, 25, 26, 20, 28, 29, 38, 31, 32, 33, 34, 35, 39, 27, 30, 36]",993.5,29.992230653762817
"[14, 1, 17, 3, 4, 5, 13, 7, 8, 9, 6, 11, 12, 10, 0, 18, 16, 2, 15, 19, 37, 21, 22, 23, 24, 25, 26, 20, 28, 29, 38, 31, 32, 33, 34, 35, 39, 27, 30, 36]",993.5,"[14, 1, 17, 3, 4, 5, 13, 7, 8, 9, 6, 11, 12, 10, 0, 18, 16, 2, 15, 19, 37, 21, 22, 23, 24, 25, 26, 20, 28, 29, 38, 31, 32, 33, 34, 35, 39, 27, 30, 36]",993.5,30.169230461120605
"[14, 1, 17, 3, 4, 5, 13, 7, 8, 9, 6, 11, 12, 10, 0, 18, 16, 2, 15, 19, 37, 21, 22, 23, 24, 25, 26, 20, 28, 29, 38, 31, 32, 33, 34, 35, 39, 27, 30, 36]",993.5,"[14, 1, 17, 3, 4, 5, 13, 7, 8, 9, 6, 11, 12, 10, 0, 18, 16, 2, 15, 19, 37, 21, 22, 23, 24, 25, 26, 20, 28, 29, 38, 31, 32, 33, 34, 35, 39, 27, 30, 36]",993.5,30.33423137664795
"[14, 1, 17, 3, 4, 5, 13, 7, 8, 9, 6, 11, 12, 10, 0, 18, 16, 2, 15, 19, 37, 21, 22, 23, 24, 25, 26, 20, 28, 29, 38, 31, 32, 33, 34, 35, 39, 27, 30, 36]",993.5,"[14, 1, 17, 3, 4, 5, 13, 7, 8, 9, 6, 11, 12, 10, 0, 18, 16, 2, 15, 19, 37, 21, 22, 23, 24, 25, 26, 20, 28, 29, 38, 31, 32, 33, 34, 35, 39, 27, 30, 36]",993.5,30.494235515594482
"[14, 1, 17, 3, 4, 5, 13, 7, 8, 9, 6, 11, 12, 10, 0, 18, 16, 2, 15, 19, 37, 21, 22, 23, 24, 25, 26, 20, 28, 29, 38, 31, 32, 33, 34, 35, 39, 27, 30, 36]",993.5,"[14, 1, 17, 3, 4, 5, 13, 7, 8, 9, 6, 11, 12, 10, 0, 18, 16, 2, 15, 19, 37, 21, 22, 23, 24, 25, 26, 20, 28, 29, 38, 31, 32, 33, 34, 35, 39, 27, 30, 36]",993.5,30.651241779327393
"[14, 1, 17, 3, 4, 5, 13, 7, 8, 9, 6, 11, 12, 10, 0, 18, 16, 2, 15, 19, 37, 21, 22, 23, 24, 25, 26, 20, 28, 29, 38, 31, 32, 33, 34, 35, 39, 27, 30, 36]",993.5,"[14, 1, 17, 3, 4, 5, 13, 7, 8, 9, 6, 11, 12, 10, 0, 18, 16, 2, 15, 19, 37, 21, 22, 23, 24, 25, 26, 20, 28, 29, 38, 31, 32, 33, 34, 35, 39, 27, 30, 36]",993.5,30.80924415588379
"[14, 1, 17, 3, 4, 5, 13, 7, 8, 9, 6, 11, 12, 10, 0, 18, 16, 2, 15, 19, 37, 21, 22, 23, 24, 25, 26, 20, 28, 29, 38, 31, 32, 33, 34, 35, 39, 27, 30, 36]",993.5,"[14, 1, 17, 3, 4, 5, 13, 7, 8, 9, 6, 11, 12, 10, 0, 18, 16, 2, 15, 19, 37, 21, 22, 23, 24, 25, 26, 20, 28, 29, 38, 31, 32, 33, 34, 35, 39, 27, 30, 36]",993.5,30.96924662590027
"[14, 1, 17, 3, 4, 5, 13, 7, 8, 9, 6, 11, 12, 10, 0, 18, 16, 2, 15, 19, 37, 21, 22, 23, 24, 25, 26, 20, 28, 29, 38, 31, 32, 33, 34, 35, 39, 27, 30, 36]",993.5,"[14, 1, 17, 3, 4, 5, 13, 7, 8, 9, 6, 11, 12, 10, 0, 18, 16, 2, 15, 19, 37, 21, 22, 23, 24, 25, 26, 20, 28, 29, 38, 31, 32, 33, 34, 35, 39, 27, 30, 36]",993.5,31.1302433013916
"[14, 1, 17, 3, 4, 5, 13, 7, 8, 9, 6, 11, 12, 10, 0, 18, 16, 2, 15, 19, 37, 21, 22, 23, 24, 25, 26, 20, 28, 29, 38, 31, 32, 33, 34, 35, 39, 27, 30, 36]",993.5,"[14, 1, 17, 3, 4, 5, 13, 7, 8, 9, 6, 11, 12, 10, 0, 18, 16, 2, 15, 19, 37, 21, 22, 23, 24, 25, 26, 20, 28, 29, 38, 31, 32, 33, 34, 35, 39, 27, 30, 36]",993.5,31.292243242263794
"[14, 1, 17, 3, 4, 5, 13, 7, 8, 9, 6, 11, 12, 10, 0, 18, 16, 2, 15, 19, 37, 21, 22, 23, 24, 25, 26, 20, 28, 29, 38, 31, 32, 33, 34, 35, 39, 27, 30, 36]",993.5,"[14, 1, 17, 3, 4, 5, 13, 7, 8, 9, 6, 11, 12, 10, 0, 18, 16, 2, 15, 19, 37, 21, 22, 23, 24, 25, 26, 20, 28, 29, 38, 31, 32, 33, 34, 35, 39, 27, 30, 36]",993.5,31.45530605316162
"[14, 1, 17, 3, 4, 5, 13, 7, 8, 9, 6, 11, 12, 10, 0, 18, 16, 2, 15, 19, 37, 21, 22, 23, 24, 25, 26, 20, 28, 29, 38, 31, 32, 33, 34, 35, 39, 27, 30, 36]",993.5,"[14, 1, 17, 3, 4, 5, 13, 7, 8, 9, 6, 11, 12, 10, 0, 18, 16, 2, 15, 19, 37, 21, 22, 23, 24, 25, 26, 20, 28, 29, 38, 31, 32, 33, 34, 35, 39, 27, 30, 36]",993.5,31.634263277053833
"[14, 1, 17, 3, 4, 5, 13, 7, 8, 9, 6, 11, 12, 10, 0, 18, 16, 2, 15, 19, 37, 21, 22, 23, 24, 25, 26, 20, 28, 29, 38, 31, 32, 33, 34, 35, 39, 27, 30, 36]",993.5,"[14, 1, 17, 3, 4, 5, 13, 7, 8, 9, 6, 11, 12, 10, 0, 18, 16, 2, 15, 19, 37, 21, 22, 23, 24, 25, 26, 20, 28, 29, 38, 31, 32, 33, 34, 35, 39, 27, 30, 36]",993.5,31.80924963951111
"[14, 1, 17, 3, 4, 5, 13, 7, 8, 9, 6, 11, 12, 10, 0, 18, 16, 2, 15, 19, 37, 21, 22, 23, 24, 25, 26, 20, 28, 29, 38, 31, 32, 33, 34, 35, 39, 27, 30, 36]",993.5,"[14, 1, 17, 3, 4, 5, 13, 7, 8, 9, 6, 11, 12, 10, 0, 18, 16, 2, 15, 19, 37, 21, 22, 23, 24, 25, 26, 20, 28, 29, 38, 31, 32, 33, 34, 35, 39, 27, 30, 36]",993.5,31.971256017684937
"[14, 1, 17, 3, 4, 5, 13, 7, 8, 9, 6, 11, 12, 10, 0, 18, 16, 2, 15, 19, 37, 21, 22, 23, 24, 25, 26, 20, 28, 29, 38, 31, 32, 33, 34, 35, 39, 27, 30, 36]",993.5,"[14, 1, 17, 3, 4, 5, 13, 7, 8, 9, 6, 11, 12, 10, 0, 18, 16, 2, 15, 19, 37, 21, 22, 23, 24, 25, 26, 20, 28, 29, 38, 31, 32, 33, 34, 35, 39, 27, 30, 36]",993.5,32.128255128860474
"[14, 1, 17, 3, 4, 5, 13, 7, 8, 9, 6, 11, 12, 10, 0, 18, 16, 2, 15, 19, 37, 21, 22, 23, 24, 25, 26, 20, 28, 29, 38, 31, 32, 33, 34, 35, 39, 27, 30, 36]",993.5,"[14, 1, 17, 3, 4, 5, 13, 7, 8, 9, 6, 11, 12, 10, 0, 18, 16, 2, 15, 19, 37, 21, 22, 23, 24, 25, 26, 20, 28, 29, 38, 31, 32, 33, 34, 35, 39, 27, 30, 36]",993.5,32.28825926780701
"[14, 1, 17, 3, 4, 5, 13, 7, 8, 9, 6, 11, 12, 10, 0, 18, 16, 2, 15, 19, 37, 21, 22, 23, 24, 25, 26, 20, 28, 29, 38, 31, 32, 33, 34, 35, 39, 27, 30, 36]",993.5,"[14, 1, 17, 3, 4, 5, 13, 7, 8, 9, 6, 11, 12, 10, 0, 18, 16, 2, 15, 19, 37, 21, 22, 23, 24, 25, 26, 20, 28, 29, 38, 31, 32, 33, 34, 35, 39, 27, 30, 36]",993.5,32.44928455352783
"[14, 1, 17, 3, 4, 5, 13, 7, 8, 9, 6, 11, 12, 10, 0, 18, 16, 2, 15, 19, 37, 21, 22, 23, 24, 25, 26, 20, 28, 29, 38, 31, 32, 33, 34, 35, 39, 27, 30, 36]",993.5,"[14, 1, 17, 3, 4, 5, 13, 7, 8, 9, 6, 11, 12, 10, 0, 18, 16, 2, 15, 19, 37, 21, 22, 23, 24, 25, 26, 20, 28, 29, 38, 31, 32, 33, 34, 35, 39, 27, 30, 36]",993.5,32.61025929450989
