Sequence,Fitness,Best_sequence,Best_fitness,Time
"[3, 16, 6, 10, 2, 14, 4, 17, 7, 1, 13, 0, 19, 18, 9, 15, 8, 12, 11, 5]",1040.5,"[3, 16, 6, 10, 2, 14, 4, 17, 7, 1, 13, 0, 19, 18, 9, 15, 8, 12, 11, 5]",1040.5,0.0
"[15, 8, 16, 3, 19, 17, 5, 6, 0, 12, 1, 9, 13, 7, 4, 2, 14, 10, 11, 18]",929.0,"[3, 16, 6, 10, 2, 14, 4, 17, 7, 1, 13, 0, 19, 18, 9, 15, 8, 12, 11, 5]",1040.5,0.07300114631652832
"[4, 2, 18, 12, 11, 19, 5, 6, 14, 7, 15, 9, 10, 3, 13, 16, 8, 17, 0, 1]",1017.0,"[15, 8, 16, 3, 19, 17, 5, 6, 0, 12, 1, 9, 13, 7, 4, 2, 14, 10, 11, 18]",929.0,0.14300036430358887
"[10, 14, 5, 6, 18, 1, 8, 7, 19, 15, 4, 0, 2, 9, 3, 13, 16, 12, 11, 17]",1022.5,"[15, 8, 16, 3, 19, 17, 5, 6, 0, 12, 1, 9, 13, 7, 4, 2, 14, 10, 11, 18]",929.0,0.21207189559936523
"[15, 17, 1, 16, 14, 13, 18, 3, 12, 9, 11, 19, 10, 2, 0, 8, 6, 5, 4, 7]",913.0,"[15, 8, 16, 3, 19, 17, 5, 6, 0, 12, 1, 9, 13, 7, 4, 2, 14, 10, 11, 18]",929.0,0.28200602531433105
"[10, 1, 17, 11, 12, 9, 14, 18, 8, 7, 16, 2, 15, 5, 4, 6, 19, 0, 3, 13]",1096.0,"[15, 17, 1, 16, 14, 13, 18, 3, 12, 9, 11, 19, 10, 2, 0, 8, 6, 5, 4, 7]",913.0,0.3480241298675537
"[9, 3, 15, 5, 18, 6, 17, 14, 8, 11, 1, 19, 10, 0, 2, 12, 16, 4, 13, 7]",947.0,"[15, 17, 1, 16, 14, 13, 18, 3, 12, 9, 11, 19, 10, 2, 0, 8, 6, 5, 4, 7]",913.0,0.4150049686431885
"[4, 3, 17, 5, 19, 8, 13, 11, 14, 0, 6, 10, 16, 7, 15, 12, 2, 1, 18, 9]",961.5,"[15, 17, 1, 16, 14, 13, 18, 3, 12, 9, 11, 19, 10, 2, 0, 8, 6, 5, 4, 7]",913.0,0.488008975982666
"[11, 14, 3, 8, 6, 18, 9, 12, 7, 0, 19, 4, 17, 15, 2, 1, 13, 5, 16, 10]",1089.5,"[15, 17, 1, 16, 14, 13, 18, 3, 12, 9, 11, 19, 10, 2, 0, 8, 6, 5, 4, 7]",913.0,0.561009407043457
"[10, 3, 16, 1, 0, 4, 12, 5, 7, 2, 9, 15, 19, 17, 8, 18, 6, 11, 13, 14]",1133.0,"[15, 17, 1, 16, 14, 13, 18, 3, 12, 9, 11, 19, 10, 2, 0, 8, 6, 5, 4, 7]",913.0,0.6350102424621582
"[5, 12, 1, 18, 9, 11, 6, 2, 4, 3, 10, 0, 7, 16, 14, 8, 13, 15, 19, 17]",1024.5,"[15, 17, 1, 16, 14, 13, 18, 3, 12, 9, 11, 19, 10, 2, 0, 8, 6, 5, 4, 7]",913.0,0.7020108699798584
"[6, 15, 19, 9, 14, 5, 4, 11, 17, 3, 8, 10, 18, 7, 12, 13, 0, 16, 2, 1]",1044.0,"[15, 17, 1, 16, 14, 13, 18, 3, 12, 9, 11, 19, 10, 2, 0, 8, 6, 5, 4, 7]",913.0,0.7730157375335693
"[1, 9, 0, 2, 8, 4, 5, 13, 7, 6, 18, 16, 3, 11, 14, 15, 19, 10, 17, 12]",1009.0,"[15, 17, 1, 16, 14, 13, 18, 3, 12, 9, 11, 19, 10, 2, 0, 8, 6, 5, 4, 7]",913.0,0.8430142402648926
"[13, 11, 18, 10, 4, 12, 16, 9, 8, 2, 19, 14, 1, 17, 7, 15, 6, 5, 3, 0]",1051.0,"[15, 17, 1, 16, 14, 13, 18, 3, 12, 9, 11, 19, 10, 2, 0, 8, 6, 5, 4, 7]",913.0,0.9110152721405029
"[16, 8, 5, 15, 4, 2, 18, 0, 11, 19, 10, 9, 13, 6, 12, 1, 3, 7, 17, 14]",977.0,"[15, 17, 1, 16, 14, 13, 18, 3, 12, 9, 11, 19, 10, 2, 0, 8, 6, 5, 4, 7]",913.0,0.9850220680236816
"[2, 17, 12, 14, 1, 13, 6, 0, 18, 8, 3, 5, 7, 4, 11, 10, 15, 19, 9, 16]",973.5,"[15, 17, 1, 16, 14, 13, 18, 3, 12, 9, 11, 19, 10, 2, 0, 8, 6, 5, 4, 7]",913.0,1.0570249557495117
"[0, 1, 13, 2, 4, 3, 16, 19, 9, 7, 10, 8, 17, 15, 11, 6, 5, 12, 14, 18]",1040.5,"[15, 17, 1, 16, 14, 13, 18, 3, 12, 9, 11, 19, 10, 2, 0, 8, 6, 5, 4, 7]",913.0,1.1310205459594727
"[3, 13, 14, 12, 7, 0, 6, 17, 19, 15, 4, 9, 18, 8, 10, 11, 1, 2, 5, 16]",975.0,"[15, 17, 1, 16, 14, 13, 18, 3, 12, 9, 11, 19, 10, 2, 0, 8, 6, 5, 4, 7]",913.0,1.2010197639465332
"[11, 15, 5, 1, 9, 8, 18, 10, 14, 4, 13, 19, 17, 16, 7, 12, 6, 3, 2, 0]",1042.0,"[15, 17, 1, 16, 14, 13, 18, 3, 12, 9, 11, 19, 10, 2, 0, 8, 6, 5, 4, 7]",913.0,1.2690210342407227
"[7, 16, 6, 5, 8, 1, 17, 15, 3, 14, 0, 4, 18, 11, 10, 2, 12, 13, 19, 9]",1023.0,"[15, 17, 1, 16, 14, 13, 18, 3, 12, 9, 11, 19, 10, 2, 0, 8, 6, 5, 4, 7]",913.0,1.3390223979949951
"[7, 6, 15, 5, 1, 18, 0, 17, 19, 10, 9, 3, 2, 12, 8, 11, 16, 14, 13, 4]",954.0,"[15, 17, 1, 16, 14, 13, 18, 3, 12, 9, 11, 19, 10, 2, 0, 8, 6, 5, 4, 7]",913.0,1.4170236587524414
"[3, 19, 6, 9, 1, 4, 0, 15, 17, 8, 13, 14, 10, 11, 12, 18, 2, 5, 16, 7]",956.5,"[15, 17, 1, 16, 14, 13, 18, 3, 12, 9, 11, 19, 10, 2, 0, 8, 6, 5, 4, 7]",913.0,1.4880213737487793
"[12, 5, 8, 16, 15, 9, 10, 2, 18, 1, 17, 13, 3, 19, 7, 4, 14, 0, 6, 11]",1067.5,"[15, 17, 1, 16, 14, 13, 18, 3, 12, 9, 11, 19, 10, 2, 0, 8, 6, 5, 4, 7]",913.0,1.564026117324829
"[15, 1, 3, 19, 4, 2, 13, 17, 9, 8, 10, 12, 11, 16, 0, 5, 7, 14, 18, 6]",1007.5,"[15, 17, 1, 16, 14, 13, 18, 3, 12, 9, 11, 19, 10, 2, 0, 8, 6, 5, 4, 7]",913.0,1.6700258255004883
"[12, 3, 0, 7, 14, 13, 2, 16, 8, 4, 6, 18, 17, 15, 19, 5, 11, 9, 10, 1]",1012.0,"[15, 17, 1, 16, 14, 13, 18, 3, 12, 9, 11, 19, 10, 2, 0, 8, 6, 5, 4, 7]",913.0,1.7440605163574219
"[1, 5, 9, 14, 7, 17, 0, 10, 18, 3, 15, 2, 11, 6, 8, 4, 16, 13, 12, 19]",1022.5,"[15, 17, 1, 16, 14, 13, 18, 3, 12, 9, 11, 19, 10, 2, 0, 8, 6, 5, 4, 7]",913.0,1.8120346069335938
"[6, 17, 2, 10, 7, 4, 1, 9, 13, 19, 8, 3, 14, 15, 11, 12, 0, 16, 5, 18]",1044.0,"[15, 17, 1, 16, 14, 13, 18, 3, 12, 9, 11, 19, 10, 2, 0, 8, 6, 5, 4, 7]",913.0,1.8810346126556396
"[9, 3, 4, 2, 12, 8, 7, 18, 11, 16, 13, 5, 1, 15, 0, 19, 17, 6, 14, 10]",1062.0,"[15, 17, 1, 16, 14, 13, 18, 3, 12, 9, 11, 19, 10, 2, 0, 8, 6, 5, 4, 7]",913.0,1.9510445594787598
"[10, 17, 15, 7, 2, 8, 5, 4, 0, 12, 1, 6, 18, 16, 3, 9, 14, 11, 13, 19]",1087.0,"[15, 17, 1, 16, 14, 13, 18, 3, 12, 9, 11, 19, 10, 2, 0, 8, 6, 5, 4, 7]",913.0,2.0210378170013428
"[17, 2, 5, 18, 11, 16, 3, 9, 1, 19, 15, 6, 12, 7, 8, 13, 4, 14, 0, 10]",1014.5,"[15, 17, 1, 16, 14, 13, 18, 3, 12, 9, 11, 19, 10, 2, 0, 8, 6, 5, 4, 7]",913.0,2.0900352001190186
"[18, 17, 8, 11, 3, 7, 1, 16, 13, 10, 2, 14, 15, 4, 12, 19, 9, 5, 0, 6]",1064.0,"[15, 17, 1, 16, 14, 13, 18, 3, 12, 9, 11, 19, 10, 2, 0, 8, 6, 5, 4, 7]",913.0,2.163036823272705
"[0, 9, 4, 2, 17, 1, 5, 18, 10, 8, 6, 14, 13, 19, 3, 12, 16, 7, 15, 11]",987.5,"[15, 17, 1, 16, 14, 13, 18, 3, 12, 9, 11, 19, 10, 2, 0, 8, 6, 5, 4, 7]",913.0,2.2300376892089844
"[9, 3, 16, 5, 4, 15, 11, 18, 17, 6, 14, 1, 0, 12, 8, 2, 7, 13, 10, 19]",1040.0,"[15, 17, 1, 16, 14, 13, 18, 3, 12, 9, 11, 19, 10, 2, 0, 8, 6, 5, 4, 7]",913.0,2.2970361709594727
"[9, 15, 10, 11, 13, 8, 7, 12, 18, 17, 6, 19, 3, 4, 5, 14, 2, 16, 1, 0]",960.0,"[15, 17, 1, 16, 14, 13, 18, 3, 12, 9, 11, 19, 10, 2, 0, 8, 6, 5, 4, 7]",913.0,2.366041660308838
"[9, 3, 18, 14, 19, 13, 11, 12, 15, 5, 4, 2, 16, 10, 1, 6, 17, 7, 8, 0]",994.5,"[15, 17, 1, 16, 14, 13, 18, 3, 12, 9, 11, 19, 10, 2, 0, 8, 6, 5, 4, 7]",913.0,2.4350407123565674
"[17, 0, 3, 2, 19, 11, 10, 8, 18, 14, 12, 5, 6, 4, 13, 16, 1, 9, 15, 7]",932.0,"[15, 17, 1, 16, 14, 13, 18, 3, 12, 9, 11, 19, 10, 2, 0, 8, 6, 5, 4, 7]",913.0,2.503042697906494
"[16, 19, 8, 7, 4, 15, 9, 6, 13, 12, 5, 1, 14, 10, 0, 17, 2, 3, 18, 11]",1000.5,"[15, 17, 1, 16, 14, 13, 18, 3, 12, 9, 11, 19, 10, 2, 0, 8, 6, 5, 4, 7]",913.0,2.5750436782836914
"[7, 10, 5, 13, 12, 11, 1, 2, 15, 6, 8, 17, 18, 4, 16, 3, 14, 9, 19, 0]",988.5,"[15, 17, 1, 16, 14, 13, 18, 3, 12, 9, 11, 19, 10, 2, 0, 8, 6, 5, 4, 7]",913.0,2.648038387298584
"[11, 19, 4, 5, 10, 18, 17, 9, 8, 16, 0, 14, 2, 12, 3, 15, 13, 7, 1, 6]",1021.0,"[15, 17, 1, 16, 14, 13, 18, 3, 12, 9, 11, 19, 10, 2, 0, 8, 6, 5, 4, 7]",913.0,2.720046281814575
"[10, 15, 7, 12, 3, 16, 1, 13, 11, 5, 0, 18, 4, 6, 17, 2, 14, 8, 9, 19]",972.0,"[15, 17, 1, 16, 14, 13, 18, 3, 12, 9, 11, 19, 10, 2, 0, 8, 6, 5, 4, 7]",913.0,2.7910478115081787
"[1, 13, 3, 0, 11, 2, 19, 4, 12, 8, 14, 17, 15, 10, 16, 18, 6, 5, 7, 9]",957.0,"[15, 17, 1, 16, 14, 13, 18, 3, 12, 9, 11, 19, 10, 2, 0, 8, 6, 5, 4, 7]",913.0,2.8690500259399414
"[18, 9, 15, 2, 13, 11, 0, 7, 4, 8, 17, 10, 1, 5, 6, 19, 16, 12, 14, 3]",1013.5,"[15, 17, 1, 16, 14, 13, 18, 3, 12, 9, 11, 19, 10, 2, 0, 8, 6, 5, 4, 7]",913.0,2.9440627098083496
"[6, 2, 7, 15, 0, 19, 8, 18, 1, 16, 13, 14, 9, 17, 3, 10, 5, 12, 4, 11]",934.5,"[15, 17, 1, 16, 14, 13, 18, 3, 12, 9, 11, 19, 10, 2, 0, 8, 6, 5, 4, 7]",913.0,3.019052267074585
"[8, 12, 10, 11, 2, 16, 7, 15, 5, 14, 3, 13, 4, 9, 18, 1, 19, 0, 17, 6]",1052.5,"[15, 17, 1, 16, 14, 13, 18, 3, 12, 9, 11, 19, 10, 2, 0, 8, 6, 5, 4, 7]",913.0,3.0880532264709473
"[8, 11, 9, 10, 16, 14, 18, 17, 1, 3, 15, 4, 0, 6, 5, 2, 7, 12, 19, 13]",1037.0,"[15, 17, 1, 16, 14, 13, 18, 3, 12, 9, 11, 19, 10, 2, 0, 8, 6, 5, 4, 7]",913.0,3.1630752086639404
"[12, 17, 19, 4, 8, 13, 16, 7, 18, 10, 14, 2, 3, 6, 15, 1, 5, 9, 11, 0]",1039.5,"[15, 17, 1, 16, 14, 13, 18, 3, 12, 9, 11, 19, 10, 2, 0, 8, 6, 5, 4, 7]",913.0,3.235058546066284
"[7, 10, 16, 14, 15, 8, 3, 12, 6, 11, 19, 18, 1, 2, 0, 17, 5, 13, 4, 9]",955.5,"[15, 17, 1, 16, 14, 13, 18, 3, 12, 9, 11, 19, 10, 2, 0, 8, 6, 5, 4, 7]",913.0,3.3070576190948486
"[6, 0, 4, 1, 3, 18, 16, 5, 17, 2, 9, 15, 7, 10, 19, 8, 11, 14, 12, 13]",1041.5,"[15, 17, 1, 16, 14, 13, 18, 3, 12, 9, 11, 19, 10, 2, 0, 8, 6, 5, 4, 7]",913.0,3.381057024002075
"[7, 5, 4, 3, 0, 17, 10, 2, 15, 11, 12, 16, 8, 9, 14, 6, 1, 19, 18, 13]",1104.5,"[15, 17, 1, 16, 14, 13, 18, 3, 12, 9, 11, 19, 10, 2, 0, 8, 6, 5, 4, 7]",913.0,3.4560611248016357
"[8, 17, 15, 4, 19, 6, 14, 1, 12, 2, 18, 5, 11, 9, 3, 7, 10, 0, 16, 13]",1075.5,"[15, 17, 1, 16, 14, 13, 18, 3, 12, 9, 11, 19, 10, 2, 0, 8, 6, 5, 4, 7]",913.0,3.5230579376220703
"[0, 5, 2, 17, 7, 14, 10, 9, 4, 6, 15, 16, 8, 12, 18, 13, 1, 19, 11, 3]",1058.0,"[15, 17, 1, 16, 14, 13, 18, 3, 12, 9, 11, 19, 10, 2, 0, 8, 6, 5, 4, 7]",913.0,3.5901386737823486
"[3, 6, 7, 13, 8, 16, 15, 10, 1, 4, 9, 5, 17, 12, 18, 19, 14, 0, 2, 11]",1008.0,"[15, 17, 1, 16, 14, 13, 18, 3, 12, 9, 11, 19, 10, 2, 0, 8, 6, 5, 4, 7]",913.0,3.664064407348633
"[12, 8, 5, 16, 11, 19, 9, 3, 4, 17, 18, 0, 6, 2, 1, 7, 14, 10, 15, 13]",1104.5,"[15, 17, 1, 16, 14, 13, 18, 3, 12, 9, 11, 19, 10, 2, 0, 8, 6, 5, 4, 7]",913.0,3.7340612411499023
"[7, 15, 12, 1, 16, 8, 3, 10, 17, 0, 14, 11, 4, 6, 19, 5, 13, 18, 2, 9]",1044.0,"[15, 17, 1, 16, 14, 13, 18, 3, 12, 9, 11, 19, 10, 2, 0, 8, 6, 5, 4, 7]",913.0,3.8060660362243652
"[16, 14, 15, 17, 19, 13, 12, 5, 1, 2, 3, 6, 7, 9, 4, 11, 10, 0, 8, 18]",1000.0,"[15, 17, 1, 16, 14, 13, 18, 3, 12, 9, 11, 19, 10, 2, 0, 8, 6, 5, 4, 7]",913.0,3.876065969467163
"[1, 19, 6, 7, 12, 17, 0, 16, 15, 2, 9, 5, 11, 4, 14, 13, 3, 10, 18, 8]",1042.0,"[15, 17, 1, 16, 14, 13, 18, 3, 12, 9, 11, 19, 10, 2, 0, 8, 6, 5, 4, 7]",913.0,3.9470672607421875
"[7, 18, 5, 15, 1, 11, 9, 3, 17, 16, 4, 6, 19, 13, 0, 14, 8, 10, 12, 2]",1086.0,"[15, 17, 1, 16, 14, 13, 18, 3, 12, 9, 11, 19, 10, 2, 0, 8, 6, 5, 4, 7]",913.0,4.018068790435791
"[19, 17, 10, 18, 5, 16, 12, 9, 3, 15, 14, 6, 4, 13, 1, 11, 8, 7, 0, 2]",992.0,"[15, 17, 1, 16, 14, 13, 18, 3, 12, 9, 11, 19, 10, 2, 0, 8, 6, 5, 4, 7]",913.0,4.0860700607299805
"[16, 9, 1, 8, 5, 2, 13, 7, 0, 3, 6, 10, 14, 12, 18, 17, 11, 15, 4, 19]",932.0,"[15, 17, 1, 16, 14, 13, 18, 3, 12, 9, 11, 19, 10, 2, 0, 8, 6, 5, 4, 7]",913.0,4.154071092605591
"[12, 19, 7, 11, 14, 5, 8, 13, 17, 4, 15, 1, 10, 18, 16, 2, 9, 6, 0, 3]",1050.0,"[15, 17, 1, 16, 14, 13, 18, 3, 12, 9, 11, 19, 10, 2, 0, 8, 6, 5, 4, 7]",913.0,4.226072311401367
"[9, 14, 19, 3, 7, 4, 11, 10, 17, 16, 6, 15, 12, 2, 8, 13, 5, 1, 18, 0]",1107.0,"[15, 17, 1, 16, 14, 13, 18, 3, 12, 9, 11, 19, 10, 2, 0, 8, 6, 5, 4, 7]",913.0,4.292073488235474
"[12, 16, 18, 3, 1, 11, 9, 7, 5, 14, 6, 2, 19, 4, 15, 8, 0, 17, 10, 13]",1124.5,"[15, 17, 1, 16, 14, 13, 18, 3, 12, 9, 11, 19, 10, 2, 0, 8, 6, 5, 4, 7]",913.0,4.363074541091919
"[16, 7, 1, 0, 12, 14, 5, 3, 2, 6, 19, 18, 4, 9, 15, 8, 17, 10, 11, 13]",1081.0,"[15, 17, 1, 16, 14, 13, 18, 3, 12, 9, 11, 19, 10, 2, 0, 8, 6, 5, 4, 7]",913.0,4.433073997497559
"[8, 15, 1, 18, 2, 12, 5, 16, 10, 3, 7, 4, 0, 11, 19, 9, 17, 14, 13, 6]",1156.5,"[15, 17, 1, 16, 14, 13, 18, 3, 12, 9, 11, 19, 10, 2, 0, 8, 6, 5, 4, 7]",913.0,4.505082130432129
"[4, 2, 0, 6, 10, 13, 14, 5, 11, 12, 16, 19, 17, 8, 9, 7, 1, 15, 18, 3]",970.5,"[15, 17, 1, 16, 14, 13, 18, 3, 12, 9, 11, 19, 10, 2, 0, 8, 6, 5, 4, 7]",913.0,4.57807993888855
"[18, 12, 2, 17, 1, 19, 11, 14, 3, 0, 6, 5, 10, 16, 8, 15, 9, 13, 4, 7]",932.5,"[15, 17, 1, 16, 14, 13, 18, 3, 12, 9, 11, 19, 10, 2, 0, 8, 6, 5, 4, 7]",913.0,4.652079820632935
"[1, 16, 12, 4, 9, 5, 0, 10, 2, 11, 14, 8, 6, 7, 13, 19, 17, 3, 18, 15]",1028.0,"[15, 17, 1, 16, 14, 13, 18, 3, 12, 9, 11, 19, 10, 2, 0, 8, 6, 5, 4, 7]",913.0,4.7200798988342285
"[6, 14, 5, 17, 11, 1, 12, 0, 13, 3, 8, 7, 2, 19, 18, 9, 10, 15, 16, 4]",921.5,"[15, 17, 1, 16, 14, 13, 18, 3, 12, 9, 11, 19, 10, 2, 0, 8, 6, 5, 4, 7]",913.0,4.788082122802734
"[11, 13, 5, 10, 19, 7, 6, 18, 8, 16, 1, 0, 17, 12, 2, 4, 14, 9, 3, 15]",979.5,"[15, 17, 1, 16, 14, 13, 18, 3, 12, 9, 11, 19, 10, 2, 0, 8, 6, 5, 4, 7]",913.0,4.8580827713012695
"[0, 10, 5, 7, 16, 12, 13, 11, 3, 4, 18, 1, 2, 19, 14, 17, 9, 15, 6, 8]",1072.0,"[15, 17, 1, 16, 14, 13, 18, 3, 12, 9, 11, 19, 10, 2, 0, 8, 6, 5, 4, 7]",913.0,4.929084300994873
"[0, 18, 1, 5, 12, 13, 6, 17, 7, 11, 2, 8, 19, 9, 3, 10, 16, 4, 15, 14]",920.0,"[15, 17, 1, 16, 14, 13, 18, 3, 12, 9, 11, 19, 10, 2, 0, 8, 6, 5, 4, 7]",913.0,5.000082492828369
"[19, 12, 16, 3, 6, 0, 9, 15, 5, 11, 17, 1, 8, 18, 10, 13, 2, 7, 14, 4]",924.5,"[15, 17, 1, 16, 14, 13, 18, 3, 12, 9, 11, 19, 10, 2, 0, 8, 6, 5, 4, 7]",913.0,5.071087598800659
"[14, 4, 1, 17, 19, 8, 9, 11, 10, 2, 13, 5, 6, 18, 16, 12, 15, 3, 7, 0]",994.5,"[15, 17, 1, 16, 14, 13, 18, 3, 12, 9, 11, 19, 10, 2, 0, 8, 6, 5, 4, 7]",913.0,5.139115333557129
"[10, 2, 16, 5, 9, 0, 8, 19, 3, 17, 14, 6, 7, 18, 4, 1, 13, 15, 12, 11]",1069.5,"[15, 17, 1, 16, 14, 13, 18, 3, 12, 9, 11, 19, 10, 2, 0, 8, 6, 5, 4, 7]",913.0,5.206115245819092
"[14, 11, 6, 9, 12, 15, 16, 2, 5, 19, 1, 3, 7, 8, 17, 10, 4, 18, 13, 0]",1080.0,"[15, 17, 1, 16, 14, 13, 18, 3, 12, 9, 11, 19, 10, 2, 0, 8, 6, 5, 4, 7]",913.0,5.270115852355957
"[6, 9, 5, 16, 10, 19, 3, 8, 2, 11, 0, 14, 12, 7, 13, 1, 15, 17, 18, 4]",955.0,"[15, 17, 1, 16, 14, 13, 18, 3, 12, 9, 11, 19, 10, 2, 0, 8, 6, 5, 4, 7]",913.0,5.3381171226501465
"[10, 7, 13, 11, 6, 8, 17, 9, 16, 14, 1, 5, 15, 18, 0, 3, 12, 19, 2, 4]",980.0,"[15, 17, 1, 16, 14, 13, 18, 3, 12, 9, 11, 19, 10, 2, 0, 8, 6, 5, 4, 7]",913.0,5.407151937484741
"[9, 13, 15, 5, 19, 3, 4, 18, 17, 6, 7, 16, 12, 2, 1, 14, 10, 11, 8, 0]",976.5,"[15, 17, 1, 16, 14, 13, 18, 3, 12, 9, 11, 19, 10, 2, 0, 8, 6, 5, 4, 7]",913.0,5.474129915237427
"[3, 9, 14, 18, 11, 6, 16, 19, 10, 1, 4, 17, 8, 5, 13, 7, 12, 0, 15, 2]",1014.5,"[15, 17, 1, 16, 14, 13, 18, 3, 12, 9, 11, 19, 10, 2, 0, 8, 6, 5, 4, 7]",913.0,5.538119554519653
"[15, 2, 14, 4, 11, 10, 18, 5, 1, 7, 12, 3, 9, 13, 19, 17, 6, 16, 0, 8]",1049.0,"[15, 17, 1, 16, 14, 13, 18, 3, 12, 9, 11, 19, 10, 2, 0, 8, 6, 5, 4, 7]",913.0,5.6101202964782715
"[15, 18, 9, 10, 4, 5, 17, 6, 12, 8, 11, 16, 0, 7, 14, 13, 19, 1, 2, 3]",1034.0,"[15, 17, 1, 16, 14, 13, 18, 3, 12, 9, 11, 19, 10, 2, 0, 8, 6, 5, 4, 7]",913.0,5.680121421813965
"[19, 12, 5, 4, 1, 9, 13, 6, 2, 3, 10, 15, 7, 11, 16, 18, 17, 14, 8, 0]",1019.0,"[15, 17, 1, 16, 14, 13, 18, 3, 12, 9, 11, 19, 10, 2, 0, 8, 6, 5, 4, 7]",913.0,5.749131441116333
"[1, 16, 3, 12, 2, 10, 7, 17, 14, 15, 0, 18, 11, 13, 6, 8, 19, 9, 5, 4]",948.0,"[15, 17, 1, 16, 14, 13, 18, 3, 12, 9, 11, 19, 10, 2, 0, 8, 6, 5, 4, 7]",913.0,5.8191235065460205
"[0, 4, 11, 19, 18, 10, 13, 17, 14, 1, 15, 7, 8, 6, 3, 2, 16, 9, 5, 12]",996.0,"[15, 17, 1, 16, 14, 13, 18, 3, 12, 9, 11, 19, 10, 2, 0, 8, 6, 5, 4, 7]",913.0,5.888123273849487
"[13, 17, 14, 12, 1, 11, 9, 19, 16, 0, 3, 2, 7, 15, 8, 4, 5, 10, 6, 18]",1009.0,"[15, 17, 1, 16, 14, 13, 18, 3, 12, 9, 11, 19, 10, 2, 0, 8, 6, 5, 4, 7]",913.0,5.957125902175903
"[11, 10, 3, 4, 17, 7, 1, 16, 13, 12, 2, 5, 14, 19, 18, 8, 6, 9, 0, 15]",1054.5,"[15, 17, 1, 16, 14, 13, 18, 3, 12, 9, 11, 19, 10, 2, 0, 8, 6, 5, 4, 7]",913.0,6.025127172470093
"[16, 12, 0, 7, 15, 13, 11, 4, 19, 9, 10, 5, 6, 8, 18, 2, 3, 14, 1, 17]",1000.5,"[15, 17, 1, 16, 14, 13, 18, 3, 12, 9, 11, 19, 10, 2, 0, 8, 6, 5, 4, 7]",913.0,6.100128173828125
"[7, 5, 15, 8, 1, 19, 6, 16, 13, 10, 11, 4, 9, 17, 18, 2, 3, 14, 12, 0]",1000.5,"[15, 17, 1, 16, 14, 13, 18, 3, 12, 9, 11, 19, 10, 2, 0, 8, 6, 5, 4, 7]",913.0,6.1731297969818115
"[10, 19, 15, 5, 8, 0, 2, 11, 17, 9, 14, 6, 1, 12, 16, 3, 7, 4, 18, 13]",1032.5,"[15, 17, 1, 16, 14, 13, 18, 3, 12, 9, 11, 19, 10, 2, 0, 8, 6, 5, 4, 7]",913.0,6.243130922317505
"[0, 19, 15, 5, 16, 8, 12, 10, 17, 6, 13, 2, 18, 14, 11, 4, 3, 1, 7, 9]",946.0,"[15, 17, 1, 16, 14, 13, 18, 3, 12, 9, 11, 19, 10, 2, 0, 8, 6, 5, 4, 7]",913.0,6.316133737564087
"[9, 7, 8, 12, 2, 10, 17, 4, 6, 14, 1, 15, 5, 13, 0, 16, 3, 19, 11, 18]",1075.5,"[15, 17, 1, 16, 14, 13, 18, 3, 12, 9, 11, 19, 10, 2, 0, 8, 6, 5, 4, 7]",913.0,6.382133483886719
"[3, 1, 16, 19, 9, 11, 13, 4, 17, 5, 12, 2, 8, 15, 7, 18, 6, 0, 10, 14]",1085.5,"[15, 17, 1, 16, 14, 13, 18, 3, 12, 9, 11, 19, 10, 2, 0, 8, 6, 5, 4, 7]",913.0,6.453132629394531
"[10, 9, 16, 8, 19, 2, 7, 12, 3, 11, 15, 1, 6, 0, 5, 13, 14, 18, 17, 4]",945.5,"[15, 17, 1, 16, 14, 13, 18, 3, 12, 9, 11, 19, 10, 2, 0, 8, 6, 5, 4, 7]",913.0,6.522139310836792
"[6, 15, 18, 0, 8, 7, 16, 17, 14, 12, 1, 5, 19, 4, 11, 10, 13, 3, 9, 2]",1048.0,"[15, 17, 1, 16, 14, 13, 18, 3, 12, 9, 11, 19, 10, 2, 0, 8, 6, 5, 4, 7]",913.0,6.591138601303101
"[6, 9, 2, 0, 5, 13, 19, 1, 7, 17, 15, 18, 16, 12, 3, 14, 4, 11, 8, 10]",928.5,"[15, 17, 1, 16, 14, 13, 18, 3, 12, 9, 11, 19, 10, 2, 0, 8, 6, 5, 4, 7]",913.0,6.66213846206665
"[0, 2, 1, 11, 13, 9, 3, 6, 4, 19, 12, 7, 8, 5, 17, 15, 14, 10, 16, 18]",967.0,"[15, 17, 1, 16, 14, 13, 18, 3, 12, 9, 11, 19, 10, 2, 0, 8, 6, 5, 4, 7]",913.0,6.732139348983765
"[10, 17, 1, 2, 9, 12, 6, 5, 15, 0, 7, 3, 8, 11, 14, 13, 16, 19, 18, 4]",926.0,"[15, 17, 1, 16, 14, 13, 18, 3, 12, 9, 11, 19, 10, 2, 0, 8, 6, 5, 4, 7]",913.0,6.802145481109619
"[4, 5, 17, 7, 16, 19, 6, 13, 18, 0, 10, 12, 14, 11, 9, 15, 8, 2, 1, 3]",1057.0,"[15, 17, 1, 16, 14, 13, 18, 3, 12, 9, 11, 19, 10, 2, 0, 8, 6, 5, 4, 7]",913.0,6.8721396923065186
"[8, 18, 2, 16, 12, 6, 14, 19, 13, 17, 11, 7, 0, 15, 9, 4, 1, 5, 10, 3]",969.5,"[15, 17, 1, 16, 14, 13, 18, 3, 12, 9, 11, 19, 10, 2, 0, 8, 6, 5, 4, 7]",913.0,6.941141843795776
"[15, 6, 9, 4, 13, 10, 19, 8, 7, 3, 2, 18, 12, 5, 16, 1, 17, 14, 0, 11]",985.5,"[15, 17, 1, 16, 14, 13, 18, 3, 12, 9, 11, 19, 10, 2, 0, 8, 6, 5, 4, 7]",913.0,7.0091447830200195
"[19, 8, 7, 18, 16, 0, 4, 3, 9, 17, 10, 6, 2, 1, 14, 15, 11, 5, 12, 13]",1136.0,"[15, 17, 1, 16, 14, 13, 18, 3, 12, 9, 11, 19, 10, 2, 0, 8, 6, 5, 4, 7]",913.0,7.082146883010864
"[0, 10, 13, 11, 2, 3, 5, 15, 16, 12, 17, 8, 19, 1, 4, 6, 14, 9, 18, 7]",892.5,"[15, 17, 1, 16, 14, 13, 18, 3, 12, 9, 11, 19, 10, 2, 0, 8, 6, 5, 4, 7]",913.0,7.1531453132629395
"[15, 5, 12, 11, 10, 9, 14, 19, 17, 1, 6, 7, 4, 3, 0, 18, 2, 8, 13, 16]",1083.5,"[0, 10, 13, 11, 2, 3, 5, 15, 16, 12, 17, 8, 19, 1, 4, 6, 14, 9, 18, 7]",892.5,7.221146583557129
"[16, 7, 4, 13, 8, 14, 15, 12, 18, 9, 1, 5, 0, 11, 2, 10, 3, 19, 17, 6]",1036.5,"[0, 10, 13, 11, 2, 3, 5, 15, 16, 12, 17, 8, 19, 1, 4, 6, 14, 9, 18, 7]",892.5,7.290149211883545
"[2, 3, 9, 15, 13, 11, 1, 10, 7, 19, 16, 0, 18, 4, 8, 14, 17, 5, 6, 12]",1011.0,"[0, 10, 13, 11, 2, 3, 5, 15, 16, 12, 17, 8, 19, 1, 4, 6, 14, 9, 18, 7]",892.5,7.360151290893555
"[2, 9, 4, 11, 7, 8, 3, 17, 10, 6, 14, 12, 13, 16, 19, 1, 18, 15, 5, 0]",1132.5,"[0, 10, 13, 11, 2, 3, 5, 15, 16, 12, 17, 8, 19, 1, 4, 6, 14, 9, 18, 7]",892.5,7.427154541015625
"[1, 13, 18, 8, 16, 9, 11, 3, 4, 5, 10, 0, 2, 6, 19, 15, 12, 7, 14, 17]",974.5,"[0, 10, 13, 11, 2, 3, 5, 15, 16, 12, 17, 8, 19, 1, 4, 6, 14, 9, 18, 7]",892.5,7.522151470184326
"[19, 15, 17, 8, 12, 4, 11, 18, 2, 0, 16, 13, 5, 6, 7, 14, 9, 3, 1, 10]",967.0,"[0, 10, 13, 11, 2, 3, 5, 15, 16, 12, 17, 8, 19, 1, 4, 6, 14, 9, 18, 7]",892.5,7.598154783248901
"[8, 5, 9, 3, 13, 0, 12, 17, 11, 6, 19, 14, 1, 4, 10, 7, 18, 15, 2, 16]",920.5,"[0, 10, 13, 11, 2, 3, 5, 15, 16, 12, 17, 8, 19, 1, 4, 6, 14, 9, 18, 7]",892.5,7.6701555252075195
"[4, 0, 10, 3, 13, 18, 5, 19, 6, 16, 15, 14, 7, 12, 17, 8, 2, 11, 1, 9]",978.5,"[0, 10, 13, 11, 2, 3, 5, 15, 16, 12, 17, 8, 19, 1, 4, 6, 14, 9, 18, 7]",892.5,7.741187572479248
"[9, 19, 7, 8, 3, 6, 15, 13, 10, 5, 0, 14, 12, 4, 18, 11, 1, 17, 16, 2]",927.5,"[0, 10, 13, 11, 2, 3, 5, 15, 16, 12, 17, 8, 19, 1, 4, 6, 14, 9, 18, 7]",892.5,7.811159372329712
"[15, 13, 0, 8, 3, 11, 18, 1, 17, 14, 2, 9, 7, 6, 10, 12, 4, 19, 5, 16]",915.5,"[0, 10, 13, 11, 2, 3, 5, 15, 16, 12, 17, 8, 19, 1, 4, 6, 14, 9, 18, 7]",892.5,7.8841705322265625
"[4, 18, 7, 12, 14, 8, 3, 13, 10, 1, 9, 11, 0, 17, 2, 15, 19, 5, 16, 6]",1031.5,"[0, 10, 13, 11, 2, 3, 5, 15, 16, 12, 17, 8, 19, 1, 4, 6, 14, 9, 18, 7]",892.5,7.960160970687866
"[8, 17, 0, 4, 1, 3, 2, 5, 10, 14, 16, 19, 15, 18, 7, 11, 6, 9, 13, 12]",1123.5,"[0, 10, 13, 11, 2, 3, 5, 15, 16, 12, 17, 8, 19, 1, 4, 6, 14, 9, 18, 7]",892.5,8.026164054870605
"[7, 4, 8, 5, 16, 18, 12, 1, 3, 17, 15, 0, 11, 2, 6, 10, 19, 13, 14, 9]",1084.0,"[0, 10, 13, 11, 2, 3, 5, 15, 16, 12, 17, 8, 19, 1, 4, 6, 14, 9, 18, 7]",892.5,8.098164558410645
"[1, 12, 9, 16, 10, 18, 17, 19, 2, 8, 3, 13, 11, 5, 14, 0, 7, 15, 4, 6]",1015.0,"[0, 10, 13, 11, 2, 3, 5, 15, 16, 12, 17, 8, 19, 1, 4, 6, 14, 9, 18, 7]",892.5,8.16416621208191
"[2, 3, 14, 6, 13, 16, 1, 0, 18, 15, 9, 4, 7, 17, 19, 5, 11, 8, 10, 12]",975.0,"[0, 10, 13, 11, 2, 3, 5, 15, 16, 12, 17, 8, 19, 1, 4, 6, 14, 9, 18, 7]",892.5,8.230165243148804
"[10, 15, 1, 11, 14, 9, 6, 2, 17, 16, 12, 13, 0, 4, 8, 3, 5, 7, 19, 18]",911.5,"[0, 10, 13, 11, 2, 3, 5, 15, 16, 12, 17, 8, 19, 1, 4, 6, 14, 9, 18, 7]",892.5,8.299166440963745
"[8, 13, 14, 6, 1, 3, 17, 0, 10, 11, 4, 2, 7, 9, 18, 16, 19, 5, 15, 12]",987.0,"[0, 10, 13, 11, 2, 3, 5, 15, 16, 12, 17, 8, 19, 1, 4, 6, 14, 9, 18, 7]",892.5,8.366168975830078
"[5, 7, 11, 9, 18, 13, 12, 8, 10, 16, 2, 15, 6, 1, 4, 3, 14, 17, 19, 0]",1010.0,"[0, 10, 13, 11, 2, 3, 5, 15, 16, 12, 17, 8, 19, 1, 4, 6, 14, 9, 18, 7]",892.5,8.43616795539856
"[16, 4, 6, 1, 9, 12, 10, 15, 13, 3, 8, 0, 19, 2, 7, 14, 17, 18, 5, 11]",944.5,"[0, 10, 13, 11, 2, 3, 5, 15, 16, 12, 17, 8, 19, 1, 4, 6, 14, 9, 18, 7]",892.5,8.506169319152832
"[12, 11, 14, 1, 13, 15, 18, 2, 10, 19, 5, 7, 17, 4, 3, 6, 9, 8, 0, 16]",1034.0,"[0, 10, 13, 11, 2, 3, 5, 15, 16, 12, 17, 8, 19, 1, 4, 6, 14, 9, 18, 7]",892.5,8.574167490005493
"[8, 3, 17, 10, 4, 5, 1, 7, 11, 15, 12, 0, 18, 13, 19, 9, 6, 16, 2, 14]",1082.0,"[0, 10, 13, 11, 2, 3, 5, 15, 16, 12, 17, 8, 19, 1, 4, 6, 14, 9, 18, 7]",892.5,8.647171974182129
"[0, 14, 8, 2, 1, 5, 6, 17, 16, 9, 12, 19, 15, 13, 18, 4, 7, 10, 3, 11]",945.5,"[0, 10, 13, 11, 2, 3, 5, 15, 16, 12, 17, 8, 19, 1, 4, 6, 14, 9, 18, 7]",892.5,8.719196081161499
"[11, 7, 1, 18, 14, 10, 12, 0, 2, 8, 6, 5, 15, 9, 17, 3, 4, 13, 16, 19]",1029.5,"[0, 10, 13, 11, 2, 3, 5, 15, 16, 12, 17, 8, 19, 1, 4, 6, 14, 9, 18, 7]",892.5,8.789174556732178
"[17, 14, 15, 3, 16, 0, 8, 9, 1, 10, 12, 2, 4, 7, 5, 18, 19, 13, 11, 6]",1047.5,"[0, 10, 13, 11, 2, 3, 5, 15, 16, 12, 17, 8, 19, 1, 4, 6, 14, 9, 18, 7]",892.5,8.85817551612854
"[3, 19, 17, 6, 10, 0, 18, 8, 1, 2, 5, 4, 9, 13, 12, 11, 14, 7, 16, 15]",970.5,"[0, 10, 13, 11, 2, 3, 5, 15, 16, 12, 17, 8, 19, 1, 4, 6, 14, 9, 18, 7]",892.5,8.928176879882812
"[10, 9, 14, 17, 5, 8, 19, 7, 6, 1, 16, 2, 18, 15, 11, 12, 4, 3, 0, 13]",1075.0,"[0, 10, 13, 11, 2, 3, 5, 15, 16, 12, 17, 8, 19, 1, 4, 6, 14, 9, 18, 7]",892.5,8.998178005218506
"[10, 5, 4, 11, 2, 18, 0, 16, 14, 8, 7, 6, 13, 1, 12, 19, 9, 17, 15, 3]",1014.5,"[0, 10, 13, 11, 2, 3, 5, 15, 16, 12, 17, 8, 19, 1, 4, 6, 14, 9, 18, 7]",892.5,9.070179224014282
"[4, 14, 0, 15, 17, 12, 5, 3, 16, 2, 9, 11, 19, 13, 1, 7, 10, 6, 8, 18]",1012.0,"[0, 10, 13, 11, 2, 3, 5, 15, 16, 12, 17, 8, 19, 1, 4, 6, 14, 9, 18, 7]",892.5,9.146178007125854
"[14, 2, 19, 16, 17, 8, 6, 3, 0, 10, 15, 13, 7, 18, 11, 9, 5, 12, 1, 4]",953.5,"[0, 10, 13, 11, 2, 3, 5, 15, 16, 12, 17, 8, 19, 1, 4, 6, 14, 9, 18, 7]",892.5,9.212196350097656
"[17, 10, 14, 12, 0, 1, 15, 19, 7, 2, 4, 13, 18, 5, 3, 9, 11, 6, 16, 8]",1038.0,"[0, 10, 13, 11, 2, 3, 5, 15, 16, 12, 17, 8, 19, 1, 4, 6, 14, 9, 18, 7]",892.5,9.289184331893921
"[19, 16, 1, 6, 5, 14, 18, 12, 2, 15, 3, 8, 4, 17, 0, 11, 13, 9, 10, 7]",964.5,"[0, 10, 13, 11, 2, 3, 5, 15, 16, 12, 17, 8, 19, 1, 4, 6, 14, 9, 18, 7]",892.5,9.360186100006104
"[3, 7, 10, 19, 11, 9, 1, 13, 5, 14, 2, 0, 16, 4, 8, 12, 15, 6, 18, 17]",999.5,"[0, 10, 13, 11, 2, 3, 5, 15, 16, 12, 17, 8, 19, 1, 4, 6, 14, 9, 18, 7]",892.5,9.427192449569702
"[2, 13, 0, 15, 5, 9, 4, 19, 10, 18, 6, 8, 12, 3, 7, 16, 17, 14, 1, 11]",962.0,"[0, 10, 13, 11, 2, 3, 5, 15, 16, 12, 17, 8, 19, 1, 4, 6, 14, 9, 18, 7]",892.5,9.500190019607544
"[6, 12, 18, 11, 4, 14, 3, 7, 8, 2, 16, 0, 1, 9, 15, 19, 10, 5, 17, 13]",1083.0,"[0, 10, 13, 11, 2, 3, 5, 15, 16, 12, 17, 8, 19, 1, 4, 6, 14, 9, 18, 7]",892.5,9.570215225219727
"[8, 10, 11, 14, 13, 5, 19, 18, 15, 17, 2, 16, 1, 6, 12, 0, 7, 4, 9, 3]",980.0,"[0, 10, 13, 11, 2, 3, 5, 15, 16, 12, 17, 8, 19, 1, 4, 6, 14, 9, 18, 7]",892.5,9.640188932418823
"[19, 10, 14, 9, 17, 6, 5, 0, 1, 12, 2, 13, 16, 18, 4, 8, 15, 3, 7, 11]",917.5,"[0, 10, 13, 11, 2, 3, 5, 15, 16, 12, 17, 8, 19, 1, 4, 6, 14, 9, 18, 7]",892.5,9.713192224502563
"[11, 7, 17, 19, 1, 5, 10, 13, 2, 18, 9, 4, 6, 3, 12, 15, 16, 14, 8, 0]",1048.5,"[0, 10, 13, 11, 2, 3, 5, 15, 16, 12, 17, 8, 19, 1, 4, 6, 14, 9, 18, 7]",892.5,9.782192707061768
"[6, 0, 16, 4, 1, 15, 19, 13, 14, 17, 12, 2, 8, 5, 18, 3, 9, 11, 7, 10]",935.0,"[0, 10, 13, 11, 2, 3, 5, 15, 16, 12, 17, 8, 19, 1, 4, 6, 14, 9, 18, 7]",892.5,9.852193117141724
"[13, 8, 4, 14, 9, 1, 7, 5, 15, 6, 0, 18, 16, 10, 3, 2, 19, 12, 11, 17]",994.5,"[0, 10, 13, 11, 2, 3, 5, 15, 16, 12, 17, 8, 19, 1, 4, 6, 14, 9, 18, 7]",892.5,9.917195320129395
"[8, 14, 3, 11, 9, 4, 2, 1, 10, 15, 19, 12, 5, 7, 6, 0, 18, 13, 16, 17]",1039.0,"[0, 10, 13, 11, 2, 3, 5, 15, 16, 12, 17, 8, 19, 1, 4, 6, 14, 9, 18, 7]",892.5,9.985195636749268
"[8, 5, 11, 12, 13, 18, 6, 7, 9, 2, 10, 0, 1, 4, 15, 17, 16, 19, 14, 3]",950.0,"[0, 10, 13, 11, 2, 3, 5, 15, 16, 12, 17, 8, 19, 1, 4, 6, 14, 9, 18, 7]",892.5,10.057196378707886
"[16, 2, 1, 15, 10, 6, 9, 0, 8, 11, 14, 13, 5, 3, 19, 4, 7, 12, 18, 17]",951.5,"[0, 10, 13, 11, 2, 3, 5, 15, 16, 12, 17, 8, 19, 1, 4, 6, 14, 9, 18, 7]",892.5,10.12520718574524
"[18, 16, 1, 17, 2, 11, 14, 10, 19, 9, 13, 0, 6, 7, 3, 15, 5, 4, 8, 12]",933.5,"[0, 10, 13, 11, 2, 3, 5, 15, 16, 12, 17, 8, 19, 1, 4, 6, 14, 9, 18, 7]",892.5,10.194200277328491
"[9, 11, 19, 5, 7, 8, 4, 18, 6, 17, 16, 13, 12, 10, 0, 1, 2, 3, 15, 14]",1091.0,"[0, 10, 13, 11, 2, 3, 5, 15, 16, 12, 17, 8, 19, 1, 4, 6, 14, 9, 18, 7]",892.5,10.261303663253784
"[12, 4, 0, 19, 15, 8, 1, 7, 14, 16, 17, 5, 18, 11, 6, 9, 13, 2, 3, 10]",1122.0,"[0, 10, 13, 11, 2, 3, 5, 15, 16, 12, 17, 8, 19, 1, 4, 6, 14, 9, 18, 7]",892.5,10.339200973510742
"[11, 0, 8, 9, 10, 13, 14, 16, 6, 3, 4, 12, 5, 2, 7, 18, 1, 17, 15, 19]",968.0,"[0, 10, 13, 11, 2, 3, 5, 15, 16, 12, 17, 8, 19, 1, 4, 6, 14, 9, 18, 7]",892.5,10.406202554702759
"[4, 17, 16, 6, 14, 2, 11, 18, 5, 12, 15, 9, 8, 10, 3, 19, 7, 0, 1, 13]",1072.5,"[0, 10, 13, 11, 2, 3, 5, 15, 16, 12, 17, 8, 19, 1, 4, 6, 14, 9, 18, 7]",892.5,10.475203275680542
"[17, 6, 14, 3, 10, 2, 5, 15, 18, 16, 19, 0, 1, 7, 8, 11, 12, 4, 9, 13]",1042.5,"[0, 10, 13, 11, 2, 3, 5, 15, 16, 12, 17, 8, 19, 1, 4, 6, 14, 9, 18, 7]",892.5,10.547213792800903
"[3, 4, 15, 9, 11, 16, 18, 1, 12, 6, 7, 14, 19, 17, 13, 10, 8, 2, 5, 0]",1077.5,"[0, 10, 13, 11, 2, 3, 5, 15, 16, 12, 17, 8, 19, 1, 4, 6, 14, 9, 18, 7]",892.5,10.616205930709839
"[13, 1, 2, 10, 6, 11, 5, 12, 18, 9, 17, 7, 15, 14, 0, 16, 3, 4, 19, 8]",906.5,"[0, 10, 13, 11, 2, 3, 5, 15, 16, 12, 17, 8, 19, 1, 4, 6, 14, 9, 18, 7]",892.5,10.682204484939575
"[15, 2, 11, 4, 3, 13, 5, 9, 17, 19, 1, 10, 7, 14, 16, 6, 0, 18, 12, 8]",1043.0,"[0, 10, 13, 11, 2, 3, 5, 15, 16, 12, 17, 8, 19, 1, 4, 6, 14, 9, 18, 7]",892.5,10.753203392028809
"[18, 8, 4, 2, 15, 3, 1, 13, 17, 5, 7, 10, 19, 0, 14, 12, 16, 9, 6, 11]",1051.0,"[0, 10, 13, 11, 2, 3, 5, 15, 16, 12, 17, 8, 19, 1, 4, 6, 14, 9, 18, 7]",892.5,10.826206684112549
"[8, 4, 17, 16, 1, 9, 10, 19, 13, 15, 7, 5, 0, 18, 14, 6, 12, 3, 2, 11]",1063.5,"[0, 10, 13, 11, 2, 3, 5, 15, 16, 12, 17, 8, 19, 1, 4, 6, 14, 9, 18, 7]",892.5,10.895212650299072
"[12, 2, 14, 15, 17, 10, 18, 11, 1, 13, 5, 6, 7, 0, 9, 8, 3, 16, 4, 19]",937.5,"[0, 10, 13, 11, 2, 3, 5, 15, 16, 12, 17, 8, 19, 1, 4, 6, 14, 9, 18, 7]",892.5,10.965210437774658
"[6, 15, 7, 2, 5, 11, 19, 16, 9, 18, 12, 10, 3, 13, 1, 17, 8, 14, 0, 4]",942.5,"[0, 10, 13, 11, 2, 3, 5, 15, 16, 12, 17, 8, 19, 1, 4, 6, 14, 9, 18, 7]",892.5,11.034215927124023
"[10, 11, 19, 9, 4, 14, 0, 8, 17, 5, 15, 12, 2, 13, 1, 16, 3, 18, 7, 6]",1028.5,"[0, 10, 13, 11, 2, 3, 5, 15, 16, 12, 17, 8, 19, 1, 4, 6, 14, 9, 18, 7]",892.5,11.104214191436768
"[0, 1, 15, 14, 4, 19, 7, 12, 18, 17, 10, 9, 5, 2, 16, 3, 11, 13, 6, 8]",1089.0,"[0, 10, 13, 11, 2, 3, 5, 15, 16, 12, 17, 8, 19, 1, 4, 6, 14, 9, 18, 7]",892.5,11.17321515083313
"[10, 18, 12, 5, 8, 6, 1, 14, 17, 19, 3, 2, 11, 7, 4, 13, 0, 9, 15, 16]",1051.5,"[0, 10, 13, 11, 2, 3, 5, 15, 16, 12, 17, 8, 19, 1, 4, 6, 14, 9, 18, 7]",892.5,11.243216753005981
"[2, 7, 0, 12, 8, 15, 14, 16, 1, 11, 18, 9, 4, 3, 5, 10, 13, 17, 19, 6]",1043.5,"[0, 10, 13, 11, 2, 3, 5, 15, 16, 12, 17, 8, 19, 1, 4, 6, 14, 9, 18, 7]",892.5,11.315217971801758
"[19, 4, 7, 13, 2, 18, 16, 3, 11, 9, 14, 8, 17, 0, 5, 6, 15, 10, 1, 12]",1085.0,"[0, 10, 13, 11, 2, 3, 5, 15, 16, 12, 17, 8, 19, 1, 4, 6, 14, 9, 18, 7]",892.5,11.385218858718872
"[5, 14, 4, 17, 3, 15, 12, 10, 2, 6, 16, 18, 13, 7, 19, 0, 8, 11, 9, 1]",985.5,"[0, 10, 13, 11, 2, 3, 5, 15, 16, 12, 17, 8, 19, 1, 4, 6, 14, 9, 18, 7]",892.5,11.454221487045288
"[13, 7, 1, 3, 8, 5, 9, 17, 15, 0, 16, 19, 18, 14, 6, 12, 4, 11, 2, 10]",969.5,"[0, 10, 13, 11, 2, 3, 5, 15, 16, 12, 17, 8, 19, 1, 4, 6, 14, 9, 18, 7]",892.5,11.523223638534546
"[2, 16, 7, 0, 9, 8, 13, 1, 4, 14, 18, 12, 11, 17, 10, 3, 6, 5, 19, 15]",1052.0,"[0, 10, 13, 11, 2, 3, 5, 15, 16, 12, 17, 8, 19, 1, 4, 6, 14, 9, 18, 7]",892.5,11.592223167419434
"[1, 19, 0, 14, 11, 10, 4, 9, 5, 2, 6, 12, 13, 3, 8, 18, 15, 16, 7, 17]",960.5,"[0, 10, 13, 11, 2, 3, 5, 15, 16, 12, 17, 8, 19, 1, 4, 6, 14, 9, 18, 7]",892.5,11.662223100662231
"[0, 16, 3, 7, 14, 12, 15, 6, 4, 13, 9, 11, 1, 8, 5, 17, 10, 2, 19, 18]",970.0,"[0, 10, 13, 11, 2, 3, 5, 15, 16, 12, 17, 8, 19, 1, 4, 6, 14, 9, 18, 7]",892.5,11.730226755142212
"[3, 6, 9, 11, 16, 13, 1, 17, 4, 18, 14, 8, 12, 7, 10, 15, 2, 0, 19, 5]",985.0,"[0, 10, 13, 11, 2, 3, 5, 15, 16, 12, 17, 8, 19, 1, 4, 6, 14, 9, 18, 7]",892.5,11.797225713729858
"[11, 1, 4, 16, 12, 6, 8, 18, 19, 10, 0, 15, 13, 3, 2, 14, 7, 9, 17, 5]",992.5,"[0, 10, 13, 11, 2, 3, 5, 15, 16, 12, 17, 8, 19, 1, 4, 6, 14, 9, 18, 7]",892.5,11.870224475860596
"[4, 12, 13, 17, 1, 15, 18, 16, 2, 3, 14, 9, 10, 8, 0, 7, 6, 19, 5, 11]",1012.5,"[0, 10, 13, 11, 2, 3, 5, 15, 16, 12, 17, 8, 19, 1, 4, 6, 14, 9, 18, 7]",892.5,11.942232370376587
"[6, 1, 5, 8, 3, 17, 18, 10, 13, 16, 14, 7, 0, 11, 2, 4, 12, 9, 19, 15]",986.0,"[0, 10, 13, 11, 2, 3, 5, 15, 16, 12, 17, 8, 19, 1, 4, 6, 14, 9, 18, 7]",892.5,12.010231494903564
"[4, 12, 2, 11, 6, 14, 18, 0, 15, 19, 13, 16, 3, 8, 10, 1, 5, 17, 7, 9]",993.0,"[0, 10, 13, 11, 2, 3, 5, 15, 16, 12, 17, 8, 19, 1, 4, 6, 14, 9, 18, 7]",892.5,12.081233739852905
"[9, 16, 12, 14, 8, 17, 6, 0, 15, 13, 1, 7, 19, 10, 11, 2, 3, 4, 5, 18]",914.5,"[0, 10, 13, 11, 2, 3, 5, 15, 16, 12, 17, 8, 19, 1, 4, 6, 14, 9, 18, 7]",892.5,12.152234554290771
"[8, 3, 2, 4, 12, 14, 19, 15, 11, 1, 17, 18, 9, 16, 5, 13, 6, 0, 7, 10]",965.0,"[0, 10, 13, 11, 2, 3, 5, 15, 16, 12, 17, 8, 19, 1, 4, 6, 14, 9, 18, 7]",892.5,12.227242469787598
"[0, 13, 8, 17, 1, 15, 4, 16, 6, 2, 11, 12, 3, 5, 10, 18, 19, 7, 9, 14]",966.5,"[0, 10, 13, 11, 2, 3, 5, 15, 16, 12, 17, 8, 19, 1, 4, 6, 14, 9, 18, 7]",892.5,12.301230907440186
"[12, 19, 13, 1, 3, 9, 18, 15, 7, 16, 4, 17, 10, 6, 0, 5, 8, 2, 11, 14]",1064.5,"[0, 10, 13, 11, 2, 3, 5, 15, 16, 12, 17, 8, 19, 1, 4, 6, 14, 9, 18, 7]",892.5,12.373232126235962
"[16, 17, 2, 19, 18, 4, 14, 8, 7, 13, 11, 10, 5, 0, 3, 15, 12, 6, 1, 9]",1039.0,"[0, 10, 13, 11, 2, 3, 5, 15, 16, 12, 17, 8, 19, 1, 4, 6, 14, 9, 18, 7]",892.5,12.44423532485962
"[9, 2, 18, 12, 13, 6, 3, 4, 19, 15, 10, 1, 7, 0, 11, 8, 14, 17, 5, 16]",983.0,"[0, 10, 13, 11, 2, 3, 5, 15, 16, 12, 17, 8, 19, 1, 4, 6, 14, 9, 18, 7]",892.5,12.513236284255981
"[8, 12, 1, 0, 18, 6, 19, 7, 5, 4, 17, 11, 14, 16, 3, 9, 10, 13, 15, 2]",1131.5,"[0, 10, 13, 11, 2, 3, 5, 15, 16, 12, 17, 8, 19, 1, 4, 6, 14, 9, 18, 7]",892.5,12.581238269805908
"[7, 3, 19, 4, 10, 14, 6, 16, 18, 1, 8, 9, 13, 11, 17, 0, 12, 2, 5, 15]",1020.5,"[0, 10, 13, 11, 2, 3, 5, 15, 16, 12, 17, 8, 19, 1, 4, 6, 14, 9, 18, 7]",892.5,12.648239850997925
"[9, 0, 6, 1, 3, 8, 12, 15, 2, 5, 11, 17, 18, 16, 10, 4, 19, 13, 7, 14]",972.0,"[0, 10, 13, 11, 2, 3, 5, 15, 16, 12, 17, 8, 19, 1, 4, 6, 14, 9, 18, 7]",892.5,12.718241453170776
"[19, 16, 14, 1, 17, 2, 11, 6, 10, 4, 3, 8, 12, 13, 18, 5, 7, 0, 15, 9]",1031.0,"[0, 10, 13, 11, 2, 3, 5, 15, 16, 12, 17, 8, 19, 1, 4, 6, 14, 9, 18, 7]",892.5,12.78724455833435
"[5, 6, 3, 13, 17, 10, 4, 1, 18, 7, 14, 16, 0, 11, 19, 2, 15, 8, 12, 9]",1018.5,"[0, 10, 13, 11, 2, 3, 5, 15, 16, 12, 17, 8, 19, 1, 4, 6, 14, 9, 18, 7]",892.5,12.855246782302856
"[12, 8, 10, 14, 4, 18, 1, 17, 6, 3, 16, 15, 13, 9, 11, 0, 19, 2, 5, 7]",961.5,"[0, 10, 13, 11, 2, 3, 5, 15, 16, 12, 17, 8, 19, 1, 4, 6, 14, 9, 18, 7]",892.5,12.924245119094849
"[6, 4, 8, 16, 18, 7, 17, 12, 9, 1, 10, 3, 19, 14, 15, 5, 13, 2, 11, 0]",1091.5,"[0, 10, 13, 11, 2, 3, 5, 15, 16, 12, 17, 8, 19, 1, 4, 6, 14, 9, 18, 7]",892.5,12.991245746612549
"[15, 19, 0, 4, 9, 11, 13, 12, 2, 7, 3, 6, 17, 18, 1, 16, 14, 10, 8, 5]",993.5,"[0, 10, 13, 11, 2, 3, 5, 15, 16, 12, 17, 8, 19, 1, 4, 6, 14, 9, 18, 7]",892.5,13.068247556686401
"[1, 16, 4, 0, 19, 7, 10, 14, 2, 15, 3, 11, 18, 6, 9, 8, 12, 17, 13, 5]",1076.5,"[0, 10, 13, 11, 2, 3, 5, 15, 16, 12, 17, 8, 19, 1, 4, 6, 14, 9, 18, 7]",892.5,13.135247945785522
"[6, 1, 14, 9, 12, 16, 17, 19, 15, 0, 5, 3, 18, 10, 13, 4, 7, 11, 8, 2]",921.5,"[0, 10, 13, 11, 2, 3, 5, 15, 16, 12, 17, 8, 19, 1, 4, 6, 14, 9, 18, 7]",892.5,13.204249858856201
"[17, 12, 4, 13, 16, 14, 0, 7, 15, 2, 6, 5, 1, 8, 19, 9, 11, 3, 10, 18]",1031.0,"[0, 10, 13, 11, 2, 3, 5, 15, 16, 12, 17, 8, 19, 1, 4, 6, 14, 9, 18, 7]",892.5,13.303251504898071
"[5, 13, 7, 17, 0, 16, 12, 14, 1, 6, 10, 19, 15, 4, 3, 9, 11, 2, 8, 18]",993.5,"[0, 10, 13, 11, 2, 3, 5, 15, 16, 12, 17, 8, 19, 1, 4, 6, 14, 9, 18, 7]",892.5,13.37125277519226
"[8, 9, 18, 0, 19, 11, 6, 1, 17, 12, 16, 14, 15, 3, 13, 2, 7, 10, 4, 5]",925.0,"[0, 10, 13, 11, 2, 3, 5, 15, 16, 12, 17, 8, 19, 1, 4, 6, 14, 9, 18, 7]",892.5,13.439253568649292
"[8, 1, 13, 4, 18, 2, 7, 6, 19, 5, 9, 12, 11, 0, 3, 15, 14, 17, 10, 16]",1009.5,"[0, 10, 13, 11, 2, 3, 5, 15, 16, 12, 17, 8, 19, 1, 4, 6, 14, 9, 18, 7]",892.5,13.511254787445068
"[7, 9, 17, 5, 15, 6, 2, 19, 12, 14, 4, 8, 10, 3, 0, 11, 16, 1, 13, 18]",1076.5,"[0, 10, 13, 11, 2, 3, 5, 15, 16, 12, 17, 8, 19, 1, 4, 6, 14, 9, 18, 7]",892.5,13.583255529403687
"[17, 14, 15, 4, 2, 11, 18, 7, 3, 19, 0, 13, 10, 9, 5, 16, 1, 12, 6, 8]",1058.5,"[0, 10, 13, 11, 2, 3, 5, 15, 16, 12, 17, 8, 19, 1, 4, 6, 14, 9, 18, 7]",892.5,13.656254529953003
"[17, 11, 9, 7, 3, 14, 18, 1, 8, 10, 2, 0, 12, 13, 5, 6, 4, 16, 19, 15]",987.5,"[0, 10, 13, 11, 2, 3, 5, 15, 16, 12, 17, 8, 19, 1, 4, 6, 14, 9, 18, 7]",892.5,13.723255157470703
"[9, 4, 10, 1, 19, 8, 17, 11, 2, 0, 15, 5, 18, 6, 12, 13, 3, 7, 14, 16]",943.5,"[0, 10, 13, 11, 2, 3, 5, 15, 16, 12, 17, 8, 19, 1, 4, 6, 14, 9, 18, 7]",892.5,13.796256303787231
"[0, 13, 5, 16, 10, 1, 11, 6, 9, 15, 19, 14, 2, 18, 3, 12, 17, 4, 7, 8]",917.5,"[0, 10, 13, 11, 2, 3, 5, 15, 16, 12, 17, 8, 19, 1, 4, 6, 14, 9, 18, 7]",892.5,13.863265037536621
"[3, 0, 2, 7, 4, 6, 19, 9, 13, 1, 10, 16, 18, 15, 8, 17, 14, 5, 12, 11]",1037.0,"[0, 10, 13, 11, 2, 3, 5, 15, 16, 12, 17, 8, 19, 1, 4, 6, 14, 9, 18, 7]",892.5,13.931262254714966
"[16, 3, 7, 14, 10, 13, 15, 8, 9, 11, 4, 6, 12, 5, 18, 2, 0, 1, 17, 19]",974.0,"[0, 10, 13, 11, 2, 3, 5, 15, 16, 12, 17, 8, 19, 1, 4, 6, 14, 9, 18, 7]",892.5,13.997263193130493
"[7, 6, 14, 2, 1, 3, 15, 9, 4, 17, 0, 5, 12, 13, 16, 19, 10, 18, 11, 8]",1109.5,"[0, 10, 13, 11, 2, 3, 5, 15, 16, 12, 17, 8, 19, 1, 4, 6, 14, 9, 18, 7]",892.5,14.066264629364014
"[7, 14, 17, 1, 6, 8, 10, 0, 4, 12, 16, 18, 19, 2, 15, 3, 5, 11, 13, 9]",1052.0,"[0, 10, 13, 11, 2, 3, 5, 15, 16, 12, 17, 8, 19, 1, 4, 6, 14, 9, 18, 7]",892.5,14.139265775680542
