Sequence,Fitness,Best_sequence,Best_fitness,Time
"[14, 2, 1, 17, 4, 16, 6, 7, 15, 12, 9, 11, 19, 18, 13, 5, 0, 8, 3, 10]",653.5,"[14, 2, 1, 17, 4, 16, 6, 7, 15, 12, 9, 11, 19, 18, 13, 5, 0, 8, 3, 10]",653.5,0.0
"[4, 9, 7, 6, 19, 0, 16, 11, 13, 8, 5, 10, 3, 1, 12, 15, 18, 2, 17, 14]",648.0,"[14, 2, 1, 17, 4, 16, 6, 7, 15, 12, 9, 11, 19, 18, 13, 5, 0, 8, 3, 10]",653.5,0.06196928024291992
"[12, 10, 9, 3, 11, 2, 13, 8, 0, 6, 7, 18, 17, 19, 14, 4, 5, 16, 15, 1]",660.5,"[4, 9, 7, 6, 19, 0, 16, 11, 13, 8, 5, 10, 3, 1, 12, 15, 18, 2, 17, 14]",648.0,0.12416815757751465
"[17, 11, 2, 9, 12, 6, 0, 8, 3, 4, 10, 19, 13, 18, 15, 16, 1, 14, 5, 7]",679.5,"[4, 9, 7, 6, 19, 0, 16, 11, 13, 8, 5, 10, 3, 1, 12, 15, 18, 2, 17, 14]",648.0,0.18796849250793457
"[16, 10, 3, 6, 15, 8, 7, 19, 9, 2, 12, 4, 1, 17, 18, 14, 5, 13, 0, 11]",641.0,"[4, 9, 7, 6, 19, 0, 16, 11, 13, 8, 5, 10, 3, 1, 12, 15, 18, 2, 17, 14]",648.0,0.25496983528137207
"[19, 5, 6, 12, 2, 17, 3, 11, 18, 15, 1, 9, 14, 0, 13, 7, 8, 4, 16, 10]",641.0,"[16, 10, 3, 6, 15, 8, 7, 19, 9, 2, 12, 4, 1, 17, 18, 14, 5, 13, 0, 11]",641.0,0.32197117805480957
"[15, 13, 5, 0, 10, 6, 9, 11, 19, 17, 3, 1, 14, 7, 2, 8, 16, 18, 12, 4]",634.0,"[16, 10, 3, 6, 15, 8, 7, 19, 9, 2, 12, 4, 1, 17, 18, 14, 5, 13, 0, 11]",641.0,0.3899719715118408
"[2, 10, 17, 6, 3, 9, 18, 16, 4, 8, 5, 15, 13, 14, 12, 0, 19, 1, 7, 11]",672.0,"[15, 13, 5, 0, 10, 6, 9, 11, 19, 17, 3, 1, 14, 7, 2, 8, 16, 18, 12, 4]",634.0,0.4529709815979004
"[2, 19, 3, 13, 15, 11, 6, 16, 14, 8, 4, 7, 12, 0, 17, 1, 10, 9, 5, 18]",676.5,"[15, 13, 5, 0, 10, 6, 9, 11, 19, 17, 3, 1, 14, 7, 2, 8, 16, 18, 12, 4]",634.0,0.5239720344543457
"[2, 5, 10, 8, 18, 14, 13, 16, 4, 19, 3, 17, 9, 6, 11, 12, 15, 1, 0, 7]",657.0,"[15, 13, 5, 0, 10, 6, 9, 11, 19, 17, 3, 1, 14, 7, 2, 8, 16, 18, 12, 4]",634.0,0.5889723300933838
"[13, 17, 19, 0, 7, 15, 2, 9, 8, 1, 5, 3, 11, 18, 14, 16, 12, 6, 10, 4]",658.0,"[15, 13, 5, 0, 10, 6, 9, 11, 19, 17, 3, 1, 14, 7, 2, 8, 16, 18, 12, 4]",634.0,0.6489791870117188
"[12, 3, 17, 18, 19, 8, 15, 9, 6, 16, 11, 10, 14, 5, 2, 1, 7, 13, 0, 4]",665.0,"[15, 13, 5, 0, 10, 6, 9, 11, 19, 17, 3, 1, 14, 7, 2, 8, 16, 18, 12, 4]",634.0,0.715980052947998
"[1, 16, 18, 12, 17, 11, 5, 0, 3, 19, 14, 10, 8, 4, 13, 6, 15, 2, 7, 9]",595.5,"[15, 13, 5, 0, 10, 6, 9, 11, 19, 17, 3, 1, 14, 7, 2, 8, 16, 18, 12, 4]",634.0,0.7829785346984863
"[16, 13, 1, 9, 19, 4, 6, 8, 14, 18, 12, 3, 15, 17, 5, 10, 7, 0, 11, 2]",617.0,"[1, 16, 18, 12, 17, 11, 5, 0, 3, 19, 14, 10, 8, 4, 13, 6, 15, 2, 7, 9]",595.5,0.8509764671325684
"[15, 9, 5, 10, 14, 19, 4, 1, 8, 0, 11, 7, 16, 13, 12, 3, 17, 6, 2, 18]",643.5,"[1, 16, 18, 12, 17, 11, 5, 0, 3, 19, 14, 10, 8, 4, 13, 6, 15, 2, 7, 9]",595.5,0.9159832000732422
"[16, 14, 8, 10, 11, 18, 19, 17, 6, 9, 7, 1, 15, 2, 4, 5, 13, 3, 0, 12]",633.5,"[1, 16, 18, 12, 17, 11, 5, 0, 3, 19, 14, 10, 8, 4, 13, 6, 15, 2, 7, 9]",595.5,0.9809796810150146
"[15, 7, 9, 13, 2, 4, 0, 10, 16, 8, 6, 3, 17, 1, 18, 11, 12, 5, 14, 19]",642.0,"[1, 16, 18, 12, 17, 11, 5, 0, 3, 19, 14, 10, 8, 4, 13, 6, 15, 2, 7, 9]",595.5,1.043980598449707
"[15, 8, 0, 6, 13, 16, 5, 11, 19, 2, 14, 1, 3, 9, 10, 7, 4, 17, 12, 18]",640.0,"[1, 16, 18, 12, 17, 11, 5, 0, 3, 19, 14, 10, 8, 4, 13, 6, 15, 2, 7, 9]",595.5,1.11598539352417
"[0, 13, 7, 9, 14, 11, 6, 19, 15, 18, 8, 5, 4, 16, 10, 1, 12, 2, 3, 17]",621.5,"[1, 16, 18, 12, 17, 11, 5, 0, 3, 19, 14, 10, 8, 4, 13, 6, 15, 2, 7, 9]",595.5,1.2019829750061035
"[3, 8, 13, 9, 18, 5, 17, 14, 4, 15, 1, 11, 0, 10, 6, 12, 2, 7, 16, 19]",622.0,"[1, 16, 18, 12, 17, 11, 5, 0, 3, 19, 14, 10, 8, 4, 13, 6, 15, 2, 7, 9]",595.5,1.2679853439331055
"[7, 1, 3, 5, 18, 6, 4, 17, 9, 19, 2, 14, 8, 16, 11, 15, 12, 10, 0, 13]",647.5,"[1, 16, 18, 12, 17, 11, 5, 0, 3, 19, 14, 10, 8, 4, 13, 6, 15, 2, 7, 9]",595.5,1.3299860954284668
"[8, 16, 2, 17, 7, 15, 1, 19, 11, 0, 3, 13, 4, 6, 18, 12, 14, 5, 9, 10]",632.5,"[1, 16, 18, 12, 17, 11, 5, 0, 3, 19, 14, 10, 8, 4, 13, 6, 15, 2, 7, 9]",595.5,1.4029865264892578
"[11, 13, 9, 2, 6, 15, 7, 10, 16, 14, 5, 18, 4, 1, 12, 0, 3, 8, 19, 17]",637.5,"[1, 16, 18, 12, 17, 11, 5, 0, 3, 19, 14, 10, 8, 4, 13, 6, 15, 2, 7, 9]",595.5,1.4639852046966553
"[11, 4, 8, 19, 18, 10, 6, 14, 5, 16, 7, 0, 2, 12, 13, 15, 1, 9, 17, 3]",638.0,"[1, 16, 18, 12, 17, 11, 5, 0, 3, 19, 14, 10, 8, 4, 13, 6, 15, 2, 7, 9]",595.5,1.5299875736236572
"[11, 5, 12, 0, 15, 10, 2, 4, 13, 1, 7, 9, 3, 18, 6, 17, 16, 14, 8, 19]",633.5,"[1, 16, 18, 12, 17, 11, 5, 0, 3, 19, 14, 10, 8, 4, 13, 6, 15, 2, 7, 9]",595.5,1.6009857654571533
"[16, 1, 15, 9, 10, 7, 6, 17, 2, 5, 13, 19, 12, 0, 3, 11, 14, 18, 8, 4]",666.5,"[1, 16, 18, 12, 17, 11, 5, 0, 3, 19, 14, 10, 8, 4, 13, 6, 15, 2, 7, 9]",595.5,1.6649887561798096
"[16, 10, 12, 3, 7, 17, 18, 0, 8, 15, 11, 1, 2, 6, 9, 4, 14, 13, 19, 5]",617.0,"[1, 16, 18, 12, 17, 11, 5, 0, 3, 19, 14, 10, 8, 4, 13, 6, 15, 2, 7, 9]",595.5,1.7346396446228027
"[16, 14, 5, 2, 12, 3, 7, 18, 9, 4, 10, 1, 19, 0, 11, 8, 15, 13, 17, 6]",628.5,"[1, 16, 18, 12, 17, 11, 5, 0, 3, 19, 14, 10, 8, 4, 13, 6, 15, 2, 7, 9]",595.5,1.8009932041168213
"[14, 11, 4, 19, 9, 10, 7, 13, 18, 2, 5, 1, 15, 16, 17, 8, 3, 0, 12, 6]",651.5,"[1, 16, 18, 12, 17, 11, 5, 0, 3, 19, 14, 10, 8, 4, 13, 6, 15, 2, 7, 9]",595.5,1.8639910221099854
"[19, 15, 10, 16, 6, 7, 14, 5, 17, 3, 8, 0, 13, 9, 2, 4, 12, 1, 11, 18]",663.5,"[1, 16, 18, 12, 17, 11, 5, 0, 3, 19, 14, 10, 8, 4, 13, 6, 15, 2, 7, 9]",595.5,1.9299967288970947
"[13, 19, 12, 5, 0, 17, 9, 18, 7, 1, 11, 16, 15, 2, 14, 6, 4, 3, 10, 8]",631.0,"[1, 16, 18, 12, 17, 11, 5, 0, 3, 19, 14, 10, 8, 4, 13, 6, 15, 2, 7, 9]",595.5,1.9909956455230713
"[14, 15, 3, 11, 5, 12, 7, 18, 17, 10, 4, 8, 1, 16, 13, 2, 19, 6, 9, 0]",636.0,"[1, 16, 18, 12, 17, 11, 5, 0, 3, 19, 14, 10, 8, 4, 13, 6, 15, 2, 7, 9]",595.5,2.054997444152832
"[4, 14, 19, 18, 10, 1, 13, 17, 16, 0, 11, 8, 9, 3, 15, 5, 2, 7, 6, 12]",638.0,"[1, 16, 18, 12, 17, 11, 5, 0, 3, 19, 14, 10, 8, 4, 13, 6, 15, 2, 7, 9]",595.5,2.11799955368042
"[18, 9, 19, 6, 17, 4, 14, 7, 15, 8, 3, 12, 16, 11, 5, 13, 1, 0, 10, 2]",654.5,"[1, 16, 18, 12, 17, 11, 5, 0, 3, 19, 14, 10, 8, 4, 13, 6, 15, 2, 7, 9]",595.5,2.1799941062927246
"[0, 4, 15, 7, 16, 1, 11, 12, 19, 5, 17, 10, 18, 3, 8, 6, 14, 9, 2, 13]",600.5,"[1, 16, 18, 12, 17, 11, 5, 0, 3, 19, 14, 10, 8, 4, 13, 6, 15, 2, 7, 9]",595.5,2.2429981231689453
"[9, 8, 16, 4, 10, 2, 5, 0, 6, 17, 13, 14, 1, 7, 15, 3, 19, 18, 11, 12]",632.0,"[1, 16, 18, 12, 17, 11, 5, 0, 3, 19, 14, 10, 8, 4, 13, 6, 15, 2, 7, 9]",595.5,2.3089983463287354
"[8, 9, 0, 7, 2, 3, 14, 17, 15, 12, 11, 6, 16, 5, 19, 10, 1, 18, 13, 4]",678.5,"[1, 16, 18, 12, 17, 11, 5, 0, 3, 19, 14, 10, 8, 4, 13, 6, 15, 2, 7, 9]",595.5,2.3730008602142334
"[10, 17, 5, 19, 16, 14, 3, 7, 1, 8, 18, 9, 15, 0, 6, 2, 4, 11, 13, 12]",615.0,"[1, 16, 18, 12, 17, 11, 5, 0, 3, 19, 14, 10, 8, 4, 13, 6, 15, 2, 7, 9]",595.5,2.4340999126434326
"[19, 4, 12, 8, 10, 2, 11, 13, 1, 9, 3, 18, 0, 7, 5, 17, 6, 16, 15, 14]",688.5,"[1, 16, 18, 12, 17, 11, 5, 0, 3, 19, 14, 10, 8, 4, 13, 6, 15, 2, 7, 9]",595.5,2.4970028400421143
"[18, 12, 13, 8, 17, 11, 2, 4, 7, 0, 5, 6, 19, 10, 16, 14, 1, 15, 9, 3]",678.5,"[1, 16, 18, 12, 17, 11, 5, 0, 3, 19, 14, 10, 8, 4, 13, 6, 15, 2, 7, 9]",595.5,2.559018611907959
"[8, 0, 10, 7, 19, 1, 6, 9, 14, 15, 5, 11, 18, 17, 16, 3, 4, 2, 13, 12]",636.5,"[1, 16, 18, 12, 17, 11, 5, 0, 3, 19, 14, 10, 8, 4, 13, 6, 15, 2, 7, 9]",595.5,2.6220057010650635
"[0, 16, 7, 3, 19, 11, 1, 5, 8, 4, 2, 15, 10, 17, 12, 9, 13, 18, 6, 14]",642.5,"[1, 16, 18, 12, 17, 11, 5, 0, 3, 19, 14, 10, 8, 4, 13, 6, 15, 2, 7, 9]",595.5,2.691002368927002
"[15, 4, 10, 18, 0, 12, 5, 2, 1, 16, 7, 17, 13, 6, 19, 9, 14, 11, 8, 3]",621.5,"[1, 16, 18, 12, 17, 11, 5, 0, 3, 19, 14, 10, 8, 4, 13, 6, 15, 2, 7, 9]",595.5,2.750013589859009
"[3, 5, 15, 10, 17, 8, 1, 19, 11, 0, 14, 16, 2, 7, 4, 12, 18, 6, 9, 13]",606.0,"[1, 16, 18, 12, 17, 11, 5, 0, 3, 19, 14, 10, 8, 4, 13, 6, 15, 2, 7, 9]",595.5,2.8150031566619873
"[13, 3, 17, 19, 18, 1, 5, 14, 7, 6, 15, 0, 9, 11, 10, 4, 12, 8, 16, 2]",630.0,"[1, 16, 18, 12, 17, 11, 5, 0, 3, 19, 14, 10, 8, 4, 13, 6, 15, 2, 7, 9]",595.5,2.87900710105896
"[10, 8, 19, 15, 14, 4, 16, 6, 2, 7, 3, 5, 12, 11, 17, 18, 13, 9, 0, 1]",663.0,"[1, 16, 18, 12, 17, 11, 5, 0, 3, 19, 14, 10, 8, 4, 13, 6, 15, 2, 7, 9]",595.5,2.9470064640045166
"[0, 13, 7, 10, 4, 6, 11, 15, 16, 3, 1, 2, 19, 12, 18, 9, 17, 8, 14, 5]",679.5,"[1, 16, 18, 12, 17, 11, 5, 0, 3, 19, 14, 10, 8, 4, 13, 6, 15, 2, 7, 9]",595.5,3.0110175609588623
"[14, 16, 11, 9, 0, 13, 19, 18, 15, 6, 5, 7, 4, 10, 2, 3, 1, 17, 8, 12]",658.0,"[1, 16, 18, 12, 17, 11, 5, 0, 3, 19, 14, 10, 8, 4, 13, 6, 15, 2, 7, 9]",595.5,3.0710079669952393
"[14, 15, 10, 18, 3, 4, 17, 16, 11, 0, 9, 13, 8, 19, 12, 5, 7, 1, 2, 6]",651.0,"[1, 16, 18, 12, 17, 11, 5, 0, 3, 19, 14, 10, 8, 4, 13, 6, 15, 2, 7, 9]",595.5,3.1340107917785645
"[0, 18, 19, 13, 3, 16, 11, 8, 12, 5, 6, 10, 1, 4, 9, 17, 2, 15, 14, 7]",621.0,"[1, 16, 18, 12, 17, 11, 5, 0, 3, 19, 14, 10, 8, 4, 13, 6, 15, 2, 7, 9]",595.5,3.1970133781433105
"[15, 1, 13, 5, 11, 7, 4, 17, 2, 18, 6, 9, 12, 8, 0, 3, 10, 16, 14, 19]",649.5,"[1, 16, 18, 12, 17, 11, 5, 0, 3, 19, 14, 10, 8, 4, 13, 6, 15, 2, 7, 9]",595.5,3.2640111446380615
"[1, 5, 3, 8, 9, 6, 10, 4, 18, 19, 0, 7, 11, 15, 13, 14, 16, 2, 17, 12]",623.0,"[1, 16, 18, 12, 17, 11, 5, 0, 3, 19, 14, 10, 8, 4, 13, 6, 15, 2, 7, 9]",595.5,3.3300113677978516
"[18, 16, 13, 2, 5, 0, 4, 11, 3, 6, 10, 8, 15, 1, 14, 17, 7, 12, 19, 9]",618.5,"[1, 16, 18, 12, 17, 11, 5, 0, 3, 19, 14, 10, 8, 4, 13, 6, 15, 2, 7, 9]",595.5,3.3970131874084473
"[3, 17, 18, 15, 8, 0, 6, 13, 16, 11, 19, 4, 1, 7, 10, 14, 5, 2, 9, 12]",602.5,"[1, 16, 18, 12, 17, 11, 5, 0, 3, 19, 14, 10, 8, 4, 13, 6, 15, 2, 7, 9]",595.5,3.4640114307403564
"[8, 5, 4, 0, 13, 19, 14, 7, 9, 6, 2, 15, 1, 12, 17, 16, 10, 3, 11, 18]",666.0,"[1, 16, 18, 12, 17, 11, 5, 0, 3, 19, 14, 10, 8, 4, 13, 6, 15, 2, 7, 9]",595.5,3.5300188064575195
"[14, 16, 12, 15, 10, 8, 9, 5, 13, 4, 19, 6, 17, 7, 2, 11, 1, 0, 3, 18]",660.0,"[1, 16, 18, 12, 17, 11, 5, 0, 3, 19, 14, 10, 8, 4, 13, 6, 15, 2, 7, 9]",595.5,3.593013286590576
"[19, 9, 11, 7, 3, 2, 6, 18, 5, 14, 12, 10, 13, 1, 17, 0, 16, 8, 15, 4]",631.5,"[1, 16, 18, 12, 17, 11, 5, 0, 3, 19, 14, 10, 8, 4, 13, 6, 15, 2, 7, 9]",595.5,3.65301513671875
"[9, 12, 16, 7, 5, 8, 11, 4, 2, 3, 19, 18, 0, 10, 1, 13, 14, 15, 17, 6]",637.0,"[1, 16, 18, 12, 17, 11, 5, 0, 3, 19, 14, 10, 8, 4, 13, 6, 15, 2, 7, 9]",595.5,3.714015007019043
"[12, 15, 18, 9, 16, 1, 17, 13, 5, 3, 11, 8, 10, 19, 0, 7, 2, 14, 6, 4]",632.5,"[1, 16, 18, 12, 17, 11, 5, 0, 3, 19, 14, 10, 8, 4, 13, 6, 15, 2, 7, 9]",595.5,3.778019666671753
"[3, 4, 19, 12, 1, 14, 6, 10, 0, 13, 2, 16, 15, 8, 7, 11, 18, 5, 9, 17]",644.5,"[1, 16, 18, 12, 17, 11, 5, 0, 3, 19, 14, 10, 8, 4, 13, 6, 15, 2, 7, 9]",595.5,3.842036247253418
"[5, 10, 16, 18, 0, 2, 9, 15, 17, 11, 12, 19, 1, 4, 3, 7, 13, 6, 14, 8]",624.0,"[1, 16, 18, 12, 17, 11, 5, 0, 3, 19, 14, 10, 8, 4, 13, 6, 15, 2, 7, 9]",595.5,3.905019760131836
"[12, 7, 0, 1, 5, 8, 9, 17, 16, 15, 6, 14, 10, 4, 13, 19, 3, 2, 11, 18]",639.0,"[1, 16, 18, 12, 17, 11, 5, 0, 3, 19, 14, 10, 8, 4, 13, 6, 15, 2, 7, 9]",595.5,3.968017816543579
"[13, 16, 15, 6, 11, 1, 9, 4, 8, 5, 10, 17, 2, 0, 7, 14, 19, 12, 3, 18]",664.5,"[1, 16, 18, 12, 17, 11, 5, 0, 3, 19, 14, 10, 8, 4, 13, 6, 15, 2, 7, 9]",595.5,4.041043043136597
"[12, 8, 2, 9, 13, 5, 11, 19, 18, 1, 10, 3, 7, 0, 15, 17, 14, 16, 6, 4]",661.5,"[1, 16, 18, 12, 17, 11, 5, 0, 3, 19, 14, 10, 8, 4, 13, 6, 15, 2, 7, 9]",595.5,4.1060264110565186
"[12, 17, 19, 7, 5, 6, 2, 15, 13, 14, 18, 0, 9, 16, 11, 4, 3, 1, 8, 10]",680.0,"[1, 16, 18, 12, 17, 11, 5, 0, 3, 19, 14, 10, 8, 4, 13, 6, 15, 2, 7, 9]",595.5,4.16602087020874
"[13, 4, 3, 12, 0, 15, 14, 9, 7, 6, 18, 11, 19, 17, 16, 10, 2, 1, 5, 8]",646.5,"[1, 16, 18, 12, 17, 11, 5, 0, 3, 19, 14, 10, 8, 4, 13, 6, 15, 2, 7, 9]",595.5,4.230024337768555
"[19, 15, 7, 14, 17, 3, 6, 8, 12, 5, 0, 1, 18, 2, 9, 10, 4, 11, 13, 16]",645.5,"[1, 16, 18, 12, 17, 11, 5, 0, 3, 19, 14, 10, 8, 4, 13, 6, 15, 2, 7, 9]",595.5,4.293025016784668
"[16, 14, 8, 4, 0, 11, 3, 12, 5, 6, 17, 9, 2, 1, 18, 15, 13, 10, 7, 19]",644.5,"[1, 16, 18, 12, 17, 11, 5, 0, 3, 19, 14, 10, 8, 4, 13, 6, 15, 2, 7, 9]",595.5,4.355026483535767
"[8, 13, 9, 5, 2, 10, 18, 19, 12, 4, 1, 7, 17, 6, 14, 11, 3, 0, 15, 16]",632.0,"[1, 16, 18, 12, 17, 11, 5, 0, 3, 19, 14, 10, 8, 4, 13, 6, 15, 2, 7, 9]",595.5,4.420021295547485
"[4, 0, 18, 13, 12, 16, 7, 2, 3, 11, 1, 6, 8, 5, 14, 15, 10, 9, 17, 19]",639.0,"[1, 16, 18, 12, 17, 11, 5, 0, 3, 19, 14, 10, 8, 4, 13, 6, 15, 2, 7, 9]",595.5,4.484027147293091
"[2, 1, 4, 7, 11, 10, 19, 5, 15, 17, 3, 6, 14, 13, 9, 12, 0, 8, 18, 16]",657.0,"[1, 16, 18, 12, 17, 11, 5, 0, 3, 19, 14, 10, 8, 4, 13, 6, 15, 2, 7, 9]",595.5,4.546032667160034
"[9, 13, 11, 1, 4, 15, 8, 16, 19, 14, 2, 18, 7, 3, 17, 12, 10, 5, 0, 6]",634.0,"[1, 16, 18, 12, 17, 11, 5, 0, 3, 19, 14, 10, 8, 4, 13, 6, 15, 2, 7, 9]",595.5,4.6120288372039795
"[12, 15, 13, 3, 17, 19, 14, 18, 6, 1, 0, 4, 2, 10, 16, 7, 8, 11, 9, 5]",641.0,"[1, 16, 18, 12, 17, 11, 5, 0, 3, 19, 14, 10, 8, 4, 13, 6, 15, 2, 7, 9]",595.5,4.677030086517334
"[4, 14, 2, 17, 5, 19, 1, 13, 9, 18, 8, 3, 15, 11, 16, 10, 7, 0, 12, 6]",651.5,"[1, 16, 18, 12, 17, 11, 5, 0, 3, 19, 14, 10, 8, 4, 13, 6, 15, 2, 7, 9]",595.5,4.742030620574951
"[17, 11, 18, 4, 6, 7, 12, 19, 13, 3, 0, 5, 10, 14, 16, 8, 1, 15, 9, 2]",639.0,"[1, 16, 18, 12, 17, 11, 5, 0, 3, 19, 14, 10, 8, 4, 13, 6, 15, 2, 7, 9]",595.5,4.80803370475769
"[15, 0, 16, 5, 14, 17, 1, 4, 19, 2, 7, 8, 10, 13, 3, 9, 11, 12, 6, 18]",646.0,"[1, 16, 18, 12, 17, 11, 5, 0, 3, 19, 14, 10, 8, 4, 13, 6, 15, 2, 7, 9]",595.5,4.876033544540405
"[0, 15, 19, 10, 5, 14, 2, 7, 12, 13, 4, 1, 3, 6, 16, 9, 17, 11, 18, 8]",638.5,"[1, 16, 18, 12, 17, 11, 5, 0, 3, 19, 14, 10, 8, 4, 13, 6, 15, 2, 7, 9]",595.5,4.941029787063599
"[2, 13, 4, 17, 9, 5, 0, 1, 8, 16, 11, 14, 19, 6, 15, 12, 18, 7, 3, 10]",666.0,"[1, 16, 18, 12, 17, 11, 5, 0, 3, 19, 14, 10, 8, 4, 13, 6, 15, 2, 7, 9]",595.5,5.003034591674805
"[12, 4, 18, 9, 15, 3, 6, 2, 17, 16, 0, 13, 11, 7, 5, 19, 14, 10, 8, 1]",680.5,"[1, 16, 18, 12, 17, 11, 5, 0, 3, 19, 14, 10, 8, 4, 13, 6, 15, 2, 7, 9]",595.5,5.06403660774231
"[12, 3, 4, 9, 16, 14, 19, 7, 10, 13, 2, 18, 1, 11, 6, 0, 15, 17, 5, 8]",635.5,"[1, 16, 18, 12, 17, 11, 5, 0, 3, 19, 14, 10, 8, 4, 13, 6, 15, 2, 7, 9]",595.5,5.128036737442017
"[16, 4, 13, 2, 5, 17, 18, 7, 6, 1, 10, 11, 9, 0, 14, 19, 3, 15, 8, 12]",621.0,"[1, 16, 18, 12, 17, 11, 5, 0, 3, 19, 14, 10, 8, 4, 13, 6, 15, 2, 7, 9]",595.5,5.190034866333008
"[5, 12, 15, 0, 10, 1, 9, 4, 17, 13, 2, 6, 18, 19, 16, 3, 11, 8, 14, 7]",626.5,"[1, 16, 18, 12, 17, 11, 5, 0, 3, 19, 14, 10, 8, 4, 13, 6, 15, 2, 7, 9]",595.5,5.255045652389526
"[17, 11, 18, 15, 10, 1, 5, 9, 19, 3, 13, 12, 7, 0, 8, 16, 6, 14, 2, 4]",628.0,"[1, 16, 18, 12, 17, 11, 5, 0, 3, 19, 14, 10, 8, 4, 13, 6, 15, 2, 7, 9]",595.5,5.315040349960327
"[12, 11, 3, 8, 15, 2, 7, 4, 6, 19, 16, 0, 18, 10, 13, 5, 17, 9, 1, 14]",667.5,"[1, 16, 18, 12, 17, 11, 5, 0, 3, 19, 14, 10, 8, 4, 13, 6, 15, 2, 7, 9]",595.5,5.38703989982605
"[11, 14, 19, 15, 3, 5, 1, 10, 17, 4, 8, 0, 7, 16, 18, 2, 6, 12, 13, 9]",615.0,"[1, 16, 18, 12, 17, 11, 5, 0, 3, 19, 14, 10, 8, 4, 13, 6, 15, 2, 7, 9]",595.5,5.456040620803833
"[2, 3, 10, 13, 5, 11, 16, 7, 9, 19, 14, 6, 4, 8, 18, 15, 0, 17, 12, 1]",655.5,"[1, 16, 18, 12, 17, 11, 5, 0, 3, 19, 14, 10, 8, 4, 13, 6, 15, 2, 7, 9]",595.5,5.521052360534668
"[11, 14, 15, 19, 7, 8, 13, 12, 10, 18, 0, 17, 5, 2, 3, 1, 9, 4, 16, 6]",649.0,"[1, 16, 18, 12, 17, 11, 5, 0, 3, 19, 14, 10, 8, 4, 13, 6, 15, 2, 7, 9]",595.5,5.587040185928345
"[19, 18, 6, 16, 4, 13, 17, 1, 9, 5, 8, 2, 7, 12, 0, 3, 11, 15, 14, 10]",650.5,"[1, 16, 18, 12, 17, 11, 5, 0, 3, 19, 14, 10, 8, 4, 13, 6, 15, 2, 7, 9]",595.5,5.648048162460327
"[12, 6, 18, 17, 10, 16, 9, 3, 1, 19, 2, 0, 5, 15, 11, 7, 8, 14, 13, 4]",648.0,"[1, 16, 18, 12, 17, 11, 5, 0, 3, 19, 14, 10, 8, 4, 13, 6, 15, 2, 7, 9]",595.5,5.707049369812012
"[14, 2, 1, 5, 11, 10, 4, 6, 19, 13, 8, 9, 16, 7, 0, 12, 18, 15, 3, 17]",655.5,"[1, 16, 18, 12, 17, 11, 5, 0, 3, 19, 14, 10, 8, 4, 13, 6, 15, 2, 7, 9]",595.5,5.76904559135437
"[4, 2, 9, 12, 8, 17, 16, 7, 3, 19, 6, 0, 5, 10, 13, 15, 18, 1, 11, 14]",667.5,"[1, 16, 18, 12, 17, 11, 5, 0, 3, 19, 14, 10, 8, 4, 13, 6, 15, 2, 7, 9]",595.5,5.833048343658447
"[4, 18, 3, 19, 0, 15, 11, 9, 17, 14, 12, 5, 6, 10, 2, 16, 7, 1, 13, 8]",667.0,"[1, 16, 18, 12, 17, 11, 5, 0, 3, 19, 14, 10, 8, 4, 13, 6, 15, 2, 7, 9]",595.5,5.893066883087158
"[5, 8, 0, 4, 15, 11, 7, 3, 6, 17, 2, 18, 16, 1, 13, 9, 10, 14, 12, 19]",628.5,"[1, 16, 18, 12, 17, 11, 5, 0, 3, 19, 14, 10, 8, 4, 13, 6, 15, 2, 7, 9]",595.5,5.961045026779175
"[10, 7, 5, 19, 4, 8, 17, 18, 15, 2, 13, 9, 16, 0, 1, 12, 3, 14, 11, 6]",635.0,"[1, 16, 18, 12, 17, 11, 5, 0, 3, 19, 14, 10, 8, 4, 13, 6, 15, 2, 7, 9]",595.5,6.02204966545105
"[16, 18, 17, 2, 3, 15, 7, 0, 11, 19, 12, 6, 9, 13, 8, 5, 14, 10, 4, 1]",666.5,"[1, 16, 18, 12, 17, 11, 5, 0, 3, 19, 14, 10, 8, 4, 13, 6, 15, 2, 7, 9]",595.5,6.082048654556274
"[0, 15, 12, 7, 17, 8, 11, 9, 10, 6, 5, 19, 3, 1, 4, 13, 2, 18, 16, 14]",645.0,"[1, 16, 18, 12, 17, 11, 5, 0, 3, 19, 14, 10, 8, 4, 13, 6, 15, 2, 7, 9]",595.5,6.154049396514893
"[13, 18, 4, 5, 10, 11, 14, 12, 3, 2, 0, 15, 19, 7, 8, 17, 16, 1, 6, 9]",629.0,"[1, 16, 18, 12, 17, 11, 5, 0, 3, 19, 14, 10, 8, 4, 13, 6, 15, 2, 7, 9]",595.5,6.2180633544921875
"[0, 4, 17, 6, 15, 14, 7, 19, 12, 2, 5, 10, 13, 9, 8, 18, 1, 11, 3, 16]",648.5,"[1, 16, 18, 12, 17, 11, 5, 0, 3, 19, 14, 10, 8, 4, 13, 6, 15, 2, 7, 9]",595.5,6.28305196762085
"[8, 17, 2, 10, 9, 4, 3, 14, 6, 1, 19, 5, 11, 7, 13, 18, 12, 15, 16, 0]",656.0,"[1, 16, 18, 12, 17, 11, 5, 0, 3, 19, 14, 10, 8, 4, 13, 6, 15, 2, 7, 9]",595.5,6.348053455352783
"[15, 10, 5, 11, 14, 1, 13, 0, 9, 6, 16, 7, 19, 8, 17, 2, 4, 12, 3, 18]",637.5,"[1, 16, 18, 12, 17, 11, 5, 0, 3, 19, 14, 10, 8, 4, 13, 6, 15, 2, 7, 9]",595.5,6.412054061889648
"[8, 19, 17, 13, 9, 16, 11, 15, 2, 12, 4, 6, 14, 0, 18, 3, 7, 1, 10, 5]",681.0,"[1, 16, 18, 12, 17, 11, 5, 0, 3, 19, 14, 10, 8, 4, 13, 6, 15, 2, 7, 9]",595.5,6.479055881500244
"[16, 9, 6, 18, 4, 13, 8, 17, 5, 10, 15, 11, 1, 19, 14, 0, 2, 3, 12, 7]",620.0,"[1, 16, 18, 12, 17, 11, 5, 0, 3, 19, 14, 10, 8, 4, 13, 6, 15, 2, 7, 9]",595.5,6.5410544872283936
"[5, 6, 8, 9, 0, 10, 18, 3, 14, 4, 19, 13, 12, 2, 1, 7, 11, 15, 17, 16]",617.0,"[1, 16, 18, 12, 17, 11, 5, 0, 3, 19, 14, 10, 8, 4, 13, 6, 15, 2, 7, 9]",595.5,6.601056337356567
"[7, 9, 18, 6, 12, 4, 1, 15, 5, 10, 0, 16, 3, 17, 13, 11, 14, 19, 2, 8]",646.5,"[1, 16, 18, 12, 17, 11, 5, 0, 3, 19, 14, 10, 8, 4, 13, 6, 15, 2, 7, 9]",595.5,6.661064863204956
"[11, 7, 16, 12, 10, 9, 5, 1, 3, 18, 17, 19, 13, 0, 15, 2, 6, 4, 8, 14]",626.0,"[1, 16, 18, 12, 17, 11, 5, 0, 3, 19, 14, 10, 8, 4, 13, 6, 15, 2, 7, 9]",595.5,6.7210588455200195
"[7, 15, 10, 1, 2, 17, 8, 18, 9, 6, 4, 3, 0, 11, 14, 16, 12, 5, 13, 19]",653.5,"[1, 16, 18, 12, 17, 11, 5, 0, 3, 19, 14, 10, 8, 4, 13, 6, 15, 2, 7, 9]",595.5,6.784066677093506
"[7, 6, 3, 5, 17, 12, 1, 19, 15, 16, 9, 2, 13, 8, 10, 0, 14, 11, 4, 18]",666.5,"[1, 16, 18, 12, 17, 11, 5, 0, 3, 19, 14, 10, 8, 4, 13, 6, 15, 2, 7, 9]",595.5,6.850059270858765
"[10, 5, 11, 9, 1, 15, 12, 19, 13, 2, 3, 18, 6, 14, 17, 16, 8, 4, 0, 7]",654.5,"[1, 16, 18, 12, 17, 11, 5, 0, 3, 19, 14, 10, 8, 4, 13, 6, 15, 2, 7, 9]",595.5,6.917059898376465
"[19, 3, 5, 18, 2, 8, 13, 7, 0, 6, 11, 4, 17, 9, 12, 15, 1, 16, 14, 10]",648.5,"[1, 16, 18, 12, 17, 11, 5, 0, 3, 19, 14, 10, 8, 4, 13, 6, 15, 2, 7, 9]",595.5,6.979058742523193
"[18, 19, 3, 14, 17, 12, 1, 15, 7, 10, 9, 6, 8, 11, 16, 0, 2, 13, 5, 4]",635.5,"[1, 16, 18, 12, 17, 11, 5, 0, 3, 19, 14, 10, 8, 4, 13, 6, 15, 2, 7, 9]",595.5,7.043064832687378
"[19, 15, 13, 5, 8, 6, 12, 9, 14, 3, 10, 7, 17, 1, 2, 18, 16, 4, 11, 0]",639.5,"[1, 16, 18, 12, 17, 11, 5, 0, 3, 19, 14, 10, 8, 4, 13, 6, 15, 2, 7, 9]",595.5,7.110061407089233
"[9, 16, 1, 10, 19, 0, 12, 18, 2, 4, 15, 3, 6, 8, 13, 17, 11, 5, 7, 14]",630.0,"[1, 16, 18, 12, 17, 11, 5, 0, 3, 19, 14, 10, 8, 4, 13, 6, 15, 2, 7, 9]",595.5,7.1721014976501465
"[6, 12, 14, 3, 16, 19, 0, 17, 5, 9, 4, 1, 8, 7, 18, 13, 10, 15, 11, 2]",629.0,"[1, 16, 18, 12, 17, 11, 5, 0, 3, 19, 14, 10, 8, 4, 13, 6, 15, 2, 7, 9]",595.5,7.2610626220703125
"[6, 18, 16, 0, 10, 12, 13, 9, 1, 2, 5, 17, 19, 14, 3, 4, 7, 8, 15, 11]",627.0,"[1, 16, 18, 12, 17, 11, 5, 0, 3, 19, 14, 10, 8, 4, 13, 6, 15, 2, 7, 9]",595.5,7.321075916290283
"[15, 5, 19, 6, 10, 1, 16, 7, 14, 8, 3, 9, 0, 13, 4, 12, 17, 18, 11, 2]",592.5,"[1, 16, 18, 12, 17, 11, 5, 0, 3, 19, 14, 10, 8, 4, 13, 6, 15, 2, 7, 9]",595.5,7.3850672245025635
"[5, 7, 15, 16, 19, 14, 0, 8, 17, 9, 12, 4, 2, 18, 10, 3, 13, 6, 1, 11]",668.0,"[15, 5, 19, 6, 10, 1, 16, 7, 14, 8, 3, 9, 0, 13, 4, 12, 17, 18, 11, 2]",592.5,7.445067405700684
"[19, 10, 16, 15, 7, 14, 3, 13, 5, 1, 6, 12, 8, 9, 18, 0, 2, 11, 17, 4]",601.0,"[15, 5, 19, 6, 10, 1, 16, 7, 14, 8, 3, 9, 0, 13, 4, 12, 17, 18, 11, 2]",592.5,7.509108781814575
"[10, 8, 7, 18, 19, 2, 16, 4, 17, 9, 12, 6, 1, 5, 15, 13, 14, 3, 11, 0]",645.5,"[15, 5, 19, 6, 10, 1, 16, 7, 14, 8, 3, 9, 0, 13, 4, 12, 17, 18, 11, 2]",592.5,7.5710694789886475
"[17, 6, 4, 2, 3, 19, 11, 8, 15, 14, 5, 9, 13, 7, 12, 10, 18, 0, 1, 16]",684.0,"[15, 5, 19, 6, 10, 1, 16, 7, 14, 8, 3, 9, 0, 13, 4, 12, 17, 18, 11, 2]",592.5,7.641068458557129
"[5, 13, 17, 6, 2, 19, 4, 12, 9, 8, 15, 14, 18, 3, 16, 0, 1, 10, 7, 11]",669.0,"[15, 5, 19, 6, 10, 1, 16, 7, 14, 8, 3, 9, 0, 13, 4, 12, 17, 18, 11, 2]",592.5,7.70507025718689
"[11, 3, 17, 10, 8, 14, 9, 15, 6, 13, 18, 4, 5, 12, 16, 0, 19, 2, 7, 1]",651.5,"[15, 5, 19, 6, 10, 1, 16, 7, 14, 8, 3, 9, 0, 13, 4, 12, 17, 18, 11, 2]",592.5,7.771070718765259
"[11, 16, 4, 10, 13, 9, 0, 15, 6, 3, 12, 1, 17, 7, 18, 8, 14, 19, 2, 5]",626.5,"[15, 5, 19, 6, 10, 1, 16, 7, 14, 8, 3, 9, 0, 13, 4, 12, 17, 18, 11, 2]",592.5,7.834070205688477
"[4, 0, 9, 12, 17, 13, 3, 14, 7, 5, 10, 6, 2, 11, 8, 15, 16, 19, 18, 1]",691.5,"[15, 5, 19, 6, 10, 1, 16, 7, 14, 8, 3, 9, 0, 13, 4, 12, 17, 18, 11, 2]",592.5,7.898076057434082
"[16, 11, 12, 7, 2, 3, 14, 5, 18, 17, 4, 6, 0, 19, 8, 15, 13, 1, 9, 10]",621.0,"[15, 5, 19, 6, 10, 1, 16, 7, 14, 8, 3, 9, 0, 13, 4, 12, 17, 18, 11, 2]",592.5,7.958070993423462
"[6, 0, 11, 2, 4, 17, 13, 10, 3, 7, 14, 9, 18, 15, 5, 16, 12, 19, 1, 8]",697.0,"[15, 5, 19, 6, 10, 1, 16, 7, 14, 8, 3, 9, 0, 13, 4, 12, 17, 18, 11, 2]",592.5,8.026075601577759
"[16, 2, 19, 4, 15, 7, 6, 9, 1, 14, 11, 17, 0, 8, 18, 13, 5, 3, 12, 10]",641.5,"[15, 5, 19, 6, 10, 1, 16, 7, 14, 8, 3, 9, 0, 13, 4, 12, 17, 18, 11, 2]",592.5,8.088073253631592
"[18, 10, 13, 0, 15, 4, 3, 2, 6, 14, 7, 5, 17, 16, 1, 11, 8, 9, 12, 19]",629.0,"[15, 5, 19, 6, 10, 1, 16, 7, 14, 8, 3, 9, 0, 13, 4, 12, 17, 18, 11, 2]",592.5,8.155075788497925
"[15, 8, 3, 4, 1, 5, 2, 11, 6, 14, 9, 16, 10, 17, 18, 13, 7, 19, 0, 12]",637.5,"[15, 5, 19, 6, 10, 1, 16, 7, 14, 8, 3, 9, 0, 13, 4, 12, 17, 18, 11, 2]",592.5,8.224079847335815
"[15, 1, 0, 17, 6, 16, 5, 8, 18, 14, 7, 19, 11, 13, 3, 9, 4, 12, 10, 2]",600.0,"[15, 5, 19, 6, 10, 1, 16, 7, 14, 8, 3, 9, 0, 13, 4, 12, 17, 18, 11, 2]",592.5,8.29007625579834
"[5, 0, 16, 14, 4, 17, 2, 1, 10, 12, 11, 7, 6, 19, 9, 13, 3, 8, 18, 15]",652.0,"[15, 5, 19, 6, 10, 1, 16, 7, 14, 8, 3, 9, 0, 13, 4, 12, 17, 18, 11, 2]",592.5,8.353078365325928
"[5, 16, 6, 4, 8, 17, 7, 11, 14, 15, 3, 1, 2, 18, 19, 0, 9, 13, 12, 10]",632.5,"[15, 5, 19, 6, 10, 1, 16, 7, 14, 8, 3, 9, 0, 13, 4, 12, 17, 18, 11, 2]",592.5,8.419077157974243
"[18, 17, 14, 6, 2, 12, 16, 13, 4, 10, 1, 9, 7, 11, 5, 3, 0, 19, 15, 8]",650.0,"[15, 5, 19, 6, 10, 1, 16, 7, 14, 8, 3, 9, 0, 13, 4, 12, 17, 18, 11, 2]",592.5,8.48008108139038
"[11, 4, 17, 13, 10, 18, 19, 15, 1, 0, 9, 7, 16, 14, 12, 5, 8, 2, 6, 3]",645.5,"[15, 5, 19, 6, 10, 1, 16, 7, 14, 8, 3, 9, 0, 13, 4, 12, 17, 18, 11, 2]",592.5,8.542084455490112
"[18, 0, 13, 3, 8, 12, 7, 14, 1, 9, 17, 2, 11, 16, 6, 19, 10, 15, 5, 4]",649.0,"[15, 5, 19, 6, 10, 1, 16, 7, 14, 8, 3, 9, 0, 13, 4, 12, 17, 18, 11, 2]",592.5,8.606087684631348
"[13, 18, 1, 0, 11, 12, 5, 16, 3, 2, 17, 15, 8, 9, 14, 7, 10, 6, 4, 19]",625.5,"[15, 5, 19, 6, 10, 1, 16, 7, 14, 8, 3, 9, 0, 13, 4, 12, 17, 18, 11, 2]",592.5,8.672082424163818
"[2, 4, 8, 13, 18, 9, 6, 10, 15, 12, 11, 3, 0, 16, 14, 7, 19, 1, 17, 5]",661.0,"[15, 5, 19, 6, 10, 1, 16, 7, 14, 8, 3, 9, 0, 13, 4, 12, 17, 18, 11, 2]",592.5,8.737085103988647
"[2, 16, 8, 6, 17, 10, 15, 1, 12, 11, 5, 13, 19, 9, 7, 18, 0, 14, 4, 3]",658.0,"[15, 5, 19, 6, 10, 1, 16, 7, 14, 8, 3, 9, 0, 13, 4, 12, 17, 18, 11, 2]",592.5,8.804083108901978
"[5, 18, 19, 15, 10, 17, 12, 6, 14, 8, 7, 1, 2, 4, 9, 11, 3, 16, 0, 13]",628.5,"[15, 5, 19, 6, 10, 1, 16, 7, 14, 8, 3, 9, 0, 13, 4, 12, 17, 18, 11, 2]",592.5,8.871086120605469
"[6, 9, 5, 15, 11, 13, 19, 16, 18, 2, 4, 14, 1, 10, 7, 12, 17, 8, 0, 3]",647.0,"[15, 5, 19, 6, 10, 1, 16, 7, 14, 8, 3, 9, 0, 13, 4, 12, 17, 18, 11, 2]",592.5,8.935086727142334
"[3, 9, 15, 6, 18, 16, 1, 12, 0, 2, 17, 8, 19, 11, 13, 10, 5, 4, 14, 7]",653.5,"[15, 5, 19, 6, 10, 1, 16, 7, 14, 8, 3, 9, 0, 13, 4, 12, 17, 18, 11, 2]",592.5,8.997077941894531
"[17, 9, 8, 12, 14, 4, 5, 0, 2, 7, 18, 1, 16, 11, 6, 13, 10, 19, 3, 15]",639.0,"[15, 5, 19, 6, 10, 1, 16, 7, 14, 8, 3, 9, 0, 13, 4, 12, 17, 18, 11, 2]",592.5,9.059046745300293
"[0, 14, 11, 15, 3, 4, 12, 17, 2, 5, 10, 6, 8, 7, 1, 16, 19, 9, 18, 13]",621.5,"[15, 5, 19, 6, 10, 1, 16, 7, 14, 8, 3, 9, 0, 13, 4, 12, 17, 18, 11, 2]",592.5,9.12300968170166
"[15, 9, 3, 11, 5, 1, 18, 2, 16, 8, 17, 13, 10, 0, 6, 4, 7, 19, 14, 12]",645.5,"[15, 5, 19, 6, 10, 1, 16, 7, 14, 8, 3, 9, 0, 13, 4, 12, 17, 18, 11, 2]",592.5,9.187982320785522
"[10, 13, 14, 4, 17, 18, 15, 12, 19, 7, 9, 2, 5, 6, 11, 1, 16, 8, 3, 0]",651.5,"[15, 5, 19, 6, 10, 1, 16, 7, 14, 8, 3, 9, 0, 13, 4, 12, 17, 18, 11, 2]",592.5,9.253956079483032
"[8, 11, 0, 7, 17, 6, 3, 1, 12, 5, 14, 10, 13, 9, 2, 4, 15, 18, 16, 19]",638.5,"[15, 5, 19, 6, 10, 1, 16, 7, 14, 8, 3, 9, 0, 13, 4, 12, 17, 18, 11, 2]",592.5,9.32590651512146
"[8, 18, 1, 3, 13, 0, 15, 9, 11, 17, 14, 10, 4, 5, 2, 6, 7, 12, 16, 19]",629.5,"[15, 5, 19, 6, 10, 1, 16, 7, 14, 8, 3, 9, 0, 13, 4, 12, 17, 18, 11, 2]",592.5,9.397520065307617
"[17, 6, 15, 12, 19, 9, 8, 2, 4, 1, 3, 0, 10, 13, 14, 7, 11, 16, 18, 5]",685.5,"[15, 5, 19, 6, 10, 1, 16, 7, 14, 8, 3, 9, 0, 13, 4, 12, 17, 18, 11, 2]",592.5,9.474833488464355
"[19, 6, 12, 14, 18, 15, 13, 11, 0, 16, 1, 2, 7, 10, 4, 17, 5, 8, 9, 3]",648.5,"[15, 5, 19, 6, 10, 1, 16, 7, 14, 8, 3, 9, 0, 13, 4, 12, 17, 18, 11, 2]",592.5,9.544796705245972
"[4, 7, 14, 6, 8, 13, 11, 3, 0, 16, 18, 17, 1, 19, 5, 12, 9, 15, 2, 10]",670.5,"[15, 5, 19, 6, 10, 1, 16, 7, 14, 8, 3, 9, 0, 13, 4, 12, 17, 18, 11, 2]",592.5,9.61975622177124
"[18, 1, 12, 16, 14, 19, 10, 9, 2, 4, 7, 17, 3, 6, 13, 11, 5, 0, 8, 15]",634.0,"[15, 5, 19, 6, 10, 1, 16, 7, 14, 8, 3, 9, 0, 13, 4, 12, 17, 18, 11, 2]",592.5,9.68572211265564
"[16, 5, 3, 17, 12, 13, 8, 14, 9, 6, 1, 10, 0, 19, 2, 11, 18, 15, 7, 4]",645.0,"[15, 5, 19, 6, 10, 1, 16, 7, 14, 8, 3, 9, 0, 13, 4, 12, 17, 18, 11, 2]",592.5,9.752688884735107
"[12, 6, 3, 14, 7, 8, 10, 13, 1, 9, 2, 11, 17, 5, 0, 15, 16, 18, 4, 19]",643.0,"[15, 5, 19, 6, 10, 1, 16, 7, 14, 8, 3, 9, 0, 13, 4, 12, 17, 18, 11, 2]",592.5,9.82465934753418
"[2, 7, 9, 11, 17, 6, 16, 19, 5, 1, 4, 13, 3, 10, 18, 14, 15, 0, 12, 8]",627.0,"[15, 5, 19, 6, 10, 1, 16, 7, 14, 8, 3, 9, 0, 13, 4, 12, 17, 18, 11, 2]",592.5,9.890628814697266
"[18, 15, 14, 12, 0, 13, 3, 7, 10, 5, 6, 17, 9, 8, 4, 16, 2, 11, 19, 1]",653.0,"[15, 5, 19, 6, 10, 1, 16, 7, 14, 8, 3, 9, 0, 13, 4, 12, 17, 18, 11, 2]",592.5,9.954586744308472
"[1, 15, 11, 0, 3, 2, 19, 12, 8, 7, 14, 10, 9, 4, 13, 17, 5, 18, 6, 16]",670.5,"[15, 5, 19, 6, 10, 1, 16, 7, 14, 8, 3, 9, 0, 13, 4, 12, 17, 18, 11, 2]",592.5,10.014554977416992
"[16, 19, 12, 10, 7, 2, 4, 11, 3, 14, 17, 13, 15, 1, 6, 0, 8, 9, 18, 5]",652.5,"[15, 5, 19, 6, 10, 1, 16, 7, 14, 8, 3, 9, 0, 13, 4, 12, 17, 18, 11, 2]",592.5,10.076545715332031
"[17, 2, 7, 11, 0, 10, 9, 12, 13, 3, 19, 4, 8, 6, 18, 1, 5, 14, 15, 16]",677.0,"[15, 5, 19, 6, 10, 1, 16, 7, 14, 8, 3, 9, 0, 13, 4, 12, 17, 18, 11, 2]",592.5,10.135499477386475
"[14, 16, 0, 13, 4, 10, 11, 6, 15, 2, 12, 7, 17, 9, 1, 5, 19, 8, 3, 18]",657.5,"[15, 5, 19, 6, 10, 1, 16, 7, 14, 8, 3, 9, 0, 13, 4, 12, 17, 18, 11, 2]",592.5,10.19646143913269
"[16, 3, 1, 5, 10, 9, 7, 4, 19, 12, 6, 11, 14, 15, 8, 13, 17, 2, 18, 0]",659.5,"[15, 5, 19, 6, 10, 1, 16, 7, 14, 8, 3, 9, 0, 13, 4, 12, 17, 18, 11, 2]",592.5,10.263430833816528
"[17, 2, 13, 6, 12, 0, 11, 19, 10, 4, 1, 16, 9, 7, 3, 5, 18, 8, 15, 14]",695.0,"[15, 5, 19, 6, 10, 1, 16, 7, 14, 8, 3, 9, 0, 13, 4, 12, 17, 18, 11, 2]",592.5,10.326405048370361
"[2, 10, 14, 16, 19, 7, 11, 8, 0, 15, 5, 4, 13, 12, 3, 9, 18, 17, 6, 1]",692.0,"[15, 5, 19, 6, 10, 1, 16, 7, 14, 8, 3, 9, 0, 13, 4, 12, 17, 18, 11, 2]",592.5,10.392364025115967
"[19, 14, 4, 17, 1, 7, 5, 9, 3, 12, 13, 0, 6, 2, 15, 18, 10, 8, 16, 11]",653.5,"[15, 5, 19, 6, 10, 1, 16, 7, 14, 8, 3, 9, 0, 13, 4, 12, 17, 18, 11, 2]",592.5,10.454333066940308
"[14, 15, 4, 19, 16, 13, 5, 1, 11, 2, 7, 12, 9, 0, 3, 8, 18, 6, 17, 10]",680.5,"[15, 5, 19, 6, 10, 1, 16, 7, 14, 8, 3, 9, 0, 13, 4, 12, 17, 18, 11, 2]",592.5,10.517328262329102
"[4, 9, 1, 19, 10, 14, 7, 17, 5, 11, 12, 18, 6, 3, 2, 0, 15, 13, 16, 8]",633.0,"[15, 5, 19, 6, 10, 1, 16, 7, 14, 8, 3, 9, 0, 13, 4, 12, 17, 18, 11, 2]",592.5,10.579269170761108
"[9, 7, 11, 8, 3, 4, 1, 16, 13, 10, 2, 19, 14, 18, 12, 5, 15, 17, 6, 0]",632.0,"[15, 5, 19, 6, 10, 1, 16, 7, 14, 8, 3, 9, 0, 13, 4, 12, 17, 18, 11, 2]",592.5,10.642236709594727
"[11, 17, 18, 2, 13, 5, 9, 16, 6, 15, 10, 19, 4, 7, 8, 12, 1, 3, 0, 14]",650.0,"[15, 5, 19, 6, 10, 1, 16, 7, 14, 8, 3, 9, 0, 13, 4, 12, 17, 18, 11, 2]",592.5,10.703206062316895
"[0, 16, 7, 15, 4, 13, 10, 5, 8, 3, 1, 9, 2, 18, 12, 19, 6, 11, 17, 14]",602.5,"[15, 5, 19, 6, 10, 1, 16, 7, 14, 8, 3, 9, 0, 13, 4, 12, 17, 18, 11, 2]",592.5,10.766170024871826
"[19, 4, 13, 17, 14, 10, 16, 5, 6, 0, 15, 1, 12, 2, 9, 7, 18, 8, 3, 11]",648.5,"[15, 5, 19, 6, 10, 1, 16, 7, 14, 8, 3, 9, 0, 13, 4, 12, 17, 18, 11, 2]",592.5,10.825150728225708
"[13, 14, 15, 12, 6, 0, 16, 18, 2, 1, 8, 11, 3, 10, 19, 5, 17, 4, 7, 9]",637.5,"[15, 5, 19, 6, 10, 1, 16, 7, 14, 8, 3, 9, 0, 13, 4, 12, 17, 18, 11, 2]",592.5,10.887108564376831
"[11, 7, 15, 0, 1, 12, 4, 18, 6, 13, 17, 19, 14, 8, 9, 5, 16, 3, 10, 2]",625.0,"[15, 5, 19, 6, 10, 1, 16, 7, 14, 8, 3, 9, 0, 13, 4, 12, 17, 18, 11, 2]",592.5,10.949079513549805
"[4, 14, 16, 3, 7, 19, 13, 8, 11, 0, 17, 18, 10, 9, 2, 15, 5, 12, 6, 1]",666.0,"[15, 5, 19, 6, 10, 1, 16, 7, 14, 8, 3, 9, 0, 13, 4, 12, 17, 18, 11, 2]",592.5,11.013046979904175
"[4, 17, 6, 0, 10, 8, 13, 16, 9, 5, 2, 7, 14, 19, 18, 1, 3, 15, 12, 11]",643.0,"[15, 5, 19, 6, 10, 1, 16, 7, 14, 8, 3, 9, 0, 13, 4, 12, 17, 18, 11, 2]",592.5,11.076011657714844
"[4, 5, 14, 17, 8, 16, 2, 9, 1, 15, 3, 10, 11, 12, 7, 6, 19, 18, 0, 13]",641.5,"[15, 5, 19, 6, 10, 1, 16, 7, 14, 8, 3, 9, 0, 13, 4, 12, 17, 18, 11, 2]",592.5,11.138983726501465
"[4, 10, 2, 13, 14, 6, 7, 9, 1, 11, 18, 3, 0, 16, 12, 5, 8, 17, 19, 15]",663.0,"[15, 5, 19, 6, 10, 1, 16, 7, 14, 8, 3, 9, 0, 13, 4, 12, 17, 18, 11, 2]",592.5,11.199951648712158
"[1, 3, 5, 19, 4, 8, 2, 10, 15, 6, 17, 0, 7, 13, 14, 9, 16, 12, 11, 18]",661.0,"[15, 5, 19, 6, 10, 1, 16, 7, 14, 8, 3, 9, 0, 13, 4, 12, 17, 18, 11, 2]",592.5,11.270917892456055
"[14, 18, 17, 8, 10, 3, 0, 12, 15, 11, 2, 13, 16, 19, 1, 5, 4, 7, 6, 9]",625.5,"[15, 5, 19, 6, 10, 1, 16, 7, 14, 8, 3, 9, 0, 13, 4, 12, 17, 18, 11, 2]",592.5,11.336879014968872
"[13, 15, 11, 1, 10, 16, 0, 14, 4, 5, 6, 17, 7, 12, 8, 18, 2, 3, 9, 19]",599.0,"[15, 5, 19, 6, 10, 1, 16, 7, 14, 8, 3, 9, 0, 13, 4, 12, 17, 18, 11, 2]",592.5,11.400848627090454
"[18, 3, 10, 0, 14, 6, 1, 12, 7, 5, 19, 9, 2, 16, 17, 11, 13, 4, 8, 15]",627.0,"[15, 5, 19, 6, 10, 1, 16, 7, 14, 8, 3, 9, 0, 13, 4, 12, 17, 18, 11, 2]",592.5,11.460821390151978
"[0, 12, 17, 1, 15, 16, 10, 2, 7, 8, 6, 4, 14, 5, 19, 9, 11, 3, 13, 18]",654.0,"[15, 5, 19, 6, 10, 1, 16, 7, 14, 8, 3, 9, 0, 13, 4, 12, 17, 18, 11, 2]",592.5,11.52383041381836
"[17, 8, 19, 14, 7, 4, 18, 10, 6, 11, 15, 13, 12, 0, 1, 2, 5, 9, 3, 16]",656.5,"[15, 5, 19, 6, 10, 1, 16, 7, 14, 8, 3, 9, 0, 13, 4, 12, 17, 18, 11, 2]",592.5,11.586755275726318
"[2, 8, 13, 5, 17, 12, 14, 19, 0, 10, 9, 18, 6, 3, 11, 1, 15, 16, 4, 7]",645.5,"[15, 5, 19, 6, 10, 1, 16, 7, 14, 8, 3, 9, 0, 13, 4, 12, 17, 18, 11, 2]",592.5,11.649722576141357
"[17, 11, 19, 8, 10, 12, 15, 14, 5, 13, 3, 0, 18, 7, 6, 9, 1, 4, 16, 2]",670.5,"[15, 5, 19, 6, 10, 1, 16, 7, 14, 8, 3, 9, 0, 13, 4, 12, 17, 18, 11, 2]",592.5,11.715740203857422
"[5, 8, 18, 2, 9, 3, 4, 15, 13, 14, 1, 16, 17, 7, 0, 11, 10, 12, 19, 6]",646.0,"[15, 5, 19, 6, 10, 1, 16, 7, 14, 8, 3, 9, 0, 13, 4, 12, 17, 18, 11, 2]",592.5,11.77965521812439
"[12, 3, 0, 5, 14, 8, 1, 19, 17, 4, 16, 2, 7, 13, 11, 18, 9, 6, 15, 10]",660.0,"[15, 5, 19, 6, 10, 1, 16, 7, 14, 8, 3, 9, 0, 13, 4, 12, 17, 18, 11, 2]",592.5,11.846620798110962
"[19, 10, 15, 1, 6, 14, 13, 4, 12, 8, 0, 7, 3, 5, 2, 17, 11, 9, 18, 16]",643.0,"[15, 5, 19, 6, 10, 1, 16, 7, 14, 8, 3, 9, 0, 13, 4, 12, 17, 18, 11, 2]",592.5,11.91658878326416
"[3, 18, 0, 8, 16, 2, 13, 9, 6, 11, 12, 4, 19, 5, 15, 14, 7, 1, 10, 17]",662.0,"[15, 5, 19, 6, 10, 1, 16, 7, 14, 8, 3, 9, 0, 13, 4, 12, 17, 18, 11, 2]",592.5,11.980556011199951
"[13, 6, 12, 4, 7, 16, 2, 3, 9, 0, 17, 14, 11, 19, 10, 18, 15, 5, 1, 8]",708.0,"[15, 5, 19, 6, 10, 1, 16, 7, 14, 8, 3, 9, 0, 13, 4, 12, 17, 18, 11, 2]",592.5,12.045519590377808
"[0, 12, 9, 15, 14, 1, 5, 13, 6, 17, 11, 18, 16, 4, 10, 19, 8, 7, 3, 2]",622.0,"[15, 5, 19, 6, 10, 1, 16, 7, 14, 8, 3, 9, 0, 13, 4, 12, 17, 18, 11, 2]",592.5,12.106488704681396
"[7, 19, 13, 4, 18, 1, 11, 0, 14, 6, 16, 8, 5, 12, 17, 10, 2, 15, 9, 3]",636.0,"[15, 5, 19, 6, 10, 1, 16, 7, 14, 8, 3, 9, 0, 13, 4, 12, 17, 18, 11, 2]",592.5,12.168457984924316
"[15, 8, 7, 5, 17, 1, 19, 12, 0, 13, 11, 4, 6, 9, 2, 18, 10, 14, 3, 16]",665.0,"[15, 5, 19, 6, 10, 1, 16, 7, 14, 8, 3, 9, 0, 13, 4, 12, 17, 18, 11, 2]",592.5,12.236428499221802
"[7, 6, 1, 17, 13, 16, 18, 9, 3, 0, 19, 14, 15, 8, 12, 5, 11, 2, 4, 10]",657.5,"[15, 5, 19, 6, 10, 1, 16, 7, 14, 8, 3, 9, 0, 13, 4, 12, 17, 18, 11, 2]",592.5,12.295393943786621
"[6, 3, 17, 8, 9, 10, 11, 15, 12, 14, 16, 18, 0, 19, 5, 7, 13, 1, 2, 4]",654.5,"[15, 5, 19, 6, 10, 1, 16, 7, 14, 8, 3, 9, 0, 13, 4, 12, 17, 18, 11, 2]",592.5,12.361363172531128
"[5, 8, 12, 7, 3, 9, 15, 19, 17, 14, 16, 6, 10, 13, 1, 18, 4, 11, 0, 2]",642.0,"[15, 5, 19, 6, 10, 1, 16, 7, 14, 8, 3, 9, 0, 13, 4, 12, 17, 18, 11, 2]",592.5,12.427327871322632
"[2, 1, 19, 18, 6, 11, 3, 8, 4, 17, 16, 5, 14, 10, 7, 9, 15, 0, 13, 12]",625.5,"[15, 5, 19, 6, 10, 1, 16, 7, 14, 8, 3, 9, 0, 13, 4, 12, 17, 18, 11, 2]",592.5,12.489296674728394
"[1, 10, 14, 2, 19, 18, 12, 5, 11, 7, 6, 16, 3, 0, 4, 13, 17, 9, 8, 15]",620.5,"[15, 5, 19, 6, 10, 1, 16, 7, 14, 8, 3, 9, 0, 13, 4, 12, 17, 18, 11, 2]",592.5,12.549269676208496
"[6, 17, 1, 12, 5, 11, 10, 15, 19, 3, 18, 7, 0, 14, 8, 9, 4, 16, 2, 13]",629.0,"[15, 5, 19, 6, 10, 1, 16, 7, 14, 8, 3, 9, 0, 13, 4, 12, 17, 18, 11, 2]",592.5,12.611235857009888
"[7, 19, 8, 4, 1, 9, 13, 10, 17, 14, 12, 5, 0, 18, 16, 2, 11, 15, 3, 6]",620.0,"[15, 5, 19, 6, 10, 1, 16, 7, 14, 8, 3, 9, 0, 13, 4, 12, 17, 18, 11, 2]",592.5,12.671206951141357
"[5, 4, 3, 14, 16, 10, 8, 17, 7, 1, 12, 13, 2, 19, 0, 15, 6, 9, 11, 18]",647.0,"[15, 5, 19, 6, 10, 1, 16, 7, 14, 8, 3, 9, 0, 13, 4, 12, 17, 18, 11, 2]",592.5,12.738174438476562
"[4, 7, 8, 0, 13, 15, 12, 16, 19, 1, 9, 2, 10, 11, 18, 17, 6, 14, 3, 5]",686.0,"[15, 5, 19, 6, 10, 1, 16, 7, 14, 8, 3, 9, 0, 13, 4, 12, 17, 18, 11, 2]",592.5,12.808136940002441
"[5, 10, 13, 15, 19, 11, 1, 0, 2, 3, 4, 12, 9, 14, 17, 6, 18, 16, 7, 8]",651.0,"[15, 5, 19, 6, 10, 1, 16, 7, 14, 8, 3, 9, 0, 13, 4, 12, 17, 18, 11, 2]",592.5,12.874107599258423
"[11, 2, 4, 6, 14, 12, 19, 1, 0, 5, 18, 13, 7, 9, 10, 8, 15, 16, 3, 17]",652.5,"[15, 5, 19, 6, 10, 1, 16, 7, 14, 8, 3, 9, 0, 13, 4, 12, 17, 18, 11, 2]",592.5,12.935070753097534
