Sequence,Fitness,Best_sequence,Best_fitness,Time
"[14, 2, 1, 17, 4, 16, 6, 7, 15, 12, 9, 11, 19, 18, 13, 5, 0, 8, 3, 10]",1509.5,"[14, 2, 1, 17, 4, 16, 6, 7, 15, 12, 9, 11, 19, 18, 13, 5, 0, 8, 3, 10]",1509.5,0.0
"[4, 9, 7, 6, 19, 0, 16, 11, 13, 8, 5, 10, 3, 1, 12, 15, 18, 2, 17, 14]",1463.0,"[14, 2, 1, 17, 4, 16, 6, 7, 15, 12, 9, 11, 19, 18, 13, 5, 0, 8, 3, 10]",1509.5,0.06299829483032227
"[12, 10, 9, 3, 11, 2, 13, 8, 0, 6, 7, 18, 17, 19, 14, 4, 5, 16, 15, 1]",1668.0,"[4, 9, 7, 6, 19, 0, 16, 11, 13, 8, 5, 10, 3, 1, 12, 15, 18, 2, 17, 14]",1463.0,0.1300067901611328
"[17, 11, 2, 9, 12, 6, 0, 8, 3, 4, 10, 19, 13, 18, 15, 16, 1, 14, 5, 7]",1692.0,"[4, 9, 7, 6, 19, 0, 16, 11, 13, 8, 5, 10, 3, 1, 12, 15, 18, 2, 17, 14]",1463.0,0.2019972801208496
"[16, 10, 3, 6, 15, 8, 7, 19, 9, 2, 12, 4, 1, 17, 18, 14, 5, 13, 0, 11]",1545.0,"[4, 9, 7, 6, 19, 0, 16, 11, 13, 8, 5, 10, 3, 1, 12, 15, 18, 2, 17, 14]",1463.0,0.30100011825561523
"[19, 5, 6, 12, 2, 17, 3, 11, 18, 15, 1, 9, 14, 0, 13, 7, 8, 4, 16, 10]",1580.5,"[4, 9, 7, 6, 19, 0, 16, 11, 13, 8, 5, 10, 3, 1, 12, 15, 18, 2, 17, 14]",1463.0,0.36299920082092285
"[15, 13, 5, 0, 10, 6, 9, 11, 19, 17, 3, 1, 14, 7, 2, 8, 16, 18, 12, 4]",1461.0,"[4, 9, 7, 6, 19, 0, 16, 11, 13, 8, 5, 10, 3, 1, 12, 15, 18, 2, 17, 14]",1463.0,0.4250049591064453
"[2, 10, 17, 6, 3, 9, 18, 16, 4, 8, 5, 15, 13, 14, 12, 0, 19, 1, 7, 11]",1399.5,"[15, 13, 5, 0, 10, 6, 9, 11, 19, 17, 3, 1, 14, 7, 2, 8, 16, 18, 12, 4]",1461.0,0.48800230026245117
"[2, 19, 3, 13, 15, 11, 6, 16, 14, 8, 4, 7, 12, 0, 17, 1, 10, 9, 5, 18]",1659.0,"[2, 10, 17, 6, 3, 9, 18, 16, 4, 8, 5, 15, 13, 14, 12, 0, 19, 1, 7, 11]",1399.5,0.5530142784118652
"[2, 5, 10, 8, 18, 14, 13, 16, 4, 19, 3, 17, 9, 6, 11, 12, 15, 1, 0, 7]",1368.0,"[2, 10, 17, 6, 3, 9, 18, 16, 4, 8, 5, 15, 13, 14, 12, 0, 19, 1, 7, 11]",1399.5,0.6170179843902588
"[13, 17, 19, 0, 7, 15, 2, 9, 8, 1, 5, 3, 11, 18, 14, 16, 12, 6, 10, 4]",1371.0,"[2, 5, 10, 8, 18, 14, 13, 16, 4, 19, 3, 17, 9, 6, 11, 12, 15, 1, 0, 7]",1368.0,0.6770036220550537
"[12, 3, 17, 18, 19, 8, 15, 9, 6, 16, 11, 10, 14, 5, 2, 1, 7, 13, 0, 4]",1672.0,"[2, 5, 10, 8, 18, 14, 13, 16, 4, 19, 3, 17, 9, 6, 11, 12, 15, 1, 0, 7]",1368.0,0.7480127811431885
"[1, 16, 18, 12, 17, 11, 5, 0, 3, 19, 14, 10, 8, 4, 13, 6, 15, 2, 7, 9]",1613.5,"[2, 5, 10, 8, 18, 14, 13, 16, 4, 19, 3, 17, 9, 6, 11, 12, 15, 1, 0, 7]",1368.0,0.8140194416046143
"[16, 13, 1, 9, 19, 4, 6, 8, 14, 18, 12, 3, 15, 17, 5, 10, 7, 0, 11, 2]",1474.0,"[2, 5, 10, 8, 18, 14, 13, 16, 4, 19, 3, 17, 9, 6, 11, 12, 15, 1, 0, 7]",1368.0,0.877011775970459
"[15, 9, 5, 10, 14, 19, 4, 1, 8, 0, 11, 7, 16, 13, 12, 3, 17, 6, 2, 18]",1410.0,"[2, 5, 10, 8, 18, 14, 13, 16, 4, 19, 3, 17, 9, 6, 11, 12, 15, 1, 0, 7]",1368.0,0.9440107345581055
"[16, 14, 8, 10, 11, 18, 19, 17, 6, 9, 7, 1, 15, 2, 4, 5, 13, 3, 0, 12]",1379.0,"[2, 5, 10, 8, 18, 14, 13, 16, 4, 19, 3, 17, 9, 6, 11, 12, 15, 1, 0, 7]",1368.0,1.0100090503692627
"[15, 7, 9, 13, 2, 4, 0, 10, 16, 8, 6, 3, 17, 1, 18, 11, 12, 5, 14, 19]",1524.5,"[2, 5, 10, 8, 18, 14, 13, 16, 4, 19, 3, 17, 9, 6, 11, 12, 15, 1, 0, 7]",1368.0,1.0700128078460693
"[15, 8, 0, 6, 13, 16, 5, 11, 19, 2, 14, 1, 3, 9, 10, 7, 4, 17, 12, 18]",1461.0,"[2, 5, 10, 8, 18, 14, 13, 16, 4, 19, 3, 17, 9, 6, 11, 12, 15, 1, 0, 7]",1368.0,1.1320230960845947
"[0, 13, 7, 9, 14, 11, 6, 19, 15, 18, 8, 5, 4, 16, 10, 1, 12, 2, 3, 17]",1382.0,"[2, 5, 10, 8, 18, 14, 13, 16, 4, 19, 3, 17, 9, 6, 11, 12, 15, 1, 0, 7]",1368.0,1.197009563446045
"[3, 8, 13, 9, 18, 5, 17, 14, 4, 15, 1, 11, 0, 10, 6, 12, 2, 7, 16, 19]",1379.5,"[2, 5, 10, 8, 18, 14, 13, 16, 4, 19, 3, 17, 9, 6, 11, 12, 15, 1, 0, 7]",1368.0,1.2650110721588135
"[7, 1, 3, 5, 18, 6, 4, 17, 9, 19, 2, 14, 8, 16, 11, 15, 12, 10, 0, 13]",1477.5,"[2, 5, 10, 8, 18, 14, 13, 16, 4, 19, 3, 17, 9, 6, 11, 12, 15, 1, 0, 7]",1368.0,1.3430290222167969
"[8, 16, 2, 17, 7, 15, 1, 19, 11, 0, 3, 13, 4, 6, 18, 12, 14, 5, 9, 10]",1667.5,"[2, 5, 10, 8, 18, 14, 13, 16, 4, 19, 3, 17, 9, 6, 11, 12, 15, 1, 0, 7]",1368.0,1.4121780395507812
"[11, 13, 9, 2, 6, 15, 7, 10, 16, 14, 5, 18, 4, 1, 12, 0, 3, 8, 19, 17]",1403.5,"[2, 5, 10, 8, 18, 14, 13, 16, 4, 19, 3, 17, 9, 6, 11, 12, 15, 1, 0, 7]",1368.0,1.481015920639038
"[11, 4, 8, 19, 18, 10, 6, 14, 5, 16, 7, 0, 2, 12, 13, 15, 1, 9, 17, 3]",1446.5,"[2, 5, 10, 8, 18, 14, 13, 16, 4, 19, 3, 17, 9, 6, 11, 12, 15, 1, 0, 7]",1368.0,1.55202054977417
"[11, 5, 12, 0, 15, 10, 2, 4, 13, 1, 7, 9, 3, 18, 6, 17, 16, 14, 8, 19]",1453.5,"[2, 5, 10, 8, 18, 14, 13, 16, 4, 19, 3, 17, 9, 6, 11, 12, 15, 1, 0, 7]",1368.0,1.6160597801208496
"[16, 1, 15, 9, 10, 7, 6, 17, 2, 5, 13, 19, 12, 0, 3, 11, 14, 18, 8, 4]",1491.5,"[2, 5, 10, 8, 18, 14, 13, 16, 4, 19, 3, 17, 9, 6, 11, 12, 15, 1, 0, 7]",1368.0,1.6750354766845703
"[16, 10, 12, 3, 7, 17, 18, 0, 8, 15, 11, 1, 2, 6, 9, 4, 14, 13, 19, 5]",1637.0,"[2, 5, 10, 8, 18, 14, 13, 16, 4, 19, 3, 17, 9, 6, 11, 12, 15, 1, 0, 7]",1368.0,1.7390162944793701
"[16, 14, 5, 2, 12, 3, 7, 18, 9, 4, 10, 1, 19, 0, 11, 8, 15, 13, 17, 6]",1517.5,"[2, 5, 10, 8, 18, 14, 13, 16, 4, 19, 3, 17, 9, 6, 11, 12, 15, 1, 0, 7]",1368.0,1.802018165588379
"[14, 11, 4, 19, 9, 10, 7, 13, 18, 2, 5, 1, 15, 16, 17, 8, 3, 0, 12, 6]",1372.0,"[2, 5, 10, 8, 18, 14, 13, 16, 4, 19, 3, 17, 9, 6, 11, 12, 15, 1, 0, 7]",1368.0,1.8690197467803955
"[19, 15, 10, 16, 6, 7, 14, 5, 17, 3, 8, 0, 13, 9, 2, 4, 12, 1, 11, 18]",1378.5,"[2, 5, 10, 8, 18, 14, 13, 16, 4, 19, 3, 17, 9, 6, 11, 12, 15, 1, 0, 7]",1368.0,1.9380197525024414
"[13, 19, 12, 5, 0, 17, 9, 18, 7, 1, 11, 16, 15, 2, 14, 6, 4, 3, 10, 8]",1411.5,"[2, 5, 10, 8, 18, 14, 13, 16, 4, 19, 3, 17, 9, 6, 11, 12, 15, 1, 0, 7]",1368.0,2.0040204524993896
"[14, 15, 3, 11, 5, 12, 7, 18, 17, 10, 4, 8, 1, 16, 13, 2, 19, 6, 9, 0]",1508.0,"[2, 5, 10, 8, 18, 14, 13, 16, 4, 19, 3, 17, 9, 6, 11, 12, 15, 1, 0, 7]",1368.0,2.0780246257781982
"[4, 14, 19, 18, 10, 1, 13, 17, 16, 0, 11, 8, 9, 3, 15, 5, 2, 7, 6, 12]",1464.0,"[2, 5, 10, 8, 18, 14, 13, 16, 4, 19, 3, 17, 9, 6, 11, 12, 15, 1, 0, 7]",1368.0,2.14202880859375
"[18, 9, 19, 6, 17, 4, 14, 7, 15, 8, 3, 12, 16, 11, 5, 13, 1, 0, 10, 2]",1592.5,"[2, 5, 10, 8, 18, 14, 13, 16, 4, 19, 3, 17, 9, 6, 11, 12, 15, 1, 0, 7]",1368.0,2.212052822113037
"[0, 4, 15, 7, 16, 1, 11, 12, 19, 5, 17, 10, 18, 3, 8, 6, 14, 9, 2, 13]",1647.0,"[2, 5, 10, 8, 18, 14, 13, 16, 4, 19, 3, 17, 9, 6, 11, 12, 15, 1, 0, 7]",1368.0,2.2810239791870117
"[9, 8, 16, 4, 10, 2, 5, 0, 6, 17, 13, 14, 1, 7, 15, 3, 19, 18, 11, 12]",1399.5,"[2, 5, 10, 8, 18, 14, 13, 16, 4, 19, 3, 17, 9, 6, 11, 12, 15, 1, 0, 7]",1368.0,2.3470280170440674
"[8, 9, 0, 7, 2, 3, 14, 17, 15, 12, 11, 6, 16, 5, 19, 10, 1, 18, 13, 4]",1616.5,"[2, 5, 10, 8, 18, 14, 13, 16, 4, 19, 3, 17, 9, 6, 11, 12, 15, 1, 0, 7]",1368.0,2.411038637161255
"[10, 17, 5, 19, 16, 14, 3, 7, 1, 8, 18, 9, 15, 0, 6, 2, 4, 11, 13, 12]",1434.0,"[2, 5, 10, 8, 18, 14, 13, 16, 4, 19, 3, 17, 9, 6, 11, 12, 15, 1, 0, 7]",1368.0,2.4780309200286865
"[19, 4, 12, 8, 10, 2, 11, 13, 1, 9, 3, 18, 0, 7, 5, 17, 6, 16, 15, 14]",1561.5,"[2, 5, 10, 8, 18, 14, 13, 16, 4, 19, 3, 17, 9, 6, 11, 12, 15, 1, 0, 7]",1368.0,2.5460338592529297
"[18, 12, 13, 8, 17, 11, 2, 4, 7, 0, 5, 6, 19, 10, 16, 14, 1, 15, 9, 3]",1399.0,"[2, 5, 10, 8, 18, 14, 13, 16, 4, 19, 3, 17, 9, 6, 11, 12, 15, 1, 0, 7]",1368.0,2.5590620040893555
"[8, 0, 10, 7, 19, 1, 6, 9, 14, 15, 5, 11, 18, 17, 16, 3, 4, 2, 13, 12]",1485.5,"[2, 5, 10, 8, 18, 14, 13, 16, 4, 19, 3, 17, 9, 6, 11, 12, 15, 1, 0, 7]",1368.0,2.6963493824005127
"[0, 16, 7, 3, 19, 11, 1, 5, 8, 4, 2, 15, 10, 17, 12, 9, 13, 18, 6, 14]",1609.0,"[2, 5, 10, 8, 18, 14, 13, 16, 4, 19, 3, 17, 9, 6, 11, 12, 15, 1, 0, 7]",1368.0,2.767045021057129
"[15, 4, 10, 18, 0, 12, 5, 2, 1, 16, 7, 17, 13, 6, 19, 9, 14, 11, 8, 3]",1413.5,"[2, 5, 10, 8, 18, 14, 13, 16, 4, 19, 3, 17, 9, 6, 11, 12, 15, 1, 0, 7]",1368.0,2.8320634365081787
"[3, 5, 15, 10, 17, 8, 1, 19, 11, 0, 14, 16, 2, 7, 4, 12, 18, 6, 9, 13]",1603.5,"[2, 5, 10, 8, 18, 14, 13, 16, 4, 19, 3, 17, 9, 6, 11, 12, 15, 1, 0, 7]",1368.0,2.9000375270843506
"[13, 3, 17, 19, 18, 1, 5, 14, 7, 6, 15, 0, 9, 11, 10, 4, 12, 8, 16, 2]",1400.0,"[2, 5, 10, 8, 18, 14, 13, 16, 4, 19, 3, 17, 9, 6, 11, 12, 15, 1, 0, 7]",1368.0,2.9640347957611084
"[10, 8, 19, 15, 14, 4, 16, 6, 2, 7, 3, 5, 12, 11, 17, 18, 13, 9, 0, 1]",1566.5,"[2, 5, 10, 8, 18, 14, 13, 16, 4, 19, 3, 17, 9, 6, 11, 12, 15, 1, 0, 7]",1368.0,3.035036563873291
"[0, 13, 7, 10, 4, 6, 11, 15, 16, 3, 1, 2, 19, 12, 18, 9, 17, 8, 14, 5]",1673.0,"[2, 5, 10, 8, 18, 14, 13, 16, 4, 19, 3, 17, 9, 6, 11, 12, 15, 1, 0, 7]",1368.0,3.0980639457702637
"[14, 16, 11, 9, 0, 13, 19, 18, 15, 6, 5, 7, 4, 10, 2, 3, 1, 17, 8, 12]",1427.5,"[2, 5, 10, 8, 18, 14, 13, 16, 4, 19, 3, 17, 9, 6, 11, 12, 15, 1, 0, 7]",1368.0,3.1620395183563232
"[14, 15, 10, 18, 3, 4, 17, 16, 11, 0, 9, 13, 8, 19, 12, 5, 7, 1, 2, 6]",1532.5,"[2, 5, 10, 8, 18, 14, 13, 16, 4, 19, 3, 17, 9, 6, 11, 12, 15, 1, 0, 7]",1368.0,3.231048583984375
"[0, 18, 19, 13, 3, 16, 11, 8, 12, 5, 6, 10, 1, 4, 9, 17, 2, 15, 14, 7]",1618.0,"[2, 5, 10, 8, 18, 14, 13, 16, 4, 19, 3, 17, 9, 6, 11, 12, 15, 1, 0, 7]",1368.0,3.2960410118103027
"[15, 1, 13, 5, 11, 7, 4, 17, 2, 18, 6, 9, 12, 8, 0, 3, 10, 16, 14, 19]",1435.0,"[2, 5, 10, 8, 18, 14, 13, 16, 4, 19, 3, 17, 9, 6, 11, 12, 15, 1, 0, 7]",1368.0,3.3620429039001465
"[1, 5, 3, 8, 9, 6, 10, 4, 18, 19, 0, 7, 11, 15, 13, 14, 16, 2, 17, 12]",1463.0,"[2, 5, 10, 8, 18, 14, 13, 16, 4, 19, 3, 17, 9, 6, 11, 12, 15, 1, 0, 7]",1368.0,3.4300389289855957
"[18, 16, 13, 2, 5, 0, 4, 11, 3, 6, 10, 8, 15, 1, 14, 17, 7, 12, 19, 9]",1486.0,"[2, 5, 10, 8, 18, 14, 13, 16, 4, 19, 3, 17, 9, 6, 11, 12, 15, 1, 0, 7]",1368.0,3.4940378665924072
"[3, 17, 18, 15, 8, 0, 6, 13, 16, 11, 19, 4, 1, 7, 10, 14, 5, 2, 9, 12]",1491.5,"[2, 5, 10, 8, 18, 14, 13, 16, 4, 19, 3, 17, 9, 6, 11, 12, 15, 1, 0, 7]",1368.0,3.5620436668395996
"[8, 5, 4, 0, 13, 19, 14, 7, 9, 6, 2, 15, 1, 12, 17, 16, 10, 3, 11, 18]",1382.5,"[2, 5, 10, 8, 18, 14, 13, 16, 4, 19, 3, 17, 9, 6, 11, 12, 15, 1, 0, 7]",1368.0,3.62604022026062
"[14, 16, 12, 15, 10, 8, 9, 5, 13, 4, 19, 6, 17, 7, 2, 11, 1, 0, 3, 18]",1367.0,"[2, 5, 10, 8, 18, 14, 13, 16, 4, 19, 3, 17, 9, 6, 11, 12, 15, 1, 0, 7]",1368.0,3.6950466632843018
"[19, 9, 11, 7, 3, 2, 6, 18, 5, 14, 12, 10, 13, 1, 17, 0, 16, 8, 15, 4]",1546.0,"[14, 16, 12, 15, 10, 8, 9, 5, 13, 4, 19, 6, 17, 7, 2, 11, 1, 0, 3, 18]",1367.0,3.7610433101654053
"[9, 12, 16, 7, 5, 8, 11, 4, 2, 3, 19, 18, 0, 10, 1, 13, 14, 15, 17, 6]",1529.5,"[14, 16, 12, 15, 10, 8, 9, 5, 13, 4, 19, 6, 17, 7, 2, 11, 1, 0, 3, 18]",1367.0,3.8310439586639404
"[12, 15, 18, 9, 16, 1, 17, 13, 5, 3, 11, 8, 10, 19, 0, 7, 2, 14, 6, 4]",1449.5,"[14, 16, 12, 15, 10, 8, 9, 5, 13, 4, 19, 6, 17, 7, 2, 11, 1, 0, 3, 18]",1367.0,3.898045063018799
"[3, 4, 19, 12, 1, 14, 6, 10, 0, 13, 2, 16, 15, 8, 7, 11, 18, 5, 9, 17]",1644.5,"[14, 16, 12, 15, 10, 8, 9, 5, 13, 4, 19, 6, 17, 7, 2, 11, 1, 0, 3, 18]",1367.0,3.9640488624572754
"[5, 10, 16, 18, 0, 2, 9, 15, 17, 11, 12, 19, 1, 4, 3, 7, 13, 6, 14, 8]",1549.5,"[14, 16, 12, 15, 10, 8, 9, 5, 13, 4, 19, 6, 17, 7, 2, 11, 1, 0, 3, 18]",1367.0,4.026046991348267
"[12, 7, 0, 1, 5, 8, 9, 17, 16, 15, 6, 14, 10, 4, 13, 19, 3, 2, 11, 18]",1375.5,"[14, 16, 12, 15, 10, 8, 9, 5, 13, 4, 19, 6, 17, 7, 2, 11, 1, 0, 3, 18]",1367.0,4.09904670715332
"[13, 16, 15, 6, 11, 1, 9, 4, 8, 5, 10, 17, 2, 0, 7, 14, 19, 12, 3, 18]",1377.5,"[14, 16, 12, 15, 10, 8, 9, 5, 13, 4, 19, 6, 17, 7, 2, 11, 1, 0, 3, 18]",1367.0,4.166061162948608
"[12, 8, 2, 9, 13, 5, 11, 19, 18, 1, 10, 3, 7, 0, 15, 17, 14, 16, 6, 4]",1422.0,"[14, 16, 12, 15, 10, 8, 9, 5, 13, 4, 19, 6, 17, 7, 2, 11, 1, 0, 3, 18]",1367.0,4.231054306030273
"[12, 17, 19, 7, 5, 6, 2, 15, 13, 14, 18, 0, 9, 16, 11, 4, 3, 1, 8, 10]",1338.0,"[14, 16, 12, 15, 10, 8, 9, 5, 13, 4, 19, 6, 17, 7, 2, 11, 1, 0, 3, 18]",1367.0,4.295074462890625
"[13, 4, 3, 12, 0, 15, 14, 9, 7, 6, 18, 11, 19, 17, 16, 10, 2, 1, 5, 8]",1570.5,"[12, 17, 19, 7, 5, 6, 2, 15, 13, 14, 18, 0, 9, 16, 11, 4, 3, 1, 8, 10]",1338.0,4.35705304145813
"[19, 15, 7, 14, 17, 3, 6, 8, 12, 5, 0, 1, 18, 2, 9, 10, 4, 11, 13, 16]",1555.5,"[12, 17, 19, 7, 5, 6, 2, 15, 13, 14, 18, 0, 9, 16, 11, 4, 3, 1, 8, 10]",1338.0,4.424053907394409
"[16, 14, 8, 4, 0, 11, 3, 12, 5, 6, 17, 9, 2, 1, 18, 15, 13, 10, 7, 19]",1586.5,"[12, 17, 19, 7, 5, 6, 2, 15, 13, 14, 18, 0, 9, 16, 11, 4, 3, 1, 8, 10]",1338.0,4.492056131362915
"[8, 13, 9, 5, 2, 10, 18, 19, 12, 4, 1, 7, 17, 6, 14, 11, 3, 0, 15, 16]",1323.0,"[12, 17, 19, 7, 5, 6, 2, 15, 13, 14, 18, 0, 9, 16, 11, 4, 3, 1, 8, 10]",1338.0,4.558058261871338
"[4, 0, 18, 13, 12, 16, 7, 2, 3, 11, 1, 6, 8, 5, 14, 15, 10, 9, 17, 19]",1525.0,"[8, 13, 9, 5, 2, 10, 18, 19, 12, 4, 1, 7, 17, 6, 14, 11, 3, 0, 15, 16]",1323.0,4.624068260192871
"[2, 1, 4, 7, 11, 10, 19, 5, 15, 17, 3, 6, 14, 13, 9, 12, 0, 8, 18, 16]",1525.5,"[8, 13, 9, 5, 2, 10, 18, 19, 12, 4, 1, 7, 17, 6, 14, 11, 3, 0, 15, 16]",1323.0,4.695055961608887
"[9, 13, 11, 1, 4, 15, 8, 16, 19, 14, 2, 18, 7, 3, 17, 12, 10, 5, 0, 6]",1490.5,"[8, 13, 9, 5, 2, 10, 18, 19, 12, 4, 1, 7, 17, 6, 14, 11, 3, 0, 15, 16]",1323.0,4.756058692932129
"[12, 15, 13, 3, 17, 19, 14, 18, 6, 1, 0, 4, 2, 10, 16, 7, 8, 11, 9, 5]",1669.5,"[8, 13, 9, 5, 2, 10, 18, 19, 12, 4, 1, 7, 17, 6, 14, 11, 3, 0, 15, 16]",1323.0,4.821051359176636
"[4, 14, 2, 17, 5, 19, 1, 13, 9, 18, 8, 3, 15, 11, 16, 10, 7, 0, 12, 6]",1376.0,"[8, 13, 9, 5, 2, 10, 18, 19, 12, 4, 1, 7, 17, 6, 14, 11, 3, 0, 15, 16]",1323.0,4.885085344314575
"[17, 11, 18, 4, 6, 7, 12, 19, 13, 3, 0, 5, 10, 14, 16, 8, 1, 15, 9, 2]",1607.5,"[8, 13, 9, 5, 2, 10, 18, 19, 12, 4, 1, 7, 17, 6, 14, 11, 3, 0, 15, 16]",1323.0,4.952129602432251
"[15, 0, 16, 5, 14, 17, 1, 4, 19, 2, 7, 8, 10, 13, 3, 9, 11, 12, 6, 18]",1399.0,"[8, 13, 9, 5, 2, 10, 18, 19, 12, 4, 1, 7, 17, 6, 14, 11, 3, 0, 15, 16]",1323.0,5.017061471939087
"[0, 15, 19, 10, 5, 14, 2, 7, 12, 13, 4, 1, 3, 6, 16, 9, 17, 11, 18, 8]",1433.5,"[8, 13, 9, 5, 2, 10, 18, 19, 12, 4, 1, 7, 17, 6, 14, 11, 3, 0, 15, 16]",1323.0,5.078096628189087
"[2, 13, 4, 17, 9, 5, 0, 1, 8, 16, 11, 14, 19, 6, 15, 12, 18, 7, 3, 10]",1359.5,"[8, 13, 9, 5, 2, 10, 18, 19, 12, 4, 1, 7, 17, 6, 14, 11, 3, 0, 15, 16]",1323.0,5.14307427406311
"[12, 4, 18, 9, 15, 3, 6, 2, 17, 16, 0, 13, 11, 7, 5, 19, 14, 10, 8, 1]",1542.0,"[8, 13, 9, 5, 2, 10, 18, 19, 12, 4, 1, 7, 17, 6, 14, 11, 3, 0, 15, 16]",1323.0,5.20908260345459
"[12, 3, 4, 9, 16, 14, 19, 7, 10, 13, 2, 18, 1, 11, 6, 0, 15, 17, 5, 8]",1590.5,"[8, 13, 9, 5, 2, 10, 18, 19, 12, 4, 1, 7, 17, 6, 14, 11, 3, 0, 15, 16]",1323.0,5.277069330215454
"[16, 4, 13, 2, 5, 17, 18, 7, 6, 1, 10, 11, 9, 0, 14, 19, 3, 15, 8, 12]",1398.0,"[8, 13, 9, 5, 2, 10, 18, 19, 12, 4, 1, 7, 17, 6, 14, 11, 3, 0, 15, 16]",1323.0,5.339064121246338
"[5, 12, 15, 0, 10, 1, 9, 4, 17, 13, 2, 6, 18, 19, 16, 3, 11, 8, 14, 7]",1435.0,"[8, 13, 9, 5, 2, 10, 18, 19, 12, 4, 1, 7, 17, 6, 14, 11, 3, 0, 15, 16]",1323.0,5.402087926864624
"[17, 11, 18, 15, 10, 1, 5, 9, 19, 3, 13, 12, 7, 0, 8, 16, 6, 14, 2, 4]",1466.0,"[8, 13, 9, 5, 2, 10, 18, 19, 12, 4, 1, 7, 17, 6, 14, 11, 3, 0, 15, 16]",1323.0,5.466076850891113
"[12, 11, 3, 8, 15, 2, 7, 4, 6, 19, 16, 0, 18, 10, 13, 5, 17, 9, 1, 14]",1631.0,"[8, 13, 9, 5, 2, 10, 18, 19, 12, 4, 1, 7, 17, 6, 14, 11, 3, 0, 15, 16]",1323.0,5.535066366195679
"[11, 14, 19, 15, 3, 5, 1, 10, 17, 4, 8, 0, 7, 16, 18, 2, 6, 12, 13, 9]",1621.0,"[8, 13, 9, 5, 2, 10, 18, 19, 12, 4, 1, 7, 17, 6, 14, 11, 3, 0, 15, 16]",1323.0,5.6081507205963135
"[2, 3, 10, 13, 5, 11, 16, 7, 9, 19, 14, 6, 4, 8, 18, 15, 0, 17, 12, 1]",1412.0,"[8, 13, 9, 5, 2, 10, 18, 19, 12, 4, 1, 7, 17, 6, 14, 11, 3, 0, 15, 16]",1323.0,5.672070026397705
"[11, 14, 15, 19, 7, 8, 13, 12, 10, 18, 0, 17, 5, 2, 3, 1, 9, 4, 16, 6]",1495.5,"[8, 13, 9, 5, 2, 10, 18, 19, 12, 4, 1, 7, 17, 6, 14, 11, 3, 0, 15, 16]",1323.0,5.74107027053833
"[19, 18, 6, 16, 4, 13, 17, 1, 9, 5, 8, 2, 7, 12, 0, 3, 11, 15, 14, 10]",1398.5,"[8, 13, 9, 5, 2, 10, 18, 19, 12, 4, 1, 7, 17, 6, 14, 11, 3, 0, 15, 16]",1323.0,5.804075479507446
"[12, 6, 18, 17, 10, 16, 9, 3, 1, 19, 2, 0, 5, 15, 11, 7, 8, 14, 13, 4]",1613.0,"[8, 13, 9, 5, 2, 10, 18, 19, 12, 4, 1, 7, 17, 6, 14, 11, 3, 0, 15, 16]",1323.0,5.868075847625732
"[14, 2, 1, 5, 11, 10, 4, 6, 19, 13, 8, 9, 16, 7, 0, 12, 18, 15, 3, 17]",1377.5,"[8, 13, 9, 5, 2, 10, 18, 19, 12, 4, 1, 7, 17, 6, 14, 11, 3, 0, 15, 16]",1323.0,5.93606972694397
"[4, 2, 9, 12, 8, 17, 16, 7, 3, 19, 6, 0, 5, 10, 13, 15, 18, 1, 11, 14]",1554.0,"[8, 13, 9, 5, 2, 10, 18, 19, 12, 4, 1, 7, 17, 6, 14, 11, 3, 0, 15, 16]",1323.0,5.998088359832764
"[4, 18, 3, 19, 0, 15, 11, 9, 17, 14, 12, 5, 6, 10, 2, 16, 7, 1, 13, 8]",1681.5,"[8, 13, 9, 5, 2, 10, 18, 19, 12, 4, 1, 7, 17, 6, 14, 11, 3, 0, 15, 16]",1323.0,6.060083627700806
"[5, 8, 0, 4, 15, 11, 7, 3, 6, 17, 2, 18, 16, 1, 13, 9, 10, 14, 12, 19]",1390.0,"[8, 13, 9, 5, 2, 10, 18, 19, 12, 4, 1, 7, 17, 6, 14, 11, 3, 0, 15, 16]",1323.0,6.158071994781494
"[10, 7, 5, 19, 4, 8, 17, 18, 15, 2, 13, 9, 16, 0, 1, 12, 3, 14, 11, 6]",1392.0,"[8, 13, 9, 5, 2, 10, 18, 19, 12, 4, 1, 7, 17, 6, 14, 11, 3, 0, 15, 16]",1323.0,6.223074913024902
"[16, 18, 17, 2, 3, 15, 7, 0, 11, 19, 12, 6, 9, 13, 8, 5, 14, 10, 4, 1]",1699.5,"[8, 13, 9, 5, 2, 10, 18, 19, 12, 4, 1, 7, 17, 6, 14, 11, 3, 0, 15, 16]",1323.0,6.283093214035034
"[0, 15, 12, 7, 17, 8, 11, 9, 10, 6, 5, 19, 3, 1, 4, 13, 2, 18, 16, 14]",1544.0,"[8, 13, 9, 5, 2, 10, 18, 19, 12, 4, 1, 7, 17, 6, 14, 11, 3, 0, 15, 16]",1323.0,6.349112510681152
"[13, 18, 4, 5, 10, 11, 14, 12, 3, 2, 0, 15, 19, 7, 8, 17, 16, 1, 6, 9]",1488.5,"[8, 13, 9, 5, 2, 10, 18, 19, 12, 4, 1, 7, 17, 6, 14, 11, 3, 0, 15, 16]",1323.0,6.413085699081421
"[0, 4, 17, 6, 15, 14, 7, 19, 12, 2, 5, 10, 13, 9, 8, 18, 1, 11, 3, 16]",1418.0,"[8, 13, 9, 5, 2, 10, 18, 19, 12, 4, 1, 7, 17, 6, 14, 11, 3, 0, 15, 16]",1323.0,6.478078365325928
"[8, 17, 2, 10, 9, 4, 3, 14, 6, 1, 19, 5, 11, 7, 13, 18, 12, 15, 16, 0]",1463.5,"[8, 13, 9, 5, 2, 10, 18, 19, 12, 4, 1, 7, 17, 6, 14, 11, 3, 0, 15, 16]",1323.0,6.54707932472229
"[15, 10, 5, 11, 14, 1, 13, 0, 9, 6, 16, 7, 19, 8, 17, 2, 4, 12, 3, 18]",1401.0,"[8, 13, 9, 5, 2, 10, 18, 19, 12, 4, 1, 7, 17, 6, 14, 11, 3, 0, 15, 16]",1323.0,6.615116357803345
"[8, 19, 17, 13, 9, 16, 11, 15, 2, 12, 4, 6, 14, 0, 18, 3, 7, 1, 10, 5]",1542.5,"[8, 13, 9, 5, 2, 10, 18, 19, 12, 4, 1, 7, 17, 6, 14, 11, 3, 0, 15, 16]",1323.0,6.6770851612091064
"[16, 9, 6, 18, 4, 13, 8, 17, 5, 10, 15, 11, 1, 19, 14, 0, 2, 3, 12, 7]",1367.0,"[8, 13, 9, 5, 2, 10, 18, 19, 12, 4, 1, 7, 17, 6, 14, 11, 3, 0, 15, 16]",1323.0,6.737087726593018
"[5, 6, 8, 9, 0, 10, 18, 3, 14, 4, 19, 13, 12, 2, 1, 7, 11, 15, 17, 16]",1399.0,"[8, 13, 9, 5, 2, 10, 18, 19, 12, 4, 1, 7, 17, 6, 14, 11, 3, 0, 15, 16]",1323.0,6.797080993652344
"[7, 9, 18, 6, 12, 4, 1, 15, 5, 10, 0, 16, 3, 17, 13, 11, 14, 19, 2, 8]",1444.0,"[8, 13, 9, 5, 2, 10, 18, 19, 12, 4, 1, 7, 17, 6, 14, 11, 3, 0, 15, 16]",1323.0,6.859085559844971
"[11, 7, 16, 12, 10, 9, 5, 1, 3, 18, 17, 19, 13, 0, 15, 2, 6, 4, 8, 14]",1533.5,"[8, 13, 9, 5, 2, 10, 18, 19, 12, 4, 1, 7, 17, 6, 14, 11, 3, 0, 15, 16]",1323.0,6.927084445953369
"[7, 15, 10, 1, 2, 17, 8, 18, 9, 6, 4, 3, 0, 11, 14, 16, 12, 5, 13, 19]",1577.0,"[8, 13, 9, 5, 2, 10, 18, 19, 12, 4, 1, 7, 17, 6, 14, 11, 3, 0, 15, 16]",1323.0,6.995083332061768
"[7, 6, 3, 5, 17, 12, 1, 19, 15, 16, 9, 2, 13, 8, 10, 0, 14, 11, 4, 18]",1484.0,"[8, 13, 9, 5, 2, 10, 18, 19, 12, 4, 1, 7, 17, 6, 14, 11, 3, 0, 15, 16]",1323.0,7.06008768081665
"[10, 5, 11, 9, 1, 15, 12, 19, 13, 2, 3, 18, 6, 14, 17, 16, 8, 4, 0, 7]",1466.5,"[8, 13, 9, 5, 2, 10, 18, 19, 12, 4, 1, 7, 17, 6, 14, 11, 3, 0, 15, 16]",1323.0,7.127086400985718
"[19, 3, 5, 18, 2, 8, 13, 7, 0, 6, 11, 4, 17, 9, 12, 15, 1, 16, 14, 10]",1446.0,"[8, 13, 9, 5, 2, 10, 18, 19, 12, 4, 1, 7, 17, 6, 14, 11, 3, 0, 15, 16]",1323.0,7.190083980560303
"[18, 19, 3, 14, 17, 12, 1, 15, 7, 10, 9, 6, 8, 11, 16, 0, 2, 13, 5, 4]",1648.5,"[8, 13, 9, 5, 2, 10, 18, 19, 12, 4, 1, 7, 17, 6, 14, 11, 3, 0, 15, 16]",1323.0,7.2580883502960205
"[19, 15, 13, 5, 8, 6, 12, 9, 14, 3, 10, 7, 17, 1, 2, 18, 16, 4, 11, 0]",1364.5,"[8, 13, 9, 5, 2, 10, 18, 19, 12, 4, 1, 7, 17, 6, 14, 11, 3, 0, 15, 16]",1323.0,7.323086977005005
"[9, 16, 1, 10, 19, 0, 12, 18, 2, 4, 15, 3, 6, 8, 13, 17, 11, 5, 7, 14]",1573.0,"[8, 13, 9, 5, 2, 10, 18, 19, 12, 4, 1, 7, 17, 6, 14, 11, 3, 0, 15, 16]",1323.0,7.383086204528809
"[6, 12, 14, 3, 16, 19, 0, 17, 5, 9, 4, 1, 8, 7, 18, 13, 10, 15, 11, 2]",1531.5,"[8, 13, 9, 5, 2, 10, 18, 19, 12, 4, 1, 7, 17, 6, 14, 11, 3, 0, 15, 16]",1323.0,7.448092937469482
"[6, 18, 16, 0, 10, 12, 13, 9, 1, 2, 5, 17, 19, 14, 3, 4, 7, 8, 15, 11]",1428.5,"[8, 13, 9, 5, 2, 10, 18, 19, 12, 4, 1, 7, 17, 6, 14, 11, 3, 0, 15, 16]",1323.0,7.510091543197632
"[15, 5, 19, 6, 10, 1, 16, 7, 14, 8, 3, 9, 0, 13, 4, 12, 17, 18, 11, 2]",1404.0,"[8, 13, 9, 5, 2, 10, 18, 19, 12, 4, 1, 7, 17, 6, 14, 11, 3, 0, 15, 16]",1323.0,7.573090553283691
"[5, 7, 15, 16, 19, 14, 0, 8, 17, 9, 12, 4, 2, 18, 10, 3, 13, 6, 1, 11]",1432.0,"[8, 13, 9, 5, 2, 10, 18, 19, 12, 4, 1, 7, 17, 6, 14, 11, 3, 0, 15, 16]",1323.0,7.63608980178833
"[19, 10, 16, 15, 7, 14, 3, 13, 5, 1, 6, 12, 8, 9, 18, 0, 2, 11, 17, 4]",1402.0,"[8, 13, 9, 5, 2, 10, 18, 19, 12, 4, 1, 7, 17, 6, 14, 11, 3, 0, 15, 16]",1323.0,7.705091953277588
"[10, 8, 7, 18, 19, 2, 16, 4, 17, 9, 12, 6, 1, 5, 15, 13, 14, 3, 11, 0]",1343.5,"[8, 13, 9, 5, 2, 10, 18, 19, 12, 4, 1, 7, 17, 6, 14, 11, 3, 0, 15, 16]",1323.0,7.771092414855957
"[17, 6, 4, 2, 3, 19, 11, 8, 15, 14, 5, 9, 13, 7, 12, 10, 18, 0, 1, 16]",1529.0,"[8, 13, 9, 5, 2, 10, 18, 19, 12, 4, 1, 7, 17, 6, 14, 11, 3, 0, 15, 16]",1323.0,7.839093923568726
"[5, 13, 17, 6, 2, 19, 4, 12, 9, 8, 15, 14, 18, 3, 16, 0, 1, 10, 7, 11]",1370.5,"[8, 13, 9, 5, 2, 10, 18, 19, 12, 4, 1, 7, 17, 6, 14, 11, 3, 0, 15, 16]",1323.0,7.901098012924194
"[11, 3, 17, 10, 8, 14, 9, 15, 6, 13, 18, 4, 5, 12, 16, 0, 19, 2, 7, 1]",1429.0,"[8, 13, 9, 5, 2, 10, 18, 19, 12, 4, 1, 7, 17, 6, 14, 11, 3, 0, 15, 16]",1323.0,7.972099542617798
"[11, 16, 4, 10, 13, 9, 0, 15, 6, 3, 12, 1, 17, 7, 18, 8, 14, 19, 2, 5]",1636.0,"[8, 13, 9, 5, 2, 10, 18, 19, 12, 4, 1, 7, 17, 6, 14, 11, 3, 0, 15, 16]",1323.0,8.03710412979126
"[4, 0, 9, 12, 17, 13, 3, 14, 7, 5, 10, 6, 2, 11, 8, 15, 16, 19, 18, 1]",1457.5,"[8, 13, 9, 5, 2, 10, 18, 19, 12, 4, 1, 7, 17, 6, 14, 11, 3, 0, 15, 16]",1323.0,8.100103855133057
"[16, 11, 12, 7, 2, 3, 14, 5, 18, 17, 4, 6, 0, 19, 8, 15, 13, 1, 9, 10]",1615.0,"[8, 13, 9, 5, 2, 10, 18, 19, 12, 4, 1, 7, 17, 6, 14, 11, 3, 0, 15, 16]",1323.0,8.167101860046387
"[6, 0, 11, 2, 4, 17, 13, 10, 3, 7, 14, 9, 18, 15, 5, 16, 12, 19, 1, 8]",1493.5,"[8, 13, 9, 5, 2, 10, 18, 19, 12, 4, 1, 7, 17, 6, 14, 11, 3, 0, 15, 16]",1323.0,8.231103420257568
"[16, 2, 19, 4, 15, 7, 6, 9, 1, 14, 11, 17, 0, 8, 18, 13, 5, 3, 12, 10]",1432.5,"[8, 13, 9, 5, 2, 10, 18, 19, 12, 4, 1, 7, 17, 6, 14, 11, 3, 0, 15, 16]",1323.0,8.291151762008667
"[18, 10, 13, 0, 15, 4, 3, 2, 6, 14, 7, 5, 17, 16, 1, 11, 8, 9, 12, 19]",1461.0,"[8, 13, 9, 5, 2, 10, 18, 19, 12, 4, 1, 7, 17, 6, 14, 11, 3, 0, 15, 16]",1323.0,8.351101636886597
"[15, 8, 3, 4, 1, 5, 2, 11, 6, 14, 9, 16, 10, 17, 18, 13, 7, 19, 0, 12]",1417.5,"[8, 13, 9, 5, 2, 10, 18, 19, 12, 4, 1, 7, 17, 6, 14, 11, 3, 0, 15, 16]",1323.0,8.421107530593872
"[15, 1, 0, 17, 6, 16, 5, 8, 18, 14, 7, 19, 11, 13, 3, 9, 4, 12, 10, 2]",1444.0,"[8, 13, 9, 5, 2, 10, 18, 19, 12, 4, 1, 7, 17, 6, 14, 11, 3, 0, 15, 16]",1323.0,8.485107183456421
"[5, 0, 16, 14, 4, 17, 2, 1, 10, 12, 11, 7, 6, 19, 9, 13, 3, 8, 18, 15]",1479.0,"[8, 13, 9, 5, 2, 10, 18, 19, 12, 4, 1, 7, 17, 6, 14, 11, 3, 0, 15, 16]",1323.0,8.549108505249023
"[5, 16, 6, 4, 8, 17, 7, 11, 14, 15, 3, 1, 2, 18, 19, 0, 9, 13, 12, 10]",1458.5,"[8, 13, 9, 5, 2, 10, 18, 19, 12, 4, 1, 7, 17, 6, 14, 11, 3, 0, 15, 16]",1323.0,8.613125085830688
"[18, 17, 14, 6, 2, 12, 16, 13, 4, 10, 1, 9, 7, 11, 5, 3, 0, 19, 15, 8]",1459.5,"[8, 13, 9, 5, 2, 10, 18, 19, 12, 4, 1, 7, 17, 6, 14, 11, 3, 0, 15, 16]",1323.0,8.676109075546265
"[11, 4, 17, 13, 10, 18, 19, 15, 1, 0, 9, 7, 16, 14, 12, 5, 8, 2, 6, 3]",1465.0,"[8, 13, 9, 5, 2, 10, 18, 19, 12, 4, 1, 7, 17, 6, 14, 11, 3, 0, 15, 16]",1323.0,8.74511194229126
"[18, 0, 13, 3, 8, 12, 7, 14, 1, 9, 17, 2, 11, 16, 6, 19, 10, 15, 5, 4]",1517.5,"[8, 13, 9, 5, 2, 10, 18, 19, 12, 4, 1, 7, 17, 6, 14, 11, 3, 0, 15, 16]",1323.0,8.808138132095337
"[13, 18, 1, 0, 11, 12, 5, 16, 3, 2, 17, 15, 8, 9, 14, 7, 10, 6, 4, 19]",1455.5,"[8, 13, 9, 5, 2, 10, 18, 19, 12, 4, 1, 7, 17, 6, 14, 11, 3, 0, 15, 16]",1323.0,8.869107723236084
"[2, 4, 8, 13, 18, 9, 6, 10, 15, 12, 11, 3, 0, 16, 14, 7, 19, 1, 17, 5]",1579.0,"[8, 13, 9, 5, 2, 10, 18, 19, 12, 4, 1, 7, 17, 6, 14, 11, 3, 0, 15, 16]",1323.0,8.93211030960083
"[2, 16, 8, 6, 17, 10, 15, 1, 12, 11, 5, 13, 19, 9, 7, 18, 0, 14, 4, 3]",1479.5,"[8, 13, 9, 5, 2, 10, 18, 19, 12, 4, 1, 7, 17, 6, 14, 11, 3, 0, 15, 16]",1323.0,8.999109029769897
"[5, 18, 19, 15, 10, 17, 12, 6, 14, 8, 7, 1, 2, 4, 9, 11, 3, 16, 0, 13]",1471.5,"[8, 13, 9, 5, 2, 10, 18, 19, 12, 4, 1, 7, 17, 6, 14, 11, 3, 0, 15, 16]",1323.0,9.067113161087036
"[6, 9, 5, 15, 11, 13, 19, 16, 18, 2, 4, 14, 1, 10, 7, 12, 17, 8, 0, 3]",1345.5,"[8, 13, 9, 5, 2, 10, 18, 19, 12, 4, 1, 7, 17, 6, 14, 11, 3, 0, 15, 16]",1323.0,9.12811541557312
"[3, 9, 15, 6, 18, 16, 1, 12, 0, 2, 17, 8, 19, 11, 13, 10, 5, 4, 14, 7]",1652.0,"[8, 13, 9, 5, 2, 10, 18, 19, 12, 4, 1, 7, 17, 6, 14, 11, 3, 0, 15, 16]",1323.0,9.19313383102417
"[17, 9, 8, 12, 14, 4, 5, 0, 2, 7, 18, 1, 16, 11, 6, 13, 10, 19, 3, 15]",1381.5,"[8, 13, 9, 5, 2, 10, 18, 19, 12, 4, 1, 7, 17, 6, 14, 11, 3, 0, 15, 16]",1323.0,9.26011347770691
"[0, 14, 11, 15, 3, 4, 12, 17, 2, 5, 10, 6, 8, 7, 1, 16, 19, 9, 18, 13]",1666.5,"[8, 13, 9, 5, 2, 10, 18, 19, 12, 4, 1, 7, 17, 6, 14, 11, 3, 0, 15, 16]",1323.0,9.329116582870483
"[15, 9, 3, 11, 5, 1, 18, 2, 16, 8, 17, 13, 10, 0, 6, 4, 7, 19, 14, 12]",1417.5,"[8, 13, 9, 5, 2, 10, 18, 19, 12, 4, 1, 7, 17, 6, 14, 11, 3, 0, 15, 16]",1323.0,9.391117811203003
"[10, 13, 14, 4, 17, 18, 15, 12, 19, 7, 9, 2, 5, 6, 11, 1, 16, 8, 3, 0]",1357.0,"[8, 13, 9, 5, 2, 10, 18, 19, 12, 4, 1, 7, 17, 6, 14, 11, 3, 0, 15, 16]",1323.0,9.45714020729065
"[8, 11, 0, 7, 17, 6, 3, 1, 12, 5, 14, 10, 13, 9, 2, 4, 15, 18, 16, 19]",1546.5,"[8, 13, 9, 5, 2, 10, 18, 19, 12, 4, 1, 7, 17, 6, 14, 11, 3, 0, 15, 16]",1323.0,9.521123170852661
"[8, 18, 1, 3, 13, 0, 15, 9, 11, 17, 14, 10, 4, 5, 2, 6, 7, 12, 16, 19]",1433.0,"[8, 13, 9, 5, 2, 10, 18, 19, 12, 4, 1, 7, 17, 6, 14, 11, 3, 0, 15, 16]",1323.0,9.584117650985718
"[17, 6, 15, 12, 19, 9, 8, 2, 4, 1, 3, 0, 10, 13, 14, 7, 11, 16, 18, 5]",1612.5,"[8, 13, 9, 5, 2, 10, 18, 19, 12, 4, 1, 7, 17, 6, 14, 11, 3, 0, 15, 16]",1323.0,9.649120330810547
"[19, 6, 12, 14, 18, 15, 13, 11, 0, 16, 1, 2, 7, 10, 4, 17, 5, 8, 9, 3]",1481.0,"[8, 13, 9, 5, 2, 10, 18, 19, 12, 4, 1, 7, 17, 6, 14, 11, 3, 0, 15, 16]",1323.0,9.712158441543579
"[4, 7, 14, 6, 8, 13, 11, 3, 0, 16, 18, 17, 1, 19, 5, 12, 9, 15, 2, 10]",1516.0,"[8, 13, 9, 5, 2, 10, 18, 19, 12, 4, 1, 7, 17, 6, 14, 11, 3, 0, 15, 16]",1323.0,9.77512526512146
"[18, 1, 12, 16, 14, 19, 10, 9, 2, 4, 7, 17, 3, 6, 13, 11, 5, 0, 8, 15]",1567.5,"[8, 13, 9, 5, 2, 10, 18, 19, 12, 4, 1, 7, 17, 6, 14, 11, 3, 0, 15, 16]",1323.0,9.83812689781189
"[16, 5, 3, 17, 12, 13, 8, 14, 9, 6, 1, 10, 0, 19, 2, 11, 18, 15, 7, 4]",1426.5,"[8, 13, 9, 5, 2, 10, 18, 19, 12, 4, 1, 7, 17, 6, 14, 11, 3, 0, 15, 16]",1323.0,9.900121450424194
"[12, 6, 3, 14, 7, 8, 10, 13, 1, 9, 2, 11, 17, 5, 0, 15, 16, 18, 4, 19]",1501.5,"[8, 13, 9, 5, 2, 10, 18, 19, 12, 4, 1, 7, 17, 6, 14, 11, 3, 0, 15, 16]",1323.0,9.966121912002563
"[2, 7, 9, 11, 17, 6, 16, 19, 5, 1, 4, 13, 3, 10, 18, 14, 15, 0, 12, 8]",1410.5,"[8, 13, 9, 5, 2, 10, 18, 19, 12, 4, 1, 7, 17, 6, 14, 11, 3, 0, 15, 16]",1323.0,10.025131940841675
"[18, 15, 14, 12, 0, 13, 3, 7, 10, 5, 6, 17, 9, 8, 4, 16, 2, 11, 19, 1]",1433.5,"[8, 13, 9, 5, 2, 10, 18, 19, 12, 4, 1, 7, 17, 6, 14, 11, 3, 0, 15, 16]",1323.0,10.086124181747437
"[1, 15, 11, 0, 3, 2, 19, 12, 8, 7, 14, 10, 9, 4, 13, 17, 5, 18, 6, 16]",1764.5,"[8, 13, 9, 5, 2, 10, 18, 19, 12, 4, 1, 7, 17, 6, 14, 11, 3, 0, 15, 16]",1323.0,10.152129173278809
"[16, 19, 12, 10, 7, 2, 4, 11, 3, 14, 17, 13, 15, 1, 6, 0, 8, 9, 18, 5]",1737.5,"[8, 13, 9, 5, 2, 10, 18, 19, 12, 4, 1, 7, 17, 6, 14, 11, 3, 0, 15, 16]",1323.0,10.219128131866455
"[17, 2, 7, 11, 0, 10, 9, 12, 13, 3, 19, 4, 8, 6, 18, 1, 5, 14, 15, 16]",1582.5,"[8, 13, 9, 5, 2, 10, 18, 19, 12, 4, 1, 7, 17, 6, 14, 11, 3, 0, 15, 16]",1323.0,10.279131650924683
"[14, 16, 0, 13, 4, 10, 11, 6, 15, 2, 12, 7, 17, 9, 1, 5, 19, 8, 3, 18]",1458.0,"[8, 13, 9, 5, 2, 10, 18, 19, 12, 4, 1, 7, 17, 6, 14, 11, 3, 0, 15, 16]",1323.0,10.342133045196533
"[16, 3, 1, 5, 10, 9, 7, 4, 19, 12, 6, 11, 14, 15, 8, 13, 17, 2, 18, 0]",1561.5,"[8, 13, 9, 5, 2, 10, 18, 19, 12, 4, 1, 7, 17, 6, 14, 11, 3, 0, 15, 16]",1323.0,10.406131982803345
"[17, 2, 13, 6, 12, 0, 11, 19, 10, 4, 1, 16, 9, 7, 3, 5, 18, 8, 15, 14]",1645.5,"[8, 13, 9, 5, 2, 10, 18, 19, 12, 4, 1, 7, 17, 6, 14, 11, 3, 0, 15, 16]",1323.0,10.47113585472107
"[2, 10, 14, 16, 19, 7, 11, 8, 0, 15, 5, 4, 13, 12, 3, 9, 18, 17, 6, 1]",1449.0,"[8, 13, 9, 5, 2, 10, 18, 19, 12, 4, 1, 7, 17, 6, 14, 11, 3, 0, 15, 16]",1323.0,10.539133548736572
"[19, 14, 4, 17, 1, 7, 5, 9, 3, 12, 13, 0, 6, 2, 15, 18, 10, 8, 16, 11]",1464.5,"[8, 13, 9, 5, 2, 10, 18, 19, 12, 4, 1, 7, 17, 6, 14, 11, 3, 0, 15, 16]",1323.0,10.60214900970459
"[14, 15, 4, 19, 16, 13, 5, 1, 11, 2, 7, 12, 9, 0, 3, 8, 18, 6, 17, 10]",1401.0,"[8, 13, 9, 5, 2, 10, 18, 19, 12, 4, 1, 7, 17, 6, 14, 11, 3, 0, 15, 16]",1323.0,10.667133331298828
"[4, 9, 1, 19, 10, 14, 7, 17, 5, 11, 12, 18, 6, 3, 2, 0, 15, 13, 16, 8]",1509.5,"[8, 13, 9, 5, 2, 10, 18, 19, 12, 4, 1, 7, 17, 6, 14, 11, 3, 0, 15, 16]",1323.0,10.733135461807251
"[9, 7, 11, 8, 3, 4, 1, 16, 13, 10, 2, 19, 14, 18, 12, 5, 15, 17, 6, 0]",1509.0,"[8, 13, 9, 5, 2, 10, 18, 19, 12, 4, 1, 7, 17, 6, 14, 11, 3, 0, 15, 16]",1323.0,10.800132513046265
"[11, 17, 18, 2, 13, 5, 9, 16, 6, 15, 10, 19, 4, 7, 8, 12, 1, 3, 0, 14]",1424.0,"[8, 13, 9, 5, 2, 10, 18, 19, 12, 4, 1, 7, 17, 6, 14, 11, 3, 0, 15, 16]",1323.0,10.864177942276001
"[0, 16, 7, 15, 4, 13, 10, 5, 8, 3, 1, 9, 2, 18, 12, 19, 6, 11, 17, 14]",1484.5,"[8, 13, 9, 5, 2, 10, 18, 19, 12, 4, 1, 7, 17, 6, 14, 11, 3, 0, 15, 16]",1323.0,10.92613673210144
"[19, 4, 13, 17, 14, 10, 16, 5, 6, 0, 15, 1, 12, 2, 9, 7, 18, 8, 3, 11]",1449.5,"[8, 13, 9, 5, 2, 10, 18, 19, 12, 4, 1, 7, 17, 6, 14, 11, 3, 0, 15, 16]",1323.0,10.99014163017273
"[13, 14, 15, 12, 6, 0, 16, 18, 2, 1, 8, 11, 3, 10, 19, 5, 17, 4, 7, 9]",1596.0,"[8, 13, 9, 5, 2, 10, 18, 19, 12, 4, 1, 7, 17, 6, 14, 11, 3, 0, 15, 16]",1323.0,11.05513858795166
"[11, 7, 15, 0, 1, 12, 4, 18, 6, 13, 17, 19, 14, 8, 9, 5, 16, 3, 10, 2]",1481.0,"[8, 13, 9, 5, 2, 10, 18, 19, 12, 4, 1, 7, 17, 6, 14, 11, 3, 0, 15, 16]",1323.0,11.124141216278076
"[4, 14, 16, 3, 7, 19, 13, 8, 11, 0, 17, 18, 10, 9, 2, 15, 5, 12, 6, 1]",1514.5,"[8, 13, 9, 5, 2, 10, 18, 19, 12, 4, 1, 7, 17, 6, 14, 11, 3, 0, 15, 16]",1323.0,11.188143491744995
"[4, 17, 6, 0, 10, 8, 13, 16, 9, 5, 2, 7, 14, 19, 18, 1, 3, 15, 12, 11]",1422.5,"[8, 13, 9, 5, 2, 10, 18, 19, 12, 4, 1, 7, 17, 6, 14, 11, 3, 0, 15, 16]",1323.0,11.252151012420654
"[4, 5, 14, 17, 8, 16, 2, 9, 1, 15, 3, 10, 11, 12, 7, 6, 19, 18, 0, 13]",1522.5,"[8, 13, 9, 5, 2, 10, 18, 19, 12, 4, 1, 7, 17, 6, 14, 11, 3, 0, 15, 16]",1323.0,11.316145896911621
"[4, 10, 2, 13, 14, 6, 7, 9, 1, 11, 18, 3, 0, 16, 12, 5, 8, 17, 19, 15]",1518.5,"[8, 13, 9, 5, 2, 10, 18, 19, 12, 4, 1, 7, 17, 6, 14, 11, 3, 0, 15, 16]",1323.0,11.379144191741943
"[1, 3, 5, 19, 4, 8, 2, 10, 15, 6, 17, 0, 7, 13, 14, 9, 16, 12, 11, 18]",1421.0,"[8, 13, 9, 5, 2, 10, 18, 19, 12, 4, 1, 7, 17, 6, 14, 11, 3, 0, 15, 16]",1323.0,11.446148157119751
"[14, 18, 17, 8, 10, 3, 0, 12, 15, 11, 2, 13, 16, 19, 1, 5, 4, 7, 6, 9]",1640.5,"[8, 13, 9, 5, 2, 10, 18, 19, 12, 4, 1, 7, 17, 6, 14, 11, 3, 0, 15, 16]",1323.0,11.512144088745117
"[13, 15, 11, 1, 10, 16, 0, 14, 4, 5, 6, 17, 7, 12, 8, 18, 2, 3, 9, 19]",1510.0,"[8, 13, 9, 5, 2, 10, 18, 19, 12, 4, 1, 7, 17, 6, 14, 11, 3, 0, 15, 16]",1323.0,11.582145929336548
"[18, 3, 10, 0, 14, 6, 1, 12, 7, 5, 19, 9, 2, 16, 17, 11, 13, 4, 8, 15]",1559.0,"[8, 13, 9, 5, 2, 10, 18, 19, 12, 4, 1, 7, 17, 6, 14, 11, 3, 0, 15, 16]",1323.0,11.648148536682129
"[0, 12, 17, 1, 15, 16, 10, 2, 7, 8, 6, 4, 14, 5, 19, 9, 11, 3, 13, 18]",1487.0,"[8, 13, 9, 5, 2, 10, 18, 19, 12, 4, 1, 7, 17, 6, 14, 11, 3, 0, 15, 16]",1323.0,11.717147588729858
"[17, 8, 19, 14, 7, 4, 18, 10, 6, 11, 15, 13, 12, 0, 1, 2, 5, 9, 3, 16]",1439.0,"[8, 13, 9, 5, 2, 10, 18, 19, 12, 4, 1, 7, 17, 6, 14, 11, 3, 0, 15, 16]",1323.0,11.817147731781006
"[2, 8, 13, 5, 17, 12, 14, 19, 0, 10, 9, 18, 6, 3, 11, 1, 15, 16, 4, 7]",1374.5,"[8, 13, 9, 5, 2, 10, 18, 19, 12, 4, 1, 7, 17, 6, 14, 11, 3, 0, 15, 16]",1323.0,11.87914776802063
"[17, 11, 19, 8, 10, 12, 15, 14, 5, 13, 3, 0, 18, 7, 6, 9, 1, 4, 16, 2]",1541.0,"[8, 13, 9, 5, 2, 10, 18, 19, 12, 4, 1, 7, 17, 6, 14, 11, 3, 0, 15, 16]",1323.0,11.949152946472168
"[5, 8, 18, 2, 9, 3, 4, 15, 13, 14, 1, 16, 17, 7, 0, 11, 10, 12, 19, 6]",1386.5,"[8, 13, 9, 5, 2, 10, 18, 19, 12, 4, 1, 7, 17, 6, 14, 11, 3, 0, 15, 16]",1323.0,12.013159990310669
"[12, 3, 0, 5, 14, 8, 1, 19, 17, 4, 16, 2, 7, 13, 11, 18, 9, 6, 15, 10]",1471.0,"[8, 13, 9, 5, 2, 10, 18, 19, 12, 4, 1, 7, 17, 6, 14, 11, 3, 0, 15, 16]",1323.0,12.080177545547485
"[19, 10, 15, 1, 6, 14, 13, 4, 12, 8, 0, 7, 3, 5, 2, 17, 11, 9, 18, 16]",1525.5,"[8, 13, 9, 5, 2, 10, 18, 19, 12, 4, 1, 7, 17, 6, 14, 11, 3, 0, 15, 16]",1323.0,12.149152755737305
"[3, 18, 0, 8, 16, 2, 13, 9, 6, 11, 12, 4, 19, 5, 15, 14, 7, 1, 10, 17]",1566.0,"[8, 13, 9, 5, 2, 10, 18, 19, 12, 4, 1, 7, 17, 6, 14, 11, 3, 0, 15, 16]",1323.0,12.210160493850708
"[13, 6, 12, 4, 7, 16, 2, 3, 9, 0, 17, 14, 11, 19, 10, 18, 15, 5, 1, 8]",1578.5,"[8, 13, 9, 5, 2, 10, 18, 19, 12, 4, 1, 7, 17, 6, 14, 11, 3, 0, 15, 16]",1323.0,12.274155378341675
"[0, 12, 9, 15, 14, 1, 5, 13, 6, 17, 11, 18, 16, 4, 10, 19, 8, 7, 3, 2]",1363.5,"[8, 13, 9, 5, 2, 10, 18, 19, 12, 4, 1, 7, 17, 6, 14, 11, 3, 0, 15, 16]",1323.0,12.342156410217285
"[7, 19, 13, 4, 18, 1, 11, 0, 14, 6, 16, 8, 5, 12, 17, 10, 2, 15, 9, 3]",1380.5,"[8, 13, 9, 5, 2, 10, 18, 19, 12, 4, 1, 7, 17, 6, 14, 11, 3, 0, 15, 16]",1323.0,12.412161111831665
"[15, 8, 7, 5, 17, 1, 19, 12, 0, 13, 11, 4, 6, 9, 2, 18, 10, 14, 3, 16]",1438.5,"[8, 13, 9, 5, 2, 10, 18, 19, 12, 4, 1, 7, 17, 6, 14, 11, 3, 0, 15, 16]",1323.0,12.477158784866333
"[7, 6, 1, 17, 13, 16, 18, 9, 3, 0, 19, 14, 15, 8, 12, 5, 11, 2, 4, 10]",1467.0,"[8, 13, 9, 5, 2, 10, 18, 19, 12, 4, 1, 7, 17, 6, 14, 11, 3, 0, 15, 16]",1323.0,12.537172555923462
"[6, 3, 17, 8, 9, 10, 11, 15, 12, 14, 16, 18, 0, 19, 5, 7, 13, 1, 2, 4]",1665.5,"[8, 13, 9, 5, 2, 10, 18, 19, 12, 4, 1, 7, 17, 6, 14, 11, 3, 0, 15, 16]",1323.0,12.603168249130249
"[5, 8, 12, 7, 3, 9, 15, 19, 17, 14, 16, 6, 10, 13, 1, 18, 4, 11, 0, 2]",1460.0,"[8, 13, 9, 5, 2, 10, 18, 19, 12, 4, 1, 7, 17, 6, 14, 11, 3, 0, 15, 16]",1323.0,12.669165849685669
"[2, 1, 19, 18, 6, 11, 3, 8, 4, 17, 16, 5, 14, 10, 7, 9, 15, 0, 13, 12]",1496.5,"[8, 13, 9, 5, 2, 10, 18, 19, 12, 4, 1, 7, 17, 6, 14, 11, 3, 0, 15, 16]",1323.0,12.735162496566772
"[1, 10, 14, 2, 19, 18, 12, 5, 11, 7, 6, 16, 3, 0, 4, 13, 17, 9, 8, 15]",1570.0,"[8, 13, 9, 5, 2, 10, 18, 19, 12, 4, 1, 7, 17, 6, 14, 11, 3, 0, 15, 16]",1323.0,12.802165508270264
"[6, 17, 1, 12, 5, 11, 10, 15, 19, 3, 18, 7, 0, 14, 8, 9, 4, 16, 2, 13]",1639.0,"[8, 13, 9, 5, 2, 10, 18, 19, 12, 4, 1, 7, 17, 6, 14, 11, 3, 0, 15, 16]",1323.0,12.869166612625122
"[7, 19, 8, 4, 1, 9, 13, 10, 17, 14, 12, 5, 0, 18, 16, 2, 11, 15, 3, 6]",1383.0,"[8, 13, 9, 5, 2, 10, 18, 19, 12, 4, 1, 7, 17, 6, 14, 11, 3, 0, 15, 16]",1323.0,12.939164161682129
"[5, 4, 3, 14, 16, 10, 8, 17, 7, 1, 12, 13, 2, 19, 0, 15, 6, 9, 11, 18]",1438.0,"[8, 13, 9, 5, 2, 10, 18, 19, 12, 4, 1, 7, 17, 6, 14, 11, 3, 0, 15, 16]",1323.0,13.000163793563843
"[4, 7, 8, 0, 13, 15, 12, 16, 19, 1, 9, 2, 10, 11, 18, 17, 6, 14, 3, 5]",1577.5,"[8, 13, 9, 5, 2, 10, 18, 19, 12, 4, 1, 7, 17, 6, 14, 11, 3, 0, 15, 16]",1323.0,13.064260721206665
"[5, 10, 13, 15, 19, 11, 1, 0, 2, 3, 4, 12, 9, 14, 17, 6, 18, 16, 7, 8]",1529.0,"[8, 13, 9, 5, 2, 10, 18, 19, 12, 4, 1, 7, 17, 6, 14, 11, 3, 0, 15, 16]",1323.0,13.12630009651184
"[11, 2, 4, 6, 14, 12, 19, 1, 0, 5, 18, 13, 7, 9, 10, 8, 15, 16, 3, 17]",1515.5,"[8, 13, 9, 5, 2, 10, 18, 19, 12, 4, 1, 7, 17, 6, 14, 11, 3, 0, 15, 16]",1323.0,13.191169261932373
