Sequence,Fitness,Best_sequence,Best_fitness,Time
"[3, 16, 6, 10, 2, 14, 4, 17, 7, 1, 13, 0, 19, 18, 9, 15, 8, 12, 11, 5]",638.5,"[3, 16, 6, 10, 2, 14, 4, 17, 7, 1, 13, 0, 19, 18, 9, 15, 8, 12, 11, 5]",638.5,0.0010006427764892578
"[15, 8, 16, 3, 19, 17, 5, 6, 0, 12, 1, 9, 13, 7, 4, 2, 14, 10, 11, 18]",647.0,"[3, 16, 6, 10, 2, 14, 4, 17, 7, 1, 13, 0, 19, 18, 9, 15, 8, 12, 11, 5]",638.5,0.07400155067443848
"[4, 2, 18, 12, 11, 19, 5, 6, 14, 7, 15, 9, 10, 3, 13, 16, 8, 17, 0, 1]",684.5,"[3, 16, 6, 10, 2, 14, 4, 17, 7, 1, 13, 0, 19, 18, 9, 15, 8, 12, 11, 5]",638.5,0.16500306129455566
"[10, 14, 5, 6, 18, 1, 8, 7, 19, 15, 4, 0, 2, 9, 3, 13, 16, 12, 11, 17]",620.5,"[3, 16, 6, 10, 2, 14, 4, 17, 7, 1, 13, 0, 19, 18, 9, 15, 8, 12, 11, 5]",638.5,0.22801995277404785
"[15, 17, 1, 16, 14, 13, 18, 3, 12, 9, 11, 19, 10, 2, 0, 8, 6, 5, 4, 7]",652.0,"[10, 14, 5, 6, 18, 1, 8, 7, 19, 15, 4, 0, 2, 9, 3, 13, 16, 12, 11, 17]",620.5,0.2940056324005127
"[10, 1, 17, 11, 12, 9, 14, 18, 8, 7, 16, 2, 15, 5, 4, 6, 19, 0, 3, 13]",631.0,"[10, 14, 5, 6, 18, 1, 8, 7, 19, 15, 4, 0, 2, 9, 3, 13, 16, 12, 11, 17]",620.5,0.357006311416626
"[9, 3, 15, 5, 18, 6, 17, 14, 8, 11, 1, 19, 10, 0, 2, 12, 16, 4, 13, 7]",629.5,"[10, 14, 5, 6, 18, 1, 8, 7, 19, 15, 4, 0, 2, 9, 3, 13, 16, 12, 11, 17]",620.5,0.42200803756713867
"[4, 3, 17, 5, 19, 8, 13, 11, 14, 0, 6, 10, 16, 7, 15, 12, 2, 1, 18, 9]",633.5,"[10, 14, 5, 6, 18, 1, 8, 7, 19, 15, 4, 0, 2, 9, 3, 13, 16, 12, 11, 17]",620.5,0.49001073837280273
"[11, 14, 3, 8, 6, 18, 9, 12, 7, 0, 19, 4, 17, 15, 2, 1, 13, 5, 16, 10]",650.5,"[10, 14, 5, 6, 18, 1, 8, 7, 19, 15, 4, 0, 2, 9, 3, 13, 16, 12, 11, 17]",620.5,0.5510129928588867
"[10, 3, 16, 1, 0, 4, 12, 5, 7, 2, 9, 15, 19, 17, 8, 18, 6, 11, 13, 14]",626.5,"[10, 14, 5, 6, 18, 1, 8, 7, 19, 15, 4, 0, 2, 9, 3, 13, 16, 12, 11, 17]",620.5,0.6150164604187012
"[5, 12, 1, 18, 9, 11, 6, 2, 4, 3, 10, 0, 7, 16, 14, 8, 13, 15, 19, 17]",637.5,"[10, 14, 5, 6, 18, 1, 8, 7, 19, 15, 4, 0, 2, 9, 3, 13, 16, 12, 11, 17]",620.5,0.682013988494873
"[6, 15, 19, 9, 14, 5, 4, 11, 17, 3, 8, 10, 18, 7, 12, 13, 0, 16, 2, 1]",659.0,"[10, 14, 5, 6, 18, 1, 8, 7, 19, 15, 4, 0, 2, 9, 3, 13, 16, 12, 11, 17]",620.5,0.7490139007568359
"[1, 9, 0, 2, 8, 4, 5, 13, 7, 6, 18, 16, 3, 11, 14, 15, 19, 10, 17, 12]",637.0,"[10, 14, 5, 6, 18, 1, 8, 7, 19, 15, 4, 0, 2, 9, 3, 13, 16, 12, 11, 17]",620.5,0.8100149631500244
"[13, 11, 18, 10, 4, 12, 16, 9, 8, 2, 19, 14, 1, 17, 7, 15, 6, 5, 3, 0]",659.5,"[10, 14, 5, 6, 18, 1, 8, 7, 19, 15, 4, 0, 2, 9, 3, 13, 16, 12, 11, 17]",620.5,0.8750123977661133
"[16, 8, 5, 15, 4, 2, 18, 0, 11, 19, 10, 9, 13, 6, 12, 1, 3, 7, 17, 14]",641.0,"[10, 14, 5, 6, 18, 1, 8, 7, 19, 15, 4, 0, 2, 9, 3, 13, 16, 12, 11, 17]",620.5,0.9400177001953125
"[2, 17, 12, 14, 1, 13, 6, 0, 18, 8, 3, 5, 7, 4, 11, 10, 15, 19, 9, 16]",657.5,"[10, 14, 5, 6, 18, 1, 8, 7, 19, 15, 4, 0, 2, 9, 3, 13, 16, 12, 11, 17]",620.5,1.0060184001922607
"[0, 1, 13, 2, 4, 3, 16, 19, 9, 7, 10, 8, 17, 15, 11, 6, 5, 12, 14, 18]",651.5,"[10, 14, 5, 6, 18, 1, 8, 7, 19, 15, 4, 0, 2, 9, 3, 13, 16, 12, 11, 17]",620.5,1.0710177421569824
"[3, 13, 14, 12, 7, 0, 6, 17, 19, 15, 4, 9, 18, 8, 10, 11, 1, 2, 5, 16]",623.0,"[10, 14, 5, 6, 18, 1, 8, 7, 19, 15, 4, 0, 2, 9, 3, 13, 16, 12, 11, 17]",620.5,1.1340258121490479
"[11, 15, 5, 1, 9, 8, 18, 10, 14, 4, 13, 19, 17, 16, 7, 12, 6, 3, 2, 0]",636.5,"[10, 14, 5, 6, 18, 1, 8, 7, 19, 15, 4, 0, 2, 9, 3, 13, 16, 12, 11, 17]",620.5,1.1970224380493164
"[7, 16, 6, 5, 8, 1, 17, 15, 3, 14, 0, 4, 18, 11, 10, 2, 12, 13, 19, 9]",617.0,"[10, 14, 5, 6, 18, 1, 8, 7, 19, 15, 4, 0, 2, 9, 3, 13, 16, 12, 11, 17]",620.5,1.2590210437774658
"[7, 6, 15, 5, 1, 18, 0, 17, 19, 10, 9, 3, 2, 12, 8, 11, 16, 14, 13, 4]",644.0,"[7, 16, 6, 5, 8, 1, 17, 15, 3, 14, 0, 4, 18, 11, 10, 2, 12, 13, 19, 9]",617.0,1.3200256824493408
"[3, 19, 6, 9, 1, 4, 0, 15, 17, 8, 13, 14, 10, 11, 12, 18, 2, 5, 16, 7]",649.5,"[7, 16, 6, 5, 8, 1, 17, 15, 3, 14, 0, 4, 18, 11, 10, 2, 12, 13, 19, 9]",617.0,1.3860249519348145
"[12, 5, 8, 16, 15, 9, 10, 2, 18, 1, 17, 13, 3, 19, 7, 4, 14, 0, 6, 11]",629.0,"[7, 16, 6, 5, 8, 1, 17, 15, 3, 14, 0, 4, 18, 11, 10, 2, 12, 13, 19, 9]",617.0,1.44801926612854
"[15, 1, 3, 19, 4, 2, 13, 17, 9, 8, 10, 12, 11, 16, 0, 5, 7, 14, 18, 6]",667.5,"[7, 16, 6, 5, 8, 1, 17, 15, 3, 14, 0, 4, 18, 11, 10, 2, 12, 13, 19, 9]",617.0,1.5190284252166748
"[12, 3, 0, 7, 14, 13, 2, 16, 8, 4, 6, 18, 17, 15, 19, 5, 11, 9, 10, 1]",662.5,"[7, 16, 6, 5, 8, 1, 17, 15, 3, 14, 0, 4, 18, 11, 10, 2, 12, 13, 19, 9]",617.0,1.5870332717895508
"[1, 5, 9, 14, 7, 17, 0, 10, 18, 3, 15, 2, 11, 6, 8, 4, 16, 13, 12, 19]",645.0,"[7, 16, 6, 5, 8, 1, 17, 15, 3, 14, 0, 4, 18, 11, 10, 2, 12, 13, 19, 9]",617.0,1.6500298976898193
"[6, 17, 2, 10, 7, 4, 1, 9, 13, 19, 8, 3, 14, 15, 11, 12, 0, 16, 5, 18]",697.5,"[7, 16, 6, 5, 8, 1, 17, 15, 3, 14, 0, 4, 18, 11, 10, 2, 12, 13, 19, 9]",617.0,1.7160310745239258
"[9, 3, 4, 2, 12, 8, 7, 18, 11, 16, 13, 5, 1, 15, 0, 19, 17, 6, 14, 10]",644.5,"[7, 16, 6, 5, 8, 1, 17, 15, 3, 14, 0, 4, 18, 11, 10, 2, 12, 13, 19, 9]",617.0,1.7780323028564453
"[10, 17, 15, 7, 2, 8, 5, 4, 0, 12, 1, 6, 18, 16, 3, 9, 14, 11, 13, 19]",627.5,"[7, 16, 6, 5, 8, 1, 17, 15, 3, 14, 0, 4, 18, 11, 10, 2, 12, 13, 19, 9]",617.0,1.8420331478118896
"[17, 2, 5, 18, 11, 16, 3, 9, 1, 19, 15, 6, 12, 7, 8, 13, 4, 14, 0, 10]",643.0,"[7, 16, 6, 5, 8, 1, 17, 15, 3, 14, 0, 4, 18, 11, 10, 2, 12, 13, 19, 9]",617.0,1.9060344696044922
"[18, 17, 8, 11, 3, 7, 1, 16, 13, 10, 2, 14, 15, 4, 12, 19, 9, 5, 0, 6]",650.0,"[7, 16, 6, 5, 8, 1, 17, 15, 3, 14, 0, 4, 18, 11, 10, 2, 12, 13, 19, 9]",617.0,1.9740355014801025
"[0, 9, 4, 2, 17, 1, 5, 18, 10, 8, 6, 14, 13, 19, 3, 12, 16, 7, 15, 11]",635.5,"[7, 16, 6, 5, 8, 1, 17, 15, 3, 14, 0, 4, 18, 11, 10, 2, 12, 13, 19, 9]",617.0,2.035037040710449
"[9, 3, 16, 5, 4, 15, 11, 18, 17, 6, 14, 1, 0, 12, 8, 2, 7, 13, 10, 19]",684.5,"[7, 16, 6, 5, 8, 1, 17, 15, 3, 14, 0, 4, 18, 11, 10, 2, 12, 13, 19, 9]",617.0,2.100046396255493
"[9, 15, 10, 11, 13, 8, 7, 12, 18, 17, 6, 19, 3, 4, 5, 14, 2, 16, 1, 0]",666.5,"[7, 16, 6, 5, 8, 1, 17, 15, 3, 14, 0, 4, 18, 11, 10, 2, 12, 13, 19, 9]",617.0,2.169041156768799
"[9, 3, 18, 14, 19, 13, 11, 12, 15, 5, 4, 2, 16, 10, 1, 6, 17, 7, 8, 0]",675.0,"[7, 16, 6, 5, 8, 1, 17, 15, 3, 14, 0, 4, 18, 11, 10, 2, 12, 13, 19, 9]",617.0,2.236042022705078
"[17, 0, 3, 2, 19, 11, 10, 8, 18, 14, 12, 5, 6, 4, 13, 16, 1, 9, 15, 7]",629.5,"[7, 16, 6, 5, 8, 1, 17, 15, 3, 14, 0, 4, 18, 11, 10, 2, 12, 13, 19, 9]",617.0,2.297039270401001
"[16, 19, 8, 7, 4, 15, 9, 6, 13, 12, 5, 1, 14, 10, 0, 17, 2, 3, 18, 11]",609.5,"[7, 16, 6, 5, 8, 1, 17, 15, 3, 14, 0, 4, 18, 11, 10, 2, 12, 13, 19, 9]",617.0,2.3610687255859375
"[7, 10, 5, 13, 12, 11, 1, 2, 15, 6, 8, 17, 18, 4, 16, 3, 14, 9, 19, 0]",620.0,"[16, 19, 8, 7, 4, 15, 9, 6, 13, 12, 5, 1, 14, 10, 0, 17, 2, 3, 18, 11]",609.5,2.427044153213501
"[11, 19, 4, 5, 10, 18, 17, 9, 8, 16, 0, 14, 2, 12, 3, 15, 13, 7, 1, 6]",647.0,"[16, 19, 8, 7, 4, 15, 9, 6, 13, 12, 5, 1, 14, 10, 0, 17, 2, 3, 18, 11]",609.5,2.492042064666748
"[10, 15, 7, 12, 3, 16, 1, 13, 11, 5, 0, 18, 4, 6, 17, 2, 14, 8, 9, 19]",620.0,"[16, 19, 8, 7, 4, 15, 9, 6, 13, 12, 5, 1, 14, 10, 0, 17, 2, 3, 18, 11]",609.5,2.55904483795166
"[1, 13, 3, 0, 11, 2, 19, 4, 12, 8, 14, 17, 15, 10, 16, 18, 6, 5, 7, 9]",647.0,"[16, 19, 8, 7, 4, 15, 9, 6, 13, 12, 5, 1, 14, 10, 0, 17, 2, 3, 18, 11]",609.5,2.6250460147857666
"[18, 9, 15, 2, 13, 11, 0, 7, 4, 8, 17, 10, 1, 5, 6, 19, 16, 12, 14, 3]",641.0,"[16, 19, 8, 7, 4, 15, 9, 6, 13, 12, 5, 1, 14, 10, 0, 17, 2, 3, 18, 11]",609.5,2.6910510063171387
"[6, 2, 7, 15, 0, 19, 8, 18, 1, 16, 13, 14, 9, 17, 3, 10, 5, 12, 4, 11]",652.0,"[16, 19, 8, 7, 4, 15, 9, 6, 13, 12, 5, 1, 14, 10, 0, 17, 2, 3, 18, 11]",609.5,2.755059003829956
"[8, 12, 10, 11, 2, 16, 7, 15, 5, 14, 3, 13, 4, 9, 18, 1, 19, 0, 17, 6]",676.5,"[16, 19, 8, 7, 4, 15, 9, 6, 13, 12, 5, 1, 14, 10, 0, 17, 2, 3, 18, 11]",609.5,2.8240504264831543
"[8, 11, 9, 10, 16, 14, 18, 17, 1, 3, 15, 4, 0, 6, 5, 2, 7, 12, 19, 13]",614.5,"[16, 19, 8, 7, 4, 15, 9, 6, 13, 12, 5, 1, 14, 10, 0, 17, 2, 3, 18, 11]",609.5,2.894052028656006
"[12, 17, 19, 4, 8, 13, 16, 7, 18, 10, 14, 2, 3, 6, 15, 1, 5, 9, 11, 0]",641.5,"[16, 19, 8, 7, 4, 15, 9, 6, 13, 12, 5, 1, 14, 10, 0, 17, 2, 3, 18, 11]",609.5,2.959054470062256
"[7, 10, 16, 14, 15, 8, 3, 12, 6, 11, 19, 18, 1, 2, 0, 17, 5, 13, 4, 9]",628.5,"[16, 19, 8, 7, 4, 15, 9, 6, 13, 12, 5, 1, 14, 10, 0, 17, 2, 3, 18, 11]",609.5,3.026054859161377
"[6, 0, 4, 1, 3, 18, 16, 5, 17, 2, 9, 15, 7, 10, 19, 8, 11, 14, 12, 13]",635.5,"[16, 19, 8, 7, 4, 15, 9, 6, 13, 12, 5, 1, 14, 10, 0, 17, 2, 3, 18, 11]",609.5,3.0880558490753174
"[7, 5, 4, 3, 0, 17, 10, 2, 15, 11, 12, 16, 8, 9, 14, 6, 1, 19, 18, 13]",668.0,"[16, 19, 8, 7, 4, 15, 9, 6, 13, 12, 5, 1, 14, 10, 0, 17, 2, 3, 18, 11]",609.5,3.1520566940307617
"[8, 17, 15, 4, 19, 6, 14, 1, 12, 2, 18, 5, 11, 9, 3, 7, 10, 0, 16, 13]",636.0,"[16, 19, 8, 7, 4, 15, 9, 6, 13, 12, 5, 1, 14, 10, 0, 17, 2, 3, 18, 11]",609.5,3.22505784034729
"[0, 5, 2, 17, 7, 14, 10, 9, 4, 6, 15, 16, 8, 12, 18, 13, 1, 19, 11, 3]",643.0,"[16, 19, 8, 7, 4, 15, 9, 6, 13, 12, 5, 1, 14, 10, 0, 17, 2, 3, 18, 11]",609.5,3.290059804916382
"[3, 6, 7, 13, 8, 16, 15, 10, 1, 4, 9, 5, 17, 12, 18, 19, 14, 0, 2, 11]",618.0,"[16, 19, 8, 7, 4, 15, 9, 6, 13, 12, 5, 1, 14, 10, 0, 17, 2, 3, 18, 11]",609.5,3.358057975769043
"[12, 8, 5, 16, 11, 19, 9, 3, 4, 17, 18, 0, 6, 2, 1, 7, 14, 10, 15, 13]",638.5,"[16, 19, 8, 7, 4, 15, 9, 6, 13, 12, 5, 1, 14, 10, 0, 17, 2, 3, 18, 11]",609.5,3.4240663051605225
"[7, 15, 12, 1, 16, 8, 3, 10, 17, 0, 14, 11, 4, 6, 19, 5, 13, 18, 2, 9]",632.0,"[16, 19, 8, 7, 4, 15, 9, 6, 13, 12, 5, 1, 14, 10, 0, 17, 2, 3, 18, 11]",609.5,3.4910683631896973
"[16, 14, 15, 17, 19, 13, 12, 5, 1, 2, 3, 6, 7, 9, 4, 11, 10, 0, 8, 18]",642.0,"[16, 19, 8, 7, 4, 15, 9, 6, 13, 12, 5, 1, 14, 10, 0, 17, 2, 3, 18, 11]",609.5,3.559063673019409
"[1, 19, 6, 7, 12, 17, 0, 16, 15, 2, 9, 5, 11, 4, 14, 13, 3, 10, 18, 8]",656.0,"[16, 19, 8, 7, 4, 15, 9, 6, 13, 12, 5, 1, 14, 10, 0, 17, 2, 3, 18, 11]",609.5,3.623065233230591
"[7, 18, 5, 15, 1, 11, 9, 3, 17, 16, 4, 6, 19, 13, 0, 14, 8, 10, 12, 2]",638.5,"[16, 19, 8, 7, 4, 15, 9, 6, 13, 12, 5, 1, 14, 10, 0, 17, 2, 3, 18, 11]",609.5,3.6880664825439453
"[19, 17, 10, 18, 5, 16, 12, 9, 3, 15, 14, 6, 4, 13, 1, 11, 8, 7, 0, 2]",649.5,"[16, 19, 8, 7, 4, 15, 9, 6, 13, 12, 5, 1, 14, 10, 0, 17, 2, 3, 18, 11]",609.5,3.7500672340393066
"[16, 9, 1, 8, 5, 2, 13, 7, 0, 3, 6, 10, 14, 12, 18, 17, 11, 15, 4, 19]",640.5,"[16, 19, 8, 7, 4, 15, 9, 6, 13, 12, 5, 1, 14, 10, 0, 17, 2, 3, 18, 11]",609.5,3.8160688877105713
"[12, 19, 7, 11, 14, 5, 8, 13, 17, 4, 15, 1, 10, 18, 16, 2, 9, 6, 0, 3]",673.0,"[16, 19, 8, 7, 4, 15, 9, 6, 13, 12, 5, 1, 14, 10, 0, 17, 2, 3, 18, 11]",609.5,3.8780715465545654
"[9, 14, 19, 3, 7, 4, 11, 10, 17, 16, 6, 15, 12, 2, 8, 13, 5, 1, 18, 0]",692.5,"[16, 19, 8, 7, 4, 15, 9, 6, 13, 12, 5, 1, 14, 10, 0, 17, 2, 3, 18, 11]",609.5,3.9470715522766113
"[12, 16, 18, 3, 1, 11, 9, 7, 5, 14, 6, 2, 19, 4, 15, 8, 0, 17, 10, 13]",650.5,"[16, 19, 8, 7, 4, 15, 9, 6, 13, 12, 5, 1, 14, 10, 0, 17, 2, 3, 18, 11]",609.5,4.0080726146698
"[16, 7, 1, 0, 12, 14, 5, 3, 2, 6, 19, 18, 4, 9, 15, 8, 17, 10, 11, 13]",633.5,"[16, 19, 8, 7, 4, 15, 9, 6, 13, 12, 5, 1, 14, 10, 0, 17, 2, 3, 18, 11]",609.5,4.07007360458374
"[8, 15, 1, 18, 2, 12, 5, 16, 10, 3, 7, 4, 0, 11, 19, 9, 17, 14, 13, 6]",608.0,"[16, 19, 8, 7, 4, 15, 9, 6, 13, 12, 5, 1, 14, 10, 0, 17, 2, 3, 18, 11]",609.5,4.136075019836426
"[4, 2, 0, 6, 10, 13, 14, 5, 11, 12, 16, 19, 17, 8, 9, 7, 1, 15, 18, 3]",677.0,"[8, 15, 1, 18, 2, 12, 5, 16, 10, 3, 7, 4, 0, 11, 19, 9, 17, 14, 13, 6]",608.0,4.20007586479187
"[18, 12, 2, 17, 1, 19, 11, 14, 3, 0, 6, 5, 10, 16, 8, 15, 9, 13, 4, 7]",617.0,"[8, 15, 1, 18, 2, 12, 5, 16, 10, 3, 7, 4, 0, 11, 19, 9, 17, 14, 13, 6]",608.0,4.263077020645142
"[1, 16, 12, 4, 9, 5, 0, 10, 2, 11, 14, 8, 6, 7, 13, 19, 17, 3, 18, 15]",649.0,"[8, 15, 1, 18, 2, 12, 5, 16, 10, 3, 7, 4, 0, 11, 19, 9, 17, 14, 13, 6]",608.0,4.326078176498413
"[6, 14, 5, 17, 11, 1, 12, 0, 13, 3, 8, 7, 2, 19, 18, 9, 10, 15, 16, 4]",679.5,"[8, 15, 1, 18, 2, 12, 5, 16, 10, 3, 7, 4, 0, 11, 19, 9, 17, 14, 13, 6]",608.0,4.392082214355469
"[11, 13, 5, 10, 19, 7, 6, 18, 8, 16, 1, 0, 17, 12, 2, 4, 14, 9, 3, 15]",613.0,"[8, 15, 1, 18, 2, 12, 5, 16, 10, 3, 7, 4, 0, 11, 19, 9, 17, 14, 13, 6]",608.0,4.454091548919678
"[0, 10, 5, 7, 16, 12, 13, 11, 3, 4, 18, 1, 2, 19, 14, 17, 9, 15, 6, 8]",635.5,"[8, 15, 1, 18, 2, 12, 5, 16, 10, 3, 7, 4, 0, 11, 19, 9, 17, 14, 13, 6]",608.0,4.518081903457642
"[0, 18, 1, 5, 12, 13, 6, 17, 7, 11, 2, 8, 19, 9, 3, 10, 16, 4, 15, 14]",646.0,"[8, 15, 1, 18, 2, 12, 5, 16, 10, 3, 7, 4, 0, 11, 19, 9, 17, 14, 13, 6]",608.0,4.582082986831665
"[19, 12, 16, 3, 6, 0, 9, 15, 5, 11, 17, 1, 8, 18, 10, 13, 2, 7, 14, 4]",653.0,"[8, 15, 1, 18, 2, 12, 5, 16, 10, 3, 7, 4, 0, 11, 19, 9, 17, 14, 13, 6]",608.0,4.650083303451538
"[14, 4, 1, 17, 19, 8, 9, 11, 10, 2, 13, 5, 6, 18, 16, 12, 15, 3, 7, 0]",638.0,"[8, 15, 1, 18, 2, 12, 5, 16, 10, 3, 7, 4, 0, 11, 19, 9, 17, 14, 13, 6]",608.0,4.714086055755615
"[10, 2, 16, 5, 9, 0, 8, 19, 3, 17, 14, 6, 7, 18, 4, 1, 13, 15, 12, 11]",638.5,"[8, 15, 1, 18, 2, 12, 5, 16, 10, 3, 7, 4, 0, 11, 19, 9, 17, 14, 13, 6]",608.0,4.78108549118042
"[14, 11, 6, 9, 12, 15, 16, 2, 5, 19, 1, 3, 7, 8, 17, 10, 4, 18, 13, 0]",646.0,"[8, 15, 1, 18, 2, 12, 5, 16, 10, 3, 7, 4, 0, 11, 19, 9, 17, 14, 13, 6]",608.0,4.84408712387085
"[6, 9, 5, 16, 10, 19, 3, 8, 2, 11, 0, 14, 12, 7, 13, 1, 15, 17, 18, 4]",664.5,"[8, 15, 1, 18, 2, 12, 5, 16, 10, 3, 7, 4, 0, 11, 19, 9, 17, 14, 13, 6]",608.0,4.909088134765625
"[10, 7, 13, 11, 6, 8, 17, 9, 16, 14, 1, 5, 15, 18, 0, 3, 12, 19, 2, 4]",637.0,"[8, 15, 1, 18, 2, 12, 5, 16, 10, 3, 7, 4, 0, 11, 19, 9, 17, 14, 13, 6]",608.0,4.9700891971588135
"[9, 13, 15, 5, 19, 3, 4, 18, 17, 6, 7, 16, 12, 2, 1, 14, 10, 11, 8, 0]",675.0,"[8, 15, 1, 18, 2, 12, 5, 16, 10, 3, 7, 4, 0, 11, 19, 9, 17, 14, 13, 6]",608.0,5.037090301513672
"[3, 9, 14, 18, 11, 6, 16, 19, 10, 1, 4, 17, 8, 5, 13, 7, 12, 0, 15, 2]",624.5,"[8, 15, 1, 18, 2, 12, 5, 16, 10, 3, 7, 4, 0, 11, 19, 9, 17, 14, 13, 6]",608.0,5.101091623306274
"[15, 2, 14, 4, 11, 10, 18, 5, 1, 7, 12, 3, 9, 13, 19, 17, 6, 16, 0, 8]",634.0,"[8, 15, 1, 18, 2, 12, 5, 16, 10, 3, 7, 4, 0, 11, 19, 9, 17, 14, 13, 6]",608.0,5.163092851638794
"[15, 18, 9, 10, 4, 5, 17, 6, 12, 8, 11, 16, 0, 7, 14, 13, 19, 1, 2, 3]",616.0,"[8, 15, 1, 18, 2, 12, 5, 16, 10, 3, 7, 4, 0, 11, 19, 9, 17, 14, 13, 6]",608.0,5.227094411849976
"[19, 12, 5, 4, 1, 9, 13, 6, 2, 3, 10, 15, 7, 11, 16, 18, 17, 14, 8, 0]",667.5,"[8, 15, 1, 18, 2, 12, 5, 16, 10, 3, 7, 4, 0, 11, 19, 9, 17, 14, 13, 6]",608.0,5.295091867446899
"[1, 16, 3, 12, 2, 10, 7, 17, 14, 15, 0, 18, 11, 13, 6, 8, 19, 9, 5, 4]",637.0,"[8, 15, 1, 18, 2, 12, 5, 16, 10, 3, 7, 4, 0, 11, 19, 9, 17, 14, 13, 6]",608.0,5.358102798461914
"[0, 4, 11, 19, 18, 10, 13, 17, 14, 1, 15, 7, 8, 6, 3, 2, 16, 9, 5, 12]",652.5,"[8, 15, 1, 18, 2, 12, 5, 16, 10, 3, 7, 4, 0, 11, 19, 9, 17, 14, 13, 6]",608.0,5.422099828720093
"[13, 17, 14, 12, 1, 11, 9, 19, 16, 0, 3, 2, 7, 15, 8, 4, 5, 10, 6, 18]",685.5,"[8, 15, 1, 18, 2, 12, 5, 16, 10, 3, 7, 4, 0, 11, 19, 9, 17, 14, 13, 6]",608.0,5.485097408294678
"[11, 10, 3, 4, 17, 7, 1, 16, 13, 12, 2, 5, 14, 19, 18, 8, 6, 9, 0, 15]",652.0,"[8, 15, 1, 18, 2, 12, 5, 16, 10, 3, 7, 4, 0, 11, 19, 9, 17, 14, 13, 6]",608.0,5.54910135269165
"[16, 12, 0, 7, 15, 13, 11, 4, 19, 9, 10, 5, 6, 8, 18, 2, 3, 14, 1, 17]",658.5,"[8, 15, 1, 18, 2, 12, 5, 16, 10, 3, 7, 4, 0, 11, 19, 9, 17, 14, 13, 6]",608.0,5.639101266860962
"[7, 5, 15, 8, 1, 19, 6, 16, 13, 10, 11, 4, 9, 17, 18, 2, 3, 14, 12, 0]",634.5,"[8, 15, 1, 18, 2, 12, 5, 16, 10, 3, 7, 4, 0, 11, 19, 9, 17, 14, 13, 6]",608.0,5.708101987838745
"[10, 19, 15, 5, 8, 0, 2, 11, 17, 9, 14, 6, 1, 12, 16, 3, 7, 4, 18, 13]",616.0,"[8, 15, 1, 18, 2, 12, 5, 16, 10, 3, 7, 4, 0, 11, 19, 9, 17, 14, 13, 6]",608.0,5.771104574203491
"[0, 19, 15, 5, 16, 8, 12, 10, 17, 6, 13, 2, 18, 14, 11, 4, 3, 1, 7, 9]",601.0,"[8, 15, 1, 18, 2, 12, 5, 16, 10, 3, 7, 4, 0, 11, 19, 9, 17, 14, 13, 6]",608.0,5.839102029800415
"[9, 7, 8, 12, 2, 10, 17, 4, 6, 14, 1, 15, 5, 13, 0, 16, 3, 19, 11, 18]",655.5,"[0, 19, 15, 5, 16, 8, 12, 10, 17, 6, 13, 2, 18, 14, 11, 4, 3, 1, 7, 9]",601.0,5.906107425689697
"[3, 1, 16, 19, 9, 11, 13, 4, 17, 5, 12, 2, 8, 15, 7, 18, 6, 0, 10, 14]",676.5,"[0, 19, 15, 5, 16, 8, 12, 10, 17, 6, 13, 2, 18, 14, 11, 4, 3, 1, 7, 9]",601.0,5.977106809616089
"[10, 9, 16, 8, 19, 2, 7, 12, 3, 11, 15, 1, 6, 0, 5, 13, 14, 18, 17, 4]",664.5,"[0, 19, 15, 5, 16, 8, 12, 10, 17, 6, 13, 2, 18, 14, 11, 4, 3, 1, 7, 9]",601.0,6.042110204696655
"[6, 15, 18, 0, 8, 7, 16, 17, 14, 12, 1, 5, 19, 4, 11, 10, 13, 3, 9, 2]",594.5,"[0, 19, 15, 5, 16, 8, 12, 10, 17, 6, 13, 2, 18, 14, 11, 4, 3, 1, 7, 9]",601.0,6.104142427444458
"[6, 9, 2, 0, 5, 13, 19, 1, 7, 17, 15, 18, 16, 12, 3, 14, 4, 11, 8, 10]",645.5,"[6, 15, 18, 0, 8, 7, 16, 17, 14, 12, 1, 5, 19, 4, 11, 10, 13, 3, 9, 2]",594.5,6.16811203956604
"[0, 2, 1, 11, 13, 9, 3, 6, 4, 19, 12, 7, 8, 5, 17, 15, 14, 10, 16, 18]",667.5,"[6, 15, 18, 0, 8, 7, 16, 17, 14, 12, 1, 5, 19, 4, 11, 10, 13, 3, 9, 2]",594.5,6.230113983154297
"[10, 17, 1, 2, 9, 12, 6, 5, 15, 0, 7, 3, 8, 11, 14, 13, 16, 19, 18, 4]",661.0,"[6, 15, 18, 0, 8, 7, 16, 17, 14, 12, 1, 5, 19, 4, 11, 10, 13, 3, 9, 2]",594.5,6.291115045547485
"[4, 5, 17, 7, 16, 19, 6, 13, 18, 0, 10, 12, 14, 11, 9, 15, 8, 2, 1, 3]",630.5,"[6, 15, 18, 0, 8, 7, 16, 17, 14, 12, 1, 5, 19, 4, 11, 10, 13, 3, 9, 2]",594.5,6.353118181228638
"[8, 18, 2, 16, 12, 6, 14, 19, 13, 17, 11, 7, 0, 15, 9, 4, 1, 5, 10, 3]",645.5,"[6, 15, 18, 0, 8, 7, 16, 17, 14, 12, 1, 5, 19, 4, 11, 10, 13, 3, 9, 2]",594.5,6.417114973068237
"[15, 6, 9, 4, 13, 10, 19, 8, 7, 3, 2, 18, 12, 5, 16, 1, 17, 14, 0, 11]",667.5,"[6, 15, 18, 0, 8, 7, 16, 17, 14, 12, 1, 5, 19, 4, 11, 10, 13, 3, 9, 2]",594.5,6.482116222381592
"[19, 8, 7, 18, 16, 0, 4, 3, 9, 17, 10, 6, 2, 1, 14, 15, 11, 5, 12, 13]",623.5,"[6, 15, 18, 0, 8, 7, 16, 17, 14, 12, 1, 5, 19, 4, 11, 10, 13, 3, 9, 2]",594.5,6.546127796173096
"[0, 10, 13, 11, 2, 3, 5, 15, 16, 12, 17, 8, 19, 1, 4, 6, 14, 9, 18, 7]",655.0,"[6, 15, 18, 0, 8, 7, 16, 17, 14, 12, 1, 5, 19, 4, 11, 10, 13, 3, 9, 2]",594.5,6.61711859703064
"[15, 5, 12, 11, 10, 9, 14, 19, 17, 1, 6, 7, 4, 3, 0, 18, 2, 8, 13, 16]",627.5,"[6, 15, 18, 0, 8, 7, 16, 17, 14, 12, 1, 5, 19, 4, 11, 10, 13, 3, 9, 2]",594.5,6.68411922454834
"[16, 7, 4, 13, 8, 14, 15, 12, 18, 9, 1, 5, 0, 11, 2, 10, 3, 19, 17, 6]",646.0,"[6, 15, 18, 0, 8, 7, 16, 17, 14, 12, 1, 5, 19, 4, 11, 10, 13, 3, 9, 2]",594.5,6.748121500015259
"[2, 3, 9, 15, 13, 11, 1, 10, 7, 19, 16, 0, 18, 4, 8, 14, 17, 5, 6, 12]",640.0,"[6, 15, 18, 0, 8, 7, 16, 17, 14, 12, 1, 5, 19, 4, 11, 10, 13, 3, 9, 2]",594.5,6.813121795654297
"[2, 9, 4, 11, 7, 8, 3, 17, 10, 6, 14, 12, 13, 16, 19, 1, 18, 15, 5, 0]",655.5,"[6, 15, 18, 0, 8, 7, 16, 17, 14, 12, 1, 5, 19, 4, 11, 10, 13, 3, 9, 2]",594.5,6.883123397827148
"[1, 13, 18, 8, 16, 9, 11, 3, 4, 5, 10, 0, 2, 6, 19, 15, 12, 7, 14, 17]",614.0,"[6, 15, 18, 0, 8, 7, 16, 17, 14, 12, 1, 5, 19, 4, 11, 10, 13, 3, 9, 2]",594.5,6.946120738983154
"[19, 15, 17, 8, 12, 4, 11, 18, 2, 0, 16, 13, 5, 6, 7, 14, 9, 3, 1, 10]",661.0,"[6, 15, 18, 0, 8, 7, 16, 17, 14, 12, 1, 5, 19, 4, 11, 10, 13, 3, 9, 2]",594.5,7.016125440597534
"[8, 5, 9, 3, 13, 0, 12, 17, 11, 6, 19, 14, 1, 4, 10, 7, 18, 15, 2, 16]",640.5,"[6, 15, 18, 0, 8, 7, 16, 17, 14, 12, 1, 5, 19, 4, 11, 10, 13, 3, 9, 2]",594.5,7.086127281188965
"[4, 0, 10, 3, 13, 18, 5, 19, 6, 16, 15, 14, 7, 12, 17, 8, 2, 11, 1, 9]",611.5,"[6, 15, 18, 0, 8, 7, 16, 17, 14, 12, 1, 5, 19, 4, 11, 10, 13, 3, 9, 2]",594.5,7.153128385543823
"[9, 19, 7, 8, 3, 6, 15, 13, 10, 5, 0, 14, 12, 4, 18, 11, 1, 17, 16, 2]",618.5,"[6, 15, 18, 0, 8, 7, 16, 17, 14, 12, 1, 5, 19, 4, 11, 10, 13, 3, 9, 2]",594.5,7.216129541397095
"[15, 13, 0, 8, 3, 11, 18, 1, 17, 14, 2, 9, 7, 6, 10, 12, 4, 19, 5, 16]",647.5,"[6, 15, 18, 0, 8, 7, 16, 17, 14, 12, 1, 5, 19, 4, 11, 10, 13, 3, 9, 2]",594.5,7.280130624771118
"[4, 18, 7, 12, 14, 8, 3, 13, 10, 1, 9, 11, 0, 17, 2, 15, 19, 5, 16, 6]",655.0,"[6, 15, 18, 0, 8, 7, 16, 17, 14, 12, 1, 5, 19, 4, 11, 10, 13, 3, 9, 2]",594.5,7.346145391464233
"[8, 17, 0, 4, 1, 3, 2, 5, 10, 14, 16, 19, 15, 18, 7, 11, 6, 9, 13, 12]",643.0,"[6, 15, 18, 0, 8, 7, 16, 17, 14, 12, 1, 5, 19, 4, 11, 10, 13, 3, 9, 2]",594.5,7.415133237838745
"[7, 4, 8, 5, 16, 18, 12, 1, 3, 17, 15, 0, 11, 2, 6, 10, 19, 13, 14, 9]",630.0,"[6, 15, 18, 0, 8, 7, 16, 17, 14, 12, 1, 5, 19, 4, 11, 10, 13, 3, 9, 2]",594.5,7.4791343212127686
"[1, 12, 9, 16, 10, 18, 17, 19, 2, 8, 3, 13, 11, 5, 14, 0, 7, 15, 4, 6]",630.5,"[6, 15, 18, 0, 8, 7, 16, 17, 14, 12, 1, 5, 19, 4, 11, 10, 13, 3, 9, 2]",594.5,7.548135757446289
"[2, 3, 14, 6, 13, 16, 1, 0, 18, 15, 9, 4, 7, 17, 19, 5, 11, 8, 10, 12]",643.5,"[6, 15, 18, 0, 8, 7, 16, 17, 14, 12, 1, 5, 19, 4, 11, 10, 13, 3, 9, 2]",594.5,7.612136602401733
"[10, 15, 1, 11, 14, 9, 6, 2, 17, 16, 12, 13, 0, 4, 8, 3, 5, 7, 19, 18]",653.5,"[6, 15, 18, 0, 8, 7, 16, 17, 14, 12, 1, 5, 19, 4, 11, 10, 13, 3, 9, 2]",594.5,7.677138566970825
"[8, 13, 14, 6, 1, 3, 17, 0, 10, 11, 4, 2, 7, 9, 18, 16, 19, 5, 15, 12]",627.5,"[6, 15, 18, 0, 8, 7, 16, 17, 14, 12, 1, 5, 19, 4, 11, 10, 13, 3, 9, 2]",594.5,7.744188547134399
"[5, 7, 11, 9, 18, 13, 12, 8, 10, 16, 2, 15, 6, 1, 4, 3, 14, 17, 19, 0]",640.0,"[6, 15, 18, 0, 8, 7, 16, 17, 14, 12, 1, 5, 19, 4, 11, 10, 13, 3, 9, 2]",594.5,7.806152582168579
"[16, 4, 6, 1, 9, 12, 10, 15, 13, 3, 8, 0, 19, 2, 7, 14, 17, 18, 5, 11]",622.0,"[6, 15, 18, 0, 8, 7, 16, 17, 14, 12, 1, 5, 19, 4, 11, 10, 13, 3, 9, 2]",594.5,7.8681416511535645
"[12, 11, 14, 1, 13, 15, 18, 2, 10, 19, 5, 7, 17, 4, 3, 6, 9, 8, 0, 16]",653.0,"[6, 15, 18, 0, 8, 7, 16, 17, 14, 12, 1, 5, 19, 4, 11, 10, 13, 3, 9, 2]",594.5,7.933143138885498
"[8, 3, 17, 10, 4, 5, 1, 7, 11, 15, 12, 0, 18, 13, 19, 9, 6, 16, 2, 14]",629.0,"[6, 15, 18, 0, 8, 7, 16, 17, 14, 12, 1, 5, 19, 4, 11, 10, 13, 3, 9, 2]",594.5,8.003169536590576
"[0, 14, 8, 2, 1, 5, 6, 17, 16, 9, 12, 19, 15, 13, 18, 4, 7, 10, 3, 11]",659.5,"[6, 15, 18, 0, 8, 7, 16, 17, 14, 12, 1, 5, 19, 4, 11, 10, 13, 3, 9, 2]",594.5,8.067143678665161
"[11, 7, 1, 18, 14, 10, 12, 0, 2, 8, 6, 5, 15, 9, 17, 3, 4, 13, 16, 19]",641.0,"[6, 15, 18, 0, 8, 7, 16, 17, 14, 12, 1, 5, 19, 4, 11, 10, 13, 3, 9, 2]",594.5,8.129145860671997
"[17, 14, 15, 3, 16, 0, 8, 9, 1, 10, 12, 2, 4, 7, 5, 18, 19, 13, 11, 6]",644.0,"[6, 15, 18, 0, 8, 7, 16, 17, 14, 12, 1, 5, 19, 4, 11, 10, 13, 3, 9, 2]",594.5,8.192146301269531
"[3, 19, 17, 6, 10, 0, 18, 8, 1, 2, 5, 4, 9, 13, 12, 11, 14, 7, 16, 15]",614.0,"[6, 15, 18, 0, 8, 7, 16, 17, 14, 12, 1, 5, 19, 4, 11, 10, 13, 3, 9, 2]",594.5,8.253147840499878
"[10, 9, 14, 17, 5, 8, 19, 7, 6, 1, 16, 2, 18, 15, 11, 12, 4, 3, 0, 13]",626.5,"[6, 15, 18, 0, 8, 7, 16, 17, 14, 12, 1, 5, 19, 4, 11, 10, 13, 3, 9, 2]",594.5,8.31814956665039
"[10, 5, 4, 11, 2, 18, 0, 16, 14, 8, 7, 6, 13, 1, 12, 19, 9, 17, 15, 3]",625.5,"[6, 15, 18, 0, 8, 7, 16, 17, 14, 12, 1, 5, 19, 4, 11, 10, 13, 3, 9, 2]",594.5,8.38015866279602
"[4, 14, 0, 15, 17, 12, 5, 3, 16, 2, 9, 11, 19, 13, 1, 7, 10, 6, 8, 18]",694.0,"[6, 15, 18, 0, 8, 7, 16, 17, 14, 12, 1, 5, 19, 4, 11, 10, 13, 3, 9, 2]",594.5,8.445154428482056
"[14, 2, 19, 16, 17, 8, 6, 3, 0, 10, 15, 13, 7, 18, 11, 9, 5, 12, 1, 4]",681.0,"[6, 15, 18, 0, 8, 7, 16, 17, 14, 12, 1, 5, 19, 4, 11, 10, 13, 3, 9, 2]",594.5,8.509150505065918
"[17, 10, 14, 12, 0, 1, 15, 19, 7, 2, 4, 13, 18, 5, 3, 9, 11, 6, 16, 8]",650.0,"[6, 15, 18, 0, 8, 7, 16, 17, 14, 12, 1, 5, 19, 4, 11, 10, 13, 3, 9, 2]",594.5,8.571154356002808
"[19, 16, 1, 6, 5, 14, 18, 12, 2, 15, 3, 8, 4, 17, 0, 11, 13, 9, 10, 7]",623.0,"[6, 15, 18, 0, 8, 7, 16, 17, 14, 12, 1, 5, 19, 4, 11, 10, 13, 3, 9, 2]",594.5,8.635152578353882
"[3, 7, 10, 19, 11, 9, 1, 13, 5, 14, 2, 0, 16, 4, 8, 12, 15, 6, 18, 17]",653.0,"[6, 15, 18, 0, 8, 7, 16, 17, 14, 12, 1, 5, 19, 4, 11, 10, 13, 3, 9, 2]",594.5,8.696156024932861
"[2, 13, 0, 15, 5, 9, 4, 19, 10, 18, 6, 8, 12, 3, 7, 16, 17, 14, 1, 11]",666.5,"[6, 15, 18, 0, 8, 7, 16, 17, 14, 12, 1, 5, 19, 4, 11, 10, 13, 3, 9, 2]",594.5,8.7671537399292
"[6, 12, 18, 11, 4, 14, 3, 7, 8, 2, 16, 0, 1, 9, 15, 19, 10, 5, 17, 13]",668.5,"[6, 15, 18, 0, 8, 7, 16, 17, 14, 12, 1, 5, 19, 4, 11, 10, 13, 3, 9, 2]",594.5,8.83415937423706
"[8, 10, 11, 14, 13, 5, 19, 18, 15, 17, 2, 16, 1, 6, 12, 0, 7, 4, 9, 3]",643.5,"[6, 15, 18, 0, 8, 7, 16, 17, 14, 12, 1, 5, 19, 4, 11, 10, 13, 3, 9, 2]",594.5,8.90415358543396
"[19, 10, 14, 9, 17, 6, 5, 0, 1, 12, 2, 13, 16, 18, 4, 8, 15, 3, 7, 11]",626.5,"[6, 15, 18, 0, 8, 7, 16, 17, 14, 12, 1, 5, 19, 4, 11, 10, 13, 3, 9, 2]",594.5,8.966161489486694
"[11, 7, 17, 19, 1, 5, 10, 13, 2, 18, 9, 4, 6, 3, 12, 15, 16, 14, 8, 0]",650.0,"[6, 15, 18, 0, 8, 7, 16, 17, 14, 12, 1, 5, 19, 4, 11, 10, 13, 3, 9, 2]",594.5,9.030159711837769
"[6, 0, 16, 4, 1, 15, 19, 13, 14, 17, 12, 2, 8, 5, 18, 3, 9, 11, 7, 10]",627.0,"[6, 15, 18, 0, 8, 7, 16, 17, 14, 12, 1, 5, 19, 4, 11, 10, 13, 3, 9, 2]",594.5,9.094161987304688
"[13, 8, 4, 14, 9, 1, 7, 5, 15, 6, 0, 18, 16, 10, 3, 2, 19, 12, 11, 17]",626.0,"[6, 15, 18, 0, 8, 7, 16, 17, 14, 12, 1, 5, 19, 4, 11, 10, 13, 3, 9, 2]",594.5,9.156163454055786
"[8, 14, 3, 11, 9, 4, 2, 1, 10, 15, 19, 12, 5, 7, 6, 0, 18, 13, 16, 17]",643.0,"[6, 15, 18, 0, 8, 7, 16, 17, 14, 12, 1, 5, 19, 4, 11, 10, 13, 3, 9, 2]",594.5,9.224164962768555
"[8, 5, 11, 12, 13, 18, 6, 7, 9, 2, 10, 0, 1, 4, 15, 17, 16, 19, 14, 3]",635.5,"[6, 15, 18, 0, 8, 7, 16, 17, 14, 12, 1, 5, 19, 4, 11, 10, 13, 3, 9, 2]",594.5,9.293165683746338
"[16, 2, 1, 15, 10, 6, 9, 0, 8, 11, 14, 13, 5, 3, 19, 4, 7, 12, 18, 17]",660.5,"[6, 15, 18, 0, 8, 7, 16, 17, 14, 12, 1, 5, 19, 4, 11, 10, 13, 3, 9, 2]",594.5,9.35716700553894
"[18, 16, 1, 17, 2, 11, 14, 10, 19, 9, 13, 0, 6, 7, 3, 15, 5, 4, 8, 12]",631.0,"[6, 15, 18, 0, 8, 7, 16, 17, 14, 12, 1, 5, 19, 4, 11, 10, 13, 3, 9, 2]",594.5,9.421167135238647
"[9, 11, 19, 5, 7, 8, 4, 18, 6, 17, 16, 13, 12, 10, 0, 1, 2, 3, 15, 14]",608.5,"[6, 15, 18, 0, 8, 7, 16, 17, 14, 12, 1, 5, 19, 4, 11, 10, 13, 3, 9, 2]",594.5,9.483171463012695
"[12, 4, 0, 19, 15, 8, 1, 7, 14, 16, 17, 5, 18, 11, 6, 9, 13, 2, 3, 10]",644.0,"[6, 15, 18, 0, 8, 7, 16, 17, 14, 12, 1, 5, 19, 4, 11, 10, 13, 3, 9, 2]",594.5,9.548171758651733
"[11, 0, 8, 9, 10, 13, 14, 16, 6, 3, 4, 12, 5, 2, 7, 18, 1, 17, 15, 19]",625.0,"[6, 15, 18, 0, 8, 7, 16, 17, 14, 12, 1, 5, 19, 4, 11, 10, 13, 3, 9, 2]",594.5,9.617170810699463
"[4, 17, 16, 6, 14, 2, 11, 18, 5, 12, 15, 9, 8, 10, 3, 19, 7, 0, 1, 13]",670.0,"[6, 15, 18, 0, 8, 7, 16, 17, 14, 12, 1, 5, 19, 4, 11, 10, 13, 3, 9, 2]",594.5,9.67917799949646
"[17, 6, 14, 3, 10, 2, 5, 15, 18, 16, 19, 0, 1, 7, 8, 11, 12, 4, 9, 13]",635.0,"[6, 15, 18, 0, 8, 7, 16, 17, 14, 12, 1, 5, 19, 4, 11, 10, 13, 3, 9, 2]",594.5,9.741178035736084
"[3, 4, 15, 9, 11, 16, 18, 1, 12, 6, 7, 14, 19, 17, 13, 10, 8, 2, 5, 0]",656.5,"[6, 15, 18, 0, 8, 7, 16, 17, 14, 12, 1, 5, 19, 4, 11, 10, 13, 3, 9, 2]",594.5,9.806177139282227
"[13, 1, 2, 10, 6, 11, 5, 12, 18, 9, 17, 7, 15, 14, 0, 16, 3, 4, 19, 8]",633.0,"[6, 15, 18, 0, 8, 7, 16, 17, 14, 12, 1, 5, 19, 4, 11, 10, 13, 3, 9, 2]",594.5,9.868204116821289
"[15, 2, 11, 4, 3, 13, 5, 9, 17, 19, 1, 10, 7, 14, 16, 6, 0, 18, 12, 8]",632.5,"[6, 15, 18, 0, 8, 7, 16, 17, 14, 12, 1, 5, 19, 4, 11, 10, 13, 3, 9, 2]",594.5,9.935176372528076
"[18, 8, 4, 2, 15, 3, 1, 13, 17, 5, 7, 10, 19, 0, 14, 12, 16, 9, 6, 11]",628.0,"[6, 15, 18, 0, 8, 7, 16, 17, 14, 12, 1, 5, 19, 4, 11, 10, 13, 3, 9, 2]",594.5,10.003177404403687
"[8, 4, 17, 16, 1, 9, 10, 19, 13, 15, 7, 5, 0, 18, 14, 6, 12, 3, 2, 11]",630.5,"[6, 15, 18, 0, 8, 7, 16, 17, 14, 12, 1, 5, 19, 4, 11, 10, 13, 3, 9, 2]",594.5,10.069180011749268
"[12, 2, 14, 15, 17, 10, 18, 11, 1, 13, 5, 6, 7, 0, 9, 8, 3, 16, 4, 19]",639.5,"[6, 15, 18, 0, 8, 7, 16, 17, 14, 12, 1, 5, 19, 4, 11, 10, 13, 3, 9, 2]",594.5,10.131181716918945
"[6, 15, 7, 2, 5, 11, 19, 16, 9, 18, 12, 10, 3, 13, 1, 17, 8, 14, 0, 4]",661.0,"[6, 15, 18, 0, 8, 7, 16, 17, 14, 12, 1, 5, 19, 4, 11, 10, 13, 3, 9, 2]",594.5,10.198181867599487
"[10, 11, 19, 9, 4, 14, 0, 8, 17, 5, 15, 12, 2, 13, 1, 16, 3, 18, 7, 6]",646.5,"[6, 15, 18, 0, 8, 7, 16, 17, 14, 12, 1, 5, 19, 4, 11, 10, 13, 3, 9, 2]",594.5,10.263183355331421
"[0, 1, 15, 14, 4, 19, 7, 12, 18, 17, 10, 9, 5, 2, 16, 3, 11, 13, 6, 8]",631.5,"[6, 15, 18, 0, 8, 7, 16, 17, 14, 12, 1, 5, 19, 4, 11, 10, 13, 3, 9, 2]",594.5,10.349183082580566
"[10, 18, 12, 5, 8, 6, 1, 14, 17, 19, 3, 2, 11, 7, 4, 13, 0, 9, 15, 16]",635.5,"[6, 15, 18, 0, 8, 7, 16, 17, 14, 12, 1, 5, 19, 4, 11, 10, 13, 3, 9, 2]",594.5,10.415184497833252
"[2, 7, 0, 12, 8, 15, 14, 16, 1, 11, 18, 9, 4, 3, 5, 10, 13, 17, 19, 6]",661.5,"[6, 15, 18, 0, 8, 7, 16, 17, 14, 12, 1, 5, 19, 4, 11, 10, 13, 3, 9, 2]",594.5,10.477230072021484
"[19, 4, 7, 13, 2, 18, 16, 3, 11, 9, 14, 8, 17, 0, 5, 6, 15, 10, 1, 12]",687.0,"[6, 15, 18, 0, 8, 7, 16, 17, 14, 12, 1, 5, 19, 4, 11, 10, 13, 3, 9, 2]",594.5,10.539192199707031
"[5, 14, 4, 17, 3, 15, 12, 10, 2, 6, 16, 18, 13, 7, 19, 0, 8, 11, 9, 1]",664.5,"[6, 15, 18, 0, 8, 7, 16, 17, 14, 12, 1, 5, 19, 4, 11, 10, 13, 3, 9, 2]",594.5,10.601190090179443
"[13, 7, 1, 3, 8, 5, 9, 17, 15, 0, 16, 19, 18, 14, 6, 12, 4, 11, 2, 10]",644.0,"[6, 15, 18, 0, 8, 7, 16, 17, 14, 12, 1, 5, 19, 4, 11, 10, 13, 3, 9, 2]",594.5,10.663189888000488
"[2, 16, 7, 0, 9, 8, 13, 1, 4, 14, 18, 12, 11, 17, 10, 3, 6, 5, 19, 15]",649.0,"[6, 15, 18, 0, 8, 7, 16, 17, 14, 12, 1, 5, 19, 4, 11, 10, 13, 3, 9, 2]",594.5,10.726191282272339
"[1, 19, 0, 14, 11, 10, 4, 9, 5, 2, 6, 12, 13, 3, 8, 18, 15, 16, 7, 17]",648.5,"[6, 15, 18, 0, 8, 7, 16, 17, 14, 12, 1, 5, 19, 4, 11, 10, 13, 3, 9, 2]",594.5,10.78919243812561
"[0, 16, 3, 7, 14, 12, 15, 6, 4, 13, 9, 11, 1, 8, 5, 17, 10, 2, 19, 18]",649.5,"[6, 15, 18, 0, 8, 7, 16, 17, 14, 12, 1, 5, 19, 4, 11, 10, 13, 3, 9, 2]",594.5,10.859195947647095
"[3, 6, 9, 11, 16, 13, 1, 17, 4, 18, 14, 8, 12, 7, 10, 15, 2, 0, 19, 5]",647.5,"[6, 15, 18, 0, 8, 7, 16, 17, 14, 12, 1, 5, 19, 4, 11, 10, 13, 3, 9, 2]",594.5,10.927205085754395
"[11, 1, 4, 16, 12, 6, 8, 18, 19, 10, 0, 15, 13, 3, 2, 14, 7, 9, 17, 5]",620.0,"[6, 15, 18, 0, 8, 7, 16, 17, 14, 12, 1, 5, 19, 4, 11, 10, 13, 3, 9, 2]",594.5,10.992198944091797
"[4, 12, 13, 17, 1, 15, 18, 16, 2, 3, 14, 9, 10, 8, 0, 7, 6, 19, 5, 11]",655.5,"[6, 15, 18, 0, 8, 7, 16, 17, 14, 12, 1, 5, 19, 4, 11, 10, 13, 3, 9, 2]",594.5,11.05919861793518
"[6, 1, 5, 8, 3, 17, 18, 10, 13, 16, 14, 7, 0, 11, 2, 4, 12, 9, 19, 15]",623.0,"[6, 15, 18, 0, 8, 7, 16, 17, 14, 12, 1, 5, 19, 4, 11, 10, 13, 3, 9, 2]",594.5,11.121200561523438
"[4, 12, 2, 11, 6, 14, 18, 0, 15, 19, 13, 16, 3, 8, 10, 1, 5, 17, 7, 9]",655.5,"[6, 15, 18, 0, 8, 7, 16, 17, 14, 12, 1, 5, 19, 4, 11, 10, 13, 3, 9, 2]",594.5,11.188199043273926
"[9, 16, 12, 14, 8, 17, 6, 0, 15, 13, 1, 7, 19, 10, 11, 2, 3, 4, 5, 18]",639.5,"[6, 15, 18, 0, 8, 7, 16, 17, 14, 12, 1, 5, 19, 4, 11, 10, 13, 3, 9, 2]",594.5,11.251202821731567
"[8, 3, 2, 4, 12, 14, 19, 15, 11, 1, 17, 18, 9, 16, 5, 13, 6, 0, 7, 10]",647.5,"[6, 15, 18, 0, 8, 7, 16, 17, 14, 12, 1, 5, 19, 4, 11, 10, 13, 3, 9, 2]",594.5,11.324204206466675
"[0, 13, 8, 17, 1, 15, 4, 16, 6, 2, 11, 12, 3, 5, 10, 18, 19, 7, 9, 14]",640.5,"[6, 15, 18, 0, 8, 7, 16, 17, 14, 12, 1, 5, 19, 4, 11, 10, 13, 3, 9, 2]",594.5,11.395206928253174
"[12, 19, 13, 1, 3, 9, 18, 15, 7, 16, 4, 17, 10, 6, 0, 5, 8, 2, 11, 14]",645.5,"[6, 15, 18, 0, 8, 7, 16, 17, 14, 12, 1, 5, 19, 4, 11, 10, 13, 3, 9, 2]",594.5,11.45820689201355
"[16, 17, 2, 19, 18, 4, 14, 8, 7, 13, 11, 10, 5, 0, 3, 15, 12, 6, 1, 9]",616.0,"[6, 15, 18, 0, 8, 7, 16, 17, 14, 12, 1, 5, 19, 4, 11, 10, 13, 3, 9, 2]",594.5,11.522206544876099
"[9, 2, 18, 12, 13, 6, 3, 4, 19, 15, 10, 1, 7, 0, 11, 8, 14, 17, 5, 16]",632.5,"[6, 15, 18, 0, 8, 7, 16, 17, 14, 12, 1, 5, 19, 4, 11, 10, 13, 3, 9, 2]",594.5,11.585205316543579
"[8, 12, 1, 0, 18, 6, 19, 7, 5, 4, 17, 11, 14, 16, 3, 9, 10, 13, 15, 2]",609.5,"[6, 15, 18, 0, 8, 7, 16, 17, 14, 12, 1, 5, 19, 4, 11, 10, 13, 3, 9, 2]",594.5,11.65020751953125
"[7, 3, 19, 4, 10, 14, 6, 16, 18, 1, 8, 9, 13, 11, 17, 0, 12, 2, 5, 15]",621.5,"[6, 15, 18, 0, 8, 7, 16, 17, 14, 12, 1, 5, 19, 4, 11, 10, 13, 3, 9, 2]",594.5,11.712206602096558
"[9, 0, 6, 1, 3, 8, 12, 15, 2, 5, 11, 17, 18, 16, 10, 4, 19, 13, 7, 14]",647.5,"[6, 15, 18, 0, 8, 7, 16, 17, 14, 12, 1, 5, 19, 4, 11, 10, 13, 3, 9, 2]",594.5,11.776208400726318
"[19, 16, 14, 1, 17, 2, 11, 6, 10, 4, 3, 8, 12, 13, 18, 5, 7, 0, 15, 9]",636.5,"[6, 15, 18, 0, 8, 7, 16, 17, 14, 12, 1, 5, 19, 4, 11, 10, 13, 3, 9, 2]",594.5,11.842213153839111
"[5, 6, 3, 13, 17, 10, 4, 1, 18, 7, 14, 16, 0, 11, 19, 2, 15, 8, 12, 9]",610.5,"[6, 15, 18, 0, 8, 7, 16, 17, 14, 12, 1, 5, 19, 4, 11, 10, 13, 3, 9, 2]",594.5,11.905220031738281
"[12, 8, 10, 14, 4, 18, 1, 17, 6, 3, 16, 15, 13, 9, 11, 0, 19, 2, 5, 7]",641.0,"[6, 15, 18, 0, 8, 7, 16, 17, 14, 12, 1, 5, 19, 4, 11, 10, 13, 3, 9, 2]",594.5,11.971215724945068
"[6, 4, 8, 16, 18, 7, 17, 12, 9, 1, 10, 3, 19, 14, 15, 5, 13, 2, 11, 0]",644.0,"[6, 15, 18, 0, 8, 7, 16, 17, 14, 12, 1, 5, 19, 4, 11, 10, 13, 3, 9, 2]",594.5,12.034216165542603
"[15, 19, 0, 4, 9, 11, 13, 12, 2, 7, 3, 6, 17, 18, 1, 16, 14, 10, 8, 5]",657.5,"[6, 15, 18, 0, 8, 7, 16, 17, 14, 12, 1, 5, 19, 4, 11, 10, 13, 3, 9, 2]",594.5,12.097216606140137
"[1, 16, 4, 0, 19, 7, 10, 14, 2, 15, 3, 11, 18, 6, 9, 8, 12, 17, 13, 5]",631.0,"[6, 15, 18, 0, 8, 7, 16, 17, 14, 12, 1, 5, 19, 4, 11, 10, 13, 3, 9, 2]",594.5,12.157219171524048
"[6, 1, 14, 9, 12, 16, 17, 19, 15, 0, 5, 3, 18, 10, 13, 4, 7, 11, 8, 2]",630.5,"[6, 15, 18, 0, 8, 7, 16, 17, 14, 12, 1, 5, 19, 4, 11, 10, 13, 3, 9, 2]",594.5,12.220217943191528
"[17, 12, 4, 13, 16, 14, 0, 7, 15, 2, 6, 5, 1, 8, 19, 9, 11, 3, 10, 18]",679.0,"[6, 15, 18, 0, 8, 7, 16, 17, 14, 12, 1, 5, 19, 4, 11, 10, 13, 3, 9, 2]",594.5,12.28421688079834
"[5, 13, 7, 17, 0, 16, 12, 14, 1, 6, 10, 19, 15, 4, 3, 9, 11, 2, 8, 18]",630.0,"[6, 15, 18, 0, 8, 7, 16, 17, 14, 12, 1, 5, 19, 4, 11, 10, 13, 3, 9, 2]",594.5,12.347218990325928
"[8, 9, 18, 0, 19, 11, 6, 1, 17, 12, 16, 14, 15, 3, 13, 2, 7, 10, 4, 5]",636.0,"[6, 15, 18, 0, 8, 7, 16, 17, 14, 12, 1, 5, 19, 4, 11, 10, 13, 3, 9, 2]",594.5,12.411220073699951
"[8, 1, 13, 4, 18, 2, 7, 6, 19, 5, 9, 12, 11, 0, 3, 15, 14, 17, 10, 16]",636.5,"[6, 15, 18, 0, 8, 7, 16, 17, 14, 12, 1, 5, 19, 4, 11, 10, 13, 3, 9, 2]",594.5,12.478246450424194
"[7, 9, 17, 5, 15, 6, 2, 19, 12, 14, 4, 8, 10, 3, 0, 11, 16, 1, 13, 18]",703.0,"[6, 15, 18, 0, 8, 7, 16, 17, 14, 12, 1, 5, 19, 4, 11, 10, 13, 3, 9, 2]",594.5,12.543224096298218
"[17, 14, 15, 4, 2, 11, 18, 7, 3, 19, 0, 13, 10, 9, 5, 16, 1, 12, 6, 8]",675.5,"[6, 15, 18, 0, 8, 7, 16, 17, 14, 12, 1, 5, 19, 4, 11, 10, 13, 3, 9, 2]",594.5,12.607221603393555
"[17, 11, 9, 7, 3, 14, 18, 1, 8, 10, 2, 0, 12, 13, 5, 6, 4, 16, 19, 15]",650.5,"[6, 15, 18, 0, 8, 7, 16, 17, 14, 12, 1, 5, 19, 4, 11, 10, 13, 3, 9, 2]",594.5,12.672226428985596
"[9, 4, 10, 1, 19, 8, 17, 11, 2, 0, 15, 5, 18, 6, 12, 13, 3, 7, 14, 16]",630.0,"[6, 15, 18, 0, 8, 7, 16, 17, 14, 12, 1, 5, 19, 4, 11, 10, 13, 3, 9, 2]",594.5,12.738224983215332
"[0, 13, 5, 16, 10, 1, 11, 6, 9, 15, 19, 14, 2, 18, 3, 12, 17, 4, 7, 8]",623.5,"[6, 15, 18, 0, 8, 7, 16, 17, 14, 12, 1, 5, 19, 4, 11, 10, 13, 3, 9, 2]",594.5,12.801233768463135
"[3, 0, 2, 7, 4, 6, 19, 9, 13, 1, 10, 16, 18, 15, 8, 17, 14, 5, 12, 11]",629.5,"[6, 15, 18, 0, 8, 7, 16, 17, 14, 12, 1, 5, 19, 4, 11, 10, 13, 3, 9, 2]",594.5,12.863226890563965
"[16, 3, 7, 14, 10, 13, 15, 8, 9, 11, 4, 6, 12, 5, 18, 2, 0, 1, 17, 19]",672.5,"[6, 15, 18, 0, 8, 7, 16, 17, 14, 12, 1, 5, 19, 4, 11, 10, 13, 3, 9, 2]",594.5,12.92823052406311
"[7, 6, 14, 2, 1, 3, 15, 9, 4, 17, 0, 5, 12, 13, 16, 19, 10, 18, 11, 8]",676.5,"[6, 15, 18, 0, 8, 7, 16, 17, 14, 12, 1, 5, 19, 4, 11, 10, 13, 3, 9, 2]",594.5,12.991231918334961
"[7, 14, 17, 1, 6, 8, 10, 0, 4, 12, 16, 18, 19, 2, 15, 3, 5, 11, 13, 9]",625.5,"[6, 15, 18, 0, 8, 7, 16, 17, 14, 12, 1, 5, 19, 4, 11, 10, 13, 3, 9, 2]",594.5,13.05723237991333
