Sequence,Fitness,Best_sequence,Best_fitness,Time
"[12, 4, 18, 0, 9, 5, 3, 10, 1, 17, 7, 16, 14, 2, 11, 6, 19, 13, 15, 8]",1537.0,"[12, 4, 18, 0, 9, 5, 3, 10, 1, 17, 7, 16, 14, 2, 11, 6, 19, 13, 15, 8]",1537.0,0.0
"[13, 14, 2, 9, 8, 15, 0, 19, 12, 1, 16, 18, 17, 11, 10, 4, 6, 3, 7, 5]",1511.5,"[12, 4, 18, 0, 9, 5, 3, 10, 1, 17, 7, 16, 14, 2, 11, 6, 19, 13, 15, 8]",1537.0,0.06099581718444824
"[5, 17, 3, 11, 18, 0, 6, 16, 19, 13, 9, 10, 2, 8, 7, 1, 15, 4, 12, 14]",1488.0,"[13, 14, 2, 9, 8, 15, 0, 19, 12, 1, 16, 18, 17, 11, 10, 4, 6, 3, 7, 5]",1511.5,0.12299942970275879
"[7, 4, 1, 19, 15, 3, 16, 5, 6, 13, 12, 18, 8, 2, 10, 17, 11, 0, 14, 9]",1529.0,"[5, 17, 3, 11, 18, 0, 6, 16, 19, 13, 9, 10, 2, 8, 7, 1, 15, 4, 12, 14]",1488.0,0.18999361991882324
"[15, 19, 12, 9, 3, 11, 0, 14, 16, 13, 18, 7, 10, 4, 2, 1, 5, 6, 17, 8]",1721.0,"[5, 17, 3, 11, 18, 0, 6, 16, 19, 13, 9, 10, 2, 8, 7, 1, 15, 4, 12, 14]",1488.0,0.2549915313720703
"[14, 13, 0, 2, 9, 12, 17, 18, 3, 4, 7, 15, 1, 19, 5, 10, 6, 8, 16, 11]",1483.0,"[5, 17, 3, 11, 18, 0, 6, 16, 19, 13, 9, 10, 2, 8, 7, 1, 15, 4, 12, 14]",1488.0,0.3139972686767578
"[5, 3, 6, 10, 18, 19, 17, 13, 0, 12, 15, 16, 1, 7, 9, 2, 14, 11, 4, 8]",1481.0,"[14, 13, 0, 2, 9, 12, 17, 18, 3, 4, 7, 15, 1, 19, 5, 10, 6, 8, 16, 11]",1483.0,0.3749969005584717
"[6, 7, 12, 17, 9, 8, 4, 18, 3, 1, 13, 15, 2, 10, 11, 5, 16, 0, 19, 14]",1512.5,"[5, 3, 6, 10, 18, 19, 17, 13, 0, 12, 15, 16, 1, 7, 9, 2, 14, 11, 4, 8]",1481.0,0.4389951229095459
"[13, 4, 3, 8, 6, 12, 2, 14, 19, 17, 10, 9, 0, 7, 16, 5, 18, 1, 11, 15]",1537.0,"[5, 3, 6, 10, 18, 19, 17, 13, 0, 12, 15, 16, 1, 7, 9, 2, 14, 11, 4, 8]",1481.0,0.5160048007965088
"[6, 1, 18, 0, 12, 11, 14, 3, 10, 16, 7, 2, 4, 15, 9, 5, 8, 13, 17, 19]",1634.0,"[5, 3, 6, 10, 18, 19, 17, 13, 0, 12, 15, 16, 1, 7, 9, 2, 14, 11, 4, 8]",1481.0,0.5879983901977539
"[16, 10, 19, 7, 0, 9, 4, 1, 13, 11, 18, 12, 5, 6, 2, 15, 3, 17, 14, 8]",1519.0,"[5, 3, 6, 10, 18, 19, 17, 13, 0, 12, 15, 16, 1, 7, 9, 2, 14, 11, 4, 8]",1481.0,0.6560792922973633
"[16, 9, 3, 10, 13, 8, 11, 12, 1, 18, 14, 0, 6, 2, 17, 15, 4, 5, 7, 19]",1529.5,"[5, 3, 6, 10, 18, 19, 17, 13, 0, 12, 15, 16, 1, 7, 9, 2, 14, 11, 4, 8]",1481.0,0.7219982147216797
"[7, 12, 0, 15, 2, 19, 10, 3, 8, 4, 14, 13, 1, 5, 9, 11, 17, 18, 6, 16]",1506.0,"[5, 3, 6, 10, 18, 19, 17, 13, 0, 12, 15, 16, 1, 7, 9, 2, 14, 11, 4, 8]",1481.0,0.7859988212585449
"[9, 0, 10, 14, 8, 6, 18, 11, 2, 16, 5, 4, 17, 12, 13, 3, 1, 7, 19, 15]",1429.0,"[5, 3, 6, 10, 18, 19, 17, 13, 0, 12, 15, 16, 1, 7, 9, 2, 14, 11, 4, 8]",1481.0,0.8510391712188721
"[16, 18, 11, 15, 4, 9, 10, 19, 7, 8, 17, 14, 3, 12, 5, 0, 6, 2, 1, 13]",1589.0,"[9, 0, 10, 14, 8, 6, 18, 11, 2, 16, 5, 4, 17, 12, 13, 3, 1, 7, 19, 15]",1429.0,0.9159970283508301
"[4, 7, 6, 14, 3, 5, 19, 18, 10, 8, 0, 11, 13, 17, 16, 15, 1, 9, 2, 12]",1476.0,"[9, 0, 10, 14, 8, 6, 18, 11, 2, 16, 5, 4, 17, 12, 13, 3, 1, 7, 19, 15]",1429.0,0.9829978942871094
"[9, 0, 8, 7, 4, 11, 5, 19, 16, 10, 17, 13, 18, 2, 1, 6, 12, 15, 14, 3]",1383.5,"[9, 0, 10, 14, 8, 6, 18, 11, 2, 16, 5, 4, 17, 12, 13, 3, 1, 7, 19, 15]",1429.0,1.0499961376190186
"[8, 1, 7, 6, 9, 18, 5, 4, 0, 19, 13, 17, 15, 16, 14, 11, 10, 3, 2, 12]",1353.5,"[9, 0, 8, 7, 4, 11, 5, 19, 16, 10, 17, 13, 18, 2, 1, 6, 12, 15, 14, 3]",1383.5,1.1139967441558838
"[8, 5, 15, 7, 10, 17, 4, 11, 0, 9, 13, 6, 3, 12, 19, 16, 14, 2, 1, 18]",1448.0,"[8, 1, 7, 6, 9, 18, 5, 4, 0, 19, 13, 17, 15, 16, 14, 11, 10, 3, 2, 12]",1353.5,1.1779980659484863
"[18, 16, 12, 3, 13, 0, 14, 5, 7, 11, 2, 6, 4, 1, 10, 15, 8, 17, 9, 19]",1490.5,"[8, 1, 7, 6, 9, 18, 5, 4, 0, 19, 13, 17, 15, 16, 14, 11, 10, 3, 2, 12]",1353.5,1.2390055656433105
"[14, 8, 19, 12, 5, 18, 1, 9, 13, 7, 17, 3, 4, 16, 10, 6, 0, 11, 2, 15]",1340.5,"[8, 1, 7, 6, 9, 18, 5, 4, 0, 19, 13, 17, 15, 16, 14, 11, 10, 3, 2, 12]",1353.5,1.3010096549987793
"[15, 6, 9, 2, 14, 13, 1, 4, 10, 11, 17, 5, 18, 3, 0, 12, 8, 7, 19, 16]",1387.0,"[14, 8, 19, 12, 5, 18, 1, 9, 13, 7, 17, 3, 4, 16, 10, 6, 0, 11, 2, 15]",1340.5,1.365004062652588
"[14, 11, 19, 16, 8, 17, 15, 18, 1, 13, 0, 4, 12, 6, 3, 10, 9, 5, 7, 2]",1602.5,"[14, 8, 19, 12, 5, 18, 1, 9, 13, 7, 17, 3, 4, 16, 10, 6, 0, 11, 2, 15]",1340.5,1.428999423980713
"[3, 18, 7, 19, 1, 13, 4, 15, 16, 10, 17, 11, 12, 6, 14, 2, 8, 9, 0, 5]",1633.0,"[14, 8, 19, 12, 5, 18, 1, 9, 13, 7, 17, 3, 4, 16, 10, 6, 0, 11, 2, 15]",1340.5,1.4990010261535645
"[5, 14, 7, 19, 1, 6, 10, 16, 13, 0, 12, 8, 4, 18, 17, 3, 15, 11, 9, 2]",1476.5,"[14, 8, 19, 12, 5, 18, 1, 9, 13, 7, 17, 3, 4, 16, 10, 6, 0, 11, 2, 15]",1340.5,1.5710115432739258
"[8, 12, 10, 2, 14, 1, 4, 16, 3, 19, 17, 15, 5, 13, 11, 7, 18, 6, 0, 9]",1505.0,"[14, 8, 19, 12, 5, 18, 1, 9, 13, 7, 17, 3, 4, 16, 10, 6, 0, 11, 2, 15]",1340.5,1.6500024795532227
"[3, 13, 0, 17, 8, 18, 2, 1, 19, 11, 16, 5, 6, 15, 7, 4, 9, 14, 12, 10]",1462.5,"[14, 8, 19, 12, 5, 18, 1, 9, 13, 7, 17, 3, 4, 16, 10, 6, 0, 11, 2, 15]",1340.5,1.7180123329162598
"[11, 14, 13, 4, 5, 7, 0, 18, 15, 17, 12, 3, 19, 16, 6, 10, 1, 2, 8, 9]",1504.0,"[14, 8, 19, 12, 5, 18, 1, 9, 13, 7, 17, 3, 4, 16, 10, 6, 0, 11, 2, 15]",1340.5,1.7860069274902344
"[13, 8, 1, 11, 12, 18, 2, 4, 19, 7, 17, 9, 14, 3, 16, 10, 15, 0, 5, 6]",1539.5,"[14, 8, 19, 12, 5, 18, 1, 9, 13, 7, 17, 3, 4, 16, 10, 6, 0, 11, 2, 15]",1340.5,1.8510079383850098
"[0, 10, 13, 7, 15, 3, 9, 4, 14, 8, 19, 12, 5, 17, 18, 2, 16, 6, 1, 11]",1480.0,"[14, 8, 19, 12, 5, 18, 1, 9, 13, 7, 17, 3, 4, 16, 10, 6, 0, 11, 2, 15]",1340.5,1.9140052795410156
"[17, 4, 18, 13, 15, 10, 14, 16, 2, 1, 6, 8, 7, 9, 19, 3, 0, 12, 11, 5]",1524.0,"[14, 8, 19, 12, 5, 18, 1, 9, 13, 7, 17, 3, 4, 16, 10, 6, 0, 11, 2, 15]",1340.5,1.9800071716308594
"[13, 15, 0, 5, 7, 3, 19, 10, 2, 4, 11, 6, 17, 9, 18, 14, 8, 16, 1, 12]",1477.0,"[14, 8, 19, 12, 5, 18, 1, 9, 13, 7, 17, 3, 4, 16, 10, 6, 0, 11, 2, 15]",1340.5,2.04101300239563
"[7, 4, 12, 10, 6, 11, 13, 18, 8, 1, 19, 9, 3, 0, 15, 17, 5, 2, 14, 16]",1562.5,"[14, 8, 19, 12, 5, 18, 1, 9, 13, 7, 17, 3, 4, 16, 10, 6, 0, 11, 2, 15]",1340.5,2.1090073585510254
"[16, 7, 12, 5, 1, 15, 2, 10, 19, 8, 0, 11, 17, 9, 13, 14, 6, 3, 4, 18]",1469.0,"[14, 8, 19, 12, 5, 18, 1, 9, 13, 7, 17, 3, 4, 16, 10, 6, 0, 11, 2, 15]",1340.5,2.171008825302124
"[5, 3, 13, 16, 9, 0, 17, 10, 14, 2, 19, 11, 1, 4, 7, 15, 18, 6, 8, 12]",1407.0,"[14, 8, 19, 12, 5, 18, 1, 9, 13, 7, 17, 3, 4, 16, 10, 6, 0, 11, 2, 15]",1340.5,2.2320194244384766
"[18, 6, 5, 12, 17, 2, 9, 1, 0, 4, 8, 10, 14, 15, 16, 13, 11, 3, 19, 7]",1394.5,"[14, 8, 19, 12, 5, 18, 1, 9, 13, 7, 17, 3, 4, 16, 10, 6, 0, 11, 2, 15]",1340.5,2.327003002166748
"[19, 9, 7, 5, 6, 17, 15, 2, 13, 3, 11, 16, 8, 14, 0, 12, 1, 10, 18, 4]",1421.0,"[14, 8, 19, 12, 5, 18, 1, 9, 13, 7, 17, 3, 4, 16, 10, 6, 0, 11, 2, 15]",1340.5,2.389005184173584
"[14, 12, 4, 6, 15, 13, 5, 11, 19, 1, 10, 0, 3, 18, 9, 16, 17, 2, 8, 7]",1478.0,"[14, 8, 19, 12, 5, 18, 1, 9, 13, 7, 17, 3, 4, 16, 10, 6, 0, 11, 2, 15]",1340.5,2.460000991821289
"[2, 8, 1, 15, 0, 11, 18, 19, 6, 4, 9, 14, 16, 12, 7, 5, 10, 17, 13, 3]",1522.0,"[14, 8, 19, 12, 5, 18, 1, 9, 13, 7, 17, 3, 4, 16, 10, 6, 0, 11, 2, 15]",1340.5,2.52301287651062
"[3, 17, 0, 12, 5, 7, 14, 4, 9, 11, 6, 10, 18, 16, 2, 8, 13, 1, 19, 15]",1525.5,"[14, 8, 19, 12, 5, 18, 1, 9, 13, 7, 17, 3, 4, 16, 10, 6, 0, 11, 2, 15]",1340.5,2.5900354385375977
"[8, 7, 4, 0, 10, 13, 9, 6, 19, 2, 3, 1, 14, 18, 15, 12, 11, 17, 16, 5]",1554.5,"[14, 8, 19, 12, 5, 18, 1, 9, 13, 7, 17, 3, 4, 16, 10, 6, 0, 11, 2, 15]",1340.5,2.6570096015930176
"[1, 9, 7, 5, 4, 15, 13, 6, 11, 12, 0, 16, 18, 10, 14, 2, 8, 3, 17, 19]",1432.5,"[14, 8, 19, 12, 5, 18, 1, 9, 13, 7, 17, 3, 4, 16, 10, 6, 0, 11, 2, 15]",1340.5,2.737004518508911
"[13, 7, 8, 11, 4, 18, 1, 2, 17, 3, 6, 0, 14, 19, 12, 16, 5, 15, 9, 10]",1551.0,"[14, 8, 19, 12, 5, 18, 1, 9, 13, 7, 17, 3, 4, 16, 10, 6, 0, 11, 2, 15]",1340.5,2.8050005435943604
"[14, 4, 18, 9, 2, 11, 3, 15, 5, 6, 1, 12, 8, 17, 19, 7, 16, 13, 10, 0]",1493.0,"[14, 8, 19, 12, 5, 18, 1, 9, 13, 7, 17, 3, 4, 16, 10, 6, 0, 11, 2, 15]",1340.5,2.872004270553589
"[19, 8, 18, 7, 15, 9, 6, 10, 0, 2, 4, 5, 11, 12, 16, 13, 3, 14, 1, 17]",1458.0,"[14, 8, 19, 12, 5, 18, 1, 9, 13, 7, 17, 3, 4, 16, 10, 6, 0, 11, 2, 15]",1340.5,2.9350085258483887
"[19, 16, 6, 7, 15, 3, 13, 12, 1, 17, 0, 11, 2, 4, 8, 9, 18, 10, 5, 14]",1612.5,"[14, 8, 19, 12, 5, 18, 1, 9, 13, 7, 17, 3, 4, 16, 10, 6, 0, 11, 2, 15]",1340.5,3.0000083446502686
"[13, 10, 17, 8, 4, 14, 5, 11, 15, 6, 9, 12, 1, 0, 3, 2, 16, 7, 18, 19]",1409.5,"[14, 8, 19, 12, 5, 18, 1, 9, 13, 7, 17, 3, 4, 16, 10, 6, 0, 11, 2, 15]",1340.5,3.0730066299438477
"[3, 5, 8, 4, 0, 16, 17, 19, 12, 15, 13, 2, 10, 11, 7, 9, 6, 18, 1, 14]",1545.5,"[14, 8, 19, 12, 5, 18, 1, 9, 13, 7, 17, 3, 4, 16, 10, 6, 0, 11, 2, 15]",1340.5,3.135007381439209
"[5, 2, 13, 16, 15, 4, 8, 3, 1, 12, 0, 10, 7, 11, 6, 17, 9, 14, 19, 18]",1526.0,"[14, 8, 19, 12, 5, 18, 1, 9, 13, 7, 17, 3, 4, 16, 10, 6, 0, 11, 2, 15]",1340.5,3.1950104236602783
"[7, 4, 12, 3, 9, 13, 11, 16, 0, 8, 18, 1, 10, 19, 15, 2, 14, 5, 6, 17]",1602.5,"[14, 8, 19, 12, 5, 18, 1, 9, 13, 7, 17, 3, 4, 16, 10, 6, 0, 11, 2, 15]",1340.5,3.257009267807007
"[4, 13, 16, 18, 8, 17, 1, 5, 3, 6, 7, 12, 15, 2, 10, 11, 19, 9, 14, 0]",1524.0,"[14, 8, 19, 12, 5, 18, 1, 9, 13, 7, 17, 3, 4, 16, 10, 6, 0, 11, 2, 15]",1340.5,3.316012382507324
"[8, 10, 18, 14, 17, 13, 19, 6, 1, 16, 9, 5, 2, 11, 12, 0, 15, 4, 3, 7]",1352.5,"[14, 8, 19, 12, 5, 18, 1, 9, 13, 7, 17, 3, 4, 16, 10, 6, 0, 11, 2, 15]",1340.5,3.3790130615234375
"[16, 18, 10, 1, 15, 14, 3, 17, 2, 0, 6, 5, 13, 11, 7, 19, 8, 12, 4, 9]",1539.5,"[14, 8, 19, 12, 5, 18, 1, 9, 13, 7, 17, 3, 4, 16, 10, 6, 0, 11, 2, 15]",1340.5,3.4420065879821777
"[19, 18, 12, 7, 4, 6, 2, 9, 15, 14, 11, 5, 10, 3, 0, 16, 13, 8, 17, 1]",1548.5,"[14, 8, 19, 12, 5, 18, 1, 9, 13, 7, 17, 3, 4, 16, 10, 6, 0, 11, 2, 15]",1340.5,3.5090174674987793
"[3, 5, 17, 11, 19, 18, 4, 15, 13, 16, 6, 8, 10, 7, 12, 9, 1, 14, 0, 2]",1522.0,"[14, 8, 19, 12, 5, 18, 1, 9, 13, 7, 17, 3, 4, 16, 10, 6, 0, 11, 2, 15]",1340.5,3.577012777328491
"[11, 15, 6, 9, 7, 8, 4, 1, 14, 2, 3, 17, 19, 0, 12, 16, 18, 13, 5, 10]",1614.0,"[14, 8, 19, 12, 5, 18, 1, 9, 13, 7, 17, 3, 4, 16, 10, 6, 0, 11, 2, 15]",1340.5,3.6490190029144287
"[15, 2, 10, 3, 13, 9, 5, 1, 8, 12, 4, 16, 19, 7, 14, 17, 18, 6, 11, 0]",1414.5,"[14, 8, 19, 12, 5, 18, 1, 9, 13, 7, 17, 3, 4, 16, 10, 6, 0, 11, 2, 15]",1340.5,3.7120394706726074
"[6, 10, 14, 5, 19, 12, 9, 3, 13, 16, 2, 11, 0, 4, 17, 18, 1, 7, 15, 8]",1472.0,"[14, 8, 19, 12, 5, 18, 1, 9, 13, 7, 17, 3, 4, 16, 10, 6, 0, 11, 2, 15]",1340.5,3.774019241333008
"[8, 14, 10, 0, 15, 3, 2, 6, 4, 5, 12, 9, 11, 18, 7, 13, 17, 19, 1, 16]",1490.0,"[14, 8, 19, 12, 5, 18, 1, 9, 13, 7, 17, 3, 4, 16, 10, 6, 0, 11, 2, 15]",1340.5,3.843017578125
"[19, 11, 2, 0, 3, 6, 18, 14, 5, 15, 10, 13, 7, 12, 16, 9, 4, 17, 8, 1]",1564.0,"[14, 8, 19, 12, 5, 18, 1, 9, 13, 7, 17, 3, 4, 16, 10, 6, 0, 11, 2, 15]",1340.5,3.904017925262451
"[8, 14, 16, 1, 18, 3, 10, 9, 19, 17, 0, 4, 15, 11, 12, 5, 6, 7, 2, 13]",1607.0,"[14, 8, 19, 12, 5, 18, 1, 9, 13, 7, 17, 3, 4, 16, 10, 6, 0, 11, 2, 15]",1340.5,3.9680135250091553
"[18, 13, 4, 6, 11, 10, 0, 5, 1, 15, 19, 17, 12, 16, 7, 9, 3, 8, 2, 14]",1499.0,"[14, 8, 19, 12, 5, 18, 1, 9, 13, 7, 17, 3, 4, 16, 10, 6, 0, 11, 2, 15]",1340.5,4.031014442443848
"[15, 7, 13, 2, 5, 11, 9, 16, 19, 1, 0, 14, 12, 18, 17, 8, 4, 3, 6, 10]",1332.5,"[14, 8, 19, 12, 5, 18, 1, 9, 13, 7, 17, 3, 4, 16, 10, 6, 0, 11, 2, 15]",1340.5,4.0950212478637695
"[2, 5, 11, 12, 3, 14, 18, 4, 17, 13, 15, 7, 19, 16, 10, 6, 9, 1, 8, 0]",1533.5,"[15, 7, 13, 2, 5, 11, 9, 16, 19, 1, 0, 14, 12, 18, 17, 8, 4, 3, 6, 10]",1332.5,4.166015148162842
"[18, 3, 17, 10, 6, 13, 4, 14, 5, 19, 2, 16, 8, 0, 12, 1, 15, 11, 9, 7]",1455.0,"[15, 7, 13, 2, 5, 11, 9, 16, 19, 1, 0, 14, 12, 18, 17, 8, 4, 3, 6, 10]",1332.5,4.234013319015503
"[15, 18, 19, 6, 8, 17, 5, 7, 0, 16, 4, 11, 9, 14, 3, 10, 12, 1, 13, 2]",1455.5,"[15, 7, 13, 2, 5, 11, 9, 16, 19, 1, 0, 14, 12, 18, 17, 8, 4, 3, 6, 10]",1332.5,4.301025629043579
"[13, 8, 2, 3, 9, 15, 0, 6, 12, 4, 16, 10, 5, 19, 14, 7, 18, 17, 1, 11]",1441.5,"[15, 7, 13, 2, 5, 11, 9, 16, 19, 1, 0, 14, 12, 18, 17, 8, 4, 3, 6, 10]",1332.5,4.3620445728302
"[17, 6, 8, 3, 2, 15, 7, 19, 9, 10, 4, 12, 13, 16, 1, 5, 11, 0, 18, 14]",1552.0,"[15, 7, 13, 2, 5, 11, 9, 16, 19, 1, 0, 14, 12, 18, 17, 8, 4, 3, 6, 10]",1332.5,4.425018787384033
"[0, 2, 12, 7, 8, 13, 11, 16, 9, 5, 10, 4, 1, 19, 17, 3, 14, 6, 15, 18]",1449.5,"[15, 7, 13, 2, 5, 11, 9, 16, 19, 1, 0, 14, 12, 18, 17, 8, 4, 3, 6, 10]",1332.5,4.487180948257446
"[6, 10, 18, 16, 12, 15, 7, 5, 11, 13, 9, 19, 0, 4, 3, 17, 1, 2, 14, 8]",1475.0,"[15, 7, 13, 2, 5, 11, 9, 16, 19, 1, 0, 14, 12, 18, 17, 8, 4, 3, 6, 10]",1332.5,4.552019357681274
"[19, 16, 8, 6, 13, 11, 17, 15, 3, 18, 4, 5, 0, 2, 12, 7, 14, 1, 10, 9]",1519.5,"[15, 7, 13, 2, 5, 11, 9, 16, 19, 1, 0, 14, 12, 18, 17, 8, 4, 3, 6, 10]",1332.5,4.615030765533447
"[6, 2, 3, 5, 8, 12, 9, 15, 11, 4, 14, 17, 10, 18, 1, 16, 19, 13, 7, 0]",1550.0,"[15, 7, 13, 2, 5, 11, 9, 16, 19, 1, 0, 14, 12, 18, 17, 8, 4, 3, 6, 10]",1332.5,4.679021120071411
"[16, 2, 11, 0, 8, 10, 12, 6, 14, 1, 19, 4, 7, 17, 5, 15, 18, 3, 9, 13]",1648.5,"[15, 7, 13, 2, 5, 11, 9, 16, 19, 1, 0, 14, 12, 18, 17, 8, 4, 3, 6, 10]",1332.5,4.750015497207642
"[7, 6, 5, 15, 17, 8, 10, 12, 4, 19, 9, 2, 13, 16, 11, 3, 0, 18, 1, 14]",1433.5,"[15, 7, 13, 2, 5, 11, 9, 16, 19, 1, 0, 14, 12, 18, 17, 8, 4, 3, 6, 10]",1332.5,4.814019203186035
"[11, 16, 1, 7, 9, 12, 4, 2, 19, 6, 3, 17, 5, 13, 18, 15, 14, 8, 0, 10]",1597.0,"[15, 7, 13, 2, 5, 11, 9, 16, 19, 1, 0, 14, 12, 18, 17, 8, 4, 3, 6, 10]",1332.5,4.882018089294434
"[4, 15, 0, 19, 8, 11, 10, 17, 6, 18, 9, 7, 12, 1, 14, 5, 13, 16, 2, 3]",1557.0,"[15, 7, 13, 2, 5, 11, 9, 16, 19, 1, 0, 14, 12, 18, 17, 8, 4, 3, 6, 10]",1332.5,4.947018623352051
"[8, 14, 18, 0, 17, 4, 1, 15, 13, 10, 12, 5, 6, 11, 7, 16, 3, 9, 19, 2]",1439.5,"[15, 7, 13, 2, 5, 11, 9, 16, 19, 1, 0, 14, 12, 18, 17, 8, 4, 3, 6, 10]",1332.5,5.014019012451172
"[17, 12, 0, 19, 8, 13, 14, 9, 1, 11, 5, 4, 3, 6, 18, 16, 15, 10, 2, 7]",1456.0,"[15, 7, 13, 2, 5, 11, 9, 16, 19, 1, 0, 14, 12, 18, 17, 8, 4, 3, 6, 10]",1332.5,5.0830206871032715
"[4, 0, 10, 5, 13, 8, 18, 15, 12, 7, 2, 9, 3, 17, 16, 1, 6, 19, 11, 14]",1455.0,"[15, 7, 13, 2, 5, 11, 9, 16, 19, 1, 0, 14, 12, 18, 17, 8, 4, 3, 6, 10]",1332.5,5.147024631500244
"[3, 9, 8, 0, 4, 18, 14, 2, 10, 12, 5, 6, 13, 1, 16, 15, 17, 7, 11, 19]",1422.0,"[15, 7, 13, 2, 5, 11, 9, 16, 19, 1, 0, 14, 12, 18, 17, 8, 4, 3, 6, 10]",1332.5,5.210022449493408
"[12, 0, 10, 4, 8, 7, 1, 5, 17, 19, 9, 13, 3, 16, 15, 2, 11, 6, 18, 14]",1430.5,"[15, 7, 13, 2, 5, 11, 9, 16, 19, 1, 0, 14, 12, 18, 17, 8, 4, 3, 6, 10]",1332.5,5.2760231494903564
"[7, 2, 13, 10, 0, 16, 9, 17, 11, 6, 18, 12, 14, 3, 8, 15, 5, 19, 1, 4]",1519.0,"[15, 7, 13, 2, 5, 11, 9, 16, 19, 1, 0, 14, 12, 18, 17, 8, 4, 3, 6, 10]",1332.5,5.33902645111084
"[13, 10, 15, 6, 12, 18, 2, 14, 4, 5, 3, 17, 9, 8, 0, 19, 11, 16, 1, 7]",1381.5,"[15, 7, 13, 2, 5, 11, 9, 16, 19, 1, 0, 14, 12, 18, 17, 8, 4, 3, 6, 10]",1332.5,5.410031795501709
"[15, 0, 12, 19, 18, 5, 9, 11, 13, 10, 3, 6, 2, 8, 14, 1, 16, 4, 7, 17]",1490.5,"[15, 7, 13, 2, 5, 11, 9, 16, 19, 1, 0, 14, 12, 18, 17, 8, 4, 3, 6, 10]",1332.5,5.4760215282440186
"[1, 3, 5, 15, 13, 0, 16, 12, 17, 10, 7, 18, 6, 19, 8, 14, 11, 4, 2, 9]",1528.0,"[15, 7, 13, 2, 5, 11, 9, 16, 19, 1, 0, 14, 12, 18, 17, 8, 4, 3, 6, 10]",1332.5,5.540019750595093
"[16, 5, 9, 13, 2, 18, 19, 7, 14, 12, 1, 10, 8, 15, 17, 11, 6, 0, 4, 3]",1327.5,"[15, 7, 13, 2, 5, 11, 9, 16, 19, 1, 0, 14, 12, 18, 17, 8, 4, 3, 6, 10]",1332.5,5.6020188331604
"[4, 17, 2, 7, 3, 13, 6, 15, 1, 9, 0, 5, 8, 19, 11, 16, 14, 10, 18, 12]",1467.0,"[16, 5, 9, 13, 2, 18, 19, 7, 14, 12, 1, 10, 8, 15, 17, 11, 6, 0, 4, 3]",1327.5,5.665022850036621
"[15, 6, 8, 14, 11, 17, 1, 0, 13, 19, 4, 5, 7, 2, 9, 10, 16, 18, 12, 3]",1403.5,"[16, 5, 9, 13, 2, 18, 19, 7, 14, 12, 1, 10, 8, 15, 17, 11, 6, 0, 4, 3]",1327.5,5.732022523880005
"[6, 1, 12, 11, 17, 8, 4, 14, 7, 0, 3, 18, 10, 9, 16, 5, 13, 19, 15, 2]",1576.0,"[16, 5, 9, 13, 2, 18, 19, 7, 14, 12, 1, 10, 8, 15, 17, 11, 6, 0, 4, 3]",1327.5,5.799038887023926
"[3, 8, 0, 14, 15, 17, 1, 16, 12, 11, 10, 19, 4, 18, 9, 7, 2, 13, 6, 5]",1719.5,"[16, 5, 9, 13, 2, 18, 19, 7, 14, 12, 1, 10, 8, 15, 17, 11, 6, 0, 4, 3]",1327.5,5.866033315658569
"[2, 16, 10, 15, 19, 0, 3, 12, 17, 7, 6, 11, 9, 8, 13, 18, 4, 1, 5, 14]",1735.5,"[16, 5, 9, 13, 2, 18, 19, 7, 14, 12, 1, 10, 8, 15, 17, 11, 6, 0, 4, 3]",1327.5,5.927025079727173
"[18, 17, 1, 11, 15, 16, 19, 12, 4, 9, 2, 13, 5, 14, 0, 3, 10, 8, 7, 6]",1495.5,"[16, 5, 9, 13, 2, 18, 19, 7, 14, 12, 1, 10, 8, 15, 17, 11, 6, 0, 4, 3]",1327.5,5.994071006774902
"[12, 0, 9, 11, 2, 13, 14, 8, 18, 4, 10, 6, 19, 16, 5, 1, 7, 17, 15, 3]",1431.5,"[16, 5, 9, 13, 2, 18, 19, 7, 14, 12, 1, 10, 8, 15, 17, 11, 6, 0, 4, 3]",1327.5,6.061020612716675
"[8, 13, 4, 9, 15, 17, 7, 10, 12, 1, 3, 14, 18, 0, 2, 19, 6, 11, 16, 5]",1504.0,"[16, 5, 9, 13, 2, 18, 19, 7, 14, 12, 1, 10, 8, 15, 17, 11, 6, 0, 4, 3]",1327.5,6.124032497406006
"[3, 6, 1, 12, 10, 0, 15, 18, 16, 11, 14, 13, 9, 8, 19, 17, 7, 5, 2, 4]",1618.5,"[16, 5, 9, 13, 2, 18, 19, 7, 14, 12, 1, 10, 8, 15, 17, 11, 6, 0, 4, 3]",1327.5,6.1900224685668945
"[8, 18, 6, 1, 14, 12, 0, 10, 19, 9, 11, 17, 16, 4, 7, 3, 5, 13, 2, 15]",1640.0,"[16, 5, 9, 13, 2, 18, 19, 7, 14, 12, 1, 10, 8, 15, 17, 11, 6, 0, 4, 3]",1327.5,6.254054546356201
"[16, 4, 3, 13, 6, 14, 7, 12, 19, 0, 9, 11, 10, 15, 8, 17, 1, 2, 18, 5]",1626.0,"[16, 5, 9, 13, 2, 18, 19, 7, 14, 12, 1, 10, 8, 15, 17, 11, 6, 0, 4, 3]",1327.5,6.315337896347046
"[14, 3, 0, 12, 7, 2, 17, 16, 13, 8, 4, 19, 1, 18, 5, 6, 15, 10, 9, 11]",1448.0,"[16, 5, 9, 13, 2, 18, 19, 7, 14, 12, 1, 10, 8, 15, 17, 11, 6, 0, 4, 3]",1327.5,6.37602972984314
"[8, 10, 15, 2, 17, 7, 12, 6, 13, 5, 0, 9, 1, 18, 4, 14, 19, 16, 3, 11]",1394.5,"[16, 5, 9, 13, 2, 18, 19, 7, 14, 12, 1, 10, 8, 15, 17, 11, 6, 0, 4, 3]",1327.5,6.4440271854400635
"[6, 19, 5, 7, 17, 15, 10, 0, 18, 4, 3, 8, 2, 12, 14, 1, 11, 16, 9, 13]",1612.5,"[16, 5, 9, 13, 2, 18, 19, 7, 14, 12, 1, 10, 8, 15, 17, 11, 6, 0, 4, 3]",1327.5,6.510044574737549
"[15, 7, 8, 18, 6, 0, 16, 11, 2, 5, 13, 17, 14, 12, 19, 1, 3, 10, 4, 9]",1490.0,"[16, 5, 9, 13, 2, 18, 19, 7, 14, 12, 1, 10, 8, 15, 17, 11, 6, 0, 4, 3]",1327.5,6.581027269363403
"[4, 0, 16, 1, 15, 19, 6, 10, 9, 2, 5, 13, 11, 12, 7, 3, 18, 17, 14, 8]",1523.0,"[16, 5, 9, 13, 2, 18, 19, 7, 14, 12, 1, 10, 8, 15, 17, 11, 6, 0, 4, 3]",1327.5,6.641026973724365
"[8, 4, 5, 0, 2, 6, 11, 18, 13, 7, 14, 1, 16, 15, 12, 9, 19, 17, 3, 10]",1405.0,"[16, 5, 9, 13, 2, 18, 19, 7, 14, 12, 1, 10, 8, 15, 17, 11, 6, 0, 4, 3]",1327.5,6.713027238845825
"[18, 4, 10, 13, 14, 17, 7, 3, 1, 19, 5, 15, 12, 2, 11, 9, 16, 0, 8, 6]",1459.0,"[16, 5, 9, 13, 2, 18, 19, 7, 14, 12, 1, 10, 8, 15, 17, 11, 6, 0, 4, 3]",1327.5,6.783033609390259
"[3, 17, 4, 9, 6, 7, 10, 13, 8, 16, 11, 15, 2, 14, 1, 18, 0, 12, 5, 19]",1487.0,"[16, 5, 9, 13, 2, 18, 19, 7, 14, 12, 1, 10, 8, 15, 17, 11, 6, 0, 4, 3]",1327.5,6.860030174255371
"[11, 16, 15, 1, 4, 14, 17, 18, 5, 0, 8, 3, 9, 2, 7, 12, 6, 19, 13, 10]",1494.5,"[16, 5, 9, 13, 2, 18, 19, 7, 14, 12, 1, 10, 8, 15, 17, 11, 6, 0, 4, 3]",1327.5,6.935028791427612
"[19, 1, 18, 14, 9, 16, 10, 5, 8, 4, 2, 17, 13, 15, 0, 12, 3, 11, 6, 7]",1348.5,"[16, 5, 9, 13, 2, 18, 19, 7, 14, 12, 1, 10, 8, 15, 17, 11, 6, 0, 4, 3]",1327.5,7.004029750823975
"[11, 17, 6, 0, 12, 2, 8, 1, 7, 3, 19, 10, 4, 14, 13, 15, 18, 5, 9, 16]",1715.5,"[16, 5, 9, 13, 2, 18, 19, 7, 14, 12, 1, 10, 8, 15, 17, 11, 6, 0, 4, 3]",1327.5,7.075069904327393
"[14, 3, 1, 18, 4, 16, 2, 15, 19, 13, 17, 8, 12, 5, 10, 0, 11, 7, 6, 9]",1524.5,"[16, 5, 9, 13, 2, 18, 19, 7, 14, 12, 1, 10, 8, 15, 17, 11, 6, 0, 4, 3]",1327.5,7.140032768249512
"[9, 3, 14, 10, 16, 1, 17, 15, 18, 8, 2, 7, 4, 5, 11, 13, 0, 6, 12, 19]",1418.0,"[16, 5, 9, 13, 2, 18, 19, 7, 14, 12, 1, 10, 8, 15, 17, 11, 6, 0, 4, 3]",1327.5,7.204036235809326
"[1, 4, 11, 13, 5, 19, 0, 10, 2, 12, 14, 6, 9, 3, 8, 16, 7, 15, 18, 17]",1491.5,"[16, 5, 9, 13, 2, 18, 19, 7, 14, 12, 1, 10, 8, 15, 17, 11, 6, 0, 4, 3]",1327.5,7.266034126281738
"[17, 15, 5, 0, 14, 9, 18, 2, 10, 1, 4, 12, 19, 16, 8, 3, 13, 7, 11, 6]",1459.0,"[16, 5, 9, 13, 2, 18, 19, 7, 14, 12, 1, 10, 8, 15, 17, 11, 6, 0, 4, 3]",1327.5,7.328036069869995
"[0, 11, 4, 3, 14, 1, 9, 17, 7, 10, 18, 13, 12, 5, 19, 16, 2, 8, 6, 15]",1510.5,"[16, 5, 9, 13, 2, 18, 19, 7, 14, 12, 1, 10, 8, 15, 17, 11, 6, 0, 4, 3]",1327.5,7.392039060592651
"[11, 12, 9, 14, 1, 10, 3, 18, 17, 15, 4, 2, 7, 6, 5, 0, 13, 16, 8, 19]",1547.5,"[16, 5, 9, 13, 2, 18, 19, 7, 14, 12, 1, 10, 8, 15, 17, 11, 6, 0, 4, 3]",1327.5,7.461031675338745
"[17, 16, 4, 7, 5, 6, 18, 12, 9, 8, 3, 1, 0, 15, 13, 19, 11, 10, 2, 14]",1442.5,"[16, 5, 9, 13, 2, 18, 19, 7, 14, 12, 1, 10, 8, 15, 17, 11, 6, 0, 4, 3]",1327.5,7.5280327796936035
"[16, 6, 18, 8, 10, 3, 17, 14, 15, 9, 4, 11, 2, 1, 12, 5, 13, 19, 7, 0]",1597.0,"[16, 5, 9, 13, 2, 18, 19, 7, 14, 12, 1, 10, 8, 15, 17, 11, 6, 0, 4, 3]",1327.5,7.592037916183472
"[15, 3, 6, 8, 17, 19, 12, 5, 7, 9, 2, 11, 1, 0, 16, 13, 18, 4, 14, 10]",1538.0,"[16, 5, 9, 13, 2, 18, 19, 7, 14, 12, 1, 10, 8, 15, 17, 11, 6, 0, 4, 3]",1327.5,7.656035423278809
"[9, 1, 18, 19, 16, 7, 2, 17, 12, 15, 14, 8, 0, 11, 3, 4, 5, 6, 13, 10]",1571.0,"[16, 5, 9, 13, 2, 18, 19, 7, 14, 12, 1, 10, 8, 15, 17, 11, 6, 0, 4, 3]",1327.5,7.721035003662109
"[2, 14, 3, 16, 8, 12, 10, 1, 4, 9, 15, 18, 13, 7, 17, 5, 19, 11, 6, 0]",1409.0,"[16, 5, 9, 13, 2, 18, 19, 7, 14, 12, 1, 10, 8, 15, 17, 11, 6, 0, 4, 3]",1327.5,7.8100385665893555
"[13, 2, 12, 15, 17, 1, 18, 3, 19, 6, 8, 11, 14, 16, 10, 0, 7, 5, 9, 4]",1637.0,"[16, 5, 9, 13, 2, 18, 19, 7, 14, 12, 1, 10, 8, 15, 17, 11, 6, 0, 4, 3]",1327.5,7.871035575866699
"[8, 10, 12, 6, 9, 11, 14, 15, 2, 0, 1, 16, 19, 18, 3, 5, 17, 7, 4, 13]",1630.5,"[16, 5, 9, 13, 2, 18, 19, 7, 14, 12, 1, 10, 8, 15, 17, 11, 6, 0, 4, 3]",1327.5,7.937033653259277
"[0, 17, 1, 15, 2, 12, 8, 19, 3, 7, 5, 6, 4, 10, 11, 9, 14, 13, 16, 18]",1675.0,"[16, 5, 9, 13, 2, 18, 19, 7, 14, 12, 1, 10, 8, 15, 17, 11, 6, 0, 4, 3]",1327.5,8.004031896591187
"[16, 18, 9, 5, 3, 2, 17, 8, 4, 13, 7, 6, 11, 12, 0, 15, 19, 10, 14, 1]",1451.5,"[16, 5, 9, 13, 2, 18, 19, 7, 14, 12, 1, 10, 8, 15, 17, 11, 6, 0, 4, 3]",1327.5,8.0650315284729
"[16, 3, 14, 15, 4, 2, 7, 6, 18, 0, 13, 17, 10, 1, 5, 9, 12, 8, 19, 11]",1424.0,"[16, 5, 9, 13, 2, 18, 19, 7, 14, 12, 1, 10, 8, 15, 17, 11, 6, 0, 4, 3]",1327.5,8.132029056549072
"[16, 7, 4, 14, 2, 9, 1, 15, 3, 5, 10, 12, 11, 19, 8, 18, 17, 6, 0, 13]",1506.0,"[16, 5, 9, 13, 2, 18, 19, 7, 14, 12, 1, 10, 8, 15, 17, 11, 6, 0, 4, 3]",1327.5,8.19904637336731
"[3, 7, 17, 0, 15, 12, 16, 1, 6, 8, 10, 18, 11, 4, 19, 13, 5, 2, 9, 14]",1656.0,"[16, 5, 9, 13, 2, 18, 19, 7, 14, 12, 1, 10, 8, 15, 17, 11, 6, 0, 4, 3]",1327.5,8.265038251876831
"[14, 6, 10, 11, 8, 2, 3, 13, 9, 19, 17, 15, 5, 18, 12, 4, 16, 7, 0, 1]",1465.5,"[16, 5, 9, 13, 2, 18, 19, 7, 14, 12, 1, 10, 8, 15, 17, 11, 6, 0, 4, 3]",1327.5,8.332060813903809
"[0, 13, 12, 14, 11, 7, 19, 18, 8, 10, 2, 16, 4, 6, 15, 5, 9, 17, 1, 3]",1464.0,"[16, 5, 9, 13, 2, 18, 19, 7, 14, 12, 1, 10, 8, 15, 17, 11, 6, 0, 4, 3]",1327.5,8.395041942596436
"[17, 4, 12, 9, 15, 2, 18, 8, 10, 16, 7, 13, 14, 19, 6, 0, 11, 3, 5, 1]",1515.5,"[16, 5, 9, 13, 2, 18, 19, 7, 14, 12, 1, 10, 8, 15, 17, 11, 6, 0, 4, 3]",1327.5,8.467036962509155
"[5, 1, 4, 13, 19, 9, 14, 16, 6, 18, 12, 17, 15, 0, 11, 8, 3, 7, 2, 10]",1363.5,"[16, 5, 9, 13, 2, 18, 19, 7, 14, 12, 1, 10, 8, 15, 17, 11, 6, 0, 4, 3]",1327.5,8.532042741775513
"[10, 5, 15, 16, 13, 3, 6, 7, 17, 4, 0, 9, 11, 1, 12, 8, 2, 18, 19, 14]",1490.0,"[16, 5, 9, 13, 2, 18, 19, 7, 14, 12, 1, 10, 8, 15, 17, 11, 6, 0, 4, 3]",1327.5,8.59807538986206
"[6, 4, 11, 10, 9, 19, 8, 18, 3, 13, 5, 2, 16, 7, 0, 14, 12, 1, 15, 17]",1483.5,"[16, 5, 9, 13, 2, 18, 19, 7, 14, 12, 1, 10, 8, 15, 17, 11, 6, 0, 4, 3]",1327.5,8.663038969039917
"[12, 17, 14, 11, 15, 18, 10, 5, 6, 19, 13, 3, 16, 9, 0, 4, 7, 8, 1, 2]",1534.5,"[16, 5, 9, 13, 2, 18, 19, 7, 14, 12, 1, 10, 8, 15, 17, 11, 6, 0, 4, 3]",1327.5,8.736062049865723
"[18, 16, 19, 5, 2, 1, 17, 14, 12, 13, 15, 7, 9, 8, 6, 0, 4, 3, 10, 11]",1346.5,"[16, 5, 9, 13, 2, 18, 19, 7, 14, 12, 1, 10, 8, 15, 17, 11, 6, 0, 4, 3]",1327.5,8.79804277420044
"[4, 3, 14, 0, 6, 12, 1, 2, 18, 15, 11, 5, 9, 7, 13, 16, 17, 10, 8, 19]",1607.5,"[16, 5, 9, 13, 2, 18, 19, 7, 14, 12, 1, 10, 8, 15, 17, 11, 6, 0, 4, 3]",1327.5,8.858041286468506
"[3, 14, 8, 18, 7, 13, 17, 12, 0, 2, 4, 6, 19, 1, 15, 5, 10, 11, 9, 16]",1484.5,"[16, 5, 9, 13, 2, 18, 19, 7, 14, 12, 1, 10, 8, 15, 17, 11, 6, 0, 4, 3]",1327.5,8.925432682037354
"[13, 6, 16, 3, 0, 7, 12, 4, 18, 11, 14, 17, 19, 5, 10, 9, 15, 2, 1, 8]",1639.0,"[16, 5, 9, 13, 2, 18, 19, 7, 14, 12, 1, 10, 8, 15, 17, 11, 6, 0, 4, 3]",1327.5,8.989038944244385
"[9, 19, 0, 13, 16, 1, 15, 10, 14, 7, 5, 2, 12, 18, 17, 4, 11, 6, 8, 3]",1373.0,"[16, 5, 9, 13, 2, 18, 19, 7, 14, 12, 1, 10, 8, 15, 17, 11, 6, 0, 4, 3]",1327.5,9.05004358291626
"[15, 0, 18, 9, 19, 10, 1, 17, 11, 6, 14, 3, 2, 12, 16, 8, 5, 13, 7, 4]",1619.5,"[16, 5, 9, 13, 2, 18, 19, 7, 14, 12, 1, 10, 8, 15, 17, 11, 6, 0, 4, 3]",1327.5,9.115048885345459
"[10, 7, 13, 9, 15, 11, 4, 16, 19, 0, 18, 12, 2, 8, 3, 17, 6, 14, 1, 5]",1592.5,"[16, 5, 9, 13, 2, 18, 19, 7, 14, 12, 1, 10, 8, 15, 17, 11, 6, 0, 4, 3]",1327.5,9.182046175003052
"[7, 15, 14, 6, 12, 2, 11, 5, 17, 9, 8, 19, 16, 4, 1, 18, 0, 3, 10, 13]",1472.5,"[16, 5, 9, 13, 2, 18, 19, 7, 14, 12, 1, 10, 8, 15, 17, 11, 6, 0, 4, 3]",1327.5,9.257052421569824
"[3, 1, 12, 10, 2, 4, 14, 16, 5, 6, 0, 17, 15, 8, 11, 19, 13, 9, 7, 18]",1609.5,"[16, 5, 9, 13, 2, 18, 19, 7, 14, 12, 1, 10, 8, 15, 17, 11, 6, 0, 4, 3]",1327.5,9.333061695098877
"[4, 7, 8, 6, 18, 9, 12, 1, 16, 5, 11, 15, 17, 2, 0, 10, 3, 19, 13, 14]",1544.5,"[16, 5, 9, 13, 2, 18, 19, 7, 14, 12, 1, 10, 8, 15, 17, 11, 6, 0, 4, 3]",1327.5,9.398044109344482
"[5, 7, 8, 0, 15, 18, 9, 11, 17, 6, 13, 16, 1, 4, 12, 19, 2, 14, 10, 3]",1370.0,"[16, 5, 9, 13, 2, 18, 19, 7, 14, 12, 1, 10, 8, 15, 17, 11, 6, 0, 4, 3]",1327.5,9.462059497833252
"[1, 18, 5, 17, 11, 3, 7, 9, 0, 6, 8, 15, 12, 14, 10, 16, 13, 19, 2, 4]",1509.0,"[16, 5, 9, 13, 2, 18, 19, 7, 14, 12, 1, 10, 8, 15, 17, 11, 6, 0, 4, 3]",1327.5,9.524069547653198
"[0, 14, 3, 13, 8, 15, 12, 16, 18, 10, 6, 17, 7, 19, 2, 11, 4, 5, 1, 9]",1573.0,"[16, 5, 9, 13, 2, 18, 19, 7, 14, 12, 1, 10, 8, 15, 17, 11, 6, 0, 4, 3]",1327.5,9.586044788360596
"[18, 2, 11, 19, 15, 13, 8, 1, 16, 3, 5, 9, 14, 6, 4, 7, 0, 10, 17, 12]",1430.5,"[16, 5, 9, 13, 2, 18, 19, 7, 14, 12, 1, 10, 8, 15, 17, 11, 6, 0, 4, 3]",1327.5,9.645044088363647
"[2, 0, 5, 12, 1, 8, 10, 13, 4, 6, 16, 9, 11, 17, 14, 15, 18, 7, 3, 19]",1426.0,"[16, 5, 9, 13, 2, 18, 19, 7, 14, 12, 1, 10, 8, 15, 17, 11, 6, 0, 4, 3]",1327.5,9.714044332504272
"[5, 14, 4, 3, 2, 8, 7, 0, 13, 11, 10, 1, 18, 9, 16, 19, 12, 6, 15, 17]",1434.0,"[16, 5, 9, 13, 2, 18, 19, 7, 14, 12, 1, 10, 8, 15, 17, 11, 6, 0, 4, 3]",1327.5,9.778044939041138
"[10, 8, 11, 19, 9, 0, 17, 2, 14, 15, 3, 6, 4, 16, 18, 12, 13, 7, 1, 5]",1626.0,"[16, 5, 9, 13, 2, 18, 19, 7, 14, 12, 1, 10, 8, 15, 17, 11, 6, 0, 4, 3]",1327.5,9.851047277450562
"[5, 10, 12, 17, 0, 16, 7, 15, 3, 8, 13, 4, 14, 19, 18, 1, 9, 11, 6, 2]",1427.0,"[16, 5, 9, 13, 2, 18, 19, 7, 14, 12, 1, 10, 8, 15, 17, 11, 6, 0, 4, 3]",1327.5,9.921047449111938
"[5, 18, 3, 17, 12, 2, 8, 7, 1, 19, 10, 14, 11, 9, 4, 0, 13, 15, 16, 6]",1553.0,"[16, 5, 9, 13, 2, 18, 19, 7, 14, 12, 1, 10, 8, 15, 17, 11, 6, 0, 4, 3]",1327.5,9.986231088638306
"[19, 6, 1, 2, 10, 17, 9, 5, 14, 11, 3, 12, 8, 16, 7, 18, 4, 0, 15, 13]",1474.0,"[16, 5, 9, 13, 2, 18, 19, 7, 14, 12, 1, 10, 8, 15, 17, 11, 6, 0, 4, 3]",1327.5,10.049049615859985
"[14, 16, 4, 18, 19, 12, 10, 5, 17, 2, 1, 9, 7, 15, 11, 6, 3, 8, 0, 13]",1463.0,"[16, 5, 9, 13, 2, 18, 19, 7, 14, 12, 1, 10, 8, 15, 17, 11, 6, 0, 4, 3]",1327.5,10.115052223205566
"[1, 15, 6, 0, 14, 18, 12, 11, 5, 10, 7, 8, 17, 9, 4, 16, 19, 13, 3, 2]",1495.5,"[16, 5, 9, 13, 2, 18, 19, 7, 14, 12, 1, 10, 8, 15, 17, 11, 6, 0, 4, 3]",1327.5,10.176052808761597
"[13, 4, 10, 11, 9, 19, 3, 0, 15, 12, 17, 16, 8, 18, 7, 5, 1, 6, 2, 14]",1545.0,"[16, 5, 9, 13, 2, 18, 19, 7, 14, 12, 1, 10, 8, 15, 17, 11, 6, 0, 4, 3]",1327.5,10.238054513931274
"[5, 18, 2, 1, 17, 6, 4, 10, 12, 3, 15, 0, 19, 7, 13, 16, 9, 14, 11, 8]",1477.5,"[16, 5, 9, 13, 2, 18, 19, 7, 14, 12, 1, 10, 8, 15, 17, 11, 6, 0, 4, 3]",1327.5,10.309046268463135
"[13, 11, 10, 5, 14, 2, 15, 7, 18, 8, 17, 16, 6, 12, 1, 19, 9, 3, 0, 4]",1384.0,"[16, 5, 9, 13, 2, 18, 19, 7, 14, 12, 1, 10, 8, 15, 17, 11, 6, 0, 4, 3]",1327.5,10.380054235458374
"[14, 8, 16, 13, 4, 15, 6, 17, 3, 5, 18, 12, 0, 7, 1, 19, 10, 2, 9, 11]",1436.0,"[16, 5, 9, 13, 2, 18, 19, 7, 14, 12, 1, 10, 8, 15, 17, 11, 6, 0, 4, 3]",1327.5,10.448046684265137
"[5, 10, 2, 0, 11, 15, 9, 1, 7, 12, 8, 19, 14, 13, 6, 18, 16, 17, 4, 3]",1458.0,"[16, 5, 9, 13, 2, 18, 19, 7, 14, 12, 1, 10, 8, 15, 17, 11, 6, 0, 4, 3]",1327.5,10.516091108322144
"[12, 5, 7, 11, 8, 19, 9, 14, 13, 4, 2, 16, 6, 17, 15, 10, 1, 0, 18, 3]",1476.0,"[16, 5, 9, 13, 2, 18, 19, 7, 14, 12, 1, 10, 8, 15, 17, 11, 6, 0, 4, 3]",1327.5,10.586051225662231
"[2, 16, 8, 6, 9, 15, 13, 17, 12, 0, 18, 11, 3, 7, 1, 5, 10, 4, 14, 19]",1522.0,"[16, 5, 9, 13, 2, 18, 19, 7, 14, 12, 1, 10, 8, 15, 17, 11, 6, 0, 4, 3]",1327.5,10.64705204963684
"[8, 17, 4, 15, 7, 14, 10, 5, 19, 6, 0, 18, 16, 9, 11, 2, 1, 12, 13, 3]",1471.5,"[16, 5, 9, 13, 2, 18, 19, 7, 14, 12, 1, 10, 8, 15, 17, 11, 6, 0, 4, 3]",1327.5,10.714051008224487
"[8, 18, 1, 12, 2, 10, 7, 15, 4, 5, 3, 0, 13, 9, 19, 17, 11, 6, 16, 14]",1438.0,"[16, 5, 9, 13, 2, 18, 19, 7, 14, 12, 1, 10, 8, 15, 17, 11, 6, 0, 4, 3]",1327.5,10.778053522109985
"[7, 2, 0, 11, 9, 19, 6, 3, 4, 10, 14, 8, 1, 5, 18, 15, 16, 13, 12, 17]",1574.5,"[16, 5, 9, 13, 2, 18, 19, 7, 14, 12, 1, 10, 8, 15, 17, 11, 6, 0, 4, 3]",1327.5,10.842069149017334
"[5, 2, 4, 14, 9, 0, 16, 18, 6, 1, 12, 8, 10, 11, 13, 17, 19, 3, 15, 7]",1414.5,"[16, 5, 9, 13, 2, 18, 19, 7, 14, 12, 1, 10, 8, 15, 17, 11, 6, 0, 4, 3]",1327.5,10.903061628341675
"[9, 6, 11, 8, 13, 17, 5, 0, 19, 3, 14, 7, 18, 10, 16, 4, 2, 15, 12, 1]",1386.5,"[16, 5, 9, 13, 2, 18, 19, 7, 14, 12, 1, 10, 8, 15, 17, 11, 6, 0, 4, 3]",1327.5,10.967065572738647
"[7, 1, 15, 17, 2, 4, 19, 16, 14, 5, 8, 9, 18, 0, 10, 6, 12, 3, 11, 13]",1516.5,"[16, 5, 9, 13, 2, 18, 19, 7, 14, 12, 1, 10, 8, 15, 17, 11, 6, 0, 4, 3]",1327.5,11.03306269645691
"[6, 17, 3, 9, 16, 10, 14, 5, 19, 13, 15, 12, 0, 4, 8, 1, 7, 11, 2, 18]",1432.5,"[16, 5, 9, 13, 2, 18, 19, 7, 14, 12, 1, 10, 8, 15, 17, 11, 6, 0, 4, 3]",1327.5,11.10205626487732
"[15, 9, 11, 10, 6, 8, 5, 12, 2, 7, 17, 1, 3, 0, 19, 4, 13, 16, 14, 18]",1559.0,"[16, 5, 9, 13, 2, 18, 19, 7, 14, 12, 1, 10, 8, 15, 17, 11, 6, 0, 4, 3]",1327.5,11.169054746627808
"[17, 18, 5, 11, 12, 10, 13, 1, 19, 4, 8, 9, 2, 0, 15, 6, 3, 16, 7, 14]",1462.0,"[16, 5, 9, 13, 2, 18, 19, 7, 14, 12, 1, 10, 8, 15, 17, 11, 6, 0, 4, 3]",1327.5,11.236068725585938
"[8, 3, 7, 2, 6, 12, 0, 4, 14, 11, 13, 16, 17, 9, 1, 18, 19, 15, 10, 5]",1623.0,"[16, 5, 9, 13, 2, 18, 19, 7, 14, 12, 1, 10, 8, 15, 17, 11, 6, 0, 4, 3]",1327.5,11.302067756652832
"[7, 9, 17, 0, 18, 19, 10, 11, 2, 12, 16, 15, 14, 6, 5, 13, 3, 4, 8, 1]",1540.0,"[16, 5, 9, 13, 2, 18, 19, 7, 14, 12, 1, 10, 8, 15, 17, 11, 6, 0, 4, 3]",1327.5,11.363057136535645
"[12, 0, 14, 2, 11, 8, 5, 10, 6, 17, 15, 9, 3, 18, 19, 16, 1, 7, 13, 4]",1504.0,"[16, 5, 9, 13, 2, 18, 19, 7, 14, 12, 1, 10, 8, 15, 17, 11, 6, 0, 4, 3]",1327.5,11.430059432983398
"[0, 13, 4, 16, 18, 19, 3, 10, 12, 15, 2, 6, 8, 17, 9, 14, 7, 11, 5, 1]",1574.0,"[16, 5, 9, 13, 2, 18, 19, 7, 14, 12, 1, 10, 8, 15, 17, 11, 6, 0, 4, 3]",1327.5,11.492060422897339
"[9, 18, 15, 5, 10, 19, 7, 6, 1, 0, 2, 12, 11, 8, 14, 13, 16, 3, 17, 4]",1461.0,"[16, 5, 9, 13, 2, 18, 19, 7, 14, 12, 1, 10, 8, 15, 17, 11, 6, 0, 4, 3]",1327.5,11.55305814743042
"[14, 12, 10, 2, 15, 9, 13, 16, 11, 1, 8, 19, 7, 3, 5, 0, 17, 18, 4, 6]",1525.0,"[16, 5, 9, 13, 2, 18, 19, 7, 14, 12, 1, 10, 8, 15, 17, 11, 6, 0, 4, 3]",1327.5,11.627764701843262
"[2, 13, 5, 3, 8, 14, 9, 17, 11, 0, 18, 12, 6, 7, 4, 15, 16, 19, 1, 10]",1405.5,"[16, 5, 9, 13, 2, 18, 19, 7, 14, 12, 1, 10, 8, 15, 17, 11, 6, 0, 4, 3]",1327.5,11.693056583404541
"[16, 10, 4, 0, 2, 5, 6, 9, 3, 18, 8, 12, 1, 11, 7, 17, 13, 15, 14, 19]",1534.0,"[16, 5, 9, 13, 2, 18, 19, 7, 14, 12, 1, 10, 8, 15, 17, 11, 6, 0, 4, 3]",1327.5,11.755058288574219
"[14, 17, 3, 16, 13, 4, 10, 2, 0, 15, 8, 9, 11, 18, 7, 6, 19, 5, 1, 12]",1499.5,"[16, 5, 9, 13, 2, 18, 19, 7, 14, 12, 1, 10, 8, 15, 17, 11, 6, 0, 4, 3]",1327.5,11.820058345794678
"[9, 16, 2, 1, 10, 3, 8, 7, 17, 11, 0, 5, 4, 14, 15, 19, 18, 12, 13, 6]",1497.5,"[16, 5, 9, 13, 2, 18, 19, 7, 14, 12, 1, 10, 8, 15, 17, 11, 6, 0, 4, 3]",1327.5,11.882059812545776
"[18, 7, 10, 16, 8, 6, 12, 9, 1, 11, 14, 3, 17, 2, 5, 15, 4, 19, 0, 13]",1577.5,"[16, 5, 9, 13, 2, 18, 19, 7, 14, 12, 1, 10, 8, 15, 17, 11, 6, 0, 4, 3]",1327.5,11.947059154510498
"[17, 3, 6, 13, 8, 15, 18, 7, 19, 16, 10, 2, 1, 4, 14, 0, 11, 9, 12, 5]",1552.5,"[16, 5, 9, 13, 2, 18, 19, 7, 14, 12, 1, 10, 8, 15, 17, 11, 6, 0, 4, 3]",1327.5,12.01405644416809
"[7, 11, 8, 18, 14, 2, 4, 16, 1, 12, 9, 6, 17, 10, 13, 15, 5, 19, 3, 0]",1400.0,"[16, 5, 9, 13, 2, 18, 19, 7, 14, 12, 1, 10, 8, 15, 17, 11, 6, 0, 4, 3]",1327.5,12.083056688308716
"[9, 14, 0, 5, 16, 8, 17, 3, 6, 2, 12, 13, 4, 10, 15, 1, 19, 18, 7, 11]",1430.0,"[16, 5, 9, 13, 2, 18, 19, 7, 14, 12, 1, 10, 8, 15, 17, 11, 6, 0, 4, 3]",1327.5,12.145069599151611
"[10, 7, 2, 18, 13, 1, 4, 9, 5, 16, 15, 19, 12, 14, 3, 0, 11, 8, 6, 17]",1386.0,"[16, 5, 9, 13, 2, 18, 19, 7, 14, 12, 1, 10, 8, 15, 17, 11, 6, 0, 4, 3]",1327.5,12.20906114578247
"[2, 11, 10, 14, 19, 15, 16, 1, 7, 0, 12, 3, 4, 6, 8, 5, 9, 13, 18, 17]",1690.0,"[16, 5, 9, 13, 2, 18, 19, 7, 14, 12, 1, 10, 8, 15, 17, 11, 6, 0, 4, 3]",1327.5,12.274060726165771
"[16, 11, 10, 15, 12, 18, 0, 3, 1, 9, 17, 19, 5, 13, 14, 2, 6, 8, 4, 7]",1649.5,"[16, 5, 9, 13, 2, 18, 19, 7, 14, 12, 1, 10, 8, 15, 17, 11, 6, 0, 4, 3]",1327.5,12.337080001831055
"[5, 14, 9, 7, 13, 12, 18, 2, 15, 4, 6, 8, 1, 0, 16, 19, 10, 11, 3, 17]",1320.5,"[16, 5, 9, 13, 2, 18, 19, 7, 14, 12, 1, 10, 8, 15, 17, 11, 6, 0, 4, 3]",1327.5,12.400060892105103
"[12, 0, 5, 17, 2, 3, 19, 10, 14, 13, 15, 4, 7, 6, 18, 1, 9, 8, 16, 11]",1497.0,"[5, 14, 9, 7, 13, 12, 18, 2, 15, 4, 6, 8, 1, 0, 16, 19, 10, 11, 3, 17]",1320.5,12.475070238113403
"[18, 9, 6, 14, 13, 3, 5, 11, 8, 7, 0, 12, 1, 10, 15, 17, 19, 2, 16, 4]",1369.5,"[5, 14, 9, 7, 13, 12, 18, 2, 15, 4, 6, 8, 1, 0, 16, 19, 10, 11, 3, 17]",1320.5,12.537059545516968
"[13, 16, 12, 5, 14, 2, 0, 1, 18, 11, 3, 9, 8, 7, 17, 4, 10, 6, 15, 19]",1457.0,"[5, 14, 9, 7, 13, 12, 18, 2, 15, 4, 6, 8, 1, 0, 16, 19, 10, 11, 3, 17]",1320.5,12.603062629699707
"[9, 0, 3, 2, 16, 10, 19, 1, 4, 5, 18, 12, 8, 13, 17, 14, 7, 11, 6, 15]",1460.5,"[5, 14, 9, 7, 13, 12, 18, 2, 15, 4, 6, 8, 1, 0, 16, 19, 10, 11, 3, 17]",1320.5,12.670070886611938
"[2, 9, 19, 15, 6, 4, 16, 3, 1, 7, 12, 8, 17, 18, 5, 11, 14, 0, 10, 13]",1578.5,"[5, 14, 9, 7, 13, 12, 18, 2, 15, 4, 6, 8, 1, 0, 16, 19, 10, 11, 3, 17]",1320.5,12.73408818244934
"[6, 13, 2, 8, 3, 7, 11, 18, 9, 14, 17, 19, 1, 10, 0, 4, 15, 12, 5, 16]",1509.0,"[5, 14, 9, 7, 13, 12, 18, 2, 15, 4, 6, 8, 1, 0, 16, 19, 10, 11, 3, 17]",1320.5,12.800062417984009
"[16, 12, 5, 14, 18, 8, 19, 11, 9, 3, 6, 4, 15, 17, 10, 1, 7, 2, 0, 13]",1531.5,"[5, 14, 9, 7, 13, 12, 18, 2, 15, 4, 6, 8, 1, 0, 16, 19, 10, 11, 3, 17]",1320.5,12.864071369171143
"[19, 14, 18, 0, 3, 13, 15, 2, 12, 1, 4, 16, 10, 11, 9, 6, 7, 17, 8, 5]",1634.0,"[5, 14, 9, 7, 13, 12, 18, 2, 15, 4, 6, 8, 1, 0, 16, 19, 10, 11, 3, 17]",1320.5,12.927068948745728
"[19, 1, 9, 16, 5, 2, 3, 17, 4, 10, 7, 13, 14, 15, 12, 0, 11, 8, 6, 18]",1403.0,"[5, 14, 9, 7, 13, 12, 18, 2, 15, 4, 6, 8, 1, 0, 16, 19, 10, 11, 3, 17]",1320.5,12.988064289093018
"[0, 13, 12, 2, 19, 14, 17, 3, 1, 11, 7, 15, 10, 9, 8, 16, 18, 5, 4, 6]",1586.5,"[5, 14, 9, 7, 13, 12, 18, 2, 15, 4, 6, 8, 1, 0, 16, 19, 10, 11, 3, 17]",1320.5,13.054062366485596
"[0, 18, 8, 3, 4, 19, 6, 9, 14, 10, 2, 7, 5, 16, 13, 12, 1, 17, 15, 11]",1406.5,"[5, 14, 9, 7, 13, 12, 18, 2, 15, 4, 6, 8, 1, 0, 16, 19, 10, 11, 3, 17]",1320.5,13.12007188796997
"[8, 4, 13, 9, 1, 16, 11, 10, 0, 19, 2, 12, 14, 18, 7, 5, 3, 17, 15, 6]",1489.0,"[5, 14, 9, 7, 13, 12, 18, 2, 15, 4, 6, 8, 1, 0, 16, 19, 10, 11, 3, 17]",1320.5,13.183067321777344
