Sequence,Fitness,Best_sequence,Best_fitness,Time
"[12, 4, 18, 0, 9, 5, 3, 10, 1, 17, 7, 16, 14, 2, 11, 6, 19, 13, 15, 8]",1017.5,"[12, 4, 18, 0, 9, 5, 3, 10, 1, 17, 7, 16, 14, 2, 11, 6, 19, 13, 15, 8]",1017.5,0.0
"[13, 14, 2, 9, 8, 15, 0, 19, 12, 1, 16, 18, 17, 11, 10, 4, 6, 3, 7, 5]",857.0,"[12, 4, 18, 0, 9, 5, 3, 10, 1, 17, 7, 16, 14, 2, 11, 6, 19, 13, 15, 8]",1017.5,0.0650031566619873
"[5, 17, 3, 11, 18, 0, 6, 16, 19, 13, 9, 10, 2, 8, 7, 1, 15, 4, 12, 14]",968.0,"[13, 14, 2, 9, 8, 15, 0, 19, 12, 1, 16, 18, 17, 11, 10, 4, 6, 3, 7, 5]",857.0,0.12800264358520508
"[7, 4, 1, 19, 15, 3, 16, 5, 6, 13, 12, 18, 8, 2, 10, 17, 11, 0, 14, 9]",1054.0,"[13, 14, 2, 9, 8, 15, 0, 19, 12, 1, 16, 18, 17, 11, 10, 4, 6, 3, 7, 5]",857.0,0.1900026798248291
"[15, 19, 12, 9, 3, 11, 0, 14, 16, 13, 18, 7, 10, 4, 2, 1, 5, 6, 17, 8]",1048.5,"[13, 14, 2, 9, 8, 15, 0, 19, 12, 1, 16, 18, 17, 11, 10, 4, 6, 3, 7, 5]",857.0,0.25301647186279297
"[14, 13, 0, 2, 9, 12, 17, 18, 3, 4, 7, 15, 1, 19, 5, 10, 6, 8, 16, 11]",962.5,"[13, 14, 2, 9, 8, 15, 0, 19, 12, 1, 16, 18, 17, 11, 10, 4, 6, 3, 7, 5]",857.0,0.3149995803833008
"[5, 3, 6, 10, 18, 19, 17, 13, 0, 12, 15, 16, 1, 7, 9, 2, 14, 11, 4, 8]",989.5,"[13, 14, 2, 9, 8, 15, 0, 19, 12, 1, 16, 18, 17, 11, 10, 4, 6, 3, 7, 5]",857.0,0.37700438499450684
"[6, 7, 12, 17, 9, 8, 4, 18, 3, 1, 13, 15, 2, 10, 11, 5, 16, 0, 19, 14]",979.0,"[13, 14, 2, 9, 8, 15, 0, 19, 12, 1, 16, 18, 17, 11, 10, 4, 6, 3, 7, 5]",857.0,0.4480018615722656
"[13, 4, 3, 8, 6, 12, 2, 14, 19, 17, 10, 9, 0, 7, 16, 5, 18, 1, 11, 15]",991.0,"[13, 14, 2, 9, 8, 15, 0, 19, 12, 1, 16, 18, 17, 11, 10, 4, 6, 3, 7, 5]",857.0,0.5160248279571533
"[6, 1, 18, 0, 12, 11, 14, 3, 10, 16, 7, 2, 4, 15, 9, 5, 8, 13, 17, 19]",975.0,"[13, 14, 2, 9, 8, 15, 0, 19, 12, 1, 16, 18, 17, 11, 10, 4, 6, 3, 7, 5]",857.0,0.5780267715454102
"[16, 10, 19, 7, 0, 9, 4, 1, 13, 11, 18, 12, 5, 6, 2, 15, 3, 17, 14, 8]",970.0,"[13, 14, 2, 9, 8, 15, 0, 19, 12, 1, 16, 18, 17, 11, 10, 4, 6, 3, 7, 5]",857.0,0.6390285491943359
"[16, 9, 3, 10, 13, 8, 11, 12, 1, 18, 14, 0, 6, 2, 17, 15, 4, 5, 7, 19]",943.0,"[13, 14, 2, 9, 8, 15, 0, 19, 12, 1, 16, 18, 17, 11, 10, 4, 6, 3, 7, 5]",857.0,0.7040281295776367
"[7, 12, 0, 15, 2, 19, 10, 3, 8, 4, 14, 13, 1, 5, 9, 11, 17, 18, 6, 16]",967.5,"[13, 14, 2, 9, 8, 15, 0, 19, 12, 1, 16, 18, 17, 11, 10, 4, 6, 3, 7, 5]",857.0,0.7630245685577393
"[9, 0, 10, 14, 8, 6, 18, 11, 2, 16, 5, 4, 17, 12, 13, 3, 1, 7, 19, 15]",897.5,"[13, 14, 2, 9, 8, 15, 0, 19, 12, 1, 16, 18, 17, 11, 10, 4, 6, 3, 7, 5]",857.0,0.8250241279602051
"[16, 18, 11, 15, 4, 9, 10, 19, 7, 8, 17, 14, 3, 12, 5, 0, 6, 2, 1, 13]",937.0,"[13, 14, 2, 9, 8, 15, 0, 19, 12, 1, 16, 18, 17, 11, 10, 4, 6, 3, 7, 5]",857.0,0.8860278129577637
"[4, 7, 6, 14, 3, 5, 19, 18, 10, 8, 0, 11, 13, 17, 16, 15, 1, 9, 2, 12]",977.0,"[13, 14, 2, 9, 8, 15, 0, 19, 12, 1, 16, 18, 17, 11, 10, 4, 6, 3, 7, 5]",857.0,0.9520301818847656
"[9, 0, 8, 7, 4, 11, 5, 19, 16, 10, 17, 13, 18, 2, 1, 6, 12, 15, 14, 3]",829.0,"[13, 14, 2, 9, 8, 15, 0, 19, 12, 1, 16, 18, 17, 11, 10, 4, 6, 3, 7, 5]",857.0,1.0150270462036133
"[8, 1, 7, 6, 9, 18, 5, 4, 0, 19, 13, 17, 15, 16, 14, 11, 10, 3, 2, 12]",915.0,"[9, 0, 8, 7, 4, 11, 5, 19, 16, 10, 17, 13, 18, 2, 1, 6, 12, 15, 14, 3]",829.0,1.081026315689087
"[8, 5, 15, 7, 10, 17, 4, 11, 0, 9, 13, 6, 3, 12, 19, 16, 14, 2, 1, 18]",966.5,"[9, 0, 8, 7, 4, 11, 5, 19, 16, 10, 17, 13, 18, 2, 1, 6, 12, 15, 14, 3]",829.0,1.1440234184265137
"[18, 16, 12, 3, 13, 0, 14, 5, 7, 11, 2, 6, 4, 1, 10, 15, 8, 17, 9, 19]",983.0,"[9, 0, 8, 7, 4, 11, 5, 19, 16, 10, 17, 13, 18, 2, 1, 6, 12, 15, 14, 3]",829.0,1.2080254554748535
"[14, 8, 19, 12, 5, 18, 1, 9, 13, 7, 17, 3, 4, 16, 10, 6, 0, 11, 2, 15]",882.5,"[9, 0, 8, 7, 4, 11, 5, 19, 16, 10, 17, 13, 18, 2, 1, 6, 12, 15, 14, 3]",829.0,1.275026798248291
"[15, 6, 9, 2, 14, 13, 1, 4, 10, 11, 17, 5, 18, 3, 0, 12, 8, 7, 19, 16]",1015.0,"[9, 0, 8, 7, 4, 11, 5, 19, 16, 10, 17, 13, 18, 2, 1, 6, 12, 15, 14, 3]",829.0,1.3390271663665771
"[14, 11, 19, 16, 8, 17, 15, 18, 1, 13, 0, 4, 12, 6, 3, 10, 9, 5, 7, 2]",885.5,"[9, 0, 8, 7, 4, 11, 5, 19, 16, 10, 17, 13, 18, 2, 1, 6, 12, 15, 14, 3]",829.0,1.4060254096984863
"[3, 18, 7, 19, 1, 13, 4, 15, 16, 10, 17, 11, 12, 6, 14, 2, 8, 9, 0, 5]",1008.0,"[9, 0, 8, 7, 4, 11, 5, 19, 16, 10, 17, 13, 18, 2, 1, 6, 12, 15, 14, 3]",829.0,1.4680306911468506
"[5, 14, 7, 19, 1, 6, 10, 16, 13, 0, 12, 8, 4, 18, 17, 3, 15, 11, 9, 2]",1019.0,"[9, 0, 8, 7, 4, 11, 5, 19, 16, 10, 17, 13, 18, 2, 1, 6, 12, 15, 14, 3]",829.0,1.532029151916504
"[8, 12, 10, 2, 14, 1, 4, 16, 3, 19, 17, 15, 5, 13, 11, 7, 18, 6, 0, 9]",930.5,"[9, 0, 8, 7, 4, 11, 5, 19, 16, 10, 17, 13, 18, 2, 1, 6, 12, 15, 14, 3]",829.0,1.5950276851654053
"[3, 13, 0, 17, 8, 18, 2, 1, 19, 11, 16, 5, 6, 15, 7, 4, 9, 14, 12, 10]",1001.0,"[9, 0, 8, 7, 4, 11, 5, 19, 16, 10, 17, 13, 18, 2, 1, 6, 12, 15, 14, 3]",829.0,1.660024642944336
"[11, 14, 13, 4, 5, 7, 0, 18, 15, 17, 12, 3, 19, 16, 6, 10, 1, 2, 8, 9]",1022.0,"[9, 0, 8, 7, 4, 11, 5, 19, 16, 10, 17, 13, 18, 2, 1, 6, 12, 15, 14, 3]",829.0,1.722036600112915
"[13, 8, 1, 11, 12, 18, 2, 4, 19, 7, 17, 9, 14, 3, 16, 10, 15, 0, 5, 6]",907.5,"[9, 0, 8, 7, 4, 11, 5, 19, 16, 10, 17, 13, 18, 2, 1, 6, 12, 15, 14, 3]",829.0,1.7890253067016602
"[0, 10, 13, 7, 15, 3, 9, 4, 14, 8, 19, 12, 5, 17, 18, 2, 16, 6, 1, 11]",947.5,"[9, 0, 8, 7, 4, 11, 5, 19, 16, 10, 17, 13, 18, 2, 1, 6, 12, 15, 14, 3]",829.0,1.853024959564209
"[17, 4, 18, 13, 15, 10, 14, 16, 2, 1, 6, 8, 7, 9, 19, 3, 0, 12, 11, 5]",1034.5,"[9, 0, 8, 7, 4, 11, 5, 19, 16, 10, 17, 13, 18, 2, 1, 6, 12, 15, 14, 3]",829.0,1.9170289039611816
"[13, 15, 0, 5, 7, 3, 19, 10, 2, 4, 11, 6, 17, 9, 18, 14, 8, 16, 1, 12]",1058.0,"[9, 0, 8, 7, 4, 11, 5, 19, 16, 10, 17, 13, 18, 2, 1, 6, 12, 15, 14, 3]",829.0,1.980025291442871
"[7, 4, 12, 10, 6, 11, 13, 18, 8, 1, 19, 9, 3, 0, 15, 17, 5, 2, 14, 16]",927.0,"[9, 0, 8, 7, 4, 11, 5, 19, 16, 10, 17, 13, 18, 2, 1, 6, 12, 15, 14, 3]",829.0,2.043036699295044
"[16, 7, 12, 5, 1, 15, 2, 10, 19, 8, 0, 11, 17, 9, 13, 14, 6, 3, 4, 18]",923.0,"[9, 0, 8, 7, 4, 11, 5, 19, 16, 10, 17, 13, 18, 2, 1, 6, 12, 15, 14, 3]",829.0,2.1050288677215576
"[5, 3, 13, 16, 9, 0, 17, 10, 14, 2, 19, 11, 1, 4, 7, 15, 18, 6, 8, 12]",1048.0,"[9, 0, 8, 7, 4, 11, 5, 19, 16, 10, 17, 13, 18, 2, 1, 6, 12, 15, 14, 3]",829.0,2.168029546737671
"[18, 6, 5, 12, 17, 2, 9, 1, 0, 4, 8, 10, 14, 15, 16, 13, 11, 3, 19, 7]",898.5,"[9, 0, 8, 7, 4, 11, 5, 19, 16, 10, 17, 13, 18, 2, 1, 6, 12, 15, 14, 3]",829.0,2.233025550842285
"[19, 9, 7, 5, 6, 17, 15, 2, 13, 3, 11, 16, 8, 14, 0, 12, 1, 10, 18, 4]",1039.0,"[9, 0, 8, 7, 4, 11, 5, 19, 16, 10, 17, 13, 18, 2, 1, 6, 12, 15, 14, 3]",829.0,2.295029401779175
"[14, 12, 4, 6, 15, 13, 5, 11, 19, 1, 10, 0, 3, 18, 9, 16, 17, 2, 8, 7]",999.0,"[9, 0, 8, 7, 4, 11, 5, 19, 16, 10, 17, 13, 18, 2, 1, 6, 12, 15, 14, 3]",829.0,2.359025478363037
"[2, 8, 1, 15, 0, 11, 18, 19, 6, 4, 9, 14, 16, 12, 7, 5, 10, 17, 13, 3]",897.5,"[9, 0, 8, 7, 4, 11, 5, 19, 16, 10, 17, 13, 18, 2, 1, 6, 12, 15, 14, 3]",829.0,2.419041395187378
"[3, 17, 0, 12, 5, 7, 14, 4, 9, 11, 6, 10, 18, 16, 2, 8, 13, 1, 19, 15]",945.0,"[9, 0, 8, 7, 4, 11, 5, 19, 16, 10, 17, 13, 18, 2, 1, 6, 12, 15, 14, 3]",829.0,2.482032060623169
"[8, 7, 4, 0, 10, 13, 9, 6, 19, 2, 3, 1, 14, 18, 15, 12, 11, 17, 16, 5]",948.0,"[9, 0, 8, 7, 4, 11, 5, 19, 16, 10, 17, 13, 18, 2, 1, 6, 12, 15, 14, 3]",829.0,2.541059970855713
"[1, 9, 7, 5, 4, 15, 13, 6, 11, 12, 0, 16, 18, 10, 14, 2, 8, 3, 17, 19]",926.0,"[9, 0, 8, 7, 4, 11, 5, 19, 16, 10, 17, 13, 18, 2, 1, 6, 12, 15, 14, 3]",829.0,2.6040265560150146
"[13, 7, 8, 11, 4, 18, 1, 2, 17, 3, 6, 0, 14, 19, 12, 16, 5, 15, 9, 10]",968.0,"[9, 0, 8, 7, 4, 11, 5, 19, 16, 10, 17, 13, 18, 2, 1, 6, 12, 15, 14, 3]",829.0,2.669029474258423
"[14, 4, 18, 9, 2, 11, 3, 15, 5, 6, 1, 12, 8, 17, 19, 7, 16, 13, 10, 0]",1016.0,"[9, 0, 8, 7, 4, 11, 5, 19, 16, 10, 17, 13, 18, 2, 1, 6, 12, 15, 14, 3]",829.0,2.7380285263061523
"[19, 8, 18, 7, 15, 9, 6, 10, 0, 2, 4, 5, 11, 12, 16, 13, 3, 14, 1, 17]",949.5,"[9, 0, 8, 7, 4, 11, 5, 19, 16, 10, 17, 13, 18, 2, 1, 6, 12, 15, 14, 3]",829.0,2.8050265312194824
"[19, 16, 6, 7, 15, 3, 13, 12, 1, 17, 0, 11, 2, 4, 8, 9, 18, 10, 5, 14]",1016.5,"[9, 0, 8, 7, 4, 11, 5, 19, 16, 10, 17, 13, 18, 2, 1, 6, 12, 15, 14, 3]",829.0,2.8680312633514404
"[13, 10, 17, 8, 4, 14, 5, 11, 15, 6, 9, 12, 1, 0, 3, 2, 16, 7, 18, 19]",987.5,"[9, 0, 8, 7, 4, 11, 5, 19, 16, 10, 17, 13, 18, 2, 1, 6, 12, 15, 14, 3]",829.0,2.933028221130371
"[3, 5, 8, 4, 0, 16, 17, 19, 12, 15, 13, 2, 10, 11, 7, 9, 6, 18, 1, 14]",981.5,"[9, 0, 8, 7, 4, 11, 5, 19, 16, 10, 17, 13, 18, 2, 1, 6, 12, 15, 14, 3]",829.0,2.995043992996216
"[5, 2, 13, 16, 15, 4, 8, 3, 1, 12, 0, 10, 7, 11, 6, 17, 9, 14, 19, 18]",993.0,"[9, 0, 8, 7, 4, 11, 5, 19, 16, 10, 17, 13, 18, 2, 1, 6, 12, 15, 14, 3]",829.0,3.0810341835021973
"[7, 4, 12, 3, 9, 13, 11, 16, 0, 8, 18, 1, 10, 19, 15, 2, 14, 5, 6, 17]",956.0,"[9, 0, 8, 7, 4, 11, 5, 19, 16, 10, 17, 13, 18, 2, 1, 6, 12, 15, 14, 3]",829.0,3.1460304260253906
"[4, 13, 16, 18, 8, 17, 1, 5, 3, 6, 7, 12, 15, 2, 10, 11, 19, 9, 14, 0]",985.0,"[9, 0, 8, 7, 4, 11, 5, 19, 16, 10, 17, 13, 18, 2, 1, 6, 12, 15, 14, 3]",829.0,3.2140297889709473
"[8, 10, 18, 14, 17, 13, 19, 6, 1, 16, 9, 5, 2, 11, 12, 0, 15, 4, 3, 7]",919.5,"[9, 0, 8, 7, 4, 11, 5, 19, 16, 10, 17, 13, 18, 2, 1, 6, 12, 15, 14, 3]",829.0,3.277034044265747
"[16, 18, 10, 1, 15, 14, 3, 17, 2, 0, 6, 5, 13, 11, 7, 19, 8, 12, 4, 9]",1055.0,"[9, 0, 8, 7, 4, 11, 5, 19, 16, 10, 17, 13, 18, 2, 1, 6, 12, 15, 14, 3]",829.0,3.3400282859802246
"[19, 18, 12, 7, 4, 6, 2, 9, 15, 14, 11, 5, 10, 3, 0, 16, 13, 8, 17, 1]",1029.5,"[9, 0, 8, 7, 4, 11, 5, 19, 16, 10, 17, 13, 18, 2, 1, 6, 12, 15, 14, 3]",829.0,3.4070286750793457
"[3, 5, 17, 11, 19, 18, 4, 15, 13, 16, 6, 8, 10, 7, 12, 9, 1, 14, 0, 2]",958.0,"[9, 0, 8, 7, 4, 11, 5, 19, 16, 10, 17, 13, 18, 2, 1, 6, 12, 15, 14, 3]",829.0,3.473029136657715
"[11, 15, 6, 9, 7, 8, 4, 1, 14, 2, 3, 17, 19, 0, 12, 16, 18, 13, 5, 10]",956.5,"[9, 0, 8, 7, 4, 11, 5, 19, 16, 10, 17, 13, 18, 2, 1, 6, 12, 15, 14, 3]",829.0,3.540029287338257
"[15, 2, 10, 3, 13, 9, 5, 1, 8, 12, 4, 16, 19, 7, 14, 17, 18, 6, 11, 0]",946.0,"[9, 0, 8, 7, 4, 11, 5, 19, 16, 10, 17, 13, 18, 2, 1, 6, 12, 15, 14, 3]",829.0,3.6040282249450684
"[6, 10, 14, 5, 19, 12, 9, 3, 13, 16, 2, 11, 0, 4, 17, 18, 1, 7, 15, 8]",1062.0,"[9, 0, 8, 7, 4, 11, 5, 19, 16, 10, 17, 13, 18, 2, 1, 6, 12, 15, 14, 3]",829.0,3.6730291843414307
"[8, 14, 10, 0, 15, 3, 2, 6, 4, 5, 12, 9, 11, 18, 7, 13, 17, 19, 1, 16]",1007.0,"[9, 0, 8, 7, 4, 11, 5, 19, 16, 10, 17, 13, 18, 2, 1, 6, 12, 15, 14, 3]",829.0,3.7340264320373535
"[19, 11, 2, 0, 3, 6, 18, 14, 5, 15, 10, 13, 7, 12, 16, 9, 4, 17, 8, 1]",1048.0,"[9, 0, 8, 7, 4, 11, 5, 19, 16, 10, 17, 13, 18, 2, 1, 6, 12, 15, 14, 3]",829.0,3.8010265827178955
"[8, 14, 16, 1, 18, 3, 10, 9, 19, 17, 0, 4, 15, 11, 12, 5, 6, 7, 2, 13]",927.0,"[9, 0, 8, 7, 4, 11, 5, 19, 16, 10, 17, 13, 18, 2, 1, 6, 12, 15, 14, 3]",829.0,3.8650264739990234
"[18, 13, 4, 6, 11, 10, 0, 5, 1, 15, 19, 17, 12, 16, 7, 9, 3, 8, 2, 14]",934.0,"[9, 0, 8, 7, 4, 11, 5, 19, 16, 10, 17, 13, 18, 2, 1, 6, 12, 15, 14, 3]",829.0,3.930028200149536
"[15, 7, 13, 2, 5, 11, 9, 16, 19, 1, 0, 14, 12, 18, 17, 8, 4, 3, 6, 10]",927.5,"[9, 0, 8, 7, 4, 11, 5, 19, 16, 10, 17, 13, 18, 2, 1, 6, 12, 15, 14, 3]",829.0,3.992029905319214
"[2, 5, 11, 12, 3, 14, 18, 4, 17, 13, 15, 7, 19, 16, 10, 6, 9, 1, 8, 0]",1046.5,"[9, 0, 8, 7, 4, 11, 5, 19, 16, 10, 17, 13, 18, 2, 1, 6, 12, 15, 14, 3]",829.0,4.056029558181763
"[18, 3, 17, 10, 6, 13, 4, 14, 5, 19, 2, 16, 8, 0, 12, 1, 15, 11, 9, 7]",1044.5,"[9, 0, 8, 7, 4, 11, 5, 19, 16, 10, 17, 13, 18, 2, 1, 6, 12, 15, 14, 3]",829.0,4.1170289516448975
"[15, 18, 19, 6, 8, 17, 5, 7, 0, 16, 4, 11, 9, 14, 3, 10, 12, 1, 13, 2]",921.5,"[9, 0, 8, 7, 4, 11, 5, 19, 16, 10, 17, 13, 18, 2, 1, 6, 12, 15, 14, 3]",829.0,4.177027225494385
"[13, 8, 2, 3, 9, 15, 0, 6, 12, 4, 16, 10, 5, 19, 14, 7, 18, 17, 1, 11]",1025.5,"[9, 0, 8, 7, 4, 11, 5, 19, 16, 10, 17, 13, 18, 2, 1, 6, 12, 15, 14, 3]",829.0,4.238033294677734
"[17, 6, 8, 3, 2, 15, 7, 19, 9, 10, 4, 12, 13, 16, 1, 5, 11, 0, 18, 14]",1009.0,"[9, 0, 8, 7, 4, 11, 5, 19, 16, 10, 17, 13, 18, 2, 1, 6, 12, 15, 14, 3]",829.0,4.3030335903167725
"[0, 2, 12, 7, 8, 13, 11, 16, 9, 5, 10, 4, 1, 19, 17, 3, 14, 6, 15, 18]",891.0,"[9, 0, 8, 7, 4, 11, 5, 19, 16, 10, 17, 13, 18, 2, 1, 6, 12, 15, 14, 3]",829.0,4.361028671264648
"[6, 10, 18, 16, 12, 15, 7, 5, 11, 13, 9, 19, 0, 4, 3, 17, 1, 2, 14, 8]",959.5,"[9, 0, 8, 7, 4, 11, 5, 19, 16, 10, 17, 13, 18, 2, 1, 6, 12, 15, 14, 3]",829.0,4.428030490875244
"[19, 16, 8, 6, 13, 11, 17, 15, 3, 18, 4, 5, 0, 2, 12, 7, 14, 1, 10, 9]",996.0,"[9, 0, 8, 7, 4, 11, 5, 19, 16, 10, 17, 13, 18, 2, 1, 6, 12, 15, 14, 3]",829.0,4.49202823638916
"[6, 2, 3, 5, 8, 12, 9, 15, 11, 4, 14, 17, 10, 18, 1, 16, 19, 13, 7, 0]",963.0,"[9, 0, 8, 7, 4, 11, 5, 19, 16, 10, 17, 13, 18, 2, 1, 6, 12, 15, 14, 3]",829.0,4.554032564163208
"[16, 2, 11, 0, 8, 10, 12, 6, 14, 1, 19, 4, 7, 17, 5, 15, 18, 3, 9, 13]",926.5,"[9, 0, 8, 7, 4, 11, 5, 19, 16, 10, 17, 13, 18, 2, 1, 6, 12, 15, 14, 3]",829.0,4.613033294677734
"[7, 6, 5, 15, 17, 8, 10, 12, 4, 19, 9, 2, 13, 16, 11, 3, 0, 18, 1, 14]",1026.0,"[9, 0, 8, 7, 4, 11, 5, 19, 16, 10, 17, 13, 18, 2, 1, 6, 12, 15, 14, 3]",829.0,4.676025867462158
"[11, 16, 1, 7, 9, 12, 4, 2, 19, 6, 3, 17, 5, 13, 18, 15, 14, 8, 0, 10]",1006.5,"[9, 0, 8, 7, 4, 11, 5, 19, 16, 10, 17, 13, 18, 2, 1, 6, 12, 15, 14, 3]",829.0,4.74002742767334
"[4, 15, 0, 19, 8, 11, 10, 17, 6, 18, 9, 7, 12, 1, 14, 5, 13, 16, 2, 3]",859.0,"[9, 0, 8, 7, 4, 11, 5, 19, 16, 10, 17, 13, 18, 2, 1, 6, 12, 15, 14, 3]",829.0,4.80402684211731
"[8, 14, 18, 0, 17, 4, 1, 15, 13, 10, 12, 5, 6, 11, 7, 16, 3, 9, 19, 2]",870.0,"[9, 0, 8, 7, 4, 11, 5, 19, 16, 10, 17, 13, 18, 2, 1, 6, 12, 15, 14, 3]",829.0,4.866025686264038
"[17, 12, 0, 19, 8, 13, 14, 9, 1, 11, 5, 4, 3, 6, 18, 16, 15, 10, 2, 7]",876.5,"[9, 0, 8, 7, 4, 11, 5, 19, 16, 10, 17, 13, 18, 2, 1, 6, 12, 15, 14, 3]",829.0,4.927026271820068
"[4, 0, 10, 5, 13, 8, 18, 15, 12, 7, 2, 9, 3, 17, 16, 1, 6, 19, 11, 14]",884.5,"[9, 0, 8, 7, 4, 11, 5, 19, 16, 10, 17, 13, 18, 2, 1, 6, 12, 15, 14, 3]",829.0,4.992025852203369
"[3, 9, 8, 0, 4, 18, 14, 2, 10, 12, 5, 6, 13, 1, 16, 15, 17, 7, 11, 19]",937.5,"[9, 0, 8, 7, 4, 11, 5, 19, 16, 10, 17, 13, 18, 2, 1, 6, 12, 15, 14, 3]",829.0,5.055028676986694
"[12, 0, 10, 4, 8, 7, 1, 5, 17, 19, 9, 13, 3, 16, 15, 2, 11, 6, 18, 14]",908.0,"[9, 0, 8, 7, 4, 11, 5, 19, 16, 10, 17, 13, 18, 2, 1, 6, 12, 15, 14, 3]",829.0,5.116034030914307
"[7, 2, 13, 10, 0, 16, 9, 17, 11, 6, 18, 12, 14, 3, 8, 15, 5, 19, 1, 4]",992.5,"[9, 0, 8, 7, 4, 11, 5, 19, 16, 10, 17, 13, 18, 2, 1, 6, 12, 15, 14, 3]",829.0,5.179043531417847
"[13, 10, 15, 6, 12, 18, 2, 14, 4, 5, 3, 17, 9, 8, 0, 19, 11, 16, 1, 7]",1031.0,"[9, 0, 8, 7, 4, 11, 5, 19, 16, 10, 17, 13, 18, 2, 1, 6, 12, 15, 14, 3]",829.0,5.241028308868408
"[15, 0, 12, 19, 18, 5, 9, 11, 13, 10, 3, 6, 2, 8, 14, 1, 16, 4, 7, 17]",936.0,"[9, 0, 8, 7, 4, 11, 5, 19, 16, 10, 17, 13, 18, 2, 1, 6, 12, 15, 14, 3]",829.0,5.304027557373047
"[1, 3, 5, 15, 13, 0, 16, 12, 17, 10, 7, 18, 6, 19, 8, 14, 11, 4, 2, 9]",991.0,"[9, 0, 8, 7, 4, 11, 5, 19, 16, 10, 17, 13, 18, 2, 1, 6, 12, 15, 14, 3]",829.0,5.36302638053894
"[16, 5, 9, 13, 2, 18, 19, 7, 14, 12, 1, 10, 8, 15, 17, 11, 6, 0, 4, 3]",890.0,"[9, 0, 8, 7, 4, 11, 5, 19, 16, 10, 17, 13, 18, 2, 1, 6, 12, 15, 14, 3]",829.0,5.428028345108032
"[4, 17, 2, 7, 3, 13, 6, 15, 1, 9, 0, 5, 8, 19, 11, 16, 14, 10, 18, 12]",1048.0,"[9, 0, 8, 7, 4, 11, 5, 19, 16, 10, 17, 13, 18, 2, 1, 6, 12, 15, 14, 3]",829.0,5.490029811859131
"[15, 6, 8, 14, 11, 17, 1, 0, 13, 19, 4, 5, 7, 2, 9, 10, 16, 18, 12, 3]",926.0,"[9, 0, 8, 7, 4, 11, 5, 19, 16, 10, 17, 13, 18, 2, 1, 6, 12, 15, 14, 3]",829.0,5.552035093307495
"[6, 1, 12, 11, 17, 8, 4, 14, 7, 0, 3, 18, 10, 9, 16, 5, 13, 19, 15, 2]",880.5,"[9, 0, 8, 7, 4, 11, 5, 19, 16, 10, 17, 13, 18, 2, 1, 6, 12, 15, 14, 3]",829.0,5.61403226852417
"[3, 8, 0, 14, 15, 17, 1, 16, 12, 11, 10, 19, 4, 18, 9, 7, 2, 13, 6, 5]",852.0,"[9, 0, 8, 7, 4, 11, 5, 19, 16, 10, 17, 13, 18, 2, 1, 6, 12, 15, 14, 3]",829.0,5.6750288009643555
"[2, 16, 10, 15, 19, 0, 3, 12, 17, 7, 6, 11, 9, 8, 13, 18, 4, 1, 5, 14]",1028.5,"[9, 0, 8, 7, 4, 11, 5, 19, 16, 10, 17, 13, 18, 2, 1, 6, 12, 15, 14, 3]",829.0,5.7330322265625
"[18, 17, 1, 11, 15, 16, 19, 12, 4, 9, 2, 13, 5, 14, 0, 3, 10, 8, 7, 6]",904.5,"[9, 0, 8, 7, 4, 11, 5, 19, 16, 10, 17, 13, 18, 2, 1, 6, 12, 15, 14, 3]",829.0,5.79403281211853
"[12, 0, 9, 11, 2, 13, 14, 8, 18, 4, 10, 6, 19, 16, 5, 1, 7, 17, 15, 3]",935.5,"[9, 0, 8, 7, 4, 11, 5, 19, 16, 10, 17, 13, 18, 2, 1, 6, 12, 15, 14, 3]",829.0,5.854032039642334
"[8, 13, 4, 9, 15, 17, 7, 10, 12, 1, 3, 14, 18, 0, 2, 19, 6, 11, 16, 5]",938.0,"[9, 0, 8, 7, 4, 11, 5, 19, 16, 10, 17, 13, 18, 2, 1, 6, 12, 15, 14, 3]",829.0,5.919031620025635
"[3, 6, 1, 12, 10, 0, 15, 18, 16, 11, 14, 13, 9, 8, 19, 17, 7, 5, 2, 4]",977.5,"[9, 0, 8, 7, 4, 11, 5, 19, 16, 10, 17, 13, 18, 2, 1, 6, 12, 15, 14, 3]",829.0,5.980032205581665
"[8, 18, 6, 1, 14, 12, 0, 10, 19, 9, 11, 17, 16, 4, 7, 3, 5, 13, 2, 15]",862.5,"[9, 0, 8, 7, 4, 11, 5, 19, 16, 10, 17, 13, 18, 2, 1, 6, 12, 15, 14, 3]",829.0,6.042027950286865
"[16, 4, 3, 13, 6, 14, 7, 12, 19, 0, 9, 11, 10, 15, 8, 17, 1, 2, 18, 5]",1003.0,"[9, 0, 8, 7, 4, 11, 5, 19, 16, 10, 17, 13, 18, 2, 1, 6, 12, 15, 14, 3]",829.0,6.10903000831604
"[14, 3, 0, 12, 7, 2, 17, 16, 13, 8, 4, 19, 1, 18, 5, 6, 15, 10, 9, 11]",966.5,"[9, 0, 8, 7, 4, 11, 5, 19, 16, 10, 17, 13, 18, 2, 1, 6, 12, 15, 14, 3]",829.0,6.172028303146362
"[8, 10, 15, 2, 17, 7, 12, 6, 13, 5, 0, 9, 1, 18, 4, 14, 19, 16, 3, 11]",939.0,"[9, 0, 8, 7, 4, 11, 5, 19, 16, 10, 17, 13, 18, 2, 1, 6, 12, 15, 14, 3]",829.0,6.2350850105285645
"[6, 19, 5, 7, 17, 15, 10, 0, 18, 4, 3, 8, 2, 12, 14, 1, 11, 16, 9, 13]",968.0,"[9, 0, 8, 7, 4, 11, 5, 19, 16, 10, 17, 13, 18, 2, 1, 6, 12, 15, 14, 3]",829.0,6.298029661178589
"[15, 7, 8, 18, 6, 0, 16, 11, 2, 5, 13, 17, 14, 12, 19, 1, 3, 10, 4, 9]",960.0,"[9, 0, 8, 7, 4, 11, 5, 19, 16, 10, 17, 13, 18, 2, 1, 6, 12, 15, 14, 3]",829.0,6.360032320022583
"[4, 0, 16, 1, 15, 19, 6, 10, 9, 2, 5, 13, 11, 12, 7, 3, 18, 17, 14, 8]",1016.0,"[9, 0, 8, 7, 4, 11, 5, 19, 16, 10, 17, 13, 18, 2, 1, 6, 12, 15, 14, 3]",829.0,6.421029806137085
"[8, 4, 5, 0, 2, 6, 11, 18, 13, 7, 14, 1, 16, 15, 12, 9, 19, 17, 3, 10]",935.5,"[9, 0, 8, 7, 4, 11, 5, 19, 16, 10, 17, 13, 18, 2, 1, 6, 12, 15, 14, 3]",829.0,6.487033367156982
"[18, 4, 10, 13, 14, 17, 7, 3, 1, 19, 5, 15, 12, 2, 11, 9, 16, 0, 8, 6]",996.0,"[9, 0, 8, 7, 4, 11, 5, 19, 16, 10, 17, 13, 18, 2, 1, 6, 12, 15, 14, 3]",829.0,6.5520617961883545
"[3, 17, 4, 9, 6, 7, 10, 13, 8, 16, 11, 15, 2, 14, 1, 18, 0, 12, 5, 19]",1001.0,"[9, 0, 8, 7, 4, 11, 5, 19, 16, 10, 17, 13, 18, 2, 1, 6, 12, 15, 14, 3]",829.0,6.6170334815979
"[11, 16, 15, 1, 4, 14, 17, 18, 5, 0, 8, 3, 9, 2, 7, 12, 6, 19, 13, 10]",927.0,"[9, 0, 8, 7, 4, 11, 5, 19, 16, 10, 17, 13, 18, 2, 1, 6, 12, 15, 14, 3]",829.0,6.685041189193726
"[19, 1, 18, 14, 9, 16, 10, 5, 8, 4, 2, 17, 13, 15, 0, 12, 3, 11, 6, 7]",949.5,"[9, 0, 8, 7, 4, 11, 5, 19, 16, 10, 17, 13, 18, 2, 1, 6, 12, 15, 14, 3]",829.0,6.749144792556763
"[11, 17, 6, 0, 12, 2, 8, 1, 7, 3, 19, 10, 4, 14, 13, 15, 18, 5, 9, 16]",926.0,"[9, 0, 8, 7, 4, 11, 5, 19, 16, 10, 17, 13, 18, 2, 1, 6, 12, 15, 14, 3]",829.0,6.811030149459839
"[14, 3, 1, 18, 4, 16, 2, 15, 19, 13, 17, 8, 12, 5, 10, 0, 11, 7, 6, 9]",937.0,"[9, 0, 8, 7, 4, 11, 5, 19, 16, 10, 17, 13, 18, 2, 1, 6, 12, 15, 14, 3]",829.0,6.877068519592285
"[9, 3, 14, 10, 16, 1, 17, 15, 18, 8, 2, 7, 4, 5, 11, 13, 0, 6, 12, 19]",980.5,"[9, 0, 8, 7, 4, 11, 5, 19, 16, 10, 17, 13, 18, 2, 1, 6, 12, 15, 14, 3]",829.0,6.939077377319336
"[1, 4, 11, 13, 5, 19, 0, 10, 2, 12, 14, 6, 9, 3, 8, 16, 7, 15, 18, 17]",961.0,"[9, 0, 8, 7, 4, 11, 5, 19, 16, 10, 17, 13, 18, 2, 1, 6, 12, 15, 14, 3]",829.0,7.001034259796143
"[17, 15, 5, 0, 14, 9, 18, 2, 10, 1, 4, 12, 19, 16, 8, 3, 13, 7, 11, 6]",939.0,"[9, 0, 8, 7, 4, 11, 5, 19, 16, 10, 17, 13, 18, 2, 1, 6, 12, 15, 14, 3]",829.0,7.062036514282227
"[0, 11, 4, 3, 14, 1, 9, 17, 7, 10, 18, 13, 12, 5, 19, 16, 2, 8, 6, 15]",892.5,"[9, 0, 8, 7, 4, 11, 5, 19, 16, 10, 17, 13, 18, 2, 1, 6, 12, 15, 14, 3]",829.0,7.123030185699463
"[11, 12, 9, 14, 1, 10, 3, 18, 17, 15, 4, 2, 7, 6, 5, 0, 13, 16, 8, 19]",987.5,"[9, 0, 8, 7, 4, 11, 5, 19, 16, 10, 17, 13, 18, 2, 1, 6, 12, 15, 14, 3]",829.0,7.185033559799194
"[17, 16, 4, 7, 5, 6, 18, 12, 9, 8, 3, 1, 0, 15, 13, 19, 11, 10, 2, 14]",928.5,"[9, 0, 8, 7, 4, 11, 5, 19, 16, 10, 17, 13, 18, 2, 1, 6, 12, 15, 14, 3]",829.0,7.253030061721802
"[16, 6, 18, 8, 10, 3, 17, 14, 15, 9, 4, 11, 2, 1, 12, 5, 13, 19, 7, 0]",971.5,"[9, 0, 8, 7, 4, 11, 5, 19, 16, 10, 17, 13, 18, 2, 1, 6, 12, 15, 14, 3]",829.0,7.318032741546631
"[15, 3, 6, 8, 17, 19, 12, 5, 7, 9, 2, 11, 1, 0, 16, 13, 18, 4, 14, 10]",974.5,"[9, 0, 8, 7, 4, 11, 5, 19, 16, 10, 17, 13, 18, 2, 1, 6, 12, 15, 14, 3]",829.0,7.3790318965911865
"[9, 1, 18, 19, 16, 7, 2, 17, 12, 15, 14, 8, 0, 11, 3, 4, 5, 6, 13, 10]",916.0,"[9, 0, 8, 7, 4, 11, 5, 19, 16, 10, 17, 13, 18, 2, 1, 6, 12, 15, 14, 3]",829.0,7.444032192230225
"[2, 14, 3, 16, 8, 12, 10, 1, 4, 9, 15, 18, 13, 7, 17, 5, 19, 11, 6, 0]",951.0,"[9, 0, 8, 7, 4, 11, 5, 19, 16, 10, 17, 13, 18, 2, 1, 6, 12, 15, 14, 3]",829.0,7.512032985687256
"[13, 2, 12, 15, 17, 1, 18, 3, 19, 6, 8, 11, 14, 16, 10, 0, 7, 5, 9, 4]",1001.5,"[9, 0, 8, 7, 4, 11, 5, 19, 16, 10, 17, 13, 18, 2, 1, 6, 12, 15, 14, 3]",829.0,7.574030160903931
"[8, 10, 12, 6, 9, 11, 14, 15, 2, 0, 1, 16, 19, 18, 3, 5, 17, 7, 4, 13]",938.5,"[9, 0, 8, 7, 4, 11, 5, 19, 16, 10, 17, 13, 18, 2, 1, 6, 12, 15, 14, 3]",829.0,7.636106491088867
"[0, 17, 1, 15, 2, 12, 8, 19, 3, 7, 5, 6, 4, 10, 11, 9, 14, 13, 16, 18]",961.0,"[9, 0, 8, 7, 4, 11, 5, 19, 16, 10, 17, 13, 18, 2, 1, 6, 12, 15, 14, 3]",829.0,7.6970319747924805
"[16, 18, 9, 5, 3, 2, 17, 8, 4, 13, 7, 6, 11, 12, 0, 15, 19, 10, 14, 1]",1007.5,"[9, 0, 8, 7, 4, 11, 5, 19, 16, 10, 17, 13, 18, 2, 1, 6, 12, 15, 14, 3]",829.0,7.765032768249512
"[16, 3, 14, 15, 4, 2, 7, 6, 18, 0, 13, 17, 10, 1, 5, 9, 12, 8, 19, 11]",1062.0,"[9, 0, 8, 7, 4, 11, 5, 19, 16, 10, 17, 13, 18, 2, 1, 6, 12, 15, 14, 3]",829.0,7.8320488929748535
"[16, 7, 4, 14, 2, 9, 1, 15, 3, 5, 10, 12, 11, 19, 8, 18, 17, 6, 0, 13]",1030.0,"[9, 0, 8, 7, 4, 11, 5, 19, 16, 10, 17, 13, 18, 2, 1, 6, 12, 15, 14, 3]",829.0,7.897040367126465
"[3, 7, 17, 0, 15, 12, 16, 1, 6, 8, 10, 18, 11, 4, 19, 13, 5, 2, 9, 14]",965.5,"[9, 0, 8, 7, 4, 11, 5, 19, 16, 10, 17, 13, 18, 2, 1, 6, 12, 15, 14, 3]",829.0,7.95703125
"[14, 6, 10, 11, 8, 2, 3, 13, 9, 19, 17, 15, 5, 18, 12, 4, 16, 7, 0, 1]",1004.0,"[9, 0, 8, 7, 4, 11, 5, 19, 16, 10, 17, 13, 18, 2, 1, 6, 12, 15, 14, 3]",829.0,8.02403473854065
"[0, 13, 12, 14, 11, 7, 19, 18, 8, 10, 2, 16, 4, 6, 15, 5, 9, 17, 1, 3]",922.5,"[9, 0, 8, 7, 4, 11, 5, 19, 16, 10, 17, 13, 18, 2, 1, 6, 12, 15, 14, 3]",829.0,8.084030866622925
"[17, 4, 12, 9, 15, 2, 18, 8, 10, 16, 7, 13, 14, 19, 6, 0, 11, 3, 5, 1]",933.5,"[9, 0, 8, 7, 4, 11, 5, 19, 16, 10, 17, 13, 18, 2, 1, 6, 12, 15, 14, 3]",829.0,8.148035287857056
"[5, 1, 4, 13, 19, 9, 14, 16, 6, 18, 12, 17, 15, 0, 11, 8, 3, 7, 2, 10]",920.5,"[9, 0, 8, 7, 4, 11, 5, 19, 16, 10, 17, 13, 18, 2, 1, 6, 12, 15, 14, 3]",829.0,8.214032649993896
"[10, 5, 15, 16, 13, 3, 6, 7, 17, 4, 0, 9, 11, 1, 12, 8, 2, 18, 19, 14]",1020.0,"[9, 0, 8, 7, 4, 11, 5, 19, 16, 10, 17, 13, 18, 2, 1, 6, 12, 15, 14, 3]",829.0,8.27204418182373
"[6, 4, 11, 10, 9, 19, 8, 18, 3, 13, 5, 2, 16, 7, 0, 14, 12, 1, 15, 17]",964.5,"[9, 0, 8, 7, 4, 11, 5, 19, 16, 10, 17, 13, 18, 2, 1, 6, 12, 15, 14, 3]",829.0,8.343047618865967
"[12, 17, 14, 11, 15, 18, 10, 5, 6, 19, 13, 3, 16, 9, 0, 4, 7, 8, 1, 2]",975.5,"[9, 0, 8, 7, 4, 11, 5, 19, 16, 10, 17, 13, 18, 2, 1, 6, 12, 15, 14, 3]",829.0,8.404034852981567
"[18, 16, 19, 5, 2, 1, 17, 14, 12, 13, 15, 7, 9, 8, 6, 0, 4, 3, 10, 11]",946.0,"[9, 0, 8, 7, 4, 11, 5, 19, 16, 10, 17, 13, 18, 2, 1, 6, 12, 15, 14, 3]",829.0,8.467034816741943
"[4, 3, 14, 0, 6, 12, 1, 2, 18, 15, 11, 5, 9, 7, 13, 16, 17, 10, 8, 19]",1035.5,"[9, 0, 8, 7, 4, 11, 5, 19, 16, 10, 17, 13, 18, 2, 1, 6, 12, 15, 14, 3]",829.0,8.527038812637329
"[3, 14, 8, 18, 7, 13, 17, 12, 0, 2, 4, 6, 19, 1, 15, 5, 10, 11, 9, 16]",930.0,"[9, 0, 8, 7, 4, 11, 5, 19, 16, 10, 17, 13, 18, 2, 1, 6, 12, 15, 14, 3]",829.0,8.59203839302063
"[13, 6, 16, 3, 0, 7, 12, 4, 18, 11, 14, 17, 19, 5, 10, 9, 15, 2, 1, 8]",983.0,"[9, 0, 8, 7, 4, 11, 5, 19, 16, 10, 17, 13, 18, 2, 1, 6, 12, 15, 14, 3]",829.0,8.659031391143799
"[9, 19, 0, 13, 16, 1, 15, 10, 14, 7, 5, 2, 12, 18, 17, 4, 11, 6, 8, 3]",1001.5,"[9, 0, 8, 7, 4, 11, 5, 19, 16, 10, 17, 13, 18, 2, 1, 6, 12, 15, 14, 3]",829.0,8.72303819656372
"[15, 0, 18, 9, 19, 10, 1, 17, 11, 6, 14, 3, 2, 12, 16, 8, 5, 13, 7, 4]",929.5,"[9, 0, 8, 7, 4, 11, 5, 19, 16, 10, 17, 13, 18, 2, 1, 6, 12, 15, 14, 3]",829.0,8.784034490585327
"[10, 7, 13, 9, 15, 11, 4, 16, 19, 0, 18, 12, 2, 8, 3, 17, 6, 14, 1, 5]",885.5,"[9, 0, 8, 7, 4, 11, 5, 19, 16, 10, 17, 13, 18, 2, 1, 6, 12, 15, 14, 3]",829.0,8.849037170410156
"[7, 15, 14, 6, 12, 2, 11, 5, 17, 9, 8, 19, 16, 4, 1, 18, 0, 3, 10, 13]",935.0,"[9, 0, 8, 7, 4, 11, 5, 19, 16, 10, 17, 13, 18, 2, 1, 6, 12, 15, 14, 3]",829.0,8.910035371780396
"[3, 1, 12, 10, 2, 4, 14, 16, 5, 6, 0, 17, 15, 8, 11, 19, 13, 9, 7, 18]",1010.5,"[9, 0, 8, 7, 4, 11, 5, 19, 16, 10, 17, 13, 18, 2, 1, 6, 12, 15, 14, 3]",829.0,8.972032070159912
"[4, 7, 8, 6, 18, 9, 12, 1, 16, 5, 11, 15, 17, 2, 0, 10, 3, 19, 13, 14]",932.5,"[9, 0, 8, 7, 4, 11, 5, 19, 16, 10, 17, 13, 18, 2, 1, 6, 12, 15, 14, 3]",829.0,9.038038969039917
"[5, 7, 8, 0, 15, 18, 9, 11, 17, 6, 13, 16, 1, 4, 12, 19, 2, 14, 10, 3]",877.0,"[9, 0, 8, 7, 4, 11, 5, 19, 16, 10, 17, 13, 18, 2, 1, 6, 12, 15, 14, 3]",829.0,9.103035688400269
"[1, 18, 5, 17, 11, 3, 7, 9, 0, 6, 8, 15, 12, 14, 10, 16, 13, 19, 2, 4]",907.0,"[9, 0, 8, 7, 4, 11, 5, 19, 16, 10, 17, 13, 18, 2, 1, 6, 12, 15, 14, 3]",829.0,9.161032438278198
"[0, 14, 3, 13, 8, 15, 12, 16, 18, 10, 6, 17, 7, 19, 2, 11, 4, 5, 1, 9]",1003.0,"[9, 0, 8, 7, 4, 11, 5, 19, 16, 10, 17, 13, 18, 2, 1, 6, 12, 15, 14, 3]",829.0,9.224035263061523
"[18, 2, 11, 19, 15, 13, 8, 1, 16, 3, 5, 9, 14, 6, 4, 7, 0, 10, 17, 12]",1046.5,"[9, 0, 8, 7, 4, 11, 5, 19, 16, 10, 17, 13, 18, 2, 1, 6, 12, 15, 14, 3]",829.0,9.287037372589111
"[2, 0, 5, 12, 1, 8, 10, 13, 4, 6, 16, 9, 11, 17, 14, 15, 18, 7, 3, 19]",953.0,"[9, 0, 8, 7, 4, 11, 5, 19, 16, 10, 17, 13, 18, 2, 1, 6, 12, 15, 14, 3]",829.0,9.349036455154419
"[5, 14, 4, 3, 2, 8, 7, 0, 13, 11, 10, 1, 18, 9, 16, 19, 12, 6, 15, 17]",1034.0,"[9, 0, 8, 7, 4, 11, 5, 19, 16, 10, 17, 13, 18, 2, 1, 6, 12, 15, 14, 3]",829.0,9.437033414840698
"[10, 8, 11, 19, 9, 0, 17, 2, 14, 15, 3, 6, 4, 16, 18, 12, 13, 7, 1, 5]",956.5,"[9, 0, 8, 7, 4, 11, 5, 19, 16, 10, 17, 13, 18, 2, 1, 6, 12, 15, 14, 3]",829.0,9.499033451080322
"[5, 10, 12, 17, 0, 16, 7, 15, 3, 8, 13, 4, 14, 19, 18, 1, 9, 11, 6, 2]",863.5,"[9, 0, 8, 7, 4, 11, 5, 19, 16, 10, 17, 13, 18, 2, 1, 6, 12, 15, 14, 3]",829.0,9.561035633087158
"[5, 18, 3, 17, 12, 2, 8, 7, 1, 19, 10, 14, 11, 9, 4, 0, 13, 15, 16, 6]",928.0,"[9, 0, 8, 7, 4, 11, 5, 19, 16, 10, 17, 13, 18, 2, 1, 6, 12, 15, 14, 3]",829.0,9.625035762786865
"[19, 6, 1, 2, 10, 17, 9, 5, 14, 11, 3, 12, 8, 16, 7, 18, 4, 0, 15, 13]",995.5,"[9, 0, 8, 7, 4, 11, 5, 19, 16, 10, 17, 13, 18, 2, 1, 6, 12, 15, 14, 3]",829.0,9.691035032272339
"[14, 16, 4, 18, 19, 12, 10, 5, 17, 2, 1, 9, 7, 15, 11, 6, 3, 8, 0, 13]",990.0,"[9, 0, 8, 7, 4, 11, 5, 19, 16, 10, 17, 13, 18, 2, 1, 6, 12, 15, 14, 3]",829.0,9.755035638809204
"[1, 15, 6, 0, 14, 18, 12, 11, 5, 10, 7, 8, 17, 9, 4, 16, 19, 13, 3, 2]",876.5,"[9, 0, 8, 7, 4, 11, 5, 19, 16, 10, 17, 13, 18, 2, 1, 6, 12, 15, 14, 3]",829.0,9.81703519821167
"[13, 4, 10, 11, 9, 19, 3, 0, 15, 12, 17, 16, 8, 18, 7, 5, 1, 6, 2, 14]",880.0,"[9, 0, 8, 7, 4, 11, 5, 19, 16, 10, 17, 13, 18, 2, 1, 6, 12, 15, 14, 3]",829.0,9.885042667388916
"[5, 18, 2, 1, 17, 6, 4, 10, 12, 3, 15, 0, 19, 7, 13, 16, 9, 14, 11, 8]",1027.5,"[9, 0, 8, 7, 4, 11, 5, 19, 16, 10, 17, 13, 18, 2, 1, 6, 12, 15, 14, 3]",829.0,9.947036027908325
"[13, 11, 10, 5, 14, 2, 15, 7, 18, 8, 17, 16, 6, 12, 1, 19, 9, 3, 0, 4]",962.0,"[9, 0, 8, 7, 4, 11, 5, 19, 16, 10, 17, 13, 18, 2, 1, 6, 12, 15, 14, 3]",829.0,10.014037132263184
"[14, 8, 16, 13, 4, 15, 6, 17, 3, 5, 18, 12, 0, 7, 1, 19, 10, 2, 9, 11]",1036.0,"[9, 0, 8, 7, 4, 11, 5, 19, 16, 10, 17, 13, 18, 2, 1, 6, 12, 15, 14, 3]",829.0,10.080039501190186
"[5, 10, 2, 0, 11, 15, 9, 1, 7, 12, 8, 19, 14, 13, 6, 18, 16, 17, 4, 3]",925.0,"[9, 0, 8, 7, 4, 11, 5, 19, 16, 10, 17, 13, 18, 2, 1, 6, 12, 15, 14, 3]",829.0,10.14103364944458
"[12, 5, 7, 11, 8, 19, 9, 14, 13, 4, 2, 16, 6, 17, 15, 10, 1, 0, 18, 3]",958.5,"[9, 0, 8, 7, 4, 11, 5, 19, 16, 10, 17, 13, 18, 2, 1, 6, 12, 15, 14, 3]",829.0,10.206038475036621
"[2, 16, 8, 6, 9, 15, 13, 17, 12, 0, 18, 11, 3, 7, 1, 5, 10, 4, 14, 19]",916.5,"[9, 0, 8, 7, 4, 11, 5, 19, 16, 10, 17, 13, 18, 2, 1, 6, 12, 15, 14, 3]",829.0,10.270040273666382
"[8, 17, 4, 15, 7, 14, 10, 5, 19, 6, 0, 18, 16, 9, 11, 2, 1, 12, 13, 3]",943.5,"[9, 0, 8, 7, 4, 11, 5, 19, 16, 10, 17, 13, 18, 2, 1, 6, 12, 15, 14, 3]",829.0,10.333036661148071
"[8, 18, 1, 12, 2, 10, 7, 15, 4, 5, 3, 0, 13, 9, 19, 17, 11, 6, 16, 14]",971.0,"[9, 0, 8, 7, 4, 11, 5, 19, 16, 10, 17, 13, 18, 2, 1, 6, 12, 15, 14, 3]",829.0,10.394035577774048
"[7, 2, 0, 11, 9, 19, 6, 3, 4, 10, 14, 8, 1, 5, 18, 15, 16, 13, 12, 17]",1008.5,"[9, 0, 8, 7, 4, 11, 5, 19, 16, 10, 17, 13, 18, 2, 1, 6, 12, 15, 14, 3]",829.0,10.456036567687988
"[5, 2, 4, 14, 9, 0, 16, 18, 6, 1, 12, 8, 10, 11, 13, 17, 19, 3, 15, 7]",953.0,"[9, 0, 8, 7, 4, 11, 5, 19, 16, 10, 17, 13, 18, 2, 1, 6, 12, 15, 14, 3]",829.0,10.521034002304077
"[9, 6, 11, 8, 13, 17, 5, 0, 19, 3, 14, 7, 18, 10, 16, 4, 2, 15, 12, 1]",933.5,"[9, 0, 8, 7, 4, 11, 5, 19, 16, 10, 17, 13, 18, 2, 1, 6, 12, 15, 14, 3]",829.0,10.58303713798523
"[7, 1, 15, 17, 2, 4, 19, 16, 14, 5, 8, 9, 18, 0, 10, 6, 12, 3, 11, 13]",998.5,"[9, 0, 8, 7, 4, 11, 5, 19, 16, 10, 17, 13, 18, 2, 1, 6, 12, 15, 14, 3]",829.0,10.646038293838501
"[6, 17, 3, 9, 16, 10, 14, 5, 19, 13, 15, 12, 0, 4, 8, 1, 7, 11, 2, 18]",1019.5,"[9, 0, 8, 7, 4, 11, 5, 19, 16, 10, 17, 13, 18, 2, 1, 6, 12, 15, 14, 3]",829.0,10.712034225463867
"[15, 9, 11, 10, 6, 8, 5, 12, 2, 7, 17, 1, 3, 0, 19, 4, 13, 16, 14, 18]",956.5,"[9, 0, 8, 7, 4, 11, 5, 19, 16, 10, 17, 13, 18, 2, 1, 6, 12, 15, 14, 3]",829.0,10.771034717559814
"[17, 18, 5, 11, 12, 10, 13, 1, 19, 4, 8, 9, 2, 0, 15, 6, 3, 16, 7, 14]",894.0,"[9, 0, 8, 7, 4, 11, 5, 19, 16, 10, 17, 13, 18, 2, 1, 6, 12, 15, 14, 3]",829.0,10.831040143966675
"[8, 3, 7, 2, 6, 12, 0, 4, 14, 11, 13, 16, 17, 9, 1, 18, 19, 15, 10, 5]",991.5,"[9, 0, 8, 7, 4, 11, 5, 19, 16, 10, 17, 13, 18, 2, 1, 6, 12, 15, 14, 3]",829.0,10.898038864135742
"[7, 9, 17, 0, 18, 19, 10, 11, 2, 12, 16, 15, 14, 6, 5, 13, 3, 4, 8, 1]",953.5,"[9, 0, 8, 7, 4, 11, 5, 19, 16, 10, 17, 13, 18, 2, 1, 6, 12, 15, 14, 3]",829.0,10.962036848068237
"[12, 0, 14, 2, 11, 8, 5, 10, 6, 17, 15, 9, 3, 18, 19, 16, 1, 7, 13, 4]",947.5,"[9, 0, 8, 7, 4, 11, 5, 19, 16, 10, 17, 13, 18, 2, 1, 6, 12, 15, 14, 3]",829.0,11.023035287857056
"[0, 13, 4, 16, 18, 19, 3, 10, 12, 15, 2, 6, 8, 17, 9, 14, 7, 11, 5, 1]",1014.5,"[9, 0, 8, 7, 4, 11, 5, 19, 16, 10, 17, 13, 18, 2, 1, 6, 12, 15, 14, 3]",829.0,11.085036754608154
"[9, 18, 15, 5, 10, 19, 7, 6, 1, 0, 2, 12, 11, 8, 14, 13, 16, 3, 17, 4]",949.5,"[9, 0, 8, 7, 4, 11, 5, 19, 16, 10, 17, 13, 18, 2, 1, 6, 12, 15, 14, 3]",829.0,11.14603590965271
"[14, 12, 10, 2, 15, 9, 13, 16, 11, 1, 8, 19, 7, 3, 5, 0, 17, 18, 4, 6]",953.0,"[9, 0, 8, 7, 4, 11, 5, 19, 16, 10, 17, 13, 18, 2, 1, 6, 12, 15, 14, 3]",829.0,11.211033821105957
"[2, 13, 5, 3, 8, 14, 9, 17, 11, 0, 18, 12, 6, 7, 4, 15, 16, 19, 1, 10]",970.0,"[9, 0, 8, 7, 4, 11, 5, 19, 16, 10, 17, 13, 18, 2, 1, 6, 12, 15, 14, 3]",829.0,11.27704381942749
"[16, 10, 4, 0, 2, 5, 6, 9, 3, 18, 8, 12, 1, 11, 7, 17, 13, 15, 14, 19]",963.0,"[9, 0, 8, 7, 4, 11, 5, 19, 16, 10, 17, 13, 18, 2, 1, 6, 12, 15, 14, 3]",829.0,11.336038589477539
"[14, 17, 3, 16, 13, 4, 10, 2, 0, 15, 8, 9, 11, 18, 7, 6, 19, 5, 1, 12]",1032.0,"[9, 0, 8, 7, 4, 11, 5, 19, 16, 10, 17, 13, 18, 2, 1, 6, 12, 15, 14, 3]",829.0,11.400034666061401
"[9, 16, 2, 1, 10, 3, 8, 7, 17, 11, 0, 5, 4, 14, 15, 19, 18, 12, 13, 6]",984.5,"[9, 0, 8, 7, 4, 11, 5, 19, 16, 10, 17, 13, 18, 2, 1, 6, 12, 15, 14, 3]",829.0,11.463038444519043
"[18, 7, 10, 16, 8, 6, 12, 9, 1, 11, 14, 3, 17, 2, 5, 15, 4, 19, 0, 13]",966.0,"[9, 0, 8, 7, 4, 11, 5, 19, 16, 10, 17, 13, 18, 2, 1, 6, 12, 15, 14, 3]",829.0,11.533036947250366
"[17, 3, 6, 13, 8, 15, 18, 7, 19, 16, 10, 2, 1, 4, 14, 0, 11, 9, 12, 5]",1002.0,"[9, 0, 8, 7, 4, 11, 5, 19, 16, 10, 17, 13, 18, 2, 1, 6, 12, 15, 14, 3]",829.0,11.601036787033081
"[7, 11, 8, 18, 14, 2, 4, 16, 1, 12, 9, 6, 17, 10, 13, 15, 5, 19, 3, 0]",956.0,"[9, 0, 8, 7, 4, 11, 5, 19, 16, 10, 17, 13, 18, 2, 1, 6, 12, 15, 14, 3]",829.0,11.665034770965576
"[9, 14, 0, 5, 16, 8, 17, 3, 6, 2, 12, 13, 4, 10, 15, 1, 19, 18, 7, 11]",986.5,"[9, 0, 8, 7, 4, 11, 5, 19, 16, 10, 17, 13, 18, 2, 1, 6, 12, 15, 14, 3]",829.0,11.727039813995361
"[10, 7, 2, 18, 13, 1, 4, 9, 5, 16, 15, 19, 12, 14, 3, 0, 11, 8, 6, 17]",1000.0,"[9, 0, 8, 7, 4, 11, 5, 19, 16, 10, 17, 13, 18, 2, 1, 6, 12, 15, 14, 3]",829.0,11.790040254592896
"[2, 11, 10, 14, 19, 15, 16, 1, 7, 0, 12, 3, 4, 6, 8, 5, 9, 13, 18, 17]",993.5,"[9, 0, 8, 7, 4, 11, 5, 19, 16, 10, 17, 13, 18, 2, 1, 6, 12, 15, 14, 3]",829.0,11.851040124893188
"[16, 11, 10, 15, 12, 18, 0, 3, 1, 9, 17, 19, 5, 13, 14, 2, 6, 8, 4, 7]",957.0,"[9, 0, 8, 7, 4, 11, 5, 19, 16, 10, 17, 13, 18, 2, 1, 6, 12, 15, 14, 3]",829.0,11.9150390625
"[5, 14, 9, 7, 13, 12, 18, 2, 15, 4, 6, 8, 1, 0, 16, 19, 10, 11, 3, 17]",959.0,"[9, 0, 8, 7, 4, 11, 5, 19, 16, 10, 17, 13, 18, 2, 1, 6, 12, 15, 14, 3]",829.0,11.981035947799683
"[12, 0, 5, 17, 2, 3, 19, 10, 14, 13, 15, 4, 7, 6, 18, 1, 9, 8, 16, 11]",988.5,"[9, 0, 8, 7, 4, 11, 5, 19, 16, 10, 17, 13, 18, 2, 1, 6, 12, 15, 14, 3]",829.0,12.040037155151367
"[18, 9, 6, 14, 13, 3, 5, 11, 8, 7, 0, 12, 1, 10, 15, 17, 19, 2, 16, 4]",916.5,"[9, 0, 8, 7, 4, 11, 5, 19, 16, 10, 17, 13, 18, 2, 1, 6, 12, 15, 14, 3]",829.0,12.104036331176758
"[13, 16, 12, 5, 14, 2, 0, 1, 18, 11, 3, 9, 8, 7, 17, 4, 10, 6, 15, 19]",911.0,"[9, 0, 8, 7, 4, 11, 5, 19, 16, 10, 17, 13, 18, 2, 1, 6, 12, 15, 14, 3]",829.0,12.165450096130371
"[9, 0, 3, 2, 16, 10, 19, 1, 4, 5, 18, 12, 8, 13, 17, 14, 7, 11, 6, 15]",930.5,"[9, 0, 8, 7, 4, 11, 5, 19, 16, 10, 17, 13, 18, 2, 1, 6, 12, 15, 14, 3]",829.0,12.227039813995361
"[2, 9, 19, 15, 6, 4, 16, 3, 1, 7, 12, 8, 17, 18, 5, 11, 14, 0, 10, 13]",995.5,"[9, 0, 8, 7, 4, 11, 5, 19, 16, 10, 17, 13, 18, 2, 1, 6, 12, 15, 14, 3]",829.0,12.29103970527649
"[6, 13, 2, 8, 3, 7, 11, 18, 9, 14, 17, 19, 1, 10, 0, 4, 15, 12, 5, 16]",963.5,"[9, 0, 8, 7, 4, 11, 5, 19, 16, 10, 17, 13, 18, 2, 1, 6, 12, 15, 14, 3]",829.0,12.356036901473999
"[16, 12, 5, 14, 18, 8, 19, 11, 9, 3, 6, 4, 15, 17, 10, 1, 7, 2, 0, 13]",954.0,"[9, 0, 8, 7, 4, 11, 5, 19, 16, 10, 17, 13, 18, 2, 1, 6, 12, 15, 14, 3]",829.0,12.418039798736572
"[19, 14, 18, 0, 3, 13, 15, 2, 12, 1, 4, 16, 10, 11, 9, 6, 7, 17, 8, 5]",1056.0,"[9, 0, 8, 7, 4, 11, 5, 19, 16, 10, 17, 13, 18, 2, 1, 6, 12, 15, 14, 3]",829.0,12.481035947799683
"[19, 1, 9, 16, 5, 2, 3, 17, 4, 10, 7, 13, 14, 15, 12, 0, 11, 8, 6, 18]",1017.5,"[9, 0, 8, 7, 4, 11, 5, 19, 16, 10, 17, 13, 18, 2, 1, 6, 12, 15, 14, 3]",829.0,12.544040203094482
"[0, 13, 12, 2, 19, 14, 17, 3, 1, 11, 7, 15, 10, 9, 8, 16, 18, 5, 4, 6]",934.5,"[9, 0, 8, 7, 4, 11, 5, 19, 16, 10, 17, 13, 18, 2, 1, 6, 12, 15, 14, 3]",829.0,12.604039192199707
"[0, 18, 8, 3, 4, 19, 6, 9, 14, 10, 2, 7, 5, 16, 13, 12, 1, 17, 15, 11]",971.0,"[9, 0, 8, 7, 4, 11, 5, 19, 16, 10, 17, 13, 18, 2, 1, 6, 12, 15, 14, 3]",829.0,12.670037269592285
"[8, 4, 13, 9, 1, 16, 11, 10, 0, 19, 2, 12, 14, 18, 7, 5, 3, 17, 15, 6]",857.0,"[9, 0, 8, 7, 4, 11, 5, 19, 16, 10, 17, 13, 18, 2, 1, 6, 12, 15, 14, 3]",829.0,12.736036539077759
